1635,70
1633,70
1685,72
1622,70
1702,72
1694,73
1692,73
1692,73
1670,72
1692,73
1764,75
1559,68
1797,75
1627,70
1766,75
1718,73
1735,75
1740,74
1593,71
1668,71
1736,74
1735,75
1741,75
1732,74
1623,71
1711,73
1711,75
1699,74
1686,72
1714,73
1767,76
1759,75
1696,74
1780,76
1767,76
1677,72
1767,76
1592,69
1693,73
1675,70
1767,76
1767,76
1768,76
1648,71
1777,76
1699,74
1683,74
1767,76
1673,73
1708,75
1767,76
1767,76
1730,74
1767,76
1767,76
1539,69
1760,77
1764,77
1761,76
1764,77
1660,72
1693,74
1646,74
1751,75
1655,72
1738,76
1635,72
1590,70
1761,76
1671,71
1595,71
1751,77
1720,74
1631,73
1775,77
1755,77
1717,76
1751,77
1748,76
1606,69
1687,73
1581,70
1684,72
1663,74
1803,77
1677,74
1745,77
1765,76
1752,76
1736,76
1699,76
1737,76
1747,77
1785,77
1590,72
1786,77
1690,75
1742,76
1758,77
1699,76
1687,74
1732,75
1701,76
1745,77
1745,77
1718,76
1578,71
1680,74
1745,77
1753,77
1749,76
1740,76
1747,77
1707,74
1703,73
1714,74
1712,74
1745,77
1745,77
1745,77
1735,76
1678,73
1745,77
1615,71
1675,70
1745,77
1745,77
1616,71
1745,77
1678,74
1492,65
1782,77
1761,77
1652,72
1798,74
1725,75
1570,70
1733,76
1723,76
1616,72
1709,75
1766,73
1723,76
1667,72
1672,74
1739,76
1778,77
1688,73
1653,73
1712,76
1779,76
1694,76
1706,75
1745,77
1773,77
1761,77
1745,77
1753,75
1745,77
1622,72
1745,77
1745,77
1745,76
1662,73
1753,77
1751,77
1727,75
1745,77
1727,74
1726,76
1527,70
1748,76
1695,75
1614,72
1747,76
1745,77
1747,77
1625,71
1745,77
1751,77
1665,72
1726,76
1623,72
1738,76
1622,72
1745,77
1668,73
1650,72
1722,76
1679,74
1745,77
1679,73
1718,74
1745,77
1699,75
1730,75
1661,75
1644,72
1763,77
1747,77
1660,74
1745,77
1745,77
1775,77
1745,77
1778,76
1701,76
1767,77
1682,74
1745,77
1668,74
1741,77
1673,73
1684,75
1631,74
1686,76
1692,77
1607,69
1732,77
1692,77
1740,78
1752,78
1740,78
1629,71
1743,76
1664,75
1740,78
1792,79
1811,78
1662,71
1746,77
1643,73
1792,79
1534,69
1777,78
1763,79
1597,70
1763,79
1735,78
1653,75
1795,80
1795,80
1517,67
1619,73
1805,80
1598,69
1636,73
1757,79
1795,80
1795,80
1741,77
1721,75
1710,76
1813,80
1814,80
1607,70
1671,70
1850,81
1854,79
1851,79
1761,78
1692,75
1844,81
1801,79
1633,72
1779,78
1418,68
1747,75
1652,74
1706,77
1844,80
1822,78
1844,81
1839,81
1761,77
1737,78
1839,81
1801,80
1693,75
1688,75
1642,72
1689,76
1533,67
1846,80
1580,71
1843,81
1694,73
1514,71
1684,74
1839,81
1811,80
1806,78
1654,76
1666,74
1583,72
1821,80
1663,72
1839,81
1850,81
1839,81
1837,81
1823,81
1645,72
1693,76
1711,76
1603,73
1796,79
1825,81
1742,77
1763,78
1819,81
1774,79
1823,81
1763,77
1769,79
1803,80
1823,81
1771,79
1821,81
1625,69
1768,77
1787,79
1748,79
1821,81
1807,80
1681,72
1687,76
1819,81
1744,76
1685,73
1651,71
1847,78
1781,80
1598,74
1626,71
1819,81
1819,81
1781,79
1819,81
1784,78
1819,81
1758,78
1781,79
1819,81
1652,75
1620,73
1710,77
1803,80
1782,78
1796,79
1679,75
1734,76
1739,77
1750,77
1819,81
1712,77
1774,79
1819,81
1769,78
1779,80
1727,74
1776,80
1746,79
1680,75
1493,66
1838,79
1751,79
1819,81
1646,71
1798,80
1819,81
1819,81
1627,69
1735,78
1819,81
1673,75
1831,81
1819,81
1599,72
1754,77
1819,81
1831,81
1819,81
1797,80
1761,79
1719,77
1825,81
1807,80
1808,80
1746,78
1819,81
1785,80
1597,71
1799,80
1704,72
1842,81
1819,81
1671,73
1819,81
1778,79
1680,74
1804,77
1801,80
1827,81
1823,79
1662,72
1513,68
1833,81
1801,80
1795,78
1499,69
1705,75
1657,74
1598,71
1819,81
1828,81
1630,73
1819,81
1752,78
1652,75
1738,78
1808,78
1702,76
1634,69
1819,81
1819,81
1638,72
1819,81
1824,81
1819,81
1819,81
1608,72
1685,75
1649,73
1765,79
1657,74
1825,81
1823,81
1785,80
1588,73
1731,76
1735,77
1775,79
1765,79
1809,79
1781,79
1819,81
1803,80
1605,69
1608,70
1831,81
1593,73
1819,81
1765,79
1788,80
1823,81
1684,75
1819,81
1819,81
1583,68
1821,81
1776,79
1819,81
1711,76
1819,81
1809,80
1790,80
1808,78
1755,79
1710,77
1848,82
1656,73
1811,81
1729,76
1675,74
1604,71
1848,82
1807,81
1699,78
1569,70
1725,78
1755,79
1712,73
1848,82
1655,75
1787,79
1778,80
1697,74
1779,79
1685,74
1537,71
1776,79
1848,82
1824,81
1685,74
1848,82
1636,74
1680,76
1637,73
1725,75
1645,75
1850,82
1764,77
1804,81
1848,82
1657,76
1811,81
1531,70
1828,81
1848,82
1650,73
1686,75
1734,78
1815,79
1746,78
1648,74
1716,75
1790,80
1784,80
1722,77
1848,82
1571,69
1828,81
1806,77
1848,82
1738,77
1848,82
1710,77
1652,74
1700,76
1848,82
1848,82
1577,73
1819,81
1848,82
1848,82
1848,82
1814,79
1729,78
1848,82
1822,80
1424,66
1848,82
1659,76
1848,82
1834,80
1739,76
1777,79
1844,82
1735,74
1839,81
1681,74
1818,81
1789,80
1646,75
1732,78
1844,82
1812,81
1733,78
1795,79
1816,76
1732,77
1819,81
1608,71
1656,74
1591,70
1735,77
1844,82
1649,77
1820,81
1594,69
1752,79
1846,82
1848,82
1627,72
1765,80
1757,77
1558,69
1822,80
1844,82
1770,78
1844,82
1811,81
1769,79
1813,81
1851,82
1754,78
1754,79
1819,81
1848,82
1789,80
1783,80
1649,73
1812,81
1693,76
1617,71
1844,82
1666,73
1794,80
1813,81
1767,79
1710,78
1611,74
1694,74
1794,78
1714,76
1844,82
1848,82
1575,70
1664,75
1844,82
1844,82
1844,82
1820,81
1812,81
1846,82
1856,82
1792,80
1588,73
1848,82
1848,82
1561,72
1844,82
1793,80
1875,80
1738,78
1789,78
1844,82
1691,75
1772,79
1618,71
1844,82
1518,69
1834,81
1850,82
1789,77
1638,75
1726,78
1590,73
1665,75
1582,71
1838,81
1594,74
1655,74
1689,77
1754,78
1773,80
1564,69
1664,75
1824,81
1669,77
1737,78
1612,74
1862,80
1600,74
1524,67
1794,78
1820,81
1644,72
1844,82
1764,75
1588,73
1750,78
1664,75
1844,82
1805,81
1844,82
1603,71
1882,82
1806,79
1844,82
1770,79
1798,77
1844,82
1722,73
1753,78
1904,82
1809,81
1782,80
1856,82
1586,72
1809,81
1510,70
1824,81
1563,70
1762,77
1798,80
1697,75
1804,81
1844,82
1640,73
1844,82
1664,75
1792,79
1803,81
1844,82
1740,77
1859,81
1820,80
1737,77
1844,82
1753,78
1691,76
1626,73
1659,74
1844,82
1734,77
1756,79
1654,75
1861,82
1700,78
1751,79
1844,82
1811,81
1806,79
1743,78
1842,82
1856,82
1854,82
1745,79
1816,80
1711,77
1758,80
1842,82
1740,77
1844,82
1842,82
1737,77
1842,82
1643,74
1778,80
1825,81
1599,73
1668,76
1824,81
1847,82
1794,81
1842,82
1807,80
1658,77
1853,81
1803,80
1842,82
1800,81
1662,75
1483,68
1484,66
1730,77
1836,81
1603,73
1655,73
1633,73
1842,82
1594,74
1622,71
1842,82
1749,80
1850,81
1837,80
1846,82
1780,80
1801,80
1786,80
1799,81
1598,72
1689,76
1744,77
1827,79
1664,74
1546,70
1678,73
1697,76
1620,74
1497,68
1754,77
1862,82
1842,82
1863,82
1767,78
1844,82
1589,74
1624,73
1763,79
1842,82
1847,81
1822,81
1842,82
1632,75
1842,82
1617,73
1842,82
1842,82
1515,69
1842,82
1726,77
1821,81
1624,73
1842,82
1842,82
1826,81
1746,78
1756,79
1842,82
1811,81
1748,79
1542,71
1789,80
1583,73
1677,75
1842,82
1833,81
1737,76
1795,80
1780,79
1725,75
1753,78
1732,75
1798,80
1842,82
1781,80
1811,81
1761,78
1820,81
1856,82
1871,82
1840,82
1677,74
1403,66
1531,69
1810,81
1840,82
1812,81
1834,80
1843,82
1800,80
1756,79
1744,79
1842,82
1742,79
1842,82
1840,82
1698,78
1679,75
1840,82
1840,82
1755,80
1781,80
1710,77
1842,82
1650,73
1789,80
1819,81
1840,82
1805,81
1803,80
1753,77
1744,79
1758,79
1667,77
1769,80
1705,78
1842,82
1625,71
1861,82
1774,79
1840,82
1746,79
1537,70
1844,82
1840,82
1654,76
1861,82
1700,77
1860,81
1627,73
1734,76
1770,77
1700,77
1840,82
1720,77
1832,81
1840,82
1652,71
1561,68
1861,82
1824,81
1840,81
1842,82
1824,81
1840,82
1840,82
1759,76
1844,82
1840,82
1560,69
1840,82
1840,82
1840,82
1720,79
1707,77
1552,73
1754,80
1846,82
1658,75
1720,77
1759,80
1566,71
1732,79
1591,74
1840,82
1801,80
1700,77
1671,75
1828,81
1665,74
1813,81
1695,75
1677,75
1757,80
1511,68
1842,82
1576,73
1822,81
1840,82
1755,79
1741,79
1707,76
1804,81
1700,77
1693,76
1790,80
1840,82
1757,79
1688,77
1599,72
1389,67
1634,74
1592,72
1800,81
1626,75
1861,82
1814,81
1840,82
1842,82
1423,66
1695,75
1700,77
1643,73
1819,81
1565,70
1513,69
1840,82
1812,81
1706,77
1607,74
1826,79
1785,80
1806,79
1545,69
1612,72
1693,75
1777,79
1767,80
1842,82
1840,82
1792,80
1675,75
1840,82
1648,75
1840,82
1759,80
1724,78
1846,81
1702,76
1622,72
1842,82
1773,80
1714,77
1769,80
1813,81
1560,72
1850,82
1736,77
1653,76
1560,73
1754,79
1714,77
1789,79
1635,74
1840,82
1666,76
1744,79
1608,74
1840,82
1716,77
1752,79
1808,81
1540,69
1759,78
1700,78
1757,78
1842,82
1840,82
1805,80
1628,72
1840,82
1819,81
1840,82
1760,79
1756,78
1701,77
1794,80
1840,81
1679,74
1740,79
1668,73
1822,81
1763,80
1740,79
1863,82
1840,82
1840,82
1840,82
1790,79
1840,82
1755,80
1456,68
1824,81
1778,80
1763,80
1688,76
1638,73
1755,80
1823,80
1816,79
1840,82
1662,75
1764,80
1840,82
1840,82
1840,82
1697,76
1867,82
1648,75
1840,82
1844,82
1850,82
1535,71
1850,82
1627,75
1569,70
1759,78
1441,67
1844,82
1789,80
1697,76
1618,74
1629,72
1840,82
1729,79
1842,82
1820,81
1824,81
1840,82
1828,81
1832,81
1804,80
1793,80
1859,82
1785,79
1654,75
1675,75
1838,82
1820,81
1619,72
1700,77
1832,81
1672,74
1763,80
1726,78
1742,79
1606,73
1838,82
1842,82
1742,78
1848,82
1822,81
1616,75
1753,78
1651,74
1797,80
1786,80
1606,74
1755,80
1486,65
1840,82
1755,77
1840,82
1703,76
1814,79
1838,82
1840,82
1629,72
1677,75
1741,77
1616,73
1539,69
1698,76
1731,77
1566,73
1816,81
1620,72
1749,78
1745,76
1838,82
1643,73
1703,77
1608,74
1597,72
1663,76
1700,77
1838,82
1716,78
1591,73
1840,82
1645,74
1715,77
1490,69
1840,82
1838,82
1805,81
1838,81
1779,80
1842,82
1838,82
1845,82
1657,74
1838,82
1670,76
1798,80
1850,82
1838,82
1595,70
1838,82
1698,75
1540,71
1844,82
1838,82
1793,80
1679,74
1689,77
1494,66
1486,65
1731,78
1766,79
1653,75
1730,77
1830,81
1869,82
1838,82
1838,82
1755,79
1631,71
1838,82
1838,81
1779,80
1683,76
1848,82
1707,77
1820,81
1662,75
1838,82
1601,72
1782,80
1600,71
1838,82
1838,82
1800,80
1858,79
1743,79
1661,76
1838,82
1840,82
1830,81
1842,82
1824,81
1755,80
1724,76
1804,80
1763,80
1701,73
1825,81
1683,77
1842,82
1818,81
1758,77
1721,74
1632,74
1817,81
1768,80
1607,74
1644,72
1751,79
1838,82
1781,79
1755,79
1572,74
1786,80
1631,74
1734,78
1838,82
1708,75
1654,74
1709,77
1653,76
1660,77
1702,78
1561,71
1652,73
1687,77
1820,81
1850,82
1814,78
1842,82
1838,82
1729,74
1669,77
1846,82
1837,81
1734,78
1744,78
1634,72
1850,82
1547,71
1764,78
1781,79
1838,82
1724,73
1694,77
1838,82
1726,79
1838,82
1682,75
1601,72
1840,82
1795,80
1838,82
1848,82
1784,76
1749,78
1838,82
1756,79
1439,67
1635,74
1682,76
1820,80
1749,78
1706,73
1624,75
1826,81
1701,77
1837,81
1838,82
1541,71
1781,80
1838,82
1719,78
1686,76
1838,82
1618,76
1827,81
1692,76
1840,82
1534,72
1668,72
1838,82
1714,77
1838,82
1758,78
1497,66
1838,82
1838,82
1688,71
1838,82
1717,75
1816,81
1779,80
1762,78
1740,78
1793,80
1595,73
1694,77
1767,79
1694,76
1742,79
1680,76
1794,80
1717,75
1683,78
1771,79
1718,73
1583,70
1658,76
1479,70
1614,72
1694,74
1471,66
1523,70
1816,82
1738,79
1560,72
1811,79
1592,71
1663,71
1816,82
1735,78
1814,82
1728,78
1701,76
1636,74
1550,73
1593,74
1824,82
1749,78
1700,75
1780,81
1806,81
1689,78
1748,78
1552,72
1718,77
1669,73
1745,78
1784,81
1763,78
1656,76
1795,81
1704,78
1823,82
1703,77
1814,82
1742,79
1788,79
1816,82
1735,79
1716,77
1722,79
1672,76
1762,80
1814,82
1798,81
1725,78
1720,79
1718,73
1814,82
1814,82
1819,79
1802,81
1814,82
1599,72
1511,66
1673,75
1602,73
1659,75
1744,79
1725,77
1792,81
1619,74
1739,78
1692,78
1732,79
1814,82
1814,82
1622,76
1550,72
1690,77
1693,77
1685,78
1724,79
1632,75
1814,82
1814,82
1749,80
1747,77
1814,82
1564,72
1661,73
1814,82
1814,82
1713,79
1814,82
1733,77
1645,76
1649,75
1814,82
1599,73
1671,75
1797,81
1845,82
1779,78
1717,78
1652,76
1814,82
1725,79
1530,72
1644,75
1557,72
1696,79
1731,79
1742,78
1737,78
1738,76
1781,78
1681,77
1738,79
1760,80
1790,81
1814,82
1746,74
1628,76
1697,78
1691,75
1814,82
1661,77
1673,73
1771,81
1791,81
1816,82
1730,77
1671,74
1791,81
1563,72
1676,77
1816,79
1814,82
1473,68
1788,81
1801,81
1665,74
1639,77
1805,81
1684,77
1802,81
1650,75
1792,81
1731,79
1735,79
1767,77
1749,79
1636,73
1792,81
1792,82
1792,82
1523,71
1767,80
1691,77
1778,81
1708,77
1792,82
1704,78
1665,78
1717,78
1795,82
1604,73
1753,78
1701,76
1697,77
1792,82
1675,78
1761,77
1649,77
1677,78
1773,81
1531,73
1575,74
1792,82
1700,78
1792,82
1700,77
1683,77
1690,78
1835,82
1703,76
1711,79
1550,72
1643,74
1792,82
1532,68
1794,82
1622,76
1792,82
1642,76
1792,82
1528,69
1566,71
1765,81
1709,76
1808,82
1691,78
1786,79
1696,77
1645,77
1700,75
1610,72
1773,81
1808,80
1591,74
1706,78
1792,82
1663,76
1792,82
1759,81
1590,74
1792,82
1792,82
1792,82
1802,82
1709,77
1596,75
1721,80
1769,80
1603,71
1729,76
1724,76
1792,82
1547,70
1800,82
1792,82
1598,74
1792,82
1794,82
1792,82
1486,69
1792,82
1698,75
1792,82
1802,82
1627,73
1715,77
1792,82
1546,69
1771,81
1805,82
1719,78
1792,82
1684,78
1714,78
1759,79
1692,75
1728,78
1786,82
1767,79
1538,72
1560,73
1684,76
1688,78
1788,82
1731,76
1686,75
1517,70
1617,72
1580,73
1786,82
1786,82
1786,82
1790,82
1708,78
1787,81
1582,73
1760,79
1621,76
1774,80
1693,76
1707,77
1786,82
1742,78
1704,75
1793,81
1786,82
1772,81
1523,73
1635,74
1788,82
1764,79
1806,80
1741,80
1786,82
1798,82
1710,77
1723,78
1656,76
1626,72
1681,75
1706,77
1786,82
1726,75
1656,72
1621,73
1787,81
1416,65
1795,81
1786,82
1601,75
1786,82
1735,80
1786,82
1745,79
1804,82
1790,82
1537,68
1784,81
1807,82
1786,82
1738,78
1591,71
1803,82
1592,75
1754,81
1796,82
1590,71
1786,82
1745,80
1593,71
1598,74
1732,77
1788,82
1779,80
1638,76
1535,71
1786,82
1803,82
1627,76
1785,80
1786,82
1616,73
1753,79
1756,81
1631,75
1786,82
1769,80
1644,74
1808,81
1572,72
1511,71
1833,82
1520,69
1761,81
1732,79
1789,82
1786,82
1786,82
1791,80
1728,79
1645,73
1795,81
1657,73
1765,79
1708,78
1786,82
1759,77
1786,82
1718,75
1786,82
1721,79
1756,80
1786,82
1692,74
1579,73
1538,72
1786,82
1786,82
1768,81
1517,70
1789,80
1849,83
1585,73
1812,82
1638,73
1851,83
1712,77
1618,74
1785,77
1766,80
1691,76
1838,82
1849,83
1849,83
1839,83
1838,82
1700,77
1800,81
1756,78
1789,80
1766,78
1828,78
1839,83
1839,83
1659,75
1596,72
1704,77
1603,74
1783,81
1839,83
1684,73
1593,74
1745,78
1693,76
1750,77
1839,83
1839,83
1545,72
1799,82
1839,83
1805,81
1837,83
1525,72
1837,83
1604,75
1845,83
1639,74
1666,77
1724,78
1783,81
1833,83
1586,73
1819,82
1762,80
1771,78
1833,83
1775,80
1821,82
1775,80
1594,71
1882,83
1820,81
1758,79
1833,83
1660,73
1789,82
1808,80
1573,72
1851,82
1722,78
1746,79
1833,83
1792,80
1564,69
1463,68
1721,75
1795,78
1833,83
1721,78
1699,77
1833,83
1622,75
1767,79
1839,83
1584,70
1841,83
1833,83
1426,64
1794,82
1833,83
1837,83
1770,81
1830,82
1526,72
1830,82
1488,70
1703,78
1560,67
1697,77
1833,83
1757,79
1699,77
1833,83
1783,77
1833,83
1835,83
1554,72
1833,83
1548,71
1796,82
1781,78
1702,76
1792,80
1855,82
1638,76
1613,71
1717,77
1711,79
1794,79
1723,77
1787,80
1692,76
1613,71
1810,81
1683,76
1589,72
1743,79
1790,77
1734,79
1826,82
1630,72
1707,74
1856,83
1841,82
1586,75
1597,73
1691,77
1626,72
1747,78
1719,74
1713,75
1784,80
1833,83
1833,83
1857,83
1833,83
1675,75
1749,79
1833,83
1755,78
1833,83
1797,81
1833,83
1724,79
1833,83
1833,83
1833,83
1672,76
1765,80
1751,79
1615,73
1608,73
1833,83
1785,81
1815,78
1764,81
1742,80
1598,74
1812,81
1847,82
1707,78
1820,81
1694,76
1612,75
1670,76
1671,74
1833,83
1833,83
1772,80
1833,83
1833,83
1833,83
1729,79
1787,81
1744,79
1741,77
1599,72
1721,78
1880,83
1740,78
1744,80
1808,82
1857,83
1835,83
1555,74
1833,83
1849,83
1734,79
1699,75
1833,83
1675,77
1849,83
1701,77
1850,82
1835,82
1620,75
1710,77
1514,68
1775,80
1759,78
1583,73
1743,77
1768,75
1708,78
1758,80
1798,80
1833,83
1591,71
1851,83
1833,83
1835,83
1833,83
1728,78
1833,83
1837,83
1816,82
1540,70
1652,72
1802,81
1684,75
1650,76
1675,74
1801,80
1734,78
1429,67
1833,83
1833,83
1789,82
1783,79
1839,83
1784,81
1586,72
1760,80
1754,79
1733,78
1833,83
1847,83
1615,73
1837,83
1699,78
1788,79
1833,83
1702,75
1673,75
1582,73
1849,83
1827,82
1780,76
1847,83
1598,71
1810,82
1835,83
1833,83
1686,78
1630,76
1800,80
1861,82
1609,76
1835,80
1770,81
1833,83
1833,83
1835,83
1833,83
1816,82
1743,79
1861,82
1638,76
1833,83
1835,83
1822,82
1817,80
1833,83
1857,83
1751,80
1711,78
1810,82
1833,83
1793,81
1634,73
1659,77
1566,71
1570,70
1835,83
1829,83
1794,82
1829,83
1807,82
1801,81
1728,77
1703,77
1578,73
1779,82
1734,78
1750,79
1687,75
1829,82
1829,83
1829,83
1829,83
1741,79
1806,81
1839,83
1829,83
1835,83
1797,81
1780,79
1779,80
1678,77
1794,82
1829,83
1616,76
1813,79
1718,79
1656,76
1770,80
1829,83
1818,82
1734,78
1829,83
1798,82
1709,77
1736,79
1625,74
1829,83
1667,75
1556,72
1829,83
1829,83
1594,76
1750,79
1829,83
1555,74
1690,77
1829,83
1699,77
1788,82
1779,82
1833,83
1660,77
1727,78
1798,82
1740,76
1829,83
1744,78
1906,81
1829,83
1829,83
1829,83
1766,80
1522,68
1835,83
1773,81
1810,80
1665,76
1829,83
1638,75
1575,72
1847,83
1839,82
1715,78
1702,76
1659,75
1709,79
1789,79
1829,83
1674,75
1810,81
1839,83
1811,81
1797,82
1713,78
1829,83
1762,80
1825,79
1686,78
1757,79
1829,83
1701,75
1536,71
1726,75
1718,77
1536,70
1829,83
1788,82
1714,76
1682,76
1679,76
1714,77
1854,83
1638,76
1835,82
1654,76
1733,80
1610,73
1829,83
1818,82
1837,83
1810,80
1731,77
1782,81
1689,78
1729,79
1829,81
1829,83
1596,75
1859,81
1755,80
1693,78
1810,80
1743,80
1626,76
1829,83
1614,75
1694,77
1613,73
1831,83
1833,83
1708,78
1829,83
1730,79
1758,81
1714,78
1829,83
1854,83
1696,77
1818,82
1650,75
1814,82
1621,73
1829,83
1767,81
1732,78
1829,83
1771,79
1532,71
1515,70
1806,79
1662,73
1699,78
1835,83
1831,83
1787,81
1835,83
1762,79
1829,83
1752,78
1579,73
1829,83
1831,83
1789,81
1850,80
1726,79
1829,83
1595,75
1810,80
1829,83
1829,83
1829,83
1829,83
1539,70
1829,83
1798,82
1757,80
1673,78
1636,75
1732,78
1862,80
1835,83
1806,81
1760,80
1575,74
1691,76
1682,77
1579,73
1531,73
1537,72
1797,82
1798,81
1807,82
1697,78
1796,79
1747,80
1835,83
1532,72
1829,83
1763,81
1570,72
1797,80
1722,78
1801,81
1617,75
1668,77
1579,71
1808,82
1850,82
1678,74
1613,72
1798,82
1601,72
1635,73
1785,80
1584,73
1693,78
1829,83
1829,83
1763,79
1549,73
1724,76
1829,83
1556,73
1603,75
1829,83
1656,77
1688,78
1829,83
1574,73
1682,77
1688,77
1829,83
1744,77
1829,83
1528,72
1764,79
1798,78
1817,82
1791,82
1829,83
1839,83
1669,76
1658,77
1691,76
1704,79
1829,83
1579,74
1843,82
1831,83
1629,73
1777,80
1626,74
1809,82
1626,73
1795,82
1751,80
1751,80
1841,82
1829,83
1551,68
1701,77
1594,73
1777,78
1674,74
1652,76
1591,75
1814,82
1736,77
1829,83
1648,77
1829,83
1594,74
1649,76
1730,75
1752,80
1626,73
1835,83
1695,79
1829,83
1511,70
1629,73
1755,80
1829,83
1835,83
1820,82
1663,77
1546,72
1794,81
1513,72
1626,75
1483,69
1663,77
1599,73
1829,83
1672,77
1724,77
1798,82
1488,71
1704,79
1686,76
1829,83
1788,80
1829,83
1676,78
1675,76
1754,78
1808,80
1829,83
1789,78
1540,72
1686,75
1708,76
1686,75
1724,79
1765,81
1734,79
1751,80
1640,74
1759,81
1767,77
1829,83
1829,83
1689,79
1815,82
1829,83
1828,82
1711,77
1659,75
1537,71
1829,83
1810,82
1755,80
1836,82
1632,72
1861,82
1735,79
1763,80
1797,82
1725,79
1705,76
1850,83
1829,83
1814,82
1610,74
1829,83
1736,80
1829,83
1792,82
1713,80
1833,83
1829,83
1675,78
1660,75
1758,78
1796,82
1837,82
1539,67
1728,77
1748,80
1702,78
1603,73
1796,82
1776,81
1583,72
1783,81
1737,78
1839,83
1524,72
1829,83
1829,83
1829,83
1856,83
1807,80
1795,82
1672,78
1820,82
1833,83
1662,78
1584,72
1696,77
1832,82
1791,78
1728,79
1574,71
1614,75
1634,76
1699,75
1565,73
1797,82
1829,83
1834,82
1892,81
1807,82
1773,81
1771,81
1661,76
1652,75
1726,80
1829,83
1720,79
1838,83
1788,81
1829,83
1800,81
1829,83
1769,79
1567,71
1849,82
1797,82
1695,76
1829,83
1831,83
1761,79
1831,83
1766,80
1752,78
1745,80
1536,71
1610,72
1675,77
1514,70
1700,77
1829,83
1829,83
1647,73
1565,71
1837,83
1757,79
1551,73
1571,71
1733,77
1829,83
1817,82
1558,72
1829,83
1706,77
1675,76
1544,69
1672,75
1750,75
1624,74
1812,80
1847,83
1829,83
1739,79
1745,80
1829,83
1829,83
1763,81
1829,83
1839,83
1772,79
1841,82
1894,82
1829,83
1727,77
1666,77
1778,81
1707,78
1569,72
1750,79
1802,81
1833,83
1619,73
1767,81
1623,71
1837,82
1833,82
1809,82
1842,83
1734,76
1829,83
1728,79
1581,73
1829,83
1656,70
1859,80
1827,78
1829,83
1542,71
1704,78
1708,76
1710,78
1711,77
1672,76
1829,83
1780,81
1833,83
1712,79
1690,76
1718,79
1829,83
1642,76
1829,83
1744,81
1830,79
1655,77
1761,81
1829,83
1667,77
1703,76
1778,81
1829,83
1784,80
1632,74
1829,83
1806,81
1769,80
1831,83
1551,72
1829,83
1718,78
1795,82
1656,75
1841,83
1687,78
1647,74
1626,74
1554,75
1695,76
1815,82
1649,76
1589,73
1726,78
1606,75
1651,75
1855,80
1733,79
1744,81
1732,77
1837,83
1744,81
1714,75
1702,77
1834,82
1797,82
1816,82
1625,76
1701,78
1829,83
1755,79
1711,76
1829,83
1683,77
1833,83
1758,80
1829,83
1671,78
1763,81
1548,69
1829,83
1839,83
1720,79
1829,83
1744,80
1841,83
1793,82
1500,70
1782,80
1833,83
1558,73
1675,77
1797,82
1829,83
1737,79
1675,76
1581,72
1812,81
1597,73
1558,72
1837,83
1670,76
1658,76
1754,74
1829,83
1702,77
1839,83
1829,83
1788,81
1745,80
1829,83
1837,82
1768,79
1834,82
1816,82
1849,82
1596,72
1740,78
1829,83
1809,82
1474,67
1829,83
1809,82
1827,83
1842,79
1677,76
1568,73
1827,83
1520,68
1792,81
1538,73
1765,81
1627,73
1796,81
1829,83
1827,83
1736,79
1596,73
1674,76
1687,77
1665,76
1827,83
1734,80
1688,78
1721,80
1695,77
1678,75
1827,83
1751,81
1827,83
1765,81
1718,79
1827,83
1820,82
1471,70
1634,75
1758,79
1814,82
1775,81
1827,83
1827,82
1763,78
1814,81
1823,81
1547,72
1827,83
1723,77
1827,83
1748,78
1732,77
1755,80
1627,73
1792,82
1751,81
1717,77
1590,76
1786,82
1827,83
1538,72
1829,83
1472,69
1598,71
1677,76
1771,81
1687,76
1711,75
1760,79
1827,83
1790,81
1734,74
1560,70
1547,69
1763,81
1870,83
1825,83
1602,73
1812,82
1710,78
1737,80
1825,83
1524,72
1825,81
1615,75
1825,83
1782,81
1673,75
1825,83
1706,78
1825,83
1545,71
1819,82
1781,81
1825,83
1809,79
1542,70
1758,80
1872,83
1572,72
1664,77
1664,73
1745,80
1700,75
1563,70
1671,77
1790,80
1827,83
1803,81
1772,80
1665,75
1732,79
1754,80
1773,81
1825,83
1718,79
1701,78
1825,83
1825,83
1825,83
1825,83
1839,83
1558,70
1577,74
1574,73
1642,76
1679,73
1805,78
1679,78
1825,83
1723,78
1825,83
1727,79
1837,83
1705,78
1825,83
1595,73
1820,82
1635,75
1700,79
1762,80
1670,76
1645,73
1853,78
1788,81
1616,75
1820,82
1680,76
1805,82
1631,75
1679,75
1819,82
1825,83
1739,79
1585,73
1746,81
1827,83
1729,78
1820,82
1825,83
1825,83
1825,83
1651,74
1825,83
1825,83
1715,78
1619,74
1858,83
1666,75
1768,80
1766,78
1846,83
1816,82
1642,77
1681,77
1660,77
1847,82
1913,83
1714,75
1731,77
1825,83
1825,83
1825,83
1871,82
1825,83
1814,82
1832,82
1760,78
1614,74
1827,83
1825,83
1599,71
1794,81
1843,81
1820,82
1793,82
1812,82
1825,83
1840,82
1818,82
1801,82
1789,81
1705,78
1825,83
1759,81
1791,82
1731,78
1825,83
1830,82
1829,83
1730,75
1829,83
1825,83
1825,83
1773,81
1749,77
1634,76
1825,83
1553,71
1707,77
1730,79
1827,83
1746,76
1794,81
1825,83
1671,77
1613,76
1831,83
1677,75
1831,83
1697,78
1638,76
1864,82
1791,81
1731,77
1752,80
1690,72
1837,81
1867,83
1571,72
1593,72
1837,82
1790,80
1802,81
1567,71
1825,83
1771,80
1720,77
1671,75
1816,82
1798,80
1742,79
1825,83
1779,80
1779,81
1711,79
1694,77
1825,83
1840,82
1739,78
1663,75
1788,82
1825,83
1645,75
1777,80
1559,69
1713,79
1833,83
1640,75
1755,80
1825,83
1779,80
1719,79
1548,72
1775,80
1742,79
1740,81
1825,83
1874,83
1775,81
1694,77
1833,83
1825,83
1642,73
1791,82
1613,74
1774,79
1825,83
1674,77
1810,82
1825,83
1715,79
1651,76
1758,80
1825,83
1805,83
1807,83
1728,80
1805,83
1573,74
1694,75
1794,82
1610,73
1805,83
1831,82
1778,80
1646,75
1798,80
1805,83
1678,78
1725,79
1805,83
1852,83
1522,72
1789,82
1703,78
1659,75
1720,77
1780,82
1733,79
1783,82
1733,81
1741,76
1817,82
1783,82
1636,77
1661,77
1768,81
1718,80
1805,83
1793,81
1840,83
1790,82
1796,82
1822,82
1666,74
1803,83
1788,82
1801,80
1768,81
1803,83
1779,82
1708,80
1740,81
1548,71
1836,83
1745,80
1627,74
1803,83
1811,83
1598,75
1746,81
1576,73
1798,82
1803,83
1803,83
1797,82
1725,79
1660,78
1811,82
1657,78
1742,79
1816,82
1604,77
1738,78
1615,73
1652,75
1674,76
1771,81
1803,83
1817,83
1694,74
1704,77
1696,78
1807,83
1610,76
1505,71
1760,77
1733,80
1783,81
1665,76
1626,74
1757,80
1744,81
1674,78
1525,72
1807,83
1756,81
1666,78
1827,82
1763,80
1775,82
1803,83
1771,81
1820,83
1803,83
1815,81
1803,83
1499,70
1786,82
1580,72
1836,83
1823,82
1806,82
1621,76
1599,74
1763,81
1799,80
1766,81
1766,81
1687,79
1672,76
1597,76
1779,82
1768,80
1687,78
1601,76
1805,83
1800,82
1825,81
1813,83
1721,79
1644,75
1527,72
1817,83
1723,80
1773,80
1803,83
1589,74
1574,74
1648,75
1752,80
1803,83
1826,83
1803,83
1789,82
1567,75
1582,73
1805,83
1723,79
1780,81
1694,79
1681,75
1803,83
1824,80
1601,73
1741,80
1707,80
1803,83
1620,76
1688,77
1745,80
1686,77
1803,83
1768,81
1701,79
1751,80
1803,83
1688,75
1647,77
1481,68
1700,77
1839,83
1817,81
1854,83
1757,80
1803,83
1619,75
1707,78
1820,83
1714,78
1803,83
1656,74
1790,82
1568,72
1687,76
1803,83
1792,82
1661,76
1750,81
1645,76
1745,81
1614,76
1809,83
1641,76
1622,74
1624,73
1744,80
1669,77
1619,74
1701,79
1755,81
1744,79
1677,76
1793,82
1834,83
1661,74
1583,74
1564,71
1527,72
1589,74
1803,83
1775,82
1788,81
1807,83
1609,74
1805,83
1798,82
1772,82
1625,75
1838,83
1753,80
1713,77
1612,73
1730,78
1797,81
1803,83
1564,74
1676,77
1689,78
1728,78
1725,77
1575,73
1752,80
1803,83
1647,77
1807,83
1518,68
1760,81
1556,73
1803,83
1803,83
1739,77
1668,76
1803,83
1811,83
1604,72
1762,82
1803,83
1803,83
1747,81
1784,82
1825,82
1803,83
1700,78
1803,83
1793,82
1779,82
1773,82
1594,74
1657,77
1629,76
1805,83
1834,83
1803,83
1750,81
1707,79
1768,82
1671,76
1803,83
1421,69
1750,75
1554,72
1654,76
1803,83
1828,83
1519,73
1790,82
1773,82
1784,82
1822,82
1632,77
1666,76
1803,83
1807,83
1682,74
1745,81
1731,77
1706,77
1805,83
1527,72
1648,75
1803,83
1803,83
1816,82
1760,80
1657,76
1817,83
1778,80
1813,83
1608,75
1793,82
1746,81
1803,83
1702,79
1809,83
1560,73
1824,83
1783,82
1668,77
1541,75
1644,77
1733,79
1524,72
1717,74
1616,76
1815,83
1693,79
1721,76
1560,74
1709,78
1740,79
1757,80
1825,82
1682,77
1784,82
1769,81
1805,81
1803,83
1693,75
1777,82
1803,83
1770,82
1740,76
1805,83
1751,80
1806,82
1803,83
1713,79
1717,79
1645,76
1613,75
1658,77
1651,76
1749,80
1737,76
1809,83
1788,82
1803,83
1802,82
1722,79
1803,83
1719,77
1748,80
1791,82
1673,78
1809,83
1776,82
1771,81
1803,83
1536,70
1720,79
1636,71
1740,79
1757,80
1663,75
1803,83
1803,83
1657,74
1784,81
1843,81
1756,80
1803,83
1732,80
1751,80
1662,78
1820,83
1583,74
1803,83
1811,83
1803,83
1728,80
1772,81
1773,82
1718,79
1803,83
1810,81
1803,83
1604,73
1808,80
1805,83
1805,83
1803,83
1803,83
1796,82
1717,79
1742,79
1809,83
1805,83
1644,76
1794,80
1803,83
1674,77
1709,76
1612,75
1762,80
1694,76
1676,77
1703,78
1805,83
1803,83
1625,73
1742,81
1701,75
1594,73
1658,76
1764,80
1788,81
1839,81
1680,75
1663,75
1785,80
1608,76
1814,81
1733,80
1695,74
1719,76
1503,68
1755,80
1530,71
1803,83
1753,81
1616,72
1723,79
1803,83
1701,80
1584,75
1749,81
1668,76
1545,75
1784,81
1803,83
1772,80
1809,83
1771,81
1530,71
1621,76
1791,82
1676,77
1805,83
1700,77
1703,78
1784,81
1615,74
1560,72
1776,81
1803,83
1651,76
1549,74
1732,79
1606,74
1851,84
1648,77
1813,82
1515,69
1737,77
1755,81
1814,79
1822,83
1850,84
1678,75
1884,84
1880,84
1630,76
1850,84
1834,82
1850,84
1756,80
1889,83
1611,75
1725,78
1835,82
1773,79
1633,76
1787,82
1801,79
1733,77
1866,82
1756,78
1834,84
1876,84
1893,83
1770,79
1727,79
1676,75
1834,84
1836,84
1720,75
1698,77
1806,83
1834,84
1824,83
1819,82
1832,84
1802,83
1869,85
1924,86
1573,73
1771,80
1802,81
1629,73
1807,81
1633,74
1640,72
1625,75
1751,79
1544,72
1767,80
1946,86
1836,83
1861,83
1912,85
1748,79
1421,68
1727,77
1848,84
1905,85
1605,75
1932,86
1716,78
1737,80
1892,85
1832,82
1688,77
1924,86
1831,83
1677,76
1883,84
1574,72
1926,86
1930,86
1743,80
1802,81
1591,76
1926,86
1777,80
1900,85
1806,82
1784,81
1719,79
1879,84
1719,78
1924,86
1774,78
1888,85
1924,86
1772,78
1924,86
1709,78
1866,84
1924,86
1686,76
1597,75
1898,85
1851,83
1934,86
1729,81
1719,78
1785,80
1938,85
1880,83
1797,82
1899,85
1824,82
1796,82
1894,85
1868,84
1892,85
1772,80
1855,84
1810,82
1928,86
1753,80
1902,85
1673,77
1780,81
1749,78
1784,81
1924,86
1952,86
1932,86
1641,75
1859,83
1760,82
1928,86
1855,83
1723,80
1681,76
1906,85
1900,85
1749,80
1693,76
1839,83
1799,82
1734,79
1689,77
1924,86
1434,71
1752,80
1826,82
1905,85
1646,78
1612,74
1909,85
1920,86
1533,73
1695,78
1924,86
1853,84
1611,73
1918,85
1768,81
1634,74
1758,80
1844,81
1761,81
1573,75
1922,86
1830,83
1857,84
1798,82
1854,82
1777,81
1734,77
1716,80
1619,75
1668,78
1593,75
1833,81
1551,75
1932,86
1790,78
1743,80
1889,85
1920,86
1694,76
1578,74
1708,77
1668,76
1926,86
1840,84
1920,86
1920,86
1655,75
1809,82
1887,85
1722,78
1658,76
1857,84
1920,86
1835,83
1731,80
1779,82
1920,86
1847,82
1922,86
1721,78
1772,80
1920,86
1657,74
1884,84
1844,82
1879,85
1717,79
1875,84
1922,86
1737,76
1535,72
1920,86
1864,85
1645,75
1677,77
1922,86
1744,80
1920,86
1615,73
1934,86
1753,79
1558,73
1598,75
1920,86
1883,85
1903,84
1920,86
1556,73
1853,83
1652,74
1648,76
1920,86
1687,78
1897,85
1920,86
1714,79
1673,79
1736,76
1924,86
1888,85
1806,82
1770,81
1920,86
1847,84
1830,83
1764,82
1687,76
1890,85
1681,77
1754,79
1825,83
1872,84
1920,86
1819,81
1920,86
1918,86
1828,83
1562,74
1918,86
1918,86
1809,83
1887,85
1426,69
1770,80
1798,81
1852,84
1799,83
1672,76
1789,82
1745,79
1863,85
1920,86
1573,75
1750,76
1783,80
1926,86
1780,81
1852,84
1574,74
1880,83
1742,79
1637,74
1763,81
1756,80
1910,86
1693,77
1771,80
1912,86
1561,70
1910,86
1605,74
1673,76
1827,82
1682,77
1580,74
1882,85
1845,82
1786,81
1734,81
1856,84
1878,85
1878,84
1742,79
1713,80
1817,83
1827,83
1702,78
1719,78
1745,79
1777,82
1852,84
1910,86
1603,75
1699,77
1722,79
1827,82
1912,86
1654,77
1852,83
1827,82
1910,86
1621,76
1910,86
1820,82
1878,85
1711,78
1763,81
1754,80
1881,84
1788,81
1712,77
1774,78
1626,74
1821,83
1924,86
1688,77
1637,76
1815,82
1596,75
1732,80
1655,78
1743,81
1799,83
1884,85
1910,86
1866,85
1857,84
1786,80
1877,85
1910,85
1682,77
1884,85
1790,82
1673,77
1910,86
1802,80
1875,84
1505,69
1878,85
1910,86
1758,78
1906,86
1589,73
1823,84
1906,86
1557,73
1788,82
1869,85
1711,78
1612,76
1784,81
1883,85
1906,86
1638,77
1884,85
1816,82
1812,83
1906,86
1809,83
1850,84
1736,79
1740,79
1906,86
1850,84
1754,81
1875,85
1760,80
1915,85
1906,86
1773,81
1844,83
1689,78
1847,83
1906,86
1908,86
1684,78
1655,77
1769,81
1812,83
1702,76
1894,84
1906,86
1654,76
1730,78
1801,79
1761,79
1677,79
1773,79
1906,86
1759,81
1850,84
1883,85
1906,86
1906,86
1703,77
1814,82
1623,76
1735,79
1674,77
1906,86
1852,84
1964,86
1651,76
1511,69
1923,86
1742,81
1791,82
1775,81
1757,79
1818,82
1548,71
1829,83
1906,86
1641,75
1804,81
1876,85
1751,80
1592,75
1699,77
1677,78
1922,85
1835,83
1906,86
1906,86
1801,82
1770,82
1584,73
1749,81
1857,84
1878,84
1670,76
1882,85
1812,83
1906,86
1649,76
1908,86
1715,80
1571,74
1854,79
1497,70
1876,85
1906,86
1906,86
1713,79
1820,83
1618,73
1657,77
1756,80
1683,79
1908,86
1873,84
1758,81
1918,86
1877,85
1882,84
1802,81
1792,79
1678,76
1614,74
1692,75
1879,85
1780,82
1710,78
1620,72
1828,83
1906,86
1688,78
1797,81
1726,79
1908,86
1641,75
1767,80
1695,78
1906,86
1541,72
1729,79
1584,74
1862,84
1739,78
1487,70
1829,84
1658,75
1690,78
1677,76
1728,80
1576,72
1906,86
1906,86
1788,79
1617,74
1756,80
1732,79
1916,86
1908,85
1634,75
1905,84
1559,73
1699,80
1906,86
1657,77
1829,82
1861,84
1628,74
1698,76
1739,79
1620,74
1608,74
1881,85
1906,86
1716,79
1727,80
1719,78
1723,79
1887,85
1761,81
1802,82
1751,81
1564,71
1651,76
1745,81
1888,85
1625,75
1742,79
1643,75
1786,80
1545,72
1906,86
1605,76
1906,86
1880,85
1757,81
1906,86
1880,85
1715,78
1881,84
1678,79
1906,86
1689,79
1766,81
1748,81
1906,86
1781,82
1906,86
1489,70
1730,80
1593,71
1759,77
1865,83
1748,80
1838,83
1870,84
1545,73
1880,85
1806,82
1920,86
1905,85
1621,73
1657,78
1732,79
1878,85
1761,79
1837,84
1704,78
1665,77
1632,75
1402,70
1847,84
1682,79
1906,86
1673,79
1908,86
1906,86
1670,77
1766,78
1816,82
1880,85
1553,72
1796,81
1796,81
1575,73
1691,79
1874,85
1691,79
1893,84
1798,82
1906,86
1642,75
1641,78
1949,85
1810,82
1875,85
1713,78
1914,86
1850,82
1906,86
1830,83
1848,84
1688,77
1908,86
1817,83
1961,85
1906,86
1906,86
1632,75
1906,86
1602,74
1589,75
1616,75
1912,86
1611,77
1596,73
1616,75
1611,74
1816,83
1827,83
1920,86
1828,82
1906,86
1870,85
1926,85
1835,83
1870,85
1529,72
1589,72
1875,84
1605,75
1809,83
1869,85
1789,80
1711,76
1908,86
1774,81
1759,80
1801,81
1906,86
1874,85
1538,74
1906,86
1906,86
1751,80
1838,84
1608,74
1885,85
1735,78
1881,85
1858,84
1906,86
1662,76
1906,86
1664,75
1906,86
1599,75
1780,80
1920,85
1906,86
1906,86
1879,85
1694,77
1857,84
1906,86
1493,70
1885,84
1784,81
1816,82
1853,84
1758,81
1906,86
1906,86
1658,76
1667,76
1792,82
1660,78
1870,85
1851,84
1906,86
1878,83
1797,81
1756,80
1597,76
1713,78
1873,84
1854,84
1679,77
1860,84
1879,85
1727,79
1749,79
1831,80
1789,82
1884,85
1697,80
1920,86
1745,81
1703,78
1783,82
1696,78
1815,80
1714,79
1790,82
1883,85
1781,82
1662,76
1829,81
1589,73
1616,74
1906,86
1928,86
1869,84
1878,83
1850,82
1906,86
1906,86
1718,79
1597,74
1879,85
1851,84
1632,75
1857,83
1906,86
1753,80
1565,75
1906,86
1737,80
1908,86
1637,76
1696,78
1733,79
1826,81
1906,86
1833,84
1628,76
1505,69
1679,78
1746,77
1906,86
1906,86
1643,75
1906,86
1881,85
1750,80
1634,76
1904,86
1837,81
1904,86
1748,81
1874,85
1793,82
1782,81
1489,69
1768,81
1775,81
1719,80
1832,81
1671,77
1858,84
1619,75
1685,79
1781,81
1904,86
1834,84
1904,86
1904,86
1904,86
1906,86
1645,76
1904,86
1904,86
1787,79
1904,86
1540,72
1835,84
1621,76
1828,82
1815,83
1734,80
1761,80
1629,76
1657,75
1783,81
1754,77
1629,77
1904,86
1811,81
1769,80
1790,80
1699,77
1885,85
1844,84
1661,74
1632,76
1780,81
1724,80
1851,84
1787,81
1845,84
1768,77
1889,84
1580,75
1623,77
1893,84
1721,79
1878,85
1681,76
1877,84
1644,75
1677,78
1904,86
1894,85
1881,85
1636,74
1877,85
1827,84
1669,77
1697,79
1906,85
1799,81
1800,84
1698,77
1804,81
1874,85
1878,85
1800,84
1766,79
1719,80
1812,82
1841,81
1746,79
1510,73
1769,80
1854,84
1734,78
1904,86
1875,85
1883,83
1721,79
1755,80
1617,76
1669,78
1542,73
1933,86
1910,86
1916,84
1786,80
1904,86
1807,83
1834,84
1663,75
1826,82
1767,81
1868,84
1729,76
1830,83
1866,84
1714,79
1747,79
1934,85
1808,80
1837,83
1686,75
1869,84
1904,86
1800,84
1842,80
1701,76
1790,77
1803,81
1864,84
1904,86
1656,77
1645,77
1561,74
1809,82
1851,84
1819,81
1719,76
1904,86
1863,84
1770,81
1875,85
1667,77
1721,77
1864,85
1743,80
1800,84
1906,86
1829,84
1746,80
1764,81
1712,79
1657,76
1701,76
1674,77
1741,80
1797,81
1823,82
1853,84
1904,86
1577,72
1880,84
1812,83
1843,84
1694,79
1904,86
1785,82
1858,84
1904,86
1857,84
1668,76
1764,80
1676,78
1837,83
1806,80
1887,85
1750,80
1769,81
1753,80
1904,86
1853,83
1747,77
1720,79
1880,85
1863,84
1784,81
1890,85
1762,79
1888,85
1906,86
1599,74
1777,81
1637,76
1904,86
1902,85
1773,80
1571,75
1904,86
1692,76
1712,78
1827,81
1721,77
1835,83
1904,86
1642,76
1904,86
1867,84
1771,81
1876,85
1904,86
1820,83
1573,69
1651,74
1706,77
1789,82
1721,78
1791,82
1904,86
1787,82
1671,77
1744,80
1802,82
1785,83
1826,83
1601,75
1559,74
1625,72
1764,81
1836,84
1904,86
1697,76
1720,79
1904,86
1889,85
1910,86
1661,77
1869,85
1920,86
1865,84
1824,82
1677,76
1881,85
1908,86
1747,81
1744,80
1732,80
1805,81
1855,85
1700,78
1544,71
1667,77
1853,84
1693,79
1649,76
1886,85
1802,83
1873,84
1925,85
1803,81
1742,78
1904,86
1561,74
1443,67
1670,78
1558,74
1914,86
1774,79
1815,83
1904,84
1850,85
1836,84
1653,75
1699,75
1650,74
1665,76
1885,84
1878,85
1814,81
1867,83
1904,86
1751,79
1856,84
1876,84
1904,86
1809,82
1904,86
1742,76
1914,85
1811,83
1902,86
1910,86
1690,77
1908,86
1726,79
1880,84
1578,75
1665,78
1694,77
1755,80
1738,80
1886,85
1631,73
1886,84
1908,86
1836,83
1714,78
1726,79
1643,76
1904,86
1490,73
1571,75
1904,86
1612,74
1705,77
1860,85
1756,80
1805,82
1851,84
1902,86
1858,84
1713,79
1706,74
1801,82
1740,80
1885,85
1902,85
1902,86
1546,72
1905,84
1867,84
1902,86
1715,79
1692,78
1630,75
1902,86
1902,86
1797,81
1679,76
1817,82
1687,77
1734,79
1783,81
1682,79
1633,76
1624,77
1817,83
1481,69
1746,76
1872,85
1902,86
1597,73
1801,83
1738,79
1914,86
1678,76
1774,79
1802,82
1902,86
1823,83
1689,78
1912,86
1613,74
1787,82
1689,77
1902,86
1867,84
1893,83
1902,86
1902,86
1882,84
1712,76
1725,79
1789,83
1856,84
1484,70
1910,86
1746,81
1692,77
1904,86
1858,84
1898,85
1904,86
1978,85
1861,83
1798,82
1783,80
1721,80
1588,75
1861,84
1853,83
1819,81
1875,85
1704,78
1858,85
1649,76
1753,81
1789,81
1722,78
1847,84
1916,86
1665,74
1850,83
1789,81
1646,76
1555,73
1742,79
1650,75
1824,83
1856,84
1902,86
1902,86
1688,79
1912,86
1702,79
1662,76
1839,81
1902,86
1734,79
1695,79
1659,74
1828,83
1774,81
1574,72
1794,81
1851,84
1857,84
1576,74
1856,84
1677,76
1680,77
1833,83
1690,79
1706,75
1954,85
1886,85
1796,82
1641,76
1698,78
1711,79
1886,85
1836,84
1618,76
1838,81
1902,86
1831,79
1894,85
1712,79
1595,73
1596,74
1833,83
1832,82
1632,76
1902,86
1769,80
1888,85
1849,84
2009,86
1884,85
1561,71
1761,80
1577,73
1627,77
1767,81
1849,84
1693,77
1792,81
1817,82
1755,80
1566,73
1805,81
1862,84
1804,78
1854,84
1900,85
1865,85
1902,86
1765,79
1706,75
1883,84
1589,75
1731,78
1774,79
1639,76
1902,86
1801,83
1625,76
1616,74
1910,86
1665,74
1783,81
1850,84
1753,81
1908,86
1813,83
1895,85
1878,85
1745,81
1904,86
1573,75
1904,86
1738,78
1582,74
1744,77
1567,72
1876,85
1739,80
1906,86
1916,86
1751,79
1807,83
1886,85
1912,85
1809,83
1746,80
1904,86
1697,75
1857,82
1537,72
1718,77
1885,84
1902,86
1902,86
1753,81
1887,84
1701,75
1885,85
1763,82
1842,84
1906,86
1826,83
1872,85
1618,73
1886,85
1781,80
1609,72
1849,84
1689,79
1902,86
1609,76
1831,79
1920,86
1762,81
1742,76
1558,73
1847,83
1809,80
1748,78
1792,79
1858,84
1735,79
1794,83
1904,86
1898,85
1955,86
1836,82
1601,75
1902,86
1836,83
1902,86
1786,82
1902,86
1902,86
1902,86
1769,79
1902,86
1807,83
1815,83
1848,85
1624,76
1902,86
1885,85
1902,86
1712,76
1639,74
1852,84
1633,75
1902,86
1718,77
1827,80
1904,86
1725,79
1916,86
1904,86
1856,84
1744,79
1853,83
1852,84
1592,75
1763,82
1563,74
1902,86
1661,74
1836,83
1861,82
1890,84
1890,84
1784,82
1570,73
1698,77
1902,86
1705,78
1902,86
1902,86
1590,73
1803,83
1827,84
1747,79
1680,78
1709,79
1678,76
1690,77
1902,86
1847,82
1484,70
1857,83
1447,68
1721,80
1906,86
1730,79
1807,82
1902,86
1878,85
1764,82
1848,83
1787,81
1875,85
1811,83
1840,83
1767,81
1849,84
1874,85
1719,77
1892,85
1526,72
1729,79
1569,72
1890,84
1776,80
1752,80
1922,86
1885,85
1553,73
1818,82
1885,84
1778,80
1906,86
1852,84
1902,86
1822,83
1842,83
1708,78
1902,86
1641,76
1726,75
1766,80
1902,86
1882,85
1698,77
1910,86
1805,83
1821,81
1762,80
1862,84
1902,86
1725,79
1770,80
1776,80
1851,84
1638,76
1803,80
1621,73
1763,80
1902,86
1743,80
1619,76
1569,75
1648,76
1906,86
1613,76
1770,80
1781,82
1853,85
1807,83
1798,82
1882,85
1764,81
1633,75
1902,86
1563,75
1882,85
1902,86
1827,83
1941,86
1669,78
1931,86
1861,84
1902,86
1637,76
1860,85
1703,79
1803,83
1687,75
1847,83
1902,86
1897,84
1910,86
1902,86
1889,84
1877,85
1908,86
1770,81
1777,81
1902,86
1902,86
1677,76
1512,73
1694,77
1666,76
1906,84
1902,86
1805,83
1618,76
1822,82
1884,85
1888,85
1902,86
1798,82
1834,83
1680,76
1741,80
1874,85
1902,86
1419,68
1717,79
1845,84
1906,86
1908,86
1572,74
1852,84
1655,74
1817,83
1902,86
1902,86
1816,82
1645,76
1807,83
1598,73
1388,68
1880,85
1878,85
1902,86
1629,77
1822,82
1798,82
1785,82
1746,77
1658,78
1742,80
1902,86
1619,73
1902,86
1910,86
1857,83
1621,75
1848,83
1807,83
1708,77
1729,78
1666,78
1772,81
1711,79
1770,82
1836,82
1616,76
1902,86
1523,72
1873,84
1670,78
1547,72
1902,86
1902,86
1836,82
1867,82
1835,83
1904,86
1546,71
1825,83
1637,76
1862,84
1910,86
1656,74
1902,86
1799,81
1902,86
1706,76
1796,81
1861,85
1740,80
1744,79
1781,80
1848,85
1917,86
1715,78
1751,81
1667,76
1757,81
1793,81
1854,84
1836,82
1809,80
1892,82
1884,85
1878,85
1902,86
1820,83
1558,74
1901,84
1902,86
1727,78
1843,83
1880,84
1639,75
1888,84
1503,71
1813,83
1758,81
1878,85
1849,84
1768,81
1676,75
1667,78
1746,81
1898,84
1648,78
1870,85
1734,80
1671,76
1856,84
1902,86
1776,80
1766,78
1658,76
1745,78
1611,76
1904,86
1594,77
1861,83
1692,77
1632,74
1792,81
1808,82
1797,82
1858,85
1899,85
1739,80
1658,76
1864,82
1902,86
1668,77
1494,71
1814,83
1660,76
1713,78
1737,80
1631,75
1902,86
1809,83
1902,86
1823,82
1902,86
1536,73
1641,76
1582,76
1902,86
1902,86
1684,79
1610,74
1745,80
1802,83
1532,71
1681,77
1831,84
1902,86
1894,85
1802,81
1894,85
1872,85
1650,76
1876,85
1634,76
1699,79
1845,84
1881,85
1861,82
1576,74
1878,85
1489,69
1902,86
1902,86
1902,86
1804,81
1896,85
1880,85
1546,70
1886,85
1847,84
1690,78
1902,86
1714,79
1640,77
1837,84
1902,86
1721,80
1782,82
1614,71
1741,80
1918,86
1813,83
1564,72
1757,80
1853,84
1569,74
1789,82
1749,79
1747,81
1845,84
1662,77
1832,83
1904,86
1902,86
1890,85
1866,85
1648,77
1864,82
1877,84
1734,79
1874,85
1728,80
1820,82
1748,80
1902,86
1826,83
1902,86
1902,86
1744,79
1598,75
1851,84
1902,86
1884,85
1607,74
1871,85
1856,85
1566,74
1796,82
1908,86
1460,68
1902,86
1814,83
1902,86
1760,81
1598,75
1904,86
1808,80
1902,86
1901,85
1655,75
1709,78
1902,86
1671,76
1904,85
1649,77
1902,86
1741,80
1822,83
1890,85
1677,74
1753,79
1624,74
1774,81
1766,81
1673,77
1797,83
1903,85
1627,77
1806,81
1757,80
1801,82
1664,77
1645,77
1890,85
1655,78
1902,86
1641,74
1902,86
1898,85
1902,86
1781,80
1659,75
1904,86
1902,86
1825,83
1719,79
1902,86
1902,86
1639,76
1815,82
1842,83
1646,77
1611,74
1874,84
1626,75
1721,78
1902,86
1699,77
1853,84
1406,69
1805,83
1902,86
1644,77
1597,75
1743,79
1709,79
1890,85
1621,75
1472,70
1841,84
1902,86
1532,72
1902,86
1869,85
1801,81
1871,83
1865,83
1601,74
1748,80
1789,82
1902,86
1629,74
1743,81
1815,82
1794,81
1746,79
1695,79
1884,85
1902,86
1580,75
1860,85
1845,84
1806,83
1808,83
1898,85
1861,84
1638,74
1744,81
1796,80
1514,73
1902,86
1818,83
1759,80
1744,79
1762,80
1774,82
1853,84
1906,86
1902,86
1853,84
1805,82
1721,79
1902,86
1902,86
1851,84
1772,80
1653,77
1701,78
1687,78
1679,78
1902,86
1874,85
1879,84
1507,72
1725,80
1906,86
1844,84
1601,75
1881,85
1871,84
1797,82
1902,86
1874,85
1670,78
1814,83
1623,76
1864,85
1548,73
1835,84
1532,72
1740,79
1640,76
1886,85
1787,82
1728,77
1816,82
1761,80
1808,83
1473,68
1639,74
1778,81
1878,85
1884,85
1585,75
1508,73
1650,76
1886,85
1790,82
1751,79
1640,75
1902,86
1884,84
1902,86
1639,77
1801,83
1902,86
1815,83
1812,81
1904,86
1831,82
1841,84
1856,85
1940,86
1672,78
1642,77
1836,84
1888,85
1760,81
1677,78
1833,82
1902,86
1676,77
1850,84
1540,73
1904,86
1678,78
1902,86
1524,69
1859,84
1665,76
1717,76
1635,73
1738,81
1902,86
1750,78
1633,78
1658,78
1892,85
1709,77
1822,82
1902,86
1715,79
1822,82
1708,77
1902,86
1662,74
1639,78
1904,86
1902,86
1786,80
1667,76
1902,86
1553,73
1902,86
1794,82
1920,86
1650,77
1874,84
1807,83
1900,86
1595,74
1472,72
1553,74
1902,86
1818,82
1900,86
1856,84
1623,77
1804,81
1873,85
1591,74
1862,85
1724,79
1876,85
1610,75
1858,83
1530,73
1623,77
1794,80
1876,85
1834,84
1809,83
1922,86
1900,86
1847,84
1900,86
1464,72
1875,85
1845,84
1756,79
1900,86
1691,79
1696,78
1832,82
1900,86
1872,85
1833,83
1870,84
1856,83
1612,77
1900,86
1873,85
1816,83
1650,75
1706,80
1912,86
1828,83
1853,83
1649,77
1690,76
1904,86
1834,84
1902,86
1902,86
1777,82
1878,84
1845,84
1625,76
1615,77
1790,83
1886,85
1717,79
1557,74
1922,86
1885,84
1648,77
1702,77
1666,77
1888,85
1735,81
1772,80
1889,84
1627,78
1868,85
1909,85
1790,83
1817,83
1901,85
1826,83
1631,76
1902,86
1521,71
1699,75
1622,75
1748,81
1845,84
1735,77
1689,76
1870,85
1424,66
1748,80
1900,86
1660,77
1744,81
1575,74
1912,86
1609,73
1826,83
1675,79
1750,81
1874,85
1645,77
1810,80
1605,75
1694,79
1869,84
1592,75
1782,81
1737,80
1902,86
1827,84
1910,86
1865,84
1720,79
1900,86
1900,86
1900,86
1890,85
1483,72
1900,86
1700,77
1805,83
1652,76
1799,83
1902,86
1803,83
1926,85
1586,74
1584,73
1645,77
1644,76
1760,80
1836,84
1900,86
1845,84
1848,84
1627,76
1880,85
1900,86
1650,74
1859,84
1795,82
1716,80
1512,72
1798,81
1840,83
1853,84
1611,75
1900,86
1747,81
1902,86
1900,86
1900,86
1597,72
1906,85
1906,85
1519,72
1761,82
1613,76
1872,85
1900,86
1883,85
1870,84
1650,78
1636,76
1497,70
1836,84
1900,86
1858,84
1756,82
1762,81
1620,77
1668,76
1900,86
1720,79
1614,76
1654,78
1900,86
1890,85
1567,73
1572,75
1850,83
1898,86
1883,84
1767,82
1712,78
1825,82
1816,82
1848,84
1875,85
1649,77
1714,77
1817,83
1861,84
1795,82
1785,81
1811,82
1898,86
1876,85
1898,86
1681,77
1644,78
1811,81
1805,83
1799,81
1841,84
1607,76
1876,85
1853,83
1898,86
1744,80
1582,73
1884,85
1880,85
1898,86
1782,82
1754,78
1900,86
1616,75
1879,84
1662,77
1801,82
1818,83
1621,75
1721,79
1623,74
1755,81
1807,83
1722,79
1766,81
1907,85
1777,81
1839,84
1898,86
1648,77
1842,83
1689,79
1597,76
1875,85
1898,86
1898,86
1898,86
1685,79
1605,74
1642,75
1690,79
1824,83
1599,75
1898,85
1898,86
1822,83
1898,86
1793,82
1898,86
1627,77
1656,78
1651,76
1792,82
1868,83
1675,78
1774,80
1790,82
1868,85
1790,82
1818,83
1698,78
1786,82
1898,86
1873,85
1696,77
1588,75
1815,82
1700,79
1372,68
1593,75
1868,85
1658,76
1668,77
1846,84
1783,82
1595,75
1593,74
1778,81
1898,85
1825,84
1618,75
1900,86
1688,79
1830,81
1898,86
1852,84
1898,86
1613,74
1875,85
1840,84
1711,79
1721,79
1907,85
1813,83
1904,86
1864,84
1888,84
1746,81
1813,83
1678,76
1485,71
1872,85
1770,83
1797,81
1701,77
1837,84
1597,76
1775,82
1614,74
1641,74
1783,82
1824,83
1872,85
1910,86
1880,85
1702,80
1715,80
1692,80
1560,72
1606,76
1700,79
1531,69
1677,76
1698,76
1895,85
1807,82
1709,78
1565,73
1709,79
1724,80
1847,84
1900,86
1795,83
1820,83
1572,74
1791,82
1746,81
1898,86
1890,85
1707,80
1898,86
1906,86
1862,85
1788,82
1869,85
1711,77
1662,77
1898,86
1770,79
1868,85
1839,84
1844,84
1898,86
1881,85
1834,84
1844,84
1720,79
1653,77
1581,72
1840,84
1927,86
1881,85
1670,78
1783,82
1680,77
1832,84
1862,84
1747,81
1853,84
1830,84
1791,82
1679,76
1586,75
1836,84
1904,86
1706,77
1838,84
1752,79
1900,86
1858,84
1925,86
1578,75
1776,82
1833,83
1898,86
1758,81
1662,78
1898,86
1807,82
1814,83
1898,86
1673,78
1642,77
1898,86
1898,86
1763,81
1898,85
1898,86
1898,86
1848,84
1747,81
1772,81
1900,86
1902,86
1822,82
1878,85
1862,84
1764,81
1862,84
1538,75
1898,86
1809,82
1868,85
1903,85
1849,85
1721,81
1864,84
1624,74
1808,83
1671,77
1657,76
1362,65
1821,84
1852,84
1862,84
1898,86
1805,82
1874,85
1829,82
1824,83
1528,71
1925,86
1843,84
1835,84
1898,86
1621,76
1898,86
1898,86
1708,77
1838,83
1890,85
1914,86
1718,76
1835,85
1898,86
1824,83
1742,81
1804,80
1577,75
1898,86
1765,81
1793,82
1898,86
1849,84
1826,84
1792,81
1772,81
1900,86
1798,82
1660,77
1873,85
1765,81
1844,84
1661,77
1625,76
1798,80
1615,76
1860,85
1765,82
1865,84
1918,86
1768,81
1898,86
1898,86
1851,84
1902,86
1626,77
1624,76
1888,85
1721,78
1504,70
1677,78
1422,70
1898,86
1783,81
1908,86
1878,85
1592,73
1898,86
1898,86
1627,74
1719,80
1848,83
1722,79
1871,85
1917,86
1898,86
1935,85
1808,83
1492,73
1817,83
1731,79
1870,84
1617,77
1673,79
1667,76
1777,82
1604,75
1763,81
1756,79
1741,80
1772,82
1898,86
1897,85
1753,81
1898,86
1898,86
1838,84
1831,84
1871,85
1666,78
1715,80
1774,81
1864,83
1696,78
1765,82
1695,79
1566,75
1898,86
1898,86
1902,86
1785,82
1898,85
1898,86
1845,84
1898,86
1758,81
1803,83
1738,81
1742,78
1671,78
1752,78
1682,77
1749,81
1737,80
1821,83
1673,76
1805,83
1898,86
1853,84
1898,86
1791,83
1705,80
1590,74
1679,79
1758,80
1763,80
1764,80
1673,77
1828,83
1730,79
1715,81
1779,81
1823,83
1788,82
1757,78
1898,86
1898,86
1687,78
1896,86
1701,78
1871,85
1761,80
1896,86
1724,80
1840,84
1507,71
1896,86
1831,83
1863,84
1643,76
1603,75
1753,79
1789,82
1583,74
1625,76
1896,86
1896,86
1759,81
1900,85
1732,81
1655,79
1872,85
1900,85
1743,80
1896,86
1828,84
1896,86
1900,86
1795,83
1859,84
1654,77
1847,84
1802,83
1473,71
1923,86
1570,73
1896,86
1817,82
1896,86
1653,75
1723,80
1880,85
1841,84
1675,77
1565,75
1649,76
1706,78
1726,80
1817,83
1902,86
1802,81
1630,74
1656,78
1896,86
1648,76
1709,80
1734,80
1734,80
1889,85
1896,86
1896,86
1699,79
1579,73
1678,78
1763,82
1864,85
1719,79
1896,86
1896,86
1902,86
1663,77
1726,81
1778,82
1869,85
1870,85
1896,86
1716,77
1868,85
1857,84
1817,83
1584,72
1813,81
1923,86
1691,73
1817,83
1658,76
1688,77
1842,84
1896,86
1808,83
1896,86
1658,77
1748,81
1825,83
1736,81
1669,75
1898,86
1629,72
1702,80
1595,72
1759,82
1669,74
1776,82
1726,78
1869,85
1817,83
1898,86
1896,86
1879,85
1695,78
1694,79
1458,71
1761,80
1772,80
1607,76
1898,86
1825,83
1554,74
1837,84
1660,77
1896,86
1832,82
1817,83
1803,82
1851,84
1587,73
1864,84
1790,81
1784,80
1561,74
1724,79
1793,82
1615,73
1712,80
1606,75
1896,86
1880,85
1896,86
1659,78
1524,71
1756,81
1604,72
1517,72
1896,86
1898,86
1904,86
1775,81
1672,77
1708,79
1774,80
1740,79
1819,83
1896,86
1783,82
1870,85
1734,80
1751,81
1774,82
1551,72
1902,86
1828,84
1896,86
1500,71
1834,83
1629,74
1896,86
1848,84
1751,81
1608,73
1756,81
1896,86
1745,80
1627,76
1859,84
1778,83
1896,86
1564,72
1726,79
1885,85
1631,76
1870,85
1628,77
1680,79
1794,80
1896,86
1701,76
1699,78
1896,86
1629,76
1713,77
1575,73
1896,86
1678,77
1704,78
1651,79
1813,83
1772,81
1587,73
1559,72
1716,80
1687,79
1765,81
1850,84
1578,74
1896,86
1761,80
1589,77
1546,72
1651,78
1896,86
1689,78
1652,78
1734,80
1896,86
1698,80
1870,85
1707,76
1576,71
1896,86
1896,86
1866,85
1764,82
1726,75
1896,86
1682,78
1637,76
1896,86
1848,84
1637,75
1902,86
1896,86
1829,83
1826,83
1817,83
1699,79
1593,73
1776,81
1819,83
1802,82
1630,77
1753,81
1614,74
1814,83
1714,80
1896,86
1663,74
1577,72
1829,78
1722,79
1813,81
1867,85
1705,80
1690,77
1800,83
1864,85
1778,82
1749,80
1735,80
1824,83
1896,86
1657,77
1879,84
1670,78
1514,71
1613,75
1896,86
1697,80
1763,82
1682,79
1821,82
1896,86
1856,84
1641,76
1769,82
1683,75
1880,85
1896,86
1793,81
1611,72
1801,83
1682,77
1779,78
1783,81
1813,83
1829,82
1794,81
1852,84
1896,86
1896,86
1809,84
1585,76
1691,78
1768,82
1595,75
1743,77
1582,74
1796,80
1811,82
1649,79
1880,85
1902,86
1659,77
1852,84
1683,79
1718,80
1683,79
1641,75
1697,79
1898,86
1706,78
1649,73
1685,78
1593,75
1674,76
1861,84
1768,81
1841,84
1646,77
1822,84
1850,84
1734,77
1829,82
1620,75
1872,85
1678,77
1896,86
1896,86
1672,73
1504,70
1857,84
1689,79
1744,81
1771,82
1909,85
1879,84
1804,83
1548,72
1689,79
1838,84
1590,76
1709,76
1701,77
1906,85
1594,77
1475,68
1885,84
1899,85
1873,85
1799,82
1896,86
1720,78
1672,74
1820,81
1802,83
1896,86
1710,75
1587,76
1624,76
1896,86
1926,86
1847,84
1611,75
1839,83
1732,79
1837,84
1678,73
1638,78
1834,84
1717,79
1609,75
1896,86
1913,85
1896,86
1678,77
1533,71
1900,85
1620,75
1896,86
1803,82
1896,86
1844,84
1896,86
1763,82
1770,82
1766,81
1864,85
1669,79
1716,80
1896,86
1764,77
1636,77
1896,86
1818,83
1641,76
1833,84
1824,83
1842,83
1615,73
1896,86
1827,83
1896,86
1646,77
1659,75
1809,83
1817,82
1645,78
1816,83
1817,83
1800,83
1874,83
1922,86
1884,85
1795,82
1739,78
1795,82
1818,83
1680,79
1784,82
1790,83
1576,73
1825,82
1762,80
1900,85
1900,86
1693,78
1898,86
1534,70
1896,86
1701,77
1805,82
1901,85
1754,80
1710,79
1773,81
1896,86
1701,78
1802,83
1613,75
1759,81
1622,75
1896,86
1906,85
1683,78
1896,86
1896,86
1570,74
1720,78
1828,84
1827,83
1685,78
1629,75
1792,82
1635,76
1817,83
1839,84
1898,86
1896,86
1742,81
1455,68
1459,67
1653,77
1900,86
1691,79
1896,86
1897,84
1896,86
1762,79
1659,73
1851,83
1867,85
1821,83
1784,81
1896,86
1870,84
1699,79
1839,84
1776,80
1643,77
1706,79
1896,86
1766,82
1597,75
1669,76
1871,85
1522,73
1727,80
1650,75
1783,82
1819,83
1810,83
1567,72
1597,75
1758,81
1708,80
1843,84
1604,75
1896,86
1707,80
1775,80
1896,86
1871,83
1783,81
1831,83
1903,85
1465,68
1866,85
1914,86
1804,83
1771,82
1769,79
1693,76
1892,85
1836,84
1830,83
1630,76
1898,86
1896,86
1850,84
1897,85
1582,74
1658,75
1864,85
1776,81
1896,86
1896,86
1900,85
1769,81
1899,85
1861,84
1896,86
1773,80
1743,78
1896,86
1696,78
1867,85
1643,78
1830,83
1836,83
1666,76
1801,83
1823,83
1648,75
1755,81
1904,86
1869,85
1827,83
1703,77
1629,76
1896,86
1921,85
1872,85
1707,79
1810,82
1896,86
1654,73
1706,79
1867,85
1868,85
1619,77
1896,86
1698,80
1691,78
1798,83
1856,84
1875,85
1686,78
1744,81
1770,82
1654,74
1763,81
1649,79
1896,86
1612,75
1608,75
1638,74
1721,79
1897,85
1662,77
1692,76
1896,86
1896,86
1836,84
1798,83
1819,84
1819,84
1810,83
1835,84
1867,85
1644,76
1883,83
1764,80
1748,80
1759,80
1896,86
1648,77
1896,86
1683,79
1562,75
1896,86
1955,86
1555,70
1574,71
1828,83
1852,84
1543,74
1899,85
1459,66
1777,82
1806,82
1664,77
1646,73
1780,81
1574,71
1793,83
1887,85
1851,84
1822,83
1772,81
1618,76
1900,85
1806,83
1750,80
1621,74
1866,85
1718,77
1669,77
1838,84
1595,74
1852,84
1889,85
1879,85
1690,78
1896,86
1794,82
1678,77
1598,76
1898,85
1906,86
1713,80
1884,84
1444,67
1766,82
1521,72
1688,78
1879,85
1901,85
1895,85
1679,79
1557,72
1543,74
1708,79
1735,80
1896,86
1874,84
1896,86
1774,81
1828,83
1659,76
1556,75
1841,82
1882,85
1643,75
1896,86
1727,79
1722,80
1867,85
1767,82
1645,75
1703,78
1697,78
1800,83
1779,81
1896,86
1898,86
1646,73
1565,73
1827,80
1789,82
1656,74
1640,71
1744,80
1896,86
1900,86
1773,81
1771,82
1849,80
1641,77
1866,85
1896,86
1759,81
1798,82
1678,77
1867,85
1898,85
1789,83
1624,74
1879,84
1661,74
1875,85
1740,81
1700,80
1776,80
1561,72
1896,85
1821,82
1606,74
1835,84
1813,83
1766,81
1896,86
1814,79
1894,85
1808,81
1606,74
1803,83
1623,78
1783,81
1906,85
1599,74
1776,82
1725,80
1762,77
1642,72
1821,83
1727,80
1878,85
1896,86
1843,82
1858,84
1870,85
1595,75
1898,86
1653,75
1744,80
1696,78
1649,76
1790,81
1693,78
1884,85
1799,82
1921,85
1944,86
1875,83
1896,86
1877,85
1711,77
1773,82
1845,84
1879,85
1896,86
1722,77
1740,81
1849,83
1656,76
1738,80
1896,86
1879,85
1617,76
1768,81
1896,86
1791,82
1727,80
1819,82
1823,83
1834,84
1896,86
1896,86
1645,76
1765,82
1744,80
1696,77
1845,84
1896,86
1900,85
1896,86
1896,86
1641,77
1691,79
1879,85
1694,77
1898,86
1820,84
1556,74
1908,86
1896,86
1600,75
1896,86
1675,75
1821,83
1779,83
1803,83
1557,72
1709,78
1682,79
1783,81
1820,83
1760,80
1884,84
1771,82
1867,85
1786,80
1797,83
1802,83
1765,81
1900,86
1591,72
1867,85
1635,76
1669,76
1659,78
1721,78
1836,83
1858,84
1677,77
1845,84
1837,83
1879,85
1896,86
1896,86
1898,86
1919,86
1806,83
1619,74
1669,77
1844,84
1896,86
1872,85
1672,76
1896,86
1600,73
1629,73
1613,72
1498,74
1898,86
1728,77
1847,80
1754,77
1474,71
1724,79
1616,75
1896,86
1896,86
1896,86
1617,72
1757,79
1864,84
1785,82
1824,80
1896,86
1900,86
1657,76
1702,80
1876,85
1721,80
1682,79
1914,86
1756,79
1784,81
1829,82
1902,86
1836,80
1710,75
1836,84
1870,85
1896,86
1677,73
1867,85
1819,82
1896,86
1896,86
1896,86
1784,81
1896,86
1506,73
1849,80
1870,85
1644,77
1850,84
1845,81
1896,86
1760,81
1782,79
1836,84
1843,84
1729,80
1879,85
1896,86
1864,84
1477,68
1639,74
1896,86
1823,83
1904,86
1855,84
1684,77
1880,85
1606,74
1476,70
1818,82
1870,84
1867,85
1899,85
1870,85
1905,85
1896,86
1626,75
1776,80
1815,83
1790,82
1873,85
1862,85
1881,85
1774,80
1896,86
1932,85
1749,78
1732,80
1896,86
1635,76
1589,70
1896,86
1699,78
1944,86
1784,81
1688,74
1675,77
1781,80
1839,84
1868,85
1896,86
1815,81
1635,77
1709,79
1842,84
1896,86
1793,82
1847,83
1928,86
1896,86
1900,86
1856,84
1593,75
1897,85
1936,85
1760,79
1896,86
1896,86
1896,86
1830,83
1846,84
1722,78
1799,81
1617,75
1878,85
1571,73
1930,85
1476,68
1662,78
1669,74
1703,75
1904,86
1845,84
1896,86
1779,82
1731,81
1763,81
1460,68
1665,77
1833,84
1826,84
1536,69
1900,86
1641,77
1604,73
1569,74
1800,82
1630,75
1630,75
1623,76
1896,86
1896,86
1896,86
1819,82
1896,86
1839,84
1866,85
1586,75
1772,80
1900,86
1866,85
1759,79
1868,84
1787,80
1896,86
1896,86
1870,85
1896,86
1767,78
1848,84
1809,78
1771,79
1575,74
1618,71
1670,78
1896,86
1789,82
1682,76
1810,82
1727,78
1734,79
1702,76
1870,85
1693,78
1896,86
1525,71
1679,77
1765,79
1869,85
1742,80
1667,75
1637,75
1850,84
1702,79
1896,86
1906,86
1875,85
1896,86
1849,84
1834,84
1867,84
1847,85
1630,76
1806,83
1574,73
1766,81
1896,86
1887,85
1918,85
1685,79
1645,75
1896,86
1858,83
1841,82
1822,84
1896,86
1797,82
1880,85
1900,85
1694,79
1860,84
1758,81
1892,82
1608,74
1645,75
1693,77
1579,73
1686,75
1853,84
1878,85
1697,77
1896,86
1896,86
1900,86
1761,80
1896,86
1729,77
1826,83
1788,81
1731,81
1896,86
1823,84
1525,70
1903,86
1781,81
1548,70
1871,85
1647,77
1864,84
1872,85
1726,80
1691,78
1828,83
1743,80
1672,77
1667,75
1862,84
1877,85
1818,82
1677,77
1896,86
1667,77
1599,76
1585,73
1900,86
1601,73
1726,79
1846,84
1803,83
1857,84
1768,82
1896,86
1827,82
1908,86
1898,86
1896,86
1636,76
1649,77
1874,84
1691,77
1658,75
1692,79
1646,77
1760,80
1878,85
1861,84
1674,77
1908,86
1900,86
1811,83
1830,83
1652,76
1836,84
1739,81
1869,84
1781,79
1877,85
1896,86
1774,82
1905,85
1811,82
1780,81
1773,79
1848,84
1896,86
1832,84
1340,66
1858,84
1699,78
1896,86
1879,85
1896,86
1750,77
1638,75
1896,86
1523,72
1898,86
1696,78
1833,84
1763,82
1888,85
1598,75
1697,75
1867,85
1884,85
1705,78
1878,85
1866,85
1399,65
1757,79
1709,79
1786,81
1896,86
1711,79
1896,86
1689,75
1866,83
1642,75
1896,86
1872,85
1645,77
1634,76
1722,80
1565,73
1900,86
1819,83
1567,71
1871,84
1620,74
1632,77
1720,80
1904,86
1865,85
1866,85
1729,77
1847,84
1896,86
1852,85
1557,73
1896,86
1836,84
1710,79
1870,85
1846,84
1557,71
1884,85
1855,84
1849,84
1568,74
1561,70
1902,86
1900,86
1753,80
1549,71
1615,74
1870,85
1950,86
1582,73
1642,78
1897,85
1805,82
1904,86
1896,86
1795,82
1651,75
1661,76
1699,77
1502,68
1822,83
1896,86
1868,85
1898,86
1902,86
1896,86
1737,80
1815,82
1829,84
1853,84
1737,78
1880,85
1878,84
1597,73
1674,77
1896,86
1567,70
1736,78
1896,86
1796,81
1812,83
1683,78
1564,73
1750,81
1736,78
1768,80
1858,85
1635,73
1715,80
1848,82
1916,86
1846,84
1800,81
1672,76
1896,86
1841,84
1794,82
1850,82
1586,75
1743,76
1838,84
1865,84
1779,81
1834,84
1701,78
1701,78
1861,82
1847,82
1838,84
1902,86
1754,80
1636,77
1793,83
1527,69
1690,77
1826,84
1782,82
1836,84
1542,73
1644,75
1750,79
1500,71
1733,80
1615,75
1900,86
1872,85
1537,71
1808,83
1859,80
1603,76
1468,72
1630,77
1752,81
1894,85
1925,86
1632,75
1736,79
1750,79
1896,86
1740,79
1716,79
1802,81
1800,79
1708,75
1898,84
1731,79
1870,85
1846,84
1638,74
1771,82
1896,86
1556,71
1875,84
1612,76
1916,86
1858,84
1779,79
1846,81
1948,85
1753,78
1805,82
1908,86
1722,77
1619,77
1826,80
1718,79
1585,71
1633,72
1862,84
1896,86
1741,79
1900,86
1821,83
1875,84
1896,86
1579,74
1646,77
1764,82
1579,74
1898,86
1770,82
1896,86
1812,83
1631,74
1896,86
1898,86
1669,78
1902,85
1664,77
1680,77
1761,78
1774,78
1645,75
1651,72
1896,86
1518,70
1896,86
1743,78
1896,86
1847,83
1869,85
1612,75
1900,86
1807,83
1852,83
1806,78
1552,73
1756,79
1896,86
1778,82
1689,76
1650,77
1898,86
1649,73
1900,86
1845,82
1788,79
1867,84
1752,80
1813,82
1746,80
1850,84
1756,80
1709,77
1691,73
1837,84
1896,86
1702,79
1712,79
1650,77
1878,85
1773,81
1872,84
1655,75
1896,86
1812,82
1775,81
1606,76
1577,74
1771,81
1669,77
1904,86
1521,70
1914,86
1842,83
1835,85
1896,86
1896,86
1589,73
1896,86
1803,82
1666,76
1613,75
1896,86
1815,83
1847,83
1751,80
1896,86
1563,71
1735,79
1927,86
1627,73
1826,83
1898,84
1900,86
1850,84
1736,77
1730,78
1670,76
1752,78
1834,83
1878,85
1898,86
1688,77
1673,78
1801,81
1832,81
1896,86
1605,75
1872,85
1741,79
1896,86
1655,75
1918,86
1852,83
1835,84
1600,73
1885,84
1918,86
1756,81
1601,73
1559,74
1824,83
1810,80
1831,83
1818,82
1896,86
1667,74
1896,86
1591,73
1544,73
1900,86
1790,81
1596,72
1855,84
1876,83
1846,84
1896,86
1900,86
1824,83
1896,86
1810,81
1896,86
1585,72
1896,86
1838,83
1873,84
1711,76
1610,73
1785,80
1760,79
1604,72
1896,86
1850,83
1767,81
1738,80
1918,84
1802,78
1534,70
1845,82
1728,78
1834,83
1840,83
1649,76
1814,81
1767,82
1896,86
1679,78
1799,82
1754,80
1863,81
1749,81
1781,80
1644,77
1732,76
1896,86
1896,86
1844,84
1870,85
1760,79
1860,82
1653,76
1858,85
1763,81
1825,81
1838,82
1814,81
1902,86
1804,83
1675,78
1446,70
1692,78
1599,74
1749,79
1687,79
1835,84
1898,86
1871,85
1857,84
1805,83
1862,85
1896,86
1934,85
1663,76
1750,80
1643,77
1675,74
1844,83
1784,76
1847,80
1900,86
1722,74
1869,84
1896,86
1735,80
1739,77
1630,75
1832,84
1797,83
1842,84
1856,84
1773,79
1757,78
1896,86
1896,86
1574,74
1751,80
1896,86
1856,85
1564,72
1853,84
1856,84
1790,82
1896,86
1781,81
1653,72
1742,79
1898,86
1554,74
1645,76
1896,86
1774,82
1746,79
1861,83
1912,86
1699,79
1563,75
1663,79
1748,79
1590,75
1625,76
1799,82
1896,86
1896,86
1849,84
1774,82
1896,86
1847,84
1818,83
1905,83
1632,75
1429,69
1896,86
1493,70
1706,76
1852,85
1868,85
1665,72
1559,74
1697,78
1865,83
1820,83
1783,81
1728,80
1838,84
1926,86
1872,85
1747,79
1756,81
1864,85
1559,71
1836,83
1855,82
1805,80
1849,84
1750,80
1896,86
1674,76
1900,85
1720,80
1902,86
1900,86
1828,79
1774,75
1531,72
1758,80
1847,82
1807,83
1877,85
1898,86
1850,84
1879,85
1715,80
1540,70
1896,86
1623,74
1854,84
1896,86
1900,86
1848,84
1888,85
1850,84
1886,85
1750,80
1784,82
1896,86
1898,86
1776,82
1835,84
1870,85
1797,83
1896,86
1686,76
1640,73
1898,86
1586,72
1621,75
1899,85
1702,76
1616,75
1564,72
1795,82
1851,82
1897,85
1896,86
1639,73
1896,86
1723,78
1830,82
1896,86
1896,86
1530,73
1841,81
1710,79
1798,82
1858,85
1896,86
1631,78
1822,83
1646,74
1873,85
1536,71
1806,81
1764,78
1658,77
1832,84
1581,74
1872,85
1896,86
1656,76
1865,85
1783,79
1639,72
1681,77
1504,70
1588,75
1900,86
1692,76
1879,85
1739,81
1653,76
1896,86
1779,82
1901,85
1569,74
1721,79
1673,76
1697,78
1638,72
1769,79
1794,81
1819,82
1836,82
1823,83
1696,77
1804,83
1647,79
1865,83
1839,83
1808,82
1715,80
1681,76
1788,82
1821,83
1693,79
1887,85
1857,84
1657,78
1766,81
1679,75
1900,85
1829,80
1848,84
1706,76
1896,86
1893,84
1687,78
1732,80
1870,84
1716,74
1464,69
1896,86
1863,84
1869,85
1621,72
1805,81
1830,84
1746,76
1896,86
1840,80
1823,83
1707,80
1637,76
1735,80
1896,86
1872,85
1870,85
1773,82
1898,86
1582,74
1816,84
1566,75
1896,86
1900,86
1838,84
1618,74
1661,76
1867,85
1569,74
1638,75
1923,86
1637,76
1701,78
1803,81
1583,73
1896,86
1830,80
1592,74
1846,83
1873,84
1659,76
1865,84
1854,84
1790,81
1731,80
1721,76
1517,69
1606,74
1746,81
1551,73
1727,79
1971,87
1971,87
1937,86
1770,79
1975,87
1967,87
1967,87
1681,74
1667,77
1967,87
1657,76
1646,78
1677,78
1701,80
1914,85
1503,70
1908,85
1855,82
1967,87
1928,85
1606,74
1840,84
1809,80
1867,82
1599,73
1956,86
1662,76
1796,80
1918,86
1898,85
1686,77
1642,75
1659,76
1918,86
1753,79
1784,79
1495,71
1874,83
1827,81
1894,85
1967,87
1819,78
1917,85
1906,85
1833,82
1775,79
1922,86
1967,87
1967,87
1971,87
1704,75
1388,66
1448,68
1898,85
1898,84
1849,81
1703,75
1531,71
1838,83
1824,83
1930,86
1950,86
1697,77
1906,85
1900,86
1797,78
1730,80
1975,87
1798,80
1666,77
1754,75
1691,78
1896,82
1967,87
1565,71
1759,79
1658,79
1837,83
1967,87
1861,83
1857,84
1693,77
1973,87
1579,75
1728,76
1928,85
1971,87
1825,82
1940,86
1948,86
1699,78
1965,86
1940,86
1967,87
1667,77
1922,86
1831,80
1901,84
1906,84
1969,87
1928,86
1821,82
1967,87
1643,75
1607,76
1885,85
1625,76
1989,87
1967,87
1809,82
1587,75
1711,76
1794,79
1827,81
1967,87
1876,83
1689,77
1932,86
1634,76
1762,79
1850,84
1801,80
1771,79
1840,83
1947,86
1906,86
1633,73
1950,86
1965,87
1892,85
1781,79
1518,70
1947,86
1965,87
1582,74
1967,87
1965,87
1943,85
1965,87
1500,70
1661,77
1862,84
1963,86
1712,78
1965,87
1913,85
1932,86
1965,87
1965,87
1941,86
1611,74
1840,83
1712,78
1727,78
1749,78
1672,76
1847,81
1548,74
1789,78
1798,77
1850,84
1778,79
1845,81
1808,80
1937,86
1965,87
1749,82
1626,76
1646,76
1816,81
1867,84
1681,75
1911,85
1722,78
1965,87
1850,84
1734,79
1965,87
1831,81
1868,84
1643,75
1940,86
1924,86
1701,73
1747,78
1965,87
1855,81
1730,80
1967,87
1965,87
1704,77
1896,85
1967,87
1964,86
1561,72
1965,87
1894,85
1863,84
1636,74
1797,82
1785,81
1779,80
1908,84
1971,86
1642,71
1965,87
1672,76
1652,78
1733,75
1939,86
1934,86
1973,87
1855,83
1602,74
1753,79
1967,87
1782,81
1971,87
1718,78
1965,87
1963,87
1965,87
1914,85
1965,87
1679,78
1825,81
1772,80
1963,87
1760,80
1574,71
1965,87
1834,81
1934,86
1944,86
1832,82
1751,78
1560,73
1983,87
1963,87
1646,74
1829,80
1776,82
1692,76
1840,82
1848,82
1727,79
1802,80
1833,82
1965,87
1651,75
1878,84
1722,77
1863,84
1592,75
1735,79
1786,81
1657,76
1733,75
1652,76
1683,77
1701,74
1680,76
1910,84
1963,87
1715,78
1590,72
1963,87
1902,84
1854,83
1967,87
1892,85
1536,72
1759,80
1551,70
1744,76
1733,75
1927,86
1967,87
1962,86
1963,87
1876,84
1754,80
1829,84
1965,87
1795,80
1568,70
1848,84
1981,87
1963,87
1963,87
1829,81
1765,79
1963,87
1910,84
1906,85
1941,86
1540,71
1732,81
1799,78
1963,87
1906,84
1965,87
1764,79
1622,77
1761,78
1833,82
1744,79
1971,87
1964,87
1906,86
1735,77
1715,80
1963,87
1665,78
1898,84
1846,82
1887,84
1697,77
1958,86
1681,76
1795,80
1941,86
1592,72
1908,85
1818,80
1936,86
1929,86
1733,81
1963,87
1751,80
1796,80
1702,80
1894,84
1566,73
1634,73
1963,87
1942,86
1973,87
1963,87
1728,80
1827,80
1714,78
1610,74
1969,87
1763,80
1842,82
1937,86
1653,73
1755,79
1782,81
1921,84
1647,74
1663,77
1743,79
1965,87
1640,73
1730,77
1860,83
1929,86
1568,70
1802,80
1940,86
1610,75
1963,87
1518,70
1964,86
1902,85
1762,80
1902,85
1696,75
1969,87
1634,73
1576,71
1963,87
1788,80
1869,84
1684,74
1795,81
1750,79
1738,79
1749,80
1836,83
1674,76
1894,84
1866,83
1842,83
1503,68
1786,81
1930,85
1641,73
1863,84
1963,87
1834,82
1757,78
1963,87
1946,86
1969,87
1812,81
1896,85
1915,85
1673,75
1825,81
1918,85
1933,86
1840,81
1969,87
1896,85
1916,86
1864,84
1679,77
1665,75
1685,77
1806,82
1965,87
1884,85
1908,85
1922,86
1865,83
1750,80
1695,74
1586,73
1823,82
1894,84
1965,87
1963,87
1812,81
1935,86
1678,76
1631,74
1660,76
1963,87
1728,80
1942,86
1963,87
1590,74
1943,86
1907,85
1529,71
1963,87
1965,87
1999,87
1911,84
1886,84
1965,87
1768,80
1528,71
1918,86
1565,71
1933,86
1936,86
1838,81
1873,85
1786,81
1889,85
1727,81
1596,70
1788,81
1904,85
1724,74
1608,75
1692,78
1783,81
1565,71
1745,80
1785,81
1815,82
1976,86
1673,76
1756,81
1817,82
1967,87
1965,87
1574,74
1686,76
1963,87
1911,85
1918,86
1669,75
1693,75
1938,86
1772,82
1718,78
1869,84
1740,74
1695,78
1945,86
1750,77
1728,78
1841,83
1790,80
1843,80
1799,82
1905,85
1590,72
1556,73
1856,83
1540,73
1963,87
1928,85
1723,77
1963,87
1740,79
1677,73
1819,82
1962,86
1723,76
1734,77
1963,87
1702,76
1672,77
1859,85
1916,85
1623,75
1658,76
1830,81
1884,85
1997,86
1971,87
1685,79
1722,77
1963,87
1674,75
1898,85
1656,79
1890,85
1971,87
1738,80
1666,77
1694,76
1967,87
1510,70
1690,75
1936,86
1783,80
1820,78
1858,82
1906,85
1906,85
1640,74
1803,82
1926,85
1899,85
1693,75
1965,87
1592,76
1729,78
1890,85
1841,81
1933,86
1634,74
1881,84
1922,86
1963,87
1854,84
1664,76
1969,87
1877,84
1874,85
1963,87
1710,79
1786,79
1963,87
1738,80
1779,79
1736,77
1963,87
1761,80
1963,87
1873,83
1949,86
1756,82
1912,86
1963,87
1844,83
1851,82
1613,70
1800,79
1843,82
1945,86
1976,86
1710,76
1912,86
1520,70
1963,87
1963,87
1963,87
1963,87
1633,76
1965,86
1740,80
1865,84
1913,85
1965,87
1710,77
1901,85
1948,86
1887,82
1639,73
1853,83
1963,87
1853,83
1807,80
1698,80
1672,79
1668,76
1949,86
1965,87
1639,76
1697,78
1963,87
1630,75
1963,87
1821,82
1965,87
1951,86
1965,87
1681,79
1597,72
1687,76
1654,75
1963,87
1735,75
1945,86
1898,85
1741,81
1813,79
1932,85
1697,79
1939,85
1584,74
1856,83
1945,86
1730,79
1715,78
1748,80
1963,87
1889,85
1760,80
1646,74
1967,87
1696,77
1879,84
1885,84
1703,79
1797,81
1809,81
1575,74
1632,76
1963,87
1644,75
1960,87
1962,87
1830,82
1966,87
1960,87
1694,78
1830,80
1875,83
1960,87
1591,75
1833,81
1834,83
1877,84
1845,82
1576,73
1960,87
1824,82
1960,87
1911,86
1692,77
1960,87
1854,84
1699,78
1934,86
1734,81
1913,85
1901,86
1720,76
1581,72
1924,86
1877,84
1766,80
1939,86
1938,86
1876,82
1966,87
1960,87
1964,87
1631,76
1964,87
1877,84
1644,78
1844,83
1895,85
1962,87
1960,87
1814,81
1960,87
1642,74
1630,76
1942,86
1846,83
1854,84
1677,75
1962,87
1724,79
1833,81
1769,79
1824,82
1962,87
1929,86
1899,86
1652,74
1724,79
1577,75
1929,86
1889,82
1614,70
1916,86
1868,78
1962,87
1911,86
1960,87
1519,70
1848,83
1960,87
1836,82
1855,83
1825,83
1960,87
1799,81
1898,83
1860,83
1854,84
1797,80
1793,81
1803,81
1850,82
1854,84
1618,73
1744,78
1808,80
1714,77
1766,80
1767,79
1713,79
1838,81
1979,87
1584,73
1960,87
1698,77
1674,77
1629,76
1806,80
1629,74
1960,87
1920,84
1759,79
1631,74
1962,87
1893,85
1964,87
1930,86
1678,76
1528,73
1802,80
1957,86
1960,87
1798,81
1794,80
1737,79
1941,86
1989,86
1918,84
1973,86
1859,84
1657,76
1990,87
1962,87
1960,87
1985,86
1688,73
1783,76
1925,85
1866,82
1616,72
1900,85
1760,77
1962,87
1877,84
1663,76
1754,79
1960,87
1968,87
1835,82
1982,84
1591,75
1878,84
1831,80
1740,78
1873,83
1881,84
1929,86
1916,86
1721,77
1810,79
1813,82
1831,83
1604,73
1826,82
1968,87
1660,73
1623,72
1962,87
1667,78
1638,76
1860,83
1876,84
1922,86
1609,72
1689,75
1519,74
1658,74
1624,74
1595,74
1793,81
1519,74
1964,87
1612,75
1872,82
1663,74
1619,73
1527,72
1806,79
1722,76
1792,81
1695,78
1792,81
1669,77
1711,73
1736,78
1924,86
1889,84
1960,87
1479,70
1960,87
1664,74
1842,83
1697,77
1960,87
1896,85
1870,84
1819,82
1869,84
1854,82
1680,75
1941,86
1896,85
1845,82
1843,81
1805,82
1633,72
1513,70
1864,84
1810,81
1522,72
1873,85
1861,84
1792,81
1950,85
1960,87
1651,76
1700,79
1727,78
1634,73
1960,87
1562,74
1804,79
1962,87
1794,80
1760,77
1960,87
1900,84
1584,74
1956,87
1961,87
1956,87
1955,86
1430,67
1880,85
1956,87
1958,87
1956,87
1894,83
1877,82
1748,81
1659,77
1897,84
1776,77
1667,76
1958,87
1960,87
1958,87
1938,86
1853,83
1838,82
1960,86
1956,87
1848,84
1660,73
1906,85
1679,78
1689,79
1956,87
1958,87
1956,87
1752,80
1898,83
1907,85
1919,85
1687,74
1913,86
1954,87
1465,69
1883,84
1773,79
1839,82
1554,70
1954,87
1954,87
1954,87
1512,70
1682,76
1846,84
1834,82
1954,87
1954,86
1558,71
1773,78
1781,77
1954,87
1848,84
1641,76
1795,83
1954,87
1783,80
1886,85
1896,85
1823,82
1748,81
1779,79
1836,81
1763,79
1981,86
1926,86
1959,87
1771,76
1955,86
1786,81
1893,84
1680,76
1954,87
1748,80
1956,87
1756,79
1954,87
1505,71
1962,87
1954,87
1850,84
1596,72
1954,87
1846,84
1873,84
1954,87
1722,75
1793,82
1689,75
1737,78
1903,86
1962,87
1962,87
1686,77
1919,85
1896,84
1987,87
1914,86
1873,84
1844,83
1882,83
1962,87
1613,74
1964,87
1954,87
1716,74
1629,76
1803,78
1655,73
1958,87
1921,86
1954,87
1958,87
1961,86
1958,87
1902,85
1819,82
1936,86
1947,86
1742,75
1985,87
1682,75
1958,87
1954,87
1954,87
1933,86
1678,79
1895,84
1912,84
1949,86
1931,85
1565,73
1794,80
1528,71
1758,77
1954,87
1905,85
1891,85
1830,82
1956,87
1954,87
1782,81
1705,78
1861,84
1738,79
1884,85
1952,87
1956,87
1720,78
1952,87
1952,87
1754,76
1877,84
1787,79
1960,87
1697,77
1716,79
1952,87
1776,78
1716,79
1941,86
1678,76
1955,87
1630,73
1930,86
1725,79
1793,81
1793,83
1797,81
1957,87
1956,87
1964,87
1917,86
1942,86
1871,83
1651,74
1728,80
1733,81
1792,81
1961,87
1816,81
1850,83
1952,87
1787,80
1674,75
1803,82
1669,76
1879,83
1643,73
1952,87
1743,77
1714,76
1727,79
1910,86
1772,79
1620,75
1931,86
1885,85
1784,81
1859,84
1707,75
1952,87
1859,84
1972,86
1688,74
1477,70
1758,79
1529,73
1926,86
1956,87
1845,83
1867,84
1675,77
1961,87
1889,85
1838,81
1948,86
1917,85
1734,77
1933,86
1952,87
1758,78
1704,76
1956,87
1952,87
1670,76
1948,86
1983,87
1950,87
1952,87
1835,84
1935,86
1729,77
1953,87
1904,84
1878,85
1971,85
1924,86
1865,82
1657,77
1844,83
1950,87
1954,87
1950,87
1846,84
1952,87
1788,80
1736,79
1736,80
1784,81
1745,79
1950,87
1958,87
1526,70
1643,77
1847,83
1950,87
1947,86
1650,73
1910,86
1886,85
1950,87
1914,86
1646,74
1753,79
1769,80
1954,87
1894,85
1952,87
1789,82
1741,80
1873,83
1760,80
1950,87
1846,84
1950,87
1961,87
1605,72
1853,84
1960,87
1655,74
1753,79
1907,84
1686,76
1950,87
1944,87
1946,87
1634,74
1795,79
1793,83
1944,87
1936,86
1534,72
1715,76
1825,83
1764,81
1705,79
1944,87
1577,71
1979,87
1878,83
1948,87
1944,87
1952,87
1880,83
1832,81
1886,82
1763,81
1864,84
1902,85
1462,68
1957,87
1954,87
1797,82
1839,84
1683,76
2057,86
1785,82
1903,85
1665,76
1785,78
1723,81
1815,82
1806,83
1875,84
1803,83
1944,87
1927,86
1662,73
1720,77
1944,87
1856,83
1944,87
1756,80
1806,79
1969,87
1760,80
1944,87
1454,66
1713,79
1654,78
1948,86
1921,86
1727,79
1912,85
2057,86
1857,80
1856,84
1587,72
1864,85
1946,87
1844,81
1900,86
1542,70
1916,85
1592,73
1936,85
1806,81
1902,86
1944,87
1904,86
1946,87
1712,79
1916,86
1750,78
1881,84
1944,87
1944,87
1946,87
1571,74
1796,80
1952,87
1944,87
1856,84
1694,77
1799,78
1902,86
1885,86
1942,87
1919,86
1662,78
1950,87
1936,87
1938,87
1683,76
1916,85
1816,83
1780,81
1697,74
1936,87
1942,87
1936,87
1773,79
1852,83
1869,84
1663,79
1736,81
1936,87
1936,87
1936,87
1618,74
1906,86
1716,79
1910,86
1950,87
1757,81
1596,75
1690,79
1528,71
1820,81
1911,85
1582,76
1910,86
1647,77
1737,81
1802,84
1936,87
1833,84
1940,87
1676,75
1731,79
1765,82
1936,87
1891,85
1801,83
1938,87
1881,82
1936,87
1726,79
1936,87
1963,86
1659,74
1923,84
1540,72
1936,87
1671,77
1830,83
1757,79
1879,85
1810,82
1792,81
1742,81
1709,76
1614,72
1684,77
1706,76
1699,76
1938,87
1854,85
1938,87
1936,87
1865,85
1882,85
1749,78
1589,76
1720,80
1936,87
1789,83
1807,83
1871,85
1682,78
1807,83
1938,87
1856,85
1936,87
1806,81
1776,82
1775,82
1942,87
1906,86
1838,83
1837,84
1854,84
1741,77
1888,83
1761,78
1683,76
1532,75
1917,84
1618,73
1792,82
1879,85
1878,85
1480,71
1873,85
1936,87
1501,70
1788,83
1764,81
1734,78
1683,77
1807,83
1880,83
1936,87
1810,81
1948,87
1839,84
1586,72
1695,74
1936,87
1778,77
1938,87
1836,84
1936,87
1652,74
1934,87
1930,86
1903,86
1673,73
1934,87
1948,84
1659,74
1918,86
1847,81
1759,81
1900,85
1742,78
1825,82
1934,87
1683,79
1856,84
1907,86
1938,87
1826,84
1918,86
1779,79
1655,75
1905,85
1759,79
1934,87
1774,83
1720,80
1957,87
1934,87
1938,87
1617,73
1712,78
1938,87
1887,85
1684,75
1837,80
1880,85
1734,78
1842,84
1914,86
1918,86
1934,87
1904,86
1934,87
1834,83
1939,87
1700,78
1934,87
1859,85
1934,87
1934,87
1913,86
1882,85
1934,87
1877,85
1836,84
1934,87
1860,85
1863,85
1860,85
1965,86
1910,86
1872,85
1939,87
1742,76
1860,85
1843,84
1828,84
1728,77
1836,84
1845,85
1904,86
1856,85
1936,87
1886,81
1831,83
1666,75
1715,80
1934,87
1876,85
1911,86
1893,83
1934,87
1835,84
1934,87
1746,79
1993,85
1659,75
1795,83
1934,87
1791,81
1588,72
1846,84
1910,86
1657,75
1801,81
1837,84
1878,85
1755,80
1932,87
1703,79
1813,83
1901,86
1940,87
1744,77
1866,85
1827,83
1932,87
1852,83
1918,85
1816,84
1830,84
1718,78
1942,87
1888,83
1940,87
1936,87
1678,75
1810,79
1671,76
1570,70
1758,81
1792,82
1757,80
1681,79
1762,81
1735,80
1932,87
1572,75
1621,74
1824,83
1837,83
1875,85
1866,85
1722,78
1932,87
1942,87
1932,87
1678,75
1934,87
1831,84
1741,79
1932,87
1786,82
1675,76
1932,87
1771,82
1934,87
1625,73
1800,81
1932,87
1879,85
1655,74
1932,87
1934,87
1583,74
1932,87
1765,82
1884,84
1549,71
1829,82
1810,82
1932,87
1960,85
1894,86
1817,81
1571,73
1762,81
1951,87
1898,86
1760,77
1662,75
1934,87
1930,86
1932,87
1630,75
1593,72
1850,82
1578,71
1932,87
1932,87
1937,86
1837,82
1852,84
1574,72
1736,80
1884,84
1661,76
1894,82
1841,84
1826,84
1813,82
1812,82
1879,83
1738,80
1930,87
1710,79
1932,87
1905,86
1761,82
1915,86
1882,83
1753,81
1930,87
1951,85
1934,87
1885,86
1897,86
1586,74
1730,81
1847,84
1728,77
1771,80
1680,78
1659,77
1936,87
1757,80
1934,87
1802,78
1828,84
1939,85
1701,79
1677,77
1858,83
1695,79
1771,82
1930,87
1815,83
1900,85
1825,80
1872,85
1903,86
1908,85
1809,83
1870,84
1829,84
1392,68
1932,87
1847,84
1845,84
1603,74
1881,86
1654,75
1938,87
1672,78
1868,83
1868,85
1902,86
1932,87
1898,86
1772,78
1729,76
1724,78
1776,82
1583,74
1911,84
1847,83
1782,81
1977,85
1583,76
1930,87
1896,81
1891,86
1586,74
1599,72
1876,83
1583,74
1698,75
1915,86
1895,85
1930,87
1868,84
1930,87
1758,80
1822,84
1901,85
1932,87
1569,73
1655,75
1836,83
1595,74
1570,72
1907,86
1816,82
1930,87
1873,85
1957,87
1951,87
1755,78
1882,83
1741,79
1930,87
1897,85
1554,72
1695,77
1932,87
1724,79
1930,87
1662,77
1896,86
1812,83
1817,81
1419,66
1886,85
1818,82
1705,79
1799,81
1825,84
1657,75
1752,81
1932,87
1694,78
1875,84
1839,84
1722,78
1900,84
1858,83
1928,87
1523,73
1893,85
1739,76
1930,87
1928,87
1928,87
1840,84
1700,80
1696,75
1547,73
1636,75
1928,87
1785,80
1896,86
1893,85
1770,81
1838,84
1942,87
1928,87
1741,81
1644,74
1879,84
1710,76
1928,87
1763,79
1894,83
1955,87
1843,81
1855,83
1910,86
1601,73
1930,87
1851,85
1938,87
1928,87
1758,78
1934,87
1932,87
1835,84
1881,86
1928,87
1932,87
1932,87
1912,86
1735,76
1844,84
1867,85
1696,79
1720,78
1697,76
1825,84
1770,78
1801,81
1648,76
1839,81
1948,87
1765,82
1595,73
1693,77
1835,84
1928,86
1729,80
1652,78
1770,82
1590,74
1936,87
1928,86
1928,87
1939,86
1485,70
1902,85
1610,72
1928,87
1884,85
1926,86
1709,79
1928,87
1900,86
1808,80
1492,71
1834,83
1913,86
1940,87
1885,86
1580,74
1622,73
1880,83
1879,84
1875,85
1491,66
1725,77
1591,74
1680,78
1712,79
1898,85
1548,71
1928,87
1575,72
1882,85
1852,81
1614,75
1914,86
1930,87
1379,66
1652,75
1662,75
1928,87
1615,72
1770,80
1718,78
1936,87
1777,81
1891,85
1928,87
1934,86
1862,85
1784,80
1812,84
1520,71
1911,86
1506,71
1698,78
1905,86
1940,87
1695,75
1690,77
1807,81
1732,81
1878,85
1893,85
1900,86
1787,83
1686,78
1928,87
1820,84
1927,86
1603,75
1587,71
1928,87
1776,81
1825,84
1789,80
1727,79
1933,84
1913,85
1936,87
1764,80
1928,87
1903,86
1902,85
1936,87
1928,87
1863,84
1932,87
1870,85
1877,83
1827,83
1639,74
1685,77
1865,85
1676,75
1825,83
1855,83
1930,87
1790,81
1753,80
1928,87
1581,72
1928,87
1926,86
1840,81
1867,84
1699,77
1790,81
1536,70
1952,86
1731,81
1891,86
1730,79
1928,87
1897,86
1788,81
1928,87
1720,78
1948,87
1642,77
1917,86
1749,76
1817,83
1694,75
1672,77
1676,75
1716,79
1716,78
1928,87
1877,83
1853,85
1588,73
1924,85
1680,78
1912,86
1950,87
1790,83
1917,86
1925,86
1928,87
1821,84
1706,77
1928,87
1699,75
1780,83
1507,69
1718,77
1495,71
1647,76
1930,87
1928,87
1810,76
1667,76
1644,74
1847,84
1906,84
1933,86
1928,87
1828,83
1615,72
1889,86
1928,87
1873,85
1924,85
1869,85
1928,87
1932,87
1874,85
1904,86
1545,72
1797,81
1900,86
1726,80
1781,81
1683,76
1580,73
1833,83
1915,86
1789,79
1874,85
1918,86
1900,86
1699,75
1800,82
1924,85
1789,81
1930,87
1600,74
1775,82
1919,86
1869,84
1682,73
1928,87
1469,70
1666,75
1837,83
1819,82
1928,87
1785,81
1589,77
1745,81
1751,81
1902,86
1930,87
1928,87
1951,87
1727,80
1932,87
1803,81
1713,79
1628,73
1788,78
1885,86
1943,87
1735,80
1855,85
1851,85
1872,85
1860,85
1902,86
1781,81
1932,87
1861,81
1900,86
1840,82
1675,76
1828,83
1827,83
1928,87
1719,80
1928,87
1955,87
1818,84
1698,76
1743,79
1932,87
1928,87
1873,84
1773,82
1845,84
1503,70
1624,76
1786,82
1902,86
1908,86
1901,84
1928,87
1657,75
1903,86
1741,80
1877,83
1906,85
1943,87
1942,87
1508,71
1906,86
1787,82
1709,78
1756,77
1743,79
1819,83
1928,87
1877,86
1894,86
1683,78
1627,74
1824,84
1749,80
1682,77
1615,75
1530,71
1663,77
1936,87
1798,80
1728,77
1928,87
1718,79
1930,87
1784,82
1807,82
1894,86
1655,78
1928,87
1932,87
1880,85
1838,84
1828,81
1932,87
1928,87
1780,82
1928,87
1815,83
1672,77
1616,75
1631,76
1552,73
1928,87
1827,83
1930,87
1926,87
1775,77
1862,84
1846,84
1672,79
1926,87
1735,76
1895,86
1623,74
1833,84
1930,87
1835,82
1760,77
1685,78
1646,75
1830,83
1928,87
1687,76
1840,84
1857,82
1924,87
1945,87
1779,79
1947,87
1932,87
1846,84
1892,85
1598,76
1805,82
1719,78
1857,85
1950,87
1924,87
1910,86
1606,75
1891,86
1924,87
1857,85
1704,78
1700,80
1924,87
1590,74
1717,79
1700,76
1887,84
1940,87
1645,74
1914,86
1924,87
1924,87
1463,70
1539,73
1608,75
1601,73
1780,80
1949,87
1574,71
1932,87
1669,75
1902,86
1922,86
1874,84
1923,86
1747,82
1789,80
1899,86
1924,87
1747,82
1716,78
1959,86
1924,87
1920,87
1704,77
1843,84
1723,79
1870,85
1892,86
1920,87
1920,87
1767,81
1789,82
1823,83
1920,87
1920,87
1875,85
1920,87
1688,75
1900,86
1928,87
1744,80
1720,78
1883,85
1690,78
1780,80
1870,85
1920,87
1924,87
1879,86
1879,86
1690,77
1761,78
1924,87
1740,78
1879,86
1833,83
1662,75
1670,77
1943,87
1759,79
1727,80
1799,83
1845,84
1880,85
1652,74
1926,87
1889,86
1688,77
1665,77
1760,77
1947,87
1857,85
1866,84
1695,78
1812,84
1775,81
1827,83
1740,79
1924,87
1926,87
1920,87
1943,87
1782,80
1930,87
1727,79
1838,84
1610,75
1921,86
1869,85
1776,82
1920,87
1930,87
1918,87
1918,87
1932,86
1907,85
1926,87
1978,88
1913,85
1960,87
1900,86
1910,86
1811,79
1910,85
1931,87
1982,87
1852,82
1767,78
1802,81
1831,81
1888,86
1968,88
1871,85
1968,88
2036,89
1964,88
2026,89
2018,89
1969,87
1902,85
1657,76
2042,88
1579,76
1853,85
2018,89
2018,89
2018,89
2020,89
1902,87
1873,84
1970,87
1851,82
1765,80
1794,83
2022,89
1923,86
1755,82
2001,87
1923,83
1850,83
1683,77
1970,88
1835,83
1753,78
1778,81
2022,89
1864,83
2016,89
1748,80
1915,86
2016,89
1890,84
1819,82
1737,81
1793,82
1976,87
1638,79
2008,88
1992,88
1917,86
1825,83
1953,86
1932,87
1678,80
1823,82
2018,89
1964,88
1960,87
1917,86
1781,81
1716,81
2034,89
1848,84
1827,84
1983,88
1907,87
1714,78
1688,77
1751,81
1887,84
1744,80
1882,83
2008,89
1916,87
1868,85
1966,88
1944,86
1921,86
1946,87
1941,87
1871,85
2008,89
1809,80
1903,87
1592,72
2008,89
2012,89
1759,81
1702,80
1833,81
1807,83
1939,87
1743,81
1766,80
1894,86
1740,79
1889,84
1781,80
1730,78
1876,84
1852,85
1753,81
1812,81
1885,86
1866,85
1871,85
1765,80
1721,80
1844,84
1762,82
2008,89
2035,89
1741,80
1917,86
1703,78
1928,86
1713,77
1968,88
1863,84
1711,79
1779,82
1968,88
1732,79
1889,84
1991,88
1923,87
1911,86
1942,87
1737,80
1907,86
1822,82
1830,83
1744,82
2024,89
1947,87
2008,89
1931,87
1906,84
2008,89
1795,83
1776,82
1801,83
1945,87
1866,85
1881,85
1452,70
1982,88
1581,76
1860,85
1912,87
1791,81