60,1421
63,1442
62,1490
62,1374
51,1166
55,1198
57,1261
59,1264
57,1349
58,1269
59,1306
62,1470
52,1218
61,1389
57,1373
54,1232
58,1331
61,1368
60,1311
57,1295
57,1264
60,1424
57,1239
62,1411
57,1383
56,1236
61,1455
57,1283
62,1452
59,1340
-,-,-,-
61,1346
62,1474
60,1423
60,1347
56,1272
61,1443
58,1297
62,1404
61,1393
64,1544
63,1542
62,1490
61,1459
62,1500
61,1307
53,1193
61,1385
56,1239
56,1222
53,1270
64,1528
59,1317
59,1322
51,1201
60,1358
62,1397
60,1502
57,1284
56,1279
56,1186
55,1225
54,1226
61,1380
59,1279
60,1346
53,1282
60,1348
60,1451
56,1273
57,1239
58,1265
-,-,-,-
64,1528
66,1605
64,1480
63,1498
63,1487
63,1496
60,1382
58,1418
64,1550
65,1562
64,1540
63,1394
63,1426
63,1380
54,1194
58,1312
58,1364
62,1516
60,1354
62,1532
56,1239
64,1416
57,1322
59,1409
64,1515
59,1309
53,1111
60,1475
57,1291
59,1305
61,1406
53,1144
58,1356
54,1213
57,1303
53,1144
61,1471
58,1422
51,1257
59,1396
52,1123
-,-,-,-
65,1532
62,1449
66,1573
66,1569
62,1477
63,1508
66,1605
63,1432
58,1351
65,1562
62,1490
65,1490
63,1410
64,1416
58,1406
59,1312
56,1281
58,1361
57,1322
62,1407
53,1153
55,1334
64,1475
61,1395
63,1455
63,1398
58,1288
61,1435
53,1153
59,1319
54,1156
62,1423
65,1438
55,1257
56,1249
55,1312
57,1216
53,1193
58,1234
54,1388
57,1314
-,-,-,-
65,1553
67,1594
64,1520
66,1569
65,1502
65,1505
64,1493
65,1438
65,1438
65,1487
62,1358
62,1423
61,1369
65,1488
63,1474
56,1224
59,1382
58,1302
61,1410
64,1490
63,1462
59,1334
56,1324
59,1311
58,1353
55,1238
59,1327
60,1413
59,1388
51,1186
51,1151
62,1500
61,1476
59,1454
53,1133
58,1283
59,1391
59,1351
57,1300
54,1200
55,1322
-,-,-,-
66,1584
65,1511
67,1606
67,1592
66,1559
61,1416
67,1589
62,1456
65,1438
65,1438
65,1429
64,1471
65,1500
61,1407
60,1409
60,1392
61,1388
59,1408
62,1347
61,1360
60,1353
59,1324
61,1435
60,1346
63,1425
58,1315
57,1355
61,1405
59,1266
59,1365
58,1307
58,1384
56,1260
58,1291
53,1205
57,1342
56,1272
62,1392
59,1451
54,1197
58,1358
-,-,-,-
63,1487
66,1539
62,1434
67,1581
64,1482
62,1459
65,1529
63,1390
67,1483
65,1429
65,1448
62,1427
65,1488
64,1475
62,1445
62,1440
60,1355
63,1523
62,1417
58,1290
60,1293
54,1214
58,1311
63,1366
58,1369
55,1202
58,1252
62,1431
58,1355
58,1340
58,1298
53,1168
59,1322
52,1154
58,1357
56,1274
56,1247
57,1379
59,1375
58,1318
56,1363
-,-,-,-
68,1539
62,1362
61,1338
67,1511
67,1483
64,1415
67,1483
63,1493
66,1572
65,1530
64,1497
65,1452
63,1453
68,1581
62,1433
59,1305
65,1511
58,1369
61,1328
57,1236
60,1344
60,1345
58,1267
62,1420
57,1275
62,1389
54,1264
61,1472
60,1382
59,1338
53,1200
56,1284
58,1355
59,1323
62,1394
63,1461
54,1247
61,1464
58,1404
55,1217
56,1318
-,-,-,-
65,1427
68,1547
62,1365
60,1308
68,1539
68,1539
68,1545
68,1581
65,1542
64,1482
57,1286
66,1561
63,1452
64,1484
57,1344
63,1447
60,1380
60,1411
62,1443
65,1455
57,1253
61,1355
62,1410
61,1420
57,1245
61,1330
60,1324
64,1486
59,1399
58,1329
59,1306
54,1165
56,1221
55,1279
56,1248
56,1267
57,1250
55,1292
57,1296
57,1257
54,1208
-,-,-,-
68,1543
65,1424
63,1396
66,1449
69,1564
63,1381
68,1528
64,1579
68,1644
65,1558
68,1581
62,1469
65,1493
65,1554
59,1381
59,1299
59,1352
60,1385
60,1414
62,1496
64,1385
56,1175
63,1370
63,1494
57,1273
66,1525
62,1348
59,1279
58,1381
56,1220
60,1403
56,1204
56,1275
57,1284
55,1373
54,1146
56,1266
61,1402
58,1412
55,1226
55,1243
-,-,-,-
65,1486
68,1521
64,1417
70,1606
71,1621
68,1527
66,1459
63,1511
64,1527
63,1472
64,1455
62,1461
67,1581
67,1567
65,1449
66,1510
59,1425
61,1434
59,1309
58,1360
55,1289
60,1353
56,1310
58,1283
67,1561
53,1272
59,1364
61,1436
55,1307
61,1393
58,1345
56,1224
58,1304
59,1358
62,1502
60,1364
59,1416
58,1266
59,1390
58,1353
54,1210
-,-,-,-
71,1621
70,1601
71,1635
73,1711
68,1511
64,1434
69,1573
69,1624
67,1565
68,1581
62,1439
66,1541
65,1483
65,1512
59,1329
64,1472
66,1490
60,1379
62,1446
63,1308
65,1461
60,1334
61,1445
59,1278
59,1280
61,1354
58,1278
57,1242
57,1346
57,1274
52,1168
60,1501
58,1383
55,1302
58,1271
57,1258
60,1344
60,1361
57,1336
59,1327
58,1338
-,-,-,-
69,1598
66,1523
69,1601
65,1488
71,1654
70,1579
71,1625
63,1561
67,1557
63,1414
65,1509
63,1484
66,1519
67,1561
59,1309
65,1540
60,1323
61,1489
57,1323
58,1369
63,1428
58,1299
56,1260
63,1444
59,1356
55,1283
60,1362
53,1134
56,1325
55,1194
56,1300
60,1399
54,1184
58,1358
57,1251
56,1292
57,1394
58,1314
63,1425
62,1426
58,1331
-,-,-,-
70,1577
72,1679
71,1617
65,1453
68,1536
66,1455
68,1602
64,1586
64,1488
66,1528
66,1473
67,1561
66,1532
63,1414
61,1425
59,1295
65,1561
62,1418
54,1282
61,1432
58,1315
61,1402
55,1292
60,1285
58,1250
63,1513
56,1210
61,1358
57,1252
56,1375
56,1359
54,1174
57,1283
59,1378
63,1502
55,1306
58,1234
58,1367
55,1315
58,1259
55,1251
-,-,-,-
67,1527
73,1711
69,1598
65,1446
73,1711
61,1399
73,1709
65,1494
68,1601
64,1487
67,1621
65,1492
65,1508
65,1519
60,1391
59,1320
59,1315
59,1350
59,1304
62,1423
59,1289
58,1335
60,1401
57,1210
61,1415
58,1268
57,1361
60,1299
61,1372
56,1245
64,1500
57,1317
59,1385
59,1409
61,1411
59,1364
59,1431
58,1359
61,1466
57,1263
54,1290
-,-,-,-
66,1472
71,1636
67,1495
66,1507
67,1474
65,1522
61,1390
60,1355
63,1424
63,1460
68,1669
62,1419
64,1500
64,1481
59,1362
64,1417
69,1646
60,1404
63,1454
60,1422
61,1478
60,1388
57,1318
62,1449
61,1370
60,1342
67,1648
56,1323
60,1450
58,1227
59,1368
59,1273
60,1285
59,1454
55,1331
57,1336
62,1374
60,1392
53,1137
52,1185
58,1323
-,-,-,-
67,1525
73,1709
71,1649
68,1574
73,1709
71,1669
66,1471
66,1508
65,1493
65,1498
64,1488
66,1522
69,1646
69,1644
65,1493
60,1353
67,1581
59,1347
61,1380
64,1482
59,1352
60,1317
61,1373
63,1456
49,1192
56,1258
60,1276
60,1274
63,1394
58,1281
63,1461
60,1341
56,1285
59,1316
61,1448
57,1294
54,1216
64,1463
56,1348
58,1282
57,1335
-,-,-,-
71,1638
66,1482
67,1531
71,1620
74,1751
64,1425
60,1274
69,1601
63,1465
66,1551
66,1520
68,1615
61,1464
64,1493
65,1441
60,1362
58,1331
64,1471
59,1320
63,1402
63,1451
60,1332
60,1347
55,1274
57,1300
55,1322
64,1411
59,1283
61,1410
60,1327
62,1373
58,1292
57,1254
59,1412
57,1301
54,1265
61,1476
56,1328
58,1321
55,1238
57,1261
-,-,-,-
73,1735
71,1632
71,1673
66,1511
71,1663
66,1507
66,1513
68,1556
64,1494
68,1562
66,1516
67,1581
64,1508
64,1525
64,1529
62,1358
60,1394
63,1422
57,1381
62,1433
64,1551
60,1318
58,1285
56,1324
55,1269
64,1508
58,1431
58,1307
61,1366
59,1312
61,1454
61,1349
55,1206
56,1295
60,1317
54,1261
56,1301
54,1239
56,1328
53,1155
58,1327
-,-,-,-
65,1443
69,1562
70,1626
69,1562
73,1729
66,1511
71,1644
62,1386
66,1595
68,1582
65,1463
63,1456
67,1566
68,1636
64,1471
58,1294
59,1318
61,1366
59,1308
58,1286
61,1490
60,1287
63,1395
60,1402
57,1311
58,1355
55,1258
59,1313
59,1315
60,1347
55,1183
64,1394
57,1361
63,1418
59,1341
63,1443
56,1317
58,1324
55,1321
61,1363
60,1441
-,-,-,-
73,1709
69,1565
72,1682
64,1466
61,1339
66,1492
73,1725
68,1578
69,1601
66,1573
66,1581
68,1585
67,1574
68,1634
66,1563
66,1537
62,1468
60,1354
60,1299
62,1395
64,1455
64,1457
62,1427
65,1403
65,1489
60,1353
63,1474
59,1414
58,1319
55,1215
57,1314
61,1428
62,1342
57,1372
60,1384
60,1318
55,1263
56,1252
61,1475
60,1375
61,1454
-,-,-,-
69,1578
57,1223
73,1743
67,1552
65,1418
65,1446
71,1672
69,1601
64,1479
69,1601
69,1601
68,1593
68,1601
69,1642
62,1502
59,1378
58,1322
61,1466
63,1416
56,1313
61,1422
62,1422
59,1246
63,1412
64,1477
55,1220
63,1415
59,1426
61,1413
64,1481
60,1369
60,1361
59,1348
61,1410
59,1353
57,1287
56,1373
57,1246
54,1262
58,1364
55,1240
-,-,-,-
68,1546
69,1605
70,1609
60,1352
74,1751
65,1581
64,1456
63,1466
68,1562
69,1635
65,1518
65,1558
69,1640
69,1642
63,1446
61,1418
65,1532
60,1296
62,1391
59,1328
61,1351
56,1277
60,1409
65,1515
63,1456
60,1330
60,1324
57,1353
60,1372
62,1427
61,1360
61,1425
56,1260
58,1320
58,1316
62,1382
56,1366
59,1349
58,1320
57,1379
63,1459
-,-,-,-
63,1405
68,1582
74,1751
68,1583
73,1715
68,1518
73,1711
62,1416
62,1487
64,1480
66,1525
65,1530
68,1601
68,1628
62,1428
63,1449
65,1540
65,1529
58,1301
58,1353
62,1414
54,1273
60,1300
63,1373
60,1303
57,1305
58,1322
64,1483
64,1565
57,1274
65,1552
55,1247
59,1250
57,1197
60,1376
64,1453
59,1329
55,1274
60,1396
57,1312
61,1554
-,-,-,-
74,1743
69,1588
68,1606
72,1649
64,1455
66,1516
64,1453
69,1601
69,1626
68,1562
64,1475
56,1329
61,1410
68,1611
61,1373
63,1441
62,1462
61,1480
58,1265
65,1493
62,1402
60,1305
63,1434
60,1388
59,1310
58,1272
62,1426
56,1245
60,1390
62,1427
63,1461
65,1555
61,1408
62,1384
62,1455
64,1520
57,1211
60,1370
53,1201
57,1303
57,1323
-,-,-,-
74,1745
69,1598
74,1743
74,1743
72,1681
66,1541
74,1743
64,1477
68,1584
68,1565
66,1532
69,1644
69,1642
61,1414
65,1498
58,1361
59,1451
66,1475
57,1254
60,1349
56,1256
58,1399
59,1344
64,1504
57,1290
60,1400
65,1487
54,1190
58,1358
62,1404
59,1296
60,1465
59,1326
57,1288
59,1389
65,1541
59,1324
56,1330
60,1369
57,1312
62,1499
-,-,-,-
69,1689
67,1536
59,1295
66,1517
66,1473
68,1570
58,1307
63,1461
70,1703
61,1426
68,1601
66,1579
68,1601
69,1640
58,1355
57,1318
64,1510
61,1421
65,1432
59,1348
57,1264
60,1363
59,1333
62,1400
63,1408
57,1315
63,1437
62,1468
62,1430
60,1310
61,1408
59,1344
63,1528
61,1333
59,1328
66,1536
57,1186
50,1233
64,1568
56,1253
59,1341
-,-,-,-
74,1743
73,1743
74,1743
68,1592
68,1531
68,1539
66,1488
71,1687
67,1587
68,1579
67,1674
67,1510
67,1588
66,1534
61,1397
62,1445
62,1438
61,1349
66,1579
56,1209
62,1470
56,1230
59,1351
61,1453
60,1327
56,1270
62,1413
61,1422
63,1431
60,1334
63,1435
64,1461
63,1456
63,1506
58,1304
58,1301
56,1314
61,1397
60,1432
58,1349
54,1219
-,-,-,-
62,1396
71,1609
70,1677
72,1649
73,1720
66,1473
65,1446
70,1674
69,1631
68,1605
69,1570
67,1599
67,1584
65,1498
65,1500
60,1405
59,1333
60,1381
61,1378
54,1149
62,1434
63,1368
61,1374
58,1281
62,1421
60,1409
58,1320
59,1406
60,1373
66,1476
63,1497
59,1320
57,1282
61,1423
57,1292
57,1337
62,1440
56,1254
54,1253
59,1427
58,1349
-,-,-,-
74,1743
65,1480
69,1636
59,1335
72,1653
71,1650
68,1561
66,1517
66,1576
69,1641
71,1689
69,1646
69,1634
69,1638
60,1351
62,1419
62,1388
62,1406
63,1415
60,1351
60,1249
58,1357
60,1362
62,1441
64,1442
65,1524
57,1246
57,1327
59,1360
58,1325
59,1319
61,1394
58,1319
57,1298
58,1407
64,1556
64,1447
61,1442
54,1286
57,1250
62,1438
-,-,-,-
67,1520
74,1743
61,1366
63,1409
68,1530
65,1468
72,1667
68,1571
64,1483
67,1585
71,1687
66,1535
67,1618
65,1536
63,1473
60,1393
62,1415
65,1493
64,1418
57,1310
60,1329
62,1463
57,1229
58,1287
63,1435
61,1456
64,1496
60,1457
59,1381
56,1287
61,1348
64,1497
60,1330
58,1363
62,1521
56,1236
59,1451
58,1341
57,1266
58,1357
59,1364
-,-,-,-
71,1623
74,1757
69,1597
74,1743
71,1647
70,1568
66,1481
62,1349
66,1549
71,1689
68,1607
60,1390
69,1640
68,1589
60,1399
59,1377
58,1303
64,1453
59,1278
61,1404
64,1409
65,1517
59,1288
65,1518
64,1440
59,1340
59,1300
63,1452
63,1467
67,1590
67,1482
62,1423
63,1439
57,1353
53,1257
60,1355
55,1374
58,1289
55,1273
56,1382
53,1133
-,-,-,-
74,1743
74,1743
68,1565
62,1358
68,1515
74,1743
65,1478
71,1685
71,1682
70,1633
68,1599
62,1443
69,1634
69,1650
67,1524
67,1567
62,1439
60,1387
60,1363
68,1555
57,1305
63,1453
59,1298
63,1460
61,1349
62,1399
65,1545
60,1356
61,1439
64,1486
62,1479
60,1339
59,1367
59,1404
59,1392
60,1392
56,1343
60,1389
57,1340
57,1382
57,1275
-,-,-,-
67,1535
65,1449
72,1674
71,1671
62,1414
65,1484
67,1530
67,1551
63,1393
70,1631
66,1544
63,1453
70,1636
64,1523
67,1517
62,1425
67,1594
59,1380
58,1322
62,1445
57,1277
62,1362
58,1284
62,1424
55,1204
59,1271
56,1301
64,1468
64,1478
57,1280
58,1314
58,1317
60,1398
58,1299
61,1419
58,1372
58,1496
56,1198
58,1398
57,1413
56,1268
-,-,-,-
74,1743
69,1611
72,1667
71,1640
68,1576
70,1578
68,1567
69,1649
64,1447
71,1682
71,1690
70,1636
66,1515
65,1523
64,1478
60,1387
60,1374
60,1380
60,1365
61,1436
62,1342
54,1208
60,1318
58,1389
64,1430
61,1401
59,1357
62,1402
62,1419
53,1258
65,1552
61,1404
55,1304
55,1253
64,1548
64,1486
58,1442
55,1183
60,1390
57,1387
57,1304
-,-,-,-
73,1709
63,1407
68,1521
71,1642
61,1364
66,1499
70,1586
71,1682
71,1680
64,1458
71,1676
65,1469
70,1637
65,1505
59,1381
65,1442
62,1465
61,1465
64,1518
60,1375
64,1448
58,1287
60,1379
61,1436
61,1346
65,1506
53,1232
61,1334
63,1400
60,1434
64,1428
60,1394
61,1347
56,1285
57,1342
57,1376
61,1436
58,1370
58,1328
57,1391
56,1243
-,-,-,-
71,1664
73,1701
68,1531
65,1475
70,1600
65,1448
74,1745
71,1676
71,1676
71,1662
71,1676
68,1567
67,1543
70,1661
63,1467
63,1460
64,1526
60,1360
59,1349
58,1287
62,1408
61,1352
63,1457
63,1457
61,1355
53,1190
62,1433
61,1386
59,1368
59,1357
66,1583
62,1504
64,1431
57,1333
58,1371
57,1338
59,1399
57,1223
57,1301
56,1342
57,1300
-,-,-,-
71,1680
71,1644
71,1640
71,1623
66,1513
63,1469
70,1600
65,1417
67,1516
71,1664
65,1465
62,1410
59,1336
70,1636
64,1448
61,1304
62,1504
63,1473
58,1326
60,1397
66,1518
65,1483
59,1347
63,1335
60,1355
59,1296
60,1372
58,1336
62,1398
60,1373
55,1295
60,1317
60,1402
60,1391
59,1389
57,1361
57,1345
58,1271
60,1441
58,1474
59,1341
-,-,-,-
74,1743
66,1481
68,1522
71,1655
71,1638
63,1377
62,1360
71,1670
61,1376
71,1662
70,1649
70,1638
67,1552
70,1636
62,1400
58,1300
57,1259
65,1493
65,1490
63,1436
65,1505
54,1196
64,1593
64,1375
58,1329
63,1441
59,1418
55,1305
65,1522
58,1276
56,1307
62,1425
61,1399
58,1291
64,1455
65,1511
58,1411
60,1340
60,1471
54,1235
58,1308
-,-,-,-
65,1483
73,1709
73,1713
69,1599
74,1745
73,1712
74,1743
64,1465
69,1605
70,1649
70,1647
65,1526
67,1549
69,1593
61,1313
61,1354
59,1339
62,1420
61,1388
62,1424
58,1292
62,1452
56,1305
57,1267
59,1330
60,1348
56,1314
58,1421
60,1363
60,1433
59,1307
63,1430
62,1403
59,1324
59,1343
62,1436
56,1348
62,1400
59,1367
52,1231
59,1302
-,-,-,-
68,1548
64,1453
68,1585
74,1747
62,1381
74,1751
68,1596
64,1400
67,1506
71,1662
63,1375
68,1585
65,1434
67,1575
63,1397
63,1451
62,1359
60,1347
59,1359
61,1427
59,1373
58,1286
64,1509
59,1251
62,1374
66,1504
59,1281
54,1239
59,1393
60,1359
58,1321
65,1456
59,1343
58,1295
60,1351
56,1303
60,1461
56,1225
60,1432
59,1339
60,1341
-,-,-,-
69,1559
69,1591
72,1649
72,1680
74,1743
66,1513
63,1393
71,1662
63,1386
71,1662
71,1662
64,1526
69,1626
65,1505
63,1439
69,1625
62,1389
56,1240
62,1433
59,1361
60,1330
60,1312
62,1474
61,1435
61,1385
58,1355
58,1337
56,1352
57,1348
64,1589
61,1412
58,1352
60,1329
60,1414
61,1365
60,1422
54,1218
62,1436
58,1312
56,1372
55,1238
-,-,-,-
69,1614
74,1747
71,1671
71,1631
68,1609
68,1557
63,1378
69,1573
71,1662
69,1588
71,1662
70,1630
70,1638
71,1639
55,1208
69,1600
63,1447
60,1383
60,1409
62,1360
55,1194
62,1413
64,1472
58,1369
57,1301
64,1407
61,1417
63,1476
64,1535
57,1313
64,1585
65,1503
59,1342
61,1427
60,1374
57,1312
59,1336
61,1363
60,1463
58,1274
55,1325
-,-,-,-
68,1560
72,1711
66,1519
73,1735
68,1561
73,1713
66,1496
64,1438
70,1580
71,1641
71,1647
66,1485
64,1439
70,1616
65,1480
65,1551
59,1378
65,1568
62,1420
62,1481
61,1375
63,1349
66,1566
63,1551
60,1264
58,1354
61,1369
57,1242
62,1449
63,1484
59,1411
61,1397
61,1456
56,1236
58,1243
55,1254
61,1520
57,1288
56,1308
60,1416
61,1367
-,-,-,-
74,1743
74,1747
68,1545
74,1743
65,1465
67,1493
67,1548
65,1487
71,1639
65,1536
70,1581
67,1610
64,1423
63,1386
68,1547
63,1469
65,1537
60,1400
63,1447
61,1374
61,1315
58,1270
66,1547
65,1595
61,1379
63,1459
61,1412
61,1399
63,1558
62,1452
57,1237
54,1212
63,1528
58,1294
60,1388
61,1444
60,1461
54,1122
56,1331
55,1346
57,1346
-,-,-,-
69,1578
73,1713
64,1508
72,1675
61,1402
73,1709
74,1743
68,1584
70,1613
63,1466
70,1674
59,1245
71,1673
68,1547
63,1384
64,1467
67,1549
62,1474
61,1450
57,1356
62,1362
61,1367
53,1189
61,1413
62,1398
62,1391
57,1326
62,1361
55,1205
58,1319
57,1295
62,1437
59,1282
61,1444
59,1327
55,1288
63,1536
58,1239
56,1354
57,1395
60,1427
-,-,-,-
61,1390
64,1438
74,1753
60,1352
70,1653
60,1338
73,1693
64,1499
58,1323
71,1641
65,1508
71,1662
63,1396
68,1568
61,1321
64,1403
67,1515
62,1428
58,1300
65,1528
64,1453
58,1249
66,1469
58,1370
63,1380
59,1350
60,1391
58,1333
62,1466
55,1147
53,1162
59,1357
57,1226
59,1297
58,1272
56,1307
61,1502
59,1296
59,1342
50,1145
58,1292
-,-,-,-
61,1345
63,1425
67,1525
68,1522
63,1396
70,1613
72,1643
69,1586
68,1569
70,1608
63,1412
71,1672
65,1450
71,1664
63,1370
65,1441
64,1443
60,1368
63,1498
55,1238
58,1286
57,1247
64,1430
65,1573
61,1359
56,1236
63,1458
62,1419
61,1362
61,1393
58,1303
61,1402
63,1443
61,1349
64,1505
59,1368
56,1385
58,1234
55,1210
57,1383
59,1393
-,-,-,-
64,1449
68,1583
65,1444
72,1678
72,1695
62,1358
73,1707
68,1585
65,1479
65,1473
65,1544
69,1635
67,1535
69,1594
65,1438
65,1561
64,1445
60,1422
62,1456
61,1434
62,1406
62,1398
63,1396
66,1632
62,1378
58,1287
61,1329
58,1357
57,1298
56,1273
59,1395
57,1251
61,1382
59,1408
59,1377
53,1261
62,1454
62,1438
54,1241
57,1334
56,1229
-,-,-,-
59,1250
65,1482
69,1540
73,1720
69,1689
64,1451
65,1431
68,1589
71,1639
68,1578
66,1549
70,1649
71,1654
71,1679
59,1325
64,1468
61,1340
61,1424
59,1372
60,1370
61,1408
64,1409
56,1196
60,1392
62,1334
58,1310
61,1375
61,1489
64,1529
60,1305
59,1327
62,1487
59,1393
59,1422
60,1411
57,1244
58,1324
57,1283
57,1310
58,1366
59,1329
-,-,-,-
68,1552
73,1720
71,1615
72,1691
68,1557
67,1498
74,1747
68,1569
71,1653
65,1528
68,1576
69,1505
66,1470
65,1434
60,1378
64,1489
64,1435
63,1450
58,1338
59,1338
60,1329
61,1435
61,1304
65,1576
63,1348
57,1313
64,1470
62,1401
67,1519
62,1392
61,1408
65,1531
57,1281
60,1466
61,1450
60,1403
57,1414
65,1531
61,1394
59,1448
57,1323
-,-,-,-
71,1625
72,1675
67,1520
69,1603
69,1564
69,1548
67,1541
71,1643
71,1639
67,1537
71,1631
69,1626
69,1599
69,1578
64,1420
58,1260
59,1310
62,1383
60,1362
62,1419
61,1400
65,1417
58,1321
63,1379
58,1355
61,1319
58,1285
68,1525
63,1468
61,1433
62,1390
63,1510
63,1499
60,1380
59,1350
54,1288
54,1249
62,1517
60,1426
62,1518
56,1296
-,-,-,-
73,1691
60,1334
71,1624
74,1753
68,1573
62,1431
68,1561
68,1578
71,1667
71,1631
68,1568
71,1652
66,1449
71,1654
64,1497
59,1323
62,1517
70,1612
60,1332
60,1427
63,1438
67,1629
60,1365
62,1374
61,1340
65,1558
57,1217
56,1268
61,1378
62,1383
60,1383
65,1592
58,1336
59,1338
58,1339
58,1315
60,1363
61,1312
58,1376
62,1426
57,1292
-,-,-,-
73,1741
67,1531
69,1597
65,1479
74,1743
68,1530
74,1743
71,1645
60,1363
69,1615
68,1544
68,1536
69,1570
65,1452
60,1370
66,1571
63,1413
67,1550
62,1323
62,1420
61,1513
64,1475
66,1535
56,1261
57,1242
60,1423
63,1422
61,1425
59,1348
59,1387
58,1322
61,1401
60,1244
62,1472
57,1258
57,1302
56,1312
63,1541
57,1303
61,1399
61,1395
-,-,-,-
70,1593
72,1669
70,1642
66,1510
69,1591
74,1743
62,1356
71,1629
69,1601
71,1629
64,1433
71,1666
69,1588
64,1422
63,1547
64,1461
60,1365
58,1328
59,1349
63,1477
67,1584
63,1483
63,1446
61,1392
60,1327
65,1496
64,1466
58,1300
60,1360
59,1390
57,1315
65,1533
58,1273
64,1507
59,1385
62,1445
60,1384
56,1305
57,1363
61,1419
59,1345
-,-,-,-
69,1597
74,1747
68,1518
74,1743
67,1548
69,1582
68,1538
67,1522
67,1533
71,1629
62,1441
71,1652
69,1595
68,1529
61,1378
59,1333
62,1444
58,1258
62,1379
61,1407
55,1225
59,1383
66,1508
57,1309
57,1294
62,1457
62,1319
60,1360
59,1313
59,1363
59,1397
61,1342
58,1273
58,1276
60,1291
62,1415
62,1436
56,1277
60,1407
63,1516
58,1292
-,-,-,-
66,1465
74,1747
74,1743
74,1743
73,1711
74,1749
70,1677
68,1547
67,1540
71,1629
71,1631
71,1658
70,1615
70,1634
60,1370
65,1488
63,1382
60,1374
64,1411
62,1495
63,1487
56,1259
68,1491
61,1449
60,1316
63,1430
64,1469
59,1302
64,1442
63,1450
61,1435
62,1456
60,1391
61,1368
59,1360
61,1426
60,1342
60,1382
58,1356
55,1213
59,1313
-,-,-,-
61,1376
73,1713
63,1381
59,1305
61,1331
73,1715
74,1745
69,1588
71,1629
66,1472
63,1440
68,1548
69,1580
71,1658
68,1610
66,1620
62,1431
62,1397
65,1497
60,1253
62,1422
61,1431
61,1388
53,1156
60,1313
62,1407
58,1233
61,1323
59,1441
58,1341
60,1366
62,1471
57,1239
60,1371
57,1306
60,1400
60,1425
59,1400
57,1341
58,1356
55,1271
-,-,-,-
74,1745
74,1743
73,1715
58,1298
67,1487
72,1667
73,1709
68,1566
71,1633
70,1616
63,1461
67,1521
65,1491
71,1652
66,1467
65,1484
65,1460
65,1507
62,1476
63,1402
62,1431
58,1398
61,1413
61,1336
61,1323
64,1578
59,1366
58,1319
61,1411
60,1328
60,1440
58,1275
58,1350
59,1374
59,1331
64,1550
61,1391
57,1309
57,1402
55,1344
58,1341
-,-,-,-
65,1447
69,1642
67,1563
66,1512
74,1743
60,1324
59,1282
64,1480
69,1588
70,1643
71,1647
67,1542
69,1601
71,1677
68,1595
67,1502
60,1371
65,1487
58,1352
60,1278
65,1501
63,1488
65,1518
67,1511
63,1371
62,1434
58,1301
60,1348
64,1530
64,1384
59,1312
61,1365
61,1379
61,1403
57,1280
57,1294
56,1311
56,1365
58,1383
57,1313
55,1300
-,-,-,-
66,1507
66,1533
71,1663
66,1538
73,1720
69,1614
71,1623
67,1551
71,1629
68,1583
66,1515
70,1592
65,1413
62,1311
59,1367
66,1539
64,1429
61,1398
69,1532
64,1466
64,1422
63,1450
55,1276
59,1345
63,1443
63,1457
62,1314
59,1326
58,1286
58,1352
61,1429
65,1475
61,1423
62,1381
57,1324
66,1585
59,1359
54,1270
58,1335
59,1344
54,1223
-,-,-,-
73,1713
61,1383
69,1592
73,1709
74,1743
66,1510
72,1687
71,1635
69,1569
69,1541
65,1515
63,1366
66,1440
71,1652
53,1128
57,1322
67,1565
66,1475
59,1319
63,1406
62,1362
63,1457
60,1377
63,1476
58,1186
63,1502
66,1457
61,1332
66,1586
65,1481
59,1287
58,1315
61,1440
61,1395
66,1572
62,1493
63,1481
59,1373
61,1447
59,1314
63,1440
-,-,-,-
68,1588
62,1365
63,1457
71,1675
65,1441
67,1497
66,1530
70,1624
72,1659
66,1498
68,1556
62,1355
67,1511
65,1499
63,1438
66,1504
64,1511
60,1384
63,1380
59,1360
64,1472
61,1460
64,1527
60,1405
59,1328
62,1367
55,1256
62,1436
54,1258
65,1436
61,1380
60,1440
57,1365
64,1441
61,1360
57,1255
56,1299
63,1444
61,1348
65,1569
61,1477
-,-,-,-
74,1741
68,1554
70,1646
73,1726
71,1609
61,1344
70,1580
61,1429
69,1571
71,1649
67,1570
71,1652
71,1650
66,1547
57,1297
63,1371
64,1494
67,1500
65,1497
59,1372
66,1486
58,1332
59,1310
65,1530
65,1517
68,1568
54,1267
60,1386
60,1434
60,1272
63,1459
65,1459
54,1245
57,1282
60,1383
61,1436
60,1358
63,1401
60,1452
59,1312
61,1512
-,-,-,-
70,1588
64,1451
66,1503
71,1659
74,1741
74,1741
72,1685
68,1555
72,1656
72,1673
64,1465
64,1455
64,1379
64,1349
63,1427
64,1366
66,1541
59,1289
65,1444
62,1391
61,1346
60,1292
59,1438
62,1543
59,1385
58,1267
63,1435
60,1428
59,1437
59,1281
61,1429
59,1340
58,1324
64,1458
58,1312
60,1430
60,1398
56,1343
60,1416
57,1214
59,1337
-,-,-,-
67,1535
74,1741
66,1510
68,1576
71,1653
74,1741
72,1667
71,1626
70,1625
70,1633
71,1619
64,1410
70,1608
64,1410
61,1386
61,1425
61,1407
65,1536
63,1522
54,1231
67,1553
62,1457
61,1398
64,1490
63,1449
60,1297
57,1394
61,1446
60,1387
54,1165
61,1423
63,1421
58,1364
59,1340
52,1151
59,1432
59,1347
59,1334
54,1311
60,1314
62,1470
-,-,-,-
63,1445
69,1591
67,1484
74,1741
71,1641
73,1718
62,1347
66,1520
72,1656
69,1579
62,1359
71,1650
66,1472
66,1451
63,1433
62,1367
69,1588
66,1474
61,1286
64,1468
63,1391
57,1250
62,1458
58,1295
62,1375
57,1294
61,1502
61,1441
61,1414
61,1403
68,1608
56,1288
60,1332
61,1396
63,1537
58,1380
55,1223
60,1306
57,1431
57,1287
58,1437
-,-,-,-
62,1375
73,1709
73,1724
73,1724
74,1741
59,1298
69,1536
69,1550
65,1500
72,1652
66,1467
69,1576
68,1550
64,1410
67,1544
62,1400
65,1496
65,1455
61,1280
57,1229
63,1396
58,1260
67,1512
59,1377
62,1411
60,1272
64,1492
66,1581
63,1483
62,1452
62,1369
57,1285
59,1232
59,1351
59,1353
59,1371
61,1312
61,1489
59,1394
58,1289
59,1385
-,-,-,-
64,1456
62,1385
74,1741
74,1745
68,1577
66,1464
63,1406
68,1566
67,1524
72,1652
67,1519
64,1431
71,1650
66,1449
67,1612
64,1446
64,1441
66,1464
63,1456
64,1418
62,1423
65,1461
61,1324
57,1264
64,1603
59,1358
63,1439
62,1460
61,1498
61,1438
59,1310
65,1486
60,1398
57,1391
60,1391
62,1443
63,1466
58,1343
62,1464
64,1488
59,1391
-,-,-,-
71,1664
70,1635
66,1528
65,1513
66,1487
72,1673
63,1429
68,1557
65,1478
72,1652
61,1349
71,1650
71,1682
70,1666
67,1531
57,1296
63,1420
62,1424
65,1452
63,1362
60,1426
69,1625
65,1371
59,1353
61,1408
60,1344
65,1474
60,1439
59,1456
64,1526
58,1256
57,1209
57,1318
54,1293
56,1239
63,1522
57,1237
59,1355
60,1378
60,1498
63,1475
-,-,-,-
70,1589
69,1561
69,1581
71,1682
74,1747
70,1624
65,1467
71,1656
72,1652
68,1521
61,1354
67,1507
64,1421
69,1595
61,1339
61,1402
60,1334
65,1560
60,1417
67,1431
62,1395
58,1378
57,1301
63,1462
62,1464
63,1492
63,1385
63,1476
61,1441
60,1378
64,1361
59,1258
60,1346
61,1376
61,1414
61,1427
58,1391
58,1272
55,1251
60,1407
56,1297
-,-,-,-
74,1741
63,1417
70,1648
68,1545
68,1583
74,1741
70,1649
73,1692
69,1624
71,1644
72,1652
70,1613
66,1469
68,1559
61,1398
62,1328
64,1436
63,1481
65,1529
59,1335
63,1426
66,1517
58,1272
65,1533
64,1470
65,1517
62,1378
60,1425
61,1479
63,1506
59,1223
58,1242
57,1206
63,1448
63,1432
63,1533
60,1375
55,1273
64,1408
55,1381
58,1363
-,-,-,-
69,1553
65,1454
69,1597
72,1659
68,1568
63,1394
63,1383
73,1692
57,1256
69,1596
68,1532
67,1507
66,1474
68,1569
60,1446
63,1401
65,1457
65,1535
56,1301
58,1320
57,1241
62,1367
58,1243
60,1376
61,1482
61,1473
65,1464
60,1371
61,1438
59,1381
63,1433
61,1408
54,1182
61,1384
55,1244
60,1403
61,1389
55,1239
55,1173
64,1487
60,1479
-,-,-,-
74,1741
71,1639
67,1488
70,1640
62,1364
65,1512
72,1647
69,1572
67,1506
73,1692
66,1515
71,1655
70,1625
66,1432
64,1511
62,1417
67,1592
66,1553
64,1466
59,1281
62,1366
63,1450
61,1371
66,1490
62,1450
61,1377
66,1567
59,1336
62,1444
61,1389
56,1219
63,1433
55,1228
56,1307
59,1307
57,1408
61,1277
60,1359
62,1402
57,1404
54,1278
-,-,-,-
74,1741
61,1351
73,1739
66,1492
74,1741
73,1715
63,1440
67,1561
71,1644
72,1650
71,1640
71,1650
61,1373
71,1660
65,1502
62,1364
59,1339
66,1537
63,1442
63,1423
61,1316
66,1496
60,1373
65,1580
57,1261
64,1471
63,1452
60,1424
56,1264
60,1358
62,1401
64,1429
57,1276
57,1302
56,1232
62,1484
60,1246
58,1287
57,1285
56,1307
57,1400
-,-,-,-
68,1583
68,1602
74,1741
62,1318
60,1299
72,1671
66,1490
73,1692
62,1411
71,1648
70,1603
67,1493
70,1626
66,1484
63,1412
66,1508
67,1547
59,1378
59,1355
60,1357
59,1319
63,1443
62,1337
62,1381
52,1212
59,1273
65,1552
59,1381
59,1352
59,1378
58,1338
62,1374
60,1384
63,1461
61,1428
54,1211
65,1472
58,1326
55,1278
58,1371
56,1306
-,-,-,-
73,1709
62,1390
74,1741
67,1529
67,1538
73,1720
64,1471
69,1584
68,1581
73,1692
67,1551
63,1434
63,1344
71,1650
65,1444
63,1424
63,1448
68,1612
61,1343
64,1497
61,1371
62,1419
58,1310
64,1473
56,1310
61,1398
62,1277
63,1488
62,1459
64,1523
60,1381
65,1469
59,1296
62,1386
61,1394
58,1327
61,1483
64,1487
56,1262
59,1451
54,1271
-,-,-,-
63,1416
74,1741
66,1509
71,1638
70,1651
72,1678
64,1467
64,1498
66,1498
67,1531
62,1391
71,1650
70,1607
60,1314
61,1341
64,1479
68,1575
66,1548
65,1514
62,1416
60,1355
61,1405
61,1350
61,1398
53,1167
60,1359
65,1497
57,1311
61,1448
63,1520
58,1279
62,1397
61,1354
58,1362
54,1305
54,1240
58,1372
59,1363
66,1535
57,1380
59,1502
-,-,-,-
69,1586
72,1719
72,1689
74,1741
72,1659
74,1741
72,1711
68,1592
72,1657
65,1483
71,1646
58,1251
70,1601
68,1536
61,1390
61,1363
71,1706
65,1465
61,1372
62,1365
62,1316
62,1377
61,1339
57,1356
59,1421
66,1516
63,1483
62,1441
64,1519
64,1524
60,1359
63,1464
62,1414
62,1389
60,1304
61,1427
62,1341
63,1502
56,1316
54,1277
54,1241
-,-,-,-
74,1741
68,1549
65,1513
65,1463
72,1686
72,1688
74,1741
63,1404
71,1642
69,1584
73,1692
70,1628
70,1635
71,1652
66,1534
64,1487
62,1423
65,1424
58,1339
65,1467
57,1318
59,1294
58,1276
58,1307
59,1329
55,1220
64,1439
57,1276
63,1475
63,1530
63,1462
61,1382
57,1208
60,1323
63,1387
65,1507
59,1355
57,1406
60,1365
51,1188
60,1460
-,-,-,-
70,1640
68,1577
69,1580
72,1643
69,1570
63,1467
62,1418
73,1692
69,1584
62,1415
69,1563
71,1650
71,1650
63,1352
64,1433
68,1525
61,1396
67,1481
63,1467
62,1378
65,1480
63,1451
64,1385
58,1325
60,1402
62,1443
65,1433
62,1511
60,1354
63,1505
60,1355
63,1438
59,1306
64,1446
62,1463
57,1335
61,1382
62,1446
61,1410
53,1304
53,1212
-,-,-,-
73,1729
74,1745
70,1595
59,1235
71,1617
69,1556
74,1741
67,1551
70,1596
64,1500
69,1578
69,1612
65,1484
71,1651
62,1364
65,1453
69,1608
60,1353
62,1415
59,1278
56,1279
60,1353
63,1412
63,1485
57,1282
57,1319
63,1507
59,1305
62,1418
65,1564
61,1380
57,1255
58,1294
64,1492
57,1295
59,1331
59,1375
58,1426
62,1381
61,1385
59,1437
-,-,-,-
74,1741
74,1741
71,1662
74,1741
72,1667
59,1322
71,1627
70,1602
70,1593
69,1555
72,1663
64,1421
70,1613
66,1478
58,1355
63,1440
66,1516
62,1359
62,1421
66,1527
60,1311
58,1289
62,1376
60,1389
58,1349
60,1371
65,1430
63,1409
64,1553
63,1493
62,1478
63,1306
56,1232
54,1296
59,1299
57,1272
59,1264
62,1436
61,1406
58,1377
53,1280
-,-,-,-
67,1561
73,1711
66,1433
67,1531
67,1532
67,1518
74,1741
65,1446
68,1554
73,1678
71,1620
70,1620
70,1622
70,1620
64,1428
64,1467
62,1428
66,1484
62,1413
65,1472
58,1219
62,1408
67,1519
57,1382
67,1615
59,1393
64,1512
61,1359
59,1387
60,1481
55,1292
59,1259
60,1365
63,1456
61,1434
54,1246
61,1374
61,1416
60,1419
59,1384
62,1471
-,-,-,-
67,1557
69,1605
74,1741
72,1676
63,1417
67,1556
73,1709
73,1680
73,1678
67,1540
72,1654
70,1612
69,1571
64,1405
65,1476
66,1468
59,1309
62,1391
59,1306
64,1426
61,1349
64,1476
63,1371
61,1416
55,1334
56,1325
63,1446
59,1388
62,1399
60,1401
56,1284
67,1497
64,1424
63,1379
63,1416
53,1166
58,1300
64,1526
58,1373
62,1432
57,1350
-,-,-,-
63,1378
73,1717
69,1518
74,1741
67,1507
67,1546
72,1667
68,1575
67,1560
73,1676
68,1567
70,1618
70,1642
70,1639
64,1456
64,1449
61,1386
63,1371
63,1416
56,1234
58,1265
61,1336
59,1321
64,1428
60,1419
61,1421
61,1402
57,1260
66,1524
57,1307
61,1398
59,1335
61,1400
62,1412
59,1388
65,1425
57,1324
58,1393
62,1406
54,1273
60,1365
-,-,-,-
67,1519
65,1465
74,1755
71,1669
74,1741
64,1430
63,1394
72,1639
73,1668
73,1680
71,1612
69,1550
69,1587
71,1650
58,1275
61,1370
63,1423
59,1381
63,1394
60,1294
63,1482
64,1451
61,1333
64,1501
57,1347
62,1484
60,1321
63,1421
57,1323
61,1373
58,1316
62,1513
59,1288
62,1398
58,1358
63,1435
60,1401
64,1531
59,1386
56,1260
62,1494
-,-,-,-
68,1559
68,1538
59,1317
74,1741
64,1446
69,1600
69,1638
68,1564
73,1674
73,1668
72,1671
69,1606
64,1439
66,1500
63,1523
61,1502
56,1282
63,1476
65,1512
63,1392
61,1366
65,1498
61,1319
60,1284
59,1449
60,1433
60,1422
66,1508
62,1421
62,1399
63,1476
57,1339
61,1359
63,1450
57,1219
58,1331
62,1447
62,1408
58,1398
57,1278
53,1256
-,-,-,-
68,1531
70,1566
71,1641
67,1572
67,1561
64,1495
70,1594
71,1629
72,1669
73,1668
71,1640
67,1539
60,1266
68,1581
60,1345
63,1461
61,1449
68,1605
64,1439
60,1302
67,1528
57,1245
56,1293
59,1335
59,1374
59,1357
63,1421
62,1442
61,1387
62,1398
62,1411
60,1422
62,1354
62,1445
61,1314
62,1448
62,1425
60,1467
60,1409
54,1284
60,1381
-,-,-,-
67,1522
71,1607
74,1741
74,1741
67,1538
59,1313
67,1499
72,1649
73,1672
73,1668
71,1606
65,1452
67,1486
70,1627
64,1443
59,1405
62,1381
58,1363
63,1472
59,1256
63,1421
64,1431
59,1255
64,1413
63,1469
58,1326
66,1509
60,1404
57,1206
61,1383
58,1352
62,1497
59,1338
62,1368
60,1339
58,1395
61,1379
63,1497
58,1339
59,1268
61,1395
-,-,-,-
74,1741
74,1741
65,1447
64,1429
67,1543
70,1655
72,1694
67,1486
63,1393
72,1647
71,1633
68,1560
69,1595
68,1586
62,1338
60,1356
65,1473
57,1242
63,1404
60,1362
61,1457
60,1381
59,1257
64,1453
67,1612
63,1442
59,1307
66,1544
63,1424
61,1354
63,1461
56,1345
60,1324
57,1272
65,1555
62,1476
61,1367
62,1542
62,1341
59,1342
57,1243
-,-,-,-
65,1478
68,1524
68,1536
68,1537
56,1251
67,1606
74,1741
72,1639
66,1488
66,1501
71,1612
69,1570
69,1608
66,1486
64,1460
61,1382
63,1497
62,1448
58,1329
59,1363
62,1425
63,1478
61,1363
62,1416
54,1248
65,1539
55,1235
58,1275
60,1393
63,1519
64,1495
58,1307
51,1191
63,1413
63,1413
62,1457
59,1282
59,1416
56,1278
60,1417
59,1463
-,-,-,-
63,1459
68,1538
67,1508
68,1556
74,1741
69,1584
74,1749
67,1553
67,1511
67,1491
69,1578
71,1650
61,1258
66,1457
63,1418
63,1442
59,1310
60,1344
63,1501
58,1253
63,1401
62,1453
59,1365
64,1507
60,1383
57,1334
62,1439
66,1457
59,1455
60,1372
63,1510
61,1449
57,1256
59,1313
56,1198
58,1308
59,1330
64,1562
60,1413
63,1500
59,1376
-,-,-,-
70,1598
67,1557
73,1703
67,1507
70,1627
62,1387
71,1611
60,1385
67,1550
73,1668
70,1599
62,1351
68,1543
69,1598
68,1590
64,1441
63,1404
70,1599
60,1372
64,1417
64,1491
66,1509
62,1390
58,1268
63,1475
60,1438
65,1476
64,1437
63,1382
66,1568
60,1433
62,1449
64,1501
57,1215
62,1395
58,1381
57,1241
61,1496
59,1294
55,1214
56,1337
-,-,-,-
64,1503
72,1659
74,1751
71,1664
62,1373
71,1639
64,1397
58,1230
73,1674
68,1540
71,1618
71,1631
71,1650
66,1489
64,1493
63,1385
61,1291
63,1372
58,1292
61,1401
59,1344
60,1387
62,1349
60,1291
63,1448
62,1416
65,1594
62,1364
58,1328
59,1335
60,1408
59,1352
54,1273
62,1438
60,1381
61,1418
60,1340
62,1528
59,1345
57,1315
61,1432
-,-,-,-
70,1624
70,1578
62,1403
74,1741
69,1552
60,1299
69,1629
66,1508
67,1529
70,1585
72,1655
59,1244
71,1631
71,1651
65,1428
59,1368
59,1374
61,1389
59,1358
60,1340
59,1324
61,1373
62,1397
62,1410
63,1456
59,1342
61,1422
61,1417
58,1250
60,1440
65,1568
57,1333
58,1209
62,1368
60,1330
62,1444
57,1271
63,1487
62,1420
56,1352
60,1394
-,-,-,-
63,1390
66,1483
63,1379
67,1502
67,1549
64,1388
73,1701
71,1644
61,1377
73,1668
72,1651
70,1620
69,1541
63,1355
61,1483
65,1470
60,1389
61,1361
57,1272
63,1451
61,1305
62,1401
58,1280
63,1439
58,1311
63,1458
63,1459
67,1556
55,1304
63,1494
61,1400
59,1325
60,1363
62,1427
62,1372
58,1327
58,1359
63,1523
62,1435
60,1414
60,1423
-,-,-,-
69,1598
72,1689
62,1390
74,1747
62,1380
65,1478
74,1741
70,1592
71,1608
72,1641
69,1519
64,1387
62,1293
67,1490
57,1314
58,1316
63,1488
58,1347
62,1455
64,1427
59,1297
62,1375
58,1229
62,1382
63,1437
63,1464
65,1535
60,1368
58,1269
62,1370
63,1492
59,1369
59,1258
60,1287
61,1398
57,1299
59,1305
60,1396
56,1320
55,1340
62,1549
-,-,-,-
62,1360
66,1500
65,1507
70,1595
68,1555
74,1741
70,1580
70,1592
70,1579
70,1585
73,1684
67,1441
71,1629
71,1644
69,1620
61,1286
64,1497
63,1519
62,1374
60,1312
65,1497
63,1434
63,1430
61,1323
62,1406
61,1388
59,1396
55,1281
59,1347
61,1370
58,1372
63,1469
61,1349
63,1497
61,1323
66,1527
61,1411
56,1216
58,1314
54,1233
57,1339
-,-,-,-
63,1396
65,1511
72,1684
64,1451
67,1532
68,1516
67,1535
73,1682
67,1541
61,1402
69,1572
69,1591
68,1550
71,1629
65,1467
65,1442
62,1465
67,1510
58,1277
60,1319
61,1341
56,1278
57,1324
63,1406
66,1534
60,1393
61,1475
65,1466
61,1363
63,1514
62,1447
61,1435
63,1454
56,1258
64,1400
61,1327
61,1369
56,1344
60,1345
60,1434
61,1443
-,-,-,-
67,1554
66,1561
67,1518
73,1733
62,1383
66,1538
66,1553
57,1278
69,1584
65,1481
67,1493
70,1620
71,1629
66,1452
65,1461
64,1378
66,1498
60,1403
65,1465
57,1285
63,1373
60,1326
59,1342
57,1285
57,1326
62,1453
58,1367
65,1478
56,1279
62,1431
61,1420
66,1584
64,1570
62,1384
57,1262
63,1396
59,1360
57,1325
61,1399
58,1377
60,1397
-,-,-,-
74,1741
72,1704
69,1557
74,1741
73,1735
68,1548
74,1741
72,1659
67,1503
70,1591
64,1460
71,1627
66,1419
71,1642
62,1430
60,1301
60,1350
62,1430
58,1296
63,1442
66,1516
60,1359
59,1322
64,1463
58,1361
61,1428
60,1413
64,1466
59,1315
60,1355
62,1409
64,1502
64,1518
57,1277
57,1251
65,1472
61,1388
60,1436
55,1242
66,1501
58,1354
-,-,-,-
66,1491
72,1667
68,1559
63,1415
72,1713
67,1543
68,1602
73,1668
73,1678
72,1687
68,1562
71,1625
66,1485
66,1427
64,1470
62,1394
68,1542
60,1356
58,1311
63,1340
62,1391
59,1293
63,1356
60,1364
63,1450
61,1462
58,1421
61,1435
59,1411
56,1267
65,1465
63,1448
59,1422
62,1496
60,1377
63,1407
56,1274
61,1421
60,1378
59,1284
54,1244
-,-,-,-
72,1692
74,1741
70,1609
70,1595
66,1479
71,1664
73,1711
66,1489
73,1668
69,1587
66,1479
71,1625
69,1559
71,1625
65,1513
61,1348
64,1457
65,1471
60,1344
65,1409
59,1284
69,1606
64,1463
61,1380
66,1532
60,1369
57,1315
63,1476
59,1292
62,1460
60,1436
63,1497
63,1550
57,1290
63,1551
59,1292
61,1389
62,1399
63,1557
63,1489
58,1348
-,-,-,-
69,1620
67,1533
66,1479
69,1618
73,1739
70,1578
71,1658
72,1655
73,1668
73,1668
71,1658
62,1295
71,1625
71,1627
66,1479
63,1474
63,1465
62,1500
65,1473
63,1433
62,1457
62,1347
57,1219
61,1379
61,1383
60,1433
59,1383
56,1271
56,1247
55,1193
61,1348
62,1492
61,1397
62,1483
62,1381
60,1357
66,1469
63,1449
59,1383
56,1318
56,1329
-,-,-,-
60,1327
74,1745
69,1604
67,1549
74,1741
64,1503
74,1741
70,1603
69,1558
59,1331
63,1442
70,1610
67,1526
64,1403
63,1537
67,1569
63,1515
63,1451
60,1414
60,1351
67,1515
55,1230
60,1385
60,1313
59,1253
63,1505
63,1516
63,1454
62,1325
59,1354
58,1340
60,1357
60,1454
64,1524
64,1443
55,1217
62,1399
62,1385
58,1375
58,1360
58,1320
-,-,-,-
66,1518
62,1375
67,1560
74,1741
70,1659
66,1501
65,1456
70,1583
69,1570
73,1668
72,1633
66,1495
63,1372
64,1376
59,1303
63,1449
60,1374
68,1544
61,1433
62,1441
57,1290
59,1364
61,1355
63,1429
64,1503
64,1497
59,1426
58,1307
62,1407
59,1356
62,1428
63,1423
65,1498
62,1479
63,1456
54,1265
60,1373
64,1480
61,1387
59,1316
58,1336
-,-,-,-
72,1688
69,1570
62,1379
73,1697
68,1555
71,1640
69,1580
73,1668
66,1548
73,1668
72,1659
71,1625
71,1639
71,1625
59,1339
61,1341
68,1626
62,1433
58,1306
61,1450
64,1436
62,1424
65,1424
63,1426
56,1303
62,1440
60,1411
64,1465
64,1512
61,1415
59,1312
62,1380
65,1544
59,1450
50,1167
57,1244
64,1463
60,1398
56,1293
63,1423
57,1295
-,-,-,-
63,1406
62,1387
74,1743
68,1596
71,1651
62,1443
74,1761
73,1668
70,1591
69,1574
67,1555
69,1566
68,1505
64,1376
62,1388
59,1261
65,1488
62,1381
62,1513
62,1427
64,1480
61,1395
64,1439
63,1408
60,1334
63,1536
61,1370
60,1327
63,1406
59,1375
58,1355
62,1427
63,1475
58,1276
59,1391
61,1388
61,1359
62,1373
61,1455
58,1302
55,1307
-,-,-,-
74,1741
71,1603
73,1705
74,1741
72,1719
68,1538
68,1516
71,1654
66,1453
67,1559
70,1563
68,1548
63,1406
71,1649
60,1335
65,1459
67,1584
64,1483
59,1382
57,1312
64,1483
56,1198
54,1203
62,1313
61,1383
57,1268
62,1402
65,1489
64,1393
58,1325
59,1381
61,1424
59,1403
60,1424
59,1310
63,1385
60,1354
64,1450
64,1509
63,1426
57,1284
-,-,-,-
74,1741
69,1547
68,1530
74,1747
74,1741
74,1739
66,1525
71,1634
73,1670
73,1668
66,1489
70,1576
65,1436
63,1308
61,1383
62,1319
62,1501
65,1497
62,1479
66,1525
65,1516
56,1253
55,1299
60,1343
60,1311
58,1331
63,1449
59,1304
61,1400
60,1394
63,1422
61,1384
63,1485
62,1521
65,1526
60,1322
62,1404
59,1419
66,1577
56,1389
60,1447
-,-,-,-
68,1587
63,1406
74,1743
72,1665
63,1435
72,1662
68,1544
73,1668
65,1476
62,1364
73,1668
69,1560
67,1457
65,1389
67,1496
64,1494
63,1450
62,1401
64,1473
67,1511
62,1380
64,1391
60,1388
61,1396
62,1429
59,1365
58,1330
61,1375
61,1301
56,1278
54,1227
58,1401
64,1492
61,1392
58,1376
64,1526
63,1345
63,1438
56,1221
59,1410
52,1173
-,-,-,-
67,1544
65,1511
74,1739
70,1615
72,1686
66,1542
74,1739
71,1631
67,1535
73,1668
68,1544
68,1535
70,1599
71,1646
64,1454
60,1300
62,1440
63,1399
64,1498
64,1415
62,1350
57,1255
61,1351
58,1226
60,1376
61,1404
63,1518
66,1589
64,1399
61,1375
51,1155
62,1402
59,1365
59,1378
62,1515
61,1492
61,1389
61,1376
60,1322
55,1246
58,1392
-,-,-,-
73,1705
68,1591
74,1739
74,1739
66,1516
74,1739
72,1651
73,1674
69,1573
72,1651
73,1668
70,1598
67,1458
70,1600
62,1385
57,1196
66,1543
64,1384
66,1459
61,1384
61,1426
61,1399
62,1398
64,1440
65,1505
58,1352
65,1507
56,1323
57,1337
59,1323
57,1279
60,1360
62,1451
59,1407
64,1591
59,1330
62,1386
55,1226
62,1432
59,1365
58,1385
-,-,-,-
74,1741
74,1739
67,1546
69,1605
67,1485
66,1457
71,1659
73,1686
73,1674
72,1639
67,1514
69,1583
70,1586
68,1539
65,1402
66,1516
65,1462
65,1496
65,1499
65,1532
64,1379
63,1450
62,1354
66,1509
57,1268
63,1480
69,1711
61,1474
60,1349
62,1378
54,1207
55,1264
62,1461
61,1433
63,1502
63,1474
58,1254
62,1461
57,1299
63,1475
57,1305
-,-,-,-
70,1638
72,1699
71,1659
74,1745
74,1739
67,1535
72,1673
69,1592
71,1655
66,1506
69,1629
71,1625
71,1625
67,1405
64,1464
67,1559
55,1267
64,1440
65,1517
60,1373
62,1425
62,1395
60,1307
63,1415
57,1237
63,1471
63,1436
60,1374
63,1416
63,1480
59,1288
64,1464
59,1396
60,1436
63,1500
61,1358
52,1193
62,1398
62,1432
61,1408
56,1335
-,-,-,-
66,1514
74,1739
66,1483
71,1613
67,1548
64,1455
73,1724
73,1668
73,1668
68,1502
60,1333
67,1463
63,1374
71,1625
63,1417
66,1506
65,1508
62,1430
60,1353
65,1454
59,1322
60,1408
61,1369
63,1362
62,1356
62,1407
65,1528
66,1562
61,1373
61,1487
54,1164
58,1323
63,1455
62,1496
59,1339
57,1302
56,1355
63,1389
61,1411
60,1373
62,1476
-,-,-,-
74,1743
72,1683
72,1672
64,1450
63,1446
64,1405
74,1739
72,1699
72,1639
72,1641
72,1651
66,1445
69,1565
69,1587
68,1573
60,1353
56,1311
60,1350
61,1389
63,1516
62,1436
60,1379
62,1429
68,1552
61,1402
59,1369
63,1427
59,1370
62,1417
62,1423
58,1311
62,1472
55,1328
61,1406
57,1320
65,1566
58,1349
62,1456
61,1371
57,1316
56,1310
-,-,-,-
70,1680
72,1704
69,1601
67,1485
69,1615
74,1739
65,1484
70,1596
66,1504
72,1649
69,1566
71,1625
71,1625
70,1602
61,1338
55,1216
62,1435
63,1388
60,1390
60,1313
59,1337
62,1358
63,1412
59,1328
64,1432
66,1550
61,1367
63,1488
61,1377
60,1372
56,1284
58,1259
63,1477
61,1430
65,1637
58,1370
59,1286
59,1324
54,1134
61,1415
61,1467
-,-,-,-
64,1490
74,1739
71,1650
66,1517
72,1705
74,1743
72,1687
71,1604
61,1384
73,1670
66,1454
66,1422
66,1477
71,1638
67,1600
65,1495
58,1308
64,1400
65,1464
59,1294
60,1412
65,1449
62,1397
63,1423
62,1378
62,1442
59,1367
66,1549
62,1408
61,1510
57,1320
62,1423
65,1530
57,1350
59,1324
58,1341
55,1278
57,1292
60,1389
57,1293
57,1349
-,-,-,-
68,1513
56,1239
69,1580
71,1609
69,1585
71,1613
69,1552
71,1634
68,1571
73,1668
73,1670
71,1625
71,1625
66,1419
60,1322
60,1368
64,1384
66,1542
61,1394
58,1285
55,1237
62,1393
61,1341
57,1281
56,1252
63,1463
59,1341
62,1447
65,1435
61,1376
57,1278
63,1456
53,1228
58,1363
61,1425
59,1355
60,1270
57,1234
61,1450
57,1345
65,1523
-,-,-,-
72,1684
74,1739
69,1614
74,1739
66,1497
69,1609
74,1739
68,1557
57,1223
62,1406
73,1668
66,1458
71,1619
68,1557
67,1497
60,1265
61,1382
60,1374
65,1471
59,1294
64,1542
59,1292
63,1404
61,1332
61,1364
62,1524
54,1216
62,1448
55,1176
60,1363
56,1277
62,1444
58,1345
62,1427
59,1339
62,1457
58,1284
59,1297
61,1368
61,1394
58,1312
-,-,-,-
62,1351
73,1732
71,1627
74,1739
71,1665
61,1421
73,1701
71,1644
61,1328
70,1573
54,1190
70,1583
71,1617
71,1624
65,1511
60,1359
61,1404
58,1395
62,1489
57,1306
59,1289
62,1359
64,1477
60,1380
64,1409
63,1410
63,1542
60,1404
65,1521
58,1264
58,1267
54,1225
57,1301
62,1496
58,1364
63,1466
57,1306
59,1290
63,1551
64,1503
56,1225
-,-,-,-
66,1529
70,1596
63,1435
74,1739
74,1739
65,1433
74,1745
68,1574
66,1484
68,1554
64,1456
67,1454
70,1615
64,1375
62,1420
61,1284
59,1369
64,1431
64,1446
59,1400
59,1351
62,1371
61,1365
61,1329
61,1351
65,1527
62,1477
67,1531
66,1478
62,1388
57,1250
59,1371
61,1393
58,1358
62,1449
61,1410
62,1338
61,1343
61,1478
64,1461
54,1243
-,-,-,-
73,1707
70,1654
69,1624
74,1739
61,1385
68,1587
73,1705
73,1668
60,1348
72,1645
68,1585
64,1476
67,1522
71,1613
61,1385
68,1529
65,1521
63,1460
64,1462
62,1414
57,1393
64,1428
67,1544
61,1381
67,1566
59,1422
63,1439
62,1472
65,1471
59,1383
57,1329
64,1464
63,1412
61,1436
57,1303
58,1356
64,1388
60,1379
61,1431
61,1397
56,1172
-,-,-,-
63,1413
63,1423
72,1699
73,1707
64,1444
63,1439
66,1499
73,1668
73,1672
62,1363
70,1608
70,1609
64,1399
63,1337
63,1487
64,1428
63,1452
65,1497
62,1347
63,1396
64,1475
58,1278
65,1411
60,1281
61,1370
62,1352
63,1389
60,1358
61,1263
60,1357
57,1266
61,1403
63,1433
57,1325
63,1438
60,1357
57,1283
64,1473
54,1225
63,1472
59,1381
-,-,-,-
69,1609
70,1650
68,1520
69,1593
69,1629
74,1739
72,1704
73,1688
68,1536
73,1668
63,1389
65,1347
65,1389
66,1402
59,1339
66,1504
65,1470
62,1303
66,1547
62,1380
61,1384
64,1473
57,1271
63,1411
60,1321
59,1340
65,1533
58,1312
59,1309
58,1358
60,1360
63,1431
65,1546
63,1496
63,1456
62,1496
60,1292
58,1307
59,1389
59,1317
56,1246
-,-,-,-
65,1523
70,1613
65,1448
68,1605
68,1585
69,1611
65,1484
73,1670
67,1503
58,1268
71,1616
67,1517
68,1574
63,1410
64,1489
64,1445
65,1523
66,1548
62,1461
63,1482
54,1236
64,1464
62,1419
61,1341
63,1417
61,1375
59,1309
58,1375
63,1408
58,1301
57,1272
59,1356
64,1569
58,1380
56,1273
60,1388
62,1344
59,1314
63,1536
62,1390
60,1438
-,-,-,-
73,1705
73,1705
73,1691
64,1408
68,1578
65,1463
71,1626
70,1597
62,1380
69,1590
73,1668
67,1393
70,1586
67,1443
62,1417
64,1439
63,1442
68,1567
62,1358
59,1311
59,1384
65,1430
64,1411
60,1332
61,1411
61,1379
62,1443
60,1360
61,1427
59,1320
56,1310
60,1440
60,1383
62,1519
60,1453
57,1324
53,1149
58,1289
59,1479
58,1307
58,1307
-,-,-,-
69,1630
72,1680
65,1445
71,1662
70,1562
61,1316
64,1403
73,1678
73,1668
68,1555
68,1564
70,1562
61,1281
64,1385
58,1306
58,1247
62,1437
61,1383
65,1447
60,1339
61,1400
62,1356
59,1340
58,1304
61,1378
63,1455
62,1436
61,1421
59,1287
58,1276
54,1198
60,1372
61,1398
63,1540
60,1380
61,1387
58,1258
62,1373
54,1235
59,1358
55,1288
-,-,-,-
61,1332
74,1739
69,1551
71,1640
74,1739
72,1665
74,1739
69,1552
72,1652
68,1508
73,1668
66,1468
71,1613
70,1562
61,1352
65,1526
64,1470
60,1354
61,1345
62,1412
69,1670
62,1410
66,1543
59,1311
62,1318
64,1393
65,1483
57,1347
65,1529
64,1537
63,1389
60,1327
64,1513
61,1455
63,1424
63,1539
59,1296
60,1330
60,1348
58,1210
60,1353
-,-,-,-
71,1640
74,1739
72,1723
73,1705
71,1681
67,1554
74,1739
60,1403
68,1536
61,1392
71,1634
66,1468
69,1553
62,1289
59,1347
64,1386
65,1519
63,1409
60,1297
61,1472
58,1302
59,1288
62,1386
68,1625
58,1354
65,1504
60,1395
59,1359
59,1309
61,1360
59,1325
64,1458
58,1350
58,1362
61,1433
65,1593
54,1292
61,1395
65,1568
57,1316
57,1326
-,-,-,-
68,1555
73,1735
64,1454
74,1739
74,1739
68,1526
69,1622
72,1633
73,1680
62,1360
60,1329
65,1411
65,1425
68,1528
65,1528
67,1585
62,1418
63,1397
61,1412
61,1418
60,1432
62,1410
62,1341
58,1391
60,1311
57,1290
63,1441
61,1425
64,1446
62,1396
61,1442
60,1340
62,1389
61,1474
61,1517
59,1336
58,1320
61,1363
58,1360
62,1412
58,1408
-,-,-,-
66,1543
70,1621
65,1435
66,1488
74,1739
67,1560
64,1382
73,1668
73,1668
73,1668
73,1678
63,1334
71,1617
66,1434
65,1434
65,1452
63,1438
65,1466
65,1516
57,1268
57,1309
65,1469
63,1440
60,1343
62,1402
63,1409
66,1496
57,1329
63,1442
56,1258
55,1306
61,1400
60,1368
62,1491
62,1528
62,1448
61,1426
63,1461
62,1561
54,1094
57,1314
-,-,-,-
64,1421
72,1671
67,1565
74,1745
72,1661
74,1739
73,1722
72,1633
73,1674
71,1590
66,1524
69,1549
69,1533
59,1236
67,1566
65,1483
63,1418
59,1318
64,1543
63,1528
58,1297
62,1358
64,1460
52,1145
59,1343
61,1390
64,1451
62,1408
64,1450
59,1350
60,1343
63,1443
65,1538
65,1547
62,1473
59,1322
64,1412
59,1295
60,1388
59,1265
60,1341
-,-,-,-
74,1739
60,1360
74,1741
74,1741
63,1471
74,1747
64,1423
73,1672
73,1694
70,1609
65,1458
71,1613
71,1620
71,1619
59,1283
65,1524
65,1507
63,1446
69,1617
61,1375
60,1428
60,1312
60,1297
61,1362
62,1414
61,1405
61,1401
60,1383
62,1382
60,1396
59,1320
61,1349
60,1472
65,1527
68,1591
60,1419
65,1453
62,1427
61,1488
60,1395
61,1389
-,-,-,-
62,1385
74,1735
56,1212
66,1510
73,1709
64,1464
63,1379
71,1612
71,1629
64,1498
65,1472
65,1405
71,1605
69,1535
59,1333
64,1449
58,1296
65,1427
59,1411
62,1429
62,1451
62,1429
66,1469
59,1364
64,1478
58,1293
60,1358
64,1478
61,1484
65,1432
64,1422
58,1402
53,1202
66,1560
60,1416
60,1405
56,1335
62,1380
64,1576
55,1154
56,1269
-,-,-,-
65,1482
59,1321
73,1683
73,1695
74,1735
61,1345
65,1485
68,1549
68,1555
60,1392
61,1405
67,1482
71,1630
71,1595
65,1468
66,1468
62,1402
61,1388
64,1536
65,1475
58,1406
68,1590
57,1281
65,1488
59,1322
65,1438
56,1275
61,1413
57,1271
58,1300
60,1394
55,1288
61,1470
60,1387
62,1406
57,1375
60,1282
65,1470
61,1494
60,1391
58,1351
-,-,-,-
65,1490
72,1692
61,1412
71,1644
71,1640
74,1735
68,1523
72,1639
72,1655
72,1657
73,1676
71,1599
70,1562
70,1603
65,1538
64,1481
59,1342
58,1362
63,1482
65,1461
61,1336
58,1291
61,1329
54,1190
67,1606
62,1422
65,1448
63,1431
62,1473
63,1414
62,1411
53,1175
53,1100
60,1416
59,1427
61,1424
62,1417
60,1387
54,1310
62,1417
59,1399
-,-,-,-
74,1735
73,1687
69,1633
74,1735
72,1683
65,1525
65,1509
73,1668
73,1668
69,1560
70,1592
69,1540
71,1599
69,1548
64,1449
60,1320
63,1495
63,1411
63,1430
59,1320
60,1454
63,1428
63,1418
58,1246
57,1264
57,1271
63,1469
61,1374
62,1476
58,1292
58,1292
61,1363
60,1410
61,1494
62,1502
63,1549
54,1250
56,1282
65,1539
61,1455
59,1386
-,-,-,-
68,1522
71,1656
73,1714
62,1360
70,1564
73,1705
70,1618
73,1668
72,1656
63,1457
71,1614
67,1417
70,1550
70,1568
64,1467
64,1403
60,1394
63,1506
68,1602
61,1401
63,1507
56,1222
61,1378
57,1240
58,1314
66,1454
60,1344
62,1392
62,1468
60,1272
63,1502
57,1302
65,1470
65,1546
59,1335
59,1364
61,1324
67,1651
55,1300
64,1447
58,1367
-,-,-,-
73,1695
61,1375
67,1531
71,1664
74,1735
74,1759
69,1632
57,1273
68,1550
64,1484
73,1668
71,1591
68,1497
60,1280
61,1406
62,1380
62,1444
63,1451
62,1401
62,1388
61,1431
62,1433
63,1416
60,1283
67,1579
62,1407
65,1481
63,1456
64,1503
61,1394
63,1439
53,1267
59,1348
58,1316
61,1466
63,1474
61,1374
59,1318
62,1470
54,1234
57,1287
-,-,-,-
68,1522
72,1632
71,1654
74,1735
70,1586
72,1661
70,1564
66,1443
73,1668
60,1334
70,1596
66,1413
69,1518
67,1526
60,1314
65,1482
58,1301
63,1479
63,1454
62,1412
63,1475
61,1488
64,1388
58,1327
61,1513
64,1467
64,1482
65,1485
60,1406
60,1337
63,1395
60,1368
59,1443
59,1406
61,1481
62,1464
60,1473
59,1399
61,1342
58,1326
54,1252
-,-,-,-
74,1735
70,1664
70,1590
65,1515
72,1655
65,1509
69,1648
72,1647
65,1458
69,1562
69,1562
68,1520
70,1544
71,1591
69,1602
61,1367
62,1442
63,1427
66,1520
63,1416
63,1511
62,1405
62,1414
62,1386
63,1479
59,1306
64,1409
63,1540
60,1359
63,1460
60,1345
56,1214
58,1369
59,1340
61,1438
59,1396
64,1485
62,1404
56,1313
61,1396
59,1307
-,-,-,-
71,1682
66,1517
74,1735
61,1364
71,1682
71,1597
74,1735
70,1603
73,1672
67,1521
71,1648
69,1524
65,1442
68,1540
64,1454
60,1392
62,1417
64,1468
65,1456
62,1348
63,1447
63,1360
60,1357
58,1215
65,1475
62,1375
63,1398
62,1479
62,1489
59,1379
58,1300
54,1229
59,1376
56,1271
64,1530
61,1455
56,1276
59,1271
63,1514
59,1303
59,1337
-,-,-,-
67,1531
71,1659
68,1575
74,1735
70,1634
72,1641
65,1505
69,1552
72,1636
63,1439
73,1670
66,1546
63,1332
67,1456
65,1456
66,1551
61,1414
61,1372
65,1475
62,1408
62,1459
66,1474
62,1372
63,1425
61,1408
60,1285
61,1401
64,1475
58,1361
61,1395
57,1315
61,1346
60,1336
61,1342
57,1293
57,1286
58,1357
61,1389
61,1443
64,1429
60,1439
-,-,-,-
74,1735
73,1709
65,1477
63,1404
72,1694
74,1735
74,1735
73,1668
73,1668
72,1644
66,1551
65,1446
71,1591
67,1500
64,1480
68,1584
59,1304
65,1418
63,1428
69,1615
63,1489
63,1489
63,1451
58,1232
73,1773
65,1449
63,1438
59,1369
56,1251
64,1487
62,1502
54,1234
61,1457
64,1467
62,1445
57,1381
63,1494
61,1367
64,1563
60,1378
62,1441
-,-,-,-
65,1474
71,1704
70,1564
71,1657
74,1735
67,1556
68,1575
67,1537
71,1619
70,1636
63,1418
68,1683
64,1509
66,1599
62,1350
60,1371
57,1227
62,1421
59,1311
65,1531
62,1375
61,1457
59,1284
63,1398
65,1437
64,1440
61,1357
68,1582
65,1501
60,1382
63,1448
57,1305
59,1224
56,1202
62,1453
61,1401
60,1327
58,1363
58,1368
61,1359
60,1431
-,-,-,-
71,1663
73,1693
67,1579
74,1733
68,1564
64,1441
74,1735
73,1668
69,1576
71,1663
70,1592
71,1747
67,1591
73,1773
63,1377
60,1352
66,1513
66,1533
64,1499
62,1432
63,1384
61,1424
65,1472
60,1335
64,1482
60,1336
66,1518
66,1512
60,1389
59,1341
62,1393
56,1329
64,1483
63,1485
68,1601
60,1387
62,1494
61,1383
61,1483
61,1418
60,1371
-,-,-,-
69,1595
74,1733
66,1510
74,1733
62,1454
71,1654
61,1363
68,1540
72,1655
68,1553
73,1672
72,1744
68,1699
69,1690
65,1386
67,1538
69,1596
59,1314
60,1394
61,1411
62,1401
56,1297
60,1327
63,1390
65,1445
64,1485
60,1433
62,1407
62,1410
56,1286
56,1232
64,1474
61,1419
61,1390
59,1336
64,1532
60,1360
58,1300
53,1192
57,1252
60,1433
-,-,-,-
74,1733
70,1637
70,1609
67,1552
68,1551
70,1609
66,1539
73,1668
68,1532
73,1668
70,1577
68,1633
70,1711
62,1439
58,1224
59,1327
62,1373
64,1460
61,1349
69,1656
62,1454
61,1409
62,1395
62,1373
62,1356
65,1504
59,1269
64,1405
61,1382
61,1344
62,1429
62,1395
57,1300
55,1250
63,1504
63,1483
61,1402
58,1305
57,1331
58,1270
60,1308
-,-,-,-
74,1733
63,1483
71,1647
65,1466
69,1563
72,1697
74,1733
72,1655
70,1609
68,1586
73,1668
70,1705
70,1726
73,1757
62,1332
60,1359
62,1363
61,1386
58,1314
62,1424
64,1419
58,1326
64,1505
63,1414
61,1410
64,1468
64,1506
64,1374
63,1401
64,1480
59,1419
61,1420
63,1471
61,1357
58,1343
64,1495
56,1348
59,1274
66,1626
57,1345
58,1294
-,-,-,-
74,1733
72,1687
64,1479
73,1709
72,1687
67,1565
67,1503
70,1609
73,1668
73,1670
72,1655
73,1780
73,1759
62,1480
62,1414
64,1467
62,1474
68,1561
60,1331
69,1661
67,1590
62,1442
59,1300
58,1332
60,1324
66,1540
64,1546
59,1404
61,1345
61,1477
59,1363
64,1381
58,1312
61,1405
60,1393
64,1537
63,1488
59,1409
55,1270
60,1340
56,1338
-,-,-,-
72,1714
57,1191
71,1662
68,1591
72,1678
74,1735
66,1541
73,1668
68,1538
65,1489
64,1468
70,1672
69,1673
73,1757
62,1313
69,1619
61,1373
64,1461
61,1366
61,1411
57,1318
62,1386
61,1301
63,1479
64,1472
62,1413
63,1398
64,1445
62,1347
59,1435
62,1382
65,1472
61,1412
59,1324
60,1425
62,1436
62,1451
56,1317
54,1322
62,1448
58,1354
-,-,-,-
72,1683
70,1624
70,1625
74,1733
72,1712
71,1686
66,1513
70,1562
68,1492
65,1479
70,1573
71,1706
63,1463
73,1757
60,1352
61,1456
65,1413
65,1548
61,1318
64,1432
65,1535
63,1500
62,1386
62,1409
58,1293
66,1494
62,1416
61,1302
60,1355
59,1387
64,1495
58,1229
63,1480
58,1331
58,1319
60,1383
60,1445
60,1327
67,1523
60,1389
58,1316
-,-,-,-
66,1529
74,1733
68,1589
66,1549
62,1373
73,1729
64,1413
68,1535
64,1436
72,1650
66,1483
66,1587
70,1668
63,1462
61,1375
63,1447
65,1458
58,1407
63,1446
64,1449
60,1327
69,1629
64,1498
68,1530
62,1385
63,1429
65,1536
61,1393
58,1319
63,1405
59,1351
66,1611
63,1334
62,1400
61,1397
58,1342
61,1440
60,1353
57,1321
55,1157
57,1266
-,-,-,-
74,1735
70,1686
73,1709
71,1670
64,1474
71,1652
74,1733
61,1391
73,1668
64,1433
73,1668
67,1608
70,1730
71,1716
62,1416
65,1459
66,1513
63,1418
61,1363
60,1352
64,1483
64,1527
64,1407
60,1331
61,1392
66,1561
63,1407
65,1496
61,1433
60,1358
58,1311
64,1450
64,1431
57,1241
55,1228
62,1387
63,1530
62,1372
60,1357
58,1287
55,1279
-,-,-,-
71,1676
66,1449
71,1697
73,1712
62,1353
64,1456
72,1693
68,1602
72,1686
65,1491
67,1585
73,1759
71,1721
67,1571
63,1430
60,1294
61,1397
66,1589
60,1350
60,1403
57,1264
62,1459
63,1431
60,1327
56,1213
65,1461
58,1382
61,1334
60,1354
63,1438
58,1315
66,1581
64,1441
60,1314
63,1423
57,1361
63,1541
65,1563
60,1388
60,1386
59,1348
-,-,-,-
72,1673
70,1615
71,1646
71,1671
71,1657
74,1731
74,1733
73,1668
73,1668
72,1669
71,1629
73,1755
69,1653
68,1640
63,1432
61,1366
63,1458
60,1398
64,1470
62,1440
62,1404
60,1374
57,1219
66,1488
62,1382
63,1441
64,1392
67,1566
59,1291
61,1410
63,1514
58,1295
59,1349
56,1204
63,1413
59,1306
59,1402
61,1454
58,1348
60,1354
55,1265
-,-,-,-
66,1524
71,1622
64,1462
71,1646
64,1432
62,1356
67,1556
66,1516
73,1668
70,1592
73,1672
66,1548
70,1690
68,1614
65,1490
67,1473
63,1441
60,1366
61,1423
63,1440
65,1461
60,1429
63,1419
62,1445
60,1348
64,1440
61,1356
61,1385
64,1457
59,1369
58,1324
67,1681
62,1409
59,1310
59,1332
60,1376
55,1255
56,1225
60,1380
59,1330
60,1424
-,-,-,-
74,1741
72,1677
67,1535
74,1731
74,1731
71,1613
70,1620
70,1557
64,1483
67,1481
73,1668
68,1610
70,1700
69,1643
62,1388
60,1339
63,1423
64,1475
64,1432
66,1561
63,1441
64,1403
63,1441
61,1373
59,1276
63,1426
59,1359
66,1427
59,1346
63,1468
63,1485
59,1379
59,1343
62,1392
61,1453
61,1397
65,1509
64,1526
59,1379
60,1375
60,1364
-,-,-,-
64,1449
65,1498
74,1739
64,1417
72,1700
72,1698
70,1640
70,1583
66,1504
71,1625
67,1571
70,1676
73,1755
72,1741
66,1501
68,1597
62,1347
65,1432
58,1307
65,1554
61,1439
60,1427
61,1362
57,1336
59,1381
64,1502
64,1467
62,1327
67,1518
62,1462
55,1256
60,1280
56,1173
54,1246
61,1339
63,1413
65,1523
60,1416
58,1301
57,1301
54,1190
-,-,-,-
61,1378
72,1718
73,1722
68,1557
73,1727
67,1541
68,1590
68,1568
64,1458
73,1668
67,1487
69,1632
68,1547
65,1603
60,1353
61,1341
62,1401
66,1561
65,1413
64,1463
61,1370
59,1302
61,1380
57,1302
59,1309
61,1310
63,1445
62,1340
62,1385
58,1281
64,1494
66,1556
62,1375
61,1371
60,1292
60,1390
64,1551
59,1411
60,1375
57,1294
57,1268
-,-,-,-
67,1513
69,1625
66,1553
74,1731
72,1697
67,1516
71,1601
73,1668
70,1597
62,1353
66,1503
71,1687
67,1616
71,1715
63,1386
67,1523
62,1371
62,1483
59,1362
64,1473
65,1489
62,1416
62,1365
60,1328
57,1327
64,1454
63,1512
57,1241
65,1502
58,1326
59,1357
60,1355
56,1224
58,1354
59,1323
60,1387
59,1381
61,1482
59,1362
60,1323
58,1259
-,-,-,-
66,1491
68,1515
64,1428
71,1675
68,1530
68,1603
67,1538
63,1422
69,1535
73,1670
72,1657
68,1604
74,1810
71,1670
61,1407
61,1382
60,1305
60,1311
63,1446
66,1511
63,1355
64,1541
60,1322
59,1303
64,1402
67,1543
56,1205
59,1211
61,1332
59,1284
58,1344
61,1421
62,1412
60,1344
61,1392
65,1522
64,1500
63,1474
63,1400
59,1338
55,1235
-,-,-,-
67,1587
73,1679
67,1467
67,1499
68,1557
70,1624
72,1657
72,1754
62,1485
69,1680
74,1812
64,1396
65,1489
71,1647
65,1514
66,1536
64,1500
62,1471
65,1443
64,1492
64,1394
67,1573
63,1405
62,1374
63,1385
65,1514
61,1411
66,1453
63,1469
63,1467
65,1609
68,1632
61,1330
56,1218
53,1192
63,1438
60,1475
57,1297
60,1389
63,1443
53,1291
-,-,-,-
72,1649
62,1403
73,1693
73,1699
72,1687
73,1693
72,1671
74,1828
74,1806
72,1778
62,1430
68,1567
73,1670
70,1603
63,1433
66,1562
71,1673
59,1398
64,1471
70,1619
67,1541
61,1384
60,1294
58,1241
62,1456
66,1529
62,1427
62,1396
59,1293
63,1424
59,1342
62,1385
61,1403
57,1278
63,1448
59,1312
56,1274
61,1535
59,1410
63,1387
59,1308
-,-,-,-
72,1667
67,1560
65,1461
74,1729
74,1739
69,1588
70,1627
72,1757
64,1541
70,1679
67,1629
66,1527
69,1583
69,1595
61,1332
63,1392
63,1416
59,1307
63,1405
57,1328
66,1554
60,1338
63,1459
58,1323
61,1336
66,1538
63,1459
62,1461
61,1334
61,1380
63,1410
62,1404
63,1454
56,1262
63,1462
55,1221
63,1504
64,1604
60,1414
61,1420
60,1382
-,-,-,-
73,1691
74,1729
66,1510
65,1487
74,1729
74,1729
73,1730
66,1583
65,1516
73,1767
74,1810
71,1629
73,1668
73,1674
67,1489
62,1445
62,1452
62,1429
61,1404
61,1370
59,1299
58,1370
58,1254
65,1430
59,1304
59,1253
61,1379
59,1325
65,1483
67,1506
57,1276
60,1372
60,1393
62,1434
58,1308
64,1440
61,1470
61,1388
61,1414
51,1103
59,1354
-,-,-,-
66,1543
60,1312
73,1724
74,1729
73,1705
71,1647
64,1442
70,1689
72,1745
71,1711
72,1783
68,1555
73,1668
73,1668
61,1295
67,1494
67,1517
65,1563
65,1491
63,1371
64,1469
60,1380
60,1288
62,1379
59,1310
62,1330
64,1435
58,1340
58,1300
63,1468
62,1391
58,1338
62,1422
59,1401
60,1377
62,1378
61,1477
63,1542
65,1583
62,1366
59,1347
-,-,-,-
65,1487
70,1664
64,1457
72,1679
69,1594
71,1649
74,1737
74,1810
71,1746
66,1544
72,1755
65,1499
70,1617
69,1612
65,1425
66,1545
66,1502
61,1400
67,1605
63,1454
64,1503
61,1417
61,1329
63,1459
60,1295
60,1342
59,1352
64,1481
67,1552
60,1415
64,1438
62,1438
61,1372
59,1328
60,1305
60,1385
65,1567
58,1359
61,1423
54,1197
63,1480
-,-,-,-
72,1732
66,1551
73,1689
66,1504
68,1597
70,1608
73,1689
68,1611
69,1683
74,1820
74,1806
64,1457
66,1491
66,1482
61,1296
61,1361
63,1431
61,1458
68,1533
58,1277
66,1586
61,1451
62,1353
63,1436
63,1451
63,1438
65,1475
62,1383
63,1417
63,1423
64,1467
63,1449
61,1379
60,1392
58,1328
59,1416
59,1401
60,1352
62,1444
56,1308
61,1394
-,-,-,-
68,1580
71,1662
73,1705
67,1515
70,1605
74,1729
69,1583
69,1637
64,1557
74,1806
74,1806
60,1333
69,1590
66,1496
65,1449
65,1488
68,1568
62,1365
57,1289
65,1438
65,1468
61,1412
65,1497
61,1356
64,1456
64,1495
62,1448
63,1510
66,1513
60,1301
60,1363
58,1333
62,1436
61,1357
58,1285
63,1498
60,1401
63,1522
65,1531
60,1386
59,1382
-,-,-,-
67,1535
72,1692
68,1548
69,1592
74,1729
74,1729
61,1393
72,1754
68,1672
58,1358
65,1494
73,1674
72,1651
73,1672
60,1325
66,1545
64,1460
65,1502
66,1551
66,1501
63,1503
59,1322
65,1527
63,1419
61,1356
67,1580
64,1473
62,1389
64,1438
64,1411
66,1497
62,1463
65,1465
57,1255
63,1369
57,1275
63,1472
58,1327
62,1494
58,1359
57,1197
-,-,-,-
74,1731
71,1688
69,1621
69,1585
62,1408
74,1729
74,1729
74,1806
70,1735
73,1755
71,1750
65,1478
72,1633
69,1553
64,1461
59,1288
62,1368
62,1399
59,1332
66,1491
63,1508
60,1371
61,1413
60,1354
62,1437
64,1388
69,1607
57,1344
61,1397
67,1497
65,1445
60,1357
65,1467
59,1352
58,1322
63,1423
57,1327
56,1305
58,1388
56,1261
61,1412
-,-,-,-
70,1662
74,1729
61,1356
67,1557
68,1601
58,1253
63,1407
73,1800
74,1802
74,1794
64,1514
72,1637
69,1567
64,1418
61,1339
62,1500
65,1456
60,1402
65,1499
65,1443
67,1559
60,1375
63,1387
65,1482
56,1233
60,1354
62,1445
61,1355
65,1441
61,1393
56,1271
61,1433
60,1334
62,1362
60,1399
59,1373
61,1420
59,1391
52,1254
62,1410
65,1473
-,-,-,-
72,1676
74,1729
68,1567
74,1729
72,1689
63,1404
66,1529
69,1671
73,1771
74,1792
74,1794
57,1271
61,1410
70,1592
65,1468
59,1227
66,1598
58,1291
69,1650
63,1453
57,1284
62,1415
59,1334
58,1303
66,1451
63,1379
68,1563
60,1373
62,1354
63,1450
57,1299
58,1292
63,1418
61,1427
56,1219
60,1374
57,1394
60,1402
58,1391
61,1417
51,1117
-,-,-,-
70,1626
73,1699
60,1347
71,1652
69,1589
62,1345
74,1729
74,1794
72,1755
69,1676
70,1703
69,1553
67,1540
67,1528
63,1327
62,1469
66,1464
64,1508
62,1413
63,1369
65,1498
62,1438
63,1472
65,1496
61,1332
63,1414
66,1510
63,1307
61,1425
62,1420
60,1377
58,1358
61,1459
58,1362
57,1262
61,1399
61,1466
61,1399
64,1502
54,1207
60,1340
-,-,-,-
71,1625
67,1467
73,1689
63,1389
72,1670
72,1677
69,1586
74,1792
64,1533
74,1804
73,1746
68,1578
73,1668
63,1408
67,1493
64,1476
66,1614
63,1442
69,1609
64,1446
61,1408
61,1332
62,1414
64,1447
62,1354
59,1273
61,1373
67,1489
66,1598
61,1434
57,1266
64,1509
61,1402
61,1376
59,1371
58,1304
60,1448
60,1366
60,1389
60,1324
60,1347
-,-,-,-
69,1592
68,1551
64,1411
69,1587
70,1619
69,1551
61,1356
73,1752
74,1792
70,1683
68,1670
73,1668
73,1668
66,1533
70,1579
61,1328
66,1539
66,1502
62,1343
63,1492
68,1601
59,1330
63,1439
62,1449
65,1448
62,1441
63,1411
60,1410
62,1440
63,1527
60,1362
59,1320
63,1423
65,1520
64,1440
59,1365
61,1445
57,1324
63,1456
57,1295
64,1501
-,-,-,-
70,1594
74,1737
69,1592
68,1582
74,1729
74,1727
62,1399
74,1794
60,1394
73,1772
65,1552
73,1690
68,1536
63,1437
62,1379
64,1434
63,1397
67,1564
66,1512
66,1466
67,1567
65,1518
58,1266
63,1416
59,1257
65,1417
61,1333
63,1421
63,1382
60,1304
62,1403
56,1304
60,1358
66,1612
60,1391
61,1390
61,1453
61,1398
65,1580
57,1228
61,1381
-,-,-,-
70,1629
74,1729
64,1434
66,1498
64,1457
74,1727
66,1455
74,1808
69,1637
73,1757
68,1633
62,1405
68,1532
66,1527
60,1255
66,1527
68,1556
61,1423
63,1454
62,1344
61,1372
58,1288
63,1447
61,1383
56,1229
61,1415
61,1410
63,1458
65,1449
60,1310
65,1464
63,1494
55,1181
59,1351
58,1258
62,1433
63,1526
58,1324
58,1327
54,1259
58,1291
-,-,-,-
74,1747
74,1727
53,1092
71,1615
70,1636
69,1620
74,1727
74,1794
71,1723
71,1733
68,1668
68,1545
67,1501
64,1485
64,1426
60,1271
61,1373
64,1456
67,1591
64,1436
61,1397
56,1270
58,1284
63,1462
63,1389
65,1478
60,1337
60,1332
62,1386
61,1382
64,1497
63,1526
65,1467
59,1376
52,1127
58,1334
61,1472
63,1500
61,1431
58,1324
58,1304
-,-,-,-
74,1741
71,1684
70,1632
70,1613
73,1695
69,1623
74,1727
74,1800
74,1792
57,1336
74,1792
72,1651
60,1363
73,1670
63,1376
64,1483
59,1324
66,1505
66,1517
61,1360
60,1334
59,1326
63,1481
63,1401
58,1277
59,1384
61,1406
67,1525
65,1569
61,1397
65,1479
54,1276
60,1311
62,1428
57,1201
55,1212
62,1444
65,1490
60,1348
59,1303
58,1333
-,-,-,-
67,1529
67,1519
72,1645
73,1703
71,1647
71,1675
68,1578
71,1783
61,1434
65,1569
63,1489
63,1440
73,1676
59,1367
67,1501
64,1423
62,1433
58,1319
61,1416
58,1313
64,1435
58,1315
63,1503
61,1300
64,1412
66,1486
59,1294
63,1431
64,1444
59,1317
59,1311
61,1481
59,1348
62,1384
63,1409
64,1505
64,1546
57,1347
61,1423
57,1301
59,1270
-,-,-,-
73,1701
70,1662
69,1655
68,1590
72,1694
64,1458
60,1357
74,1790
69,1644
70,1732
74,1792
66,1484
73,1672
73,1668
66,1416
61,1419
59,1310
58,1313
66,1537
57,1226
61,1420
65,1517
62,1467
60,1339
61,1286
67,1521
63,1420
59,1294
68,1555
62,1368
61,1357
61,1404
61,1356
61,1325
58,1250
66,1504
66,1598
64,1482
57,1346
63,1464
59,1321
-,-,-,-
72,1674
70,1658
65,1478
72,1670
71,1637
74,1727
74,1727
67,1617
68,1633
73,1802
73,1745
63,1373
68,1542
73,1668
59,1258
62,1386
65,1396
61,1427
64,1430
65,1533
65,1481
59,1298
62,1430
69,1621
63,1408
61,1417
65,1458
56,1307
65,1464
59,1406
62,1426
59,1371
66,1489
56,1263
63,1465
54,1222
60,1404
61,1396
58,1328
56,1275
61,1367
-,-,-,-
74,1733
70,1623
68,1538
74,1727
72,1674
72,1687
73,1692
70,1692
72,1755
74,1790
71,1738
70,1585
67,1547
63,1483
57,1194
66,1517
62,1356
64,1488
67,1575
62,1455
66,1548
59,1293
62,1405
55,1154
57,1243
55,1164
62,1450
59,1347
56,1136
59,1314
63,1443
60,1397
61,1324
57,1317
65,1520
60,1304
60,1384
60,1405
62,1513
59,1315
62,1457
-,-,-,-
64,1416
74,1727
74,1729
73,1697
67,1518
74,1727
74,1727
71,1721
74,1790
66,1583
70,1743
71,1625
73,1672
68,1515
67,1477
65,1461
66,1522
61,1366
58,1389
62,1417
60,1354
63,1408
59,1332
59,1391
66,1441
63,1326
64,1445
63,1421
59,1405
61,1424
65,1519
63,1445
65,1453
62,1418
60,1346
61,1360
62,1433
64,1436
60,1452
66,1480
60,1354
-,-,-,-
66,1511
59,1310
73,1722
66,1509
74,1727
65,1508
72,1667
72,1737
67,1605
74,1786
74,1806
73,1668
73,1680
67,1534
66,1438
65,1469
61,1342
59,1310
68,1532
70,1611
58,1287
69,1603
62,1380
57,1276
58,1262
63,1407
64,1468
64,1430
62,1449
63,1383
58,1315
56,1329
60,1264
62,1430
56,1277
62,1431
56,1234
66,1613
59,1438
59,1335
63,1494
-,-,-,-
68,1546
70,1628
64,1453
74,1727
74,1731
74,1727
69,1571
68,1683
72,1705
70,1716
73,1772
65,1505
72,1650
57,1240
63,1366
65,1538
65,1488
58,1331
61,1428
62,1440
63,1418
63,1495
61,1370
61,1386
59,1257
60,1342
63,1416
60,1325
59,1359
58,1374
64,1463
61,1456
61,1376
58,1343
58,1322
64,1459
59,1286
57,1366
65,1499
60,1464
63,1401
-,-,-,-
74,1727
62,1430
73,1718
64,1455
72,1647
69,1621
61,1382
74,1796
74,1786
74,1790
69,1608
71,1634
68,1538
73,1682
62,1342
63,1400
64,1467
63,1438
65,1562
66,1509
69,1611
64,1498
60,1303
66,1475
55,1287
60,1342
62,1469
66,1562
60,1372
61,1404
57,1305
62,1459
55,1272
57,1184
68,1492
58,1265
62,1373
56,1271
65,1541
58,1352
60,1375
-,-,-,-
68,1535
68,1557
65,1510
69,1635
72,1676
74,1725
65,1487
66,1565
70,1724
68,1628
73,1778
62,1361
71,1644
70,1592
66,1438
64,1407
67,1597
62,1368
64,1483
62,1402
68,1595
62,1458
68,1539
63,1480
59,1340
57,1225
57,1284
60,1372
57,1227
58,1274
60,1353
61,1382
63,1479
63,1416
61,1406
63,1404
62,1305
66,1642
60,1387
56,1324
56,1255
-,-,-,-
72,1647
74,1725
63,1465
69,1554
72,1699
74,1757
70,1622
65,1526
74,1788
71,1722
70,1672
66,1504
73,1670
62,1426
54,1149
63,1391
61,1373
61,1381
63,1454
63,1421
64,1492
52,1133
64,1435
63,1448
57,1315
63,1421
63,1417
62,1396
62,1348
62,1390
56,1285
60,1334
65,1561
63,1443
62,1426
62,1412
60,1366
60,1468
60,1318
61,1457
58,1265
-,-,-,-
72,1672
70,1651
64,1388
70,1604
73,1695
67,1536
68,1519
73,1786
72,1724
71,1718
71,1743
69,1553
73,1676
72,1659
57,1167
59,1307
65,1478
65,1487
62,1395
69,1606
66,1539
66,1588
62,1344
59,1336
58,1258
53,1116
59,1294
68,1566
62,1396
63,1465
60,1367
61,1362
57,1359
58,1322
63,1401
65,1427
56,1252
63,1513
63,1426
58,1272
62,1408
-,-,-,-
72,1702
74,1741
71,1637
63,1402
67,1495
62,1421
71,1671
64,1511
74,1786
71,1745
72,1706
73,1668
66,1496
73,1672
65,1436
69,1561
60,1374
65,1436
58,1332
68,1580
63,1430
63,1537
62,1384
62,1443
58,1254
63,1382
61,1427
66,1558
64,1440
59,1309
57,1316
60,1364
61,1376
61,1393
62,1430
65,1470
55,1256
64,1494
60,1340
60,1418
61,1385
-,-,-,-
74,1725
67,1530
62,1358
68,1532
67,1514
61,1424
72,1674
73,1739
68,1664
71,1734
70,1697
73,1668
67,1517
62,1382
63,1419
60,1347
67,1513
62,1327
61,1377
66,1562
66,1515
64,1445
62,1409
56,1284
57,1314
65,1510
63,1375
66,1509
58,1279
62,1355
62,1440
59,1297
59,1325
65,1423
63,1460
66,1497
65,1499
66,1497
59,1375
58,1376
59,1325
-,-,-,-
70,1646
66,1543
73,1687
73,1693
73,1724
68,1567
64,1406
72,1781
70,1686
72,1747
74,1786
68,1567
66,1508
73,1670
61,1343
67,1552
63,1430
67,1571
65,1514
65,1464
65,1501
60,1304
64,1444
65,1453
58,1333
54,1166
58,1325
60,1274
60,1296
60,1325
64,1469
63,1482
64,1500
59,1337
60,1371
62,1439
63,1417
60,1320
63,1504
64,1508
54,1199
-,-,-,-
61,1361
70,1606
61,1345
72,1682
65,1454
71,1643
72,1674
73,1782
69,1669
72,1804
71,1781
60,1285
73,1668
73,1668
66,1403
64,1398
57,1263
59,1347
66,1453
63,1409
57,1313
60,1426
62,1374
59,1323
60,1332
64,1486
67,1502
60,1331
62,1408
56,1239
55,1239
61,1381
63,1467
63,1477
62,1438
58,1381
60,1360
58,1280
64,1520
60,1407
57,1254
-,-,-,-
71,1670
69,1589
62,1345
61,1347
74,1725
73,1701
74,1747
72,1730
73,1784
71,1743
70,1721
70,1603
68,1529
67,1526
68,1489
66,1517
62,1366
61,1400
62,1423
58,1289
63,1435
61,1379
64,1538
61,1359
58,1336
64,1446
63,1438
62,1401
66,1560
62,1393
65,1463
65,1490
59,1357
60,1393
63,1398
62,1442
65,1534
60,1406
60,1354
62,1372
61,1416
-,-,-,-
74,1727
69,1566
69,1581
65,1511
73,1712
66,1500
68,1565
74,1786
72,1720
70,1677
71,1698
70,1561
72,1639
73,1668
65,1338
64,1445
61,1406
64,1517
64,1522
68,1576
66,1516
64,1481
67,1571
62,1351
64,1394
62,1392
63,1441
62,1341
63,1410
58,1373
54,1244
63,1459
61,1387
66,1482
63,1414
68,1550
59,1296
63,1456
66,1581
59,1404
57,1266
-,-,-,-
70,1625
69,1615
71,1665
72,1660
67,1550
68,1607
74,1725
69,1679
62,1427
69,1695
73,1751
63,1408
64,1396
72,1637
61,1372
62,1375
64,1497
61,1478
64,1441
61,1414
61,1335
61,1427
58,1302
62,1351
58,1325
64,1408
66,1544
63,1383
63,1438
60,1358
60,1403
57,1304
62,1384
58,1346
64,1449
61,1305
61,1377
62,1335
63,1456
61,1379
62,1349
-,-,-,-
74,1725
61,1339
69,1634
74,1725
74,1725
74,1725
65,1534
64,1474
74,1786
74,1786
70,1680
70,1602
73,1674
67,1528
63,1426
68,1616
66,1513
61,1397
63,1416
62,1416
62,1411
62,1403
66,1504
63,1410
62,1415
65,1429
63,1400
62,1358
60,1312
59,1278
64,1491
61,1399
67,1545
62,1439
56,1163
56,1189
58,1304
59,1344
57,1411
62,1468
60,1333
-,-,-,-
73,1697
73,1695
70,1631
68,1546
69,1552
70,1626
73,1687
72,1740
61,1376
72,1746
67,1606
64,1443
57,1266
72,1649
63,1342
64,1403
59,1318
61,1426
62,1387
62,1405
64,1520
62,1392
58,1341
60,1375
56,1318
60,1357
62,1469
63,1379
73,1715
58,1298
58,1264
61,1348
61,1387
59,1344
66,1514
64,1419
56,1277
58,1328
61,1424
55,1228
59,1344
-,-,-,-
71,1655
73,1705
73,1695
74,1725
67,1532
71,1650
69,1582
68,1653
74,1786
72,1723
74,1786
72,1636
72,1647
73,1670
64,1436
63,1362
60,1423
61,1377
57,1277
59,1319
67,1502
62,1422
60,1361
65,1523
61,1437
61,1357
63,1344
64,1458
59,1301
63,1479
60,1365
62,1427
65,1456
59,1403
63,1491
61,1356
61,1381
62,1455
62,1467
60,1370
58,1356
-,-,-,-
74,1725
68,1520
71,1718
74,1725
61,1309
74,1727
67,1538
66,1587
74,1770
74,1786
72,1761
69,1582
73,1668
72,1661
64,1553
67,1499
61,1409
62,1368
60,1380
57,1377
61,1384
58,1394
60,1385
62,1363
58,1300
64,1586
60,1229
63,1462
62,1372
60,1469
60,1388
61,1453
58,1242
59,1395
64,1395
60,1358
58,1291
57,1338
64,1442
59,1361
61,1364
-,-,-,-
74,1725
73,1722
74,1725
73,1701
71,1636
61,1379
66,1477
74,1770
70,1724
63,1459
70,1657
71,1654
69,1562
71,1618
67,1544
63,1339
59,1303
62,1360
59,1333
63,1433
66,1555
69,1582
60,1368
65,1473
63,1532
57,1265
62,1344
65,1448
60,1435
61,1346
65,1489
64,1454
60,1355
60,1354
65,1476
59,1346
64,1491
62,1399
62,1506
58,1339
57,1290
-,-,-,-
63,1436
61,1379
71,1647
66,1504
72,1651
62,1410
74,1725
71,1720
71,1723
68,1635
72,1694
71,1635
65,1442
59,1270
64,1447
65,1414
59,1335
67,1583
64,1418
60,1393
68,1556
58,1368
66,1523
61,1340
63,1494
57,1277
56,1198
57,1320
60,1368
58,1242
61,1354
62,1355
59,1313
62,1455
56,1277
62,1438
61,1463
60,1352
59,1364
61,1432
60,1369
-,-,-,-
65,1481
72,1676
71,1676
68,1541
66,1478
71,1641
71,1674
69,1663
70,1695
63,1459
71,1685
67,1482
73,1668
64,1481
62,1471
64,1376
58,1275
60,1397
61,1336
64,1480
62,1416
65,1434
65,1475
66,1540
65,1464
59,1307
61,1297
57,1299
63,1477
56,1249
59,1423
57,1295
63,1448
55,1224
62,1413
63,1436
61,1406
57,1363
64,1469
61,1367
59,1406
-,-,-,-
73,1714
72,1672
62,1418
58,1284
72,1689
68,1636
64,1468
70,1676
68,1663
62,1465
74,1770
71,1629
65,1451
65,1452
68,1565
66,1420
64,1510
64,1514
65,1438
61,1367
62,1407
59,1326
64,1495
68,1601
65,1554
63,1425
60,1424
65,1503
64,1421
61,1322
55,1258
66,1491
61,1388
60,1432
61,1353
59,1341
57,1264
62,1426
69,1640
62,1481
55,1190
-,-,-,-
71,1665
71,1666
70,1629
63,1385
72,1695
72,1685
73,1731
73,1749
72,1732
69,1663
74,1770
70,1621
65,1511
73,1670
66,1435
62,1407
65,1497
67,1515
54,1216
66,1511
59,1396
59,1334
54,1226
58,1246
59,1373
65,1490
58,1331
63,1416
66,1506
64,1406
57,1238
60,1388
59,1349
61,1421
59,1450
63,1507
66,1446
64,1479
66,1485
62,1421
62,1448
-,-,-,-
61,1304
74,1725
61,1361
72,1671
70,1605
69,1599
65,1443
67,1573
74,1770
74,1782
74,1774
73,1670
68,1546
62,1381
65,1434
57,1186
68,1552
60,1352
61,1461
64,1455
64,1490
68,1575
55,1264
63,1384
55,1269
55,1296
59,1414
60,1394
60,1382
62,1363
61,1304
62,1439
62,1448
66,1509
61,1468
60,1326
62,1371
56,1275
62,1342
55,1169
54,1193
-,-,-,-
70,1625
70,1631
74,1725
69,1587
67,1501
72,1688
71,1649
67,1600
69,1655
71,1740
69,1633
73,1674
67,1493
72,1637
64,1456
64,1455
58,1329
66,1559
65,1494
61,1480
67,1516
61,1346
62,1438
62,1374
65,1498
58,1313
61,1337
64,1421
64,1400
61,1387
59,1357
66,1545
56,1303
57,1340
64,1561
63,1369
63,1472
58,1303
64,1515
63,1510
56,1214
-,-,-,-
71,1651
69,1597
73,1701
66,1480
69,1566
74,1729
74,1725
74,1782
73,1752
69,1684
70,1673
63,1479
73,1668
69,1623
62,1431
64,1345
60,1368
64,1440
58,1322
65,1519
63,1396
67,1551
63,1430
64,1438
63,1458
59,1274
61,1334
59,1258
60,1266
65,1540
63,1409
62,1425
64,1494
65,1448
66,1551
62,1367
60,1357
66,1522
60,1350
63,1528
56,1240
-,-,-,-
67,1541
74,1727
72,1689
70,1628
68,1589
74,1735
70,1619
71,1701
72,1741
67,1596
73,1790
71,1648
71,1590
68,1557
66,1456
64,1403
65,1510
63,1421
57,1263
66,1510
68,1539
66,1511
63,1418
63,1474
59,1303
61,1465
54,1264
64,1416
66,1471
62,1314
59,1306
61,1466
65,1474
61,1388
61,1443
57,1226
57,1284
57,1279
64,1451
54,1223
58,1312
-,-,-,-
72,1672
71,1665
69,1578
67,1546
65,1465
71,1629
67,1520
72,1722
69,1723
60,1451
72,1725
69,1560
69,1574
63,1409
65,1467
60,1284
64,1449
66,1475
60,1354
57,1282
66,1537
66,1509
59,1402
61,1357
61,1458
60,1388
59,1293
58,1264
59,1288
63,1450
63,1444
60,1288
63,1436
60,1334
53,1193
64,1371
57,1282
62,1406
63,1475
58,1371
55,1248
-,-,-,-
67,1555
70,1606
65,1458
73,1699
69,1589
70,1623
71,1647
74,1770
74,1774
69,1665
71,1730
70,1614
70,1617
70,1591
68,1560
68,1521
65,1533
61,1403
61,1354
62,1470
64,1510
65,1426
63,1379
61,1369
61,1456
65,1519
58,1274
68,1577
61,1371
56,1238
57,1212
63,1481
56,1259
64,1452
60,1409
60,1303
58,1290
67,1576
59,1342
53,1184
57,1290
-,-,-,-
62,1365
74,1735
64,1437
72,1687
67,1545
66,1530
64,1449
72,1752
69,1634
69,1656
71,1686
71,1606
63,1403
70,1603
63,1370
60,1265
60,1383
65,1480
62,1438
59,1342
63,1438
69,1548
60,1378
63,1437
61,1329
63,1467
59,1353
62,1371
58,1368
66,1475
62,1407
65,1477
61,1354
60,1311
59,1293
60,1331
62,1394
64,1429
58,1396
62,1491
60,1408
-,-,-,-
74,1725
74,1725
72,1697
65,1454
65,1454
73,1704
70,1611
74,1770
72,1700
66,1604
66,1593
67,1544
63,1432
70,1635
67,1530
61,1306
62,1362
58,1271
58,1334
60,1402
64,1489
62,1380
64,1467
65,1481
60,1402
61,1434
61,1304
60,1354
65,1506
60,1358
65,1483
58,1325
55,1288
66,1513
58,1324
57,1318
58,1233
63,1396
61,1429
57,1308
57,1301
-,-,-,-
71,1656
71,1660
65,1484
73,1697
73,1713
67,1501
65,1442
72,1692
72,1748
72,1788
71,1780
57,1223
68,1510
67,1518
62,1388
64,1425
66,1514
62,1411
65,1493
64,1494
64,1423
66,1582
59,1384
57,1230
62,1366
61,1432
62,1449
64,1429
58,1287
63,1415
64,1472
64,1458
59,1400
59,1328
59,1342
60,1357
59,1221
62,1315
51,1123
61,1444
63,1457
-,-,-,-
73,1705
73,1721
74,1733
71,1651
66,1521
66,1524
67,1558
70,1686
73,1744
69,1642
69,1661
69,1568
65,1505
69,1614
70,1643
60,1304
66,1513
66,1471
61,1405
64,1463
66,1513
61,1428
62,1411
62,1364
60,1343
62,1441
65,1440
63,1356
63,1424
66,1498
61,1391
58,1411
59,1336
61,1415
59,1400
61,1394
63,1383
61,1405
62,1448
57,1327
61,1320
-,-,-,-
64,1446
71,1651
72,1674
74,1733
72,1688
69,1583
69,1578
73,1766
69,1676
71,1719
61,1413
72,1653
72,1646
73,1680
66,1538
64,1357
58,1384
62,1405
61,1396
70,1605
61,1365
65,1428
63,1436
59,1320
62,1459
61,1429
55,1297
58,1250
61,1375
66,1494
63,1437
65,1525
61,1377
65,1439
57,1252
62,1357
60,1352
65,1492
65,1528
56,1316
59,1255
-,-,-,-
66,1501
72,1699
74,1725
71,1670
68,1524
62,1381
69,1649
72,1733
61,1450
74,1770
73,1758
70,1557
73,1670
65,1491
61,1361
66,1532
68,1601
61,1396
59,1356
59,1298
60,1366
59,1334
64,1490
63,1490
58,1367
61,1405
59,1359
62,1350
67,1501
64,1435
64,1426
59,1305
66,1541
62,1430
55,1283
59,1303
59,1211
63,1426
58,1275
61,1361
62,1344
-,-,-,-
71,1649
67,1506
72,1676
70,1606
63,1409
70,1640
64,1440
73,1782
71,1694
71,1693
74,1770
65,1516
71,1629
71,1616
64,1506
63,1429
64,1525
63,1473
60,1334
65,1498
64,1422
63,1500
65,1534
67,1510
65,1527
57,1343
56,1294
61,1358
60,1335
64,1405
60,1321
61,1390
61,1367
65,1491
58,1366
58,1319
59,1199
63,1435
64,1517
58,1341
65,1523
-,-,-,-
73,1704
68,1521
73,1687
73,1697
72,1679
62,1340
66,1531
69,1685
72,1705
71,1676
70,1647
67,1512
70,1605
70,1593
64,1399
64,1450
61,1365
60,1329
58,1355
66,1475
64,1478
62,1426
56,1295
60,1379
62,1439
64,1508
57,1322
63,1415
62,1377
61,1436
62,1411
61,1441
60,1322
61,1386
62,1481
60,1373
60,1311
62,1428
62,1413
61,1418
52,1140
-,-,-,-
73,1713
63,1375
64,1390
71,1698
72,1705
72,1707
72,1643
74,1770
70,1647
65,1530
74,1770
68,1572
73,1670
73,1670
64,1458
61,1321
65,1431
70,1586
64,1496
65,1527
67,1540
62,1410
60,1415
64,1441
62,1356
59,1330
57,1268
59,1376
59,1289
64,1410
65,1489
63,1472
60,1388
59,1374
61,1384
56,1227
53,1101
62,1380
59,1356
62,1421
64,1434
-,-,-,-
74,1725
65,1454
65,1494
72,1665
67,1535
64,1481
70,1619
70,1670
70,1705
70,1643
68,1619
72,1645
70,1615
72,1669
67,1497
61,1265
65,1435
62,1438
60,1354
60,1338
65,1496
63,1379
62,1448
62,1429
62,1446
59,1367
63,1494
67,1546
60,1346
60,1308
63,1420
63,1450
59,1267
63,1399
56,1318
63,1522
59,1320
63,1423
69,1644
61,1448
56,1207
-,-,-,-
68,1548
70,1603
70,1609
71,1647
67,1514
62,1467
60,1325
69,1646
72,1738
72,1728
69,1690
69,1578
71,1614
73,1668
66,1534
63,1408
61,1369
63,1453
65,1494
62,1408
69,1615
64,1483
66,1546
56,1202
61,1393
65,1521
57,1297
60,1398
64,1459
62,1391
64,1411
66,1487
67,1548
55,1223
60,1381
61,1411
60,1431
60,1266
60,1373
64,1474
60,1414
-,-,-,-
60,1358
66,1490
68,1525
70,1613
64,1471
74,1725
64,1422
70,1709
71,1740
70,1670
74,1772
70,1596
73,1674
72,1639
70,1655
61,1401
67,1581
64,1468
63,1432
61,1405
67,1530
64,1407
60,1287
56,1224
61,1352
64,1482
64,1483
59,1338
58,1236
66,1482
61,1391
66,1510
65,1429
59,1315
57,1258
62,1433
58,1319
62,1302
61,1361
59,1323
59,1391
-,-,-,-
71,1624
58,1254
72,1660
63,1453
72,1656
67,1496
65,1467
73,1751
63,1501
72,1750
74,1770
73,1668
67,1540
73,1668
65,1499
63,1353
61,1321
67,1565
65,1493
61,1398
64,1503
60,1369
59,1406
62,1325
59,1306
56,1266
61,1442
60,1328
63,1358
58,1331
64,1471
66,1486
62,1431
66,1525
62,1347
60,1435
58,1323
55,1189
65,1463
60,1369
61,1371
-,-,-,-
74,1725
70,1592
67,1532
72,1667
67,1526
71,1600
69,1582
64,1494
72,1763
74,1774
69,1656
64,1460
62,1367
73,1668
68,1559
63,1406
62,1343
68,1622
62,1431
54,1210
62,1343
64,1386
65,1526
58,1258
62,1445
59,1374
60,1317
58,1272
64,1413
65,1447
58,1355
56,1260
63,1439
59,1381
59,1289
60,1419
60,1386
59,1286
58,1297
59,1326
61,1440
-,-,-,-
68,1525
71,1613
69,1563
68,1544
73,1701
74,1725
72,1693
71,1712
67,1567
72,1753
64,1530
71,1612
69,1565
60,1365
62,1366
59,1244
63,1414
59,1351
67,1663
63,1482
59,1306
65,1476
57,1327
65,1405
62,1447
59,1288
62,1447
60,1338
59,1324
65,1513
58,1255
62,1390
58,1262
59,1417
63,1388
58,1342
56,1296
60,1307
62,1414
60,1479
59,1315
-,-,-,-
70,1602
73,1687
73,1695
70,1580
70,1568
70,1621
65,1412
71,1719
69,1637
70,1677
69,1660
69,1562
71,1619
64,1505
70,1582
62,1374
65,1424
68,1576
63,1487
57,1282
69,1601
67,1505
60,1383
63,1368
65,1574
60,1429
60,1374
60,1358
61,1347
64,1487
59,1363
56,1198
56,1251
57,1304
64,1445
57,1340
57,1269
54,1147
62,1352
58,1370
59,1375
-,-,-,-
74,1725
71,1624
60,1285
73,1691
73,1732
72,1680
66,1471
74,1770
66,1591
73,1805
74,1770
67,1532
73,1678
69,1570
62,1415
59,1243
61,1374
65,1518
66,1489
61,1365
61,1392
62,1324
66,1541
57,1266
58,1380
58,1338
63,1527
63,1368
56,1252
59,1397
63,1478
57,1242
59,1340
59,1326
63,1425
63,1448
61,1440
63,1415
60,1337
62,1387
65,1468
-,-,-,-
63,1449
67,1517
70,1625
66,1520
67,1520
74,1725
64,1446
73,1762
72,1750
66,1561
72,1701
60,1363
69,1586
73,1668
68,1544
65,1392
63,1449
63,1459
60,1354
67,1521
65,1428
67,1444
64,1478
68,1604
59,1376
58,1251
58,1315
60,1416
60,1289
66,1583
62,1411
59,1256
63,1481
59,1314
58,1283
61,1417
62,1345
56,1183
66,1565
60,1429
63,1447
-,-,-,-
72,1669
73,1704
71,1665
74,1727
67,1535
72,1679
69,1566
70,1677
66,1500
72,1721
70,1697
54,1202
66,1498
73,1670
63,1438
60,1274
60,1339
66,1526
63,1462
68,1594
58,1303
65,1472
62,1432
62,1422
66,1515
61,1444
63,1530
61,1354
60,1368
68,1534
62,1432
63,1428
64,1466
59,1335
62,1421
59,1379
61,1390
60,1275
61,1345
56,1290
63,1329
-,-,-,-
61,1387
64,1465
73,1711
72,1660
69,1597
70,1622
65,1500
71,1661
71,1723
72,1752
69,1632
73,1670
71,1634
73,1670
62,1420
66,1503
69,1625
61,1517
64,1447
60,1299
64,1470
65,1431
66,1562
60,1386
64,1401
57,1305
60,1395
57,1288
57,1281
59,1345
66,1451
63,1382
57,1244
64,1470
63,1408
56,1267
62,1421
58,1229
62,1430
61,1433
63,1446
-,-,-,-
61,1368
73,1710
67,1557
72,1676
74,1725
73,1697
72,1691
73,1794
69,1616
73,1753
73,1788
72,1667
69,1632
69,1570
68,1610
63,1366
63,1472
60,1308
61,1415
63,1442
65,1496
62,1336
65,1489
65,1514
59,1401
62,1478
59,1342
54,1188
59,1323
63,1338
66,1531
64,1452
62,1391
58,1327
64,1506
58,1294
65,1549
61,1341
64,1459
61,1434
64,1430
-,-,-,-
66,1501
66,1483
69,1585
74,1725
63,1425
73,1723
73,1697
74,1770
73,1745
72,1768
73,1766
70,1592
73,1668
70,1563
67,1520
58,1259
59,1303
61,1344
58,1319
62,1433
58,1314
60,1376
60,1375
63,1440
57,1364
58,1362
65,1478
65,1437
64,1446
65,1478
62,1428
66,1501
60,1389
60,1318
57,1295
63,1459
57,1257
61,1302
63,1416
61,1412
64,1395
-,-,-,-
71,1622
71,1661
73,1704
64,1376
71,1641
72,1671
70,1613
72,1741
72,1723
70,1652
73,1742
71,1628
72,1655
67,1473
60,1326
64,1418
63,1453
65,1468
56,1287
61,1354
66,1499
61,1367
61,1406
60,1322
63,1462
59,1377
60,1436
62,1431
63,1368
62,1342
64,1452
62,1368
65,1487
60,1331
61,1359
62,1412
60,1384
63,1328
57,1246
63,1469
62,1415
-,-,-,-
70,1607
71,1656
70,1645
73,1709
70,1627
73,1712
66,1534
74,1770
72,1711
71,1712
72,1740
72,1653
64,1434
68,1555
61,1494
64,1410
66,1485
63,1512
61,1433
62,1411
64,1422
60,1314
65,1455
57,1291
65,1431
60,1331
65,1500
61,1373
61,1360
62,1416
67,1504
61,1388
64,1506
62,1410
61,1319
66,1523
56,1250
57,1289
59,1258
62,1446
61,1385
-,-,-,-
70,1639
71,1664
74,1731
74,1733
70,1629
74,1725
72,1679
68,1642
70,1686
67,1603
74,1770
72,1655
69,1553
59,1337
65,1473
61,1391
66,1592
65,1516
63,1497
63,1405
67,1572
62,1369
62,1411
60,1340
58,1277
63,1448
59,1376
61,1397
64,1436
67,1548
62,1358
61,1391
60,1391
66,1543
66,1509
60,1361
61,1469
60,1316
61,1402
61,1434
66,1549
-,-,-,-
64,1457
73,1704
72,1671
63,1420
72,1697
63,1458
72,1676
74,1770
68,1650
65,1598
66,1553
70,1591
67,1516
68,1521
63,1428
66,1490
66,1513
65,1505
64,1519
63,1477
61,1422
67,1485
64,1539
64,1423
58,1320
59,1384
66,1580
62,1344
57,1260
66,1465
62,1423
61,1390
61,1409
62,1426
63,1422
64,1455
65,1545
60,1305
61,1322
60,1307
59,1366
-,-,-,-
70,1612
66,1451
74,1731
73,1707
66,1516
74,1725
71,1647
69,1703
74,1770
72,1737
65,1514
69,1627
70,1603
58,1284
62,1409
61,1324
62,1426
65,1499
62,1417
65,1538
64,1404
63,1395
61,1474
64,1516
63,1509
62,1439
60,1387
61,1345
59,1247
64,1508
65,1479
65,1465
60,1305
59,1410
58,1354
58,1357
64,1446
62,1315
67,1540
61,1373
60,1330
-,-,-,-
72,1666
59,1261
64,1426
73,1697
62,1413
74,1729
73,1687
72,1693
65,1539
72,1733
74,1768
73,1670
73,1668
67,1568
59,1320
66,1458
63,1434
60,1360
64,1472
67,1516
65,1509
62,1338
61,1324
62,1385
66,1568
61,1429
66,1601
61,1377
61,1408
64,1452
62,1441
62,1432
62,1402
55,1280
56,1234
64,1529
59,1386
61,1408
55,1147
62,1410
57,1348
-,-,-,-