64,1439
53,1237
59,1305
51,1175
57,1244
55,1325
61,1431
57,1328
56,1251
59,1375
57,1405
55,1288
54,1155
60,1340
58,1255
57,1383
58,1349
57,1399
56,1297
60,1429
60,1432
58,1233
53,1227
57,1286
54,1154
61,1460
57,1257
60,1384
57,1252
60,1346
-,-,-,-
65,1454
66,1517
65,1475
65,1472
64,1427
64,1439
64,1439
64,1420
64,1415
62,1409
63,1445
64,1465
64,1450
62,1358
62,1384
62,1402
64,1439
61,1336
61,1325
61,1374
61,1365
64,1439
65,1463
64,1439
64,1439
64,1450
62,1396
62,1381
54,1250
53,1245
51,1219
54,1278
53,1237
55,1328
55,1270
54,1259
53,1230
53,1237
57,1311
52,1236
52,1218
53,1237
62,1390
59,1305
59,1305
57,1316
62,1397
60,1304
58,1305
58,1294
59,1360
58,1303
51,1163
51,1175
51,1178
54,1268
53,1246
51,1203
56,1348
57,1253
59,1300
57,1244
57,1244
57,1242
57,1240
54,1273
59,1384
57,1309
56,1303
56,1321
58,1394
56,1281
56,1219
58,1364
58,1298
58,1348
59,1411
55,1242
59,1392
56,1311
56,1346
54,1305
62,1486
57,1276
61,1348
60,1446
61,1411
59,1384
60,1361
62,1392
-,-,-,-
64,1441
66,1515
66,1507
65,1472
66,1517
66,1494
64,1490
64,1460
64,1489
65,1497
66,1515
66,1484
66,1517
64,1423
63,1445
66,1528
65,1492
64,1447
57,1220
66,1517
67,1553
65,1471
66,1517
67,1540
65,1525
62,1383
65,1484
65,1459
64,1528
62,1392
62,1397
60,1364
65,1513
59,1291
63,1424
62,1384
62,1390
63,1452
65,1497
62,1434
58,1283
61,1368
60,1340
61,1356
61,1374
62,1396
62,1392
62,1392
62,1392
61,1369
59,1320
59,1302
62,1486
61,1477
61,1423
62,1486
64,1519
62,1486
62,1477
54,1164
59,1362
61,1348
57,1260
61,1348
61,1348
54,1219
57,1274
62,1494
59,1384
58,1308
62,1431
59,1390
56,1382
52,1115
58,1348
57,1342
59,1415
61,1430
60,1303
61,1458
57,1343
57,1321
58,1356
54,1321
54,1200
61,1373
55,1239
59,1321
54,1277
58,1384
-,-,-,-
61,1356
64,1456
63,1379
64,1471
67,1540
64,1408
65,1454
66,1504
65,1531
67,1540
64,1406
66,1492
61,1338
67,1540
62,1385
66,1499
63,1401
66,1548
67,1536
68,1568
65,1477
63,1400
66,1501
65,1474
66,1540
66,1499
63,1434
66,1530
56,1207
65,1507
65,1525
62,1401
61,1360
65,1501
61,1404
62,1433
65,1497
67,1578
62,1365
63,1477
63,1448
59,1270
64,1499
64,1519
60,1383
62,1473
64,1519
59,1364
60,1415
62,1498
63,1479
59,1342
62,1390
57,1285
60,1326
63,1427
59,1303
61,1389
62,1392
61,1389
62,1431
59,1344
62,1431
61,1406
62,1431
59,1329
61,1425
58,1321
61,1426
60,1363
65,1552
55,1291
58,1247
58,1375
55,1334
61,1393
59,1350
53,1132
59,1280
58,1349
60,1451
59,1411
59,1436
58,1387
55,1344
48,993
56,1368
54,1295
56,1255
52,1249
-,-,-,-
61,1418
64,1427
66,1499
68,1580
66,1534
66,1528
66,1518
66,1535
66,1551
65,1497
67,1536
63,1389
67,1559
62,1374
63,1433
67,1516
63,1405
60,1394
66,1465
66,1548
68,1568
64,1446
62,1390
67,1554
66,1516
66,1474
68,1522
68,1568
67,1578
58,1248
64,1462
62,1393
63,1471
64,1478
66,1536
67,1568
66,1545
61,1386
65,1467
65,1492
67,1557
56,1242
62,1448
64,1491
65,1552
63,1471
61,1429
61,1455
65,1540
67,1672
65,1554
59,1393
60,1396
64,1501
62,1488
61,1461
64,1501
64,1505
63,1461
63,1425
57,1271
63,1425
61,1380
62,1401
63,1431
57,1319
59,1390
60,1405
56,1240
58,1305
60,1368
63,1427
56,1322
58,1282
60,1344
59,1331
58,1357
60,1420
58,1347
57,1325
59,1353
60,1363
61,1416
60,1381
61,1464
57,1300
56,1326
55,1302
57,1258
53,1278
-,-,-,-
68,1520
58,1256
62,1338
66,1527
67,1514
69,1561
68,1562
69,1567
68,1534
64,1428
66,1506
64,1440
68,1522
69,1561
66,1482
64,1433
65,1468
68,1522
68,1522
66,1503
66,1495
65,1457
69,1569
62,1330
59,1325
67,1514
68,1522
66,1502
66,1521
64,1539
65,1494
66,1513
56,1221
63,1414
62,1356
67,1557
62,1333
66,1499
63,1450
62,1354
66,1523
64,1456
63,1497
60,1403
63,1519
67,1672
66,1636
67,1672
66,1639
67,1672
65,1526
63,1536
64,1503
58,1358
64,1499
64,1494
63,1482
60,1399
65,1509
61,1337
61,1346
63,1429
64,1460
63,1425
63,1425
58,1388
61,1455
59,1396
58,1264
58,1326
59,1351
52,1203
58,1366
59,1317
63,1507
57,1243
56,1278
61,1438
57,1270
62,1526
58,1357
61,1351
58,1319
57,1292
59,1376
56,1243
58,1415
56,1303
59,1460
54,1253
-,-,-,-
63,1361
65,1461
69,1563
69,1559
69,1561
67,1502
69,1557
62,1365
69,1561
63,1377
67,1525
64,1492
61,1317
67,1495
62,1348
65,1462
69,1563
69,1561
69,1561
67,1500
68,1544
69,1564
69,1557
69,1557
66,1501
65,1434
65,1456
61,1313
68,1570
59,1298
66,1519
67,1555
64,1491
66,1518
67,1557
61,1337
67,1559
67,1557
63,1426
67,1559
66,1515
66,1539
65,1579
65,1544
67,1640
65,1592
62,1472
65,1593
63,1470
65,1606
66,1611
65,1531
61,1452
61,1411
65,1509
65,1515
65,1509
64,1500
65,1509
64,1487
61,1408
64,1460
61,1360
64,1460
59,1351
58,1363
59,1383
56,1256
60,1395
58,1384
58,1350
57,1271
61,1387
57,1295
61,1445
62,1520
64,1436
60,1327
60,1343
60,1363
54,1225
59,1402
59,1312
59,1369
56,1246
56,1360
53,1135
60,1393
54,1308
55,1332
-,-,-,-
69,1557
64,1412
69,1565
68,1555
66,1505
69,1557
67,1520
64,1444
67,1496
69,1567
65,1433
67,1553
67,1561
69,1557
69,1596
65,1495
68,1537
68,1548
68,1540
67,1533
63,1426
69,1559
66,1512
67,1499
64,1437
65,1455
65,1463
68,1536
68,1570
64,1410
58,1258
62,1397
66,1491
68,1570
64,1464
68,1570
68,1599
63,1463
60,1329
65,1542
63,1449
63,1427
64,1538
65,1593
67,1640
68,1627
66,1592
66,1622
62,1515
62,1510
66,1582
65,1551
65,1509
65,1509
63,1483
63,1453
65,1502
62,1461
59,1335
64,1450
60,1391
64,1491
59,1329
63,1418
63,1455
57,1281
59,1332
56,1263
59,1349
63,1503
57,1317
58,1378
59,1302
59,1324
63,1482
62,1422
60,1372
57,1312
61,1367
60,1262
59,1344
62,1402
61,1420
56,1326
59,1354
61,1472
55,1320
56,1269
55,1331
55,1342
-,-,-,-
68,1519
69,1583
67,1550
66,1506
66,1502
66,1501
69,1557
69,1567
61,1303
64,1424
66,1456
68,1569
69,1557
66,1496
65,1486
69,1557
66,1456
67,1531
69,1557
68,1544
64,1463
65,1467
69,1553
67,1512
65,1462
68,1540
66,1473
69,1559
68,1572
67,1523
63,1391
68,1570
67,1541
62,1396
63,1393
67,1557
62,1362
67,1504
67,1570
68,1582
69,1603
66,1476
68,1627
65,1583
65,1516
63,1545
68,1625
68,1688
68,1627
68,1634
64,1518
69,1635
66,1546
66,1568
65,1498
65,1512
63,1464
63,1465
64,1473
63,1439
62,1419
63,1434
62,1426
60,1335
60,1380
57,1277
64,1455
58,1256
61,1429
57,1310
58,1336
57,1316
53,1134
59,1362
59,1413
61,1371
55,1267
61,1481
58,1337
61,1362
61,1380
55,1222
60,1295
60,1379
53,1159
58,1341
57,1438
57,1332
61,1514
54,1319
-,-,-,-
68,1535
63,1420
67,1498
67,1500
68,1502
69,1553
66,1477
65,1442
67,1483
68,1517
68,1556
69,1553
65,1414
62,1330
63,1365
66,1480
69,1553
64,1424
69,1561
63,1426
67,1496
64,1400
64,1406
67,1543
67,1531
68,1513
67,1518
63,1410
64,1401
68,1572
68,1601
69,1603
66,1484
67,1535
61,1341
64,1400
67,1514
65,1457
69,1631
69,1603
67,1553
66,1509
62,1449
68,1604
62,1420
68,1647
64,1474
67,1537
69,1640
68,1605
66,1504
63,1485
63,1454
64,1530
61,1351
62,1436
62,1407
62,1455
63,1449
61,1378
66,1521
58,1316
63,1500
60,1377
64,1436
58,1339
59,1352
58,1377
58,1344
52,1174
58,1253
57,1296
60,1410
55,1343
57,1287
54,1190
58,1292
60,1375
59,1310
58,1262
56,1306
54,1299
54,1247
62,1419
58,1328
58,1329
56,1272
60,1444
55,1200
51,1181
-,-,-,-
69,1561
69,1553
68,1527
66,1464
69,1553
69,1557
65,1467
69,1561
66,1490
63,1366
67,1490
69,1559
68,1544
66,1487
65,1446
62,1382
68,1524
66,1464
69,1593
63,1361
68,1567
67,1518
69,1557
66,1450
66,1477
68,1537
67,1466
67,1514
69,1603
61,1341
61,1305
66,1488
64,1438
67,1561
64,1434
68,1580
63,1363
65,1500
67,1544
60,1305
68,1571
66,1488
68,1593
65,1576
69,1654
70,1688
65,1553
64,1518
66,1506
69,1641
66,1564
68,1607
66,1521
66,1521
63,1453
62,1494
63,1482
64,1455
65,1492
60,1411
58,1374
61,1387
53,1134
64,1491
64,1504
61,1411
63,1497
63,1488
62,1502
58,1356
56,1191
64,1522
58,1348
60,1399
57,1342
64,1563
53,1182
58,1281
62,1411
57,1248
57,1291
58,1370
60,1391
59,1410
55,1259
54,1171
62,1456
59,1361
55,1218
52,1238
-,-,-,-
65,1531
68,1594
70,1686
69,1652
63,1404
66,1584
62,1438
63,1440
70,1684
68,1592
62,1481
63,1480
70,1684
67,1598
62,1507
64,1478
68,1619
67,1542
70,1688
66,1553
67,1616
67,1590
65,1565
65,1513
63,1533
67,1575
70,1688
69,1650
66,1451
69,1563
67,1496
67,1519
66,1472
61,1333
68,1507
69,1553
66,1509
67,1527
69,1553
65,1450
65,1442
63,1358
66,1511
69,1603
64,1404
66,1495
65,1468
67,1551
66,1480
61,1343
69,1609
69,1603
65,1487
62,1420
59,1398
64,1475
66,1538
63,1453
65,1509
66,1550
66,1546
60,1357
66,1546
63,1466
61,1412
61,1353
60,1385
61,1442
56,1363
60,1392
61,1500
61,1498
59,1314
60,1261
58,1315
62,1422
60,1391
59,1281
58,1313
58,1241
57,1294
59,1336
57,1288
62,1496
56,1277
62,1457
56,1298
55,1269
55,1182
55,1276
-,-,-,-
70,1692
66,1502
67,1544
65,1532
63,1433
68,1655
69,1682
65,1512
65,1536
62,1452
63,1409
70,1684
68,1586
69,1646
70,1684
70,1684
64,1526
68,1678
68,1642
68,1600
69,1652
68,1616
66,1580
69,1642
66,1533
68,1599
65,1496
65,1479
68,1507
66,1467
65,1475
68,1530
69,1563
63,1386
67,1529
69,1549
69,1555
66,1511
64,1504
63,1371
67,1529
68,1534
63,1372
64,1437
67,1604
63,1392
65,1458
62,1364
69,1603
69,1607
64,1427
66,1489
59,1315
66,1519
61,1369
66,1525
66,1521
62,1417
66,1521
65,1536
65,1502
62,1438
59,1330
66,1547
62,1443
56,1317
60,1413
61,1386
60,1411
59,1332
58,1340
61,1487
61,1412
57,1344
58,1311
53,1258
60,1446
57,1390
54,1268
62,1505
58,1238
59,1329
60,1298
61,1364
61,1473
61,1460
59,1375
61,1484
55,1151
60,1426
-,-,-,-
64,1516
67,1554
63,1492
68,1664
69,1650
64,1480
61,1427
69,1639
66,1487
57,1316
70,1682
66,1569
65,1531
69,1660
60,1356
70,1684
67,1584
63,1457
68,1578
63,1411
67,1647
67,1610
67,1564
55,1252
69,1620
65,1491
64,1484
64,1475
70,1591
66,1492
69,1557
68,1544
65,1445
68,1541
69,1551
69,1549
60,1290
65,1440
65,1488
66,1473
66,1501
69,1549
67,1524
69,1603
70,1642
65,1527
68,1562
63,1387
69,1601
65,1458
63,1450
62,1404
61,1444
64,1458
66,1527
63,1437
65,1501
65,1500
57,1289
62,1425
66,1546
65,1520
65,1529
66,1548
65,1510
61,1368
58,1251
59,1345
62,1484
61,1377
60,1468
64,1461
55,1225
57,1314
57,1342
54,1266
61,1441
53,1227
57,1238
58,1314
57,1319
57,1302
62,1387
57,1210
60,1419
60,1450
57,1368
59,1449
58,1398
53,1219
-,-,-,-
68,1541
69,1538
63,1391
66,1481
61,1285
64,1441
64,1382
66,1428
64,1408
68,1493
64,1427
67,1504
67,1522
64,1448
68,1526
70,1591
70,1591
59,1225
68,1546
70,1591
68,1541
66,1465
70,1591
66,1458
67,1492
66,1495
69,1583
65,1451
66,1521
67,1544
63,1403
69,1600
69,1596
63,1449
70,1642
70,1651
67,1524
68,1607
67,1543
64,1465
70,1642
66,1470
65,1511
63,1440
68,1654
70,1682
67,1579
67,1603
67,1622
69,1667
67,1607
64,1498
66,1497
63,1452
67,1567
58,1280
66,1517
67,1603
64,1542
64,1463
66,1546
62,1397
62,1440
65,1492
64,1451
57,1371
61,1401
64,1455
61,1424
60,1372
59,1392
59,1402
59,1301
59,1347
57,1287
59,1356
60,1428
56,1306
61,1442
55,1326
56,1302
55,1273
62,1454
60,1409
61,1358
57,1313
57,1363
57,1304
57,1354
54,1209
-,-,-,-
66,1457
64,1420
67,1493
67,1507
64,1466
61,1298
70,1591
68,1538
64,1425
67,1498
70,1591
64,1441
63,1335
68,1525
68,1532
65,1477
65,1431
69,1567
68,1515
69,1550
63,1366
68,1548
66,1482
69,1554
62,1373
66,1440
67,1497
70,1581
66,1491
67,1545
62,1274
65,1443
66,1535
69,1595
65,1450
69,1624
62,1404
68,1591
69,1630
68,1556
65,1480
69,1622
66,1560
65,1479
63,1480
65,1524
70,1682
65,1560
70,1682
69,1646
67,1579
57,1343
61,1428
59,1347
64,1520
64,1456
63,1479
67,1567
64,1453
63,1441
64,1474
63,1437
62,1428
64,1501
62,1439
56,1238
60,1381
61,1368
64,1532
62,1434
57,1263
58,1367
62,1429
58,1355
61,1407
56,1288
57,1305
61,1397
62,1473
61,1391
56,1215
56,1263
53,1154
63,1523
58,1271
61,1432
56,1305
57,1256
53,1243
57,1297
-,-,-,-
70,1583
62,1377
68,1542
68,1536
66,1472
70,1581
66,1497
66,1454
68,1556
66,1473
60,1277
69,1540
69,1563
69,1573
67,1520
66,1436
68,1536
70,1581
68,1490
70,1592
67,1513
66,1441
70,1579
62,1328
70,1581
66,1441
67,1524
62,1356
61,1300
70,1642
70,1642
66,1479
63,1403
71,1712
68,1603
68,1563
70,1642
60,1363
63,1398
66,1498
65,1469
62,1401
66,1611
64,1451
68,1638
65,1532
64,1533
66,1564
70,1682
67,1599
68,1599
66,1546
63,1439
60,1393
67,1567
65,1509
67,1569
58,1277
63,1538
61,1421
63,1437
63,1435
66,1546
66,1540
62,1457
60,1390
59,1323
58,1346
55,1275
64,1508
62,1355
63,1488
62,1447
59,1338
59,1364
62,1398
61,1410
57,1399
56,1220
57,1340
57,1231
62,1472
56,1279
52,1148
56,1204
59,1401
61,1505
57,1345
59,1415
60,1371
-,-,-,-
62,1368
70,1666
65,1472
65,1470
71,1710
66,1542
71,1712
70,1685
70,1664
63,1490
71,1694
65,1446
71,1712
66,1551
69,1641
68,1568
68,1608
68,1541
63,1391
65,1505
65,1479
71,1712
71,1712
71,1714
71,1712
67,1539
66,1494
61,1286
65,1416
67,1501
68,1529
61,1347
66,1493
65,1433
70,1579
65,1461
69,1563
68,1510
70,1585
60,1264
62,1314
64,1393
67,1623
67,1536
68,1672
58,1347
68,1595
70,1682
66,1522
67,1570
68,1596
65,1497
66,1537
62,1426
67,1567
67,1567
66,1524
67,1567
62,1469
67,1561
66,1544
63,1419
64,1487
66,1540
66,1528
58,1295
60,1381
56,1294
63,1488
59,1310
63,1418
56,1339
53,1150
60,1331
55,1206
61,1402
62,1427
55,1279
59,1354
55,1253
61,1389
62,1455
54,1141
55,1224
60,1311
60,1380
57,1311
60,1327
55,1289
57,1437
-,-,-,-
70,1690
66,1560
66,1541
61,1326
72,1730
68,1610
60,1384
69,1626
71,1694
70,1666
64,1429
66,1547
68,1584
69,1609
64,1450
60,1386
71,1692
71,1701
71,1694
72,1756
66,1560
64,1448
68,1580
71,1694
63,1385
62,1392
66,1524
63,1416
70,1579
67,1506
65,1410
67,1498
68,1529
69,1561
67,1523
68,1535
63,1422
69,1572
66,1502
62,1381
67,1521
70,1579
67,1556
64,1502
69,1648
70,1682
63,1473
65,1492
68,1648
67,1536
65,1524
63,1455
67,1557
64,1416
65,1482
66,1528
67,1567
65,1494
65,1469
65,1491
62,1464
63,1449
66,1550
65,1509
64,1482
58,1328
62,1380
57,1336
60,1387
62,1472
59,1339
59,1323
59,1391
54,1187
58,1319
59,1311
60,1381
62,1439
59,1375
55,1229
58,1330
58,1347
63,1496
60,1345
57,1250
60,1451
58,1342
57,1282
60,1410
55,1302
-,-,-,-
71,1701
72,1730
65,1443
68,1577
71,1680
66,1488
64,1436
65,1480
68,1536
64,1491
70,1642
63,1383
70,1622
69,1652
70,1663
72,1730
68,1639
66,1491
66,1464
66,1524
72,1730
65,1460
68,1560
72,1730
70,1666
66,1520
66,1530
71,1693
68,1492
64,1377
65,1455
70,1579
65,1432
70,1579
66,1473
70,1579
69,1542
70,1582
68,1558
69,1551
65,1452
60,1258
61,1378
67,1574
70,1682
70,1682
64,1520
64,1540
70,1682
70,1678
65,1552
65,1465
67,1538
61,1327
65,1487
66,1504
65,1465
66,1513
60,1353
61,1400
59,1326
67,1567
66,1555
60,1418
61,1413
59,1315
60,1306
60,1393
64,1514
63,1477
59,1310
60,1425
56,1305
59,1355
60,1303
61,1348
56,1310
58,1341
64,1463
61,1401
56,1273
61,1421
61,1399
55,1166
59,1290
58,1362
57,1340
61,1350
56,1363
58,1407
-,-,-,-
67,1567
68,1561
70,1664
68,1608
66,1536
68,1600
72,1740
68,1590
66,1532
68,1614
66,1524
69,1622
69,1634
72,1756
68,1569
72,1732
65,1493
63,1415
64,1469
64,1470
63,1472
64,1498
63,1423
64,1402
65,1422
66,1557
66,1470
64,1437
69,1553
69,1559
69,1541
67,1487
70,1579
59,1242
69,1568
70,1579
68,1516
68,1540
68,1557
65,1442
70,1579
69,1541
66,1596
68,1619
68,1591
59,1378
70,1674
61,1380
65,1522
67,1550
69,1634
61,1336
64,1458
62,1370
67,1538
61,1345
68,1588
67,1538
61,1387
63,1471
60,1351
65,1520
67,1567
66,1572
67,1567
58,1270
60,1405
57,1265
59,1404
68,1640
61,1375
54,1143
55,1196
56,1327
61,1434
55,1260
58,1324
55,1182
57,1259
59,1351
62,1410
58,1339
54,1169
59,1385
64,1535
60,1352
60,1398
56,1353
57,1316
56,1264
-,-,-,-
63,1486
64,1432
70,1719
70,1661
72,1732
70,1681
64,1435
72,1737
63,1407
69,1664
72,1730
62,1363
65,1526
72,1730
66,1509
63,1432
65,1459
71,1703
72,1730
71,1686
69,1652
70,1677
69,1644
64,1440
68,1589
64,1405
69,1632
68,1610
67,1506
62,1372
70,1579
70,1579
66,1487
69,1563
66,1464
68,1529
69,1555
68,1517
67,1522
67,1495
62,1317
70,1589
68,1658
63,1464
70,1674
69,1630
66,1570
63,1451
70,1674
70,1656
70,1654
70,1678
65,1459
64,1456
61,1397
68,1588
68,1588
66,1468
65,1542
68,1640
67,1614
68,1638
68,1640
60,1468
67,1602
52,1205
60,1413
59,1378
62,1433
54,1221
61,1444
64,1518
63,1417
62,1473
53,1241
61,1454
60,1310
62,1430
58,1296
64,1500
64,1508
59,1308
61,1438
55,1250
55,1136
57,1238
60,1411
58,1384
55,1276
58,1422
-,-,-,-
64,1485
72,1730
72,1730
68,1600
64,1434
72,1730
72,1730
66,1507
72,1732
62,1422
66,1520
61,1395
66,1537
65,1453
67,1535
71,1686
66,1514
65,1420
67,1564
72,1730
61,1343
67,1570
69,1644
68,1620
68,1620
66,1527
67,1566
71,1686
68,1562
70,1579
65,1473
67,1518
65,1451
64,1419
69,1568
70,1579
70,1579
70,1579
69,1545
67,1506
66,1462
70,1579
66,1518
69,1608
68,1596
70,1654
69,1629
69,1636
69,1626
63,1418
67,1550
65,1521
64,1509
68,1588
67,1546
67,1536
68,1603
66,1530
61,1419
67,1589
65,1545
66,1593
60,1299
68,1638
62,1470
59,1401
60,1401
60,1374
57,1282
62,1406
62,1455
61,1422
57,1272
61,1469
56,1248
60,1341
58,1352
62,1459
59,1388
58,1293
56,1305
57,1359
60,1445
61,1409
55,1210
60,1295
59,1248
55,1203
56,1320
56,1314
-,-,-,-
69,1646
67,1561
64,1472
72,1744
70,1674
63,1442
68,1559
65,1476
65,1458
72,1724
66,1527
65,1503
66,1505
72,1730
61,1329
56,1291
61,1320
72,1738
66,1480
72,1730
67,1508
72,1730
70,1677
61,1368
68,1546
62,1418
69,1607
61,1367
65,1437
60,1321
70,1579
64,1395
65,1461
70,1583
68,1592
70,1579
70,1585
66,1460
67,1497
67,1530
63,1370
65,1432
70,1654
65,1467
66,1488
69,1628
65,1565
68,1614
68,1606
69,1648
70,1670
70,1652
59,1304
68,1588
62,1397
68,1602
68,1588
68,1561
64,1404
68,1638
61,1451
61,1454
65,1569
62,1395
68,1638
59,1349
58,1287
60,1377
64,1487
59,1370
54,1173
56,1262
64,1460
61,1374
54,1157
59,1332
60,1435
59,1255
58,1368
60,1292
57,1192
57,1297
60,1365
57,1351
59,1372
62,1419
57,1378
59,1433
57,1360
54,1311
-,-,-,-
70,1663
67,1525
65,1466
66,1481
65,1530
72,1724
71,1674
65,1475
69,1623
69,1655
63,1423
65,1472
69,1616
69,1639
72,1724
64,1442
64,1435
65,1527
67,1522
71,1685
58,1289
71,1687
70,1637
70,1640
66,1510
68,1525
67,1532
63,1400
68,1524
68,1507
63,1359
70,1581
68,1541
65,1448
69,1559
70,1579
66,1461
63,1379
67,1513
68,1558
70,1579
66,1474
70,1652
64,1452
69,1608
63,1515
69,1627
68,1631
68,1645
65,1472
70,1652
68,1587
66,1501
65,1499
63,1440
62,1415
68,1541
65,1487
69,1605
64,1539
67,1616
58,1362
67,1665
68,1650
67,1626
59,1380
52,1137
59,1349
64,1450
64,1459
60,1377
61,1409
58,1355
64,1475
59,1311
59,1320
64,1516
54,1237
63,1494
61,1346
56,1287
61,1440
52,1160
54,1143
57,1335
56,1279
56,1345
57,1343
59,1352
56,1366
-,-,-,-
62,1366
67,1572
59,1310
72,1754
67,1573
72,1724
72,1724
70,1654
64,1545
63,1424
72,1724
67,1573
62,1390
72,1724
71,1674
68,1592
72,1724
65,1479
68,1595
68,1610
67,1569
72,1732
66,1531
64,1480
67,1493
72,1728
66,1506
71,1707
68,1540
70,1579
66,1472
67,1523
68,1550
67,1474
66,1474
64,1417
67,1506
64,1412
70,1577
67,1504
65,1423
64,1377
67,1627
64,1443
70,1652
64,1500
60,1377
70,1652
61,1388
70,1660
69,1627
70,1672
64,1474
63,1416
63,1365
65,1491
69,1605
67,1561
69,1605
58,1373
68,1638
59,1448
68,1638
62,1456
68,1638
58,1266
60,1390
59,1300
61,1317
57,1192
62,1409
61,1394
58,1382
57,1263
63,1545
61,1380
61,1354
64,1531
60,1319
59,1296
55,1293
60,1399
59,1377
58,1341
56,1362
57,1239
60,1417
59,1381
59,1397
55,1306
-,-,-,-
64,1444
63,1413
72,1724
71,1687
67,1556
72,1724
64,1468
72,1724
72,1724
65,1470
71,1696
64,1459
71,1692
67,1486
63,1411
70,1673
69,1621
72,1724
71,1682
66,1483
67,1486
68,1594
62,1372
62,1363
70,1645
66,1513
66,1529
69,1605
70,1577
69,1549
63,1415
68,1530
64,1413
65,1435
64,1480
67,1487
63,1397
67,1476
62,1372
67,1529
64,1432
65,1465
69,1652
67,1584
65,1483
65,1483
69,1673
68,1596
69,1571
70,1654
68,1593
70,1660
65,1520
69,1615
67,1512
64,1465
69,1605
68,1607
64,1426
57,1327
68,1635
66,1588
68,1636
67,1637
68,1666
61,1384
60,1367
65,1487
63,1417
58,1248
60,1382
66,1473
54,1255
55,1268
57,1329
58,1316
62,1332
56,1253
60,1354
58,1294
58,1292
58,1377
57,1299
56,1294
61,1465
58,1340
56,1310
61,1428
57,1375
58,1390
-,-,-,-
70,1661
66,1514
70,1642
68,1619
72,1724
70,1649
66,1539
66,1504
62,1431
70,1610
65,1421
67,1542
67,1567
69,1606
69,1583
66,1528
66,1500
72,1728
71,1664
61,1288
65,1487
65,1502
67,1586
70,1634
63,1410
67,1493
69,1590
71,1700
67,1464
69,1549
66,1457
66,1454
69,1536
70,1577
64,1411
66,1464
69,1524
66,1438
69,1541
63,1424
70,1577
70,1582
66,1616
63,1434
66,1573
66,1588
70,1652
67,1549
65,1567
63,1489
70,1652
67,1539
67,1530
68,1583
68,1563
63,1423
69,1605
65,1458
64,1455
67,1594
63,1529
64,1504
62,1458
62,1450
66,1598
64,1480
58,1344
58,1270
61,1376
61,1496
60,1348
53,1153
60,1351
58,1307
59,1349
62,1513
60,1389
62,1456
60,1434
59,1299
52,1070
60,1396
61,1346
65,1576
56,1346
60,1358
62,1452
61,1462
58,1392
56,1394
-,-,-,-
72,1724
62,1356
62,1407
65,1470
67,1571
64,1444
72,1724
64,1447
66,1476
64,1480
68,1589
72,1726
65,1440
70,1683
72,1724
59,1403
65,1424
72,1712
72,1724
70,1610
72,1724
63,1536
70,1623
72,1724
61,1404
67,1576
65,1466
66,1490
65,1459
68,1513
60,1253
66,1448
67,1491
69,1552
67,1469
66,1476
66,1460
68,1551
70,1563
70,1591
70,1581
58,1209
64,1518
67,1592
64,1458
68,1647
70,1652
66,1555
68,1590
67,1544
68,1579
69,1624
69,1645
63,1455
65,1472
68,1586
61,1318
70,1659
61,1316
67,1623
64,1499
66,1595
68,1643
67,1615
68,1635
57,1293
59,1369
61,1401
58,1366
62,1392
59,1337
59,1265
57,1332
59,1339
58,1306
59,1378
61,1396
61,1350
63,1517
65,1475
58,1274
55,1242
58,1330
58,1299
57,1300
52,1239
57,1378
58,1307
59,1390
54,1212
-,-,-,-
67,1558
65,1478
72,1712
66,1490
72,1712
68,1607
66,1487
69,1577
71,1665
68,1584
68,1552
63,1417
69,1606
72,1712
62,1424
67,1519
63,1414
71,1702
70,1608
72,1708
65,1453
66,1469
70,1670
63,1422
72,1712
65,1515
68,1582
69,1598
65,1416
64,1456
68,1505
61,1288
69,1556
65,1383
70,1559
70,1563
65,1397
64,1476
67,1488
67,1503
71,1606
65,1425
70,1652
70,1652
64,1467
69,1629
68,1606
68,1624
70,1656
65,1546
70,1652
70,1672
69,1621
64,1431
70,1659
68,1564
69,1621
67,1524
70,1659
64,1512
61,1451
67,1601
66,1582
63,1509
63,1533
62,1447
59,1379
55,1218
64,1419
63,1517
59,1374
55,1198
56,1206
56,1258
63,1427
62,1473
58,1335
61,1432
57,1271
57,1275
62,1398
62,1345
58,1339
61,1418
58,1314
57,1254
55,1237
58,1388
58,1352
58,1393
-,-,-,-
69,1585
68,1557
56,1168
61,1394
64,1432
64,1470
62,1412
72,1710
68,1570
72,1708
69,1640
72,1708
72,1708
70,1602
69,1629
69,1628
70,1629
66,1527
67,1549
66,1424
64,1446
72,1728
65,1432
66,1495
67,1516
67,1515
66,1528
67,1515
67,1505
62,1359
71,1606
66,1467
68,1524
59,1246
66,1418
71,1606
61,1283
68,1519
70,1554
69,1571
58,1158
71,1606
69,1616
61,1390
68,1634
68,1613
64,1464
70,1654
67,1592
65,1492
65,1562
70,1652
70,1651
69,1634
63,1389
70,1659
62,1374
59,1292
67,1541
60,1362
62,1475
65,1559
65,1554
62,1499
68,1656
56,1236
62,1376
60,1317
66,1516
58,1362
57,1297
60,1374
57,1288
54,1195
57,1269
58,1416
58,1316
62,1397
59,1379
64,1505
61,1377
57,1276
56,1286
57,1279
62,1380
60,1380
62,1391
58,1291
56,1367
56,1332
-,-,-,-
68,1553
70,1629
67,1554
66,1511
69,1605
65,1462
71,1683
67,1510
66,1530
72,1708
67,1526
71,1690
67,1559
66,1509
69,1610
71,1699
67,1494
69,1598
59,1335
73,1755
70,1657
69,1628
64,1406
67,1557
68,1599
72,1708
71,1663
67,1511
68,1497
66,1441
71,1606
69,1555
62,1343
65,1450
71,1610
70,1574
66,1462
71,1606
71,1606
67,1482
67,1467
71,1606
70,1659
64,1451
66,1482
64,1497
68,1562
67,1537
66,1502
63,1408
63,1434
68,1580
69,1622
67,1546
70,1650
68,1596
69,1614
67,1559
67,1564
61,1445
61,1411
68,1635
66,1585
67,1632
63,1431
55,1244
62,1400
64,1459
59,1349
62,1453
58,1312
60,1406
58,1308
61,1388
56,1255
59,1322
62,1487
62,1471
62,1437
58,1353
61,1349
58,1315
59,1288
58,1291
60,1338
61,1399
58,1392
58,1359
59,1393
58,1442
-,-,-,-
67,1580
72,1692
67,1516
63,1481
72,1744
63,1423
71,1705
66,1490
68,1601
72,1730
71,1698
66,1518
73,1755
67,1570
71,1695
70,1658
61,1378
70,1662
69,1618
62,1403
64,1431
71,1696
64,1406
66,1532
65,1492
64,1517
67,1539
72,1746
65,1417
65,1427
62,1381
69,1550
66,1452
65,1414
65,1427
66,1496
70,1567
66,1469
70,1570
63,1352
66,1471
69,1571
67,1520
68,1581
69,1633
70,1654
67,1579
66,1502
59,1369
65,1521
66,1545
66,1527
70,1647
69,1580
70,1657
62,1432
69,1607
67,1511
69,1596
68,1635
67,1599
66,1588
64,1534
68,1635
68,1635
59,1380
61,1382
57,1309
58,1247
59,1422
64,1452
61,1389
56,1282
62,1481
59,1388
63,1433
59,1412
59,1365
58,1354
57,1239
57,1306
61,1502
58,1308
54,1173
58,1331
57,1311
62,1485
59,1360
63,1457
58,1373
-,-,-,-
67,1537
69,1636
69,1581
73,1755
68,1618
68,1561
68,1609
71,1670
65,1503
64,1532
72,1718
66,1545
72,1724
63,1439
68,1566
66,1518
67,1542
65,1467
73,1755
73,1755
71,1694
69,1625
67,1482
68,1598
71,1667
66,1572
66,1492
70,1662
66,1449
66,1454
64,1392
66,1441
66,1442
67,1498
69,1557
69,1520
66,1464
66,1435
64,1344
66,1468
71,1602
70,1639
67,1546
70,1651
64,1489
70,1643
68,1555
69,1603
67,1518
70,1649
70,1647
62,1359
68,1616
70,1650
63,1418
67,1593
68,1636
66,1544
65,1494
62,1451
67,1612
67,1595
61,1397
67,1593
64,1535
61,1402
62,1411
57,1319
60,1387
62,1429
58,1324
63,1432
58,1267
62,1423
61,1412
64,1508
62,1464
59,1385
61,1368
65,1530
60,1402
58,1352
58,1314
55,1312
57,1252
60,1407
55,1281
62,1414
55,1168
50,1213
-,-,-,-
73,1755
68,1593
63,1414
72,1708
64,1460
65,1574
69,1595
73,1759
72,1710
70,1658
70,1618
69,1638
68,1591
67,1542
65,1469
66,1516
65,1528
63,1462
72,1718
67,1603
62,1406
66,1505
71,1683
69,1604
73,1765
70,1610
68,1604
73,1755
71,1602
66,1427
69,1518
60,1266
69,1579
69,1551
68,1556
64,1391
71,1602
66,1464
67,1480
69,1527
69,1569
70,1599
69,1607
70,1643
66,1491
68,1606
64,1472
57,1291
69,1602
70,1643
70,1643
65,1481
64,1521
70,1652
70,1650
70,1650
65,1589
64,1529
69,1612
67,1589
68,1635
60,1359
62,1469
65,1579
68,1635
61,1405
64,1447
63,1441
63,1440
62,1408
60,1423
61,1389
62,1465
56,1223
59,1356
57,1344
55,1223
58,1364
55,1265
59,1287
61,1352
57,1238
56,1307
60,1358
58,1272
58,1334
61,1364
56,1268
59,1458
53,1280
-,-,-,-
71,1695
67,1570
69,1610
71,1695
66,1478
67,1541
65,1473
70,1636
68,1590
65,1469
71,1622
67,1541
65,1447
64,1388
72,1716
73,1755
70,1605
68,1566
72,1720
64,1388
62,1419
73,1755
70,1661
73,1755
67,1524
64,1444
68,1581
71,1693
67,1478
71,1602
64,1392
70,1594
66,1518
70,1560
68,1534
69,1553
68,1522
66,1482
71,1602
69,1555
64,1400
70,1594
68,1563
68,1574
69,1614
68,1609
69,1610
70,1643
63,1375
61,1345
70,1643
67,1543
66,1595
64,1439
70,1650
70,1650
65,1488
68,1634
70,1652
64,1531
68,1635
67,1590
68,1635
60,1369
65,1565
65,1525
63,1415
60,1368
60,1327
61,1401
66,1649
61,1365
59,1357
60,1444
57,1226
59,1332
60,1356
61,1440
58,1328
58,1341
62,1432
59,1334
61,1325
61,1367
59,1317
60,1333
57,1288
60,1355
58,1341
57,1359
-,-,-,-
73,1749
62,1375
73,1755
67,1565
69,1629
71,1688
73,1759
73,1755
68,1596
71,1684
73,1755
60,1390
71,1684
66,1516
73,1755
72,1720
70,1655
68,1593
66,1480
69,1620
71,1688
65,1498
73,1755
66,1483
73,1761
65,1495
73,1755
65,1479
69,1569
66,1484
65,1436
61,1365
68,1536
61,1294
68,1530
64,1413
71,1602
62,1375
69,1535
67,1489
66,1466
69,1572
65,1454
62,1365
70,1643
70,1645
62,1354
68,1565
63,1488
67,1542
67,1524
69,1612
66,1534
63,1436
65,1522
68,1608
67,1599
70,1650
65,1542
68,1635
66,1573
60,1423
64,1491
63,1460
68,1619
61,1445
65,1510
62,1382
62,1471
60,1412
61,1309
59,1319
64,1432
61,1309
58,1388
62,1399
59,1321
55,1292
60,1448
64,1537
56,1280
58,1284
58,1338
60,1355
61,1311
57,1261
61,1364
57,1345
51,1144
57,1367
-,-,-,-
67,1593
72,1723
73,1749
73,1749
61,1376
64,1448
68,1572
64,1481
67,1558
70,1649
65,1489
72,1702
65,1505
68,1621
73,1749
67,1519
68,1575
73,1747
68,1575
64,1439
71,1673
60,1309
66,1508
65,1514
65,1461
65,1471
73,1749
67,1541
70,1592
65,1460
68,1506
68,1516
69,1545
67,1494
70,1588
71,1602
69,1539
69,1541
61,1310
66,1439
61,1313
68,1542
66,1493
67,1524
63,1433
70,1643
70,1647
68,1549
68,1583
67,1529
67,1537
70,1643
69,1626
69,1600
60,1425
69,1618
67,1581
70,1650
66,1523
66,1584
67,1570
66,1516
68,1667
62,1456
68,1619
56,1252
62,1342
63,1489
58,1318
63,1441
60,1337
62,1405
57,1239
59,1319
61,1418
59,1341
61,1407
57,1289
64,1514
63,1494
62,1486
59,1385
63,1485
57,1226
56,1242
60,1346
62,1383
59,1264
61,1381
57,1407
-,-,-,-
71,1693
62,1380
67,1504
70,1652
65,1542
73,1747
68,1602
69,1636
70,1662
71,1669
63,1424
70,1637
64,1448
68,1557
68,1565
67,1536
73,1747
72,1706
65,1544
73,1753
69,1600
64,1455
71,1739
60,1271
64,1448
72,1727
66,1543
66,1500
71,1602
69,1543
67,1512
65,1457
69,1553
65,1430
70,1598
70,1580
71,1616
64,1377
65,1408
70,1599
65,1460
66,1461
66,1478
62,1394
66,1496
70,1641
68,1544
70,1653
67,1540
66,1584
65,1502
70,1643
67,1587
64,1498
66,1595
62,1421
66,1526
68,1595
68,1595
68,1619
61,1388
67,1586
67,1634
61,1443
65,1551
63,1419
64,1423
63,1446
57,1337
59,1328
62,1364
64,1489
55,1271
55,1202
57,1267
59,1346
58,1273
62,1378
61,1419
62,1444
60,1485
57,1256
56,1264
60,1377
58,1272
62,1376
62,1411
55,1256
57,1294
59,1428
-,-,-,-
73,1751
73,1747
67,1566
72,1713
68,1584
70,1630
72,1710
62,1445
73,1761
71,1693
66,1496
70,1622
71,1728
67,1566
63,1422
67,1498
63,1430
72,1720
73,1747
66,1508
66,1532
73,1751
68,1600
72,1718
73,1747
68,1611
73,1747
69,1638
67,1510
64,1427
70,1570
69,1563
68,1535
62,1368
70,1588
65,1447
69,1560
68,1556
64,1411
63,1359
70,1587
70,1571
66,1470
64,1442
66,1530
65,1451
65,1465
64,1501
64,1442
65,1482
68,1564
63,1385
70,1650
65,1575
62,1446
65,1602
66,1555
68,1622
66,1552
68,1625
62,1452
63,1449
67,1594
64,1578
64,1502
60,1382
61,1382
51,1147
58,1392
60,1338
64,1421
61,1404
58,1335
58,1321
57,1282
61,1412
55,1242
60,1322
59,1324
60,1354
63,1462
59,1265
57,1298
59,1283
56,1251
64,1394
62,1445
62,1456
60,1434
56,1337
-,-,-,-
61,1407
67,1591
71,1665
65,1508
67,1553
69,1593
65,1476
67,1535
67,1516
71,1666
70,1680
68,1579
63,1411
73,1747
66,1556
69,1641
73,1767
66,1506
73,1747
62,1415
67,1620
68,1577
73,1747
63,1413
72,1716
68,1547
73,1743
71,1691
67,1490
69,1541
70,1580
62,1337
65,1441
67,1477
71,1602
68,1536
70,1588
71,1602
71,1602
70,1611
70,1583
67,1501
70,1641
70,1647
62,1342
68,1578
67,1584
69,1651
67,1545
62,1404
66,1539
69,1619
69,1632
70,1650
70,1650
65,1522
69,1561
68,1611
65,1513
58,1353
65,1531
61,1406
67,1636
64,1487
62,1448
60,1387
58,1245
68,1621
58,1468
61,1354
63,1418
60,1387
57,1275
54,1171
62,1464
57,1198
55,1262
58,1224
57,1304
58,1342
61,1369
62,1430
63,1424
61,1395
57,1197
62,1500
59,1300
61,1430
57,1301
55,1314
-,-,-,-
70,1634
71,1700
67,1556
62,1483
73,1751
73,1743
60,1239
68,1592
71,1715
73,1743
63,1415
72,1717
72,1702
69,1565
60,1334
72,1709
67,1585
73,1743
63,1438
62,1417
73,1745
67,1531
73,1743
67,1567
69,1631
66,1517
71,1677
71,1723
64,1377
70,1609
62,1306
64,1390
65,1414
63,1355
69,1546
66,1450
71,1608
68,1493
68,1527
69,1555
71,1602
71,1608
65,1477
62,1456
66,1489
70,1653
70,1645
65,1482
67,1531
68,1570
65,1472
70,1665
70,1650
62,1420
65,1524
70,1650
66,1521
70,1656
64,1543
68,1619
67,1588
64,1497
66,1541
69,1650
64,1552
59,1391
61,1355
61,1342
59,1405
65,1533
61,1336
60,1398
62,1422
59,1377
57,1335
60,1395
57,1287
60,1314
60,1390
56,1272
61,1395
59,1276
60,1377
61,1396
61,1357
61,1384
64,1524
61,1367
59,1464
57,1377
-,-,-,-
73,1743
67,1586
69,1641
67,1520
63,1467
68,1595
65,1469
66,1532
68,1572
65,1520
72,1737
73,1743
73,1743
71,1678
71,1671
71,1674
62,1438
72,1724
70,1667
67,1549
73,1757
69,1638
60,1345
64,1447
67,1564
73,1743
62,1404
71,1704
64,1383
70,1563
66,1441
70,1575
71,1604
67,1521
71,1602
64,1365
66,1507
70,1566
69,1554
63,1355
71,1610
71,1602
70,1641
67,1530
62,1369
67,1554
70,1641
67,1538
61,1327
70,1639
64,1466
66,1497
66,1550
68,1602
70,1650
66,1496
67,1585
68,1596
70,1654
64,1505
60,1391
66,1603
68,1605
65,1480
69,1650
61,1424
61,1393
61,1400
61,1404
62,1421
62,1418
57,1234
57,1208
56,1283
59,1299
55,1289
60,1369
55,1266
62,1413
57,1293
56,1251
59,1308
64,1460
58,1358
57,1328
58,1278
59,1354
57,1376
61,1418
59,1447
-,-,-,-
70,1629
73,1745
65,1500
72,1714
66,1479
63,1424
71,1690
67,1552
70,1676
63,1379
73,1743
68,1614
73,1743
71,1655
66,1547
72,1728
69,1569
73,1743
71,1685
73,1743
66,1540
73,1749
66,1504
65,1534
67,1592
63,1431
63,1414
66,1503
67,1503
68,1540
67,1461
68,1512
69,1559
64,1391
64,1401
66,1450
70,1562
65,1418
71,1602
69,1557
65,1407
71,1602
66,1491
70,1624
69,1643
68,1617
63,1358
70,1639
67,1540
68,1574
70,1639
70,1651
64,1571
64,1452
70,1650
66,1507
70,1660
63,1425
66,1523
69,1651
63,1496
66,1561
68,1625
67,1592
68,1644
57,1244
60,1439
62,1422
57,1327
61,1390
54,1178
64,1409
56,1211
56,1300
58,1293
56,1197
60,1360
61,1445
61,1393
60,1343
61,1358
57,1327
61,1438
54,1275
56,1218
53,1187
61,1385
55,1160
61,1390
55,1352
-,-,-,-
65,1577
73,1743
69,1662
69,1649
70,1624
61,1392
63,1401
64,1415
68,1576
63,1429
64,1462
64,1459
65,1526
67,1585
62,1340
73,1743
70,1670
63,1464
61,1436
65,1483
68,1560
71,1677
69,1652
70,1670
69,1633
71,1651
73,1743
72,1723
71,1616
69,1553
69,1540
66,1484
71,1608
69,1547
64,1392
61,1322
71,1608
64,1391
71,1602
69,1563
66,1488
70,1573
68,1528
70,1624
64,1416
62,1386
69,1586
62,1401
63,1466
70,1624
60,1306
70,1607
68,1599
70,1650
69,1620
68,1624
67,1534
70,1650
68,1643
69,1654
62,1476
66,1522
69,1650
58,1312
65,1514
63,1402
59,1393
64,1454
59,1438
58,1295
60,1322
62,1402
62,1432
64,1501
57,1238
61,1350
56,1328
62,1433
55,1212
56,1241
62,1370
56,1234
64,1490
59,1408
57,1311
57,1209
58,1407
59,1314
60,1458
54,1334
-,-,-,-
66,1510
62,1452
64,1460
64,1441
68,1579
73,1745
63,1433
70,1664
72,1702
69,1632
72,1732
70,1678
67,1573
68,1600
70,1619
66,1540
61,1398
73,1755
62,1365
65,1495
67,1518
65,1481
68,1578
63,1423
64,1448
67,1605
65,1542
73,1749
69,1547
70,1580
66,1450
62,1310
62,1367
65,1439
68,1539
66,1459
67,1495
66,1485
66,1444
60,1236
69,1547
69,1555
59,1276
60,1324
63,1430
65,1492
68,1557
64,1465
66,1499
70,1607
68,1587
70,1607
69,1665
63,1485
66,1610
63,1470
69,1628
69,1634
70,1693
60,1382
58,1351
69,1650
66,1576
62,1454
69,1650
58,1305
62,1407
57,1342
60,1360
64,1474
59,1308
61,1392
58,1412
64,1383
59,1348
61,1407
58,1263
64,1530
59,1301
59,1342
63,1475
61,1393
61,1381
58,1301
57,1226
60,1324
58,1335
58,1325
63,1459
60,1443
-,-,-,-
70,1661
69,1605
69,1643
72,1718
66,1518
68,1629
72,1742
73,1743
62,1424
68,1625
68,1611
67,1516
65,1474
73,1743
68,1583
67,1526
71,1683
68,1529
71,1697
70,1670
64,1503
72,1708
63,1480
69,1649
64,1445
69,1636
73,1743
72,1727
67,1526
71,1600
68,1521
71,1602
68,1559
68,1555
70,1564
64,1410
68,1516
68,1538
71,1602
66,1448
71,1608
71,1600
61,1349
62,1353
59,1310
59,1285
64,1419
63,1377
69,1559
66,1470
69,1586
64,1418
67,1578
70,1650
68,1561
69,1640
67,1625
68,1650
68,1601
69,1646
69,1678
64,1474
63,1444
68,1607
62,1485
63,1360
63,1427
61,1377
64,1490
60,1402
60,1392
60,1303
65,1502
59,1301
59,1293
58,1282
55,1258
60,1323
55,1187
58,1275
58,1381
57,1351
54,1193
63,1495
56,1283
58,1306
64,1525
60,1371
61,1484
59,1368
-,-,-,-
73,1743
62,1445
67,1551
65,1469
72,1712
67,1560
65,1503
69,1603
64,1463
64,1469
72,1712
64,1486
67,1525
71,1708
65,1519
66,1506
72,1712
70,1670
67,1573
65,1490
73,1743
73,1743
67,1525
67,1572
72,1738
68,1592
65,1511
73,1749
69,1546
65,1442
69,1563
70,1584
69,1562
62,1353
66,1460
62,1330
65,1457
66,1504
66,1450
70,1588
71,1618
65,1445
70,1607
70,1601
68,1616
64,1414
68,1557
66,1536
66,1528
63,1421
68,1577
63,1428
70,1644
63,1459
68,1567
70,1650
66,1570
70,1650
64,1503
59,1302
64,1569
66,1535
63,1469
66,1557
65,1578
62,1369
58,1358
62,1470
58,1361
58,1312
61,1410
58,1348
58,1248
55,1245
57,1265
61,1344
61,1427
60,1356
62,1485
59,1272
62,1460
64,1459
60,1376
59,1341
59,1342
60,1367
60,1413
60,1377
58,1294
61,1382
-,-,-,-
60,1376
67,1502
66,1507
73,1763
66,1506
62,1426
73,1743
65,1452
71,1702
69,1600
66,1538
72,1702
73,1743
67,1541
73,1743
69,1656
73,1743
61,1398
69,1615
72,1723
71,1674
68,1543
62,1381
73,1743
62,1438
73,1743
67,1583
65,1520
69,1549
70,1563
71,1602
71,1600
67,1472
64,1425
66,1482
70,1579
66,1450
70,1573
62,1374
67,1521
63,1343
71,1600
58,1284
66,1553
64,1430
62,1326
65,1508
65,1425
65,1487
70,1601
68,1519
69,1599
71,1686
66,1536
70,1642
69,1614
69,1614
69,1620
68,1637
65,1535
65,1600
70,1686
69,1602
69,1646
67,1572
59,1306
59,1368
62,1451
64,1442
63,1434
62,1369
61,1344
62,1435
59,1337
58,1230
57,1259
59,1272
60,1435
62,1423
59,1315
59,1311
62,1450
57,1344
59,1379
60,1347
60,1434
59,1381
60,1286
57,1282
55,1241
-,-,-,-
69,1628
73,1743
73,1743
59,1310
68,1589
72,1707
71,1695
63,1437
69,1658
68,1625
66,1531
73,1747
69,1622
65,1484
73,1743
63,1397
67,1579
62,1315
66,1533
66,1549
73,1743
67,1575
71,1706
65,1492
73,1763
68,1568
66,1519
62,1438
70,1587
71,1608
70,1596
65,1416
71,1600
71,1600
65,1406
67,1471
66,1491
63,1346
66,1454
68,1536
70,1583
65,1391
71,1747
67,1542
63,1496
63,1455
70,1638
62,1503
69,1635
66,1609
68,1593
66,1587
70,1603
65,1496
70,1603
60,1316
70,1620
61,1339
70,1601
64,1500
65,1560
70,1686
70,1686
66,1613
66,1599
64,1478
64,1468
60,1300
54,1270
59,1308
61,1434
64,1441
62,1377
59,1294
60,1312
56,1297
60,1326
57,1274
62,1431
59,1397
61,1350
62,1389
57,1346
57,1271
61,1384
60,1336
63,1430
60,1322
64,1517
59,1342
-,-,-,-
69,1603
62,1380
68,1571
72,1708
65,1488
67,1551
68,1579
73,1743
73,1743
72,1725
69,1569
73,1743
65,1499
66,1523
66,1542
73,1763
73,1743
69,1627
66,1566
69,1609
66,1503
64,1515
73,1743
66,1484
66,1484
65,1487
67,1521
69,1603
70,1593
67,1486
68,1497
69,1549
71,1600
63,1330
63,1330
69,1557
70,1572
71,1606
68,1527
62,1360
69,1545
66,1477
71,1690
63,1481
69,1600
66,1548
68,1636
69,1626
64,1554
67,1608
68,1625
65,1617
67,1543
62,1344
68,1545
69,1582
67,1501
67,1545
64,1498
70,1686
70,1688
65,1555
63,1488
70,1684
67,1586
62,1402
59,1412
60,1385
59,1459
55,1230
61,1367
57,1220
58,1248
55,1222
56,1213
60,1495
61,1390
62,1412
61,1373
58,1349
61,1394
57,1250
63,1527
63,1467
59,1327
62,1517
62,1393
61,1446
58,1281
55,1235
-,-,-,-
64,1478
64,1454
71,1726
73,1757
67,1528
62,1377
71,1679
66,1544
66,1479
65,1477
73,1755
62,1315
65,1534
68,1625
65,1461
66,1515
62,1452
73,1743
69,1595
66,1527
64,1470
72,1708
73,1743
67,1595
73,1743
71,1677
69,1566
67,1586
69,1545
70,1590
70,1582
71,1600
71,1615
60,1301
68,1516
68,1497
65,1429
68,1508
70,1581
70,1560
68,1517
68,1518
70,1666
62,1350
70,1672
64,1554
67,1640
68,1667
71,1684
60,1392
68,1591
71,1686
69,1595
63,1399
70,1601
65,1464
66,1499
64,1483
64,1416
62,1439
69,1702
62,1428
66,1552
69,1653
69,1668
56,1338
61,1441
63,1428
56,1323
61,1427
58,1369
61,1344
60,1381
60,1321
60,1332
59,1334
63,1495
62,1436
63,1409
61,1510
61,1448
58,1316
58,1326
59,1364
58,1318
57,1329
64,1493
59,1389
64,1470
60,1315
-,-,-,-
73,1743
69,1629
67,1592
67,1574
71,1679
73,1743
67,1585
73,1743
73,1743
70,1680
66,1550
67,1532
69,1644
67,1530
67,1602
68,1593
70,1676
65,1499
67,1556
73,1751
64,1418
66,1530
63,1428
73,1743
66,1472
67,1632
72,1728
69,1660
69,1561
70,1582
70,1563
68,1544
71,1609
62,1382
70,1588
64,1408
62,1301
69,1563
70,1583
71,1602
64,1401
69,1565
64,1483
70,1664
71,1684
67,1590
69,1610
66,1571
67,1593
70,1664
60,1419
67,1571
59,1341
70,1601
63,1423
64,1456
59,1309
70,1601
69,1563
65,1479
68,1627
62,1424
70,1684
59,1335
69,1666
63,1452
60,1426
64,1414
59,1436
58,1298
60,1304
61,1344
56,1185
64,1444
58,1239
57,1349
54,1152
59,1305
54,1206
63,1406
64,1505
60,1363
59,1325
63,1503
58,1356
56,1299
58,1297
59,1337
59,1335
59,1342
-,-,-,-
68,1610
65,1520
73,1751
64,1455
72,1727
66,1539
72,1723
67,1558
69,1630
72,1754
64,1452
73,1745
66,1530
72,1723
73,1743
64,1497
73,1763
66,1551
72,1704
72,1721
67,1552
70,1662
69,1631
70,1661
65,1458
71,1684
69,1643
68,1562
68,1526
71,1600
67,1507
68,1517
64,1391
65,1389
67,1492
66,1452
71,1600
66,1440
70,1566
65,1433
65,1418
71,1612
66,1600
69,1627
64,1459
67,1612
66,1562
66,1540
65,1600
70,1682
67,1602
67,1586
70,1601
63,1404
64,1438
70,1601
69,1570
65,1497
70,1601
64,1441
67,1597
69,1708
67,1616
70,1686
68,1614
61,1343
59,1306
59,1250
62,1460
57,1328
58,1330
61,1354
62,1390
63,1474
56,1215
62,1435
59,1330
62,1456
56,1301
64,1465
60,1384
52,1131
60,1322
64,1476
62,1375
60,1423
55,1211
61,1401
61,1459
52,1095
-,-,-,-
72,1702
61,1388
64,1433
59,1310
62,1452
73,1747
69,1592
64,1501
64,1462
73,1743
66,1510
72,1719
68,1578
65,1481
73,1753
69,1645
66,1481
67,1573
71,1691
64,1424
73,1749
73,1743
72,1709
63,1451
64,1467
66,1515
64,1473
67,1512
71,1608
67,1497
71,1610
70,1592
71,1604
70,1557
63,1338
71,1600
66,1457
69,1561
70,1566
70,1586
68,1532
71,1612
64,1481
70,1652
62,1459
64,1459
69,1630
66,1561
70,1703
67,1582
68,1630
71,1682
63,1375
62,1367
67,1512
63,1415
70,1601
69,1585
69,1587
64,1525
65,1517
65,1571
59,1306
67,1602
69,1721
58,1271
63,1459
60,1320
60,1424
60,1295
62,1367
58,1304
61,1306
62,1426
61,1474
61,1427
56,1249
59,1345
57,1294
56,1266
63,1473
59,1355
55,1257
60,1366
63,1396
57,1398
60,1385
60,1352
61,1457
58,1279
-,-,-,-
62,1417
62,1380
68,1593
73,1743
65,1481
62,1377
70,1648
63,1429
63,1437
64,1449
68,1610
66,1578
71,1663
72,1723
71,1700
72,1732
69,1637
70,1724
64,1463
72,1696
73,1747
62,1452
66,1521
66,1488
65,1503
68,1566
66,1490
66,1512
63,1340
63,1425
67,1493
70,1582
70,1559
67,1511
69,1551
67,1449
65,1457
66,1467
62,1320
59,1217
62,1364
71,1600
65,1526
67,1625
69,1628
70,1656
62,1474
71,1682
65,1608
67,1592
68,1631
66,1625
69,1589
70,1601
70,1601
68,1545
67,1518
69,1595
66,1525
67,1564
70,1684
67,1590
68,1611
66,1498
66,1562
62,1435
60,1404
64,1471
63,1517
56,1261
56,1266
57,1262
59,1271
61,1345
61,1381
61,1412
65,1533
56,1239
64,1449
57,1374
61,1481
62,1427
58,1276
61,1360
53,1241
62,1401
58,1353
60,1398
60,1433
58,1323
-,-,-,-
73,1743
71,1662
66,1514
70,1673
69,1612
67,1504
69,1603
71,1687
67,1596
62,1377
66,1513
62,1462
69,1630
73,1743
69,1645
67,1532
72,1728
71,1662
72,1714
69,1652
72,1707
68,1618
65,1475
65,1481
73,1743
69,1628
64,1479
65,1490
64,1392
70,1586
66,1442
71,1600
68,1515
69,1551
66,1481
70,1566
68,1517
69,1544
69,1550
70,1575
65,1437
61,1313
70,1649
66,1522
65,1482
70,1664
67,1593
65,1526
69,1627
70,1711
67,1590
71,1682
69,1580
70,1629
70,1603
63,1414
62,1393
69,1586
66,1500
70,1682
67,1548
69,1649
59,1322
66,1541
68,1622
61,1415
59,1338
58,1286
60,1391
61,1450
61,1357
59,1230
59,1383
64,1432
62,1442
58,1314
60,1252
58,1340
64,1488
63,1477
62,1407
65,1489
61,1386
60,1328
59,1352
60,1388
58,1376
53,1138
59,1349
59,1347
-,-,-,-
72,1728
73,1743
72,1738
62,1417
67,1591
72,1721
62,1391
64,1459
66,1536
68,1604
59,1350
67,1476
63,1401
69,1575
68,1589
72,1737
73,1759
65,1497
65,1449
66,1542
67,1521
71,1695
65,1499
67,1556
61,1376
65,1499
67,1539
72,1708
62,1355
69,1552
66,1482
65,1426
64,1345
71,1596
67,1518
65,1463
66,1462
70,1566
71,1604
71,1606
69,1555
69,1547
64,1521
71,1682
67,1591
65,1504
66,1531
69,1640
68,1664
71,1682
71,1682
69,1630
70,1601
69,1630
69,1582
69,1612
68,1562
66,1493
62,1367
69,1658
63,1451
63,1504
59,1364
64,1476
68,1599
63,1467
60,1427
61,1326
59,1431
59,1354
66,1589
58,1248
60,1288
61,1379
60,1298
61,1351
62,1449
59,1378
58,1294
61,1418
57,1296
61,1437
60,1314
59,1405
59,1466
55,1267
60,1408
58,1335
62,1344
58,1311
-,-,-,-
67,1558
69,1599
65,1494
60,1271
68,1572
70,1666
69,1619
64,1492
66,1578
67,1630
62,1377
70,1664
73,1747
73,1743
68,1626
70,1679
69,1657
64,1439
65,1425
71,1668
70,1684
73,1743
70,1673
73,1743
67,1520
66,1495
66,1536
71,1679
71,1606
69,1558
70,1586
62,1336
63,1345
64,1376
69,1551
62,1288
65,1431
65,1410
69,1570
71,1596
67,1486
71,1596
71,1682
64,1549
71,1682
70,1754
67,1593
68,1618
69,1669
66,1537
70,1662
71,1682
62,1375
68,1541
64,1445
70,1601
71,1647
67,1552
64,1438
70,1682
66,1506
69,1665
58,1303
69,1662
66,1580
60,1349
62,1426
55,1224
62,1470
60,1479
56,1322
61,1367
56,1227
60,1351
58,1249
60,1312
64,1467
62,1428
60,1381
60,1442
59,1344
63,1465
62,1430
60,1353
57,1284
59,1348
60,1373
63,1511
60,1350
59,1342
-,-,-,-
65,1499
68,1565
68,1561
69,1629
72,1708
71,1706
65,1505
66,1511
73,1743
70,1673
66,1550
69,1642
68,1580
72,1720
66,1512
73,1741
59,1326
67,1500
65,1497
67,1560
64,1453
60,1334
64,1452
73,1745
73,1743
73,1743
63,1451
67,1544
69,1534
69,1559
66,1480
67,1507
67,1504
67,1468
66,1449
70,1586
69,1530
69,1581
68,1522
71,1596
66,1496
69,1538
63,1444
62,1368
62,1390
63,1433
65,1477
71,1653
71,1647
65,1456
67,1514
62,1421
64,1509
68,1617
64,1483
66,1564
63,1438
64,1486
68,1619
68,1612
65,1465
70,1696
70,1682
69,1695
70,1693
58,1320
52,1195
61,1419
61,1377
53,1202
61,1366
63,1414
66,1571
60,1390
59,1328
61,1415
63,1450
59,1354
59,1350
60,1368
58,1329
57,1262
56,1292
55,1245
57,1266
57,1344
57,1331
56,1297
60,1341
57,1306
-,-,-,-
67,1514
73,1741
64,1465
72,1744
73,1741
68,1595
73,1741
72,1720
64,1440
64,1488
65,1496
69,1628
69,1600
70,1653
69,1627
62,1424
66,1502
65,1503
72,1701
73,1743
69,1626
67,1541
73,1741
68,1571
69,1622
71,1676
69,1604
68,1590
69,1536
71,1596
71,1610
68,1523
67,1523
67,1502
69,1533
66,1465
68,1513
62,1288
67,1497
61,1310
61,1354
63,1380
66,1550
71,1651
66,1519
65,1547
60,1355
71,1647
66,1568
64,1425
63,1401
60,1354
63,1509
66,1608
67,1578
67,1703
65,1550
70,1628
71,1682
60,1333
63,1380
70,1682
70,1678
69,1639
69,1718
61,1400
63,1499
57,1235
59,1264
54,1224
62,1558
59,1373
62,1407
58,1327
59,1305
60,1393
57,1256
59,1373
62,1405
62,1419
59,1391
57,1275
59,1408
64,1439
60,1377
60,1370
61,1386
60,1411
66,1476
56,1323
-,-,-,-
73,1739
66,1479
66,1529
73,1745
73,1741
68,1574
68,1598
64,1488
73,1741
71,1699
68,1563
66,1502
63,1412
65,1434
68,1623
65,1448
62,1452
68,1582
73,1741
70,1683
67,1581
66,1534
68,1570
67,1552
64,1474
73,1741
67,1562
73,1749
64,1366
71,1606
71,1596
71,1596
71,1596
69,1549
69,1562
68,1497
68,1524
65,1415
69,1556
71,1596
62,1334
68,1512
64,1512
58,1288
70,1607
62,1375
71,1653
68,1562
71,1647
67,1531
70,1607
67,1565
68,1609
66,1558
66,1510
67,1672
64,1490
71,1682
69,1662
67,1585
64,1568
70,1694
70,1698
66,1574
71,1710
63,1465
62,1405
58,1295
61,1437
56,1210
61,1422
58,1268
57,1280
64,1426
65,1507
59,1342
60,1335
61,1415
61,1431
60,1338
56,1318
56,1330
56,1248
55,1283
57,1327
59,1353
62,1443
57,1314
59,1291
58,1312
-,-,-,-
70,1637
64,1469
72,1705
68,1612
64,1428
68,1572
70,1636
67,1597
68,1595
69,1663
70,1653
66,1506
67,1541
66,1507
68,1576
68,1580
68,1632
67,1577
62,1442
66,1507
69,1630
64,1448
66,1515
73,1739
71,1687
68,1590
70,1616
65,1460
71,1600
67,1484
70,1597
64,1384
67,1517
65,1407
62,1319
65,1435
64,1363
69,1559
67,1479
66,1432
71,1624
68,1492
71,1647
66,1486
66,1524
64,1482
71,1647
68,1545
71,1647
71,1647
67,1544
65,1524
71,1682
64,1490
67,1596
70,1662
69,1628
71,1678
67,1573
64,1503
68,1615
64,1470
70,1732
71,1710
71,1770
63,1434
61,1372
59,1321
62,1361
64,1430
60,1394
64,1613
62,1393
61,1348
60,1314
58,1334
62,1401
61,1426
61,1397
58,1328
63,1451
59,1299
56,1357
64,1511
58,1391
62,1440
62,1453
64,1532
58,1319
56,1254
-,-,-,-
64,1453
67,1577
64,1454
69,1602
67,1587
66,1494
72,1721
66,1489
70,1649
64,1460
72,1707
70,1634
65,1478
73,1739
71,1700
66,1527
66,1514
64,1487
69,1602
67,1557
66,1466
65,1487
72,1737
64,1412
71,1669
64,1455
71,1648
70,1664
64,1392
67,1495
62,1358
66,1457
68,1519
65,1425
70,1571
68,1524
62,1309
68,1523
66,1432
67,1507
70,1558
69,1569
64,1458
61,1349
62,1340
63,1449
65,1522
63,1484
62,1435
60,1356
67,1560
62,1347
68,1624
65,1551
68,1608
71,1680
71,1678
69,1674
70,1674
65,1537
70,1684
64,1488
64,1444
71,1710
68,1620
65,1463
62,1470
59,1270
61,1421
66,1521
61,1450
62,1473
63,1385
58,1256
57,1303
61,1416
64,1418
60,1398
58,1286
57,1241
57,1335
57,1347
61,1328
60,1386
58,1377
60,1439
60,1376
56,1265
57,1324
56,1339
-,-,-,-
68,1571
67,1592
73,1741
69,1655
73,1739
64,1453
73,1739
72,1691
72,1695
64,1497
66,1496
73,1739
69,1624
65,1522
68,1595
67,1591
73,1739
71,1690
72,1714
68,1545
71,1679
73,1739
72,1721
69,1577
73,1739
61,1385
69,1640
66,1564
66,1462
62,1369
63,1409
63,1351
68,1499
70,1585
64,1384
71,1600
70,1560
63,1390
69,1555
71,1600
71,1604
71,1596
66,1493
67,1509
62,1356
65,1462
68,1556
69,1629
71,1653
65,1488
69,1597
67,1523
63,1519
71,1676
68,1597
71,1678
69,1626
67,1610
63,1445
66,1564
68,1608
71,1710
71,1710
70,1691
61,1409
60,1400
57,1302
59,1270
66,1580
59,1375
62,1402
56,1300
62,1381
67,1629
60,1376
59,1308
60,1324
64,1447
60,1482
60,1348
59,1348
62,1480
58,1333
63,1443
60,1362
57,1296
53,1208
58,1296
60,1384
55,1273
-,-,-,-
68,1558
67,1499
64,1481
71,1689
66,1527
69,1607
70,1616
65,1468
66,1550
73,1739
67,1561
69,1565
73,1743
65,1461
70,1673
72,1720
67,1556
69,1630
64,1472
73,1739
72,1742
73,1739
69,1606
59,1354
68,1584
71,1696
64,1514
69,1663
71,1604
71,1596
68,1539
62,1395
68,1534
65,1425
64,1467
63,1437
71,1606
70,1577
65,1442
66,1463
66,1453
71,1615
68,1570
64,1450
68,1559
71,1655
71,1647
65,1494
67,1541
61,1356
71,1651
68,1561
65,1605
61,1428
68,1617
67,1598
64,1515
63,1439
68,1588
67,1565
71,1735
54,1173
70,1665
64,1468
71,1710
63,1455
65,1467
56,1242
60,1405
56,1223
62,1355
61,1429
62,1503
59,1339
63,1508
59,1330
61,1379
60,1422
62,1475
55,1161
58,1316
59,1334
60,1356
58,1302
65,1478
58,1274
58,1325
56,1266
62,1470
60,1378
-,-,-,-
70,1615
72,1704
73,1739
71,1731
73,1739
69,1623
68,1606
64,1505
71,1705
64,1464
73,1739
63,1460
66,1494
73,1741
72,1704
68,1625
73,1739
73,1739
65,1468
73,1739
70,1651
61,1379
66,1527
68,1586
64,1488
67,1571
66,1503
73,1739
70,1584
66,1451
65,1488
67,1479
70,1576
66,1480
64,1387
69,1538
69,1553
66,1472
60,1284
64,1400
63,1425
71,1614
69,1612
67,1508
71,1647
63,1402
71,1647
71,1647
68,1557
71,1647
66,1520
65,1505
67,1576
68,1637
61,1379
70,1654
61,1432
66,1536
70,1650
68,1652
69,1636
58,1315
70,1690
69,1716
65,1504
64,1447
55,1235
60,1358
62,1468
58,1345
66,1578
67,1613
60,1409
56,1246
59,1346
61,1333
60,1312
58,1280
58,1297
56,1270
59,1347
57,1265
52,1156
57,1357
53,1124
63,1439
59,1366
63,1446
59,1349
53,1177
-,-,-,-
71,1700
66,1477
70,1624
73,1741
73,1749
71,1707
62,1412
72,1705
62,1361
70,1649
70,1669
64,1407
69,1598
69,1625
66,1537
72,1714
66,1598
68,1595
69,1668
68,1534
64,1450
73,1739
73,1739
66,1507
67,1571
68,1556
73,1739
63,1434
67,1530
67,1498
64,1401
64,1371
71,1596
71,1596
71,1596
71,1616
63,1380
70,1593
61,1286
68,1517
65,1392
64,1399
65,1505
67,1509
71,1647
68,1560
71,1647
68,1619
70,1607
65,1482
69,1581
70,1601
66,1541
65,1549
64,1504
68,1613
66,1579
68,1609
63,1513
66,1566
71,1710
71,1689
71,1710
64,1501
68,1608
62,1438
61,1423
61,1379
61,1440
60,1352
61,1393
57,1259
59,1411
57,1314
59,1357
63,1355
56,1238
58,1293
54,1221
59,1310
58,1295
63,1489
65,1523
57,1427
58,1294
64,1513
60,1390
59,1318
60,1436
58,1383
-,-,-,-
67,1557
68,1584
73,1739
68,1576
68,1613
73,1739
72,1742
66,1521
65,1459
67,1537
70,1645
69,1637
62,1437
73,1739
73,1739
67,1534
67,1527
73,1739
71,1702
71,1678
64,1488
70,1628
73,1739
73,1739
66,1555
69,1628
68,1587
64,1440
69,1564
67,1472
62,1348
62,1358
71,1596
67,1503
70,1569
63,1352
71,1596
65,1434
71,1596
66,1452
68,1513
65,1425
60,1326
64,1494
64,1520
64,1414
70,1641
70,1597
71,1647
64,1446
71,1672
71,1647
62,1475
68,1589
68,1648
66,1610
66,1541
68,1608
67,1587
71,1669
71,1689
71,1689
66,1570
71,1681
69,1653
59,1283
58,1288
63,1469
62,1436
60,1285
58,1396
65,1452
60,1461
62,1458
58,1314
62,1423
62,1442
57,1238
63,1430
61,1415
63,1495
61,1354
56,1257
63,1445
64,1519
59,1365
55,1245
63,1420
59,1287
57,1404
-,-,-,-
67,1556
68,1610
66,1514
72,1707
65,1528
66,1523
66,1517
66,1497
73,1739
73,1739
72,1714
73,1739
69,1641
68,1567
73,1739
70,1608
63,1384
73,1739
73,1739
65,1488
68,1576
66,1557
71,1687
67,1552
61,1404
65,1473
64,1488
69,1589
65,1404
70,1584
68,1538
66,1477
66,1463
67,1515
65,1431
68,1538
71,1596
64,1385
61,1343
70,1558
68,1516
64,1376
62,1399
71,1647
66,1497
68,1562
63,1402
63,1390
71,1647
71,1655
66,1545
66,1526
68,1608
66,1547
71,1680
71,1671
68,1596
65,1563
69,1626
67,1609
67,1568
68,1598
64,1490
65,1504
61,1437
62,1417
62,1425
66,1535
62,1392
64,1460
58,1385
62,1346
60,1450
55,1214
61,1376
66,1540
58,1299
60,1344
62,1431
64,1427
57,1276
56,1317
63,1375
61,1364
55,1219
62,1433
57,1285
60,1307
59,1325
57,1194
-,-,-,-
66,1497
73,1739
69,1596
64,1462
73,1735
73,1743
66,1522
67,1523
73,1739
65,1443
71,1693
62,1437
70,1681
67,1573
64,1462
70,1641
71,1711
71,1707
64,1488
64,1440
70,1637
73,1739
61,1353
64,1448
66,1536
73,1739
64,1454
68,1612
71,1596
68,1518
65,1492
63,1402
70,1555
66,1449
64,1432
64,1384
70,1596
63,1382
62,1328
67,1499
66,1446
65,1449
68,1560
70,1601
71,1647
69,1599
70,1619
66,1516
70,1605
71,1657
69,1556
60,1349
69,1662
66,1571
70,1699
70,1645
71,1717
66,1576
71,1681
66,1536
67,1627
67,1599
65,1496
67,1603
69,1652
63,1410
59,1338
65,1506
61,1492
59,1333
58,1391
67,1560
61,1448
62,1492
55,1188
62,1438
61,1393
63,1442
64,1444
61,1449
60,1330
63,1457
56,1249
55,1171
59,1338
60,1340
56,1343
59,1382
57,1298
58,1336
-,-,-,-
65,1431
68,1559
67,1565
66,1498
68,1604
70,1679
70,1630
73,1753
73,1735
68,1557
70,1631
70,1620
73,1735
65,1512
67,1537
65,1462
67,1557
69,1659
68,1571
73,1735
72,1700
68,1613
70,1648
63,1430
68,1594
63,1386
67,1491
67,1515
68,1524
71,1610
65,1437
61,1364
64,1399
70,1571
71,1596
71,1639
68,1517
71,1596
71,1596
62,1332
71,1596
67,1524
63,1391
71,1647
69,1581
66,1503
66,1524
69,1585
66,1523
68,1541
60,1384
67,1496
69,1620
69,1665
71,1697
71,1669
68,1616
71,1671
70,1698
68,1576
68,1641
67,1627
70,1658
66,1569
65,1575
57,1330
58,1302
61,1371
62,1497
59,1285
56,1262
58,1362
57,1303
60,1483
62,1412
59,1365
59,1407
61,1292
55,1173
61,1336
59,1313
56,1315
61,1382
64,1488
60,1352
65,1546
55,1333
58,1345
56,1213
59,1348
-,-,-,-
64,1457
59,1250
65,1482
73,1735
69,1617
70,1620
73,1739
66,1518
68,1529
66,1451
68,1532
72,1700
67,1544
65,1450
69,1596
70,1626
66,1528
63,1449
68,1574
65,1511
73,1735
73,1735
70,1643
73,1735
65,1460
73,1735
64,1444
68,1552
61,1314
66,1467
71,1596
66,1490
68,1567
66,1481
69,1546
70,1564
65,1397
65,1433
68,1519
63,1390
71,1619
70,1571
67,1528
61,1355
65,1534
68,1568
70,1625
63,1423
67,1542
65,1490
69,1561
63,1382
71,1669
64,1498
70,1664
68,1552
68,1592
69,1608
69,1692
67,1637
67,1552
70,1644
64,1575
70,1651
65,1502
58,1311
59,1255
63,1517
65,1567
62,1425
58,1290
62,1409
59,1369
58,1330
61,1397
59,1283
63,1439
63,1514
63,1435
59,1335
63,1436
62,1443
57,1235
59,1369
60,1426
61,1420
57,1327
57,1279
59,1357
56,1317
-,-,-,-
73,1735
66,1528
69,1649
73,1735
63,1399
65,1460
72,1714
63,1400
69,1601
67,1612
63,1377
69,1601
66,1562
66,1477
68,1536
65,1532
65,1456
66,1497
70,1645
71,1681
68,1615
73,1735
70,1631
66,1508
72,1711
71,1685
62,1402
64,1430
71,1610
71,1596
71,1616
62,1313
70,1611
68,1530
68,1530
64,1411
71,1596
71,1596
69,1553
69,1544
66,1452
66,1450
70,1632
69,1597
67,1516
69,1586
66,1543
69,1597
65,1468
70,1605
70,1672
61,1364
68,1599
70,1655
65,1545
69,1625
70,1645
64,1483
70,1653
61,1381
61,1438
67,1611
64,1492
62,1479
66,1561
61,1494
61,1282
60,1376
60,1409
64,1519
63,1447
62,1436
60,1287
54,1220
60,1434
57,1300
58,1316
60,1352
62,1369
58,1310
56,1224
61,1386
58,1246
56,1247
61,1383
59,1315
56,1281
63,1463
63,1446
56,1222
-,-,-,-
73,1735
73,1735
71,1685
72,1700
73,1749
62,1456
65,1503
64,1472
72,1700
72,1717
66,1487
67,1567
66,1447
70,1639
69,1591
65,1427
64,1470
68,1552
69,1640
61,1353
65,1477
69,1577
72,1704
67,1531
70,1655
69,1591
65,1487
68,1529
67,1474
66,1490
71,1596
71,1596
70,1566
69,1562
70,1582
61,1286
68,1497
69,1553
61,1294
71,1596
66,1463
66,1480
70,1601
68,1544
70,1623
70,1611
70,1603
68,1568
61,1415
70,1611
68,1539
65,1527
66,1495
63,1384
71,1669
63,1367
68,1621
70,1645
71,1669
66,1524
67,1645
63,1498
63,1473
66,1541
71,1674
61,1394
63,1422
58,1383
60,1471
62,1350
63,1405
60,1360
59,1301
62,1504
62,1412
62,1414
61,1395
61,1401
60,1361
56,1214
64,1434
60,1401
61,1392
56,1300
63,1431
60,1325
55,1232
57,1337
55,1208
58,1265
-,-,-,-
63,1402
68,1617
67,1582
71,1667
70,1652
68,1558
73,1735
73,1735
71,1681
73,1735
69,1591
73,1749
71,1712
63,1462
70,1614
72,1718
66,1535
67,1544
73,1735
72,1695
65,1460
61,1418
69,1643
62,1377
70,1693
67,1514
62,1402
70,1608
63,1403
66,1439
68,1495
64,1387
71,1619
70,1588
68,1514
69,1573
61,1343
71,1596
70,1589
67,1516
69,1566
65,1453
68,1585
62,1361
67,1588
61,1374
63,1468
71,1653
69,1587
67,1538
64,1464
68,1593
68,1545
66,1561
69,1639
72,1712
69,1595
68,1630
70,1633
66,1535
63,1473
68,1593
66,1567
67,1611
70,1660
66,1581
63,1412
59,1343
68,1679
57,1327
61,1392
58,1303
60,1335
60,1375
59,1352
64,1461
57,1285
61,1491
58,1248
56,1218
60,1367
63,1381
56,1300
58,1335
62,1450
62,1395
59,1275
60,1321
57,1240
60,1460
-,-,-,-
71,1667
69,1588
72,1693
70,1598
73,1735
69,1595
69,1568
65,1456
69,1612
68,1596
68,1580
72,1704
68,1533
66,1515
70,1604
70,1677
64,1451
73,1735
64,1466
68,1554
71,1704
73,1737
70,1659
73,1735
70,1649
68,1524
67,1539
73,1741
66,1547
69,1619
63,1508
67,1641
65,1538
72,1714
69,1738
70,1648
72,1712
68,1588
68,1569
66,1498
71,1695
71,1691
68,1574
66,1466
66,1474
66,1490
61,1317
66,1424
71,1600
71,1600
65,1423
71,1596
67,1526
65,1469
65,1500
65,1516
65,1488
65,1477
71,1647
65,1513
63,1541
69,1614
64,1529
71,1674
69,1630
63,1420
61,1416
56,1210
57,1277
63,1506
62,1430
61,1402
66,1503
63,1414
62,1393
56,1256
61,1355
63,1496
63,1363
62,1401
58,1299
63,1430
63,1501
60,1356
58,1304
60,1389
58,1294
52,1129
59,1390
62,1490
-,-,-,-
61,1296
62,1404
73,1735
68,1617
71,1628
67,1523
65,1537
68,1558
65,1473
70,1607
71,1693
68,1586
69,1629
71,1680
64,1451
65,1534
63,1386
68,1595
71,1678
73,1735
69,1602
70,1646
70,1638
69,1586
68,1519
65,1534
66,1498
67,1537
70,1649
71,1677
70,1659
71,1679
68,1584
71,1677
67,1545
71,1667
65,1532
69,1644
70,1660
65,1544
68,1607
68,1676
65,1431
63,1340
62,1322
68,1521
64,1434
69,1544
70,1569
63,1403
71,1600
70,1582
65,1519
64,1409
71,1647
58,1276
71,1647
66,1476
70,1639
65,1552
68,1617
68,1583
66,1614
62,1481
71,1674
61,1353
61,1436
61,1347
61,1414
60,1391
61,1431
60,1335
60,1393
59,1380
63,1496
55,1239
59,1388
60,1403
60,1274
61,1363
62,1357
58,1255
60,1291
55,1204
57,1307
63,1410
63,1379
61,1362
58,1367
60,1349
-,-,-,-
65,1429
70,1632
71,1694
66,1521
68,1559
63,1438
70,1600
62,1377
73,1735
64,1472
66,1479
61,1322
67,1573
62,1437
70,1637
73,1735
72,1703
73,1735
70,1602
66,1547
70,1624
67,1491
70,1626
69,1628
66,1515
62,1373
66,1492
68,1571
62,1346
70,1649
72,1702
62,1422
70,1658
67,1598
71,1681
68,1619
71,1689
72,1712
65,1565
66,1542
72,1708
72,1772
71,1596
64,1411
61,1301
69,1544
68,1536
71,1598
67,1516
71,1600
60,1299
69,1536
71,1647
64,1492
62,1400
68,1564
71,1649
70,1613
66,1535
69,1648
70,1662
70,1601
63,1488
66,1562
64,1545
61,1437
64,1525
60,1363
58,1235
58,1316
60,1339
60,1415
62,1429
58,1374
55,1294
58,1311
62,1508
60,1469
60,1354
57,1326
58,1333
63,1421
59,1333
57,1359
63,1481
60,1371
60,1460
59,1329
59,1364
55,1276
-,-,-,-
68,1574
68,1544
69,1653
73,1735
67,1549
73,1735
70,1657
63,1426
71,1671
70,1605
66,1498
69,1601
72,1721
66,1487
70,1676
68,1553
69,1587
71,1703
68,1551
70,1622
65,1455
67,1573
62,1395
72,1685
70,1620
63,1405
63,1437
64,1487
72,1702
71,1679
68,1565
70,1654
71,1673
65,1532
70,1646
72,1706
67,1605
71,1659
71,1690
72,1700
66,1597
69,1703
65,1395
66,1478
71,1596
67,1488
69,1556
71,1596
69,1545
64,1411
66,1490
71,1596
71,1647
68,1560
62,1378
69,1563
57,1219
68,1558
63,1454
63,1537
71,1674
68,1594
71,1674
66,1525
65,1516
66,1573
57,1300
60,1297
54,1278
59,1305
60,1332
62,1385
58,1305
61,1505
58,1261
61,1430
61,1408
61,1512
62,1357
60,1376
61,1302
58,1338
58,1280
59,1359
62,1435
58,1264
56,1355
58,1288
62,1465
61,1475
-,-,-,-
68,1570
73,1735
67,1491
72,1719
73,1735
69,1629
71,1685
69,1592
70,1694
67,1487
73,1735
70,1624
63,1386
68,1517
65,1483
73,1735
66,1519
71,1701
72,1685
69,1599
66,1487
62,1405
61,1389
67,1525
66,1551
66,1542
65,1524
73,1733
69,1623
65,1481
72,1704
69,1660
61,1411
69,1616
70,1653
65,1529
72,1700
72,1700
64,1469
72,1704
71,1661
69,1613
65,1462
71,1596
66,1466
70,1571
65,1416
71,1596
71,1596
69,1553
62,1336
67,1480
66,1529
70,1641
61,1326
65,1460
63,1372
61,1411
71,1647
67,1642
65,1519
65,1504
65,1512
66,1512
71,1676
61,1350
60,1418
57,1290
60,1354
62,1397
61,1367
60,1374
56,1295
62,1460
56,1193
60,1361
58,1232
64,1483
62,1378
62,1403
63,1384
60,1447
58,1365
57,1330
57,1330
58,1297
52,1094
60,1280
61,1407
63,1457
-,-,-,-
69,1607
68,1565
62,1451
71,1689
64,1512
68,1595
64,1429
71,1659
72,1717
61,1390
71,1687
70,1636
65,1480
68,1576
72,1713
70,1620
69,1621
73,1745
72,1715
64,1429
68,1552
70,1670
72,1765
69,1576
66,1523
71,1711
71,1692
72,1704
66,1531
65,1541
68,1557
72,1702
72,1700
69,1588
69,1643
68,1618
61,1353
68,1618
69,1613
72,1712
71,1670
72,1700
67,1499
68,1510
65,1470
70,1571
69,1529
67,1519
65,1404
70,1578
71,1639
65,1434
69,1561
71,1647
67,1516
69,1569
64,1455
68,1568
71,1647
71,1672
69,1630
68,1601
66,1589
64,1495
70,1624
64,1462
63,1534
56,1203
60,1422
63,1417
57,1318
60,1371
60,1324
61,1497
63,1415
57,1312
63,1486
56,1310
59,1280
61,1417
61,1428
60,1408
57,1327
60,1375
61,1450
57,1289
61,1488
62,1497
59,1357
53,1196
-,-,-,-
72,1753
66,1498
70,1672
66,1534
67,1520
72,1743
67,1526
72,1717
67,1515
73,1739
70,1654
66,1568
68,1615
60,1303
66,1491
70,1602
70,1658
73,1733
71,1693
62,1400
73,1739
73,1739
73,1733
67,1540
69,1627
66,1503
71,1711
73,1737
62,1418
71,1681
72,1700
72,1700
72,1700
72,1698
71,1665
70,1652
69,1613
63,1413
71,1672
63,1468
72,1714
69,1664
70,1621
69,1562
69,1559
59,1240
63,1382
68,1544
63,1403
66,1445
67,1488
64,1424
68,1556
69,1581
63,1391
65,1505
68,1527
63,1400
71,1647
64,1501
71,1672
64,1539
69,1641
69,1641
71,1672
60,1360
63,1436
55,1155
55,1226
56,1304
65,1549
63,1445
62,1342
62,1453
61,1311
59,1312
64,1469
62,1466
61,1316
56,1282
57,1332
60,1304
62,1438
62,1408
55,1207
57,1242
60,1384
60,1370
55,1219
58,1378
-,-,-,-
61,1371
66,1522
68,1587
73,1733
73,1733
66,1488
73,1765
71,1657
63,1382
66,1550
69,1625
72,1717
66,1526
73,1733
61,1381
70,1652
73,1735
68,1560
71,1698
68,1615
70,1644
73,1733
67,1560
64,1421
71,1679
67,1516
72,1697
73,1735
70,1673
65,1551
72,1698
68,1550
68,1602
57,1262
72,1710
72,1698
72,1700
72,1698
70,1642
69,1595
71,1657
70,1645
71,1613
70,1586
67,1485
65,1429
67,1492
64,1395
60,1279
71,1614
69,1565
71,1612
69,1599
69,1583
65,1472
67,1535
66,1486
65,1527
71,1645
70,1705
62,1411
67,1548
71,1662
71,1672
71,1672
60,1347
67,1591
61,1318
58,1345
58,1229
62,1424
58,1321
61,1392
61,1459
64,1436
60,1299
59,1386
61,1411
60,1280
65,1497
60,1376
61,1432
58,1393
58,1344
61,1412
62,1424
56,1322
59,1306
61,1456
58,1288
-,-,-,-
70,1617
69,1572
73,1739
65,1507
69,1666
69,1617
69,1618
70,1626
72,1698
68,1534
68,1602
73,1733
72,1712
73,1743
68,1602
68,1613
69,1633
70,1704
70,1615
69,1623
73,1729
72,1698
67,1556
65,1494
73,1733
73,1733
61,1348
66,1513
71,1683
67,1541
71,1682
72,1698
71,1663
63,1452
72,1698
72,1704
67,1617
66,1515
65,1532
66,1521
72,1698
71,1733
68,1538
65,1442
69,1559
64,1365
69,1530
68,1512
66,1476
66,1451
67,1507
67,1496
69,1561
62,1364
60,1326
63,1382
64,1471
66,1482
67,1511
64,1487
70,1644
62,1497
62,1452
69,1632
63,1478
57,1386
66,1592
63,1476
62,1450
55,1249
60,1339
59,1373
61,1350
61,1389
56,1219
55,1226
62,1400
62,1398
61,1401
60,1295
55,1150
61,1414
57,1314
57,1283
58,1338
58,1332
57,1294
53,1187
59,1315
57,1258
-,-,-,-
73,1729
68,1551
73,1729
65,1503
66,1531
72,1692
67,1515
66,1552
72,1703
66,1515
65,1483
71,1641
69,1625
66,1487
67,1557
66,1533
68,1549
65,1510
66,1499
64,1456
71,1683
70,1611
67,1543
65,1468
72,1718
71,1688
69,1577
66,1503
72,1698
72,1698
66,1542
72,1698
71,1674
69,1626
72,1698
65,1470
72,1698
68,1660
69,1615
72,1712
66,1566
72,1704
65,1434
71,1596
65,1418
66,1455
66,1450
62,1330
67,1472
70,1584
63,1409
68,1505
64,1463
71,1647
71,1645
63,1458
69,1575
59,1223
63,1411
69,1634
71,1662
71,1662
70,1646
65,1526
71,1662
62,1384
65,1583
64,1409
57,1298
58,1419
63,1434
62,1444
58,1219
59,1354
58,1372
61,1420
61,1366
62,1447
64,1482
62,1392
64,1448
63,1404
55,1172
62,1400
60,1343
59,1324
60,1433
55,1243
59,1283
61,1472
-,-,-,-
65,1524
68,1553
72,1697
70,1634
64,1432
68,1555
72,1699
68,1533
66,1481
70,1588
73,1729
67,1493
65,1552
61,1352
60,1243
69,1589
73,1733
73,1729
68,1576
69,1680
68,1575
71,1659
67,1567
67,1552
67,1498
73,1729
69,1677
64,1460
71,1659
72,1750
71,1661
68,1588
70,1625
65,1556
72,1718
71,1665
64,1513
60,1319
71,1681
68,1603
72,1698
69,1596
70,1584
68,1491
64,1391
63,1361
61,1321
71,1596
70,1558
69,1559
70,1578
64,1381
64,1417
63,1414
69,1580
67,1551
71,1645
62,1426
66,1486
68,1617
65,1651
67,1538
60,1367
64,1563
71,1662
62,1393
62,1479
59,1428
61,1393
62,1488
64,1382
64,1474
59,1384
62,1490
62,1398
61,1492
64,1506
55,1230
58,1340
57,1276
58,1289
60,1353
59,1315
65,1546
62,1422
59,1340
59,1326
57,1246
59,1313
57,1283
-,-,-,-
68,1549
61,1345
71,1694
66,1486
65,1501
73,1740
67,1542
72,1703
68,1566
64,1423
67,1498
73,1729
70,1636
66,1526
73,1729
68,1555
71,1676
66,1568
73,1729
73,1729
72,1690
73,1729
70,1670
67,1545
73,1733
70,1600
70,1612
73,1729
68,1572
72,1696
72,1698
72,1698
69,1576
66,1551
70,1625
71,1669
69,1619
69,1594
67,1591
69,1671
65,1482
68,1575
71,1600
64,1411
69,1576
71,1596
64,1376
70,1584
64,1411
65,1433
65,1400
71,1600
62,1397
64,1396
67,1508
68,1543
69,1591
67,1545
58,1286
63,1485
68,1609
64,1507
68,1627
69,1625
68,1609
60,1341
67,1637
60,1288
59,1451
60,1329
60,1355
62,1422
64,1526
59,1421
63,1453
60,1320
63,1463
60,1347
57,1287
64,1563
61,1358
60,1389
63,1456
57,1312
61,1425
57,1278
57,1216
60,1371
58,1273
57,1394
-,-,-,-
66,1452
72,1691
70,1641
71,1668
70,1637
69,1581
68,1567
65,1497
67,1557
70,1692
70,1662
69,1573
65,1520
73,1743
64,1495
60,1364
65,1476
68,1547
69,1596
73,1733
66,1527
72,1700
73,1729
62,1416
73,1729
66,1532
62,1477
71,1680
70,1655
67,1529
66,1514
69,1633
68,1638
69,1613
70,1645
68,1582
66,1481
64,1478
71,1667
72,1696
68,1621
72,1696
68,1530
65,1443
70,1572
64,1409
61,1343
63,1364
71,1596
68,1535
59,1278
71,1596
63,1397
70,1605
66,1509
68,1524
66,1505
68,1556
66,1530
66,1591
69,1596
68,1637
70,1644
64,1459
66,1532
64,1474
59,1375
60,1338
66,1496
58,1274
61,1351
57,1292
64,1479
60,1454
62,1388
61,1476
62,1395
58,1355
58,1336
61,1487
56,1126
64,1438
64,1503
55,1213
62,1491
64,1494
58,1275
58,1285
59,1285
59,1384
-,-,-,-
61,1346
72,1718
65,1490
68,1620
69,1620
68,1549
73,1729
73,1733
69,1613
69,1637
67,1519
73,1729
68,1550
72,1711
63,1430
69,1572
70,1638
73,1729
69,1633
70,1621
66,1497
66,1551
65,1499
66,1550
72,1702
70,1647
67,1456
73,1739
68,1573
63,1494
72,1700
67,1584
63,1526
71,1651
72,1696
72,1696
69,1636
64,1484
69,1671
67,1573
69,1621
67,1631
71,1600
70,1582
71,1604
57,1193
65,1454
64,1390
65,1420
70,1594
65,1425
61,1279
66,1497
71,1645
66,1517
65,1434
63,1382
60,1324
67,1547
61,1419
63,1463
60,1493
69,1604
64,1487
67,1555
60,1491
65,1598
60,1308
59,1361
62,1468
66,1483
64,1478
63,1488
63,1497
57,1276
63,1453
63,1363
57,1318
59,1414
62,1495
59,1297
64,1462
62,1386
58,1273
61,1372
60,1347
63,1481
63,1479
60,1394
60,1400
-,-,-,-
64,1468
71,1679
67,1521
65,1435
73,1729
66,1505
73,1729
65,1492
66,1525
64,1499
67,1553
65,1481
62,1436
64,1472
72,1724
67,1545
69,1607
70,1630
68,1531
64,1473
66,1530
65,1483
73,1729
73,1731
66,1503
71,1683
61,1369
72,1698
71,1681
66,1619
72,1696
67,1595
67,1562
67,1611
69,1600
67,1549
70,1664
71,1714
67,1566
69,1621
67,1565
65,1532
66,1490
71,1596
68,1499
70,1587
71,1596
66,1445
67,1472
68,1520
67,1472
64,1386
70,1614
69,1601
69,1563
63,1434
63,1410
67,1608
62,1348
65,1547
68,1623
71,1662
62,1416
67,1565
71,1664
67,1572
60,1342
62,1396
66,1550
61,1381
59,1373
67,1609
59,1319
64,1465
60,1303
62,1425
58,1341
64,1438
61,1444
58,1368
61,1368
60,1353
64,1419
61,1336
59,1361
61,1421
60,1358
60,1328
62,1476
60,1419
-,-,-,-
68,1644
66,1485
68,1594
67,1525
65,1480
69,1577
68,1582
70,1618
68,1546
73,1739
69,1593
73,1729
62,1433
73,1731
65,1484
73,1731
73,1729
71,1681
66,1508
72,1700
70,1618
71,1668
64,1473
66,1561
71,1694
72,1694
65,1513
65,1499
67,1513
69,1585
69,1588
72,1696
72,1700
70,1629
70,1645
72,1696
65,1483
64,1444
72,1706
72,1696
70,1609
66,1506
66,1441
71,1606
65,1415
69,1553
71,1606
68,1545
71,1583
71,1596
66,1490
66,1480
69,1624
68,1551
61,1383
65,1496
64,1435
61,1397
64,1466
59,1368
71,1672
66,1551
71,1664
68,1584
65,1550
64,1476
60,1450
61,1358
59,1379
59,1276
64,1534
59,1333
66,1535
56,1300
62,1376
61,1392
60,1344
64,1543
63,1529
64,1533
64,1435
60,1344
63,1486
61,1347
61,1388
64,1487
57,1327
58,1285
58,1358
60,1362
-,-,-,-
70,1645
73,1729
73,1729
73,1733
66,1461
69,1585
71,1682
64,1473
72,1690
69,1698
62,1479
70,1612
70,1649
72,1733
66,1537
70,1603
70,1638
73,1729
71,1655
64,1455
64,1499
69,1585
71,1683
71,1671
73,1731
68,1563
69,1599
71,1651
69,1611
72,1700
58,1291
72,1702
69,1643
72,1696
65,1531
65,1466
69,1600
68,1599
72,1696
71,1743
72,1708
69,1582
61,1298
67,1483
71,1616
70,1577
64,1374
69,1542
69,1556
71,1589
67,1464
69,1521
70,1603
65,1419
65,1469
65,1523
62,1357
65,1474
63,1399
62,1473
63,1436
66,1591
66,1537
66,1506
69,1640
64,1445
66,1560
62,1368
57,1284
62,1459
55,1228
62,1363
63,1499
61,1483
59,1254
57,1324
64,1505
63,1428
60,1352
61,1439
58,1295
61,1329
62,1451
60,1374
59,1350
58,1269
57,1366
60,1442
63,1430
55,1221
-,-,-,-
73,1733
68,1599
69,1645
65,1487
65,1495
65,1438
68,1533
71,1685
72,1722
70,1622
66,1531
62,1408
72,1715
61,1371
73,1729
72,1710
72,1692
72,1660
70,1630
73,1729
73,1729
68,1557
68,1518
62,1368
70,1647
69,1607
65,1533
64,1462
72,1696
72,1694
60,1383
63,1450
70,1674
72,1702
69,1588
72,1718
72,1698
71,1655
70,1672
69,1586
67,1527
68,1582
70,1569
69,1522
68,1540
71,1583
70,1569
71,1595
64,1419
63,1368
63,1376
63,1397
69,1556
71,1645
69,1568
67,1540
69,1553
71,1645
70,1601
64,1510
67,1586
64,1533
71,1662
71,1662
69,1614
63,1466
64,1505
59,1251
55,1255
63,1586
59,1438
55,1240
60,1408
62,1509
58,1239
60,1328
63,1419
58,1308
59,1340
61,1441
60,1343
62,1373
61,1329
54,1142
62,1420
62,1411
61,1429
56,1245
62,1434
61,1512
-,-,-,-
71,1677
70,1639
71,1652
73,1729
66,1510
67,1504
67,1596
67,1532
68,1604
65,1510
65,1435
71,1649
73,1784
65,1549
66,1553
67,1498
73,1731
67,1567
73,1729
73,1729
73,1731
68,1578
70,1655
67,1541
68,1625
70,1626
66,1529
65,1474
72,1694
68,1614
69,1612
70,1663
72,1694
70,1666
72,1694
72,1694
67,1604
69,1703
70,1662
71,1702
70,1651
69,1603
65,1433
70,1597
69,1560
69,1540
71,1583
68,1533
64,1432
69,1548
71,1583
68,1618
63,1444
69,1574
65,1481
61,1430
66,1531
69,1549
68,1577
67,1589
70,1634
68,1569
66,1506
65,1555
70,1646
61,1371
59,1335
61,1298
61,1381
57,1349
66,1580
58,1255
57,1245
60,1433
59,1270
56,1278
62,1425
62,1425
58,1325
61,1420
61,1360
63,1438
60,1335
61,1350
57,1344
61,1365
57,1349
54,1237
61,1302
60,1421
-,-,-,-
65,1531
72,1692
73,1733
73,1739
68,1549
66,1501
70,1620
67,1560
72,1713
72,1731
67,1513
72,1725
72,1699
72,1709
66,1501
65,1461
73,1733
71,1721
73,1729
62,1415
68,1560
65,1477
72,1689
66,1516
62,1444
73,1733
72,1693
65,1535
68,1668
71,1637
70,1637
72,1694
72,1698
67,1586
71,1659
65,1561
63,1444
66,1539
72,1694
66,1527
72,1714
70,1647
69,1541
65,1478
64,1420
71,1583
71,1583
71,1583
69,1505
65,1405
70,1551
71,1600
70,1639
58,1306
71,1645
61,1404
66,1513
70,1634
61,1316
71,1662
67,1551
70,1652
68,1615
68,1583
71,1662
63,1482
61,1454
55,1152
62,1414
58,1310
57,1284
55,1231
62,1455
60,1406
61,1442
58,1255
63,1456
59,1383
61,1462
58,1322
61,1366
61,1348
57,1288
63,1448
60,1325
58,1335
56,1287
58,1364
55,1246
54,1183
-,-,-,-
61,1442
67,1528
65,1523
68,1627
67,1523
65,1475
65,1454
73,1741
73,1729
73,1740
63,1430
64,1466
70,1639
69,1656
73,1729
73,1731
64,1462
73,1729
66,1533
67,1524
71,1666
73,1731
62,1382
67,1557
71,1683
73,1729
64,1423
65,1511
65,1508
72,1694
71,1699
65,1548
70,1712
64,1516
64,1447
67,1552
71,1699
70,1645
67,1610
69,1647
69,1612
72,1694
63,1391
66,1490
64,1398
69,1557
70,1612
69,1527
71,1583
62,1322
68,1498
69,1556
66,1462
62,1435
66,1506
69,1576
66,1481
67,1548
61,1358
69,1650
64,1459
63,1476
61,1411
66,1607
71,1662
62,1438
61,1368
59,1338
61,1393
61,1452
59,1383
58,1219
63,1495
58,1396
61,1375
56,1208
55,1245
57,1283
61,1471
65,1602
63,1385
65,1448
64,1486
65,1521
60,1443
66,1541
62,1450
61,1428
59,1358
56,1238
-,-,-,-
66,1550
62,1379
71,1677
62,1367
72,1718
72,1733
68,1605
71,1683
67,1524
68,1582
64,1462
68,1588
71,1665
73,1731
66,1501
73,1729
73,1733
72,1705
68,1537
67,1542
70,1622
68,1640
71,1700
69,1598
73,1729
72,1695
65,1512
71,1680
62,1416
70,1647
68,1556
72,1696
63,1467
64,1430
68,1591
61,1342
70,1655
64,1447
71,1665
70,1668
64,1522
72,1704
66,1434
62,1345
68,1556
63,1356
71,1583
71,1583
66,1482
65,1426
68,1533
69,1569
61,1388
63,1402
64,1482
66,1484
69,1565
69,1559
67,1535
67,1559
65,1557
70,1648
69,1656
65,1555
63,1506
68,1568
58,1340
57,1295
63,1460
61,1378
59,1293
66,1442
55,1201
59,1319
59,1305
63,1436
54,1197
60,1369
64,1445
62,1403
59,1329
59,1417
59,1317
64,1389
60,1399
58,1295
56,1210
60,1387
61,1402
58,1303
-,-,-,-
69,1623
65,1498
69,1680
67,1497
63,1483
66,1445
72,1745
66,1497
73,1729
72,1705
68,1523
73,1729
71,1677
73,1729
68,1554
63,1457
73,1729
66,1489
71,1689
64,1498
69,1639
68,1536
62,1364
68,1564
68,1620
71,1685
70,1586
72,1702
68,1564
72,1710
67,1523
69,1658
72,1706
69,1603
68,1591
68,1591
62,1452
71,1667
71,1681
67,1567
65,1447
69,1613
69,1560
70,1575
67,1537
68,1486
65,1437
69,1556
66,1450
69,1555
65,1417
71,1583
66,1449
64,1417
71,1645
65,1478
67,1548
61,1320
71,1645
67,1568
66,1550
68,1665
62,1437
63,1504
64,1465
59,1371
63,1471
61,1399
62,1408
60,1439
58,1259
62,1415
60,1277
62,1414
63,1524
60,1282
63,1441
56,1285
61,1402
62,1434
60,1302
61,1428
61,1422
58,1295
59,1339
58,1337
58,1373
64,1494
55,1191
61,1387
-,-,-,-
70,1658
66,1552
71,1676
68,1587
71,1689
68,1581
73,1729
72,1703
64,1415
66,1614
73,1733
64,1457
70,1598
71,1664
71,1630
65,1522
62,1420
70,1622
70,1628
64,1441
63,1425
64,1391
68,1548
70,1648
65,1530
67,1567
65,1502
69,1613
72,1702
72,1692
72,1694
71,1669
72,1735
68,1629
63,1438
70,1673
67,1593
72,1720
67,1547
60,1365
71,1681
72,1698
71,1612
66,1453
67,1528
71,1583
64,1363
71,1635
66,1444
71,1593
65,1385
67,1467
71,1645
66,1484
71,1647
67,1524
71,1641
69,1563
62,1340
63,1482
67,1566
63,1455
64,1478
66,1591
66,1583
65,1496
61,1456
61,1428
63,1486
63,1471
60,1392
63,1443
66,1514
55,1227
60,1442
62,1351
61,1462
62,1414
62,1408
62,1502
60,1403
60,1414
59,1378
55,1220
56,1246
62,1531
61,1455
56,1313
57,1334
57,1386
-,-,-,-
65,1490
71,1685
73,1731
72,1704
72,1698
67,1564
73,1731
64,1454
72,1725
69,1590
71,1683
73,1729
70,1622
69,1584
71,1662
64,1429
72,1687
69,1596
66,1499
73,1735
70,1637
69,1577
66,1511
68,1595
68,1580
63,1457
68,1533
66,1541
69,1646
69,1645
71,1670
69,1582
71,1677
69,1604
72,1704
70,1643
70,1651
71,1659
70,1639
72,1742
71,1673
66,1606
64,1385
70,1581
71,1597
64,1363
63,1349
68,1539
71,1587
68,1512
66,1448
68,1497
70,1623
69,1569
71,1641
68,1540
67,1500
69,1561
65,1431
71,1662
63,1471
66,1524
65,1527
69,1652
63,1519
64,1456
63,1561
59,1323
65,1500
62,1512
63,1430
58,1259
65,1535
63,1488
58,1387
56,1188
56,1164
60,1345
58,1387
58,1317
61,1378
57,1281
60,1434
61,1347
57,1220
61,1377
60,1368
57,1227
56,1245
65,1499
-,-,-,-
71,1653
65,1487
73,1729
62,1425
66,1505
69,1614
73,1729
72,1698
68,1557
71,1699
73,1729
73,1729
71,1665
64,1493
60,1364
73,1729
63,1430
66,1552
68,1543
72,1708
73,1741
66,1497
71,1630
69,1600
62,1381
65,1491
64,1453
70,1616
65,1486
68,1588
67,1564
66,1591
72,1692
66,1529
65,1500
70,1654
67,1600
65,1510
72,1692
69,1660
72,1718
63,1451
69,1542
71,1583
67,1464
62,1367
67,1454
67,1505
59,1242
67,1490
67,1464
71,1587
64,1457
63,1425
64,1465
63,1401
64,1451
70,1643
68,1515
68,1586
68,1586
63,1457
71,1662
64,1482
70,1648
67,1574
61,1407
68,1603
63,1469
61,1440
60,1349
61,1370
60,1330
58,1309
60,1439
60,1370
64,1538
56,1265
58,1268
53,1173
59,1246
61,1392
59,1368
62,1457
57,1229
63,1445
58,1310
57,1226
63,1493
61,1384
-,-,-,-
67,1547
64,1436
69,1590
72,1708
62,1440
63,1437
64,1399
73,1739
61,1324
73,1731
69,1587
73,1757
73,1737
74,1789
73,1729
69,1591
61,1361
65,1554
73,1729
63,1423
68,1599
69,1587
69,1577
65,1467
66,1512
70,1612
70,1604
66,1530
69,1612
64,1497
67,1547
67,1614
68,1578
70,1637
72,1692
61,1411
68,1553
65,1500
72,1692
71,1694
70,1633
72,1706
63,1336
59,1220
62,1317
64,1369
65,1424
67,1517
65,1408
64,1425
66,1417
70,1553
68,1572
63,1398
69,1585
71,1651
68,1561
71,1643
66,1491
64,1518
60,1427
63,1478
71,1662
63,1521
68,1611
61,1447
63,1359
61,1432
65,1513
64,1459
58,1269
58,1246
59,1392
56,1275
62,1465
61,1281
62,1350
59,1354
54,1227
56,1290
61,1425
64,1477
57,1318
57,1280
58,1249
58,1293
56,1275
57,1254
60,1405
59,1347
-,-,-,-
68,1585
68,1591
71,1701
69,1589
64,1430
71,1649
65,1544
73,1756
67,1595
72,1722
74,1803
65,1562
72,1745
67,1594
64,1449
74,1789
72,1732
67,1590
71,1707
64,1490
67,1631
72,1735
74,1789
73,1764
73,1775
68,1575
64,1460
64,1499
71,1665
65,1532
72,1708
70,1625
72,1692
68,1668
72,1692
65,1454
72,1706
67,1565
72,1692
70,1702
64,1483
70,1615
65,1451
70,1545
62,1305
71,1583
64,1399
70,1584
70,1598
66,1450
69,1522
70,1570
70,1639
61,1358
62,1420
66,1516
67,1526
63,1418
71,1641
66,1540
67,1587
71,1662
71,1662
65,1537
65,1548
63,1394
57,1242
61,1342
63,1455
63,1514
61,1401
59,1239
61,1370
61,1384
60,1404
65,1455
61,1369
60,1382
61,1391
56,1256
57,1261
62,1394
61,1433
58,1371
60,1323
63,1434
60,1356
60,1313
60,1367
61,1312
-,-,-,-
74,1789
74,1789
66,1494
74,1793
74,1793
65,1421
68,1599
73,1756
64,1487
62,1349
70,1649
66,1527
63,1425
69,1622
65,1479
68,1613
71,1681
61,1333
68,1579
74,1803
73,1766
68,1640
74,1775
69,1612
72,1722
71,1671
71,1655
73,1758
64,1398
67,1534
72,1706
71,1674
71,1712
67,1604
69,1604
72,1692
70,1615
72,1708
63,1464
72,1698
68,1568
72,1692
67,1456
71,1583
65,1385
65,1414
64,1430
70,1555
66,1419
62,1366
68,1499
70,1586
68,1544
70,1599
65,1468
71,1641
69,1614
63,1395
62,1348
64,1502
64,1466
66,1584
71,1662
71,1662
65,1548
57,1249
62,1417
58,1333
61,1393
61,1429
56,1221
60,1343
64,1462
59,1373
63,1608
58,1256
60,1319
56,1234
60,1325
61,1370
59,1291
55,1172
65,1531
57,1342
62,1391
61,1362
57,1287
57,1266
59,1296
56,1263
-,-,-,-
72,1685
65,1479
64,1461
67,1591
70,1626
70,1685
74,1775
72,1703
67,1491
64,1477
73,1766
66,1555
63,1383
72,1726
72,1687
70,1681
65,1507
67,1540
67,1521
73,1770
62,1450
66,1431
74,1775
66,1488
59,1292
73,1738
70,1631
72,1711
68,1584
68,1630
64,1467
68,1607
67,1530
71,1675
66,1539
69,1628
70,1642
72,1694
65,1472
72,1694
62,1442
68,1572
67,1478
65,1457
68,1514
66,1407
64,1396
64,1379
67,1504
71,1600
63,1371
71,1591
66,1484
64,1423
65,1462
70,1597
71,1641
60,1317
69,1569
63,1500
65,1520
65,1541
64,1550
67,1601
63,1508
65,1491
60,1335
61,1437
58,1247
60,1333
58,1392
59,1339
59,1381
61,1362
58,1393
65,1475
60,1377
60,1323
62,1437
60,1376
62,1390
59,1284
63,1428
63,1482
61,1360
60,1360
60,1389
62,1382
59,1317
58,1350
-,-,-,-
72,1698
64,1441
68,1562
67,1501
64,1489
71,1668
70,1638
66,1547
73,1732
74,1799
74,1775
69,1593
68,1631
64,1442
62,1458
63,1410
69,1558
70,1591
74,1775
64,1459
65,1523
66,1555
62,1376
72,1699
64,1445
68,1514
62,1404
74,1781
70,1676
65,1476
72,1734
66,1540
66,1518
66,1580
70,1642
71,1661
70,1639
72,1692
66,1561
72,1738
72,1692
62,1425
71,1579
62,1349
64,1414
69,1509
72,1652
71,1583
71,1583
69,1517
71,1583
71,1626
63,1371
67,1527
67,1569
63,1447
71,1641
71,1651
60,1380
66,1556
66,1569
64,1477
71,1662
67,1593
71,1662
66,1510
60,1261
64,1538
57,1297
60,1336
57,1257
62,1384
57,1287
56,1238
58,1363
62,1437
61,1448
56,1272
58,1265
59,1345
61,1334
62,1439
55,1233
61,1443
56,1251
64,1468
53,1271
58,1250
59,1363
59,1277
-,-,-,-
74,1789
74,1775
69,1648
69,1594
64,1446
70,1639
71,1702
74,1775
68,1592
68,1594
64,1403
69,1602
69,1599
69,1652
70,1649
61,1328
74,1793
72,1726
65,1512
70,1584
74,1775
65,1555
64,1420
74,1775
61,1347
60,1309
66,1469
74,1779
67,1515
69,1570
72,1644
72,1652
64,1457
71,1608
72,1654
72,1664
72,1652
72,1652
72,1652
68,1534
72,1671
65,1468
72,1692
71,1694
67,1573
69,1593
67,1531
70,1667
67,1606
71,1671
72,1696
72,1692
63,1444
66,1494
68,1537
66,1549
64,1473
67,1520
61,1352
71,1662
67,1593
64,1531
67,1616
68,1663
66,1566
55,1249
56,1196
60,1337
57,1353
62,1413
59,1315
63,1401
60,1336
62,1416
61,1508
61,1391
55,1308
59,1419
60,1366
56,1240
61,1325
58,1342
56,1207
58,1365
59,1321
58,1255
60,1347
61,1413
57,1377
61,1335
-,-,-,-
74,1775
67,1522
74,1775
63,1449
61,1330
72,1753
64,1467
67,1529
67,1538
59,1318
70,1657
72,1707
66,1579
60,1324
74,1775
66,1462
70,1636
61,1416
68,1527
60,1355
74,1779
74,1779
72,1717
61,1409
64,1442
60,1334
70,1657
66,1554
65,1425
69,1576
69,1559
64,1481
71,1640
70,1569
72,1644
70,1606
67,1525
68,1529
67,1556
61,1308
66,1465
63,1368
62,1405
69,1603
72,1694
72,1692
71,1732
72,1694
72,1694
69,1651
68,1608
70,1632
70,1599
68,1561
71,1641
67,1500
68,1537
69,1584
64,1458
66,1587
64,1456
70,1650
67,1611
64,1490
67,1535
61,1343
58,1247
63,1435
61,1399
59,1377
60,1384
62,1431
63,1406
59,1332
60,1427
65,1477
61,1441
64,1506
62,1475
59,1377
56,1295
61,1338
59,1404
61,1405
58,1308
59,1272
56,1264
65,1507
60,1365
62,1422
-,-,-,-
65,1490
70,1613
74,1775
66,1546
67,1577
62,1458
64,1363
65,1534
65,1489
64,1455
62,1392
70,1636
71,1662
72,1729
68,1514
68,1551
74,1789
65,1449
71,1663
67,1578
62,1415
73,1742
62,1434
73,1747
71,1672
74,1773
69,1566
63,1439
70,1589
70,1557
67,1455
69,1542
69,1576
62,1363
72,1644
69,1571
72,1640
72,1652
70,1562
72,1644
65,1456
64,1411
69,1637
69,1581
71,1689
71,1651
70,1649
72,1692
67,1584
69,1600
68,1557
65,1492
71,1641
71,1643
70,1599
68,1523
65,1482
66,1480
70,1630
71,1662
68,1595
64,1538
66,1546
71,1664
69,1634
64,1461
58,1295
59,1425
61,1484
65,1528
57,1340
65,1414
59,1320
59,1266
60,1528
59,1287
62,1412
62,1410
57,1265
58,1328
62,1412
57,1290
61,1410
62,1426
62,1394
62,1485
57,1294
61,1396
64,1546
58,1308
-,-,-,-
69,1609
71,1648
62,1450
66,1579
72,1711
66,1536
70,1626
74,1741
73,1748
66,1577
67,1489
62,1439
74,1775
73,1712
60,1283
66,1476
66,1544
68,1590
67,1516
65,1507
64,1466
66,1543
66,1462
74,1773
70,1626
67,1515
70,1627
71,1648
62,1325
68,1480
71,1625
69,1599
70,1596
72,1640
71,1653
73,1685
65,1420
73,1695
67,1525
65,1451
69,1608
70,1591
62,1455
71,1675
72,1696
70,1639
66,1536
70,1635
68,1603
72,1706
71,1671
67,1541
71,1641
63,1358
71,1641
67,1495
69,1552
71,1641
63,1444
67,1623
64,1533
66,1522
68,1623
70,1626
66,1607
60,1370
57,1243
64,1520
64,1481
55,1263
62,1370
60,1273
57,1180
58,1293
58,1409
56,1230
59,1334
64,1477
58,1350
59,1344
60,1430
59,1381
60,1430
60,1457
60,1425
61,1378
60,1357
55,1224
59,1361
61,1402
-,-,-,-
70,1585
65,1413
68,1608
73,1706
71,1671
68,1593
69,1641
64,1443
67,1491
65,1400
72,1658
71,1614
74,1743
73,1678
72,1706
70,1620
66,1488
65,1472
74,1741
66,1439
69,1581
74,1741
74,1741
64,1430
72,1697
72,1697
72,1690
66,1493
72,1684
72,1639
73,1710
64,1432
66,1479
73,1685
67,1523
66,1467
71,1616
68,1548
67,1492
66,1466
61,1298
64,1411
69,1598
72,1710
68,1547
70,1700
67,1523
70,1628
72,1692
65,1499
72,1742
65,1487
69,1574
67,1532
69,1576
68,1542
67,1500
62,1388
65,1438
61,1469
64,1460
65,1535
68,1586
64,1502
59,1427
64,1451
61,1290
63,1434
57,1289
63,1475
60,1385
60,1332
64,1421
59,1353
56,1315
62,1345
55,1259
55,1214
63,1508
58,1290
62,1430
58,1308
60,1332
60,1391
58,1318
58,1300
64,1456
60,1413
54,1183
60,1351
-,-,-,-