1295,60
1348,63
1385,64
1357,62
1408,64
1383,64
1479,66
1523,68
1392,63
1523,68
1523,68
1481,68
1460,65
1447,64
1401,64
1482,68
1311,62
1371,63
1418,66
1484,68
1222,59
1456,67
1373,63
1441,65
1366,64
1444,65
1528,69
1444,65
1537,69
1524,69
1393,64
1382,63
1495,67
1526,66
1530,68
1450,65
1407,64
1351,65
1410,66
1379,65
1424,65
1333,63
1434,65
1528,69
1552,69
1441,63
1408,64
1441,67
1500,67
1475,65
1432,63
1429,64
1407,63
1505,69
1572,71
1482,67
1493,69
1486,67
1545,68
1527,68
1425,66
1177,57
1354,64
1563,71
1471,68
1500,68
1492,68
1525,69
1579,71
1408,64
1554,70
1459,66
1531,69
1563,71
1554,70
1284,60
1380,63
1468,68
1483,67
1439,66
1587,70
1521,68
1487,69
1524,70
1494,69
1389,62
1559,71
1420,67
1522,69
1529,70
1387,65
1343,63
1565,70
1418,64
1428,62
1500,68
1512,70
1502,69
1428,66
1471,68
1591,71
1576,70
1207,60
1391,66
1373,66
1559,71
1427,67
1543,70
1550,68
1559,71
1551,70
1252,57
1592,70
1339,64
1569,69
1478,66
1496,68
1350,65
1523,69
1493,68
1371,64
1411,64
1432,65
1386,62
1429,66
1496,69
1474,67
1481,68
1561,71
1535,70
1430,66
1374,66
1468,66
1559,71
1559,71
1559,71
1535,70
1441,67
1370,64
1400,65
1533,70
1541,69
1513,67
1382,63
1452,67
1514,68
1509,68
1559,71
1398,63
1402,66
1454,68
1485,66
1492,67
1420,67
1428,66
1433,65
1466,68
1423,65
1551,71
1380,62
1442,67
1551,71
1557,71
1501,67
1477,69
1524,70
1474,68
1487,67
1404,64
1235,60
1499,67
1485,69
1448,65
1276,60
1492,68
1370,65
1459,67
1459,65
1449,67
1399,62
1503,67
1512,70
1493,67
1537,69
1534,69
1506,69
1450,67
1426,66
1587,71
1498,67
1548,70
1407,66
1560,70
1527,70
1577,71
1577,71
1413,64
1573,69
1428,68
1513,70
1521,70
1482,67
1516,68
1551,71
1545,70
1507,69
1551,71
1602,72
1438,64
1495,68
1479,67
1384,65
1505,69
1408,64
1552,70
1429,64
1631,71
1518,70
1430,66
1546,69
1556,70
1435,68
1543,70
1580,71
1632,72
1325,61
1470,66
1535,69
1614,70
1506,68
1525,67
1644,73
1408,66
1585,72
1361,63
1632,72
1449,68
1397,63
1580,70
1644,73
1350,66
1532,70
1513,67
1458,66
1357,62
1406,63
1634,72
1549,71
1586,70
1438,64
1541,70
1573,71
1610,72
1535,70
1547,70
1535,70
1601,72
1615,73
1458,68
1485,69
1547,71
1516,71
1442,65
1512,68
1565,70
1510,67
1581,70
1444,70
1467,67
1499,67
1353,63
1638,73
1332,64
1505,66
1393,65
1472,65
1534,71
1443,64
1347,65
1621,73
1486,66
1377,66
1540,71
1592,72
1584,70
1455,66
1534,68
1596,72
1636,73
1450,67
1623,73
1545,70
1411,66
1450,67
1289,63
1612,73
1616,73
1538,69
1616,73
1486,66
1487,68
1450,66
1562,71
1550,71
1441,65
1443,64
1629,72
1652,72
1451,66
1631,72
1611,72
1594,70
1587,71
1525,70
1469,67
1363,62
1590,71
1438,66
1587,70
1477,65
1544,70
1551,70
1522,70
1528,68
1600,73
1506,70
1459,67
1513,70
1436,67
1329,64
1496,70
1536,70
1534,70
1442,65
1560,72
1694,71
1492,69
1489,69
1478,70
1549,71
1600,73
1461,68
1575,71
1242,62
1600,71
1540,71
1490,68
1375,63
1467,67
1545,70
1644,72
1437,67
1502,67
1560,72
1569,72
1460,70
1448,67
1422,66
1371,66
1444,67
1530,71
1574,72
1492,67
1605,73
1433,67
1486,69
1330,63
1445,68
1498,67
1507,67
1502,70
1469,69
1519,70
1493,68
1476,67
1588,73
1458,68
1604,73
1588,73
1476,67
1591,73
1491,69
1343,64
1523,68
1499,70
1429,65
1511,67
1577,71
1459,68
1415,66
1501,68
1586,73
1510,68
1489,70
1530,71
1569,72
1419,66
1528,70
1466,67
1443,66
1321,64
1465,68
1487,65
1614,68
1439,70
1459,70
1477,68
1467,67
1347,65
1520,71
1465,68
1285,62
1534,71
1344,63
1559,72
1591,72
1533,72
1388,64
1559,71
1512,70
1276,63
1599,72
1487,67
1454,66
1448,65
1495,68
1420,65
1441,67
1530,71
1502,69
1531,69
1437,65
1534,71
1558,72
1536,69
1584,73
1573,72
1491,70
1364,64
1563,72
1512,69
1551,70
1552,72
1557,71
1584,73
1537,71
1416,66
1434,65
1579,72
1511,69
1514,69
1575,72
1501,68
1556,72
1554,72
1426,64
1515,71
1380,63
1554,71
1567,70
1532,70
1631,73
1419,65
1614,73
1622,73
1357,63
1462,67
1431,66
1616,73
1379,64
1442,68
1411,67
1515,68
1649,73
1315,64
1569,72
1584,73
1555,71
1626,73
1241,62
1568,72
1555,72
1532,71
1494,70
1584,73
1548,72
1580,72
1440,68
1385,64
1555,71
1584,73
1610,72
1456,65
1520,71
1451,67
1585,73
1470,69
1404,63
1576,72
1528,71
1521,70
1375,60
1435,67
1555,72
1544,71
1413,66
1586,73
1587,71
1520,69
1462,67
1435,67
1526,69
1496,67
1500,70
1473,68
1408,67
1546,72
1517,71
1416,65
1415,65
1533,71
1582,73
1552,71
1511,70
1512,71
1492,70
1543,72
1354,64
1274,60
1254,62
1573,73
1521,68
1552,72
1362,65
1501,68
1200,60
1534,72
1585,72
1376,64
1483,68
1508,71
1502,69
1594,70
1565,72
1555,72
1613,72
1545,72
1639,73
1515,69
1493,69
1459,66
1291,64
1350,65
1517,70
1410,65
1520,70
1561,73
1533,72
1512,71
1571,72
1496,70
1572,72
1515,70
1246,62
1590,73
1492,70
1436,69
1436,68
1532,66
1576,72
1365,64
1371,66
1502,70
1505,70
1466,67
1538,71
1530,71
1488,69
1360,64
1595,73
1481,69
1336,64
1573,73
1580,72
1509,71
1614,73
1287,62
1354,65
1539,72
1533,72
1348,65
1512,70
1563,73
1563,73
1554,73
1467,69
1407,65
1558,73
1554,73
1309,62
1398,67
1339,64
1512,69
1307,62
1423,68
1419,69
1301,63
1395,66
1524,72
1468,67
1401,66
1456,67
1492,69
1371,64
1501,71
1521,71
1509,71
1357,62
1554,73
1528,72
1449,69
1345,63
1562,71
1531,71
1534,69
1402,67
1539,69
1539,72
1351,63
1504,69
1436,68
1576,73
1464,67
1421,66
1543,71
1485,69
1375,67
1481,68
1536,72
1539,72
1552,73
1475,71
1428,69
1552,73
1337,66
1560,73
1478,70
1418,63
1501,69
1497,70
1397,62
1362,63
1347,65
1333,65
1434,69
1554,73
1526,72
1577,74
1470,70
1554,73
1573,74
1455,69
1521,70
1603,73
1528,72
1504,69
1574,69
1393,66
1390,68
1223,62
1447,69
1460,65
1583,71
1443,70
1545,73
1488,71
1446,70
1586,73
1324,62
1423,64
1519,67
1427,69
1389,66
1596,73
1341,65
1541,73
1586,73
1510,70
1560,71
1633,74
1477,70
1516,72
1546,72
1453,68
1418,66
1493,70
1563,71
1444,69
1510,68
1560,72
1509,72
1602,72
1427,68
1382,65
1458,68
1573,74
1494,71
1440,68
1468,70
1420,68
1573,74
1462,70
1527,72
1541,73
1573,74
1475,65
1376,66
1536,71
1481,69
1506,71
1375,68
1452,66
1475,68
1518,69
1424,66
1464,68
1529,70
1541,73
1430,68
1540,72
1378,66
1454,68
1573,71
1462,70
1381,66
1474,67
1451,69
1548,71
1496,69
1554,73
1231,60
1443,67
1524,72
1387,67
1442,69
1500,71
1541,73
1440,69
1526,72
1383,67
1540,71
1502,69
1448,68
1606,73
1553,73
1537,73
1424,68
1500,71
1517,71
1345,64
1561,73
1375,66
1436,65
1527,70
1567,74
1473,68
1572,71
1366,67
1504,71
1495,70
1563,70
1235,63
1470,70
1512,71
1423,65
1543,73
1479,70
1567,74
1478,71
1480,70
1567,74
1628,73
1522,71
1458,67
1548,72
1488,69
1496,69
1504,70
1467,70
1484,68
1520,69
1495,69
1578,70
1519,71
1482,69
1497,70
1402,67
1571,72
1467,66
1470,70
1397,66
1295,61
1461,67
1442,70
1310,64
1590,71
1530,72
1567,74
1515,70
1542,71
1457,67
1524,69
1484,70
1621,74
1525,70
1533,73
1594,72
1538,70
1439,68
1508,71
1557,73
1271,64
1503,70
1539,71
1262,61
1533,72
1562,73
1342,64
1498,71
1486,69
1316,63
1388,65
1391,69
1547,73
1517,72
1581,71
1329,65
1462,66
1497,71
1443,67
1507,69
1448,69
1432,68
1567,74
1567,74
1489,70
1541,70
1592,73
1560,73
1567,74
1390,68
1526,71
1603,74
1491,70
1303,63
1525,72
1463,70
1561,74
1514,72
1517,73
1509,72
1438,69
1471,65
1466,70
1554,73
1409,65
1464,67
1562,72
1312,63
1581,73
1589,73
1520,70
1424,66
1484,67
1485,72
1558,70
1361,67
1473,69
1436,67
1533,72
1436,69
1440,69
1458,70
1563,74
1351,64
1560,73
1463,69
1395,67
1441,67
1561,74
1501,70
1611,74
1350,65
1459,66
1329,63
1509,71
1388,67
1565,72
1261,62
1424,70
1459,70
1426,66
1496,72
1399,68
1329,64
1400,68
1324,65
1404,64
1471,69
1463,70
1328,63
1540,71
1563,74
1561,74
1503,70
1511,72
1485,70
1476,69
1543,72
1274,61
1441,67
1562,73
1475,70
1382,67
1358,62
1467,68
1527,70
1519,71
1450,66
1464,70
1354,64
1330,61
1560,74
1483,70
1376,67
1354,66
1272,61
1483,71
1548,73
1448,70
1476,71
1339,65
1532,71
1513,72
1413,68
1322,64
1472,69
1490,72
1531,72
1246,63
1321,64
1380,66
1584,73
1435,70
1523,72
1523,72
1407,65
1499,71
1532,73
1562,73
1392,64
1568,74
1555,73
1534,71
1359,67
1368,66
1379,67
1447,68
1535,72
1519,71
1512,73
1509,72
1539,71
1506,71
1407,65
1366,66
1424,68
1482,70
1517,72
1557,70
1526,72
1371,66
1452,69
1477,71
1400,68
1427,66
1390,66
1488,70
1475,70
1308,66
1555,73
1512,72
1486,71
1451,69
1523,69
1516,72
1374,66
1564,74
1484,68
1461,71
1475,69
1303,61
1531,73
1562,74
1454,69
1586,74
1439,68
1531,71
1428,70
1540,72
1458,67
1532,73
1420,68
1502,69
1553,74
1410,66
1491,71
1502,71
1475,68
1545,72
1426,67
1436,68
1446,68
1413,68
1535,73
1402,66
1315,61
1476,71
1379,66
1553,74
1514,72
1553,74
1374,67
1448,68
1534,70
1507,71
1551,73
1364,64
1516,71
1529,73
1553,74
1582,71
1340,64
1391,66
1289,64
1544,70
1521,73
1433,65
1539,73
1531,71
1525,72
1388,64
1513,73
1344,64
1314,64
1555,73
1489,71
1460,70
1376,67
1430,68
1431,66
1380,64
1469,72
1501,72
1552,70
1498,71
1529,71
1406,68
1462,71
1558,72
1242,60
1385,67
1501,72
1593,73
1360,62
1482,70
1408,68
1505,71
1374,65
1428,70
1480,71
1452,69
1409,68
1407,68
1349,64
1437,67
1271,59
1525,72
1345,64
1506,70
1345,65
1538,72
1487,70
1470,70
1551,74
1528,71
1549,74
1354,66
1406,67
1485,71
1502,71
1573,73
1560,74
1385,65
1480,71
1557,74
1570,74
1261,63
1547,74
1492,71
1508,72
1434,69
1462,68
1320,65
1535,72
1424,69
1495,72
1547,74
1401,68
1523,72
1464,70
1519,72
1495,71
1359,64
1547,74
1544,73
1388,67
1473,71
1470,70
1497,73
1547,74
1525,72
1428,70
1267,64
1510,73
1396,66
1349,64
1531,73
1423,67
1492,68
1543,74
1374,64
1444,70
1374,66
1524,73
1454,70
1541,74
1501,72
1472,71
1324,63
1508,72
1498,70
1523,71
1434,67
1541,74
1379,67
1474,71
1321,63
1445,71
1380,66
1566,74
1532,72
1527,73
1555,73
1485,67
1454,68
1423,69
1402,68
1431,69
1543,73
1354,65
1519,72
1503,71
1427,70
1351,64
1415,69
1543,74
1314,61
1515,72
1519,72
1541,74
1541,74
1268,63
1452,70
1544,74
1447,69
1541,74
1389,69
1438,69
1457,71
1452,70
1452,68
1455,70
1351,66
1530,73
1369,67
1527,72
1394,67
1512,70
1397,68
1388,66
1541,74
1386,67
1417,69
1399,68
1408,67
1581,75
1406,68
1534,73
1502,68
1362,65
1449,70
1477,71
1468,67
1451,70
1581,75
1550,73
1531,72
1570,73
1461,70
1499,71
1559,72
1522,73
1581,74
1423,68
1504,72
1535,73
1372,64
1503,72
1328,64
1297,63
1413,66
1538,74
1445,70
1359,69
1502,72
1427,69
1545,74
1406,67
1583,75
1321,68
1545,74
1581,75
1307,66
1413,68
1553,73
1454,67
1409,65
1448,71
1457,70
1566,74
1581,75
1638,76
1541,73
1638,76
1571,74
1547,69
1387,66
1538,73
1456,69
1600,75
1414,66
1565,73
1424,66
1375,64
1641,76
1657,76
1453,69
1571,73
1631,75
1245,63
1546,73
1406,66
1431,68
1482,71
1443,67
1457,67
1636,75
1504,69
1515,72
1600,74
1557,73
1595,74
1444,69
1527,70
1522,72
1482,69
1390,66
1509,71
1350,65
1386,67
1593,73
1409,66
1629,75
1638,76
1503,72
1532,73
1505,71
1610,74
1494,71
1580,72
1539,72
1606,75
1638,76
1621,75
1438,70
1521,72
1567,71
1304,64
1512,67
1465,68
1638,76
1577,74
1588,75
1483,69
1571,73
1382,67
1429,67
1598,74
1435,68
1476,71
1638,76
1402,67
1584,74
1531,73
1587,72
1594,74
1536,72
1586,74
1555,72
1533,72
1575,74
1648,76
1495,68
1577,74
1548,73
1554,74
1577,73
1338,65
1493,69
1640,76
1454,70
1555,72
1648,76
1435,66
1408,68
1545,71
1512,71
1504,71
1436,67
1589,74
1473,68
1497,70
1611,75
1491,72
1450,68
1434,69
1231,64
1494,70
1467,68
1487,70
1638,76
1657,76
1624,75
1414,67
1541,72
1382,67
1354,65
1515,69
1584,72
1508,70
1480,69
1488,69
1533,71
1454,69
1410,64
1563,72
1458,70
1387,68
1519,72
1402,67
1557,73
1186,60
1354,66
1400,67
1638,76
1548,73
1572,74
1474,68
1634,76
1416,66
1634,76
1397,67
1602,73
1495,69
1498,69
1587,74
1472,70
1531,73
1380,64
1624,75
1552,72
1408,63
1593,75
1574,74
1383,65
1543,72
1283,60
1384,64
1518,72
1457,69
1438,68
1278,64
1436,66
1555,73
1428,67
1387,65
1470,69
1345,66
1591,74
1419,65
1576,73
1403,64
1460,70
1588,74
1508,70
1634,76
1562,72
1574,74
1634,76
1569,72
1527,71
1344,67
1634,76
1561,72
1618,74
1579,74
1331,63
1343,65
1525,71
1393,65
1540,72
1603,74
1492,70
1634,76
1455,67
1542,70
1549,72
1598,75
1533,73
1389,63
1416,69
1541,72
1488,70
1516,72
1457,70
1509,72
1436,69
1566,73
1415,69
1523,71
1440,65
1551,72
1455,70
1463,71
1510,71
1638,76
1526,72
1385,67
1353,63
1562,74
1596,75
1529,72
1528,72
1644,76
1580,73
1367,65
1503,69
1271,59
1163,59
1544,73
1531,69
1634,76
1453,69
1593,72
1564,73
1497,70
1431,65
1550,73
1429,68
1397,65
1368,67
1565,73
1663,75
1442,70
1503,69
1429,67
1504,73
1462,68
1565,74
1383,65
1450,68
1549,73
1374,67
1616,74
1597,75
1591,74
1470,70
1299,65
1379,66
1497,71
1636,76
1538,73
1413,68
1463,71
1442,70
1672,77
1415,69
1531,71
1594,75
1323,65
1502,70
1586,75
1561,71
1582,74
1615,74
1658,76
1601,73
1439,69
1525,70
1514,71
1547,71
1479,71
1431,67
1609,75
1419,68
1656,76
1471,70
1453,68
1664,76
1598,75
1586,74
1413,66
1396,66
1454,70
1467,70
1604,75
1555,71
1577,73
1306,64
1671,76
1626,75
1539,73
1447,70
1576,74
1517,71
1594,71
1330,66
1534,72
1423,61
1492,70
1483,69
1643,75
1348,64
1482,70
1447,70
1595,73
1644,76
1605,73
1614,72
1577,74
1591,74
1616,75
1650,76
1413,65
1537,71
1526,72
1511,71
1568,72
1628,74
1676,77
1639,76
1469,69
1626,76
1684,77
1564,72
1590,72
1502,69
1520,69
1611,71
1571,73
1348,65
1625,75
1672,77
1632,76
1525,72
1340,64
1556,74
1589,73
1375,65
1637,75
1483,70
1499,72
1676,77
1555,70
1594,74
1644,75
1485,71
1422,67
1552,72
1501,70
1530,70
1500,69
1642,76
1539,71
1469,67
1456,69
1589,75
1539,72
1512,72
1464,69
1455,65
1578,71
1672,77
1618,73
1669,75
1489,66
1604,72
1531,74
1476,69
1462,68
1514,70
1644,76
1378,67
1477,72
1572,73
1646,76
1519,71
1405,67
1438,66
1339,61
1564,72
1482,72
1375,67
1518,73
1625,75
1528,73
1488,70
1532,69
1614,73
1514,71
1439,68
1457,68
1392,69
1644,76
1345,65
1635,76
1541,73
1526,70
1514,72
1534,70
1578,73
1698,76
1494,71
1329,65
1461,70
1406,69
1394,69
1383,67
1447,66
1388,64
1579,72
1648,76
1495,69
1493,71
1603,75
1634,75
1578,74
1615,75
1498,67
1570,73
1558,73
1471,69
1625,74
1589,74
1405,66
1548,73
1480,70
1574,74
1324,63
1672,77
1672,77
1581,74
1689,76
1487,71
1542,72
1685,75
1668,77
1538,71
1428,68
1481,68
1457,70
1595,74
1409,67
1461,69
1666,77
1420,70
1405,68
1469,67
1562,71
1383,67
1608,75
1537,71
1325,65
1438,67
1420,69
1414,68
1382,66
1572,70
1593,74
1574,68
1646,76
1526,73
1611,75
1514,71
1605,75
1544,70
1511,69
1514,73
1535,73
1380,66
1526,72
1407,68
1444,67
1526,74
1643,75
1552,73
1430,69
1504,70
1340,63
1479,70
1552,74
1625,76
1627,76
1653,75
1514,73
1666,77
1666,77
1438,67
1391,65
1514,72
1474,67
1666,77
1407,68
1613,75
1633,76
1591,73
1627,76
1628,73
1636,74
1488,67
1591,75
1587,74
1622,76
1476,69
1444,69
1434,66
1510,71
1625,73
1486,70
1634,74
1661,76
1575,73
1599,75
1666,77
1523,73
1524,71
1397,67
1564,73
1583,73
1491,72
1479,66
1536,72
1627,75
1661,76
1364,67
1555,74
1436,69
1613,75
1664,75
1272,66
1397,69
1555,74
1513,70
1335,64
1468,71
1348,66
1571,72
1461,69
1650,76
1401,69
1375,66
1668,76
1548,73
1606,75
1666,77
1496,72
1446,70
1535,71
1406,68
1458,70
1671,76
1475,70
1438,66
1588,73
1456,68
1627,75
1268,63
1577,74
1573,73
1395,69
1582,75
1445,65
1258,62
1633,76
1576,74
1509,69
1641,76
1493,71
1388,64
1506,72
1631,76
1668,76
1445,66
1226,62
1546,73
1517,73
1462,69
1681,74
1648,76
1529,72
1259,64
1570,71
1666,77
1515,70
1505,71
1525,72
1630,76
1596,75
1533,72
1511,72
1594,75
1456,67
1247,63
1666,77
1575,74
1524,68
1494,71
1464,70
1511,73
1406,67
1586,74
1628,76
1644,76
1656,76
1646,76
1570,73
1438,65
1472,67
1442,65
1264,62
1590,75
1574,74
1654,75
1370,64
1511,72
1506,70
1576,73
1472,68
1643,75
1593,73
1477,68
1615,75
1588,72
1433,68
1423,70
1410,65
1379,65
1626,75
1523,72
1460,70
1462,70
1562,71
1508,73
1500,72
1507,72
1563,74
1557,72
1625,75
1666,77
1504,72
1537,70
1324,64
1581,74
1589,74
1668,77
1577,74
1513,71
1555,72
1363,65
1477,68
1560,74
1208,62
1531,71
1459,71
1359,64
1518,72
1571,69
1606,73
1535,73
1365,64
1666,75
1466,70
1324,65
1575,74
1565,74
1507,68
1611,74
1573,73
1653,76
1399,64
1578,74
1586,74
1372,67
1563,72
1401,65
1506,72
1467,71
1521,71
1545,73
1514,71
1612,73
1557,72
1607,74
1566,72
1587,75
1518,71
1587,75
1242,65
1622,76
1617,74
1596,75
1435,68
1407,70
1591,75
1261,64
1532,70
1571,74
1347,67
1554,73
1617,75
1411,68
1359,64
1660,76
1527,73
1607,75
1504,69
1418,71
1641,76
1348,64
1518,67
1582,75
1638,76
1481,71
1580,75
1638,76
1514,72
1598,74
1680,77
1371,65
1630,76
1625,76
1633,76
1428,70
1527,73
1659,76
1549,73
1660,76
1539,73
1635,76
1549,72
1499,71
1480,70
1582,74
1533,74
1585,72
1638,76
1285,60
1570,74
1551,73
1666,77
1518,73
1583,75
1551,73
1339,64
1340,63
1486,70
1409,67
1585,74
1666,77
1579,74
1342,67
1562,71
1547,74
1541,73
1452,67
1472,68
1648,74
1390,68
1452,71
1340,64
1681,77
1576,72
1574,72
1637,73
1613,76
1472,70
1380,67
1419,70
1364,63
1467,70
1534,70
1653,74
1580,72
1574,74
1383,67
1545,73
1392,68
1516,72
1376,65
1392,69
1469,68
1630,76
1533,73
1557,73
1597,75
1570,73
1353,67
1434,70
1608,74
1592,71
1332,65
1627,76
1547,72
1666,77
1507,71
1420,66
1511,72
1603,75
1561,73
1269,65
1535,72
1383,67
1635,75
1422,66
1384,68
1504,69
1520,71
1411,68
1569,72
1433,66
1501,72
1607,74
1411,69
1323,66
1508,70
1478,69
1622,76
1577,73
1621,75
1617,73
1500,70
1622,76
1649,74
1551,70
1499,70
1369,67
1644,76
1618,75
1483,71
1299,65
1624,75
1563,73
1513,69
1534,69
1337,63
1548,71
1438,68
1471,72
1504,68
1507,72
1490,72
1390,66
1535,71
1588,74
1530,72
1498,73
1630,76
1492,70
1638,76
1618,75
1596,73
1583,75
1532,71
1530,70
1559,71
1634,76
1532,72
1575,71
1521,69
1443,66
1499,70
1613,76
1383,69
1666,77
1478,72
1601,74
1426,69
1542,71
1359,67
1517,71
1574,73
1543,73
1589,75
1457,69
1561,73
1459,69
1631,75
1494,69
1602,74
1517,73
1637,75
1585,75
1542,73
1601,75
1567,74
1490,68
1648,76
1335,61
1657,73
1615,75
1598,74
1666,77
1665,76
1506,72
1571,75
1622,75
1409,64
1461,70
1270,65
1580,71
1295,61
1449,72
1466,70
1666,77
1393,67
1522,72
1451,68
1624,75
1558,70
1624,75
1208,63
1668,76
1508,71
1646,76
1678,77
1477,70
1384,67
1527,71
1636,76
1629,75
1545,73
1597,72
1580,73
1540,73
1597,72
1581,75
1400,67
1566,75
1522,73
1635,76
1390,68
1641,76
1629,75
1438,68
1362,67
1478,68
1391,69
1633,76
1474,70
1527,71
1332,67
1404,68
1319,64
1593,74
1542,69
1643,75
1483,71
1569,73
1571,72
1666,77
1641,76
1586,75
1617,74
1666,77
1480,65
1628,76
1466,68
1574,72
1637,75
1575,73
1638,76
1556,72
1399,67
1407,68
1562,72
1563,72
1584,74
1528,71
1591,74
1621,75
1476,70
1595,75
1366,62
1603,75
1441,70
1661,73
1628,76
1563,74
1463,67
1598,72
1462,70
1464,68
1344,66
1598,74
1414,65
1547,66
1467,68
1504,73
1636,76
1604,73
1461,67
1261,64
1658,76
1458,71
1307,65
1491,70
1476,70
1613,74
1577,74
1450,69
1666,77
1666,77
1570,72
1676,77
1481,72
1392,64
1351,65
1685,77
1606,71
1357,65
1483,70
1598,72
1529,71
1503,68
1402,66
1579,73
1610,73
1666,77
1609,75
1379,67
1635,75
1617,75
1555,73
1602,74
1678,77
1598,72
1503,69
1615,75
1637,76
1526,73
1555,70
1685,76
1602,75
1666,77
1464,70
1539,73
1564,73
1642,76
1645,74
1572,73
1569,74
1332,64
1461,65
1402,69
1665,76
1634,75
1576,74
1562,73
1532,70
1627,76
1619,75
1408,68
1544,72
1575,73
1389,66
1432,69
1409,66
1320,66
1631,76
1323,66
1442,69
1621,74
1559,72
1618,74
1364,65
1529,69
1365,65
1651,76
1587,74
1691,75
1478,68
1505,73
1598,74
1397,66
1484,71
1479,70
1456,71
1549,73
1487,69
1506,69
1511,70
1674,77
1445,69
1571,72
1431,69
1354,67
1620,75
1592,74
1463,69
1666,77
1648,74
1580,75
1660,76
1530,70
1587,73
1443,67
1599,74
1660,74
1635,76
1668,77
1353,67
1627,75
1516,71
1565,73
1534,72
1472,68
1520,70
1461,71
1644,76
1572,73
1565,71
1397,67
1526,71
1392,67
1237,63
1261,65
1545,73
1670,77
1514,70
1632,74
1487,70
1373,66
1603,74
1575,74
1666,77
1244,61
1597,71
1613,75
1555,72
1584,75
1377,68
1459,68
1555,72
1532,72
1557,70
1591,74
1377,68
1575,74
1616,75
1501,70
1440,66
1611,71
1537,70
1414,68
1657,76
1619,75
1556,72
1434,66
1522,72
1393,66
1630,72
1497,70
1560,73
1582,74
1631,76
1559,71
1638,76
1312,66
1316,64
1553,74
1348,63
1582,73
1402,67
1557,73
1507,69
1612,71
1545,72
1561,74
1490,70
1633,76
1681,76
1265,62
1641,75
1608,74
1544,73
1591,74
1541,70
1656,75
1461,71
1429,68
1609,73
1612,74
1617,74
1641,76
1464,66
1563,71
1495,70
1609,74
1616,75
1455,69
1385,65
1312,66
1639,75
1610,75
1563,74
1573,74
1351,65
1351,64
1615,75
1524,71
1666,77
1574,74
1520,72
1632,74
1628,76
1596,73
1564,73
1539,72
1367,67
1267,66
1371,64
1437,69
1492,71
1556,73
1642,76
1517,72
1521,72
1664,77
1493,71
1609,75
1536,74
1545,73
1664,77
1250,62
1637,76
1477,71
1460,69
1537,70
1602,74
1628,76
1482,66
1556,71
1546,73
1521,71
1282,65
1631,75
1553,72
1331,66
1619,75
1640,76
1440,68
1401,68
1340,66
1439,70
1400,67
1314,66
1514,71
1420,67
1546,71
1322,62
1583,74
1629,74
1644,75
1666,76
1654,73
1507,70
1625,75
1232,62
1384,67
1627,76
1654,76
1636,75
1396,69
1534,71
1338,65
1375,67
1635,76
1447,69
1506,70
1455,67
1358,65
1614,75
1664,77
1475,71
1581,71
1580,73
1645,76
1650,76
1632,76
1626,76
1324,65
1597,74
1385,69
1620,76
1576,72
1530,72
1263,64
1575,74
1454,70
1601,75
1630,74
1527,70
1488,71
1499,71
1618,75
1590,75
1391,66
1673,76
1536,72
1685,77
1449,70
1615,75
1540,73
1441,70
1427,67
1500,69
1612,75
1366,68
1411,68
1602,73
1664,77
1508,70
1374,65
1583,74
1571,69
1668,77
1570,73
1399,68
1615,76
1664,77
1480,70
1522,72
1664,75
1608,74
1615,73
1511,71
1398,65
1568,73
1665,76
1552,69
1419,66
1491,70
1461,66
1540,72
1664,77
1612,75
1569,74
1496,69
1594,75
1664,77
1613,75
1644,75
1520,72
1531,71
1670,77
1414,69
1504,70
1594,75
1604,74
1509,71
1415,68
1621,75
1462,69
1247,63
1660,75
1664,77
1432,66
1512,68
1601,73
1649,76
1421,66
1400,65
1666,77
1516,72
1590,75
1631,76
1639,75
1506,71
1672,77
1627,76
1448,68
1636,76
1413,67
1593,75
1466,67
1612,75
1442,68
1367,68
1527,71
1421,68
1450,67
1432,68
1620,76
1431,65
1454,68
1560,72
1640,75
1536,73
1556,72
1600,74
1561,72
1536,74
1468,68
1539,74
1644,75
1305,65
1553,72
1591,74
1531,74
1644,76
1386,67
1454,70
1601,74
1449,71
1472,71
1450,68
1441,70
1478,71
1629,76
1614,73
1417,67
1422,67
1546,72
1489,70
1672,77
1484,70
1636,75
1467,70
1614,76
1649,75
1411,69
1361,67
1628,76
1485,69
1504,69
1425,68
1443,69
1674,77
1369,67
1664,77
1245,63
1568,71
1583,71
1678,77
1563,73
1595,75
1519,69
1623,75
1418,68
1376,68
1582,74
1541,73
1590,73
1613,75
1630,76
1543,68
1430,71
1531,72
1614,73
1676,76
1355,66
1594,74
1664,77
1535,70
1368,63
1510,72
1544,74
1528,70
1553,72
1535,73
1345,66
1391,69
1351,66
1379,66
1667,75
1534,72
1633,72
1328,66
1535,70
1493,71
1604,74
1381,66
1630,76
1664,77
1492,68
1599,72
1505,69
1247,63
1529,72
1438,68
1666,77
1624,74
1532,69
1646,76
1576,72
1544,72
1601,75
1475,72
1638,76
1439,68
1515,70
1573,74
1632,74
1444,69
1572,73
1654,76
1596,71
1469,68
1421,69
1567,72
1585,73
1381,65
1537,72
1493,71
1609,74
1418,67
1379,66
1662,77
1592,74
1664,77
1659,76
1491,69
1468,71
1513,70
1530,73
1357,61
1587,72
1676,75
1631,76
1359,61
1586,74
1452,71
1662,77
1607,74
1571,71
1360,64
1469,69
1528,72
1440,68
1429,70
1625,76
1528,72
1539,71
1516,70
1634,76
1601,74
1475,71
1632,76
1433,66
1604,72
1389,66
1576,75
1442,71
1672,77
1617,75
1522,73
1583,72
1572,74
1428,67
1563,73
1608,73
1574,74
1419,70
1365,68
1664,77
1662,77
1387,68
1433,69
1644,76
1559,72
1637,76
1314,63
1621,76
1567,74
1479,69
1466,71
1590,75
1530,72
1614,72
1624,75
1648,76
1360,64
1371,66
1645,76
1659,76
1388,67
1597,75
1621,76
1443,69
1600,74
1413,67
1329,66
1654,76
1408,67
1546,73
1576,73
1313,64
1629,76
1580,74
1619,76
1522,72
1693,77
1324,64
1455,70
1578,74
1580,74
1662,77
1340,64
1611,76
1608,75
1338,67
1394,68
1423,68
1535,72
1577,74
1342,65
1461,68
1418,67
1662,77
1513,68
1432,67
1651,75
1361,66
1457,66
1502,71
1579,73
1347,65
1339,64
1605,75
1639,76
1490,70
1563,72
1447,67
1632,76
1590,75
1622,76
1342,68
1622,75
1583,75
1601,75
1364,66
1371,67
1363,63
1602,73
1597,74
1576,74
1622,76
1475,71
1537,73
1452,71
1536,73
1630,75
1655,76
1544,70
1409,66
1531,70
1389,67
1629,76
1390,68
1400,69
1672,77
1415,69
1552,72
1662,77
1617,76
1556,73
1499,71
1431,67
1546,73
1664,77
1473,69
1639,76
1471,69
1349,65
1664,77
1450,68
1631,76
1629,76
1527,73
1396,67
1481,69
1316,63
1382,67
1431,67
1635,74
1411,69
1407,69
1576,73
1604,75
1397,64
1583,75
1595,73
1661,76
1586,73
1603,74
1490,69
1335,67
1421,67
1433,69
1484,70
1510,69
1359,63
1565,73
1542,72
1522,71
1647,76
1624,76
1525,72
1632,75
1386,68
1662,77
1594,75
1662,76
1579,72
1648,76
1454,69
1472,70
1587,75
1563,74
1435,67
1592,73
1542,72
1350,61
1384,67
1441,68
1652,76
1591,72
1383,67
1434,66
1476,70
1342,65
1607,75
1662,77
1511,73
1419,67
1550,73
1431,66
1485,69
1220,63
1572,75
1448,70
1633,75
1586,72
1630,76
1662,77
1588,74
1351,64
1657,75
1612,75
1355,68
1438,70
1669,76
1501,70
1382,65
1296,65
1437,69
1607,75
1659,76
1582,75
1362,63
1450,67
1477,69
1446,67
1564,72
1624,76
1297,64
1459,70
1638,76
1454,68
1616,75
1624,76
1619,76
1438,68
1542,72
1465,69
1457,69
1349,65
1490,71
1356,64
1471,70
1385,69
1672,77
1549,69
1592,74
1554,74
1424,69
1664,77
1652,76
1497,68
1590,75
1522,69
1640,75
1619,74
1405,69
1598,74
1584,74
1626,76
1387,67
1592,73
1632,75
1413,67
1588,74
1662,77
1182,62
1662,77
1348,67
1658,77
1339,67
1618,76
1442,68
1539,72
1492,69
1399,66
1349,66
1658,77
1486,67
1370,66
1648,76
1433,68
1672,72
1293,63
1443,67
1563,74
1551,69
1589,73
1660,77
1628,76
1458,67
1666,77
1450,70
1566,74
1552,73
1641,76
1520,71
1626,76
1452,66
1670,77
1437,69
1524,69
1632,74
1456,71
1625,75
1373,66
1639,75
1479,71
1496,70
1639,75
1549,72
1485,70
1611,74
1341,66
1422,65
1574,73
1369,67
1662,77
1549,73
1475,69
1595,75
1554,72
1410,67
1658,77
1525,72
1529,71
1653,76
1618,75
1488,69
1652,74
1453,69
1533,70
1562,73
1322,67
1489,72
1653,76
1486,66
1567,74
1398,68
1394,66
1462,69
1669,77
1308,63
1645,74
1530,73
1501,70
1512,71
1633,76
1353,65
1588,74
1486,70
1466,67
1595,75
1374,67
1598,71
1325,64
1623,76
1625,74
1601,75
1533,70
1653,76
1609,74
1615,76
1269,62
1351,65
1609,75
1421,67
1416,65
1535,72
1658,77
1323,65
1549,69
1634,75
1443,69
1689,77
1543,70
1651,77
1716,77
1454,67
1559,73
1550,72
1623,73
1485,73
1513,71
1585,72
1374,66
1456,65
1472,67
1555,70
1493,71
1383,66
1657,76
1450,70
1338,64
1405,67
1632,75
1528,69
1519,71
1654,77
1576,74
1590,73
1418,70
1457,65
1590,73
1667,77
1585,75
1655,77
1422,67
1654,77
1449,69
1525,72
1668,76
1424,66
1604,76
1386,67
1564,71
1456,68
1440,65
1438,68
1382,66
1587,74
1599,74
1573,74
1477,69
1600,73
1517,67
1594,74
1297,61
1507,71
1586,74
1676,77
1607,75
1503,71
1566,71
1613,76
1626,75
1613,76
1446,67
1426,67
1435,64
1472,66
1373,65
1373,67
1546,71
1426,64
1600,76
1315,64
1651,77
1519,72
1680,76
1598,73
1468,66
1651,77
1592,73
1520,69
1579,73
1324,66
1441,67
1622,75
1525,69
1488,70
1522,72
1615,76
1511,71
1551,70
1326,65
1651,77
1537,71
1397,64
1479,69
1550,70
1508,71
1461,66
1654,74
1443,69
1655,77
1619,76
1593,75
1642,76
1472,66
1338,62
1445,69
1473,70
1508,68
1407,66
1562,74
1661,77
1575,73
1649,76
1536,71
1555,74
1555,72
1387,69
1450,70
1252,63
1534,73
1354,66
1557,73
1543,73
1409,68
1621,74
1603,75
1609,73
1516,70
1436,68
1265,61
1588,74
1452,68
1505,70
1510,71
1634,71
1614,75
1468,70
1467,69
1465,71
1458,68
1617,76
1615,76
1429,69
1384,68
1619,75
1589,72
1416,65
1561,73
1506,70
1649,77
1646,74
1654,76
1498,70
1538,72
1649,77
1624,76
1652,76
1412,64
1454,69
1333,65
1644,76
1649,77
1663,77
1371,66
1597,72
1432,67
1600,73
1483,69
1469,72
1535,71
1621,76
1411,67
1423,65
1562,72
1455,70
1458,70
1428,67
1603,74
1511,69
1611,74
1502,66
1653,77
1366,64
1477,69
1502,70
1484,66
1588,74
1447,70
1556,72
1565,72
1627,76
1530,72
1652,76
1487,67
1572,71
1484,67
1218,62
1621,73
1568,72
1536,69
1653,77
1206,60
1506,70
1467,69
1443,68
1649,76
1357,67
1450,66
1389,65
1587,73
1566,72
1615,72
1568,74
1549,72
1507,68
1655,77
1598,73
1645,76
1556,72
1629,76
1419,69
1674,74
1643,75
1513,73
1621,75
1595,74
1426,69
1508,71
1306,63
1577,74
1285,64
1395,69
1655,77
1449,66
1615,74
1523,72
1486,67
1449,69
1641,76
1609,76
1649,77
1362,67
1476,69
1622,74
1471,70
1588,74
1399,67
1655,77
1497,72
1370,65
1634,74
1437,70
1434,67
1475,70
1528,73
1567,74
1658,76
1642,71
1586,68
1618,75
1510,70
1498,69
1657,77
1609,74
1663,76
1609,75
1620,76
1649,77
1580,72
1517,68
1368,65
1652,76
1445,69
1570,75
1597,72
1442,65
1620,74
1471,69
1649,76
1626,76
1632,75
1463,70
1526,66
1643,75
1615,76
1616,74
1659,77
1434,69
1239,64
1604,76
1580,74
1711,74
1625,73
1569,71
1511,68
1457,68
1514,69
1617,76
1350,65
1577,75
1404,66
1425,67
1655,77
1378,63
1586,75
1582,71
1499,70
1552,72
1414,67
1295,61
1637,73
1402,66
1452,67
1619,75
1571,73
1653,71
1516,72
1468,67
1524,71
1641,76
1403,65
1418,68
1501,71
1441,67
1624,75
1661,77
1573,71
1657,74
1467,67
1553,70
1386,68
1634,76
1530,71
1521,69
1372,65
1416,69
1476,68
1559,70
1645,76
1526,71
1649,77
1426,67
1479,70
1655,77
1531,69
1474,66
1549,72
1605,74
1465,68
1626,76
1668,73
1592,75
1597,73
1508,69
1645,71
1633,75
1623,76
1580,73
1426,67
1565,72
1550,70
1451,71
1476,68
1620,70
1635,76
1657,77
1501,70
1454,66
1605,72
1327,63
1649,77
1498,69
1642,76
1632,74
1528,70
1314,63
1586,73
1646,73
1418,69
1562,72
1422,67
1489,70
1621,72
1501,71
1474,65
1459,69
1532,73
1649,77
1383,64
1206,60
1459,67
1438,66
1499,71
1490,69
1669,75
1562,71
1618,75
1483,68
1522,68
1491,71
1659,76
1326,63
1578,74
1689,77
1649,77
1480,68
1669,75
1493,69
1430,68
1653,77
1515,72
1445,67
1555,73
1436,64
1567,74
1643,76
1401,65
1627,76
1649,77
1540,72
1682,77
1649,77
1506,71
1511,71
1592,74
1661,77
1399,67
1632,76
1630,76
1547,72
1540,74
1517,70
1598,74
1631,75
1642,76
1494,72
1396,69
1598,74
1359,64
1585,74
1417,66
1472,71
1665,74
1568,73
1507,72
1595,74
1508,70
1617,75
1621,75
1638,74
1644,74
1461,71
1641,75
1609,74
1431,69
1524,71
1409,67
1350,68
1582,74
1481,71
1648,74
1400,67
1589,73
1512,71
1569,74
1575,74
1472,71
1627,76
1258,61
1513,72
1621,76
1644,76
1634,76
1418,65
1349,62
1382,69
1415,68
1537,72
1424,67
1625,76
1539,73
1420,67
1293,66
1534,73
1498,72
1612,76
1622,74
1500,71
1648,76
1560,71
1635,76
1614,75
1534,72
1611,74
1653,77
1455,68
1419,68
1637,75
1537,71
1624,74
1587,75
1507,73
1660,77
1527,73
1468,70
1626,76
1638,76
1392,65
1671,74
1502,69
1657,77
1649,77
1411,67
1485,67
1631,73
1391,68
1543,72
1396,66
1249,62
1600,74
1391,66
1491,69
1551,71
1589,75
1606,75
1523,71
1353,66
1591,74
1684,77
1602,75
1649,77
1345,64
1323,65
1449,67
1413,67
1435,71
1446,67
1560,74
1450,68
1461,68
1606,76
1356,67
1547,74
1544,71
1564,73
1448,68
1418,68
1562,73
1647,77
1633,76
1478,67
1653,77
1686,78
1643,74
1568,74
1319,65
1583,72
1451,69
1654,75
1518,71
1672,74
1571,72
1524,71
1476,72
1503,71
1441,70
1330,66
1686,78
1600,75
1647,75
1662,76
1522,72
1480,69
1581,71
1686,78
1616,73
1598,74
1382,67
1643,74
1360,65
1539,71
1347,63
1381,66
1631,76
1425,67
1662,77
1669,77
1456,70
1627,72
1556,73
1686,78
1526,73
1500,70
1656,76
1679,77
1739,73
1470,70
1451,67
1565,73
1642,72
1666,77
1456,68
1597,74
1575,72
1541,73
1660,74
1677,75
1621,76
1604,71
1403,67
1512,71
1375,66
1585,74
1692,78
1566,72
1284,62
1443,69
1672,76
1652,77
1492,68
1434,66
1686,78
1476,71
1464,68
1523,72
1644,77
1618,76
1640,72
1592,75
1522,71
1469,71
1609,74
1647,76
1511,68
1686,78
1505,70
1524,71
1510,71
1390,68
1579,72
1700,78
1481,69
1672,77
1521,69
1649,76
1379,68
1610,72
1583,73
1579,74
1452,70
1486,70
1467,68
1694,78
1387,68
1696,78
1481,69
1599,71
1532,70
1579,73
1384,67
1686,78
1604,75
1662,76
1476,68
1594,73
1456,71
1434,69
1570,72
1625,76
1468,70
1621,75
1538,71
1606,75
1634,76
1639,76
1511,69
1476,70
1722,73
1593,75
1448,68
1664,76
1590,72
1635,72
1696,78
1595,75
1664,73
1490,71
1692,78
1326,65
1503,71
1510,71
1656,77
1506,72
1686,78
1617,74
1519,70
1662,77
1461,68
1683,77
1669,75
1536,70
1618,76
1617,76
1600,75
1534,72
1314,63
1677,77
1559,73
1289,65
1522,70
1312,66
1615,75
1692,78
1515,72
1608,73
1598,76
1574,72
1534,71
1570,73
1673,77
1452,69
1683,75
1577,71
1610,73
1683,77
1686,78
1593,74
1586,71
1369,66
1292,66
1424,65
1394,67
1443,71
1606,75
1578,74
1521,68
1580,74
1667,72
1495,70
1484,71
1605,75
1551,72
1600,73
1516,68
1620,74
1644,77
1696,75
1531,73
1676,77
1567,74
1582,71
1576,72
1647,77
1455,67
1309,64
1531,72
1455,68
1688,78
1631,76
1671,77
1576,71
1554,69
1538,72
1686,78
1652,77
1485,71
1463,67
1718,78
1562,73
1535,72
1481,68
1557,74
1618,75
1502,67
1623,76
1622,76
1586,73
1343,66
1613,74
1532,70
1642,76
1611,75
1474,69
1364,63
1641,74
1414,67
1563,74
1686,78
1540,72
1667,74
1549,70
1342,66
1507,71
1490,69
1502,67
1669,77
1516,72
1700,78
1517,71
1522,70
1499,69
1461,70
1523,71
1686,78
1649,76
1598,72
1687,77
1630,76
1618,76
1495,70
1556,71
1562,74
1462,70
1641,75
1649,72
1671,77
1472,68
1681,77
1499,69
1599,75
1445,69
1681,77
1662,73
1449,66
1392,68
1590,73
1495,68
1680,75
1407,68
1479,68
1576,72
1684,78
1494,71
1620,73
1222,61
1623,74
1410,68
1631,75
1684,78
1640,73
1578,73
1599,74
1480,70
1599,74
1424,69
1659,77
1652,75
1641,76
1412,68
1357,66
1462,69
1405,69
1249,64
1420,67
1684,78
1445,68
1520,72
1410,67
1597,73
1685,75
1437,69
1709,78
1457,66
1610,71
1682,78
1623,75
1621,73
1563,70
1437,68
1464,66
1437,66
1660,74
1560,73
1473,68
1430,68
1449,68
1682,78
1478,68
1553,71
1651,76
1623,75
1631,76
1423,67
1682,78
1532,71
1520,71
1420,65
1694,78
1523,71
1456,69
1338,66
1655,76
1528,74
1440,68
1552,69
1560,74
1425,68
1600,74
1566,74
1682,78
1595,74
1658,74
1449,70
1569,74
1518,70
1352,68
1439,69
1566,71
1595,75
1541,72
1462,70
1596,75
1615,76
1515,68
1451,69
1444,65
1435,68
1554,69
1617,74
1565,71
1619,75
1318,65
1682,78
1535,70
1682,78
1599,73
1402,65
1536,69
1484,70
1570,72
1437,69
1486,69
1425,68
1562,73
1545,71
1549,71
1660,75
1504,72
1481,70
1610,75
1447,68
1612,76
1495,72
1499,71
1608,75
1677,77
1558,73
1358,68
1603,75
1497,71
1511,72
1686,73
1353,62
1560,72
1547,74
1656,76
1688,78
1490,70
1538,72
1349,65
1571,73
1616,76
1593,72
1270,63
1653,77
1431,67
1638,76
1502,67
1447,70
1303,65
1551,74
1311,64
1505,69
1570,71
1553,73
1549,70
1334,64
1361,67
1362,66
1420,68
1583,74
1316,64
1682,78
1477,70
1289,64
1546,74
1598,75
1575,71
1698,78
1250,61
1564,74
1553,71
1309,64
1612,76
1259,61
1637,75
1604,75
1512,69
1535,71
1433,66
1529,71
1597,74
1610,75
1649,75
1645,77
1475,69
1672,77
1601,75
1497,68
1453,69
1424,69
1713,76
1520,71
1622,72
1423,68
1640,76
1430,70
1580,73
1630,76
1447,68
1589,72
1682,78
1414,68
1509,68
1592,72
1617,75
1441,67
1642,76
1664,77
1368,64
1446,66
1575,74
1520,69
1390,64
1574,75
1545,72
1650,77
1651,73
1684,78
1637,76
1599,75
1448,66
1434,69
1604,74
1631,73
1686,78
1500,69
1506,72
1588,74
1292,64
1613,76
1567,71
1543,72
1532,74
1611,71
1548,72
1569,75
1272,62
1597,75
1684,78
1658,76
1462,68
1682,78
1538,73
1512,71
1686,78
1412,67
1536,70
1338,62
1635,76
1628,76
1616,76
1657,76
1643,75
1683,78
1680,78
1414,68
1496,66
1419,67
1394,68
1485,69
1656,77
1332,66
1650,75
1659,72
1504,71
1533,71
1601,73
1370,64
1477,69
1477,70
1520,73
1493,70
1533,73
1587,73
1581,72
1417,68
1667,76
1689,78
1499,70
1455,69
1557,71
1433,67
1480,67
1556,73
1400,66
1554,72
1360,66
1648,77
1521,69
1665,77
1521,71
1499,71
1462,69
1508,69
1538,74
1639,75
1676,75
1448,68
1629,76
1539,71
1517,72
1618,76
1625,75
1601,76
1587,75
1616,74
1518,73
1605,72
1454,69
1458,68
1636,76
1410,68
1518,71
1465,67
1583,74
1327,67
1550,73
1499,72
1473,70
1680,78
1622,73
1382,67
1616,75
1342,66
1680,78
1676,77
1624,71
1360,66
1530,73
1536,73
1525,70
1600,73
1635,72
1570,73
1616,74
1619,75
1538,70
1434,69
1680,78
1520,68
1648,77
1504,70
1565,73
1660,76
1316,66
1647,76
1370,63
1472,69
1575,72
1578,70
1616,75
1596,72
1360,66
1563,72
1462,68
1642,77
1594,73
1671,76
1383,67
1582,72
1468,69
1599,76
1595,75
1682,78
1671,76
1626,75
1261,63
1684,78
1665,77
1538,73
1635,74
1587,72
1496,71
1509,71
1680,78
1454,67
1637,72
1403,67
1674,77
1412,66
1448,69
1546,72
1680,78
1638,77
1428,67
1465,69
1702,78
1564,73
1625,76
1514,72
1241,62
1580,74
1620,73
1458,69
1604,74
1518,70
1688,78
1440,66
1439,68
1673,77
1545,71
1314,66
1409,68
1621,71
1680,78
1619,75
1651,77
1438,69
1386,67
1628,76
1610,75
1450,68
1632,76
1415,67
1344,66
1476,70
1425,69
1511,71
1587,73
1584,75
1611,75
1413,68
1406,66
1591,71
1486,70
1622,75
1606,75
1405,67
1554,72
1410,68
1607,75
1610,76
1462,68
1588,72
1592,69
1641,74
1614,75
1505,71
1587,75
1414,69
1462,68
1451,66
1519,70
1514,71
1348,65
1422,68
1416,67
1640,77
1446,70
1606,72
1491,69
1529,72
1407,69
1619,74
1611,71
1525,70
1531,71
1691,77
1547,70
1608,75
1555,73
1701,78
1503,69
1605,74
1320,64
1625,76
1592,74
1671,77
1626,74
1592,72
1432,69
1567,70
1686,76
1369,67
1607,75
1508,71
1524,71
1596,74
1662,77
1493,71
1562,72
1572,72
1570,71
1516,71
1619,75
1614,75
1682,78
1375,66
1607,72
1604,74
1464,71
1370,65
1451,69
1371,65
1455,69
1405,67
1471,71
1512,67
1586,73
1521,72
1640,77
1298,62
1572,74
1680,78
1430,66
1680,78
1641,74
1460,68
1659,76
1581,70
1430,67
1680,78
1334,67
1444,69
1359,67
1621,76
1688,78
1529,70
1516,71
1716,76
1588,73
1642,76
1649,75
1602,75
1645,77
1387,68
1595,71
1395,65
1557,70
1656,76
1651,73
1618,76
1585,74
1413,65
1533,72
1661,77
1507,71
1335,63
1468,70
1481,73
1511,69
1537,69
1559,71
1365,68
1682,78
1649,76
1654,74
1588,72
1425,67
1385,67
1485,68
1493,69
1345,66
1442,68
1528,72
1590,74
1414,69
1513,71
1430,70
1661,76
1502,73
1617,75
1622,76
1539,72
1424,69
1521,71
1483,69
1553,73
1441,68
1352,66
1710,76
1457,71
1283,63
1565,74
1401,66
1684,78
1485,69
1648,77
1663,76
1435,68
1641,75
1680,78
1400,67
1330,66
1550,74
1422,67
1580,73
1657,77
1675,77
1460,70
1690,78
1642,76
1634,77
1590,73
1680,78
1645,77
1324,66
1677,74
1528,74
1575,73
1509,73
1493,69
1589,75
1630,75
1625,76
1652,73
1480,68
1567,73
1468,68
1402,67
1629,76
1245,61
1514,70
1574,75
1670,76
1663,77
1680,78
1513,69
1691,77
1545,72
1502,71
1619,75
1677,77
1457,68
1496,70
1667,78
1454,71
1436,70
1573,75
1373,66
1396,70
1636,74
1673,78
1600,75
1502,69
1452,68
1558,73
1533,72
1659,76
1374,63
1496,72
1569,74
1592,76
1605,75
1438,69
1614,73
1317,66
1390,70
1247,64
1648,77
1495,69
1617,75
1376,68
1306,67
1372,67
1645,76
1610,73
1629,76
1325,67
1629,75
1590,73
1518,72
1656,77
1586,74
1599,75
1627,76
1660,77
1418,69
1631,76
1459,68
1505,71
1583,70
1626,75
1630,77
1601,76
1605,76
1600,76
1633,75
1528,74
1428,67
1606,72
1549,74
1643,74
1657,77
1490,72
1424,68
1622,75
1546,71
1566,73
1466,69
1602,76
1653,76
1663,77
1560,74
1639,77
1406,65
1547,75
1656,76
1312,66
1667,78
1613,76
1547,70
1413,68
1467,69
1675,78
1606,76
1667,78
1662,77
1398,68
1235,64
1547,73
1538,72
1562,73
1429,70
1514,69
1544,71
1584,75
1502,70
1520,72
1585,75
1578,73
1432,71
1624,76
1538,73
1565,73
1577,75
1667,78
1385,68
1518,70
1400,69
1352,68
1269,64
1589,75
1559,74
1589,70
1428,70
1574,75
1621,75
1563,74
1568,75
1541,69
1539,72
1677,77
1491,69
1586,76
1417,69
1456,71
1642,76
1379,69
1485,70
1503,72
1637,77
1391,67
1643,76
1395,68
1585,75
1523,71
1639,76
1537,73
1435,67
1530,72
1534,73
1565,75
1381,64
1612,73
1416,69
1667,78
1604,70
1611,76
1627,76
1404,70
1563,73
1467,70
1562,75
1568,72
1440,64
1667,78
1409,69
1481,68
1377,66
1678,78
1527,73
1669,78
1539,74
1687,78
1520,72
1568,72
1643,76
1625,76
1459,69
1386,67
1644,77
1358,65
1667,78
1511,72
1359,66
1466,70
1677,78
1424,66
1425,68
1417,69
1585,74
1565,74
1510,73
1482,67
1361,66
1620,76
1584,75
1245,59
1635,77
1625,74
1583,73
1573,72
1549,72
1661,78
1577,74
1681,77
1634,76
1630,76
1576,75
1533,73
1461,71
1349,64
1516,70
1603,76
1566,73
1378,66
1514,71
1456,72
1661,78
1348,66
1566,73
1557,74
1570,75
1507,69
1603,76
1406,66
1619,76
1477,71
1626,77
1602,73
1570,75
1565,75
1428,69
1640,77
1312,65
1596,75
1570,74
1648,77
1405,69
1372,68
1628,77
1368,66
1575,72
1648,76
1404,69
1400,67
1541,72
1537,74
1522,71
1361,63
1395,68
1522,74
1537,73
1498,72
1522,74
1330,66
1663,78
1539,74
1460,67
1536,71
1610,72
1530,74
1358,65
1271,64
1608,76
1576,73
1661,78
1629,75
1618,75
1667,77
1661,78
1497,71
1530,74
1458,69
1317,61
1370,68
1438,70
1627,76
1551,71
1666,77
1492,69
1563,74
1418,66
1442,69
1600,76
1562,73
1677,77
1565,75
1683,76
1393,67
1413,67
1520,72
1571,74
1496,72
1632,76
1503,69
1613,76
1610,75
1606,75
1543,70
1500,69
1604,76
1617,76
1625,77
1628,76
1560,74
1390,68
1604,70
1523,72
1325,65
1657,78
1530,72
1375,68
1251,63
1467,68
1555,73
1424,67
1377,68
1452,70
1474,70
1619,75
1640,77
1674,77
1610,75
1492,70
1505,69
1488,71
1446,69
1390,67
1573,75
1520,71
1536,72
1672,78
1549,74
1433,69
1436,69
1612,74
1560,74
1587,76
1423,69
1586,76
1547,71
1524,71
1438,67
1556,75
1630,77
1582,76
1631,76
1516,73
1582,73
1705,76
1657,78
1629,77
1642,76
1619,77
1432,69
1540,74
1459,72
1441,69
1200,61
1659,76
1660,77
1525,72
1408,68
1587,74
1558,75
1457,69
1670,77
1581,71
1440,70
1487,72
1517,72
1455,69
1332,65
1601,75
1622,77
1621,76
1593,75
1611,76
1576,73
1484,71
1444,69
1659,77
1540,69
1528,72
1617,77
1614,76
1503,72
1559,70
1567,74
1420,68
1572,75
1679,76
1581,75
1660,77
1466,71
1404,66
1629,77
1612,76
1613,74
1583,75
1571,75
1657,78
1452,68
1661,78
1657,78
1433,69
1446,69
1603,76
1473,71
1448,67
1630,75
1580,75
1623,76
1414,69
1655,78
1471,72
1622,74
1548,72
1435,65
1546,72
1655,78
1338,66
1614,76
1460,71
1695,78
1642,77
1360,66
1383,66
1336,66
1569,75
1552,74
1560,74
1647,77
1465,68
1584,72
1622,77
1575,74
1489,72
1651,78
1533,74
1609,76
1505,72
1372,66
1438,70
1659,77
1619,76
1258,62
1653,78
1495,73
1647,77
1550,73
1587,74
1625,76
1543,73
1660,77
1549,73
1330,66
1575,75
1532,72
1450,69
1454,69
1651,78
1499,73
1423,70
1649,77
1643,76
1484,69
1458,69
1577,75
1476,71
1391,68
1655,78
1661,78
1307,64
1394,69
1411,69
1484,69
1380,66
1651,78
1515,74
1544,74
1484,73
1412,68
1370,67
1625,76
1379,68
1370,67
1505,71
1562,72
1589,75
1530,72
1514,70
1524,72
1360,68
1657,78
1552,74
1528,74
1468,67
1551,71
1651,78
1498,71
1518,69
1568,75
1403,66
1626,77
1382,68
1651,78
1389,66
1627,76
1460,68
1485,71
1404,66
1591,75
1330,63
1423,68
1573,72
1409,69
1649,78
1630,76
1595,74
1640,75
1549,74
1620,75
1649,78
1575,76
1398,67
1519,73
1492,71
1550,74
1615,77
1538,74
1431,69
1534,72
1649,78
1362,66
1467,69
1603,74
1452,70
1576,75
1523,73
1460,70
1651,78
1371,66
1600,75
1540,74
1615,77
1392,68
1453,69
1467,70
1394,69
1616,76
1536,70
1649,78
1629,77
1558,75
1350,66
1549,75
1452,69
1447,69
1557,73
1536,72
1470,69
1603,75
1545,69
1402,67
1575,73
1657,78
1344,66
1520,73
1558,74
1611,77
1504,72
1609,74
1449,67
1457,65
1639,77
1623,77
1590,75
1451,72
1663,78
1431,70
1620,77
1531,73
1575,75
1594,76
1469,67
1616,76
1551,74
1548,73
1410,70
1504,68
1566,72
1576,72
1615,74
1623,75
1424,70
1468,68
1657,78
1559,70
1589,74
1512,71
1521,74
1649,76
1536,73
1253,62
1549,75
1531,69
1522,72
1556,73
1374,66
1628,77
1480,72
1476,70
1448,67
1433,68
1596,75
1629,75
1505,72
1497,71
1598,75
1518,73
1569,75
1616,77
1411,66
1551,74
1509,72
1618,77
1552,72
1344,65
1437,68
1472,71
1579,75
1446,72
1462,71
1652,76
1623,77
1538,74
1436,68
1649,78
1384,68
1597,75
1624,74
1598,76
1505,72
1502,73
1550,74
1591,76
1649,78
1567,75
1464,70
1561,73
1548,73
1404,66
1621,76
1564,73
1521,72
1486,71
1511,72
1417,68
1624,77
1595,72
1557,74
1695,79
1426,68
1536,73
1557,74
1515,71
1444,68
1617,73
1423,67
1461,72
1657,77
1585,75
1492,70
1650,76
1590,75
1680,77
1695,79
1695,79
1495,72
1528,71
1665,78
1544,71
1639,77
1568,73
1622,76
1597,74
1624,76
1707,78
1606,75
1487,71
1526,71
1676,77
1387,69
1695,79
1488,68
1413,69
1410,70
1615,75
1623,77
1568,73
1301,65
1427,68
1632,77
1462,70
1668,78
1556,72
1378,67
1556,74
1534,71
1606,75
1600,73
1485,68
1485,72
1531,72
1544,72
1445,65
1674,77
1379,66
1291,64
1485,71
1423,66
1440,69
1405,69
1661,78
1622,76
1635,75
1668,77
1594,75
1565,73
1590,74
1523,70
1437,69
1380,66
1470,70
1521,70
1419,69
1623,76
1462,69
1601,73
1600,72
1629,76
1514,73
1524,72
1618,76
1593,74
1549,73
1433,70
1408,69
1645,76
1657,78
1697,79
1695,79
1690,78
1636,77
1385,68
1419,66
1253,62
1409,64
1606,76
1452,69
1715,79
1336,64
1367,67
1645,77
1549,74
1610,76
1393,69
1479,69
1662,76
1419,66
1486,69
1631,77
1593,76
1577,74
1550,72
1375,66
1693,78
1552,73
1644,77
1604,76
1699,79
1606,75
1519,70
1563,74
1295,64
1593,76
1468,69
1645,76
1514,70
1559,74
1507,73
1549,71
1401,67
1575,73
1651,78
1499,69
1646,77
1459,70
1592,75
1579,73
1638,76
1417,67
1619,76
1589,71
1525,72
1695,79
1707,78
1684,78
1621,73
1575,75
1468,71
1639,74
1579,73
1553,70
1478,68
1513,72
1552,70
1642,76
1677,77
1611,75
1582,73
1570,73
1362,64
1496,71
1651,78
1645,77
1478,70
1590,74
1563,73
1685,78
1329,64
1619,75
1515,73
1427,69
1556,74
1614,76
1634,77
1491,71
1368,65
1707,78
1532,73
1643,76
1695,79
1661,76
1492,70
1569,74
1514,73
1640,77
1640,77
1600,73
1552,74
1584,74
1447,68
1498,71
1678,78
1598,75
1612,75
1363,66
1530,71
1621,75
1632,74
1693,78
1618,77
1668,78
1624,77
1552,71
1549,73
1585,74
1641,76
1476,71
1665,76
1653,74
1544,71
1468,70
1522,71
1351,67
1499,70
1342,63
1632,76
1346,66
1357,64
1686,78
1621,75
1528,70
1420,69
1531,70
1449,69
1523,72
1438,70
1592,75
1519,72
1703,79
1520,72
1372,67
1591,74
1519,71
1618,72
1661,75
1671,78
1545,73
1570,75
1462,71
1679,77
1648,77
1635,76
1463,68
1575,75
1575,74
1667,77
1667,78
1350,67
1580,74
1549,70
1640,77
1543,70
1599,74
1579,74
1630,76
1485,70
1378,67
1528,69
1306,64
1578,74
1397,66
1525,73
1580,75
1593,74
1563,73
1695,78
1567,74
1592,72
1328,64
1686,78
1620,73
1439,67
1546,73
1582,75
1629,77
1627,77
1695,77
1438,70
1599,76
1638,76
1577,74
1517,71
1487,69
1695,79
1438,70
1466,68
1616,75
1671,78
1620,76
1671,78
1612,75
1614,73
1657,78
1581,74
1666,76
1566,76
1629,75
1276,65
1464,69
1648,75
1525,72
1377,64
1492,70
1547,73
1307,65
1569,72
1595,75
1621,77
1456,69
1568,75
1697,79
1566,73
1416,68
1380,68
1613,75
1469,70
1651,77
1620,76
1646,77
1641,76
1581,73
1483,72
1691,78
1547,72
1457,72
1669,77
1588,75
1701,78
1462,67
1630,75
1549,74
1684,78
1494,69
1553,74
1629,75
1545,70
1589,74
1611,75
1638,73
1444,67
1658,77
1599,73
1602,73
1603,75
1582,74
1547,72
1513,70
1658,77
1493,70
1616,74
1434,69
1516,70
1458,68
1640,77
1615,74
1570,73
1664,78
1456,67
1589,71
1614,76
1593,73
1609,76
1346,67
1542,73
1564,73
1350,66
1555,72
1519,72
1554,72
1364,66
1403,67
1660,77
1683,76
1619,72
1553,72
1301,61
1521,72
1570,74
1434,69
1572,74
1600,74
1491,70
1564,74
1339,67
1413,68
1506,70
1459,68
1421,70
1646,74
1513,69
1447,71
1419,67
1477,70
1583,73
1551,70
1435,69
1443,68
1578,72
1492,68
1663,78
1574,75
1673,78
1652,77
1428,68
1564,72
1507,73
1615,76
1514,72
1444,69
1431,68
1589,72
1480,69
1670,77
1688,78
1441,69
1526,72
1647,77
1594,74
1580,74
1596,75
1639,76
1638,77
1620,74
1466,72
1540,70
1597,76
1653,77
1657,76
1600,74
1364,67
1660,78
1547,71
1701,79
1649,77
1639,74
1608,76
1602,76
1627,77
1276,64
1595,76
1431,66
1611,76
1378,66
1660,78
1610,77
1505,70
1697,79
1471,68
1447,69
1585,75
1625,76
1553,73
1477,67
1487,69
1491,72
1543,71
1657,78
1371,64
1409,68
1499,70
1459,67
1581,73
1624,75
1691,78
1634,76
1346,64
1423,69
1466,70
1505,72
1429,67
1616,75
1541,70
1559,70
1631,75
1398,68
1544,72
1486,69
1483,70
1503,71
1410,68
1483,68
1615,76
1572,74
1464,68
1570,74
1695,79
1466,70
1524,71
1581,75
1377,69
1695,79
1697,78
1410,70
1622,75
1593,75
1542,72
1445,69
1480,69
1241,60
1671,76
1413,66
1436,68
1650,76
1609,75
1598,75
1345,67
1648,77
1478,71
1511,71
1685,78
1448,69
1564,72
1556,71
1475,70
1547,72
1455,70
1621,77
1459,71
1686,78
1434,70
1633,77
1585,73
1378,67
1660,77
1569,74
1657,78
1487,72
1525,70
1220,63
1649,76
1494,71
1695,79
1664,78
1559,74
1530,71
1547,73
1411,69
1421,70
1347,64
1667,78
1695,79
1574,75
1648,77
1589,74
1491,71
1458,68
1658,78
1458,68
1687,77
1573,72
1489,71
1644,76
1514,71
1459,70
1556,73
1593,74
1597,76
1449,69
1547,73
1626,76
1358,68
1607,76
1546,72
1662,76
1627,76
1355,65
1513,68
1628,76
1475,71
1613,76
1614,75
1564,75
1463,72
1648,78
1454,68
1480,70
1540,71
1429,69
1615,76
1654,78
1609,74
1399,69
1561,72
1464,72
1578,76
1666,77
1596,73
1315,65
1631,77
1519,71
1596,74
1571,72
1511,70
1502,73
1591,72
1386,68
1552,72
1666,78
1562,74
1476,69
1386,68
1570,73
1433,69
1633,76
1506,72
1695,79
1555,74
1466,70
1616,73
1664,78
1640,74
1504,72
1680,78
1695,79
1667,78
1335,64
1677,77
1550,73
1566,75
1695,79
1666,78
1514,72
1697,79
1342,64
1474,69
1587,74
1745,78
1580,75
1339,66
1512,72
1657,77
1488,70
1553,74
1249,62
1604,75
1482,68
1533,72
1611,76
1627,77
1378,68
1610,75
1561,70
1632,77
1514,73
1563,73
1644,76
1579,75
1627,77
1544,73
1415,65
1452,71
1675,78
1652,76
1558,75
1454,69
1647,77
1491,70
1590,76
1595,75
1560,73
1620,76
1404,68
1398,67
1436,68
1543,74
1427,71
1531,72
1417,71
1423,64
1491,68
1690,78
1534,74
1560,71
1437,68
1561,73
1585,75
1392,67
1598,73
1655,77
1587,74
1660,77
1440,69
1666,77
1644,77
1499,68
1463,68
1380,67
1551,72
1654,76
1663,78
1535,72
1380,68
1697,79
1544,74
1440,69
1707,79
1561,73
1513,72
1650,77
1473,71
1316,65
1603,74
1293,65
1547,71
1562,73
1430,68
1550,72
1695,79
1579,74
1422,68
1697,79
1548,73
1425,68
1519,72
1433,69
1696,78
1504,71
1697,79
1695,79
1658,77
1613,75
1555,72
1550,73
1634,77
1441,72
1611,75
1680,78
1616,75
1326,64
1680,78
1631,77
1589,75
1675,78
1660,78
1630,77
1685,78
1701,79
1519,73
1594,75
1508,72
1398,68
1531,73
1654,77
1428,68
1570,74
1370,66
1493,71
1674,78
1399,69
1488,68
1620,75
1459,71
1446,69
1526,70
1715,78
1518,70
1521,71
1624,76
1450,71
1463,68
1318,65
1581,74
1400,67
1513,71
1695,78
1555,72
1312,64
1602,76
1297,66
1359,66
1605,73
1435,67
1367,66
1664,78
1495,73
1605,74
1514,73
1673,77
1623,76
1614,75
1570,74
1539,72
1567,74
1606,73
1639,76
1508,72
1595,76
1573,75
1594,74
1436,71
1454,70
1408,68
1589,75
1492,71
1598,76
1448,69
1656,77
1632,77
1394,68
1607,74
1595,74
1622,77
1668,76
1477,68
1581,74
1412,68
1454,68
1466,69
1513,70
1433,69
1588,75
1619,76
1545,74
1412,66
1697,79
1495,72
1441,69
1645,77
1489,71
1686,77
1605,76
1663,77
1618,75
1591,75
1444,70
1545,74
1572,73
1593,74
1476,71
1606,76
1509,71
1645,77
1463,69
1450,71
1496,69
1435,69
1404,68
1449,67
1534,72
1451,71
1466,71
1380,69
1551,73
1629,77
1657,78
1553,72
1717,79
1521,72
1600,76
1615,76
1574,74
1591,73
1513,74
1555,74
1489,69
1691,78
1707,79
1641,77
1541,74
1482,73
1639,76
1388,69
1519,72
1664,78
1632,74
1359,69
1462,67
1695,79
1495,71
1716,79
1697,79
1593,73
1637,77
1549,72
1552,75
1461,71
1667,78
1693,79
1672,78
1501,71
1517,74
1464,69
1340,64
1420,70
1601,76
1437,69
1623,74
1402,69
1534,72
1468,70
1646,77
1655,78
1661,77
1474,71
1629,77
1262,62
1603,75
1479,67
1523,73
1693,79
1663,78
1474,72
1585,74
1550,71
1604,76
1423,68
1547,74
1462,68
1617,76
1470,67
1695,79
1695,79
1402,70
1544,71
1354,63
1521,72
1628,76
1657,77
1603,73
1500,72
1302,63
1571,74
1666,77
1570,74
1420,69
1614,76
1561,72
1494,71
1693,79
1607,77
1400,68
1693,77
1455,68
1645,77
1540,72
1440,71
1528,74
1448,68
1468,69
1567,73
1660,77
1371,68
1540,70
1408,67
1471,71
1574,74
1490,68
1652,75
1652,78
1403,69
1591,73
1461,71
1510,71
1495,72
1423,71
1695,79
1611,75
1278,64
1594,74
1705,79
1613,76
1524,73
1580,76
1602,75
1641,74
1639,77
1635,74
1566,74
1578,74
1353,63
1486,72
1637,74
1394,66
1699,79
1547,74
1421,68
1536,72
1693,79
1459,70
1643,76
1667,76
1692,78
1572,73
1500,72
1648,77
1570,72
1392,68
1693,79
1447,70
1607,75
1572,74
1583,73
1633,77
1413,65
1565,75
1546,74
1583,74
1514,70
1549,72
1330,64
1661,78
1605,75
1688,78
1433,69
1595,73
1635,73
1424,70
1481,69
1341,64
1552,72
1554,75
1654,78
1644,77
1524,72
1714,77
1579,75
1611,73
1413,69
1609,76
1482,68
1566,72
1635,75
1693,79
1461,70
1415,69
1522,71
1436,70
1447,69
1426,69
1491,68
1405,66
1676,78
1550,75
1597,75
1569,71
1582,73
1679,77
1606,76
1493,72
1509,74
1457,71
1601,73
1627,77
1332,64
1681,78
1546,72
1413,67
1648,77
1533,70
1500,71
1534,72
1370,67
1646,76
1505,69
1412,70
1587,76
1508,71
1575,75
1535,73
1405,67
1607,73
1531,71
1444,68
1610,75
1616,75
1402,68
1663,77
1634,77
1646,78
1465,70
1538,73
1533,73
1616,76
1615,75
1634,77
1473,68
1507,71
1488,69
1498,73
1628,76
1663,78
1407,69
1563,72
1453,67
1642,76
1617,75
1532,72
1619,77
1403,64
1493,69
1483,72
1457,68
1693,79
1593,75
1602,74
1600,75
1625,73
1562,72
1495,68
1590,75
1630,77
1577,75
1649,77
1454,69
1405,68
1693,79
1567,73
1553,72
1461,67
1573,74
1475,69
1594,75
1329,65
1630,77
1409,66
1588,74
1558,73
1590,73
1550,73
1633,77
1537,69
1647,76
1646,78
1428,66
1645,78
1622,77
1252,63
1421,70
1621,77
1628,77
1572,73
1510,74
1520,74
1468,71
1522,70
1550,74
1695,79
1445,69
1626,77
1365,67
1625,75
1370,68
1698,78
1492,67
1541,72
1497,71
1455,70
1615,76
1624,76
1630,77
1625,77
1361,68
1594,72
1597,75
1581,75
1323,65
1594,76
1522,74
1582,73
1337,67
1367,69
1605,75
1656,78
1483,71
1609,76
1486,71
1631,73
1531,70
1362,66
1455,72
1668,76
1514,71
1498,73
1645,77
1427,68
1350,66
1594,75
1587,72
1556,73
1570,74
1503,70
1327,65
1555,74
1636,75
1452,70
1542,72
1552,74
1553,74
1606,75
1536,74
1129,58
1552,74
1583,76
1593,75
1584,76
1613,76
1524,71
1630,74
1689,79
1670,77
1350,67
1362,66
1689,79
1369,68
1613,77
1486,71
1611,76
1548,73
1587,73
1674,78
1429,68
1469,67
1283,65
1393,71
1575,75
1602,73
1426,70
1610,76
1442,69
1442,68
1657,78
1575,75
1490,71
1499,72
1505,71
1597,75
1603,75
1409,71
1481,68
1623,76
1583,72
1517,73
1310,66
1557,70
1491,70
1485,70
1546,72
1513,71
1471,71
1644,75
1396,68
1480,71
1648,75
1657,77
1460,70
1495,72
1408,68
1689,79
1548,73
1355,66
1576,74
1662,77
1575,75
1560,74
1670,77
1429,67
1565,71
1548,74
1583,75
1468,71
1516,72
1634,77
1487,69
1571,76
1532,71
1642,77
1287,64
1391,66
1342,64
1615,74
1562,75
1288,62
1486,72
1500,72
1528,73
1572,75
1432,65
1401,67
1623,77
1587,74
1591,74
1416,70
1503,69
1585,75
1398,69
1462,67
1575,74
1622,77
1627,77
1614,76
1544,73
1528,72
1514,74
1543,72
1447,66
1619,76
1525,72
1548,72
1562,75
1482,71
1588,76
1456,70
1537,74
1403,71
1632,74
1299,66
1482,69
1427,69
1573,75
1527,74
1578,73
1427,70
1649,78
1577,73
1463,72
1399,69
1477,73
1523,71
1545,73
1509,71
1533,71
1355,66
1583,74
1583,75
1424,69
1445,70
1655,77
1545,74
1617,76
1630,77
1590,74
1476,70
1634,77
1425,68
1365,65
1583,75
1650,78
1561,75
1668,77
1331,65
1397,63
1499,68
1673,78
1591,76
1541,71
1534,74
1646,77
1556,73
1526,73
1651,77
1437,71
1352,67
1368,69
1299,65
1338,64
1544,70
1618,76
1555,73
1549,74
1561,75
1537,71
1597,76
1576,73
1358,65
1625,77
1479,69
1547,73
1623,76
1608,75
1565,73
1562,73
1689,79
1363,65
1422,71
1640,77
1588,74
1689,79
1628,77
1434,69
1421,68
1466,71
1415,69
1510,73
1359,68
1444,67
1406,68
1585,74
1455,69
1689,79
1609,76
1611,77
1570,73
1509,70
1567,74
1462,69
1641,75
1484,71
1630,75
1399,67
1582,74
1641,77
1586,74
1608,75
1563,73
1425,68
1465,70
1625,77
1581,75
1640,76
1385,65
1526,73
1524,74
1638,76
1552,72
1353,68
1440,68
1684,78
1497,71
1687,79
1343,65
1496,72
1355,65
1442,69
1425,70
1372,66
1608,76
1414,68
1504,72
1511,73
1408,67
1560,75
1432,68
1362,68
1442,69
1671,78
1687,79
1500,70
1309,65
1500,70
1550,72
1575,74
1589,76
1379,67
1458,71
1626,77
1540,72
1448,71
1604,73
1425,67
1639,77
1334,65
1554,72
1500,71
1637,76
1437,69
1630,77
1596,73
1363,67
1646,74
1385,66
1524,74
1326,66
1410,67
1587,75
1490,71
1499,72
1569,75
1402,68
1376,67
1626,76
1602,75
1468,69
1515,73
1555,72
1482,73
1494,72
1488,70
1386,69
1534,75
1505,72
1571,75
1394,68
1573,74
1496,71
1360,67
1543,73
1542,75
1437,69
1433,70
1508,72
1667,78
1454,69
1626,77
1606,77
1510,71
1636,76
1593,76
1449,70
1574,74
1614,76
1583,75
1576,75
1608,73
1429,67
1388,65
1494,73
1502,68
1388,66
1492,73
1661,77
1615,76
1315,63
1469,71
1587,73
1646,77
1657,75
1637,76
1487,71
1381,67
1475,69
1442,69
1423,65
1437,69
1593,76
1646,77
1514,71
1672,78
1556,75
1366,65
1678,76
1641,76
1517,71
1540,73
1619,77
1522,73
1544,71
1564,74
1673,78
1590,74
1248,61
1468,72
1521,74
1578,75
1656,78
1537,72
1278,63
1691,79
1620,76
1597,74
1641,77
1621,77
1506,68
1536,73
1559,73
1554,74
1620,74
1484,70
1429,71
1386,68
1687,79
1464,68
1365,66
1512,72
1353,68
1486,72
1494,72
1534,73
1425,69
1447,69
1613,77
1588,74
1562,75
1466,72
1588,75
1621,76
1561,74
1615,76
1568,74
1410,70
1668,78
1465,70
1409,67
1620,76
1500,73
1505,73
1627,75
1643,77
1393,65
1691,79
1641,77
1572,71
1431,69
1640,77
1421,68
1654,78
1580,72
1529,74
1558,73
1529,73
1398,66
1645,76
1554,69
1638,77
1625,75
1523,73
1590,72
1656,78
1571,73
1495,69
1374,66
1159,58
1492,72
1487,72
1687,79
1513,73
1685,79
1476,71
1676,78
1648,76
1417,65
1299,65
1636,77
1617,76
1627,76
1523,73
1523,73
1641,77
1461,70
1489,71
1634,76
1566,71
1624,77
1433,69
1554,70
1649,78
1350,68
1617,76
1578,71
1514,69
1540,73
1535,70
1508,72
1413,68
1597,75
1697,79
1563,72
1416,69
1547,74
1635,74
1441,70
1433,70
1411,69
1363,65
1426,69
1688,77
1657,77
1478,70
1586,73
1645,77
1695,79
1497,70
1624,76
1557,74
1441,70
1583,73
1665,78
1685,79
1685,79
1594,74
1631,77
1667,78
1583,72
1674,77
1637,77
1622,75
1507,72
1513,70
1492,69
1649,77
1567,73
1623,76
1531,72
1561,73
1513,71
1636,76
1678,77
1410,67
1345,66
1438,68
1482,69
1441,68
1645,76
1495,70
1564,72
1482,73
1597,75
1621,75
1569,75
1490,74
1475,68
1648,78
1517,70
1660,77
1699,78
1599,74
1357,66
1414,70
1502,71
1667,78
1523,73
1682,78
1571,76
1354,65
1663,78
1682,78
1452,68
1380,68
1567,74
1535,73
1689,79
1641,77
1525,69
1642,77
1424,69
1533,73
1606,75
1432,69
1644,77
1684,78
1632,76
1460,70
1428,68
1626,75
1390,67
1628,77
1447,69
1528,73
1624,75
1494,72
1603,73
1674,78
1470,69
1685,79
1691,79
1643,78
1419,71
1581,74
1654,77
1685,79
1422,70
1538,71
1574,75
1286,63
1591,76
1488,69
1497,70
1495,71
1369,68
1672,78
1512,71
1573,75
1660,78
1648,78
1639,77
1413,67
1622,76
1432,70
1623,76
1625,76
1679,79
1478,73
1602,76
1364,65
1434,69
1575,75
1679,79
1636,77
1636,77
1604,73
1550,75
1644,78
1658,78
1536,74
1697,79
1634,76
1648,78
1712,79
1689,79
1537,72
1219,59
1677,79
1471,70
1615,75
1497,70
1392,68
1642,76
1528,73
1555,72
1422,69
1576,71
1559,73
1650,77
1605,76
1645,76
1460,68
1694,78
1627,77
1569,75
1417,70
1577,74
1529,69
1677,79
1645,78
1423,70
1687,79
1463,71
1608,72
1570,75
1474,71
1557,75
1677,79
1635,77
1414,65
1460,68
1400,64
1611,77
1550,72
1658,78
1474,71
1584,73
1354,66
1485,68
1620,76
1487,72
1607,73
1679,79
1518,68
1590,76
1642,76
1589,74
1237,60
1634,77
1460,69
1630,77
1677,79
1676,79
1668,79
1300,63
1646,77
1575,74
1522,71
1677,78
1582,76
1717,78
1636,77
1546,75
1513,73
1530,73
1537,73
1670,79
1455,72
1676,79
1611,77
1678,79
1528,72
1598,75
1257,61
1565,73
1551,74
1559,74
1614,77
1488,73
1477,68
1611,76
1627,77
1656,78
1538,74
1616,77
1618,77
1432,70
1402,67
1662,79
1633,78
1642,77
1624,74
1513,73
1471,70
1521,72
1650,76
1319,66
1617,77
1634,76
1322,66
1624,77
1601,74
1556,74
1368,67
1348,65
1521,71
1456,70
1632,75
1372,67
1544,72
1631,78
1607,77
1596,77
1534,74
1424,71
1482,72
1498,71
1477,72
1505,74
1521,74
1510,71
1618,77
1479,69
1666,79
1406,68
1296,64
1647,78
1458,71
1561,76
1412,67
1485,71
1488,69
1630,77
1325,68
1621,78
1454,71
1603,75
1631,78
1476,73
1417,68
1519,72
1507,72
1515,74
1559,74
1702,78
1627,76
1662,79
1455,71
1474,67
1630,78
1510,73
1558,73
1529,72
1512,74
1648,77
1617,77
1608,75
1438,69
1583,75
1388,69
1451,67
1372,66
1446,71
1615,77
1506,74
1478,70
1655,78
1493,70
1533,75
1587,76
1583,75
1538,73
1571,76
1501,72
1515,72
1570,75
1489,70
1507,72
1264,64
1637,77
1235,62
1499,72
1380,67
1465,70
1591,74
1675,78
1676,79
1536,74
1429,69
1395,69
1427,70
1593,73
1399,67
1451,69
1426,68
1516,73
1524,69
1443,70
1599,77
1683,79
1379,65
1579,75
1575,76
1664,79
1653,78
1576,76
1609,77
1374,69
1636,78
1450,72
1537,70
1529,73
1611,77
1641,75
1482,70
1510,73
1379,67
1313,65
1638,77
1641,78
1580,76
1552,75
1641,76
1510,70
1475,70
1662,79
1569,72
1541,73
1549,73
1662,79
1553,75
1662,79
1369,64
1624,78
1544,75
1578,75
1521,74
1624,77
1607,75
1617,77
1646,77
1601,73
1485,71
1414,71
1253,62
1627,76
1288,66
1461,72
1625,76
1645,77
1550,74
1631,78
1412,70
1633,77
1480,71
1625,78
1584,77
1588,75
1514,70
1346,67
1555,76
1391,69
1600,77
1519,74
1582,75
1617,78
1540,72
1436,64
1539,73
1438,70
1553,73
1504,68
1346,64
1358,68
1636,78
1652,78
1415,67
1632,78
1551,73
1616,77
1413,71
1712,78
1662,79
1505,73
1394,69
1414,70
1662,79
1580,74
1648,78
1654,77
1374,67
1491,66
1600,75
1484,70
1662,79
1455,70
1551,75
1422,67
1645,78
1666,79
1533,71
1618,76
1592,76
1381,68
1531,73
1603,76
1334,65
1458,73
1646,78
1541,75
1414,69
1494,72
1346,67
1575,75
1646,75
1537,70
1469,69
1662,79
1668,79
1464,70
1689,79
1413,70
1622,78
1581,76
1518,73
1483,70
1618,77
1499,73
1625,78
1508,69
1621,76
1512,72
1564,76
1452,71
1487,72
1386,68
1598,76
1613,77
1489,70
1458,70
1573,75
1662,79
1609,76
1645,77
1662,79
1652,78
1405,69
1327,67
1673,77
1470,72
1565,75
1654,74
1395,69
1402,68
1617,78
1592,73
1449,69
1647,77
1645,76
1538,75
1615,77
1466,71
1573,75
1449,72
1512,74
1407,67
1373,68
1436,68
1611,76
1305,64
1319,65
1519,73
1583,75
1605,73
1645,78
1449,70
1370,67
1547,75
1456,71
1603,77
1446,69
1560,74
1609,76
1605,76
1430,70
1306,64
1385,67
1503,73
1528,73
1476,68
1461,73
1662,78
1595,76
1648,78
1446,70
1460,72
1490,68
1623,77
1638,77
1559,75
1628,76
1373,68
1629,76
1447,69
1504,73
1633,78
1504,71
1652,78
1412,71
1373,66
1575,76
1387,66
1541,73
1503,72
1459,70
1474,70
1618,77
1526,73
1574,74
1487,72
1563,72
1582,76
1634,78
1395,69
1679,77
1509,71
1562,73
1360,68
1548,74
1610,77
1664,79
1636,77
1656,78
1388,68
1394,69
1472,71
1365,67
1472,70
1592,76
1570,76
1509,73
1662,79
1484,72
1610,75
1662,79
1388,66
1452,71
1428,68
1584,75
1609,77
1651,76
1505,73
1569,76
1573,75
1530,72
1381,69
1664,79
1476,72
1332,67
1267,64
1586,74
1654,78
1393,67
1483,69
1560,73
1505,70
1548,74
1618,78
1601,76
1423,68
1555,76
1485,73
1462,70
1676,78
1617,77
1432,68
1600,77
1558,72
1609,75
1566,74
1432,70
1605,75
1662,79
1599,75
1584,76
1515,73
1414,70
1618,76
1496,72
1617,77
1357,67
1596,72
1251,62
1658,79
1530,74
1610,78
1423,69
1539,70
1524,73
1671,78
1355,66
1584,76
1551,74
1514,74
1707,79
1650,78
1557,72
1552,75
1498,73
1533,75
1668,79
1536,75
1598,77
1602,75
1558,74
1658,79
1500,72
1567,72
1536,74
1315,66
1577,73
1651,78
1352,66
1596,74
1604,77
1350,68
1603,75
1500,74
1633,78
1481,72
1451,70
1383,67
1450,72
1507,71
1486,68
1592,74
1648,78
1541,74
1395,70
1561,75
1418,68
1616,78
1668,79
1589,76
1577,77
1534,72
1423,66
1538,72
1470,71
1599,76
1608,76
1351,65
1667,78
1401,70
1420,70
1625,77
1585,75
1662,77
1552,74
1495,74
1658,79
1369,68
1475,72
1587,75
1499,73
1575,74
1547,74
1454,69
1543,72
1453,72
1497,74
1227,61
1648,76
1308,64
1440,70
1524,73
1566,76
1481,70
1593,75
1599,77
1570,76
1557,75
1378,68
1543,75
1500,73
1423,68
1465,70
1567,73
1424,68
1627,76
1631,78
1616,76
1592,77
1388,67
1505,74
1498,73
1630,77
1486,73
1559,76
1437,71
1542,75
1622,77
1628,78
1543,73
1476,73
1662,77
1657,78
1517,70
1586,76
1469,72
1530,73
1578,76
1541,70
1592,76
1483,72
1564,77
1431,72
1655,78
1543,71
1606,74
1685,79
1500,72
1535,74
1569,75
1588,75
1633,77
1658,79
1668,79
1631,76
1606,75
1385,68
1658,79
1518,74
1491,69
1357,68
1348,65
1587,76
1510,73
1585,76
1710,78
1478,71
1478,72
1401,69
1521,72
1617,73
1530,75
1521,74
1629,78
1572,76
1455,70
1451,71
1587,77
1393,67
1630,77
1378,67
1608,75
1485,72
1558,75
1462,71
1621,78
1617,75
1628,77
1473,72
1583,76
1462,70
1621,78
1555,76
1580,77
1658,79
1599,75
1583,77
1560,73
1655,78
1340,68
1498,70
1572,74
1610,78
1349,65
1452,72
1658,79
1600,75
1457,71
1528,73
1614,77
1604,75
1482,71
1610,77
1339,67
1602,76
1626,78
1473,72
1507,73
1538,73
1664,79
1564,74
1662,79
1649,77
1643,78
1483,72
1498,74
1464,69
1584,77
1607,77
1658,79
1552,74
1462,69
1668,79
1477,73
1543,75
1322,63
1600,77
1553,75
1557,73
1410,69
1540,74
1569,75
1587,76
1657,75
1538,72
1545,75
1330,64
1673,79
1660,79
1435,72
1593,77
1350,66
1598,73
1404,67
1414,70
1618,75
1544,74
1579,76
1613,77
1635,76
1472,69
1511,70
1658,79
1529,73
1481,71
1401,67
1606,78
1522,73
1578,76
1433,67
1539,75
1520,74
1529,74
1660,79
1538,74
1510,72
1495,69
1552,72
1514,73
1652,78
1459,70
1467,72
1504,74
1606,76
1580,73
1352,69
1422,69
1503,74
1658,79
1606,78
1497,70
1419,69
1520,74
1481,73
1429,68
1459,71
1581,74
1654,78
1664,79
1427,67
1491,72
1651,77
1395,70
1650,78
1405,71
1379,69
1501,73
1639,78
1535,73
1425,71
1536,75
1399,68
1622,77
1556,73
1497,74
1588,76
1309,66
1492,72
1525,74
1470,71
1584,76
1507,72
1599,76
1482,70
1458,72
1594,75
1586,76
1618,77
1629,78
1620,77
1551,75
1373,67
1638,78
1451,71
1654,78
1646,78
1543,74
1496,72
1469,69
1531,72
1615,76
1673,79
1615,76
1455,72
1666,78
1650,77
1430,70
1612,77
1416,67
1594,76
1613,73
1599,77
1624,76
1600,75
1622,77
1395,70
1588,77
1551,72
1495,70
1615,73
1480,72
1470,71
1664,77
1584,76
1659,78
1404,65
1535,73
1587,74
1553,74
1628,77
1658,79
1625,78
1658,79
1465,72
1379,68
1305,67
1491,71
1541,74
1503,71
1623,78
1658,79
1587,76
1505,73
1499,72
1504,73
1493,73
1626,78
1616,76
1530,73
1536,74
1612,77
1452,67
1512,68
1455,72
1658,79
1452,70
1579,75
1622,77
1407,67
1612,77
1557,73
1613,77
1635,77
1632,77
1607,77
1385,67
1557,73
1658,79
1494,71
1363,69
1561,75
1615,78
1433,69
1485,72
1653,78
1658,79
1496,73
1429,70
1607,77
1514,72
1658,79
1553,75
1410,68
1367,66
1391,69
1488,69
1568,75
1559,71
1564,73
1577,74
1619,78
1542,74
1613,76
1617,78
1645,78
1592,75
1583,73
1563,74
1623,74
1426,71
1627,78
1550,74
1629,78
1459,70
1501,71
1507,71
1464,70
1385,70
1641,78
1517,75
1652,75
1565,75
1615,77
1407,67
1658,79
1579,77
1651,77
1331,64
1554,74
1451,71
1418,68
1491,73
1563,75
1364,68
1623,77
1456,70
1451,72
1460,71
1600,74
1487,72
1505,71
1251,63
1529,72
1594,75
1664,79
1543,75
1524,73
1656,78
1494,73
1552,75
1635,76
1648,78
1409,70
1305,66
1485,73
1502,73
1410,70
1672,76
1446,69
1639,78
1625,77
1425,71
1479,70
1251,65
1588,75
1456,72
1633,76
1354,66
1481,70
1627,78
1407,68
1444,72
1653,78
1554,75
1617,77
1658,79
1514,71
1670,79
1461,71
1629,78
1526,74
1539,74
1674,76
1568,74
1525,74
1629,78
1507,72
1544,71
1357,68
1601,76
1530,71
1492,73
1491,72
1549,71
1497,69
1538,72
1478,71
1246,64
1593,74
1406,69
1542,74
1466,71
1580,76
1513,72
1487,74
1637,78
1624,77
1480,71
1577,75
1600,74
1626,74
1658,79
1554,74
1365,67
1286,66
1432,71
1570,75
1516,74
1580,75
1365,68
1594,77
1635,77
1485,73
1582,76
1387,69
1603,77
1635,78
1442,72
1523,73
1560,75
1660,79
1529,74
1623,78
1475,72
1513,70
1566,74
1613,77
1460,70
1629,77
1349,67
1553,74
1380,70
1317,68
1583,75
1483,73
1652,78
1636,78
1296,67
1536,74
1482,73
1431,70
1414,71
1629,78
1636,76
1658,79
1460,70
1600,72
1446,72
1455,73
1290,64
1335,66
1393,69
1402,69
1361,67
1472,70
1442,68
1640,76
1309,65
1418,69
1446,68
1638,78
1618,72
1615,78
1626,77
1665,79
1613,77
1631,78
1593,77
1504,74
1625,77
1457,70
1481,71
1399,69
1567,74
1494,72
1570,73
1546,75
1389,69
1288,66
1298,66
1606,76
1527,73
1595,75
1342,68
1330,65
1381,64
1379,69
1490,71
1472,73
1665,77
1575,74
1612,76
1594,77
1562,76
1540,73
1587,77
1557,74
1659,77
1490,72
1490,69
1652,78
1432,68
1435,68
1400,68
1282,66
1628,75
1497,74
1629,74
1587,76
1599,77
1658,79
1512,72
1365,68
1559,73
1559,75
1492,70
1509,74
1572,75
1401,71
1693,78
1658,79
1574,76
1533,73
1621,75
1273,66
1534,73
1493,71
1522,73
1415,71
1640,78
1673,78
1490,71
1572,74
1539,75
1579,74
1494,74
1540,74
1674,79
1586,76
1549,73
1326,66
1390,69
1434,68
1636,78
1614,77
1586,74
1326,67
1573,74
1580,75
1492,72
1496,69
1496,70
1582,76
1547,75
1523,74
1589,77
1356,67
1502,71
1513,74
1569,76
1523,74
1436,72
1635,78
1502,72
1693,79
1454,69
1658,79
1559,75
1447,70
1451,71
1418,69
1569,74
1417,71
1393,70
1448,73
1594,76
1500,70
1658,79
1512,72
1630,77
1590,76
1623,76
1434,70
1629,78
1397,71
1576,76
1374,69
1450,72
1382,70
1620,77
1368,66
1646,77
1363,67
1631,78
1658,79
1538,71
1466,72
1332,68
1619,78
1553,74
1630,77
1621,78
1553,75
1453,70
1664,79
1412,68
1428,64
1543,75
1632,78
1506,72
1398,66
1551,75
1608,76
1396,72
1296,66
1608,77
1658,79
1452,69
1440,72
1347,65
1546,72
1558,76
1543,73
1566,74
1658,79
1446,70
1592,75
1477,72
1395,71
1424,70
1490,70
1587,77
1523,73
1442,68
1554,75
1450,69
1479,69
1557,74
1450,69
1314,65
1504,72
1623,78
1522,72
1621,78
1664,79
1509,75
1658,79
1421,70
1396,69
1632,78
1580,72
1668,79
1554,75
1554,75
1523,70
1520,74
1662,78
1505,72
1630,77
1618,77
1635,78
1591,75
1560,75
1623,76
1666,79
1603,76
1506,71
1328,67
1402,68
1553,74
1441,70
1401,69
1430,69
1533,76
1581,75
1569,73
1651,77
1623,78
1586,76
1540,72
1475,72
1631,77
1609,76
1654,79
1536,73
1598,76
1611,74
1659,78
1630,77
1576,77
1365,67
1547,74
1480,69
1383,67
1596,77
1646,78
1635,77
1627,78
1605,77
1341,68
1620,74
1568,74
1399,68
1619,78
1417,69
1347,66
1582,74
1373,69
1575,76
1486,71
1506,72
1598,77
1507,73
1668,79
1544,75
1436,70
1620,78
1599,76
1345,66
1297,63
1520,72
1542,75
1654,79
1581,76
1607,77
1551,74
1654,79
1478,72
1521,73
1564,76
1603,75
1607,77
1635,76
1595,76
1580,76
1616,75
1652,79
1683,78
1439,71
1629,78
1536,72
1635,76
1660,79
1625,77
1585,76
1599,77
1588,77
1652,79
1584,76
1623,77
1550,74
1520,73
1457,71
1677,79
1459,72
1585,72
1463,70
1542,74
1458,70
1615,75
1603,77
1615,78
1533,73
1629,76
1652,79
1477,71
1518,71
1399,68
1645,78
1461,72
1475,71
1565,75
1624,77
1461,70
1469,71
1494,72
1469,71
1433,69
1545,74
1628,78
1523,72
1598,76
1591,75
1571,74
1637,78
1400,68
1493,71
1522,74
1549,75
1580,76
1287,66
1387,68
1196,57
1467,73
1547,74
1517,70
1572,75
1509,69
1698,74
1620,77
1524,74
1451,70
1404,71
1614,77
1643,74
1652,79
1567,73
1324,69
1631,78
1570,75
1433,72
1588,75
1500,72
1598,76
1376,69
1639,78
1577,72
1419,69
1594,77
1661,77
1662,79
1456,71
1472,69
1403,70
1522,74
1526,73
1652,79
1501,74
1506,72
1528,74
1546,72
1574,75
1611,77
1444,71
1644,78
1570,75
1495,73
1431,71
1565,76
1664,79
1549,74
1520,72
1593,77
1382,66
1574,76
1593,77
1613,77
1456,68
1629,77
1580,77
1652,79
1589,76
1522,74
1573,74
1650,79
1475,73
1570,76
1594,76
1652,79
1584,77
1601,75
1569,76
1603,77
1535,75
1570,76
1503,73
1553,75
1503,71
1284,61
1510,75
1505,74
1635,78
1572,76
1554,76
1274,60
1560,75
1587,76
1466,72
1476,70
1507,73
1572,74
1552,74
1632,77
1594,76
1584,73
1539,72
1602,76
1619,77
1582,75
1662,79
1547,74
1572,70
1584,74
1387,64
1539,75
1410,67
1519,72
1574,76
1550,73
1523,74
1530,72
1633,78
1595,76
1564,74
1621,77
1666,78
1560,75
1600,78
1630,77
1585,77
1642,78
1615,78
1564,74
1613,76
1463,69
1511,74
1374,69
1466,71
1628,78
1627,76
1370,66
1607,78
1596,75
1467,71
1664,79
1631,78
1497,71
1557,75
1452,71
1509,69
1486,70
1521,73
1446,71
1655,78
1308,67
1545,74
1587,76
1378,66
1590,77
1507,72
1628,76
1590,75
1524,72
1638,78
1575,75
1524,73
1619,77
1622,77
1558,74
1597,76
1472,73
1664,79
1592,76
1610,77
1468,65
1418,67
1425,70
1390,68
1642,78
1497,72
1650,79
1544,73
1512,70
1452,66
1683,79
1489,69
1418,67
1576,72
1647,78
1420,67
1421,68
1572,77
1538,74
1567,75
1408,67
1522,73
1579,74
1360,66
1496,70
1521,72
1624,77
1638,78
1519,74
1625,77
1654,77
1650,79
1550,75
1495,73
1590,76
1618,76
1504,71
1660,79
1283,66
1497,74
1622,76
1532,74
1463,71
1577,75
1627,78
1427,69
1516,74
1616,77
1476,70
1643,78
1604,74
1523,74
1576,75
1400,67
1585,76
1390,71
1521,72
1538,75
1671,78
1650,79
1607,75
1418,68
1540,70
1392,68
1460,69
1495,72
1652,79
1470,70
1597,76
1608,75
1299,65
1658,79
1593,74
1605,77
1530,73
1524,72
1650,78
1517,73
1621,77
1535,73
1453,71
1602,77
1506,73
1630,78
1587,70
1367,68
1398,67
1480,70
1620,77
1574,74
1660,79
1611,77
1536,73
1525,72
1650,79
1431,69
1511,72
1368,66
1592,77
1622,77
1662,79
1492,72
1485,71
1467,69
1573,74
1659,78
1534,75
1614,77
1536,73
1379,67
1489,69
1615,78
1336,66
1596,75
1598,76
1480,73
1582,75
1505,70
1562,75
1484,71
1652,79
1637,78
1525,74
1623,76
1609,76
1475,71
1545,74
1698,77
1543,76
1579,74
1594,76
1558,73
1565,74
1519,73
1544,74
1303,61
1633,78
1652,77
1559,74
1650,79
1443,72
1430,70
1491,73
1573,74
1660,79
1588,76
1502,72
1653,77
1565,73
1613,77
1408,70
1615,77
1598,77
1593,76
1664,79
1508,73
1657,76
1636,78
1533,73
1441,71
1496,73
1612,76
1529,73
1448,68
1575,74
1454,71
1559,75
1527,75
1620,77
1613,77
1542,74
1649,78
1556,75
1463,69
1630,78
1543,72
1482,73
1658,79
1569,75
1606,75
1508,74
1462,70
1606,76
1677,78
1459,72
1484,71
1531,72
1656,79
1616,78
1547,75
1507,71
1389,68
1627,77
1528,73
1570,75
1580,75
1641,76
1543,74
1535,73
1648,79
1546,75
1533,74
1565,74
1594,77
1457,71
1388,69
1599,77
1310,65
1586,77
1566,75
1620,77
1498,71
1624,77
1627,78
1509,71
1539,72
1586,77
1572,76
1591,76
1542,74
1626,78
1284,63
1441,72
1536,71
1573,77
1596,75
1510,74
1612,77
1584,77
1446,71
1599,75
1531,74
1589,75
1654,79
1667,78
1670,79
1491,70
1490,70
1469,72
1637,78
1462,71
1630,78
1594,74
1643,77
1553,76
1493,71
1526,72
1664,79
1581,76
1317,65
1580,76
1517,72
1409,69
1521,72
1619,77
1469,72
1607,75
1439,72
1656,79
1457,71
1524,71
1637,78
1525,71
1636,77
1605,77
1490,72
1331,67
1602,75
1518,73
1500,70
1648,79
1516,72
1565,74
1620,77
1618,78
1550,72
1548,74
1571,75
1474,71
1541,74
1544,74
1630,78
1561,72
1565,76
1592,74
1615,77
1648,79
1655,78
1638,78
1340,65
1655,77
1600,77
1637,78
1448,70
1547,73
1555,74
1590,76
1578,74
1648,79
1592,76
1585,75
1559,75
1562,73
1676,79
1676,78
1301,67
1643,79
1357,68
1543,75
1643,79
1487,72
1645,79
1657,79
1494,71
1411,70
1453,71
1415,69
1330,65
1436,70
1367,69
1448,70
1363,69
1458,69
1442,71
1401,68
1563,75
1559,74
1553,72
1298,64
1421,69
1472,72
1372,68
1546,73
1629,76
1418,70
1293,66
1335,67
1471,71
1268,64
1565,74
1462,72
1589,76
1425,67
1427,71
1532,73
1415,70
1534,74
1549,73
1360,65
1595,77
1561,76
1614,78
1415,70
1562,76
1377,69
1504,72
1586,76
1615,77
1641,78
1487,73
1462,71
1382,68
1475,71
1448,71
1494,71
1466,69
1500,73
1565,76
1567,76
1508,73
1360,69
1507,74
1618,78
1607,77
1643,79
1479,70
1365,66
1605,78
1360,67
1446,70
1453,70
1621,75
1602,77
1527,75
1654,78
1636,74
1544,73
1643,76
1377,68
1494,70
1647,78
1286,66
1424,71
1589,76
1651,78
1494,72
1427,68
1411,70
1482,69
1513,73
1572,75
1551,74
1528,71
1498,73
1446,67
1504,72
1561,75
1530,73
1527,73
1544,73
1429,64
1446,70
1532,74
1643,77
1536,75
1633,77
1574,75
1581,75
1589,76
1515,74
1574,75
1468,74
1621,78
1518,72
1432,71
1565,73
1361,68
1517,72
1551,73
1467,70
1574,76
1574,75
1507,73
1493,73
1615,77
1440,70
1645,79
1374,68
1456,70
1583,75
1490,72
1520,73
1238,62
1647,79
1558,73
1420,68
1461,70
1322,66
1632,78
1618,78
1453,72
1285,67
1651,77
1472,70
1418,70
1470,71
1621,77
1643,79
1643,79
1573,75
1521,74
1265,66
1372,68
1610,78
1556,74
1539,74
1496,74
1501,74
1594,75
1487,72
1483,72
1436,72
1558,75
1501,73
1508,71
1408,68
1399,67
1600,77
1626,78
1649,79
1598,77
1553,74
1643,79
1504,73
1424,72
1449,70
1569,74
1547,73
1555,75
1343,65
1609,77
1421,70
1539,75
1501,73
1570,74
1574,76
1639,79
1528,73
1443,70
1583,75
1621,78
1645,79
1349,66
1542,74
1638,77
1602,77
1575,76
1527,74
1635,79
1422,68
1498,71
1599,75
1385,69
1466,71
1551,74
1486,69
1438,71
1557,74
1465,71
1551,75
1558,75
1512,73
1448,69
1594,78
1273,65
1655,79
1588,74
1515,70
1283,65
1625,78
1654,79
1587,77
1416,69
1510,73
1349,66
1412,70
1478,71
1448,70
1603,75
1424,71
1515,72
1514,73
1495,70
1493,72
1612,78
1608,77
1606,77
1650,77
1625,77
1267,63
1404,67
1437,70
1289,66
1600,76
1603,77
1498,72
1306,66
1504,70
1440,70
1523,74
1493,73
1545,75
1221,64
1457,71
1635,79
1313,62
1564,76
1427,69
1535,74
1512,73
1539,73
1485,73
1637,78
1382,67
1396,68
1277,65
1337,68
1530,73
1542,73
1468,72
1531,72
1487,72
1568,74
1621,78
1454,71
1597,76
1545,76
1616,77
1543,75
1594,75
1662,78
1408,69
1566,75
1498,73
1635,79
1514,72
1598,75
1598,75
1402,68
1489,71
1312,67
1630,78
1645,78
1557,75
1342,67
1632,78
1445,71
1554,76
1505,72
1629,76
1580,73
1387,70
1650,79
1479,69
1552,77
1458,70
1587,76
1540,74
1412,69
1409,70
1564,76
1494,73
1402,69
1505,72
1475,71
1460,72
1550,75
1359,67
1499,73
1360,67
1463,73
1608,76
1548,74
1620,78
1447,70
1556,77
1387,70
1334,68
1563,76
1635,79
1623,78
1538,73
1582,76
1554,76
1572,76
1454,70
1577,76
1471,69
1228,63
1588,77
1656,78
1570,74
1633,78
1627,78
1569,74
1343,66
1493,73
1639,79
1645,77
1504,73
1599,77
1322,68
1591,74
1602,77
1495,69
1435,68
1572,75
1305,66
1554,75
1425,71
1635,79
1309,65
1654,79
1545,74
1635,79
1601,77
1474,70
1264,60
1638,78
1639,79
1512,73
1635,79
1607,77
1481,68
1519,74
1477,71
1602,76
1510,73
1557,76
1389,68
1294,65
1473,72
1656,79
1620,77
1575,76
1592,76
1395,68
1485,70
1586,75
1512,73
1418,68
1647,79
1640,78
1635,79
1500,72
1440,69
1595,76
1603,77
1516,73
1401,70
1551,77
1637,79
1626,76
1613,76
1573,76
1417,68
1236,63
1457,70
1619,77
1359,68
1555,76
1476,71
1610,78
1637,79
1489,72
1587,77
1499,74
1393,69
1539,74
1514,71
1383,67
1606,78
1652,79
1445,72
1496,72
1328,67
1531,73
1503,73
1470,74
1659,79
1333,67
1581,76
1581,76
1644,79
1369,68
1630,78
1295,63
1396,65
1604,75
1406,69
1575,76
1563,75
1517,74
1517,73
1630,78
1430,71
1355,66
1502,71
1370,65
1449,70
1417,70
1647,79
1527,75
1556,75
1608,77
1534,73
1561,76
1391,68
1326,63
1643,79
1549,74
1572,76
1550,75
1601,77
1601,76
1513,74
1635,79
1641,77
1647,78
1477,73
1423,70
1435,67
1344,65
1635,79
1453,70
1530,75
1533,75
1676,79
1535,74
1439,70
1649,79
1535,74
1536,73
1470,72
1569,76
1600,77
1635,79
1557,74
1522,72
1487,71
1561,77
1639,79
1567,74
1470,72
1502,73
1585,77
1510,73
1415,69
1495,71
1527,74
1567,75
1360,67
1444,67
1499,73
1631,77
1612,78
1465,70
1635,79
1546,76
1597,77
1635,79
1206,60
1392,68
1510,71
1568,75
1649,79
1586,73
1333,64
1320,65
1592,76
1409,68
1572,75
1443,71
1456,71
1504,74
1635,79
1635,79
1421,70
1583,75
1570,76
1300,66
1435,71
1417,70
1414,67
1439,70
1478,71
1639,79
1531,74
1635,79
1564,75
1612,78
1535,72
1470,69
1545,74
1517,70
1614,78
1572,77
1543,74
1532,75
1601,78
1553,74
1390,69
1420,67
1577,76
1634,78
1557,75
1538,74
1571,76
1578,77
1635,79
1635,79
1506,72
1508,72
1641,79
1435,70
1517,74
1517,71
1508,73
1679,77
1304,65
1468,71
1550,75
1529,75
1373,68
1618,77
1427,70
1554,74
1360,69
1276,64
1565,77
1571,75
1673,79
1570,76
1303,61
1635,79
1545,74
1421,67
1630,77
1538,74
1445,69
1566,74
1572,77
1550,74
1579,76
1571,76
1505,72
1272,63
1401,66
1459,68
1616,77
1643,79
1663,79
1604,77
1604,78
1596,77
1641,79
1496,73
1398,68
1591,76
1635,79
1513,73
1644,78
1438,70
1410,68
1551,75
1496,73
1540,72
1370,65
1635,79
1603,77
1594,74
1597,76
1630,78
1572,76
1566,75
1536,73
1580,75
1412,68
1390,70
1361,67
1551,74
1267,66
1459,70
1246,63
1512,72
1676,78
1657,79
1514,72
1459,67
1580,76
1582,76
1571,76
1539,74
1341,68
1496,74
1476,70
1419,70
1359,66
1343,67
1559,72
1608,75
1455,68
1435,71
1563,76
1432,69
1550,76
1557,72
1660,78
1507,71
1657,79
1609,76
1472,72
1635,79
1432,69
1172,62
1551,72
1652,78
1637,79
1538,75
1506,72
1497,73
1518,73
1460,69
1369,67
1637,79
1429,69
1523,73
1630,78
1635,79
1647,78
1489,71
1547,74
1351,66
1577,76
1569,76
1622,78
1641,79
1506,71
1508,73
1546,74
1598,77
1468,70
1637,79
1630,78
1506,73
1597,76
1648,79
1496,71
1528,72
1347,62
1483,73
1485,69
1681,78
1539,74
1314,66
1561,74
1372,67
1477,71
1241,65
1486,72
1386,69
1334,67
1670,78
1605,78
1560,75
1424,69
1639,79
1448,70
1654,77
1440,72
1385,67
1431,70
1544,75
1426,70
1552,74
1515,72
1362,67
1635,79
1613,77
1518,70
1562,74
1441,70
1413,72
1547,73
1470,70
1628,77
1413,71
1249,62
1456,69
1423,71
1666,78
1593,77
1484,73
1540,72
1595,77
1499,73
1449,71
1639,79
1460,71
1377,66
1502,74
1372,68
1567,76
1414,67
1496,73
1397,70
1405,69
1497,71
1469,70
1518,74
1393,68
1531,76
1522,73
1408,70
1530,73
1628,76
1382,70
1589,76
1452,72
1574,75
1514,74
1556,75
1347,67
1563,77
1529,73
1561,73
1633,79
1324,63
1643,79
1349,65
1565,76
1633,79
1603,77
1549,75
1625,78
1436,69
1424,69
1408,69
1403,69
1426,70
1660,79
1568,76
1548,74
1445,69
1628,78
1654,78
1589,76
1401,67
1635,79
1621,76
1412,69
1574,76
1510,71
1449,69
1285,62
1505,73
1576,77
1634,76
1410,67
1406,67
1565,75
1487,70
1437,69
1585,76
1577,76
1456,72
1422,70
1639,79
1634,76
1383,69
1618,78
1516,76
1567,76
1477,71
1508,72
1531,75
1535,75
1633,79
1566,76
1509,75
1556,75
1471,69
1621,77
1592,76
1547,76
1600,77
1401,70
1428,68
1589,76
1537,73
1521,75
1501,73
1497,71
1457,73
1456,72
1595,75
1631,78
1572,75
1345,66
1657,78
1616,78
1367,69
1409,68
1596,77
1439,70
1418,73
1454,70
1623,77
1633,79
1573,77
1496,73
1587,76
1472,71
1527,72
1677,79
1447,69
1635,79
1542,74
1591,77
1319,67
1301,65
1640,77
1518,74
1581,77
1633,79
1460,70
1451,73
1459,70
1328,64
1537,75
1555,75
1557,73
1458,72
1620,77
1389,69
1554,71
1525,70
1511,73
1520,72
1619,76
1435,68
1492,72
1422,68
1639,78
1637,78
1633,79
1436,71
1590,77
1496,73
1612,75
1612,77
1629,78
1553,75
1610,77
1432,70
1632,79
1607,75
1519,73
1652,79
1436,72
1597,78
1610,78
1503,73
1459,70
1307,66
1491,73
1501,70
1615,75
1491,71
1589,76
1650,77
1502,71
1560,76
1673,79
1638,79
1593,77
1526,72
1433,68
1401,68
1634,79
1659,79
1494,72
1666,79
1483,73
1524,74
1498,69
1509,72
1541,73
1417,70
1632,79
1458,70
1585,78
1608,76
1479,72
1628,78
1490,72
1434,68
1532,74
1497,69
1417,70
1613,76
1472,70
1470,69
1557,74
1605,77
1533,76
1536,73
1367,67
1633,79
1630,78
1610,78
1441,70
1584,77
1514,74
1467,70
1664,79
1633,79
1589,77
1607,77
1626,79
1437,69
1501,72
1564,75
1681,79
1653,79
1610,78
1383,67
1461,68
1461,69
1559,76
1626,79
1487,69
1423,73
1608,76
1576,74
1564,75
1555,76
1507,73
1604,77
1579,76
1468,73
1547,74
1500,71
1649,78
1311,66
1454,72
1564,75
1505,71
1617,77
1528,73
1630,79
1339,64
1446,70
1591,75
1524,74
1603,76
1608,77
1547,76
1581,76
1391,65
1599,78
1630,79
1489,74
1442,70
1514,73
1527,74
1534,72
1624,79
1488,72
1473,68
1352,67
1605,78
1581,76
1589,76
1506,72
1619,78
1643,79
1598,78
1345,68
1594,72
1464,70
1499,70
1527,74
1513,73
1597,76
1504,70
1493,72
1622,78
1360,67
1527,73
1583,77
1561,76
1416,71
1454,68
1590,78
1626,78
1558,76
1602,77
1569,77
1485,70
1542,77
1441,71
1610,78
1444,68
1626,79
1534,76
1611,78
1459,69
1660,79
1312,63
1503,72
1410,68
1628,79
1680,76
1626,79
1625,77
1582,77
1584,76