1542,65
1542,65
1544,65
1711,72
1715,72
1451,62
1711,72
1711,72
1711,72
1638,69
1594,68
1558,66
1630,69
1669,71
1542,66
1689,71
1709,72
1684,71
1530,64
1584,68
1644,69
1626,69
1516,64
1483,63
1625,70
1557,67
1628,72
1583,70
1563,68
1599,71
1597,71
1628,72
1439,64
1525,68
1494,64
1544,70
1628,72
1622,72
1397,64
1565,70
1567,69
1496,67
1591,71
1556,71
1560,69
1604,71
1522,67
1597,71
1622,72
1580,68
1583,71
1508,70
1616,69
1596,69
1475,64
1514,67
1577,68
1622,72
1618,72
1614,72
1507,67
1676,71
1510,70
1544,71
1502,67
1614,72
1504,69
1488,69
1614,72
1557,68
1614,72
1654,73
1575,68
1654,73
1511,68
1635,72
1654,73
1593,71
1599,71
1654,73
1590,69
1654,73
1542,67
1654,73
1459,65
1560,69
1494,66
1654,73
1577,70
1505,68
1544,70
1521,70
1559,69
1598,71
1503,67
1650,73
1610,72
1585,70
1533,70
1528,67
1651,70
1650,73
1606,71
1590,71
1623,72
1610,72
1495,66
1627,71
1650,73
1598,71
1593,71
1630,71
1662,73
1650,73
1613,72
1612,71
1650,73
1650,73
1596,72
1650,73
1561,68
1552,69
1650,73
1602,72
1591,71
1650,73
1650,73
1602,72
1650,73
1562,69
1550,71
1413,63
1650,73
1650,73
1623,72
1613,72
1662,73
1521,69
1650,73
1612,72
1596,71
1581,71
1654,73
1650,73
1598,69
1605,72
1650,73
1608,72
1682,72
1654,73
1650,73
1725,73
1584,67
1620,71
1673,70
1542,70
1553,67
1588,72
1696,74
1691,73
1696,74
1597,70
1632,73
1612,71
1710,74
1696,74
1484,68
1630,71
1652,73
1648,73
1696,74
1622,70
1696,74
1697,73
1634,71
1696,74
1609,71
1661,73
1696,73
1549,70
1631,72
1677,74
1559,67
1679,74
1632,73
1658,73
1677,74
1543,69
1681,74
1658,73
1633,72
1679,74
1613,71
1677,74
1606,68
1677,74
1531,68
1664,73
1555,68
1677,74
1655,72
1619,70
1677,74
1623,72
1537,70
1625,71
1626,69
1696,74
1571,69
1601,71
1677,74
1564,70
1627,74
1629,74
1627,74
1560,69
1627,74
1669,73
1547,69
1627,74
1629,74
1627,74
1531,69
1566,72
1616,73
1627,74
1490,68
1568,72
1600,71
1617,74
1617,74
1617,74
1658,72
1571,72
1519,69
1613,71
1449,65
1569,72
1562,72
1628,73
1571,71
1617,74
1532,71
1617,74
1619,71
1552,67
1636,72
1459,65
1608,73
1629,74
1635,74
1562,72
1437,63
1617,74
1586,72
1616,71
1617,74
1543,70
1572,72
1528,70
1634,73
1611,74
1644,73
1448,65
1611,74
1615,74
1611,74
1408,64
1611,74
1544,69
1619,74
1611,74
1599,73
1642,74
1646,74
1447,64
1495,68
1566,71
1538,69
1510,71
1630,74
1611,74
1601,73
1613,74
1478,69
1611,74
1662,73
1472,64
1523,69
1473,66
1436,66
1611,74
1611,74
1611,74
1580,72
1474,68
1587,73
1611,74
1587,74
1501,69
1558,71
1591,74
1536,68
1574,73
1571,73
1530,71
1278,61
1563,72
1621,75
1534,71
1645,74
1568,72
1513,71
1621,75
1563,71
1582,74
1603,74
1655,76
1512,70
1659,74
1576,74
1507,71
1655,76
1505,69
1498,69
1662,76
1568,73
1577,73
1655,76
1539,71
1455,67
1626,74
1655,76
1606,74
1649,76
1617,75
1653,76
1649,76
1649,76
1549,72
1505,71
1655,76
1487,70
1475,69
1617,73
1529,70
1560,73
1538,72
1628,75
1649,76
1632,72
1575,73
1576,73
1605,73
1570,74
1565,73
1530,72
1466,67
1550,72
1633,75
1649,76
1649,76
1632,72
1649,76
1649,76
1624,75
1566,71
1547,72
1653,76
1537,72
1602,73
1551,72
1632,75
1483,69
1628,75
1610,75
1587,72
1670,77
1487,70
1479,68
1670,77
1585,73
1551,72
1670,77
1633,75
1583,73
1622,76
1556,71
1648,76
1637,75
1654,76
1614,75
1581,74
1637,76
1583,74
1540,71
1670,77
1670,77
1558,73
1645,76
1541,71
1431,66
1462,69
1527,72
1465,69
1672,77
1537,71
1570,72
1463,68
1672,76
1602,74
1670,77
1568,73
1604,73
1670,77
1670,77
1508,72
1477,69
1670,77
1553,70
1414,66
1628,76
1508,71
1670,77
1670,77
1507,69
1583,73
1670,77
1623,75
1626,75
1586,74
1440,68
1622,75
1670,77
1536,71
1646,75
1511,69
1662,76
1662,76
1670,77
1672,77
1640,75
1518,70
1670,77
1670,77
1670,77
1551,70
1531,70
1670,77
1451,69
1459,67
1589,71
1585,74
1670,77
1510,71
1438,68
1668,77
1668,77
1668,77
1560,71
1486,70
1672,77
1576,72
1542,71
1668,77
1471,70
1668,77
1511,68
1668,77
1542,72
1652,76
1655,76
1657,77
1570,74
1542,72
1647,76
1657,77
1622,75
1645,76
1572,74
1643,76
1539,71
1587,73
1500,70
1657,77
1657,77
1657,77
1614,74
1657,77
1521,70
1630,76
1605,74
1657,77
1581,72
1657,77
1479,69
1639,75
1657,77
1615,76
1614,75
1595,74
1570,72
1620,75
1472,69
1305,62
1536,72
1657,77
1732,78
1730,78
1608,74
1743,78
1730,78
1654,76
1512,70
1514,69
1730,78
1608,74
1730,78
1730,78
1633,75
1513,70
1721,78
1566,73
1662,76
1500,68
1487,70
1721,78
1657,75
1721,78
1581,71
1692,76
1494,70
1617,74
1721,78
1662,75
1477,68
1621,72
1657,75
1547,71
1636,74
1567,71
1687,77
1703,77
1721,78
1674,74
1598,74
1655,75
1612,75
1734,79
1694,77
1714,78
1603,71
1445,68
1654,76
1650,76
1734,79
1734,79
1577,74
1734,79
1654,76
1569,72
1559,72
1595,73
1578,72
1651,72
1663,76
1744,79
1489,70
1648,75
1561,73
1732,78
1683,76
1600,74
1734,79
1534,70
1454,70
1411,68
1659,75
1711,78
1561,70
1598,73
1529,71
1738,79
1669,75
1544,70
1539,71
1743,77
1694,78
1517,70
1679,77
1660,77
1612,73
1611,73
1650,76
1656,75
1734,79
1560,72
1710,77
1550,70
1734,79
1680,76
1548,73
1623,74
1692,77
1521,70
1734,79
1734,79
1734,79
1625,74
1685,77
1606,72
1734,79
1669,77
1619,74
1660,75
1740,79
1734,79
1718,78
1722,78
1599,73
1417,68
1643,73
1637,75
1688,75
1650,74
1680,76
1654,76
1559,73
1736,79
1475,68
1734,79
1734,79
1555,70
1728,78
1508,70
1555,73
1585,72
1721,78
1728,77
1600,73
1717,78
1734,79
1685,76
1625,74
1734,79
1661,76
1460,69
1734,79
1734,79
1479,70
1738,79
1541,70
1689,77
1604,72
1742,79
1655,76
1569,71
1584,72
1582,73
1566,72
1497,70
1699,77
1380,63
1677,77
1618,75
1643,74
1648,76
1734,79
1631,73
1645,76
1643,75
1734,79
1732,79
1589,74
1732,79
1732,79
1724,78
1648,77
1732,79
1599,73
1705,77
1724,77
1632,75
1658,75
1726,79
1691,77
1726,79
1734,79
1663,77
1600,73
1707,78
1537,70
1610,75
1650,75
1726,79
1726,79
1638,75
1716,77
1726,79
1684,77
1524,69
1726,79
1666,77
1549,72
1728,79
1647,76
1598,75
1660,76
1672,77
1726,79
1726,79
1603,75
1479,69
1724,79
1724,79
1694,78
1724,79
1544,73
1709,78
1640,75
1759,80
1696,78
1669,76
1591,73
1733,79
1759,80
1556,73
1485,70
1459,68
1685,76
1737,79
1761,80
1564,73
1548,72
1574,74
1759,80
1579,72
1757,80
1757,80
1542,71
1692,76
1710,77
1739,79
1695,77
1740,79
1738,79
1727,79
1664,76
1774,80
1685,76
1757,80
1645,76
1749,79
1497,69
1743,79
1609,74
1635,74
1692,78
1743,79
1585,74
1511,70
1761,80
1722,79
1755,79
1757,80
1739,80
1704,79
1691,79
1741,80
1475,66
1749,80
1482,69
1751,79
1739,80
1721,79
1739,80
1747,80
1612,76
1683,76
1553,72
1695,79
1633,76
1534,71
1565,73
1653,76
1526,73
1674,77
1727,79
1615,75
1749,80
1626,75
1739,80
1536,72
1691,79
1481,69
1633,75
1480,71
1739,80
1626,75
1710,78
1678,78
1619,73
1741,80
1465,68
1715,79
1467,67
1603,72
1652,77
1737,80
1737,80
1651,76
1720,79
1667,77
1527,70
1689,78
1586,74
1739,80
1561,73
1690,79
1698,78
1707,78
1528,72
1735,79
1365,65
1705,78
1763,80
1698,78
1735,80
1743,80
1507,71
1704,78
1639,75
1557,71
1540,71
1706,78
1735,80
1692,78
1753,80
1587,72
1503,69
1709,79
1580,75
1735,80
1666,78
1643,76
1545,73
1701,79
1694,77
1699,79
1663,76
1691,78
1709,79
1735,80
1570,73
1718,79
1659,76
1711,79
1735,80
1735,80
1361,66
1713,79
1564,72
1671,77
1407,65
1737,80
1657,78
1699,78
1459,69
1735,80
1604,75
1698,79
1735,80
1742,77
1691,77
1580,74
1698,79
1715,79
1505,72
1735,80
1713,79
1511,70
1579,74
1745,80
1608,74
1739,80
1394,68
1689,78
1733,79
1697,78
1711,79
1702,79
1596,74
1656,75
1375,66
1610,72
1485,67
1630,76
1642,77
1735,80
1715,79
1501,70
1743,80
1676,77
1702,78
1735,80
1613,75
1735,80
1700,79
1651,76
1568,71
1735,80
1651,76
1669,78
1755,80
1735,80
1707,79
1735,80
1629,75
1645,76
1483,70
1739,79
1677,78
1634,75
1618,70
1603,73
1655,76
1705,79
1735,80
1747,80
1598,75
1649,77
1512,68
1670,77
1676,78
1697,78
1516,70
1582,74
1701,79
1470,70
1586,74
1750,79
1570,70
1598,72
1547,74
1434,66
1735,80
1673,78
1735,80
1578,72
1613,76
1735,80
1735,80
1700,79
1464,67
1735,80
1566,74
1735,80
1735,80
1655,76
1526,71
1665,76
1688,78
1735,80
1684,78
1566,73
1638,75
1735,80
1678,78
1735,80
1650,77
1603,75
1713,79
1715,79
1587,73
1735,80
1612,76
1708,78
1628,75
1534,71
1392,66
1662,77
1735,80
1550,72
1580,73
1735,80
1682,76
1735,80
1737,80
1704,79
1702,79
1547,72
1735,80
1655,76
1714,79
1741,80
1704,79
1714,79
1509,71
1743,80
1722,79
1604,74
1667,76
1547,72
1733,80
1719,79
1439,68
1516,70
1605,74
1733,80
1445,68
1735,80
1620,74
1733,80
1694,78
1652,77
1577,71
1504,71
1595,75
1743,80
1733,80
1480,69
1733,80
1686,78
1624,77
1526,72
1595,73
1715,79
1652,78
1705,79
1682,78
1497,71
1700,79
1724,79
1652,77
1733,80
1400,67
1401,65
1576,70
1573,72
1652,77
1618,75
1566,74
1647,77
1659,76
1682,78
1571,72
1652,77
1575,73
1361,66
1526,70
1655,75
1747,80
1528,69
1548,72
1714,78
1733,80
1625,72
1737,80
1574,73
1484,69
1461,69
1387,67
1340,64
1424,67
1569,71
1697,78
1488,71
1543,72
1595,73
1526,72
1714,79
1667,77
1686,78
1733,80
1655,75
1733,80
1525,69
1667,75
1565,70
1519,67
1643,75
1576,73
1731,80
1676,77
1714,79
1369,65
1731,80
1586,74
1731,80
1731,80
1436,68
1542,71
1739,80
1697,77
1731,80
1509,72
1549,73
1636,76
1720,79
1669,76
1685,79
1689,78
1711,77
1702,79
1468,68
1657,77
1713,79
1680,76
1528,68
1554,69
1696,79
1735,80
1679,76
1677,78
1720,77
1486,69
1641,75
1647,72
1731,80
1716,79
1510,70
1695,79
1622,74
1654,78
1520,73
1733,80
1731,80
1516,71
1731,80
1705,79
1688,78
1594,73
1626,76
1437,66
1729,80
1733,80
1624,74
1531,72
1729,80
1660,78
1729,80
1600,72
1545,73
1641,75
1729,80
1713,79
1729,80
1729,80
1729,80
1535,72
1635,74
1659,77
1595,70
1599,74
1607,74
1531,73
1656,77
1692,79
1589,72
1668,77
1394,65
1472,65
1709,79
1692,75
1594,73
1731,80
1715,79
1729,80
1668,78
1606,75
1440,69
1729,80
1577,72
1569,72
1656,77
1502,69
1729,80
1601,71
1729,80
1638,75
1464,66
1428,65
1587,70
1741,80
1575,70
1755,80
1600,74
1729,80
1733,80
1729,80
1549,72
1432,67
1713,79
1656,78
1729,80
1407,68
1527,69
1560,71
1678,77
1729,80
1544,71
1735,80
1727,79
1729,80
1464,67
1560,74
1729,80
1731,80
1553,73
1662,78
1729,80
1564,73
1618,74
1729,80
1683,79
1663,77
1729,80
1560,71
1526,71
1731,80
1652,78
1576,74
1739,80
1695,78
1593,72
1729,80
1697,79
1444,67
1606,74
1709,79
1461,67
1562,72
1705,79
1733,80
1729,80
1671,74
1522,70
1672,78
1693,78
1573,74
1729,80
1729,80
1662,77
1484,70
1388,63
1486,69
1526,67
1700,78
1624,73
1672,76
1714,79
1745,80
1604,75
1731,80
1729,80
1504,71
1574,74
1729,80
1729,80
1729,80
1614,72
1602,75
1709,78
1630,72
1689,78
1733,80
1525,72
1729,80
1708,79
1542,74
1702,78
1624,73
1619,77
1671,78
1655,77
1745,80
1710,79
1396,65
1432,69
1661,77
1572,74
1674,78
1575,75
1731,80
1489,67
1731,80
1695,79
1729,80
1648,76
1588,74
1729,80
1643,75
1729,80
1641,77
1641,75
1729,80
1584,74
1476,70
1745,80
1696,79
1548,72
1716,79
1536,71
1585,69
1564,70
1694,76
1542,74
1729,80
1513,67
1654,76
1729,80
1729,80
1731,80
1524,71
1511,70
1637,77
1535,72
1743,80
1658,77
1684,77
1729,80
1729,80
1493,70
1701,79
1591,74
1606,75
1683,78
1512,72
1668,76
1731,80
1729,80
1660,75
1556,73
1593,75
1607,74
1563,71
1559,71
1609,76
1661,76
1633,76
1532,71
1330,65
1604,76
1729,80
1729,80
1702,76
1515,70
1529,69
1617,74
1474,68
1696,79
1653,77
1547,74
1592,75
1733,80
1652,76
1729,80
1568,75
1541,72
1729,80
1558,69
1587,75
1368,65
1729,80
1729,80
1437,69
1506,69
1437,69
1616,74
1757,80
1602,74
1622,75
1423,69
1729,80
1605,76
1596,75
1710,79
1731,80
1675,78
1674,76
1563,73
1729,80
1551,72
1645,74
1624,70
1707,78
1553,69
1472,69
1546,72
1699,79
1693,79
1608,71
1711,79
1517,72
1604,73
1698,79
1713,79
1748,77
1701,78
1729,80
1731,80
1544,69
1637,76
1729,80
1463,70
1688,77
1575,72
1667,77
1520,70
1496,71
1729,80
1743,80
1534,71
1705,79
1602,74
1710,79
1566,74
1637,76
1492,69
1569,73
1586,74
1729,80
1709,79
1695,79
1729,80
1577,72
1729,80
1567,73
1743,80
1712,79
1657,76
1729,80
1483,70
1637,76
1632,75
1653,76
1681,76
1729,80
1442,68
1697,79
1577,75
1569,74
1729,80
1710,79
1731,80
1602,74
1643,76
1692,79
1575,71
1729,80
1650,77
1667,77
1729,80
1641,75
1634,75
1743,80
1729,80
1724,75
1724,78
1559,72
1729,80
1713,75
1614,74
1616,73
1751,80
1729,80
1529,71
1594,74
1576,73
1589,73
1518,72
1513,71
1714,79
1721,79
1733,80
1527,68
1681,78
1551,73
1624,76
1617,77
1643,76
1497,71
1729,80
1729,80
1712,79
1599,73
1521,68
1567,73
1729,80
1648,77
1594,75
1729,80
1599,75
1729,80
1731,80
1654,76
1594,74
1661,76
1579,72
1614,74
1729,80
1534,70
1632,73
1729,80
1629,75
1676,76
1731,80
1410,66
1490,70
1719,79
1467,69
1729,80
1698,79
1553,73
1678,78
1733,80
1662,76
1729,80
1644,74
1633,75
1510,69
1464,66
1683,77
1588,74
1690,79
1464,68
1600,74
1614,72
1729,80
1546,72
1579,73
1712,79
1729,80
1751,80
1463,69
1727,79
1567,72
1601,74
1394,67
1649,76
1530,73
1667,78
1600,74
1365,66
1729,80
1729,80
1641,75
1528,71
1701,79
1729,80
1635,74
1717,78
1661,77
1739,80
1577,70
1579,73
1729,80
1731,80
1531,70
1384,68
1588,73
1729,80
1558,73
1576,72
1520,72
1733,80
1505,67
1704,78
1521,71
1642,75
1588,72
1553,72
1751,80
1627,74
1553,73
1698,79
1698,79
1531,70
1670,77
1579,73
1729,80
1653,76
1542,69
1729,80
1568,72
1549,71
1640,76
1701,79
1743,79
1687,78
1698,79
1727,80
1436,68
1710,79
1579,74
1626,74
1667,76
1711,78
1727,80
1712,79
1690,79
1563,73
1697,78
1489,70
1605,76
1610,75
1727,80
1653,77
1615,72
1442,66
1727,80
1727,80
1680,76
1596,72
1727,80
1731,80
1709,79
1489,70
1386,66
1439,68
1538,72
1565,72
1661,78
1733,80
1731,80
1638,76
1727,80
1727,80
1582,71
1502,72
1630,75
1514,70
1727,80
1491,71
1489,69
1609,75
1684,79
1525,71
1609,75
1675,77
1634,76
1666,77
1727,80
1713,79
1697,79
1727,80
1440,67
1610,75
1512,70
1727,80
1715,79
1727,80
1583,73
1733,80
1727,80
1735,80
1686,79
1678,77
1596,70
1727,80
1568,74
1727,80
1596,75
1618,76
1553,72
1649,74
1718,79
1731,80
1690,78
1541,71
1711,79
1663,76
1626,74
1727,80
1549,72
1574,73
1649,74
1369,65
1592,72
1735,80
1666,77
1727,80
1727,80
1700,78
1548,73
1547,71
1547,72
1649,75
1392,67
1729,80
1537,72
1431,68
1708,79
1404,67
1733,80
1582,74
1714,79
1620,76
1543,71
1639,76
1727,80
1727,80
1727,80
1359,65
1569,71
1698,78
1733,80
1488,69
1495,67
1652,77
1697,79
1636,74
1690,78
1598,73
1727,80
1308,66
1727,80
1729,80
1727,80
1727,80
1634,75
1602,73
1684,77
1668,77
1508,71
1538,73
1688,79
1725,80
1589,74
1679,79
1727,80
1370,67
1612,74
1703,79
1725,80
1517,69
1610,75
1725,80
1679,78
1620,76
1731,80
1552,73
1725,80
1445,70
1725,80
1510,72
1340,63
1501,68
1714,79
1553,69
1469,70
1705,79
1725,80
1579,72
1671,78
1634,77
1690,79
1613,74
1692,79
1725,80
1725,80
1557,72
1725,80
1658,76
1604,74
1530,71
1612,75
1683,78
1636,77
1653,73
1703,79
1642,77
1725,80
1690,79
1633,76
1725,80
1605,71
1703,79
1725,80
1587,72
1725,80
1501,70
1638,76
1670,78
1576,73
1639,77
1628,74
1678,78
1576,74
1512,72
1683,77
1539,73
1689,79
1725,80
1587,73
1640,77
1649,77
1583,73
1725,80
1646,76
1658,77
1714,79
1712,79
1395,67
1725,80
1725,80
1714,79
1675,77
1729,80
1601,71
1720,79
1631,75
1633,75
1704,78
1727,80
1582,72
1717,77
1725,80
1613,73
1698,78
1652,77
1725,80
1598,75
1725,80
1405,68
1446,68
1656,76
1731,80
1618,74
1551,68
1478,69
1656,77
1652,74
1712,79
1714,79
1621,76
1535,72
1711,78
1606,73
1725,80
1562,70
1667,76
1526,69
1577,70
1725,80
1725,80
1725,80
1725,80
1725,80
1679,78
1725,80
1729,78
1725,80
1712,79
1699,79
1565,71
1419,66
1641,77
1633,76
1601,72
1688,78
1725,80
1666,75
1450,65
1725,80
1737,80
1725,80
1691,79
1618,76
1572,73
1612,73
1597,73
1611,74
1765,80
1500,68
1725,80
1654,77
1646,74
1747,80
1712,79
1662,76
1725,80
1583,74
1666,78
1725,80
1558,72
1686,79
1749,80
1725,80
1679,78
1373,67
1619,77
1568,73
1623,74
1721,79
1725,80
1648,73
1327,63
1725,80
1716,79
1490,68
1725,80
1632,73
1753,80
1666,75
1551,69
1697,79
1725,80
1721,79
1725,80
1645,75
1725,80
1641,75
1725,80
1551,70
1606,75
1713,79
1725,80
1426,66
1725,80
1424,68
1699,78
1297,62
1725,80
1609,76
1702,78
1425,68
1534,74
1725,80
1457,67
1673,78
1703,79
1695,79
1650,76
1725,80
1709,79
1725,80
1582,74
1553,73
1725,80
1701,79
1664,76
1725,80
1725,80
1494,70
1652,76
1538,70
1691,79
1548,71
1719,79
1642,75
1525,71
1626,75
1725,80
1725,80
1631,72
1725,80
1682,77
1573,74
1732,79
1624,74
1725,80
1497,66
1723,80
1723,80
1706,78
1721,79
1637,74
1723,80
1714,79
1723,80
1555,73
1720,78
1525,68
1645,76
1717,78
1475,66
1684,79
1693,78
1638,76
1642,76
1627,73
1723,80
1721,80
1721,80
1660,78
1514,71
1580,74
1451,68
1696,78
1669,77
1705,79
1656,77
1617,73
1721,80
1706,78
1518,70
1554,73
1673,78
1687,78
1747,80
1721,80
1572,71
1567,73
1533,71
1569,72
1721,80
1721,80
1606,74
1693,76
1710,79
1721,80
1721,80
1629,76
1723,80
1663,77
1717,79
1386,66
1741,80
1414,65
1675,78
1713,79
1721,80
1699,73
1721,80
1703,78
1721,80
1608,73
1458,68
1606,71
1685,78
1721,80
1650,74
1470,68
1556,71
1656,77
1721,80
1543,71
1687,76
1592,73
1721,80
1575,74
1660,76
1721,80
1674,75
1697,79
1721,80
1664,76
1667,76
1416,66
1550,70
1654,76
1721,80
1721,80
1711,79
1701,78
1609,74
1706,79
1721,80
1721,80
1721,80
1723,80
1535,71
1544,70
1450,70
1562,70
1687,79
1661,77
1635,74
1709,79
1601,74
1701,79
1695,79
1681,75
1703,78
1644,75
1575,74
1648,75
1713,78
1431,68
1635,74
1670,77
1603,74
1586,74
1711,79
1668,77
1686,77
1721,80
1710,79
1515,72
1714,79
1712,79
1706,79
1559,73
1721,80
1528,68
1706,77
1648,76
1634,73
1715,77
1666,77
1697,79
1569,71
1689,78
1654,76
1718,79
1607,73
1613,74
1388,64
1705,76
1640,76
1721,80
1618,74
1686,79
1706,78
1721,80
1741,80
1683,76
1697,79
1539,71
1539,72
1654,76
1721,80
1730,78
1731,80
1721,80
1727,80
1721,80
1645,76
1721,80
1670,75
1721,80
1544,68
1666,75
1721,80
1659,76
1715,79
1527,71
1582,75
1639,76
1572,71
1722,79
1711,79
1721,80
1480,68
1570,71
1711,79
1639,75
1638,76
1721,80
1652,77
1703,79
1713,78
1680,76
1721,79
1709,79
1659,77
1591,73
1531,71
1705,79
1721,80
1594,73
1690,79
1492,70
1721,80
1596,72
1723,80
1401,65
1721,80
1603,74
1697,78
1559,72
1540,71
1561,70
1643,76
1411,65
1733,80
1716,79
1668,77
1586,73
1746,78
1721,80
1723,80
1721,80
1636,74
1643,76
1690,77
1562,73
1723,79
1725,79
1654,76
1721,80
1638,76
1716,79
1721,80
1681,77
1571,70
1652,77
1558,72
1721,80
1717,79
1721,80
1743,80
1454,69
1633,74
1689,79
1697,79
1549,74
1521,71
1747,80
1524,70
1711,79
1743,80
1544,71
1723,80
1652,76
1682,77
1687,79
1636,75
1753,80
1723,80
1602,73
1721,80
1721,80
1704,79
1721,80
1721,80
1619,74
1708,79
1714,79
1714,79
1721,80
1607,73
1481,69
1719,79
1510,67
1593,69
1721,80
1594,73
1721,80
1528,69
1729,79
1472,69
1611,74
1668,77
1741,80
1643,76
1567,72
1707,79
1557,71
1531,71
1653,77
1677,78
1523,70
1613,74
1687,78
1684,78
1410,66
1469,69
1741,80
1640,74
1700,76
1721,80
1676,75
1595,72
1682,78
1721,80
1707,79
1711,79
1626,75
1627,72
1694,77
1721,80
1350,66
1721,80
1562,72
1687,76
1721,80
1607,71
1723,80
1611,73
1719,79
1733,80
1714,77
1718,79
1650,76
1715,79
1622,74
1570,71
1721,80
1380,62
1721,80
1510,67
1533,72
1721,80
1522,72
1735,80
1721,80
1721,80
1698,79
1665,77
1630,75
1727,80
1626,74
1669,77
1717,79
1648,77
1542,72
1715,79
1750,79
1666,76
1721,80
1678,77
1669,77
1648,76
1721,80
1561,73
1548,72
1721,80
1557,73
1726,78
1721,80
1550,71
1586,75
1599,73
1721,80
1331,64
1594,74
1668,77
1721,80
1535,71
1721,80
1598,75
1721,80
1583,73
1574,73
1653,77
1703,79
1721,80
1349,66
1725,79
1443,66
1538,72
1560,72
1618,75
1533,71
1491,69
1723,78
1624,73
1316,65
1741,80
1604,71
1738,79
1626,73
1575,72
1705,80
1666,77
1549,70
1619,73
1534,71
1559,72
1590,73
1705,80
1515,72
1564,70
1441,65
1691,78
1719,80
1640,75
1705,80
1661,78
1711,80
1653,78
1615,74
1614,72
1514,71
1604,74
1685,78
1621,74
1705,80
1478,68
1681,79
1375,63
1715,80
1597,75
1655,77
1705,80
1634,76
1683,78
1537,71
1502,70
1712,78
1652,76
1645,75
1705,80
1569,72
1705,80
1635,76
1705,80
1602,74
1705,80
1705,80
1715,80
1627,75
1572,73
1705,80
1679,78
1606,74
1663,77
1705,80
1668,77
1671,75
1604,75
1631,76
1451,66
1633,75
1568,73
1705,80
1517,69
1695,79
1694,79
1697,79
1578,70
1482,67
1705,80
1681,78
1705,80
1568,72
1649,76
1677,78
1557,69
1721,80
1705,80
1557,71
1723,80
1646,76
1641,75
1705,80
1715,79
1564,72
1550,70
1705,80
1709,80
1359,64
1705,80
1714,77
1487,66
1713,78
1633,74
1705,80
1552,69
1705,80
1616,73
1719,80
1685,79
1633,73
1655,77
1395,65
1606,74
1613,72
1628,73
1641,75
1575,72
1581,70
1660,78
1584,72
1606,74
1664,78
1660,77
1705,80
1625,74
1457,68
1715,80
1692,79
1374,66
1659,77
1709,80
1599,72
1567,73
1725,80
1705,80
1594,74
1453,68
1705,80
1705,80
1531,72
1633,75
1530,68
1670,76
1703,79
1437,67
1540,71
1677,77
1715,80
1705,80
1707,80
1684,75
1585,70
1502,68
1705,80
1709,79
1452,67
1524,72
1602,70
1705,80
1671,77
1665,77
1604,74
1564,72
1572,72
1705,80
1516,70
1705,80
1701,79
1480,68
1425,67
1701,79
1488,69
1705,80
1561,72
1548,73
1631,76
1488,68
1665,77
1623,73
1602,71
1541,73
1441,67
1651,75
1626,75
1482,68
1697,76
1626,75
1596,72
1682,76
1705,80
1707,80
1705,80
1538,73
1590,72
1572,72
1631,74
1717,76
1705,80
1681,76
1655,77
1705,80
1507,71
1425,67
1620,75
1636,74
1521,68
1685,76
1705,80
1593,73
1705,80
1705,80
1705,80
1532,71
1558,72
1587,74
1588,72
1640,75
1461,69
1705,80
1682,76
1682,78
1585,72
1684,78
1660,78
1607,74
1626,75
1608,72
1616,74
1458,70
1581,73
1705,80
1705,80
1621,71
1727,79
1718,79
1548,72
1717,79
1625,75
1721,80
1705,80
1671,78
1649,74
1610,73
1621,75
1565,73
1683,75
1681,79
1668,78
1652,77
1627,75
1596,75
1699,79
1631,74
1688,78
1540,71
1705,80
1611,75
1669,77
1705,80
1690,79
1672,75
1695,79
1628,75
1658,78
1673,78
1696,77
1386,66
1723,80
1626,76
1693,78
1606,74
1670,78
1556,72
1705,80
1705,80
1652,76
1633,73
1615,73
1705,80
1597,73
1668,78
1670,77
1705,80
1641,77
1639,76
1598,74
1715,79
1608,74
1676,76
1662,73
1699,79
1588,73
1708,79
1431,65
1383,66
1510,69
1642,77
1561,74
1489,70
1727,75
1612,74
1652,74
1685,79
1600,74
1548,70
1650,76
1695,79
1638,75
1705,80
1643,74
1586,73
1705,80
1552,72
1675,76
1612,73
1690,79
1508,71
1690,79
1699,79
1663,76
1677,78
1649,77
1622,75
1675,78
1734,79
1509,70
1604,71
1699,79
1632,74
1682,78
1671,78
1734,78
1539,72
1680,77
1711,80
1533,70
1602,74
1703,78
1709,80
1704,77
1563,72
1514,68
1498,70
1670,76
1621,75
1452,67
1642,77
1701,79
1503,70
1705,80
1677,76
1528,70
1705,80
1604,73
1646,77
1574,72
1697,79
1705,80
1448,69
1639,76
1611,72
1705,80
1482,70
1672,79
1624,75
1582,73
1659,79
1705,80
1677,78
1449,67
1707,80
1428,66
1659,75
1634,78
1664,78
1579,73
1705,80
1493,67
1705,80
1705,80
1673,77
1685,77
1705,80
1727,79
1681,78
1614,73
1645,76
1617,75
1579,70
1613,74
1555,70
1590,72
1726,79
1647,75
1575,72
1644,76
1705,80
1509,69
1575,73
1680,78
1760,79
1646,77
1689,75
1705,80
1656,77
1443,69
1705,80
1598,74
1589,74
1664,76
1535,72
1398,66
1652,76
1339,63
1721,80
1599,73
1638,76
1602,70
1507,70
1627,75
1620,76
1685,77
1705,80
1705,80
1623,73
1447,66
1516,71
1559,71
1705,80
1705,80
1687,78
1668,76
1705,80
1641,74
1663,75
1567,72
1654,76
1502,69
1705,80
1673,78
1577,72
1654,75
1636,75
1636,75
1593,72
1707,76
1709,80
1536,71
1431,64
1634,74
1630,73
1548,73
1640,76
1625,75
1667,78
1554,71
1705,80
1601,73
1675,76
1705,80
1755,79
1705,80
1685,77
1705,80
1532,72
1687,78
1554,72
1695,76
1488,70
1603,74
1611,74
1670,78
1705,80
1707,79
1726,79
1525,71
1527,70
1582,73
1709,80
1599,74
1612,73
1563,72
1723,80
1647,74
1646,74
1661,76
1721,80
1622,74
1492,70
1664,73
1705,80
1638,74
1523,70
1683,78
1693,79
1705,79
1663,77
1705,80
1705,80
1705,80
1558,67
1631,75
1640,75
1650,76
1685,79
1705,80
1562,71
1686,79
1593,72
1705,80
1705,80
1435,66
1705,80
1705,80
1705,80
1705,80
1717,80
1717,79
1653,77
1581,74
1730,80
1613,72
1524,71
1657,76
1545,72
1705,80
1608,74
1715,80
1707,80
1650,75
1520,72
1560,70
1597,74
1705,80
1663,76
1511,71
1690,78
1705,80
1694,78
1650,76
1676,77
1717,80
1565,71
1705,80
1709,80
1542,73
1566,73
1707,80
1607,74
1713,80
1416,67
1722,77
1618,76
1575,73
1568,70
1492,70
1679,78
1590,73
1683,75
1671,75
1657,76
1688,79
1602,74
1268,61
1705,80
1572,73
1585,73
1676,76
1621,75
1705,80
1657,75
1543,71
1550,71
1635,75
1608,71
1689,79
1650,76
1705,80
1582,73
1705,80
1705,80
1705,80
1705,80
1712,75
1705,80
1597,72
1598,73
1545,72
1506,68
1701,78
1660,77
1612,74
1478,69
1616,75
1674,79
1483,68
1640,74
1668,77
1689,78
1595,71
1705,80
1592,74
1523,70
1701,79
1682,79
1705,80
1439,69
1512,70
1474,69
1495,70
1705,80
1537,72
1665,74
1607,72
1466,70
1709,80
1610,75
1312,65
1552,71
1705,80
1734,79
1438,68
1705,80
1611,72
1705,80
1582,73
1676,77
1717,78
1594,72
1717,79
1582,73
1704,78
1663,77
1343,64
1705,80
1705,80
1684,76
1574,72
1652,76
1583,73
1705,80
1641,76
1666,78
1590,74
1705,80
1612,73
1579,73
1629,75
1422,67
1601,73
1692,79
1729,79
1651,76
1705,80
1646,74
1705,80
1705,80
1591,74
1648,77
1681,77
1552,73
1557,72
1705,80
1607,73
1415,66
1664,75
1623,76
1514,69
1705,80
1656,75
1680,75
1536,72
1428,65
1580,72
1701,76
1672,78
1705,80
1652,75
1662,76
1670,79
1709,80
1674,75
1679,76
1601,74
1685,77
1679,76
1582,72
1678,76
1550,69
1705,80
1650,77
1662,76
1677,78
1686,78
1612,76
1705,80
1702,76
1705,80
1523,73
1709,80
1663,76
1649,76
1624,75
1584,74
1357,66
1475,70
1709,80
1473,67
1578,73
1394,68
1705,80
1705,80
1632,75
1681,77
1668,75
1721,80
1707,80
1621,73
1705,80
1521,69
1638,75
1705,80
1730,80
1615,74
1630,75
1630,75
1713,80
1705,80
1647,76
1705,80
1705,80
1705,80
1601,73
1620,75
1705,80
1705,80
1705,80
1609,74
1587,73
1695,79
1710,78
1705,80
1663,77
1728,78
1656,77
1613,72
1581,73
1603,70
1576,72
1705,80
1705,80
1718,79
1703,77
1644,75
1737,77
1645,75
1597,74
1677,78
1705,80
1623,72
1648,75
1591,72
1705,80
1705,80
1702,79
1504,71
1685,79
1705,80
1528,69
1659,76
1582,74
1582,74
1705,80
1705,80
1728,79
1461,71
1678,77
1705,78
1554,71
1709,80
1681,77
1705,80
1455,69
1705,80
1540,70
1705,80
1653,77
1705,80
1664,78
1705,80
1690,77
1647,75
1650,75
1716,79
1490,71
1600,72
1516,70
1660,78
1717,77
1716,79
1721,80
1543,71
1476,72
1705,80
1718,79
1719,80
1635,76
1569,72
1541,70
1670,77
1705,80
1672,79
1535,71
1670,77
1614,73
1527,69
1705,80
1631,75
1705,80
1674,79
1705,80
1711,80
1523,70
1705,80
1673,79
1607,73
1675,78
1705,80
1666,76
1707,77
1641,75
1705,80
1655,77
1705,80
1704,78
1528,70
1667,76
1576,71
1610,70
1368,65
1659,76
1662,78
1728,79
1705,80
1472,70
1705,80
1670,77
1692,78
1539,71
1705,80
1705,80
1705,80
1705,80
1567,71
1705,80
1597,72
1696,78
1705,80
1717,80
1606,75
1705,80
1672,79
1629,73
1705,80
1705,80
1707,80
1615,75
1672,79
1579,73
1536,71
1432,66
1705,80
1611,75
1705,80
1694,78
1625,75
1635,75
1669,78
1662,77
1343,64
1705,80
1715,80
1619,73
1736,79
1593,73
1630,73
1643,75
1705,80
1705,80
1307,63
1674,75
1707,80
1579,73
1705,80
1693,79
1727,78
1449,66
1671,78
1684,76
1673,79
1686,78
1462,70
1366,64
1562,72
1610,74
1721,79
1705,80
1567,71
1629,75
1705,80
1676,78
1529,69
1478,70
1598,74
1696,77
1690,79
1647,77
1705,80
1631,77
1669,77
1692,78
1663,77
1705,80
1573,74
1705,80
1644,76
1514,71
1658,76
1643,77
1549,72
1659,79
1600,74
1598,74
1705,80
1623,72
1339,63
1705,80
1619,73
1673,79
1717,80
1705,80
1724,78
1717,79
1273,63
1715,80
1489,68
1615,75
1584,74
1583,70
1541,72
1705,80
1437,67
1705,80
1503,70
1533,70
1642,74
1614,75
1656,76
1696,79
1711,80
1584,74
1511,70
1721,79
1587,70
1696,78
1705,80
1705,80
1608,73
1653,74
1705,80
1643,77
1705,80
1584,75
1358,64
1705,80
1696,77
1492,69
1673,79
1673,78
1709,80
1516,71
1636,76
1705,80
1700,76
1678,76
1659,79
1705,80
1705,80
1641,74
1705,80
1707,80
1705,80
1707,79
1584,75
1736,79
1494,70
1679,79
1607,76
1621,75
1718,77
1647,77
1711,80
1696,77
1679,78
1676,78
1691,79
1693,77
1692,78
1672,76
1680,78
1676,77
1627,74
1543,72
1584,73
1705,80
1696,78
1363,65
1630,75
1617,72
1658,77
1676,78
1676,76
1709,80
1697,79
1669,77
1549,73
1728,78
1705,80
1708,78
1703,77
1673,78
1713,79
1361,65
1705,80
1490,69
1629,74
1636,74
1532,71
1696,78
1382,67
1705,80
1616,73
1541,73
1683,78
1654,76
1746,79
1659,74
1377,65
1707,80
1654,76
1680,76
1673,79
1675,77
1594,76
1594,74
1585,76
1652,77
1701,75
1654,76
1711,80
1556,72
1703,80
1697,79
1692,77
1556,73
1603,74
1711,80
1639,74
1638,76
1669,79
1728,80
1600,73
1645,78
1518,71
1631,73
1552,71
1526,70
1620,75
1638,76
1703,80
1579,74
1659,76
1496,70
1491,69
1699,77
1600,75
1703,80
1635,77
1484,70
1694,78
1692,77
1612,75
1481,71
1594,75
1703,80
1702,77
1616,75
1664,77
1600,75
1634,76
1579,73
1703,80
1694,78
1511,69
1657,77
1683,79
1702,77
1602,74
1573,75
1703,80
1678,79
1528,70
1657,78
1609,73
1551,70
1541,69
1703,80
1671,78
1638,76
1630,74
1714,79
1703,80
1735,78
1711,80
1707,80
1703,80
1598,76
1638,76
1703,80
1733,79
1703,80
1667,79
1703,80
1703,80
1694,79
1677,79
1533,72
1692,78
1569,73
1554,72
1591,74
1709,79
1535,72
1616,74
1601,74
1554,73
1701,78
1647,76
1703,80
1703,80
1647,78
1585,74
1703,80
1627,75
1669,78
1557,73
1703,80
1570,75
1661,78
1637,77
1651,76
1703,80
1496,69
1611,73
1570,73
1611,74
1647,77
1519,71
1461,67
1675,78
1703,80
1596,73
1711,80
1703,80
1592,75
1601,74
1711,80
1703,80
1667,76
1629,76
1703,80
1562,74
1703,80
1340,65
1586,74
1509,70
1702,79
1703,80
1344,64
1629,75
1598,76
1703,80
1705,80
1318,63
1709,80
1717,80
1438,70
1703,80
1634,76
1535,70
1684,79
1558,75
1699,79
1703,80
1681,77
1711,80
1734,78
1602,75
1538,73
1703,80
1703,80
1716,76
1669,79
1648,77
1637,75
1597,76
1686,77
1671,78
1656,77
1703,80
1707,80
1703,80
1627,76
1654,76
1617,75
1604,75
1695,77
1559,71
1670,79
1629,77
1703,80
1703,80
1669,78
1717,80
1414,68
1711,80
1572,71
1703,80
1615,74
1680,77
1670,79
1598,75
1697,79
1563,73
1669,78
1703,80
1564,73
1592,74
1517,71
1711,80
1681,77
1703,80
1454,70
1612,74
1600,75
1647,77
1659,78
1653,77
1707,80
1593,74
1524,72
1703,80
1703,80
1694,76
1647,77
1676,77
1636,75
1488,69
1553,75
1694,79
1709,80
1605,76
1347,65
1703,80
1653,77
1669,78
1709,79
1634,74
1673,78
1703,80
1541,71
1713,80
1562,71
1651,76
1701,80
1675,79
1621,74
1644,78
1577,73
1485,68
1703,80
1699,80
1644,76
1563,73
1663,78
1701,80
1605,77
1699,80
1673,79
1699,80
1508,72
1686,79
1699,80
1699,80
1458,69
1472,70
1661,79
1699,80
1686,79
1526,73
1506,73
1650,77
1582,72
1486,71
1643,78
1617,78
1594,74
1652,78
1709,80
1703,80
1571,74
1617,75
1659,79
1621,77
1699,80
1717,77
1699,80
1673,79
1648,77
1449,68
1576,74
1658,78
1685,78
1699,80
1661,79
1699,80
1600,74
1472,69
1699,80
1586,71
1554,73
1700,79
1720,80
1379,68
1645,78
1555,71
1699,80
1644,78
1456,68
1658,78
1701,80
1668,78
1699,80
1658,78
1657,79
1729,79
1526,70
1709,80
1705,80
1614,76
1658,78
1626,75
1527,73
1711,79
1471,69
1624,75
1599,74
1497,69
1621,78
1607,74
1711,80
1445,66
1558,74
1699,80
1682,78
1697,78
1567,73
1641,78
1508,72
1699,80
1660,77
1558,73
1422,66
1699,80
1508,69
1429,66
1623,76
1603,75
1699,80
1667,78
1707,80
1614,77
1624,75
1561,74
1624,77
1669,78
1554,73
1556,70
1498,69
1583,76
1334,64
1699,80
1429,68
1550,70
1603,75
1699,80
1667,78
1703,80
1711,80
1595,76
1520,71
1627,75
1450,67
1647,76
1590,74
1631,78
1705,80
1731,79
1431,68
1520,71
1701,79
1538,73
1471,70
1634,77
1605,72
1672,76
1655,77
1699,80
1684,79
1607,76
1699,80
1554,71
1546,70
1508,69
1513,72
1555,71
1699,80
1640,76
1552,72
1622,76
1678,77
1612,77
1599,75
1689,78
1699,80
1591,77
1565,74
1582,73
1564,73
1699,80
1699,80
1722,78
1690,78
1701,80
1486,71
1689,79
1663,79
1738,80
1617,75
1417,65
1701,80
1302,62
1685,78
1556,72
1513,72
1699,80
1554,73
1662,79
1438,68
1701,80
1638,77
1699,80
1538,73
1465,67
1444,68
1701,80
1626,75
1542,71
1508,73
1699,80
1599,74
1699,80
1646,75
1699,80
1663,78
1636,71
1702,78
1557,68
1562,71
1416,68
1699,80
1645,78
1465,69
1385,67
1699,80
1711,80
1669,78
1511,69
1699,80
1699,80
1565,73
1678,79
1546,73
1608,74
1555,73
1672,78
1584,74
1607,76
1701,80
1657,76
1632,77
1574,73
1645,78
1575,75
1458,69
1386,67
1361,66
1505,70
1450,68
1705,80
1707,79
1422,67
1699,80
1580,72
1488,69
1530,71
1680,78
1738,80
1486,69
1649,78
1545,71
1600,75
1578,72
1691,79
1699,80
1702,78
1640,78
1668,78
1699,80
1528,71
1676,77
1442,68
1578,75
1699,80
1690,79
1665,78
1565,71
1706,79
1495,69
1696,78
1571,74
1702,78
1507,69
1458,70
1699,80
1588,72
1682,78
1415,67
1554,70
1641,78
1701,80
1417,69
1663,78
1582,75
1705,80
1588,77
1632,76
1516,70
1701,80
1336,63
1645,78
1699,80
1425,67
1626,74
1610,73
1590,75
1567,75
1699,79
1699,80
1686,79
1436,69
1699,80
1699,80
1699,80
1546,70
1450,68
1565,75
1558,72
1699,80
1703,80
1639,72
1414,68
1542,71
1708,79
1699,80
1699,80
1582,74
1699,80
1668,79
1616,76
1573,74
1699,80
1657,78
1701,80
1645,78
1573,74
1689,79
1573,74
1559,73
1518,72
1699,80
1699,80
1649,78
1699,80
1510,70
1692,79
1586,75
1664,76
1701,79
1654,73
1705,80
1693,79
1627,76
1699,80
1586,75
1560,71
1637,76
1545,73
1715,80
1684,77
1649,77
1435,68
1583,72
1489,71
1510,69
1592,74
1675,77
1627,76
1738,78
1699,80
1699,80
1699,80
1569,70
1642,76
1649,78
1578,76
1555,74
1595,75
1484,72
1707,80
1707,80
1499,72
1537,70
1532,68
1685,78
1572,74
1616,71
1654,78
1649,77
1557,72
1699,80
1647,78
1699,80
1642,78
1709,79
1666,78
1689,79
1471,68
1657,78
1686,76
1506,70
1662,78
1518,71
1688,77
1699,80
1586,72
1649,77
1631,78
1699,80
1699,80
1699,80
1699,80
1673,79
1713,80
1703,80
1461,66
1696,79
1699,80
1699,80
1516,70
1649,78
1701,80
1554,74
1598,75
1699,80
1685,78
1443,67
1699,80
1576,75
1524,72
1543,71
1541,71
1699,80
1699,80
1628,77
1554,73
1713,80
1548,72
1655,79
1369,63
1673,78
1634,73
1699,80
1527,71
1572,73
1530,71
1589,75
1695,79
1379,67
1602,74
1650,74
1713,80
1680,78
1699,80
1598,75
1669,78
1699,80
1617,74
1747,80
1370,63
1713,80
1707,80
1703,80
1699,80
1649,78
1694,78
1699,80
1699,80
1699,80
1623,75
1699,80
1711,80
1696,79
1621,78
1660,77
1549,70
1693,79
1668,77
1601,74
1478,68
1699,80
1699,80
1647,78
1689,79
1507,71
1627,76
1668,78
1598,76
1699,80
1608,74
1465,70
1699,80
1570,75
1572,73
1594,73
1649,78
1523,73
1703,80
1672,79
1699,80
1660,77
1472,69
1536,71
1674,76
1685,78
1570,75
1578,74
1585,73
1398,68
1699,80
1671,78
1633,77
1643,76
1555,73
1699,80
1703,80
1635,75
1674,78
1631,78
1602,73
1709,80
1616,76
1524,70
1699,80
1703,80
1528,69
1516,71
1581,76
1680,78
1655,79
1699,80
1592,76
1528,72
1671,78
1623,75
1527,70
1523,70
1605,75
1592,72
1461,69
1646,76
1619,72
1655,79
1534,71
1699,80
1623,76
1619,74
1451,67
1680,78
1703,80
1616,77
1613,76
1699,80
1617,73
1521,69
1587,75
1686,77
1683,79
1571,70
1606,71
1699,80
1699,80
1586,73
1561,71
1667,75
1699,80
1375,67
1579,72
1560,71
1496,71
1689,79
1653,77
1673,79
1613,76
1680,78
1699,80
1701,80
1598,76
1699,80
1701,80
1644,74
1699,80
1562,74
1579,72
1699,80
1579,72
1657,77
1573,71
1565,72
1575,72
1654,78
1703,80
1590,72
1535,69
1659,79
1603,74
1709,80
1715,80
1625,75
1660,76
1594,76
1548,72
1486,70
1646,76
1466,69
1699,80
1642,78
1567,68
1701,80
1611,76
1604,77
1536,74
1652,76
1569,71
1463,66
1570,69
1699,80
1561,72
1679,79
1641,77
1596,74
1579,73
1560,73
1699,80
1521,70
1658,77
1397,64
1569,71
1493,70
1415,66
1570,74
1602,74
1699,80
1699,80
1668,77
1495,73
1599,74
1719,79
1705,79
1496,69
1583,74
1704,77
1696,77
1435,67
1652,78
1699,80
1408,65
1684,79
1563,75
1661,78
1466,67
1694,79
1615,74
1537,72
1519,69
1700,78
1375,67
1707,80
1649,78
1593,76
1590,75
1703,80
1561,73
1649,78
1433,68
1596,73
1451,66
1671,77
1542,75
1699,80
1699,80
1488,70
1577,75
1513,69
1622,77
1524,71
1609,77
1498,68
1693,79
1622,74
1652,77
1699,80
1552,72
1558,72
1639,72
1569,73
1356,62
1660,76
1699,80
1374,66
1594,73
1655,79
1561,73
1624,76
1570,74
1701,80
1699,80
1621,78
1699,80
1708,75
1682,79
1614,74
1713,79
1557,73
1562,73
1435,68
1627,77
1699,80
1699,80
1621,78
1699,80
1681,78
1642,74
1604,76
1624,74
1607,71
1498,70
1699,80
1663,77
1491,70
1623,74
1679,79
1699,80
1511,71
1402,68
1647,78
1699,80
1699,80
1655,79
1672,78
1601,76
1673,78
1683,74
1478,68
1699,80
1701,80
1550,71
1578,75
1568,72
1506,68
1652,75
1645,78
1500,70
1707,80
1701,80
1699,80
1559,73
1699,80
1648,76
1699,80
1645,76
1727,79
1676,79
1549,69
1699,80
1589,76
1658,75
1569,73
1699,80
1608,76
1600,76
1665,75
1442,70
1703,80
1590,75
1653,78
1553,72
1553,70
1699,80
1703,80
1502,71
1699,80
1699,80
1661,79
1687,79
1699,80
1565,75
1703,80
1699,80
1699,80
1593,72
1699,80
1700,77
1681,79
1681,79
1699,80
1583,75
1663,77
1699,80
1533,73
1699,80
1699,80
1709,80
1668,79
1462,68
1699,80
1699,80
1699,80
1674,79
1602,75
1591,76
1699,80
1699,80
1461,69
1699,80
1591,73
1699,80
1675,78
1699,80
1667,78
1699,80
1568,74
1467,67
1699,80
1674,79
1601,74
1565,74
1727,79
1632,75
1699,80
1606,74
1512,72
1550,74
1452,68
1609,77
1592,77
1465,67
1699,80
1613,75
1662,78
1450,70
1525,70
1500,71
1563,72
1556,72
1677,78
1585,77
1687,78
1627,77
1589,75
1531,71
1708,79
1584,77
1588,72
1699,80
1591,73
1652,78
1703,80
1681,79
1648,74
1341,63
1604,77
1703,80
1699,80
1672,78
1647,77
1699,80
1621,77
1439,68
1699,80
1699,80
1746,80
1670,77
1709,80
1462,68
1468,70
1699,80
1703,80
1611,77
1699,80
1604,75
1699,80
1699,80
1534,73
1705,80
1525,70
1541,67
1595,76
1564,73
1703,80
1713,80
1615,77
1699,80
1567,73
1463,68
1475,68
1519,71
1621,73
1608,75
1699,80
1675,78
1699,80
1699,80
1607,72
1717,79
1699,80
1603,77
1699,80
1473,67
1514,73
1634,75
1662,79
1634,75
1674,76
1699,80
1325,62
1464,70
1684,79
1684,79
1535,75
1699,80
1563,73
1639,77
1580,75
1699,80
1701,80
1494,72
1578,74
1713,80
1477,68
1581,75
1699,80
1699,80
1699,80
1699,80
1601,71
1699,80
1618,77
1541,72
1559,74
1596,74
1647,78
1703,80
1586,74
1609,74
1605,75
1564,74
1623,77
1448,70
1697,80
1682,78
1591,75
1526,72
1607,77
1697,80
1607,77
1526,68
1472,69
1601,77
1665,78
1596,74
1568,71
1497,68
1619,75
1697,80
1491,67
1697,80
1697,80
1697,80
1574,72
1399,68
1601,76
1629,74
1551,73
1697,80
1562,70
1545,73
1697,80
1557,74
1603,76
1583,75
1697,80
1649,79
1697,80
1697,80
1701,80
1477,70
1594,74
1665,77
1701,80
1649,76
1568,71
1550,74
1661,79
1697,80
1457,68
1623,73
1705,80
1533,72
1681,78
1406,68
1507,70
1652,76
1554,74
1553,74
1697,80
1663,77
1505,69
1496,69
1697,80
1504,71
1697,80
1691,79
1487,69
1663,77
1588,75
1555,74
1497,69
1622,75
1571,73
1649,78
1699,80
1586,71
1498,71
1545,73
1651,77
1699,80
1697,80
1684,79
1639,77
1586,71
1697,80
1568,76
1686,79
1620,78
1629,75
1669,79
1406,68
1697,80
1541,72
1689,78
1427,66
1697,80
1697,80
1583,73
1576,75
1530,69
1399,68
1612,73
1646,75
1568,76
1601,77
1441,69
1713,80
1603,75
1432,68
1576,71
1482,70
1391,68
1709,80
1619,74
1701,80
1697,80
1644,78
1703,80
1583,73
1531,72
1697,80
1494,70
1654,76
1697,80
1565,75
1723,74
1697,80
1614,75
1651,74
1529,70
1557,71
1545,73
1563,68
1637,78
1641,77
1734,79
1578,75
1697,80
1598,72
1697,80
1565,72
1670,77
1648,75
1561,69
1697,80
1617,69
1611,76
1665,77
1562,71
1552,70
1509,71
1645,76
1672,78
1477,69
1701,80
1602,75
1559,74
1523,71
1575,74
1609,76
1599,77
1707,80
1583,74
1565,76
1598,76
1539,71
1664,78
1628,74
1579,75
1652,76
1697,80
1576,74
1699,80
1566,74
1558,66
1514,72
1544,75
1525,70
1703,80
1528,69
1577,75
1615,77
1601,70
1701,80
1697,80
1605,74
1668,77
1621,73
1622,76
1591,75
1675,78
1697,80
1479,69
1697,80
1479,67
1577,75
1514,69
1609,76
1609,76
1734,79
1697,80
1699,80
1656,78
1652,78
1439,68
1519,71
1684,79
1629,73
1732,79
1613,75
1581,72
1695,79
1533,67
1713,80
1697,80
1697,80
1631,77
1624,76
1596,75
1570,74
1587,73
1697,80
1697,80
1516,72
1583,71
1538,70
1697,80
1543,72
1699,80
1512,69
1683,79
1697,80
1707,80
1627,77
1546,71
1697,80
1509,72
1697,80
1697,80
1553,71
1670,74
1478,67
1615,75
1699,80
1614,75
1697,80
1592,73
1682,78
1608,77
1677,79
1697,80
1559,75
1655,78
1584,73
1623,78
1679,78
1697,80
1546,73
1637,78
1699,80
1697,80
1568,75
1610,73
1529,67
1524,69
1653,79
1619,78
1645,74
1653,75
1683,79
1647,77
1451,69
1697,80
1328,61
1461,69
1697,80
1491,70
1465,68
1640,78
1668,78
1611,75
1699,80
1639,78
1732,80
1697,80
1557,71
1541,73
1462,68
1692,78
1628,75
1537,72
1697,80
1705,80
1707,79
1701,80
1474,67
1697,80
1701,80
1631,78
1539,70
1620,76
1622,74
1699,80
1714,77
1439,66
1697,80
1600,75
1572,74
1422,67
1697,80
1626,75
1587,75
1569,73
1603,75
1697,80
1467,70
1587,75
1560,72
1697,80
1622,75
1489,71
1528,70
1532,71
1571,74
1528,73
1603,76
1680,79
1697,80
1697,80
1379,64
1628,75
1653,79
1529,71
1418,65
1627,77
1601,73
1523,71
1697,80
1585,75
1555,71
1697,80
1697,80
1697,80
1663,78
1487,70
1469,68
1539,70
1643,77
1697,80
1561,73
1699,80
1560,73
1593,73
1699,80
1415,66
1595,74
1679,79
1591,74
1705,80
1430,66
1625,77
1558,73
1697,80
1543,73
1693,79
1620,75
1697,80
1582,71
1689,79
1625,78
1438,69
1563,73
1588,70
1562,73
1697,80
1647,77
1429,69
1553,70
1514,70
1597,71
1564,71
1697,80
1692,78
1697,80
1697,80
1628,76
1584,77
1696,77
1652,76
1631,78
1697,80
1542,70
1680,78
1699,80
1681,79
1387,66
1697,80
1661,79
1606,75
1442,66
1705,80
1670,77
1606,75
1678,79
1539,73
1699,80
1528,73
1474,69
1521,74
1715,80
1548,70
1538,73
1490,68
1689,79
1541,69
1584,73
1697,80
1552,73
1699,80
1697,80
1618,76
1589,75
1697,80
1597,75
1537,70
1636,76
1550,74
1579,74
1697,80
1697,80
1688,79
1659,78
1542,71
1558,73
1704,79
1700,78
1701,80
1689,79
1511,70
1689,79
1522,73
1544,70
1681,79
1467,67
1620,77
1676,78
1586,72
1701,80
1699,80
1692,76
1474,69
1655,79
1588,74
1519,69
1439,66
1473,69
1567,74
1680,74
1697,80
1463,66
1464,69
1637,73
1650,77
1452,69
1644,77
1501,69
1697,80
1623,75
1697,80
1485,69
1546,73
1471,69
1712,79
1639,77
1697,80
1592,71
1697,80
1678,79
1570,73
1655,79
1604,74
1626,77
1563,74
1462,69
1600,74
1599,74
1625,75
1594,72
1492,71
1545,73
1598,74
1526,71
1601,77
1712,79
1679,78
1641,77
1543,69
1612,75
1697,80
1652,76
1629,76
1701,78
1620,73
1451,67
1697,80
1452,70
1595,74
1587,75
1622,74
1598,74
1526,73
1691,79
1661,77
1518,72
1697,80
1453,67
1507,70
1729,80
1697,80
1466,70
1697,80
1517,70
1697,80
1665,78
1474,68
1649,78
1577,75
1697,80
1513,73
1419,67
1686,79
1641,77
1666,77
1671,78
1703,80
1697,80
1697,80
1638,76
1697,80
1648,78
1520,73
1697,80
1474,68
1601,77
1425,68
1556,72
1701,80
1356,65
1534,71
1614,77
1697,80
1697,80
1541,72
1651,77
1528,72
1495,70
1537,69
1703,80
1697,80
1705,80
1545,71
1705,80
1689,79
1595,75
1491,71
1594,74
1697,80
1676,79
1697,80
1661,79
1697,80
1409,68
1568,74
1611,74
1616,77
1421,66
1697,80
1513,67
1683,79
1462,68
1587,76
1697,80
1558,73
1596,75
1718,79
1649,78
1476,68
1687,79
1647,78
1699,80
1651,77
1324,64
1535,70
1452,67
1605,73
1562,73
1697,80
1531,71
1697,80
1687,79
1670,79
1554,72
1668,78
1625,77
1528,71
1746,81
1504,69
1354,63
1638,77
1746,81
1563,73
1603,72
1519,73
1710,80
1707,79
1746,81
1505,69
1368,67
1746,81
1591,74
1558,73
1709,78
1559,73
1590,72
1536,70
1712,79
1732,80
1500,68
1565,74
1746,81
1680,79
1495,71
1635,75
1516,70
1388,65
1594,74
1642,78
1714,80
1424,66
1561,75
1746,81
1711,79
1566,72
1746,81
1365,64
1560,71
1678,78
1741,79
1631,76
1444,69
1569,73
1526,72
1746,81
1677,78
1733,80
1748,81
1538,72
1659,79
1725,80
1752,81
1426,68
1746,81
1746,81
1723,78
1642,78
1413,69
1746,81
1648,78
1746,81
1572,72
1678,79
1602,76
1714,80
1607,77
1624,76
1746,81
1678,78
1511,71
1754,81
1652,78
1426,66
1702,80
1746,81
1599,74
1662,77
1602,74
1706,79
1680,77
1692,78
1723,78
1605,77
1763,78
1501,69
1442,68
1442,66
1708,79
1591,75
1540,72
1471,69
1733,78
1682,78
1653,77
1521,71
1746,81
1662,78
1676,77
1390,65
1763,80
1521,70
1636,78
1706,80
1678,78
1593,75
1612,73
1402,68
1501,67
1760,81
1637,78
1389,66
1642,75
1661,79
1566,72
1733,80
1628,75
1746,81
1655,75
1521,71
1688,79
1468,70
1746,81
1746,81
1492,69
1560,74
1489,70
1746,81
1594,73
1486,67
1583,72
1725,78
1448,69
1750,81
1484,66
1265,61
1746,81
1423,66
1665,79
1750,81
1569,73
1703,80
1746,81
1746,81
1535,71
1473,71
1746,81
1722,80
1485,70
1532,73
1695,78
1535,72
1426,68
1616,74
1673,79
1364,66
1531,69
1657,79
1720,80
1565,73
1659,79
1654,76
1470,69
1694,77
1712,80
1469,67
1476,68
1735,80
1634,76
1462,70
1557,73
1683,79
1760,80
1713,78
1617,75
1659,78
1673,79
1662,77
1737,80
1644,78
1750,81
1746,81
1746,81
1746,81
1746,81
1746,81
1559,73
1655,77
1746,81
1496,70
1746,80
1746,81
1496,71
1588,75
1655,76
1532,72
1681,78
1556,72
1661,79
1746,81
1720,78
1696,80
1640,77
1678,79
1746,81
1701,78
1746,81
1659,79
1636,76
1606,77
1746,81
1756,81
1466,69
1726,80
1696,79
1734,80
1661,77
1742,80
1379,65
1444,69
1640,76
1390,65
1559,71
1746,81
1738,80
1741,79
1746,81
1664,76
1438,68
1582,70
1746,81
1644,78
1746,81
1613,74
1644,75
1646,75
1613,77
1390,67
1746,81
1736,80
1746,81
1640,77
1746,81
1505,70
1651,78
1746,81
1596,75
1678,78
1582,72
1701,79
1538,70
1617,76
1746,81
1507,69
1571,72
1644,78
1399,68
1602,73
1728,80
1734,80
1644,75
1735,80
1535,69
1746,81
1746,81
1662,75
1410,68
1564,73
1700,79
1693,79
1510,71
1746,81
1643,76
1519,74
1403,65
1748,81
1475,69
1745,79
1623,77
1447,69
1703,79
1445,69
1444,68
1699,80
1712,80
1732,80
1406,67
1681,78
1465,69
1699,80
1587,73
1642,77
1528,71
1676,79
1782,80
1682,78
1576,73
1340,66
1676,79
1654,77
1481,69
1746,81
1584,71
1644,78
1356,64
1752,81
1463,70
1736,80
1746,81
1473,70
1746,81
1532,70
1746,81
1742,79
1553,69
1735,80
1694,78
1632,76
1620,71
1643,77
1584,70
1746,81
1565,70
1655,77
1746,81
1575,75
1719,80
1793,80
1522,73
1738,80
1622,75
1617,76
1716,80
1610,77
1487,69
1710,78
1693,77
1746,81
1703,79
1654,76
1707,78
1675,79
1537,71
1444,67
1679,76
1592,73
1746,81
1422,69
1727,79
1678,75
1642,75
1521,68
1661,79
1774,79
1802,81
1750,81
1673,78
1746,80
1746,81
1599,72
1616,74
1614,75
1622,74
1746,81
1657,79
1584,73
1688,76
1604,73
1596,74
1603,74
1461,69
1571,76
1617,76
1746,81
1748,81
1754,79
1565,73
1590,77
1661,79
1692,76
1597,75
1723,78
1617,73
1562,73
1618,77
1608,77
1395,68
1717,80
1744,81
1744,81
1540,70
1694,79
1575,72
1701,80
1531,70
1663,77
1744,81
1597,73
1702,78
1663,75
1745,79
1707,80
1589,72
1728,80
1528,70
1746,81
1623,73
1688,77
1578,74
1601,72
1655,77
1758,81
1529,70
1615,74
1740,80
1671,77
1601,75
1697,80
1641,77
1709,79
1616,76
1706,78
1572,72
1616,73
1625,74
1616,73
1750,81
1567,71
1512,69
1558,75
1584,73
1601,72
1701,80
1721,80
1610,77
1635,74
1748,81
1549,72
1682,79
1601,71
1487,70
1572,72
1544,71
1696,79
1744,81
1532,73
1586,75
1744,81
1701,80
1629,73
1725,78
1724,80
1786,80
1527,70
1744,81
1632,76
1679,78
1609,73
1744,80
1744,81
1501,71
1747,79
1545,71
1437,66
1744,81
1755,80
1617,76
1592,74
1689,79
1774,80
1746,81
1573,74
1747,80
1556,74
1499,69
1572,73
1728,80
1746,81
1426,66
1571,69
1721,78
1434,66
1545,71
1748,81
1620,76
1559,71
1744,81
1744,81
1728,78
1627,74
1526,71
1739,79
1596,72
1698,77
1702,79
1715,79
1672,76
1644,75
1536,74
1744,81
1555,71
1730,80
1696,79
1744,81
1742,80
1651,75
1717,77
1529,72
1734,80
1744,81
1649,75
1651,75
1640,75
1742,81
1336,66
1621,75
1705,80
1705,80
1734,79
1724,80
1742,81
1499,70
1669,78
1634,75
1742,81
1742,81
1725,78
1688,79
1742,81
1716,77
1746,81
1746,79
1741,80
1557,70
1678,77
1748,81
1746,81
1733,78
1611,76
1659,79
1750,81
1746,81
1532,69
1591,75
1623,75
1564,72
1568,71
1734,80
1492,71
1694,79
1481,69
1578,74
1742,81
1578,76
1739,80
1738,80
1630,74
1742,81
1573,74
1744,81
1742,81
1645,73
1645,76
1756,80
1666,76
1758,81
1752,81
1628,75
1613,74
1593,69
1665,78
1407,66
1512,70
1744,81
1745,79
1761,81
1742,81
1703,76
1732,80
1630,74
1583,73
1729,80
1496,71
1732,80
1582,73
1742,81
1732,80
1748,81
1746,81
1522,71
1736,80
1453,70
1584,74
1615,74
1742,81
1513,68
1595,73
1734,80
1700,78
1554,69
1742,81
1646,75
1681,76
1566,74
1742,81
1544,72
1738,80
1699,80
1681,79
1681,79
1748,81
1584,72
1606,76
1612,73
1580,73
1685,78
1606,75
1705,80
1712,80
1653,77
1744,81
1742,81
1742,81
1730,79
1609,74
1715,79
1733,79
1722,80
1626,74
1659,75
1550,71
1472,68
1719,77
1746,81
1409,65
1563,73
1628,74
1617,75
1606,74
1586,73
1742,81
1722,80
1563,73
1670,76
1524,70
1621,74
1696,79
1742,81
1742,81
1742,81
1663,78
1667,78
1742,81
1742,81
1663,77
1399,66
1609,76
1726,80
1715,80
1696,78
1750,81
1686,76
1748,81
1699,80
1750,81
1549,73
1642,78
1742,81
1713,80
1704,80
1742,81
1580,72
1566,72
1752,81
1625,76
1753,80
1527,72
1677,76
1656,77
1546,71
1750,81
1558,73
1742,81
1620,77
1670,78
1742,81
1700,78
1729,80
1684,79
1593,73
1722,79
1602,73
1742,81
1597,77
1564,75
1742,81
1554,70
1369,65
1548,72
1742,81
1719,80
1735,79
1740,81
1585,74
1748,81
1740,81
1740,81
1638,76
1722,78
1631,73
1724,76
1748,81
1507,69
1740,81
1740,81
1701,80
1634,74
1740,81
1696,78
1740,81
1521,74
1489,68
1671,77
1626,77
1562,71
1591,75
1744,81
1635,77
1764,81
1712,79
1669,79
1742,81
1740,81
1717,78
1584,74
1578,74
1750,81
1673,79
1555,72
1629,75
1740,81
1720,79
1527,73
1664,75
1576,73
1537,74
1563,74
1740,81
1720,80
1600,75
1718,80
1742,81
1669,78
1602,73
1735,79
1698,79
1740,81
1740,81
1626,75
1630,75
1565,75
1679,77
1740,81
1644,77
1720,80
1740,81
1742,81
1740,81
1552,74
1566,72
1740,81
1713,80
1678,79
1669,78
1578,73
1733,79
1712,79
1531,69
1529,71
1629,75
1629,75
1740,81
1485,70
1514,72
1740,81
1681,78
1672,76
1504,71
1684,78
1657,79
1704,80
1601,72
1585,75
1764,81
1558,72
1377,64
1764,81
1671,78
1740,81
1700,79
1657,79
1710,79
1651,78
1742,81
1711,80
1672,77
1617,76
1740,81
1740,81
1666,77
1678,75
1584,74
1740,81
1610,77
1596,74
1660,78
1742,81
1470,68
1740,81
1746,81
1742,80
1566,71
1740,81
1479,73
1583,72
1517,69
1590,74
1746,81
1806,81
1560,72
1740,81
1541,72
1581,72
1574,73
1754,81
1679,78
1724,80
1725,80
1598,73
1714,76
1740,81
1535,71
1618,74
1719,79
1652,76
1638,75
1727,80
1742,81
1667,78
1740,81
1701,80
1334,64
1618,74
1536,71
1623,76
1708,79
1698,78
1504,69
1740,81
1647,74
1734,80
1742,81
1591,75
1650,76
1762,79
1740,81
1752,81
1724,80
1631,76
1746,81
1616,74
1632,75
1613,75
1674,76
1748,81
1504,69
1705,78
1742,81
1740,81
1727,80
1509,71
1740,80
1748,81
1664,79
1754,81
1626,74
1587,74
1601,73
1503,70
1740,81
1622,76
1544,71
1626,74
1742,81
1528,71
1517,71
1720,79
1713,80
1740,81
1774,81
1744,81
1724,80
1603,74
1482,69
1605,74
1665,77
1740,81
1699,79
1636,76
1617,75
1617,76
1759,81
1740,81
1656,78
1657,79
1586,74
1628,77
1647,74
1583,74
1722,79
1628,78
1619,73
1740,81
1619,75
1740,81
1456,68
1719,80
1679,77
1610,75
1696,79
1517,70
1619,76
1726,80
1599,76
1722,79
1601,74
1620,75
1583,74
1712,79
1531,71
1616,74
1727,80
1639,76
1724,80
1740,81
1576,72
1452,70
1667,78
1477,70
1733,79
1750,81
1594,75
1727,80
1724,80
1482,69
1740,81
1720,79
1730,80
1682,77
1742,81
1636,76
1525,70
1616,76
1714,80
1722,80
1626,73
1638,75
1696,76
1547,72
1744,81
1707,80
1707,80
1704,80
1548,71
1655,78
1727,80
1740,81
1591,76
1677,76
1696,77
1764,81
1740,81
1604,74
1619,75
1643,77
1564,75
1700,80
1664,79
1714,79
1651,77
1325,67
1608,73
1581,76
1707,80
1425,67
1648,75
1698,79
1573,75
1740,81
1755,81
1643,75
1726,80
1598,74
1601,75
1581,75
1575,73
1740,81
1635,76
1513,70
1740,81
1614,77
1701,80
1642,77
1662,75
1466,68
1733,80
1726,80
1400,64
1722,80
1740,81
1740,81
1740,81
1779,79
1768,81
1727,80
1740,81
1575,73
1599,71
1746,81
1720,79
1423,69
1577,75
1534,70
1740,81
1571,73
1702,79
1600,76
1746,81
1740,81
1666,76
1483,68
1703,80
1729,77
1746,81
1740,81
1624,77
1642,77
1589,72
1740,81
1701,80
1616,77
1738,80
1600,74
1571,73
1631,76
1600,73
1740,81
1526,71
1573,70
1669,79
1701,80
1660,78
1664,79
1730,78
1505,71
1603,73
1746,81
1637,76
1640,78
1690,78
1594,74
1691,78
1604,76
1555,72
1740,81
1720,79
1720,80
1720,79
1545,69
1610,76
1568,69
1414,65
1740,81
1605,74
1730,78
1677,78
1704,79
1512,71
1566,74
1602,74
1740,81
1587,74
1655,78
1703,80
1520,70
1624,76
1740,81
1690,77
1715,80
1740,81
1683,76
1668,78
1754,81
1595,73
1634,75
1740,81
1772,81
1531,69
1617,75
1558,73
1703,79
1562,73
1696,79
1571,71
1669,76
1740,81
1738,79
1740,81
1546,71
1744,81
1740,81
1740,81
1740,81
1730,80
1656,77
1719,79
1661,78
1681,78
1696,79
1632,76
1746,81
1742,81
1579,76
1740,81
1680,78
1691,78
1554,70
1516,70
1735,80
1538,69
1659,77
1553,72
1434,68
1740,81
1740,81
1790,82
1790,82
1649,76
1729,80
1673,77
1687,79
1640,77
1506,69
1790,82
1754,81
1656,77
1705,79
1513,71
1577,71
1790,82
1512,69
1790,82
1589,74
1800,82
1780,81
1608,73
1788,82
1790,82
1745,80
1606,74
1783,79
1573,75
1806,82
1694,79
1747,81
1694,79
1747,81
1749,81
1817,82
1747,81
1591,72
1788,82
1790,82
1758,81
1722,79
1788,82
1722,80
1788,82
1715,76
1544,70
1693,76
1788,82
1524,69
1607,74
1788,82
1679,78
1763,81
1788,82
1582,71
1478,68
1777,81
1567,70
1649,77
1619,74
1812,82
1744,81
1766,81
1663,76
1798,82
1788,82
1788,82
1713,80
1795,81
1537,72
1695,77
1719,78
1753,81
1746,80
1788,82
1803,82
1788,82
1718,74
1744,81
1411,67
1520,71
1640,77
1732,79
1744,80
1788,82
1788,82
1748,81
1637,75
1703,77
1629,72
1756,80
1788,82
1788,82
1746,81
1676,76
1495,71
1489,69
1744,81
1568,74
1634,73
1763,81
1750,81
1790,82
1567,72
1766,81
1788,82
1715,79
1696,79
1618,74
1702,77
1565,72
1792,82
1526,69
1751,81
1613,73
1630,77
1620,75
1512,71
1568,72
1717,79
1444,67
1563,71
1788,82
1609,76
1701,80
1753,78
1788,82
1788,82
1759,78
1640,75
1713,79
1644,74
1683,76
1665,78
1788,82
1606,74
1545,70
1788,82
1788,82
1587,73
1640,77
1671,78
1578,72
1783,79
1796,82
1633,75
1801,82
1788,82
1796,82
1788,82
1559,71
1788,82
1722,80
1657,78
1755,78
1587,73
1718,79
1627,76
1788,82
1693,75
1788,82
1701,79
1716,78
1600,74
1676,74
1461,68
1585,76
1660,77
1596,72
1666,77
1580,72
1621,73
1462,69
1788,82
1679,76
1788,82
1739,80
1611,73
1788,82
1693,78
1586,73
1756,81
1694,79
1578,75
1738,80
1656,75
1771,81
1504,71
1707,75
1679,78
1668,77
1624,75
1725,80
1794,82
1442,68
1606,71
1501,71
1788,82
1716,79
1788,82
1573,72
1747,81
1691,78
1788,82
1778,81
1689,78
1756,78
1788,82
1718,76
1542,70
1533,71
1650,77
1663,74
1600,74
1549,72
1788,82
1708,77
1561,72
1788,82
1663,77
1716,78
1741,80
1723,80
1527,70
1738,79
1788,82
1713,78
1527,72
1636,77
1676,78
1443,70
1628,75
1687,77
1609,74
1788,82
1788,82
1704,79
1747,81
1534,70
1788,82
1770,81
1797,81
1554,70
1778,80
1788,82
1788,82
1790,82
1766,81
1725,80
1746,81
1738,80
1725,80
1703,79
1426,68
1557,72
1729,79
1470,70
1600,75
1735,80
1736,80
1788,82
1505,70
1788,82
1788,82
1729,80
1661,76
1771,81
1790,82
1621,75
1788,82
1714,76
1671,76
1788,82
1710,77
1565,70
1788,82
1749,81
1677,74
1788,82
1788,82
1750,79
1689,79
1539,69
1548,71
1732,79
1710,78
1601,73
1788,82
1674,77
1684,76
1701,79
1542,70
1745,78
1773,81
1663,79
1719,79
1750,81
1647,78
1579,74
1613,74
1432,67
1726,79
1784,80
1788,82
1746,81
1708,76
1640,77
1645,75
1657,76
1423,65
1608,74
1611,76
1684,76
1684,78
1788,82
1712,77
1667,77
1686,79
1704,79
1536,70
1529,72
1788,82
1744,81
1600,73
1792,82
1788,81
1788,82
1519,70
1689,79
1694,79
1414,66
1676,74
1624,71
1649,75
1546,71
1771,81
1788,82
1711,80
1788,82
1689,79
1691,77
1624,74
1467,68
1469,68
1564,73
1674,76
1788,82
1538,71
1632,76
1788,82
1521,70
1539,71
1673,75
1629,73
1540,71
1788,82
1705,79
1788,82
1669,79
1771,80
1649,77
1478,68
1756,81
1582,71
1744,81
1801,82
1583,72
1763,81
1788,82
1788,82
1588,73
1788,82
1672,77
1619,75
1730,80
1788,82
1634,76
1604,73
1747,81
1502,70
1677,77
1541,71
1598,74
1734,80
1724,78
1653,75
1776,81
1623,72
1579,74
1769,81
1656,77
1746,81
1698,74
1788,82
1696,79
1606,73
1748,81
1788,82
1595,75
1788,82
1712,77
1592,74
1749,79
1531,71
1401,68
1736,78
1574,71
1673,78
1707,78
1721,80
1735,79
1790,82
1641,77
1511,70
1481,70
1702,77
1651,78
1713,80
1665,74
1628,76
1770,81
1788,82
1738,80
1788,82
1771,80
1788,82
1786,82
1786,82
1786,82
1773,80
1651,75
1651,75
1720,79
1623,75
1690,79
1746,81
1786,82
1790,82
1746,81
1753,81
1680,79
1786,82
1515,73
1589,73
1786,82
1777,79
1750,81
1786,82
1497,71
1754,81
1621,73
1763,78
1601,71
1754,81
1634,75
1736,79
1733,78
1702,78
1686,79
1753,81
1486,70
1596,74
1786,82
1786,82
1646,75
1680,79
1596,74
1494,70
1649,77
1788,82
1517,69
1537,71
1777,81
1608,75
1603,75
1700,79
1669,76
1503,68
1582,72
1533,66
1689,74
1690,78
1673,78
1631,75
1775,81
1706,80
1753,81
1784,82
1664,76
1656,75
1662,79
1771,80
1786,82
1511,70
1659,76
1784,82
1803,81
1741,80
1557,70
1542,70
1788,82
1621,76
1630,75
1681,79
1750,81
1788,82
1622,75
1756,81
1784,82
1686,79
1481,69
1665,74
1530,69
1679,78
1784,82
1652,78
1661,75
1574,71
1623,76
1614,73
1642,76
1540,74
1527,71
1551,72
1798,82
1789,80
1790,82
1763,81
1743,80
1641,76
1609,75
1719,76
1784,82
1757,80
1712,80
1784,82
1703,77
1529,71
1787,80
1769,81
1576,74
1597,73
1673,79
1521,72
1615,73
1529,69
1738,79
1753,78
1663,79
1715,78
1661,76
1751,81
1673,77
1571,71
1639,75
1685,79
1736,79
1784,82
1705,79
1784,82
1723,79
1698,79
1752,81
1750,80
1641,74
1776,80
1805,81
1699,80
1589,74
1697,77
1753,80
1549,70
1565,71
1802,82
1784,82
1784,82
1557,69
1524,71
1790,82
1747,81
1784,82
1581,74
1622,74
1699,80
1553,73
1524,69
1514,70
1784,82
1740,81
1660,74
1544,73
1784,82
1784,82
1669,76
1536,69
1811,82
1666,75
1561,69
1608,73
1668,76
1690,74
1782,80
1706,76
1712,80
1516,69
1586,71
1591,73
1784,82
1643,76
1672,74
1514,69
1784,82
1514,69
1629,76
1699,80
1718,79
1721,80
1768,80
1784,82
1690,77
1784,82
1661,77
1667,76
1669,75
1768,81
1792,82
1784,82
1490,69
1784,82
1792,82
1690,78
1769,81
1614,74
1666,79
1733,80
1676,78
1784,82
1635,74
1506,69
1663,76
1719,79
1654,75
1483,67
1784,82
1623,72
1784,82
1519,68
1584,72
1680,79
1550,73
1736,77
1643,76
1614,74
1784,82
1768,80
1752,81
1764,80
1637,77
1753,81
1745,80
1721,80
1757,80
1791,80
1654,75
1646,75
1748,80
1786,82
1819,81
1739,80
1784,82
1738,81
1784,82
1583,72
1666,75
1786,82
1784,82
1618,77
1784,82
1752,81
1660,77
1784,82
1753,81
1526,69
1680,79
1744,81
1609,77
1595,73
1576,73
1590,72
1587,74
1711,78
1784,82
1783,80
1553,70
1776,81
1641,77
1709,77
1519,70
1410,67
1608,73
1784,82
1658,78
1620,74
1739,80
1784,82
1784,82
1602,77
1784,82
1784,82
1676,77
1401,67
1584,74
1696,79
1652,75
1612,76
1629,75
1784,82
1630,74
1758,81
1509,72
1666,76
1784,82
1666,77
1711,79
1788,82
1784,82
1686,79
1542,71
1788,82
1614,74
1701,78
1582,76
1395,65
1784,82
1567,72
1690,79
1538,70
1568,72
1790,82
1599,73
1745,81
1587,73
1480,69
1718,79
1597,75
1718,79
1546,72
1750,81
1633,75
1676,77
1714,80
1496,71
1667,78
1784,82
1667,78
1686,79
1618,75
1720,80
1510,71
1784,82
1784,82
1403,67
1740,80
1721,80
1752,81
1557,70
1548,71
1683,77
1544,71
1768,81
1780,80
1784,81
1445,66
1784,82
1784,82
1790,82
1733,80
1784,82
1577,70
1784,82
1790,82
1784,82
1663,76
1559,72
1784,82
1790,82
1784,82
1726,78
1459,70
1805,82
1661,76
1543,72
1784,82
1649,76
1784,82
1769,81
1631,76
1539,70
1291,62
1763,81
1784,82
1516,70
1784,82
1773,81
1784,82
1786,80
1795,81
1624,75
1707,79
1601,74
1811,81
1687,75
1461,67
1574,72
1596,74
1749,78
1725,79
1736,79
1616,73
1699,78
1694,77
1784,82
1709,80
1686,77
1791,82
1751,81
1815,82
1574,70
1498,71
1784,82
1788,82
1636,76
1496,70
1784,82
1711,78
1784,82
1748,81
1629,74
1460,70
1665,78
1698,79
1649,78
1723,80
1522,70
1650,76
1784,81
1523,71
1748,81
1783,80
1537,70
1666,76
1564,72
1784,82
1681,75
1742,81
1554,72
1792,82
1770,81
1811,81
1400,66
1513,71
1501,71
1625,72
1743,81
1626,77
1577,73
1784,82
1730,80
1689,79
1540,72
1761,80
1642,73
1699,80
1585,72
1653,76
1609,73
1784,82
1569,71
1534,70
1505,71
1628,72
1784,82
1786,82
1700,78
1764,81
1717,79
1591,74
1610,76
1792,82
1786,82
1757,80
1755,76
1555,71
1617,75
1563,74
1615,74
1697,79
1577,74
1607,75
1784,82
1784,82
1730,80
1540,72
1724,79
1752,80
1720,80
1563,74
1722,80
1561,71
1523,71
1596,73
1518,67
1786,82
1784,82
1659,71
1435,65
1784,82
1643,76
1784,82
1681,78
1575,74
1606,72
1756,79
1538,70
1769,81
1784,82
1564,73
1681,77
1686,79
1823,82
1579,72
1702,78
1454,68
1703,80
1717,78
1496,69
1601,76
1785,80
1743,80
1786,82
1714,79
1434,70
1784,82
1745,81
1640,76
1597,73
1699,77
1784,82
1570,73
1784,82
1674,77
1784,82
1675,77
1639,75
1562,72
1784,81
1590,74
1784,82
1769,81
1719,80
1620,73
1668,76
1650,77
1786,82
1699,80
1508,72
1788,82
1632,74
1655,78
1784,82
1583,72
1616,72
1788,82
1540,73
1784,82
1621,75
1788,82
1646,77
1570,75
1784,82
1784,82
1784,82
1516,67
1794,82
1598,74
1698,79
1717,80
1556,71
1561,73
1587,71
1707,76
1771,81
1700,78
1726,80
1769,81
1784,82
1699,79
1745,81
1561,74
1784,82
1792,82
1679,76
1463,66
1697,78
1742,80
1527,69
1555,71
1557,73
1619,72
1649,77
1788,82
1590,73
1660,77
1669,79
1754,81
1785,80
1539,70
1760,81
1786,81
1769,81
1754,80
1639,77
1688,79
1784,82
1418,66
1767,81
1617,71
1790,82
1697,77
1776,81
1466,67
1662,77
1718,79
1737,79
1636,77
1732,80
1630,76
1638,76
1691,79
1732,80
1639,75
1768,81
1784,82
1728,78
1800,82
1768,81
1602,74
1785,80
1784,81
1650,76
1637,75
1501,70
1686,76
1620,72
1775,81
1644,74
1628,76
1769,81
1697,79
1730,80
1732,80
1784,82
1563,73
1683,77
1784,82
1587,72
1784,82
1784,82
1769,81
1575,69
1773,81
1686,79
1642,76
1786,82
1776,81
1682,78
1786,82
1510,73
1700,78
1753,80
1609,74
1405,67
1788,82
1535,71
1586,71
1579,73
1586,75
1547,71
1553,73
1688,79
1636,77
1768,81
1522,74
1484,71
1784,82
1506,71
1788,82
1641,74
1659,76
1548,73
1392,64
1678,76
1650,76
1534,73
1784,82
1663,77
1784,82
1784,82
1615,75
1650,76
1689,78
1550,72
1557,71
1622,74
1622,74
1735,80
1662,75
1588,74
1799,81
1622,75
1601,72
1747,80
1630,76
1636,76
1786,82
1786,82
1811,82
1577,71
1487,70
1550,70
1784,82
1638,74
1763,81
1604,73
1694,79
1578,70
1673,75
1633,75
1703,79
1784,82
1786,82
1602,74
1561,72
1786,82
1786,82
1730,80
1588,72
1690,77
1642,74
1763,81
1621,74
1736,80
1567,74
1789,81
1790,82
1803,82
1762,81
1784,82
1742,81
1742,81
1700,78
1652,76
1719,80
1792,82
1788,82
1625,72
1727,80
1775,81
1719,79
1617,74
1631,76
1672,77
1732,80
1554,72
1612,74
1790,82
1664,76
1664,78
1780,81
1615,74
1667,76
1677,77
1784,82
1652,76
1454,67
1781,80
1580,72
1611,74
1777,80
1765,81
1663,77
1624,75
1660,76
1790,82
1525,70
1784,82
1611,72
1730,80
1788,82
1581,75
1796,82
1575,71
1587,73
1784,82
1788,82
1763,81
1671,78
1700,80
1647,73
1707,79
1788,82
1552,74
1692,77
1784,82
1784,82
1653,77
1710,80
1585,70
1581,70
1609,72
1653,77
1769,81
1784,82
1598,73
1784,82
1771,81
1520,72
1626,76
1784,82
1534,69
1807,82
1685,78
1769,81
1675,74
1784,82
1730,80
1754,81
1502,69
1558,71
1784,82
1784,82
1784,82
1626,75
1564,71
1639,73
1614,74
1610,70
1498,69
1784,82
1796,82
1548,73
1767,81
1628,76
1459,70
1707,80
1594,73
1577,73
1784,82
1638,77
1778,81
1736,79
1630,76
1573,75
1707,80
1581,74
1790,82
1704,78
1682,79
1569,74
1784,82
1676,74
1596,71
1794,82
1684,74
1817,82
1626,75
1784,82
1687,79
1784,82
1601,73
1730,80
1670,76
1775,79
1788,82
1788,82
1595,76
1626,75
1690,78
1794,82
1631,76
1566,73
1790,82
1752,81
1641,76
1555,71
1720,79
1492,69
1784,82
1784,82
1646,76
1664,76
1556,71
1610,75
1698,78
1517,71
1650,76
1681,78
1781,80
1755,80
1742,81
1539,72
1547,73
1695,79
1715,79
1504,72
1613,75
1420,68
1784,82
1790,82
1700,79
1635,77
1784,82
1722,79
1608,74
1784,82
1598,73
1671,76
1679,78
1530,71
1688,77
1649,77
1346,64
1745,81
1688,77
1781,80
1581,74
1646,76
1583,72
1790,82
1745,81
1645,76
1561,74
1784,82
1737,79
1516,69
1591,73
1546,71
1730,80
1713,79
1752,80
1784,82
1745,81
1579,70
1784,82
1672,76
1743,80
1452,69
1784,82
1786,82
1511,72
1700,80
1730,80
1671,76
1559,74
1613,75
1497,70
1658,77
1622,75
1784,82
1607,72
1548,71
1736,78
1784,82
1551,72
1659,77
1730,80
1556,71
1593,74
1583,71
1655,77
1722,79
1784,82
1591,74
1723,80
1784,82
1652,77
1737,80
1742,81
1711,79
1801,81
1602,74
1531,71
1768,81
1728,80
1768,81
1790,82
1676,75
1622,75
1724,78
1784,82
1784,82
1784,82
1790,82
1628,73
1784,82
1646,76
1542,73
1464,69
1804,82
1679,77
1788,82
1786,82
1634,76
1733,79
1678,77
1769,81
1549,69
1613,75
1622,75
1709,77
1784,82
1819,82
1624,76
1756,80
1761,81
1640,75
1627,72
1734,80
1718,79
1666,78
1695,80
1608,74
1736,80
1760,81
1673,77
1732,80
1490,69
1806,82
1784,82
1455,66
1692,78
1708,75
1786,82
1591,71
1718,80
1784,82
1784,82
1784,82
1508,71
1652,75
1803,82
1730,80
1662,76
1541,70
1784,82
1538,72
1788,82
1536,71
1587,74
1547,71
1720,79
1491,70
1528,70
1774,81
1632,76
1712,79
1784,82
1670,76
1785,81
1693,79
1569,69
1660,75
1726,79
1584,73
1790,82
1813,82
1377,64
1784,82
1628,76
1609,73
1520,71
1784,82
1786,82
1538,73
1479,69
1613,75
1599,73
1686,79
1714,79
1769,81
1788,82
1684,79
1784,82
1798,82
1501,70
1552,69
1568,72
1804,82
1574,70
1794,82
1609,73
1753,80
1784,82
1634,74
1723,80
1485,68
1784,82
1715,79
1543,72
1520,68
1729,80
1659,77
1623,74
1644,75
1536,70
1668,78
1784,82
1720,79
1746,78
1667,77
1784,82
1786,82
1495,69
1784,82
1631,76
1670,75
1594,72
1784,82
1583,73
1745,80
1714,78
1574,74
1778,81
1784,82
1621,75
1681,76
1696,78
1784,82
1482,71
1660,75
1738,79
1784,82
1784,82
1749,80
1786,82
1776,79
1784,82
1505,69
1772,81
1553,70
1664,75
1571,72
1708,79
1568,72
1699,75
1701,78
1784,82
1792,82
1749,80
1628,76
1740,81
1784,82
1784,82
1749,80
1519,73
1805,82
1502,69
1453,70
1601,76
1784,82
1728,78
1784,82
1784,82
1685,77
1761,81
1753,80
1642,75
1711,75
1621,75
1660,77
1769,81
1700,79
1769,81
1621,77
1692,78
1691,79
1522,70
1578,74
1507,70
1784,82
1700,80
1784,82
1738,79
1784,82
1702,78
1784,82
1562,70
1621,75
1764,81
1760,81
1784,82
1630,75
1525,72
1691,78
1590,72
1617,75
1784,82
1712,79
1699,79
1613,72
1702,78
1698,79
1781,80
1700,77
1590,72
1660,76
1705,76
1622,74
1784,82
1606,74
1715,79
1729,79
1802,82
1714,79
1806,82
1698,78
1590,75
1693,79
1511,72
1786,82
1730,79
1552,71
1487,67
1594,72
1667,76
1718,79
1667,74
1580,74
1797,82
1716,78
1638,76
1780,81
1652,77
1754,81
1784,82
1581,72
1544,73
1784,82
1563,72
1784,82
1703,79
1768,81
1677,77
1622,74
1763,81
1501,71
1628,76
1655,77
1784,82
1578,72
1743,80
1670,76
1647,76
1749,80
1756,81
1616,73
1784,82
1732,80
1655,76
1544,74
1692,78
1420,67
1785,81
1571,72
1616,73
1788,82
1513,70
1784,82
1784,82
1679,75
1788,82
1611,75
1784,82
1649,76
1784,82
1784,82
1699,80
1535,70
1749,81
1661,78
1719,79
1663,76
1678,77
1596,70
1674,74
1716,79
1743,79
1552,71
1713,78
1734,80
1689,78
1786,82
1790,82
1783,80
1633,75
1758,80
1753,80
1700,80
1643,77
1784,82
1705,78
1677,77
1732,78
1560,71
1622,74
1707,78
1664,77
1781,80
1620,74
1784,82
1548,73
1536,73
1705,79
1722,78
1642,74
1587,75
1738,80
1681,77
1624,75
1655,76
1565,73
1514,72
1624,75
1784,82
1648,73
1784,81
1728,78
1784,82
1784,82
1784,82
1778,81
1651,77
1543,71
1783,80
1627,75
1640,74
1784,82
1784,82
1530,71
1784,82
1768,81
1543,72
1746,80
1786,82
1712,79
1699,80
1763,81
1788,82
1731,80
1617,76
1682,78
1674,77
1714,79
1784,82
1692,78
1754,80
1658,77
1720,80
1806,82
1784,82
1784,82
1542,72
1652,77
1784,82
1775,81
1702,77
1788,82
1505,71
1669,77
1689,78
1628,76
1608,74
1749,81
1530,70
1622,75
1519,72
1604,73
1552,70
1784,82
1732,79
1701,79
1620,75
1667,77
1727,80
1678,77
1783,81
1601,73
1630,74
1616,74
1621,77
1677,78
1784,82
1668,78
1748,81
1696,78
1632,75
1509,70
1554,71
1811,82
1603,74
1784,82
1784,82
1596,73
1494,66
1713,78
1597,74
1699,80
1535,70
1788,82
1734,80
1782,82
1672,78
1581,70
1660,74
1782,82
1594,71
1782,82
1782,82
1531,71
1782,81
1582,73
1461,68
1788,82
1739,81
1484,68
1790,82
1630,75
1626,75
1636,76
1536,70
1782,82
1691,79
1698,77
1650,76
1727,79
1606,75
1533,72
1745,81
1589,74
1651,76
1491,71
1779,79
1696,79
1714,79
1638,74
1728,80
1782,82
1786,82
1782,82
1782,82
1568,72
1635,78
1786,82
1784,82
1520,71
1727,80
1723,80
1716,79
1742,81
1631,74
1678,78
1509,70
1644,75
1782,82
1739,81
1747,80
1782,82
1695,79
1669,77
1501,68
1752,80
1707,80
1694,77
1752,81
1782,82
1786,82
1675,78
1725,79
1570,73
1663,77
1782,82
1571,73
1620,76
1549,73
1782,82
1743,81
1786,82
1784,82
1651,77
1522,70
1663,76
1653,76
1701,78
1742,80
1786,82
1713,78
1636,76
1778,81
1626,75
1743,81
1782,82
1607,75
1788,82
1581,71
1782,82
1680,76
1597,74
1601,76
1758,81
1782,82
1799,82
1708,79
1702,78
1725,80
1771,81
1621,72
1629,75
1467,67
1720,80
1616,72
1782,82
1687,77
1631,76
1782,82
1787,80
1690,77
1748,79
1784,81
1467,69
1784,82
1775,81
1567,73
1677,77
1786,82
1530,70
1596,75
1665,79
1779,80
1606,75
1687,79
1765,81
1705,79
1504,69
1669,77
1694,78
1599,75
1628,75
1696,77
1533,71
1479,67
1782,82
1458,67
1655,76
1782,82
1398,66
1705,80
1769,81
1788,82
1790,79
1758,81
1758,81
1618,75
1579,73
1786,82
1782,82
1703,77
1782,82
1766,81
1713,78
1609,75
1670,78
1697,77
1588,74
1769,81
1615,75
1558,74
1751,80
1766,81
1784,81
1751,80
1788,82
1766,81
1788,82
1441,68
1569,71
1635,74
1699,79
1674,78
1699,80
1623,74
1666,78
1751,81
1750,81
1481,69
1601,75
1610,74
1765,81
1649,77
1754,81
1763,81
1736,80
1784,82
1788,82
1782,82
1661,78
1786,82
1782,82
1782,82
1774,81
1769,81
1788,82
1643,72
1685,79
1714,79
1767,81
1782,82
1782,82
1606,74
1638,77
1712,80
1668,78
1713,78
1715,80
1595,75
1786,82
1521,71
1750,80
1782,82
1652,75
1554,72
1645,77
1742,81
1639,75
1580,73
1770,81
1660,77
1743,80
1782,82
1686,76
1581,73
1727,80
1773,81
1562,71
1676,76
1732,80
1715,77
1772,81
1452,69
1699,77
1769,80
1618,78
1584,73
1623,75
1782,82
1644,76
1691,78
1729,78
1762,81
1782,82
1593,74
1711,77
1562,74
1616,74
1532,72
1782,82
1761,79
1696,75
1502,69
1739,81
1782,82
1770,81
1752,81
1648,77
1767,80
1782,82
1674,77
1782,82
1268,63
1730,80
1679,78
1782,82
1415,68
1590,73
1701,80
1479,70
1776,81
1786,82
1587,74
1653,74
1628,75
1593,74
1685,78
1788,82
1769,80
1782,82
1629,73
1542,74
1655,77
1746,81
1762,81
1713,78
1659,77
1694,78
1551,69
1782,82
1784,82
1782,82
1769,80
1692,77
1435,66
1619,75
1782,82
1782,82
1723,80
1700,78
1759,80
1699,80
1716,78
1784,82
1784,82
1559,70
1782,82
1782,82
1673,79
1622,73
1666,78
1782,82
1784,82
1644,76
1782,82
1691,77
1708,77
1653,76
1782,82
1782,82
1544,73
1782,82
1777,81
1622,74
1629,76
1698,78
1606,74
1746,81
1767,80
1722,80
1782,82
1589,72
1684,78
1752,81
1782,82
1769,80
1654,76
1650,76
1711,79
1690,78
1774,81
1591,73
1590,74
1767,80
1772,81
1611,74
1723,80
1597,75
1746,80
1598,73
1708,78
1498,71
1782,82
1713,79
1716,75
1687,78
1733,80
1674,76
1531,70
1617,74
1589,73
1520,73
1650,76
1673,77
1708,77
1680,77
1709,79
1782,82
1752,81
1760,81
1751,80
1405,66
1604,74
1651,77
1734,80
1782,82
1659,77
1747,80
1698,78
1441,68
1733,79
1715,80
1774,81
1575,73
1784,82
1612,74
1600,74
1530,70
1660,76
1550,72
1751,80
1782,82
1672,77
1782,82
1691,76
1677,77
1723,78
1724,80
1708,77
1782,82
1786,82
1676,78
1750,80
1555,73
1776,81
1708,77
1603,75
1761,80
1626,74
1646,77
1507,68
1558,70
1803,82
1268,63
1782,82
1595,75
1662,78
1513,70
1706,78
1596,73
1786,82
1771,81
1723,79
1695,79
1792,82
1782,82
1496,71
1530,73
1700,74
1566,71
1554,70
1482,71
1609,74
1764,81
1630,76
1746,80
1723,79
1617,74
1776,81
1535,72
1782,82
1698,78
1708,78
1782,82
1600,74
1629,76
1764,81
1797,82
1624,74
1644,76
1611,72
1789,81
1647,76
1567,71
1732,79
1647,76
1597,69
1521,71
1782,82
1475,71
1692,78
1782,82
1615,72
1782,82
1684,78
1752,81
1782,82
1714,78
1498,71
1543,70
1801,82
1627,77
1790,82
1544,73
1550,72
1782,82
1669,77
1579,72
1799,82
1627,75
1581,72
1646,78
1370,64
1595,74
1672,76
1713,79
1773,81
1616,70
1675,76
1672,76
1614,74
1782,82
1659,76
1771,81
1461,70
1693,79
1709,78
1645,76
1782,82
1782,82
1754,80
1712,78
1683,79
1734,79
1738,79
1685,79
1689,77
1757,80
1615,75
1706,78
1619,74
1650,76
1681,78
1746,81
1622,74
1782,82
1750,81
1680,77
1654,78
1782,82
1649,77
1782,82
1517,72
1703,78
1614,75
1679,77
1792,82
1593,73
1679,78
1697,77
1688,78
1670,73
1782,82
1580,74
1698,78
1704,76
1579,74
1713,80
1634,75
1652,77
1719,80
1589,73
1701,79
1535,70
1740,80
1771,80
1625,76
1614,74
1671,76
1391,66
1799,82
1527,73
1407,66
1782,82
1782,82
1759,81
1675,78
1792,82
1679,79
1782,82
1720,78
1667,78
1720,80
1602,75
1749,81
1545,71
1761,81
1745,79
1780,81
1696,80
1634,77
1705,78
1660,76
1782,82
1619,76
1774,81
1735,80
1515,70
1782,82
1756,81
1782,82
1786,82
1640,74
1673,79
1678,78
1629,75
1782,82
1684,77
1788,82
1647,76
1718,80
1742,81
1619,76
1726,79
1613,76
1630,74
1675,76
1628,75
1640,76
1532,72
1685,77
1571,73
1677,77
1803,82
1682,78
1669,74
1542,72
1638,75
1726,80
1530,72
1557,67
1715,80
1724,80
1700,80
1603,75
1697,79
1415,68
1473,70
1653,75
1509,69
1805,82
1796,82
1782,82
1774,81
1752,81
1674,76
1639,76
1647,76
1735,80
1760,81
1587,72
1782,82
1734,80
1457,68
1702,79
1702,79
1719,80
1736,79
1640,76
1765,81
1696,77
1782,82
1797,82
1620,72
1710,78
1795,81
1752,81
1805,82
1782,82
1676,79
1532,69
1782,82
1753,78
1797,82
1736,80
1782,82
1748,80
1668,78
1775,80
1795,82
1620,76
1784,82
1707,78
1784,82
1681,77
1682,76
1782,82
1734,79
1653,77
1465,68
1602,74
1771,81
1651,75
1496,71
1593,74
1782,82
1593,74
1728,79
1605,75
1782,82
1688,78
1711,77
1703,79
1605,76
1678,75
1585,68
1543,68
1775,80
1449,66
1644,77
1745,80
1561,73
1605,73
1605,73
1657,78
1710,79
1719,78
1468,67
1658,75
1759,81
1585,75
1787,81
1757,79
1634,76
1681,77
1782,82
1623,69
1750,80
1699,78
1772,81
1645,74
1782,82
1739,80
1717,78
1782,82
1680,77
1719,80
1623,73
1712,79
1782,82
1646,78
1693,78
1535,74
1782,82
1706,78
1465,66
1792,82
1671,77
1788,82
1629,77
1602,75
1652,76
1684,78
1724,78
1514,72
1728,80
1782,82
1708,79
1745,81
1782,82
1725,80
1623,75
1512,71
1684,75
1651,75
1642,76
1782,82
1666,76
1588,75
1582,73
1575,74
1753,81
1709,79
1794,82
1794,82
1646,78
1786,82
1782,82
1727,79
1767,81
1629,75
1679,77
1748,81
1776,78
1409,69
1747,80
1610,75
1805,82
1705,79
1639,76
1702,79
1652,77
1650,76
1500,69
1651,75
1683,78
1595,75
1650,76
1703,78
1797,82
1654,77
1782,82
1677,75
1557,72
1647,76
1683,76
1767,81
1711,79
1641,76
1782,82
1771,81
1486,68
1765,80
1673,77
1538,72
1627,74
1805,81
1782,82
1516,72
1523,71
1651,75
1782,82
1747,79
1797,82
1571,73
1679,78
1700,80
1621,75
1742,81
1684,78
1772,81
1795,82
1782,82
1587,75
1671,79
1782,82
1734,80
1758,81
1611,74
1524,72
1507,68
1622,73
1580,72
1683,75
1712,79
1782,82
1548,72
1621,75
1687,79
1558,74
1601,72
1718,78
1772,81
1596,73
1642,73
1788,82
1585,73
1809,82
1782,82
1743,80
1740,80
1520,73
1782,82
1782,82
1512,67
1782,82
1689,79
1615,74
1673,77
1782,82
1504,70
1782,82
1629,74
1689,79
1784,82
1703,79
1569,72
1802,82
1743,79
1743,80
1786,82
1736,81
1786,82
1782,82
1755,81
1782,82
1659,75
1754,81
1539,73
1549,72
1695,77
1675,77
1667,76
1673,79
1790,82
1714,79
1740,81
1575,73
1642,76
1663,76
1786,82
1654,77
1687,78
1683,74
1782,82
1743,81
1648,77
1782,82
1723,79
1680,77
1710,80
1794,82
1790,82
1677,77
1767,80
1782,82
1646,78
1782,82
1782,82
1472,71
1614,73
1651,77
1750,80
1782,82
1610,75
1720,78
1782,82
1776,81
1716,79
1660,75
1782,82
1584,74
1635,76
1672,78
1681,72
1782,82
1590,72
1527,72
1670,76
1620,74
1782,82
1782,82
1629,75
1679,74
1722,79
1758,79
1782,82
1717,79
1435,70
1490,72
1671,77
1570,74
1782,82
1736,81
1513,71
1782,82
1764,81
1660,78
1669,77
1589,75
1782,82
1784,82
1670,76
1724,80
1614,76
1736,81
1699,78
1636,76
1602,74
1723,80
1658,78
1678,79
1518,73
1782,82
1759,81
1682,79
1674,78
1718,80
1551,71
1706,78
1776,81
1677,77
1686,79
1446,66
1782,82
1664,77
1288,65
1652,77
1782,82
1524,70
1641,76
1770,81
1627,74
1705,79
1540,74
1727,79
1690,78
1642,76
1728,80
1764,81
1677,79
1782,82
1473,70
1705,77
1782,82
1767,80
1748,81
1640,75
1699,78
1634,76
1782,82
1782,82
1784,82
1548,74
1782,82
1355,68
1631,77
1656,74
1686,79
1488,71
1782,82
1530,72
1782,82
1782,82
1671,78
1636,77
1558,74
1767,80
1741,80
1752,81
1639,75
1788,82
1742,81
1672,74
1679,78
1582,72
1610,73
1757,81
1644,78
1655,76
1737,79
1610,74
1613,74
1782,82
1650,76
1601,75
1715,79
1792,82
1562,74
1750,80
1604,74
1750,81
1521,70
1794,82
1782,82
1611,74
1648,76
1778,81
1720,80
1636,75
1734,80
1627,75
1616,76
1501,73
1693,76
1652,76
1732,80
1511,70
1790,82
1723,77
1694,78
1782,82
1707,79
1626,75
1623,74
1551,71
1722,80
1734,80
1673,77
1545,74
1614,74
1471,70
1746,81
1612,75
1782,82
1689,77
1620,75
1749,81
1741,79
1578,70
1746,81
1603,72
1663,75
1630,74
1782,82
1784,82
1708,78
1759,81
1616,75
1782,82
1660,78
1743,80
1750,80
1591,74
1646,77
1659,76
1628,76
1722,80
1694,79
1782,82
1736,80
1756,81
1747,81
1782,82
1647,77
1784,82
1522,68
1614,76
1599,73
1784,82
1782,82
1731,80
1734,80
1782,82
1760,80
1782,82
1732,80
1707,79
1792,82
1758,80
1710,79
1693,79
1782,82
1779,81
1676,78
1648,76
1719,78
1678,77
1782,82
1722,80
1703,79
1782,82
1558,74
1782,82
1722,79
1557,74
1782,82
1562,74
1782,82
1480,70
1750,81
1611,74
1774,81
1782,82
1668,73
1707,79
1723,80
1682,79
1632,74
1644,76
1782,82
1722,80
1746,81
1724,79
1646,78
1716,79
1745,79
1571,73
1537,71
1637,73
1782,82
1646,77
1550,75
1771,81
1518,69
1591,76
1704,79
1648,78
1740,80
1696,79
1605,75
1770,81
1782,82
1697,79
1740,79
1731,80
1663,75
1722,79
1648,77
1580,75
1782,82
1771,81
1649,76
1698,80
1782,82
1795,82
1687,78
1698,80
1574,73
1672,77
1767,80
1641,76
1661,76
1616,74
1574,74
1702,78
1737,80
1782,82
1720,78
1766,81
1782,82
1661,76
1709,78
1782,82
1710,80
1765,81
1673,79
1600,73
1765,81
1703,78
1722,80
1728,80
1569,75
1731,80
1679,77
1703,79
1755,81
1652,77
1631,76
1714,77
1705,79
1650,75
1771,81
1571,75
1782,82
1664,77
1698,80
1721,78
1580,75
1782,82
1782,82
1618,76
1796,82
1687,79
1648,76
1782,82
1722,79
1746,81
1755,81
1673,75
1430,68
1592,72
1584,75
1623,75
1543,73
1782,82
1782,82
1708,78
1579,73
1788,82
1619,73
1701,79
1741,80
1608,71
1782,82
1797,82
1764,81
1626,75
1620,76
1661,76
1782,82
1716,78
1520,69
1653,77
1781,80
1642,75
1748,80
1782,82
1740,79
1569,74
1664,78
1678,78
1675,75
1486,70
1782,82
1638,76
1683,76
1606,75
1774,81
1537,70
1698,80
1649,75
1784,82
1782,82
1782,82
1722,79
1616,76
1628,74
1782,82
1719,79
1755,81
1686,79
1769,81
1619,72
1669,76
1698,77
1762,81
1759,81
1790,82
1747,81
1750,81
1782,82
1701,78
1743,81
1762,81
1529,71
1681,75
1562,74
1651,78
1633,78
1634,77
1767,80
1655,76
1750,80
1714,79
1793,82
1782,82
1782,82
1574,73
1774,81
1608,74
1701,78
1615,74
1638,75
1639,74
1726,80
1690,77
1750,80
1641,76
1569,74
1509,72
1530,72
1782,82
1591,76
1730,79
1799,82
1782,82
1671,77
1769,81
1495,72
1705,79
1731,80
1777,80
1738,79
1631,75
1738,79
1706,78
1784,82
1651,77
1779,81
1627,75
1470,70
1782,82
1782,82
1649,77
1782,82
1752,79
1681,78
1782,82
1700,77
1635,76
1782,82
1782,82
1782,82
1782,82
1627,75
1626,72
1624,76
1585,73
1684,78
1784,81
1556,74
1660,77
1782,82
1667,77
1655,77
1740,81
1714,80
1647,76
1667,78
1782,82
1697,78
1579,72
1772,81
1736,81
1738,79
1613,74
1782,82
1760,81
1670,77
1635,75
1616,75
1667,78
1589,73
1697,79
1673,78
1678,78
1687,79
1699,80
1653,77
1702,78
1782,82
1611,76
1673,78
1699,77
1690,77
1718,79
1595,75
1670,77
1835,82
1751,81
1782,82
1782,82
1749,80
1782,82
1781,80
1782,82
1650,74
1542,72
1607,74
1572,73
1656,77
1776,80
1627,76
1663,77
1675,78
1686,79
1669,77
1763,80
1666,78
1581,73
1709,79
1717,79
1782,82
1647,74
1788,82
1637,74
1782,82
1790,82
1553,74
1782,82
1723,79
1753,81
1782,82
1782,82
1519,71
1729,80
1557,73
1512,71
1660,77
1803,82
1706,78
1677,77
1776,81
1738,80
1782,82
1731,78
1529,73
1782,82
1690,78
1671,77
1736,81
1651,77
1749,79
1581,75
1788,82
1663,77
1782,82
1561,73
1581,71
1782,82
1727,80
1622,76
1719,79
1619,71
1764,81
1782,82
1706,79
1617,74
1751,81
1559,74
1660,77
1693,76
1782,82
1752,79
1659,76
1635,75
1675,76
1699,80
1611,71
1786,82
1750,80
1750,81
1632,74
1687,77
1722,80
1701,79
1699,78
1746,80
1769,80
1617,76
1643,77
1572,73
1698,77
1742,81
1695,79
1609,75
1782,82
1579,74
1759,81
1520,73
1648,77
1799,82
1747,81
1767,81
1684,78
1617,73
1782,82
1782,82
1588,74
1627,76
1542,71
1648,77
1638,71
1613,73
1748,80
1605,76
1743,81
1706,77
1782,82
1661,77
1759,81
1673,77
1544,68
1698,80
1702,77
1674,78
1779,81
1782,82
1792,82
1734,80
1689,78
1669,74
1768,81
1769,81
1572,73
1782,82
1633,75
1639,77
1651,77
1542,73
1670,77
1490,71
1743,81
1658,78
1646,77
1657,77
1782,82
1679,78
1574,73
1584,75
1687,76
1749,81
1773,80
1753,81
1534,69
1597,72
1782,82
1711,79
1687,77
1585,73
1760,81
1782,82
1652,75
1712,80
1564,74
1782,82
1776,81
1739,79
1601,75
1745,81
1604,73
1753,81
1773,81
1714,79
1782,82
1654,76
1648,77
1512,72
1782,82
1769,81
1782,82
1782,82
1585,74
1762,81
1722,80
1655,77
1737,80
1780,81
1674,77
1709,80
1716,76
1782,82
1782,82
1609,76
1782,82
1734,80
1684,77
1705,80
1613,75
1782,82
1683,77
1641,75
1702,78
1732,79
1572,74
1782,82
1782,82
1782,82
1762,80
1720,77
1634,78
1782,82
1654,76
1658,76
1782,82
1774,81
1634,76
1782,82
1363,67
1782,82
1747,81
1724,79
1623,75
1604,73
1778,79
1699,77
1541,73
1519,72
1472,71
1691,77
1654,77
1644,75
1778,81
1521,72
1771,81
1815,82
1776,81
1643,76
1629,76
1689,77
1487,70
1753,81
1718,80
1562,70
1498,70
1776,81
1621,74
1782,82
1782,82
1686,79
1692,77
1729,80
1581,73
1735,77
1803,82
1684,77
1687,78
1553,73
1782,82
1761,81
1481,68
1785,81
1607,76
1573,71
1735,80
1784,82
1691,78
1681,78
1704,76
1701,77
1681,75
1784,82
1624,75
1740,81
1782,82
1622,76
1782,82
1795,81
1704,77
1750,80
1624,76
1709,79
1585,74
1541,74
1671,76
1636,76
1476,71
1611,76
1638,77
1783,81
1524,72
1491,66
1784,82
1773,79
1540,72
1750,80
1782,82
1559,74
1790,82
1782,82
1734,79
1782,82
1653,76
1726,80
1712,76
1682,79
1755,81
1742,81
1627,77
1562,71
1664,76
1561,71
1664,77
1695,77
1712,76
1667,76
1774,81
1657,77
1675,78
1620,75
1783,80
1511,73
1588,74
1598,75
1715,75
1612,74
1784,82
1782,82
1705,79
1445,71
1598,74
1784,82
1664,75
1623,74
1638,74
1782,82
1669,78
1604,75
1782,82
1685,77
1632,75
1627,75
1624,75
1750,80
1790,82
1768,81
1626,77
1782,82
1739,79
1602,75
1698,80
1510,73
1700,78
1782,82
1790,82
1615,75
1664,76
1632,74
1782,82
1788,82
1544,70
1778,81
1720,78
1620,76
1782,82
1782,82
1782,82
1771,81
1752,81
1673,77
1735,79
1753,81
1489,72
1782,82
1511,72
1591,73
1671,77
1786,81
1746,81
1782,82
1643,76
1759,80
1784,82
1782,82
1577,72
1622,75
1782,82
1701,79
1673,78
1704,77
1759,81
1782,82
1721,80
1601,74
1770,81
1782,82
1730,78
1667,73
1548,74
1667,78
1600,74
1782,82
1651,76
1664,76
1676,76
1678,79
1747,81
1535,71
1609,75
1782,82
1784,82
1525,72
1644,76
1782,82
1566,72
1566,70
1649,77
1683,78
1568,72
1608,73
1698,80
1634,75
1526,69
1623,72
1717,79
1626,76
1776,81
1597,73
1697,79
1742,81
1752,80
1695,79
1742,81
1682,79
1647,77
1704,79
1472,69
1693,79
1699,79
1738,78
1782,82
1636,73
1646,78
1529,71
1659,76
1778,80
1782,82
1669,77
1504,70
1527,72
1628,76
1625,74
1782,82
1636,78
1783,81
1734,79
1784,82
1750,81
1624,75
1782,82
1699,79
1760,81
1785,81
1700,78
1684,77
1758,80
1803,82
1787,81
1782,82
1665,78