1073,47
1084,47
1073,47
1086,48
1086,48
1088,48
1021,45
1092,48
1104,47
1086,48
1082,48
1078,48
1078,48
1078,48
1084,48
1088,48
1117,49
1072,47
1041,46
1044,47
1113,49
1117,49
1125,50
1093,49
1080,48
1125,50
1102,49
1125,50
1125,50
1042,46
1042,46
1103,48
1125,50
1125,50
1042,47
1125,50
1125,50
1036,46
1121,49
1080,48
1064,48
1121,50
1123,50
1115,49
1121,50
1121,50
1106,48
1121,50
1042,47
1111,49
1107,49
1070,46
1121,50
1121,50
1093,49
1107,49
1142,51
1114,50
1143,51
1130,49
1142,51
1142,51
1132,50
1038,48
1067,49
1134,51
1134,51
1090,49
1134,51
1140,51
1136,51
1118,50
1102,49
1135,51
1115,50
1134,51
1069,48
1054,46
1166,52
1138,51
1147,51
1093,49
1174,52
1126,50
1154,51
1115,51
1154,52
1120,50
1123,50
1064,48
1162,52
1138,51
1154,52
1090,50
1145,51
1184,53
1165,52
1152,50
1098,50
1184,53
1131,51
1135,51
1180,53
1180,53
1156,52
1093,49
1111,51
1180,53
1094,49
1182,53
1149,52
1180,53
1159,52
1142,51
1184,53
1144,52
1181,53
1130,51
1180,52
1162,52
1168,52
1149,52
1180,53
1122,51
1169,52
1054,47
1156,52
1114,50
1182,53
1131,51
1141,51
1119,49
1167,52
1181,53
1164,53
1093,49
1164,53
1138,50
1186,53
1172,53
1102,50
1160,53
1160,53
1124,51
1121,51
1056,48
1111,50
1186,54
1165,53
1144,51
1148,52
1183,53
1210,54
1186,54
1144,51
1204,54
1203,54
1186,54
1135,52
1135,52
1173,53
1186,54
1193,53
1136,51
1192,54
1186,54
1061,47
1102,49
1183,53
1154,53
1167,53
1150,52
1190,54
1192,54
1155,53
1188,54
1186,54
1186,54
1178,52
1144,51
1155,51
1134,51
1116,50
1173,53
1171,53
1186,54
1142,52
1136,52
1156,53
1167,54
1146,52
1142,52
1179,54
1150,53
1169,54
1125,51
1142,51
1144,52
1167,54
1167,54
1167,54
1132,53
1189,54
1182,52
1137,52
1167,54
1167,54
1112,52
1085,49
1206,55
1125,50
1165,54
1221,55
1206,55
1191,54
1179,53
1206,55
1122,52
1158,53
1169,53
1145,51
1204,54
1166,52
1210,55
1208,55
1208,55
1193,54
1116,51
1201,54
1140,51
1021,49
1178,53
1129,52
1178,52
1206,55
1169,54
1172,53
1206,55
1228,55
1160,53
1146,52
1109,51
1130,52
1169,53
1208,55
1179,54
1146,52
1047,48
1181,54
1206,55
1159,52
1206,55
1165,54
1173,53
1210,55
1181,54
1201,54
1143,52
1169,53
1160,53
1092,50
1179,53
1206,55
1064,49
1185,53
1208,55
1206,55
1202,55
1156,52
1194,53
1202,55
1202,55
1115,51
1202,55
1093,52
1202,55
1202,55
1202,55
1202,55
1200,54
1170,54
1203,53
1210,52
1247,56
1229,55
1247,56
1217,55
1244,55
1129,50
1196,54
1190,54
1185,53
1170,52
1221,55
1236,55
1182,53
1284,57
1145,51
1282,57
1175,51
1284,57
1184,54
1290,57
1138,51
1247,56
1282,57
1138,51
1241,55
1282,57
1165,53
1102,49
1282,57
1210,55
1282,57
1282,57
1138,51
1218,54
1280,57
1218,55
1242,54
1222,55
1288,57
1260,56
1171,52
1206,52
1228,55
1224,54
1249,56
1174,54
1205,53
1234,54
1155,52
1168,53
1244,56
1284,57
1278,57
1216,55
1177,53
1278,57
1184,52
1129,51
1284,56
1278,57
1134,49
1191,53
1278,57
1218,55
1223,55
1278,57
1278,57
1280,57
1280,57
1267,56
1184,54
1314,57
1267,56
1277,56
1233,54
1188,54
1105,48
1259,56
1236,54
1272,57
1316,57
1104,51
1264,55
1264,56
1231,55
1280,57
1228,53
1187,52
1233,55
1276,57
1184,53
1247,56
1272,57
1274,57
1274,57
1307,55
1209,54
1228,53
1272,57
1272,57
1246,54
1294,56
1280,57
1270,57
1206,53
1146,51
1192,51
1242,54
1290,57
1243,56
1270,57
1278,57
1270,57
1221,53
1210,54
1271,55
1270,57
1159,52
1290,57
1270,57
1266,57
1156,51
1165,53
1272,57
1274,57
1184,51
1205,53
1188,54
1292,57
1279,56
1166,53
1258,57
1223,55
1160,53
1246,56
1258,57
1275,56
1238,55
1169,53
1258,57
1222,55
1214,54
1262,57
1251,54
1258,57
1262,56
1275,55
1238,55
1110,51
1180,53
1258,57
1190,51
1188,54
1258,57
1239,56
1258,57
1196,53
1246,56
1169,53
1272,56
1207,53
1192,53
1200,52
1249,54
1227,54
1264,57
1241,54
1180,53
1139,52
1258,57
1174,53
1250,55
1246,55
1254,57
1200,53
1254,57
1265,55
1255,56
1220,55
1214,55
1186,53
1218,55
1169,53
1174,54
1254,57
1193,54
1192,53
1254,57
1221,56
1254,57
1254,57
1254,57
1212,55
1262,57
1264,56
1254,57
1214,56
1250,55
1188,52
1258,57
1218,55
1118,50
1126,51
1227,55
1233,54
1220,55
1230,56
1167,52
1145,51
1234,56
1158,52
1254,57
1172,54
1130,50
1271,55
1246,56
1214,55
1254,57
1285,58
1291,58
1285,58
1232,55
1201,55
1206,54
1210,53
1172,53
1106,52
1293,58
1285,58
1239,56
1279,57
1248,55
1285,58
1205,54
1283,57
1283,57
1242,56
1303,58
1228,56
1287,58
1256,56
1312,58
1153,51
1199,53
1273,56
1258,56
1285,58
1237,55
1205,54
1222,56
1205,55
1285,58
1287,58
1224,54
1271,56
1115,50
1254,56
1285,58
1256,56
1238,55
1219,56
1260,57
1225,53
1249,55
1258,56
1270,56
1240,56
1228,56
1194,54
1232,55
1287,58
1258,55
1188,54
1224,55
1285,58
1285,58
1235,55
1289,58
1285,58
1249,56
1206,54
1287,58
1285,58
1196,55
1264,57
1248,55
1188,54
1287,58
1192,54
1324,58
1153,52
1211,55
1285,58
1165,54
1238,56
1226,56
1254,56
1293,58
1086,50
1219,55
1285,58
1194,54
1263,56
1158,52
1240,56
1225,53
1295,57
1299,58
1182,53
1285,58
1177,53
1167,54
1203,54
1285,58
1287,58
1258,57
1285,58
1189,54
1252,56
1206,54
1201,54
1220,55
1167,54
1253,55
1221,55
1176,53
1208,54
1277,57
1170,51
1153,52
1253,56
1285,58
1194,54
1289,58
1208,53
1225,55
1221,55
1285,58
1176,52
1236,56
1285,58
1213,55
1285,58
1190,54
1285,58
1285,58
1128,51
1234,55
1220,56
1285,58
1256,56
1187,54
1205,54
1236,56
1202,54
1115,50
1205,54
1215,55
1240,56
1153,52
1136,52
1289,58
1287,57
1195,54
1225,56
1287,58
1229,56
1256,55
1171,54
1161,52
1161,52
1256,55
1291,58
1223,54
1220,54
1295,58
1230,55
1226,56
1276,57
1287,58
1270,57
1209,55
1242,56
1134,51
1152,54
1202,53
1123,50
1287,58
1224,55
1224,56
1285,58
1287,57
1285,58
1161,53
1227,55
1194,54
1295,58
1313,58
1221,54
1244,55
1188,53
1250,56
1140,51
1193,55
1250,56
1158,54
1187,53
1192,54
1283,57
1075,49
1205,54
1297,58
1209,55
1238,55
1315,58
1173,53
1217,56
1215,55
1289,58
1252,57
1285,58
1191,52
1285,58
1260,57
1196,53
1287,58
1209,55
1289,58
1178,53
1293,58
1285,58
1197,53
1228,54
1236,56
1261,56
1209,55
1242,56
1287,58
1236,56
1275,57
1285,58
1233,56
1173,54
1232,55
1211,55
1254,57
1213,56
1287,58
1258,56
1205,54
1285,58
1291,58
1287,58
1182,54
1176,53
1198,54
1230,56
1196,53
1284,57
1230,55
1252,57
1285,58
1158,54
1217,55
1218,54
1291,58
1196,53
1239,56
1166,53
1252,56
1293,58
1247,56
1249,56
1287,57
1089,50
1285,58
1188,53
1124,52
1109,49
1275,57
1289,58
1212,55
1185,54
1229,55
1266,56
1265,57
1285,58
1299,58
1196,52
1173,53
1285,58
1180,53
1223,54
1294,57
1180,54
1344,59
1174,54
1253,55
1265,55
1229,55
1202,53
1350,59
1253,55
1277,57
1266,55
1171,51
1257,55
1344,59
1187,54
1223,54
1201,53
1318,58
1344,59
1227,55
1354,59
1348,59
1224,55
1311,58
1205,55
1350,59
1258,56
1285,58
1254,56
1352,59
1226,54
1174,53
1254,56
1262,57
1289,57
1238,55
1340,58
1223,54
1348,59
1227,54
1259,54
1301,57
1266,57
1249,54
1260,55
1174,53
1307,57
1340,59
1207,52
1296,56
1118,50
1287,57
1340,59
1340,59
1323,58
1340,59
1143,51
1340,59
1340,59
1258,55
1270,56
1249,54
1280,56
1326,58
1211,55
1296,56
1147,52
1215,52
1224,55
1264,56
1326,58
1344,59
1244,56
1344,59
1254,54
1247,54
1340,59
1225,55
1340,59
1306,58
1340,59
1221,56
1194,53
1276,56
1305,56
1340,59
1340,59
1332,59
1304,58
1277,55
1332,59
1173,53
1332,59
1253,56
1311,58
1309,58
1226,55
1293,58
1109,52
1148,53
1264,55
1168,53
1246,57
1250,56
1315,57
1310,58
1268,56
1293,58
1332,59
1234,56
1317,58
1338,59
1332,59
1216,56
1285,58
1332,59
1332,59
1172,52
1334,59
1306,58
1287,58
1254,54
1227,55
1208,54
1225,55
1334,59
1332,59
1248,56
1197,54
1295,58
1293,57
1332,59
1250,57
1121,51
1223,54
1230,56
1241,56
1332,59
1332,59
1354,59
1332,59
1317,58
1313,58
1262,57
1234,56
1252,56
1266,57
1262,55
1301,57
1332,59
1319,58
1313,58
1326,57
1261,56
1206,54
1233,55
1332,59
1294,58
1245,55
1334,59
1336,59
1221,54
1252,56
1218,55
1336,59
1332,59
1199,55
1217,54
1249,56
1170,53
1250,57
1219,54
1247,57
1242,55
1253,56
1332,59
1240,56
1305,57
1283,58
1205,55
1332,59
1237,55
1217,54
1215,54
1336,59
1332,59
1283,57
1279,56
1243,55
1252,56
1211,55
1336,59
1292,58
1348,59
1328,59
1328,59
1192,55
1265,57
1209,53
1301,58
1193,55
1348,59
1238,55
1328,59
1242,54
1170,53
1328,59
1191,55
1115,51
1277,57
1236,55
1330,59
1328,59
1241,56
1206,55
1328,59
1328,59
1249,55
1299,57
1307,57
1344,59
1203,55
1248,56
1218,56
1193,53
1352,59
1228,55
1260,57
1261,57
1328,59
1328,59
1283,58
1173,54
1311,58
1293,58
1226,55
1161,54
1336,59
1194,55
1187,55
1274,55
1326,58
1328,59
1328,59
1328,59
1277,56
1303,58
1319,58
1289,58
1233,55
1334,59
1208,53
1278,56
1184,54
1330,59
1330,59
1301,57
1258,57
1162,53
1279,55
1182,54
1328,59
1206,55
1330,59
1330,59
1328,59
1218,55
1301,57
1301,57
1328,59
1238,56
1330,59
1293,58
1148,54
1289,58
1328,59
1336,59
1226,55
1330,59
1219,55
1229,55
1226,56
1321,58
1266,57
1303,58
1304,58
1304,58
1307,58
1238,56
1319,58
1338,59
1292,58
1273,56
1301,57
1291,56
1238,55
1213,55
1202,55
1237,55
1271,57
1330,59
1319,58
1211,56
1287,57
1189,55
1295,58
1234,56
1256,56
1303,58
1274,57
1188,54
1328,59
1330,59
1324,58
1326,58
1328,59
1340,59
1017,48
1159,53
1208,55
1238,54
1134,53
1194,55
1269,56
1237,56
1186,55
1186,54
1192,55
1141,52
1314,58
1328,59
1225,55
1269,56
1311,57
1310,57
1305,57
1328,59
1328,59
1322,59
1279,58
1322,59
1302,58
1163,54
1147,52
1281,58
1295,58
1324,59
1297,58
1306,58
1296,57
1180,54
1305,58
1185,55
1273,56
1271,56
1229,56
1180,54
1340,59
1326,59
1310,58
1294,58
1254,55
1322,58
1324,59
1252,56
1318,59
1271,57
1314,58
1193,54
1324,59
1267,55
1230,54
1275,57
1283,58
1295,58
1265,56
1213,56
1330,59
1230,53
1267,57
1298,58
1318,59
1293,58
1259,55
1330,59
1194,55
1320,59
1324,59
1265,57
1326,59
1262,56
1282,57
1305,58
1182,54
1293,58
1188,54
1311,58
1102,50
1291,58
1269,56
1295,57
1285,57
1289,58
1307,58
1223,56
1314,58
1318,59
1306,58
1130,52
1170,55
1285,57
1173,52
1318,59
1149,53
1289,58
1285,57
1324,59
1289,58
1212,55
1318,59
1318,59
1295,57
1328,59
1260,55
1293,58
1324,59
1301,58
1124,50
1293,58
1113,52
1277,58
1112,52
1285,57
1300,58
1318,59
1300,58
1265,58
1291,58
1237,55
1152,55
1298,58
1216,55
1299,58
1273,57
1258,57
1266,57
1318,59
1275,57
1271,57
1267,57
1318,59
1265,55
1328,59
1283,56
1203,54
1318,59
1265,58
1295,58
1265,57
1318,58
1282,58
1299,57
1268,56
1324,59
1295,57
1322,59
1257,55
1236,57
1313,58
1330,59
1197,56
1273,58
1265,58
1318,59
1215,56
1260,57
1320,59
1261,57
1233,56
1273,58
1257,56
1284,58
1278,56
1125,53
1262,57
1194,53
1311,58
1263,56
1289,58
1245,55
1275,58
1324,59
1287,58
1309,58
1234,57
1232,54
1318,59
1230,55
1284,55
1285,57
1318,59
1240,55
1318,59
1318,59
1318,59
1255,57
1340,59
1328,59
1303,58
1227,56
1318,59
1263,57
1318,59
1205,54
1286,57
1220,57
1330,59
1184,54
1189,54
1318,59
1192,55
1289,58
1326,59
1295,58
1294,58
1171,53
1224,56
1297,57
1298,58
1326,59
1318,59
1318,59
1295,58
1248,56
1203,55
1161,52
1334,59
1318,59
1322,59
1157,54
1236,54
1318,59
1318,59
1318,59
1277,57
1223,55
1318,59
1255,57
1170,55
1318,59
1215,56
1261,56
1233,55
1241,56
1295,58
1295,57
1344,59
1273,58
1281,57
1287,58
1291,58
1318,59
1289,57
1298,58
1242,56
1287,58
1290,57
1224,57
1320,59
1170,55
1288,57
1263,57
1299,58
1302,58
1130,53
1273,58
1273,57
1302,58
1257,57
1155,54
1202,53
1318,59
1303,58
1155,54
1318,59
1178,54
1224,55
1265,57
1290,57
1318,59
1151,52
1318,59
1318,58
1318,59
1310,58
1332,59
1318,59
1324,59
1079,49
1289,58
1253,56
1283,57
1188,53
1191,55
1183,55
1318,59
1330,59
1214,54
1299,58
1330,59
1268,57
1265,58
1268,57
1318,59
1318,59
1243,55
1245,55
1190,53
1318,59
1230,57
1263,57
1281,58
1326,59
1271,57
1285,57
1318,59
1245,55
1311,58
1286,58
1309,59
1309,59
1309,59
1296,58
1282,58
1309,59
1259,57
1298,58
1142,54
1321,59
1309,59
1294,58
1141,54
1317,59
1280,58
1250,56
1303,58
1294,58
1111,53
1309,59
1256,56
1225,57
1163,55
1315,59
1309,58
1185,54
1228,55
1260,58
1278,57
1252,57
1241,56
1245,56
1266,57
1281,57
1309,59
1290,58
1309,59
1185,55
1189,54
1189,53
1168,55
1309,59
1256,58
1265,57
1262,56
1320,59
1311,59
1309,59
1286,58
1281,57
1235,56
1309,58
1183,54
1341,59
1273,58
1276,57
1231,57
1309,59
1286,58
1251,56
1210,56
1274,57
1303,58
1288,58
1213,55
1250,56
1309,59
1311,59
1341,59
1315,59
1244,55
1309,59
1205,55
1250,56
1186,54
1309,59
1297,58
1221,56
1250,57
1309,59
1177,54
1244,57
1313,58
1239,57
1311,59
1304,58
1238,57
1307,59
1295,58
1307,59
1296,58
1296,58
1234,56
1307,59
1311,59
1305,59
1205,56
1224,56
1326,59
1277,58
1307,59
1139,53
1297,58
1270,57
1256,56
1297,58
1202,56
1305,59
1268,58
1102,51
1305,59
1252,58
1294,57
1290,57
1305,59
1305,59
1311,59
1307,58
1293,58
1209,55
1305,59
1271,57
1313,59
1278,58
1305,59
1250,58
1309,59
1276,57
1276,57
1305,59
1313,59
1305,59
1272,57
1276,58
1305,59
1305,59
1231,57
1197,55
1295,58
1305,59
1305,59
1295,58
1305,59
1298,57
1305,59
1323,59
1305,59
1280,57
1313,57
1278,58
1281,58
1305,59
1305,59
1305,59
1309,59
1319,59
1305,59
1280,58
1264,58
1149,54
1309,59
1256,56
1185,54
1294,58
1321,59
1209,56
1319,59
1294,58
1319,59
1223,55
1305,59
1305,59
1209,56
1281,58
1106,53
1287,57
1214,55
1293,58
1153,53
1210,56
1317,59
1211,57
1237,56
1256,56
1183,53
1178,54
1305,59
1288,58
1222,56
1313,59
1188,54
1305,59
1274,58
1257,56
1305,59
1305,59
1278,57
1309,59
1216,55
1305,59
1284,57
1337,59
1313,59
1239,56
1266,58
1307,59
1249,55
1165,55
1231,56
1305,59
1170,54
1282,58
1313,59
1194,55
1209,57
1329,59
1309,59
1280,56
1309,59
1293,58
1305,59
1305,59
1281,58
1305,59
1249,56
1250,56
1269,58
1305,59
1309,59
1305,59
1164,54
1313,59
1305,59
1283,58
1262,57
1302,58
1106,53
1268,58
1182,54
1305,59
1305,59
1069,50
1077,51
1219,56
1221,57
1214,56
1205,54
1264,58
1268,58
1135,51
1254,56
1197,54
1201,56
1297,58
1225,56
1328,58
1280,57
1319,59
1110,53
1215,55
1305,59
1305,59
1306,58
1328,59
1319,59
1305,59
1305,59
1276,57
1312,58
1309,59
1199,54
1285,57
1150,54
1305,59
1271,57
1305,59
1317,59
1149,54
1291,57
1290,58
1283,56
1232,57
1215,55
1170,54
1198,55
1327,59
1278,58
1307,59
1311,58
1259,56
1336,59
1305,59
1274,58
1199,55
1151,53
1305,59
1311,59
1309,58
1139,53
1305,59
1305,59
1328,58
1280,57
1305,59
1280,57
1117,51
1284,58
1286,58
1272,57
1286,58
1305,59
1286,57
1308,58
1260,58
1127,53
1226,56
1220,55
1214,55
1160,54
1290,58
1305,59
1287,57
1305,59
1158,53
1309,59
1305,59
1305,59
1184,53
1283,58
1278,57
1305,59
1300,57
1277,58
1209,57
1221,56
1120,52
1309,59
1258,56
1114,52
1305,59
1273,58
1219,57
1279,58
1210,54
1249,55
1309,59
1305,59
1262,57
1331,59
1217,55
1278,57
1131,52
1313,59
1233,57
1160,54
1305,59
1315,59
1224,54
1284,58
1222,56
1180,55
1260,57
1251,57
1232,57
1305,59
1209,57
1297,58
1158,54
1305,59
1264,58
1259,57
1305,59
1271,58
1243,56
1237,55
1202,56
1305,59
1272,57
1235,56
1231,57
1285,58
1238,56
1242,57
1260,58
1269,56
1322,59
1217,54
1288,58
1281,58
1161,54
1244,56
1276,57
1305,59
1317,59
1305,59
1305,59
1173,53
1264,57
1284,58
1307,59
1305,59
1273,58
1267,57
1188,56
1300,58
1307,59
1287,57
1137,53
1243,56
1275,58
1163,53
1232,57
1274,57
1220,55
1256,58
1151,55
1311,59
1174,54
1281,58
1222,57
1264,58
1323,59
1305,59
1305,59
1311,59
1256,57
1307,59
1270,58
1305,59
1305,59
1178,54
1247,57
1204,55
1271,58
1307,59
1205,55
1300,57
1258,56
1204,55
1117,53
1249,56
1248,56
1307,59
1276,56
1311,59
1270,56
1333,58
1180,54
1240,56
1245,56
1227,56
1174,53
1305,59
1148,53
1305,59
1327,59
1305,59
1252,56
1140,54
1168,54
1194,54
1308,58
1222,55
1305,59
1294,57
1295,58
1128,53
1260,56
1292,58
1115,51
1305,59
1182,55
1187,54
1257,57
1228,56
1305,59
1344,59
1184,53
1305,59
1171,54
1209,55
1281,58
1241,56
1305,59
1212,57
1172,55
1303,59
1208,56
1208,56
1303,59
1250,56
1197,54
1185,53
1303,59
1242,56
1303,59
1282,58
1209,57
1208,54
1280,56
1284,58
1289,57
1171,54
1268,56
1184,53
1248,58
1303,59
1213,56
1170,55
1260,56
1296,58
1168,53
1251,55
1315,59
1303,59
1255,57
1265,57
1208,54
1303,59
1180,55
1303,59
1244,57
1303,59
1209,54
1305,59
1224,56
1305,59
1305,59
1320,58
1305,59
1193,54
1291,58
1276,58
1290,58
1161,54
1268,58
1311,59
1291,58
1307,59
1167,55
1166,53
1319,59
1301,59
1290,56
1230,57
1301,59
1301,59
1268,57
1139,53
1303,59
1301,59
1172,55
1234,56
1270,58
1301,59
1148,52
1264,57
1305,59
1301,59
1301,59
1303,59
1301,59
1234,57
1160,55
1276,57
1217,55
1303,59
1232,57
1161,54
1283,57
1313,59
1301,59
1301,59
1202,55
1309,59
1303,59
1218,56
1165,54
1205,57
1261,57
1168,55
1307,59
1239,56
1219,55
1296,58
1301,59
1252,57
1262,56
1301,59
1305,59
1164,54
1303,59
1236,57
1271,57
1275,58
1294,58
1301,59
1275,57
1305,59
1268,58
1276,57
1232,55
1272,57
1260,57
1269,57
1217,57
1301,59
1222,56
1301,59
1166,54
1301,59
1058,51
1301,59
1292,58
1278,57
1281,58
1301,59
1257,57
1105,52
1319,59
1268,56
1300,58
1289,58
1268,57
1301,59
1301,59
1250,55
1317,59
1284,58
1301,58
1305,59
1303,59
1047,49
1305,58
1222,55
1292,58
1301,59
1311,59
1258,57
1305,59
1094,52
1221,55
1221,56
1339,59
1297,57
1305,59
1301,59
1301,59
1301,59
1205,57
1288,57
1301,59
1309,59
1321,59
1301,59
1254,57
1301,59
1273,57
1257,56
1254,57
1209,56
1234,56
1143,53
1275,56
1323,59
1201,55
1171,54
1153,52
1309,59
1276,57
1305,59
1301,59
1227,55
1231,55
1262,57
1301,59
1258,57
1301,59
1301,59
1242,57
1235,57
1266,57
1301,59
1203,53
1303,59
1299,59
1299,59
1184,55
1303,59
1297,58
1107,52
1266,56
1282,57
1268,58
1272,57
1261,57
1275,56
1150,54
1260,57
1270,57
1208,55
1299,59
1273,57
1233,56
1293,58
1211,57
1213,56
1314,58
1297,58
1239,56
1288,58
1256,56
1181,55
1213,57
1291,58
1242,56
1287,58
1211,55
1220,55
1279,58
1279,58
1287,58
1289,57
1190,54
1207,56
1241,55
1211,55
1299,59
1280,58
1282,58
1299,59
1303,59
1198,54
1299,58
1166,53
1270,57
1303,59
1174,53
1191,54
1295,58
1208,55
1291,58
1258,56
1266,57
1299,58
1210,56
1280,57
1303,59
1281,58
1299,59
1299,59
1233,56
1197,55
1299,59
1258,57
1299,59
1251,57
1221,56
1291,58
1299,59
1288,58
1149,53
1299,59
1253,57
1294,58
1246,57
1299,59
1268,58
1256,56
1213,55
1301,59
1301,59
1299,59
1299,59
1226,55
1251,57
1175,53
1299,59
1285,58
1246,56
1299,59
1279,56
1257,57
1260,58
1167,54
1303,59
1286,57
1212,54
1254,58
1282,57
1221,56
1188,56
1299,59
1254,57
1209,55
1301,59
1200,53
1231,57
1287,58
1299,59
1299,59
1202,55
1305,59
1299,59
1296,57
1161,54
1299,59
1299,59
1299,59
1230,55
1251,56
1170,53
1307,59
1303,59
1215,54
1299,59
1181,54
1186,56
1303,59
1066,51
1299,59
1180,54
1286,58
1307,59
1262,57
1299,59
1299,59
1195,54
1233,56
1235,55
1288,58
1291,58
1227,55
1216,55
1196,56
1299,59
1268,58
1307,59
1309,59
1284,58
1299,59
1268,58
1209,55
1217,57
1120,52
1185,54
1299,59
1201,55
1187,55
1299,59
1287,58
1235,56
1303,59
1299,59
1293,58
1068,51
1193,55
1213,55
1264,57
1201,54
1299,59
1287,58
1214,56
1264,57
1253,57
1203,56
1277,58
1278,58
1275,57
1272,57
1215,57
1301,59
1274,58
1089,50
1227,56
1249,54
1299,59
1099,51
1196,54
1189,55
1273,57
1221,57
1221,55
1299,59
1299,59
1288,58
1150,53
1288,58
1185,53
1299,59
1305,58
1265,58
1225,55
1307,59
1287,58
1299,59
1182,54
1291,58
1244,56
1268,58
1217,54
1299,59
1240,55
1313,59
1299,59
1226,56
1143,52
1291,57
1299,59
1276,58
1264,57
1244,57
1299,59
1287,58
1214,56
1295,58
1301,59
1228,56
1307,59
1315,59
1217,55
1264,58
1119,51
1288,58
1272,57
1291,58
1192,53
1299,59
1303,59
1315,59
1251,56
1282,57
1242,57
1268,57
1303,59
1214,55
1303,59
1243,57
1299,59
1273,58
1246,57
1297,59
1283,58
1138,52
1274,58
1270,57
1237,56
1274,58
1211,55
1299,59
1285,57
1211,57
1246,57
1250,57
1258,57
1207,57
1232,55
1243,57
1219,55
1226,56
1242,57
1201,55
1179,54
1252,55
1307,59
1274,58
1297,59
1209,54
1284,57
1204,54
1150,54
1232,55
1297,59
1238,56
1281,58
1132,50
1195,54
1268,57
1251,56
1297,59
1207,56
1303,59
1238,56
1289,58
1274,57
1305,59
1297,59
1289,58
1324,59
1184,54
1272,58
1173,53
1280,58
1128,53
1283,58
1297,59
1280,58
1210,55
1291,58
1297,59
1268,57
1238,56
1285,58
1255,57
1269,58
1287,58
1320,59
1272,58
1280,58
1297,59
1301,59
1164,54
1168,54
1165,53
1278,57
1123,52
1297,59
1254,57
1287,58
1297,59
1239,55
1293,59
1301,59
1289,57
1293,59
1239,57
1293,59
1229,54
1270,57
1293,59
1262,57
1293,59
1184,54
1270,57
1295,57
1226,56
1293,59
1293,59
1119,52
1293,59
1235,56
1250,57
1305,59
1295,59
1293,59
1272,58
1305,59
1245,55
1164,55
1303,59
1294,58
1293,59
1295,59
1238,56
1293,59
1191,54
1301,59
1270,57
1216,55
1203,56
1297,59
1139,52
1231,55
1224,56
1184,54
1293,59
1171,54
1275,58
1293,59
1286,58
1270,57
1240,55
1293,59
1209,54
1307,59
1301,59
1305,59
1315,59
1293,59
1258,57
1299,59
1264,56
1131,52
1260,56
1301,59
1286,58
1275,58
1255,57
1293,59
1135,54
1247,55
1289,58
1293,59
1274,58
1293,59
1191,54
1295,58
1170,52
1226,56
1293,59
1220,56
1293,59
1293,59
1285,58
1125,51
1251,56
1230,56
1296,57
1295,59
1191,53
1214,55
1233,55
1285,58
1295,59
1286,58
1270,57
1343,59
1292,56
1270,57
1234,56
1321,59
1293,59
1207,55
1264,57
1299,59
1270,57
1147,52
1303,58
1293,59
1293,59
1275,56
1117,51
1256,58
1236,55
1219,55
1142,52
1323,58
1293,59
1268,57
1307,59
1202,55
1297,59
1254,57
1293,59
1295,59
1200,54
1262,56
1229,57
1226,56
1154,53
1255,56
1266,56
1293,59
1226,56
1297,59
1204,54
1143,53
1207,54
1184,54
1171,53
1256,56
1240,56
1295,59
1207,55
1293,59
1160,54
1307,59
1225,55
1224,56
1222,56
1277,57
1297,58
1299,58
1299,59
1293,59
1300,58
1277,57
1177,52
1279,58
1180,54
1303,59
1253,56
1269,58
1179,53
1158,52
1295,59
1293,59
1293,59
1295,59
1201,55
1124,51
1293,59
1299,59
1127,51
1293,59
1270,57
1276,57
1295,58
1286,58
1223,56
1281,58
1279,58
1265,56
1253,56
1315,59
1183,53
1293,59
1295,58
1301,58
1301,59
1293,59
1270,57
1291,58
1295,59
1235,56
1319,59
1291,57
1174,53
1321,58
1299,59
1153,52
1311,59
1173,53
1275,58
1293,59
1226,56
1183,53
1305,59
1219,57
1264,57
1270,57
1276,56
1321,59
1218,55
1287,58
1163,51
1305,57
1270,57
1293,59
1300,58
1134,53
1179,53
1187,53
1218,55
1106,51
1250,56
1281,57
1205,55
1287,58
1187,53
1234,55
1249,56
1236,56
1142,52
1293,59
1138,52
1279,58
1219,55
1293,59
1293,59
1186,52
1295,59
1266,57
1299,59
1264,57
1289,58
1307,59
1246,55
1124,53
1228,56
1293,59
1266,57
1268,56
1271,56
1289,58
1285,58
1153,52
1205,57
1293,59
1207,57
1198,53
1205,55
1293,59
1214,55
1249,56
1301,59
1291,58
1145,53
1186,52
1293,59
1198,54
1229,55
1235,56
1282,58
1237,55
1168,53
1189,56
1270,57
1206,54
1184,54
1281,58
1223,57
1250,56
1172,53
1205,55
1303,59
1242,55
1243,56
1267,56
1272,57
1250,56
1301,58
1293,59
1293,59
1266,57
1297,59
1287,57
1260,56
1297,59
1236,56
1304,58
1293,59
1271,58
1199,53
1248,55
1266,56
1232,53
1293,59
1293,59
1270,57
1161,52
1248,57
1266,57
1293,59
1219,55
1286,56
1293,59
1299,59
1184,55
1293,59
1303,59
1293,59
1114,51
1235,56
1217,57
1295,59
1299,59
1195,56
1268,57
1258,56
1293,59
1302,58
1323,59
1268,57
1293,59
1289,58
1293,59
1242,57
1288,58
1213,55
1246,55
1293,59
1246,55
1202,56
1214,54
1248,56
1310,58
1242,55
1252,57
1293,59
1289,58
1243,53
1297,58
1262,57
1297,59
1232,56
1200,54
1199,55
1220,55
1280,58
1293,59
1293,59
1295,59
1197,54
1293,59
1242,55
1249,57
1303,58
1246,56
1249,57
1258,57
1295,58
1293,59
1289,56
1196,54
1260,56
1293,59
1228,54
1299,59
1191,55
1293,59
1207,54
1327,58
1297,59
1266,57
1260,56
1273,56
1253,56
1321,58
1258,57
1188,53
1245,55
1289,57
1255,57
1157,52
1295,59
1195,55
1293,59
1198,54
1293,59
1203,53
1280,57
1178,55
1244,55
1341,59
1272,57
1266,56
1186,53
1281,58
1203,54
1281,57
1175,53
1297,58
1198,55
1280,58
1221,55
1250,56
1293,59
1297,59
1297,59
1275,58
1281,57
1291,57
1293,59
1293,59
1167,52
1297,59
1293,59
1238,55
1293,59
1211,57
1286,57
1274,57
1195,55
1281,58
1235,57
1252,56
1316,59
1242,57
1293,59
1157,55
1311,58
1256,57
1265,57
1281,57
1234,56
1268,57
1205,55
1259,58
1292,58
1274,58
1293,59
1285,58
1291,58
1256,56
1315,58
1307,59
1297,58
1317,57
1306,58
1227,56
1286,58
1313,59
1221,55
1176,53
1180,55
1217,54
1195,54
1293,59
1262,57
1180,54
1295,58
1293,59
1293,59
1282,58
1276,58
1238,56
1231,57
1213,57
1190,53
1262,58
1293,59
1239,57
1248,57
1264,57
1225,55
1293,59
1207,55
1107,51
1176,54
1264,56
1281,58
1269,57
1293,59
1230,55
1272,56
1141,52
1246,57
1252,56
1217,55
1293,59
1255,56
1293,59
1117,53
1295,59
1277,58
1297,59
1295,59
1298,58
1295,59
1297,59
1309,59
1103,51
1301,59
1280,57
1268,57
1260,57
1208,54
1297,59
1246,57
1311,59
1182,54
1117,53
1278,57
1293,57
1295,59
1252,56
1207,54
1205,55
1258,57
1252,56
1292,58
1297,59
1293,59
1293,59
1218,55
1256,55
1268,58
1198,55
1306,57
1224,56
1293,59
1301,59
1307,59
1305,58
1305,59
1331,58
1217,56
1191,54
1270,57
1246,57
1297,59
1216,56
1208,53
1186,55
1205,55
1266,57
1277,58
1224,56
1184,55
1168,53
1293,59
1299,59
1299,59
1293,59
1205,54
1219,55
1293,58
1259,56
1295,59
1277,58
1145,51
1255,56
1239,56
1266,57
1295,59
1208,54
1205,55
1260,57
1260,57
1309,59
1293,59
1301,59
1220,55
1244,56
1227,55
1299,59
1294,57
1289,58
1293,59
1215,56
1311,59
1184,56
1165,53
1244,56
1221,56
1301,59
1274,56
1235,57
1249,56
1230,55
1209,55
1264,56
1235,55
1274,57
1277,58
1293,59
1182,54
1278,58
1294,57
1305,59
1307,59
1280,58
1180,55
1210,55
1258,56
1157,55
1233,57
1319,59
1301,58
1192,55
1295,59
1241,56
1233,55
1238,57
1278,57
1280,58
1141,52
1245,56
1303,59
1209,55
1293,59
1293,59
1207,54
1215,56
1307,59
1301,59
1288,58
1278,57
1309,58
1276,58
1260,57
1299,59
1260,55
1165,54
1293,59
1180,55
1279,57
1156,53
1264,57
1293,59
1284,58
1251,56
1178,54
1293,59
1288,58
1251,57
1169,55
1299,59
1274,57
1171,53
1293,59
1244,56
1290,58
1282,58
1160,54
1278,57
1221,54
1204,53
1262,57
1293,59
1293,59
1243,57
1172,55
1278,58
1261,57
1237,56
1211,56
1182,54
1235,57
1293,59
1297,59
1264,57
1237,56
1135,52
1255,56
1240,56
1226,56
1307,59
1301,59
1280,58
1214,55
1244,55
1230,55
1325,59
1211,57
1293,59
1334,58
1225,56
1293,59
1275,58
1297,59
1260,56
1293,59
1208,55
1251,56
1270,58
1281,58
1275,57
1251,56
1168,53
1202,54
1293,59
1309,59
1293,59
1258,57
1246,56
1293,59
1250,57
1294,58
1258,58
1182,52
1291,57
1293,59
1286,57
1220,56
1209,57
1301,58
1293,59
1199,54
1224,56
1290,58
1297,59
1205,54
1293,59
1281,58
1276,57
1150,54
1278,58
1303,59
1214,54
1237,56
1283,57
1293,59
1281,58
1266,56
1274,58
1258,58
1272,57
1293,59
1293,59
1187,54
1273,57
1246,56
1258,58
1293,59
1246,57
1173,53
1217,56
1268,57
1235,56
1307,57
1303,59
1311,57
1256,56
1293,59
1257,58
1244,57
1293,59
1268,58
1208,55
1293,59
1299,59
1215,55
1268,57
1293,59
1187,54
1265,57
1236,56
1265,58
1295,59
1264,58
1252,57
1287,58
1293,59
1269,57
1230,54
1293,59
1272,58
1293,59
1296,58
1292,58
1177,55
1309,58
1295,59
1299,59
1290,58
1216,55
1175,54
1182,54
1203,56
1266,57
1281,58
1277,58
1245,56
1310,59
1293,59
1303,59
1293,59
1204,54
1295,59
1293,59
1305,59
1307,59
1276,58
1293,59
1209,54
1295,59
1208,56
1290,58
1262,58
1294,57
1249,56
1293,59
1301,59
1330,59
1213,56
1254,56
1269,57
1293,59
1238,56
1265,57
1272,58
1240,57
1277,58
1264,57
1295,59
1238,56
1264,57
1266,57
1204,55
1245,57
1297,59
1145,53
1284,57
1297,59
1235,56
1271,57
1297,59
1252,57
1180,54
1293,59
1293,59
1293,59
1283,58
1266,57
1252,56
1192,54
1266,57
1241,56
1233,57
1243,56
1259,56
1180,53
1293,59
1293,59
1192,53
1288,57
1240,57
1293,59
1264,57
1271,58
1293,59
1293,59
1240,57
1276,58
1295,59
1222,55
1238,56
1265,57
1293,59
1238,56
1216,55
1236,57
1327,58
1293,59
1293,59
1297,59
1109,51
1301,58
1160,53
1192,55
1202,55
1311,57
1235,57
1193,53
1301,59
1268,57
1282,58
1333,58
1251,56
1261,57
1293,59
1293,59
1299,59
1154,54
1271,58
1299,59
1209,55
1253,56
1273,57
1214,55
1285,57
1219,56
1199,55
1293,59
1243,57
1201,55
1266,57
1291,59
1245,55
1293,59
1293,59
1226,56
1291,59
1216,56
1276,57
1237,57
1291,59
1291,59
1241,57
1303,59
1303,58
1291,59
1188,53
1189,54
1291,59
1337,59
1272,57
1274,57
1152,54
1270,57
1225,56
1194,55
1291,59
1291,59
1305,59
1297,59
1307,59
1291,59
1260,58
1266,58
1283,58
1291,59
1297,59
1162,52
1242,56
1293,59
1280,58
1158,53
1313,58
1244,56
1259,56
1285,58
1284,58
1291,59
1285,58
1245,56
1168,54
1307,58
1169,54
1181,53
1297,59
1289,59
1232,55
1289,59
1253,57
1148,53
1289,59
1274,58
1317,59
1293,59
1188,55
1239,56
1215,57
1299,58
1291,59
1254,57
1228,55
1293,59
1285,58
1209,57
1227,55
1299,58
1289,59
1261,58
1263,58
1279,57
1317,59
1289,59
1258,56
1217,55
1303,59
1289,59
1272,58
1197,56
1279,57
1218,56
1293,59
1327,59
1286,57
1286,58
1289,59
1291,59
1289,59
1285,58
1258,58
1285,58
1282,58
1230,56
1221,54
1285,57
1185,55
1269,57
1226,55
1226,55
1289,59
1277,58
1330,59
1215,57
1240,56
1291,59
1253,58
1263,58
1287,59
1191,55
1287,59
1213,55
1289,57
1213,56
1198,55
1287,59
1279,58
1291,59
1256,56
1291,59
1256,57
1262,58
1136,51
1272,58
1289,59
1287,59
1305,59
1259,57
1287,59
1268,58
1254,58
1235,57
1297,59
1289,59
1287,59
1283,58
1287,59
1141,51
1322,59
1287,59
1266,57
1253,58
1272,58
1249,57
1279,58
1318,58
1287,59
1189,56
1186,55
1205,55
1293,59
1287,59
1291,59
1330,59
1252,56
1293,59
1279,58
1289,59
1291,59
1138,54
1287,59
1189,55
1309,59
1295,59
1326,59
1291,59
1283,58
1276,58
1224,55
1287,59
1316,58
1287,59
1281,58
1287,59
1287,59
1230,56
1133,51
1141,53
1287,59
1210,56
1287,59
1230,55
1287,59
1168,55
1289,59
1200,53
1256,58
1232,55
1160,54
1181,54
1189,55
1289,59
1202,54
1221,57
1230,56
1287,59
1166,54
1264,57
1264,58
1232,56
1221,55
1287,59
1287,59
1287,59
1283,58
1281,58
1239,57
1169,53
1078,51
1295,59
1148,52
1258,58
1256,58
1294,57
1208,56
1265,56
1278,58
1257,58
1235,57
1209,56
1157,54
1294,58
1269,58
1219,54
1182,54
1287,59
1279,58
1259,57
1301,59
1239,57
1285,58
1301,59
1289,59
1287,59
1303,59
1192,55
1289,59
1175,54
1287,59
1313,59
1127,51
1263,57
1297,59
1283,58
1207,55
1218,56
1299,59
1162,52
1192,55
1123,51
1280,57
1295,59
1184,53
1305,59
1285,58
1295,59
1227,55
1287,59
1287,59
1284,58
1216,56
1291,59
1287,59
1205,54
1297,59
1272,58
1185,55
1160,54
1268,58
1227,55
1164,54
1180,53
1249,57
1287,57
1207,54
1237,57
1287,59
1275,58
1179,53
1272,58
1301,59
1312,59
1286,58
1307,58
1287,59
1254,57
1291,59
1284,58
1287,59
1235,57
1283,57
1196,53
1253,57
1243,56
1299,59
1289,57
1162,54
1237,55
1238,56
1167,53
1291,59
1287,59
1259,58
1198,56
1109,52
1270,58
1291,59
1197,55
1287,59
1283,58
1258,57
1291,59
1301,59
1266,57
1270,58
1270,57
1297,58
1229,55
1287,59
1128,54
1273,57
1218,56
1278,58
1244,57
1107,52
1226,56
1287,59
1287,59
1317,58
1299,59
1257,57
1224,55
1297,59
1287,59
1272,58
1193,55
1277,58
1303,59
1233,57
1227,56
1260,56
1297,59
1191,55
1188,56
1287,59
1287,59
1287,59
1251,58
1290,58
1181,55
1287,59
1200,54
1194,55
1264,57
1224,55
1299,59
1287,59
1287,59
1180,54
1154,53
1287,59
1287,59
1140,52
1231,56
1262,57
1244,57
1234,55
1287,59
1135,53
1209,57
1267,58
1218,56
1193,55
1215,55
1287,59
1260,58
1268,57
1243,56
1240,57
1295,59
1305,59
1166,53
1291,59
1260,58
1275,58
1264,57
1269,58
1169,54
1251,57
1274,58
1260,57
1182,56
1247,57
1280,58
1233,56
1218,55
1287,59
1247,57
1261,56
1260,58
1287,59
1305,59
1274,57
1243,57
1297,59
1247,57
1210,56
1293,59
1278,57
1239,56
1293,59
1243,57
1216,54
1247,56
1251,57
1251,57
1287,59
1289,59
1267,58
1308,58
1296,58
1193,55
1305,59
1256,58
1291,59
1220,55
1287,59
1213,56
1253,57
1120,53
1287,59
1207,55
1293,59
1213,57
1305,59
1287,59
1287,59
1287,59
1179,55
1285,58
1272,57
1201,55
1270,58
1167,52
1256,58
1247,57
1287,59
1331,59
1217,55
1287,59
1272,58
1291,59
1128,54
1290,58
1299,59
1291,59
1161,52
1154,53
1298,57
1240,57
1287,59
1170,53
1297,59
1247,57
1274,57
1193,55
1270,58
1301,59
1252,57
1220,56
1244,56
1225,55
1213,56
1215,55
1290,58
1232,56
1251,57
1303,59
1267,58
1287,59
1297,59
1160,53
1187,54
1232,56
1287,59
1205,55
1301,59
1247,57
1289,59
1261,57
1287,59
1279,58
1174,53
1293,58
1173,54
1285,58
1297,59
1291,58
1207,56
1287,59
1275,57
1213,55
1293,59
1247,56
1266,57
1287,59
1237,56
1235,57
1129,53
1310,59
1299,59
1154,54
1241,57
1252,56
1215,55
1262,57
1287,59
1269,57
1295,59
1310,59
1287,59
1287,59
1217,56
1178,54
1287,59
1276,58
1165,53
1181,52
1209,56
1287,59
1287,59
1307,59
1212,56
1317,59
1238,56
1243,57
1235,56
1183,54
1251,58
1299,57
1279,58
1287,59
1213,55
1253,58
1272,58
1287,59
1289,59
1272,57
1249,57
1287,59
1287,59
1227,56
1254,57
1192,54
1326,59
1251,58
1253,55
1257,58
1198,55
1254,58
1272,57
1237,56
1266,58
1293,59
1293,59
1295,59
1307,59
1149,52
1291,58
1287,59
1180,55
1289,59
1241,56
1270,57
1202,55
1307,59
1242,57
1195,54
1204,54
1287,59
1174,53
1220,55
1301,59
1295,59
1160,52
1250,57
1210,55
1264,58
1299,59
1267,58
1291,59
1258,58
1315,59
1275,58
1287,59
1254,57
1277,58
1305,59
1235,55
1176,54
1261,58
1309,59
1213,55
1205,57
1287,59
1289,59
1247,56
1261,57
1240,57
1287,59
1303,59
1291,59
1222,57
1266,58
1302,58
1266,56
1253,57
1287,59
1287,59
1209,55
1287,59
1259,56
1291,59
1195,54
1295,59
1222,56
1213,55
1291,59
1163,51
1083,51
1287,59
1246,57
1160,54
1291,59
1324,59
1264,57
1287,59
1204,55
1287,59
1249,56
1231,57
1297,59
1287,59
1289,59
1162,52
1202,54
1205,55
1293,59
1170,52
1287,59
1309,59
1183,54
1289,58
1246,56
1278,57
1287,59
1284,57
1278,58
1197,55
1281,57
1289,59
1291,59
1284,57
1305,59
1262,55
1141,53
1191,53
1101,52
1225,55
1273,58
1297,59
1201,53
1251,56
1252,57
1287,59
1244,56
1297,59
1287,59
1289,59
1290,58
1313,59
1289,59
1291,59
1205,55
1265,57
1194,55
1250,57
1291,58
1275,58
1287,59
1123,51
1288,58
1289,59
1245,57
1281,57
1110,52
1227,56
1264,57
1273,58
1306,58
1256,56
1270,58
1305,57
1147,52
1154,53
1293,59
1244,57
1278,58
1261,57
1288,58
1276,58
1295,59
1282,58
1308,58
1324,59
1239,56
1260,56
1140,52
1268,58
1255,57
1287,59
1297,59
1285,58
1249,56
1175,53
1264,57
1221,56
1226,56
1187,54
1263,58
1191,54
1278,58
1241,56
1289,59
1292,58
1287,59
1169,54
1306,58
1208,56
1257,57
1252,57
1155,51
1293,59
1249,56
1241,56
1286,58
1298,57
1266,57
1207,55
1166,52
1149,53
1202,55
1245,57
1247,57
1292,58
1287,59
1291,59
1219,56
1201,55
1292,58
1177,54
1295,59
1246,56
1288,58
1276,58
1152,53
1255,57
1181,54
1284,58
1268,58
1246,56
1293,58
1162,53
1270,58
1238,57
1208,55
1246,55
1192,55
1238,55
1287,59
1274,58
1222,56
1287,59
1291,57
1286,58
1246,57
1249,57
1264,57
1287,59
1291,59
1277,57
1289,57
1259,56
1260,56
1272,58
1260,58
1220,55
1290,58
1234,57
1310,58
1291,59
1283,58
1218,55
1268,58
1244,57
1262,57
1154,53
1289,59
1259,58
1231,56
1230,55
1299,59
1264,57
1283,58
1229,56
1249,57
1259,58
1186,54
1249,57
1290,58
1313,59
1270,58
1243,55
1256,58
1301,58
1293,59
1177,54
1155,51
1259,58
1264,57
1305,59
1287,59
1273,58
1291,59
1189,55
1287,59
1181,52
1330,59
1194,53
1274,58
1166,52
1270,58
1267,57
1207,55
1271,57
1287,59
1288,58
1303,59
1291,59
1316,59
1274,58
1297,59
1201,56
1257,58
1291,59
1231,57
1254,56
1181,53
1198,55
1280,58
1202,54
1291,59
1249,58
1260,58
1251,56
1299,58
1235,57
1256,58
1187,55
1288,58
1260,58
1256,58
1291,59
1287,59
1271,57
1256,56
1227,56
1291,59
1291,59
1260,58
1236,55
1291,59
1195,53
1256,56
1289,59
1175,54
1147,53
1316,59
1287,58
1316,58
1295,59
1285,58
1137,51
1291,59
1293,59
1215,56
1248,56
1293,59
1230,56
1287,59
1261,57
1266,57
1289,59
1197,55
1293,59
1245,57
1289,59
1293,59
1258,58
1287,59
1203,55
1251,57
1259,56
1206,55
1241,55
1256,57
1263,57
1289,59
1266,57
1268,58
1280,58
1288,56
1253,57
1216,55
1287,59
1250,57
1275,58
1230,56
1230,56
1295,58
1273,58
1138,51
1275,57
1273,57
1198,54
1220,56
1262,57
1287,59
1238,57
1267,57
1291,59
1289,59
1286,58
1220,55
1274,58
1206,54
1285,58
1168,53
1172,53
1196,54
1287,59
1196,55
1287,59
1270,58
1242,57
1297,59
1203,56
1233,56
1262,57
1330,58
1236,56
1276,58
1295,59
1244,56
1287,59
1255,57
1287,59
1287,59
1158,52
1272,58
1212,54
1249,58
1253,57
1295,59
1171,53
1291,59
1278,58
1284,58
1250,57
1287,59
1264,57
1165,52
1291,59
1272,58
1279,58
1258,58
1219,56
1183,55
1287,59
1245,55
1267,57
1258,57
1329,59
1252,57
1238,57
1184,53
1188,55
1281,57
1217,56
1200,55
1245,57
1217,56
1293,59
1254,57
1287,59
1279,58
1203,55
1179,53
1251,57
1279,58
1146,53
1217,56
1290,58
1203,55
1222,56
1242,57
1257,56
1263,57
1290,58
1287,59
1157,53
1299,59
1154,53
1253,57
1262,57
1278,57
1170,52
1264,58
1287,59
1279,58
1202,54
1293,58
1239,56
1315,59
1225,55
1258,58
1255,57
1268,57
1177,54
1233,56
1257,58
1257,56
1287,59
1259,58
1227,56
1200,53
1205,54
1313,59
1243,57
1291,59
1264,57
1287,59
1303,59
1267,57
1255,57
1288,58
1315,59
1229,57
1190,55
1172,52
1255,57
1289,59
1291,57
1240,57
1284,58
1281,57
1254,58
1292,58
1240,56
1223,56
1262,57
1297,59
1255,57
1278,58
1163,53
1180,53
1328,59
1215,56
1295,59
1238,57
1277,58
1205,55
1303,59
1287,59
1260,57
1250,57
1261,58
1276,58
1272,57
1293,59
1276,58
1217,55
1276,58
1246,57
1297,59
1294,58
1245,56
1287,59
1294,57
1240,56
1262,57
1287,58
1287,58
1278,58
1289,57
1287,59
1249,56
1254,57
1289,59
1285,58
1245,56
1235,56
1268,58
1250,56
1280,58
1297,59
1287,59
1256,56
1274,58
1204,54
1176,55
1234,55
1268,57
1287,59
1255,57
1289,59
1287,59
1257,58
1289,59
1254,57
1287,59
1256,57
1291,59
1293,59
1312,58
1287,59
1268,58
1297,59
1261,57
1252,56
1276,57
1318,59
1214,56
1260,57
1287,59
1287,59
1256,57
1204,55
1204,55
1213,55
1291,59
1288,58
1289,59
1293,59
1288,58
1290,58
1203,54
1262,55
1289,59
1270,57
1204,55
1230,56
1236,56
1274,58
1287,59
1216,54
1284,58
1299,59
1258,56
1274,58
1171,53
1260,56
1319,59
1210,54
1231,55
1289,59
1193,55
1287,59
1266,57
1287,59
1278,58
1254,58
1293,59
1287,59
1289,59
1264,58
1270,57
1238,57
1274,58
1287,59
1264,57
1322,59
1289,59
1254,58
1287,59
1227,56
1234,56
1287,59
1258,58
1205,55
1216,55
1267,58
1286,58
1289,59
1164,52
1287,59
1270,58
1286,58
1320,58
1297,59
1278,58
1249,57
1254,57
1192,55
1272,58
1253,57
1264,57
1202,54
1268,57
1245,57
1239,56
1255,57
1295,59
1161,54
1201,55
1291,59
1268,58
1210,55
1287,59
1235,55
1167,54
1287,59
1272,58
1291,59
1245,56
1274,58
1210,55
1171,54
1290,57
1201,56
1295,59
1287,59
1287,59
1272,58
1203,54
1292,58
1297,59
1274,57
1256,57
1287,59
1287,59
1254,58
1178,55
1272,57
1244,57
1324,59
1292,58
1198,55
1287,59
1287,59
1293,59
1303,59
1295,59
1272,58
1255,57
1278,58
1278,58
1249,57
1289,57
1291,59
1235,56
1222,56
1239,57
1235,57
1299,59
1287,59
1264,57
1200,55
1170,52
1295,58
1287,59
1242,57
1261,57
1289,59
1236,56
1291,58
1287,59
1287,59
1237,57
1252,57
1235,57
1238,57
1235,55
1287,59
1287,59
1267,58
1264,57
1237,56
1295,59
1278,58
1289,59
1212,54
1235,57
1292,58
1295,59
1208,54
1267,57
1278,57
1222,56
1291,59
1238,55
1204,55
1254,56
1237,57
1293,59
1263,58
1287,59
1277,58
1297,59
1315,59
1289,59
1287,59
1291,59
1272,58
1238,56
1297,59
1264,57
1211,56
1236,56
1254,58
1322,59
1278,58
1291,57
1287,59
1253,58
1291,59
1239,57
1286,56
1240,57
1276,58
1287,59
1291,59
1204,56
1285,58
1262,58
1278,58
1289,59
1290,58
1287,59
1209,56
1229,56
1277,58
1289,59
1287,59
1297,59
1290,58
1287,59
1139,51
1289,59
1320,59
1218,56
1228,55
1287,59
1287,59
1246,56
1285,58
1260,57
1287,59
1258,57
1278,58
1258,56
1290,58
1287,59
1336,59
1332,59
1289,59
1272,58
1264,57
1290,58
1297,59
1288,58
1261,57
1289,59
1258,57
1262,57
1293,59
1286,58
1233,57
1238,56
1239,56
1235,56
1311,59
1336,59
1299,59
1263,57
1195,54
1245,57
1198,55
1297,59
1287,59
1293,59
1245,57
1291,59
1285,58
1228,56
1146,52
1253,58
1260,58
1193,55
1287,59
1280,58
1299,59
1254,58
1289,59
1145,51
1253,57
1316,59
1289,58
1253,58
1289,59
1234,56
1336,59
1094,50
1257,57
1197,55
1179,54
1295,59
1259,57
1287,59
1287,59
1256,58
1274,58
1169,54
1281,57
1307,59
1289,59
1293,59
1166,53
1259,58
1239,57
1287,59
1254,58
1287,59
1287,59
1318,59
1207,56
1289,59
1213,55
1201,56
1138,53
1173,53
1190,55
1323,59
1198,55
1291,59
1248,56
1196,55
1297,59
1291,59
1196,55
1291,59
1291,59
1266,57
1287,59
1287,59
1287,59
1287,59
1295,58
1324,59
1228,55
1291,59
1330,59
1255,57
1247,57
1309,59
1295,59
1188,53
1218,56
1244,56
1311,59
1207,56
1287,59
1310,58
1264,56
1301,59
1184,54
1204,56
1209,55
1277,58
1236,55
1132,52
1287,59
1289,59
1234,56
1299,59
1258,56
1264,57
1253,58
1221,56
1260,55
1287,59
1347,59
1280,58
1257,56
1276,58
1165,55
1278,58
1205,54
1227,56
1287,59
1277,58
1283,57
1249,58
1280,57
1215,56
1217,55
1287,59
1301,58
1311,59
1287,59
1132,52
1287,59
1254,56
1271,57
1217,56
1303,59
1272,57
1328,59
1295,59
1174,54
1253,57
1297,58
1244,57
1258,56
1218,56
1242,57
1307,58
1307,59
1253,57
1255,57
1222,55
1293,59
1253,58
1287,59
1278,58
1293,58
1197,56
1270,57
1291,58
1255,58
1266,57
1294,57
1250,55
1293,59
1258,57
1297,59
1293,59
1287,59
1303,58
1244,57
1264,57
1286,56
1287,59
1323,59
1261,57
1218,54
1171,53
1287,59
1295,59
1288,58
1205,55
1275,57
1273,56
1205,56
1297,59
1287,59
1283,58
1147,53
1253,56
1256,56
1287,59
1231,56
1293,57
1177,55
1199,54
1291,58
1289,57
1237,56
1174,54
1270,58
1272,58
1271,58
1184,53
1311,59
1274,58
1268,58
1299,59
1313,58
1278,58
1293,57
1299,59
1229,57
1183,54
1287,59
1150,52
1224,55
1210,55
1307,59
1287,59
1254,57
1262,57
1231,57
1221,55
1287,59
1280,58
1285,58
1291,59
1257,58
1289,59
1287,59
1243,57
1291,59
1272,57
1268,57
1295,59
1314,59
1287,59
1252,57
1275,57
1287,59
1287,59
1275,56
1287,59
1242,56
1217,55
1287,59
1287,59
1287,59
1235,57
1266,57
1291,59
1291,58
1238,56
1287,59
1253,57
1268,58
1242,56
1305,58
1299,59
1246,55
1314,59
1309,59
1183,54
1217,56
1295,59
1266,58
1242,57
1206,55
1258,58
1242,57
1216,56
1308,59
1258,57
1293,59
1315,58
1287,59
1237,57
1255,58
1244,57
1185,55
1285,58
1287,59
1188,55
1266,58
1217,56
1279,58
1200,54
1187,54
1227,55
1278,56
1243,56
1239,57
1222,55
1287,59
1249,57
1287,59
1240,57
1183,54
1287,59
1322,59
1289,58
1223,56
1243,57
1197,55
1316,58
1303,59
1155,53
1251,55
1322,59
1232,57
1301,59
1219,54
1240,55
1287,59
1296,58
1295,59
1297,59
1208,55
1277,58
1289,59
1287,59
1287,59
1301,59
1144,54
1180,53
1197,55
1155,53
1244,57
1156,54
1199,54
1289,59
1297,59
1181,55
1287,59
1233,56
1287,59
1285,58
1193,54
1197,55
1255,56
1261,57
1211,55
1258,58
1242,56
1258,58
1295,59
1240,57
1197,55
1287,59
1213,56
1203,56
1187,54
1291,59
1297,59
1252,57
1180,53
1226,55
1240,57
1236,57
1287,59
1207,56
1264,58
1238,57
1240,56
1246,57
1317,59
1221,56
1247,56
1213,54
1287,59
1298,58
1295,59
1246,57
1242,56
1297,59
1287,58
1229,56
1282,58
1287,59
1319,59
1262,56
1156,54
1287,59
1283,58
1266,58
1176,54
1254,56
1287,59
1246,56
1238,57
1252,57
1195,55
1287,59
1142,53
1293,59
1299,59
1217,55
1252,57
1238,56
1265,58
1271,57
1287,59
1254,55
1182,55
1226,56
1264,57
1143,53
1296,58
1332,59
1145,52
1287,59
1207,55
1283,58
1123,53
1206,55
1336,59
1287,59
1171,54
1126,53
1287,59
1291,59
1205,56
1233,57
1193,55
1211,55
1287,59
1287,59
1217,56
1248,56
1258,58
1238,56
1287,59
1200,55
1235,57
1149,51
1238,55
1229,57
1142,53
1229,56
1287,59
1182,55
1277,57
1238,56
1287,59
1272,58
1287,59
1260,56
1258,57
1293,59
1198,55
1285,58
1266,57
1253,56
1318,58
1291,59
1296,58
1234,56
1295,58
1227,56
1198,55
1166,52
1197,54
1293,59
1209,56
1186,54
1251,55
1216,57
1233,57
1305,58
1255,58
1251,57
1279,58
1211,56
1243,57
1332,59
1250,57
1203,55
1287,59
1258,58
1287,59
1295,59
1218,56
1188,55
1236,57
1243,57
1240,57
1260,58
1242,55
1222,56
1313,59
1232,56
1205,56
1287,59
1261,57
1289,59
1211,54
1260,56
1245,56
1293,59
1186,55
1287,59
1293,59
1222,55
1222,57
1332,59
1293,59
1160,54
1262,57
1181,55
1220,55
1159,53
1287,59
1065,51
1266,58
1293,59
1273,58
1236,57
1206,56
1289,59
1287,59
1322,59
1247,57
1287,59
1287,59
1289,59
1287,59
1265,58
1230,56
1211,56
1258,58
1231,57
1080,52
1297,59
1238,57
1226,56
1238,56
1144,53
1220,55
1313,59
1297,59
1208,55
1266,57
1262,58
1254,57
1287,59
1317,59
1251,57
1268,58
1287,59
1278,57
1154,53
1245,57
1279,58
1183,55
1267,56
1274,58
1266,58
1253,56
1221,56
1239,56
1242,57
1287,59
1279,58
1283,58
1287,59
1248,57
1215,56
1283,58
1287,59
1219,56
1269,57
1232,57
1197,54
1189,56
1225,56
1235,56
1287,59
1250,56
1121,52
1197,55
1197,54
1240,57
1291,59
1287,59
1287,59
1235,57
1305,58
1106,51
1285,58
1229,56
1255,57
1301,59
1291,59
1287,59
1221,56
1299,59
1277,58
1154,52
1181,53
1197,55
1260,57
1293,59
1175,53
1270,57
1218,56
1293,59
1239,57
1291,59
1287,59
1276,58
1189,55
1168,54
1295,59
1195,55
1301,59
1287,59
1192,55
1249,57
1237,57
1230,56
1258,57
1287,59
1267,58
1267,57
1181,54
1186,55
1223,56
1276,58
1205,55
1267,58
1264,57
1295,59
1238,55
1211,55
1246,56
1250,57
1250,56
1216,56
1305,59
1186,55
1245,57
1287,59
1287,59
1213,53
1239,56
1196,53
1291,59
1264,58
1244,55
1235,56
1323,59
1233,56
1235,57
1205,55
1295,59
1287,59
1239,57
1253,56
1234,56
1276,58
1317,59
1279,58
1287,59
1175,54
1241,56
1235,55
1291,59
1287,59
1289,59
1178,55
1216,56
1239,56
1305,59
1287,59
1297,59
1285,58
1251,57
1265,57
1291,59
1242,56
1245,55
1255,57
1287,59
1246,56
1262,56
1301,59
1295,59
1292,58
1287,59
1287,59
1263,56
1265,58
1250,57
1276,58
1260,58
1252,56
1211,55
1301,59
1121,53
1292,58
1256,56
1181,54
1289,59
1279,58
1289,59
1256,58
1293,59
1229,56
1238,56
1288,58
1309,59
1295,58
1263,57
1239,57
1254,57
1260,58
1287,58
1289,59
1241,57
1209,55
1287,59
1301,58
1297,59
1262,58
1204,55
1283,56
1295,59
1254,57
1297,59
1287,59
1194,55
1217,56
1313,58
1256,57
1285,58
1307,59
1285,58
1242,55
1297,59
1159,53
1266,58
1230,56
1243,57
1279,58
1285,58
1313,58
1255,57
1207,54
1213,55
1287,59
1270,57
1259,57
1287,59
1223,56
1297,59
1289,59
1214,56
1287,59
1291,59
1221,56
1162,53
1114,53
1247,57
1279,58
1208,56
1220,56
1313,58
1247,57
1107,53
1299,59
1219,55
1285,58
1247,57
1289,59
1178,52
1286,58
1256,57
1189,54
1183,53
1256,58
1289,59
1287,59
1200,55
1268,58
1223,56
1202,55
1223,56
1287,58
1266,58
1276,58
1236,56
1187,55
1287,59
1247,57
1289,58
1287,59
1285,58
1227,56
1231,55
1230,56
1285,58
1301,59
1209,55
1205,56
1208,56
1277,58
1276,58
1211,54
1279,58
1289,59
1287,59
1293,59
1213,56
1259,56
1162,54
1287,59
1266,57
1209,55
1207,54
1246,57
1289,59
1178,54
1291,59
1287,59
1204,55
1297,59
1202,53
1205,54
1252,57
1287,59
1177,54
1211,54
1287,59
1287,59
1295,59
1276,56
1236,56
1299,59
1287,59
1237,57
1200,54
1263,58
1256,57
1247,57
1289,59
1287,59
1202,54
1301,59
1285,58
1221,56
1206,56
1281,58
1287,58
1290,58
1250,57
1232,56
1274,56
1179,55
1265,58
1287,59
1179,55
1288,58
1231,57
1233,56
1230,56
1291,59
1287,59
1303,58
1287,59
1158,53
1297,59
1287,59
1287,58
1158,53
1296,58
1221,56
1284,58
1227,56
1212,55
1287,59
1267,58
1245,56
1230,55
1305,59
1208,56
1274,56
1305,59
1285,58
1293,59
1291,59
1266,57
1287,59
1222,55
1289,59
1239,55
1254,58
1287,59
1224,55
1291,58
1287,59
1269,58
1293,59
1186,54
1202,53
1267,58
1299,58
1282,58
1244,56
1198,54
1241,57
1287,59
1242,56
1214,55
1291,59
1229,55
1279,58
1287,59
1183,54
1181,54
1295,59
1251,56
1245,57
1194,54
1179,53
1297,59
1228,56
1291,59
1275,58
1287,59
1229,56
1264,57
1280,58
1286,56
1282,58
1072,51
1287,59
1234,55
1312,58
1217,55
1114,53
1289,59
1287,59
1237,55
1287,59
1287,59
1247,56
1192,55
1287,59
1287,59
1260,58
1273,58
1289,59
1257,56
1146,52
1287,59
1212,56
1265,58
1258,57
1217,56
1293,59
1265,58
1293,59
1233,57
1178,54
1291,59
1283,57
1220,55
1256,57
1285,58
1204,56
1286,58
1254,57
1233,57
1278,58
1233,57
1264,58
1236,55
1204,56
1228,55
1217,56
1254,57
1261,58
1163,55
1256,56
1217,56
1175,53
1272,57
1254,58
1260,57
1166,53
1252,57
1235,57
1229,56
1247,56
1243,57
1258,58
1287,59
1287,59
1209,55
1299,58
1178,53
1199,55
1201,55
1223,56
1114,51
1318,59
1315,58
1247,57
1222,56
1287,59
1247,57
1131,53
1220,55
1287,59
1258,56
1288,58
1287,59
1287,59
1197,55
1287,59
1230,55
1246,56
1238,56
1222,56
1291,58
1157,53
1205,54
1247,56
1299,59
1278,57
1291,59
1289,59
1231,56
1133,52
1295,59
1238,56
1220,55
1256,57
1264,58
1276,58
1289,59
1278,58
1280,57
1289,59
1246,56
1252,57
1287,59
1295,59
1206,56
1287,59
1301,59
1201,54
1258,58
1264,57
1129,52
1295,59
1272,56
1250,57
1230,57
1287,57
1274,58
1228,55
1307,59
1291,59
1258,58
1279,58
1219,55
1159,53
1295,59
1305,59
1280,58
1287,59
1185,54
1287,59
1287,59
1278,57
1295,59
1234,57
1220,55
1283,58
1242,57
1262,56
1193,55
1245,57
1209,55
1326,59
1272,57
1258,58
1307,59
1256,57
1233,57
1264,57
1257,58
1287,59
1233,57
1232,56
1237,56
1287,59
1283,58
1287,59
1228,55
1216,56
1206,55
1224,56
1244,57
1199,55
1287,59
1308,59
1251,57
1217,55
1212,55
1182,54
1194,53
1291,59
1240,56
1276,58
1213,55
1229,55
1280,57
1273,58
1237,57
1297,59
1287,59
1287,59
1272,57
1291,59
1279,57
1259,57
1227,56
1158,54
1273,57
1219,55
1292,58
1250,57
1269,58
1287,59
1305,59
1268,57
1295,59
1269,58
1293,59
1188,54
1224,55
1174,54
1287,59
1287,59
1243,55
1277,58
1216,56
1219,55
1276,57
1269,58
1258,57
1226,55
1194,55
1174,53
1286,58
1265,56
1255,57
1279,58
1269,58
1287,59
1206,54
1210,55
1295,59
1297,59
1215,55
1196,56
1295,59
1283,57
1258,56
1297,59
1233,56
1287,59
1250,57
1239,55
1228,55
1252,57
1297,59
1309,59
1289,58
1285,58
1182,53
1293,59
1251,57
1186,55
1293,59
1297,59
1260,57
1301,59
1203,55
1289,59
1287,58
1290,58
1304,58
1273,57
1287,59
1252,57
1119,53
1283,58
1287,59
1227,55
1153,54
1287,59
1231,57
1291,59
1287,59
1287,59
1270,58
1211,56
1299,59
1244,57
1216,56
1252,57
1210,56
1239,56
1289,59
1267,56
1248,56
1281,58
1195,55
1249,57
1270,57
1270,56
1254,57
1271,57
1287,59
1293,58
1309,59
1306,59
1242,57
1301,59
1226,56
1287,59
1133,52
1297,58
1288,57
1278,58
1287,59
1287,59
1266,57
1225,54
1231,57
1231,57
1252,57
1231,56
1293,59
1237,56
1266,57
1291,59
1287,59
1289,59
1289,59
1280,58
1306,59
1250,57
1287,59
1287,59
1227,57
1291,59
1218,55
1232,56
1189,55
1280,57
1259,57
1185,54
1229,57
1231,57
1218,56
1259,58
1225,55
1276,58
1293,59
1287,59
1291,59
1237,56
1171,55
1287,59
1287,59
1268,57
1305,59
1268,57
1287,58
1231,57
1233,56
1290,57
1169,53
1274,58
1104,52
1152,51
1264,58
1287,59
1295,59
1236,57
1200,53
1274,57
1284,57
1204,55
1288,58
1145,53
1276,58
1260,57
1232,55
1299,59
1271,57
1288,57
1270,58
1299,59
1215,56
1276,58
1225,55
1309,59
1284,58
1264,58
1166,53
1274,58
1287,57
1233,57
1160,54
1258,58
1186,54
1287,59
1288,58
1243,55
1287,59
1165,53
1223,56
1225,56
1294,58
1159,52
1266,57
1284,58
1276,57
1235,56
1258,57
1276,57
1313,59
1305,59
1214,54
1275,58
1242,56
1207,55
1287,59
1291,59
1293,59
1290,58
1287,59
1238,57
1276,57
1278,57
1183,54
1287,59
1220,56
1224,55
1178,55
1284,58
1262,57
1177,54
1264,57
1209,55
1283,58
1257,58
1242,56
1260,57
1166,54
1284,58
1214,56
1275,58
1257,56
1303,59
1257,58
1173,53
1272,56
1154,53
1257,58
1278,58
1287,59
1311,59
1299,58
1319,59
1258,56
1284,58
1267,58
1256,57
1233,56
1183,55
1053,49
1263,57
1287,59
1234,56
1265,57
1196,55
1249,57
1130,52
1223,57
1278,57
1213,56
1217,56
1276,57
1299,59
1235,56
1237,57
1206,55
1258,58
1233,56
1220,56
1233,57
1270,58
1104,51
1293,59
1272,57
1287,59
1219,55
1203,55
1205,56
1287,59
1231,57
1289,59
1303,59
1274,58
1297,59
1230,55
1307,59
1297,59
1189,55
1283,58
1241,57
1287,59
1242,57
1219,56
1307,59
1220,56
1279,57
1276,57
1264,58
1206,54
1217,56
1284,58
1251,56
1230,57
1270,58
1230,57
1320,59
1207,55
1242,56
1225,56
1291,59
1208,56
1270,58
1260,58
1229,56
1295,59
1282,58
1152,53
1287,59
1295,59
1287,59
1222,55
1239,56
1170,55
1295,59
1277,58
1238,57
1266,57
1253,57
1215,56
1324,59
1152,53
1291,59
1287,59
1261,58
1278,57
1278,57
1287,59
1251,57
1120,52
1178,55
1282,58
1273,57
1128,51
1149,53
1284,58
1263,56
1268,57
1214,56
1257,58
1208,54
1265,57
1265,56
1287,59
1276,58
1295,59
1154,53
1276,57
1214,56
1289,59
1290,57
1305,59
1301,59
1257,58
1291,59
1289,59
1282,58
1145,53
1278,57
1287,59
1266,58
1289,59
1254,58
1297,59
1196,54
1276,58
1251,56
1276,58
1293,59
1272,57
1173,53
1293,59
1203,55
1155,53
1201,54
1318,59
1287,59
1286,58
1244,56
1261,57
1107,53
1202,55
1287,59
1276,57
1287,59
1207,55
1258,57
1250,57
1122,54
1260,58
1201,55
1287,59
1264,58
1287,59
1293,59
1119,52
1235,56
1198,55
1211,54
1260,57
1161,54
1257,58
1284,57
1251,56
1293,58
1284,58
1224,55
1293,59
1288,58
1233,56
1233,57
1293,59
1131,53
1211,54
1164,53
1191,55
1278,58
1139,52
1311,59
1239,56
1254,57
1254,56
1235,55
1293,59
1070,49
1287,59
1188,54
1271,57
1309,59
1203,55
1277,58
1258,57
1287,59
1269,58
1258,58
1266,56
1293,59
1129,52
1307,59
1209,56
1291,59
1260,58
1213,54
1172,54
1251,57
1311,59
1251,57
1198,54
1270,58
1285,58
1268,58
1182,55
1258,57
1317,59
1287,58
1295,59
1278,58
1289,59
1305,59
1291,59
1216,56
1297,59
1280,58
1189,55
1135,53
1252,57
1301,59
1254,57
1270,57
1255,57
1238,56
1287,59
1130,53
1287,59
1182,55
1288,58
1287,59
1293,59
1251,56
1301,59
1293,59
1260,57
1262,57
1305,59
1307,59
1215,55
1288,57
1287,59
1290,58
1183,55
1283,58
1233,57
1264,57
1225,54
1233,57
1276,58
1142,53
1239,56
1263,58
1175,53
1289,58
1215,56
1278,57
1136,53
1287,59
1324,59
1160,54
1289,59
1265,57
1185,55
1311,59
1270,56
1236,56
1206,55
1139,53
1287,59
1247,57
1237,57
1241,57
1258,56
1241,57
1279,58
1252,57
1241,56
1287,59
1169,54
1225,55
1268,57
1276,58
1275,58
1281,58
1287,59
1234,56
1252,56
1260,58
1287,59
1251,57
1234,56
1299,58
1287,59
1230,55
1328,59
1287,59
1229,56
1240,56
1208,55
1261,58
1228,55
1268,57
1201,56
1303,59
1275,56
1287,58
1229,56
1268,58
1256,58
1171,52
1260,56
1285,58
1256,57
1295,59
1239,56
1245,57
1273,57
1285,58
1281,58
1284,58
1262,57
1287,59
1230,55
1278,58
1264,58
1311,59
1307,59
1283,58
1289,59
1295,59
1239,55
1232,57
1125,53
1252,55
1292,58
1287,59
1287,59
1278,57
1282,58
1155,53
1307,59
1152,53
1270,58
1301,59
1295,59
1216,56
1197,55
1293,59
1297,59
1180,55
1259,57
1307,59
1275,58
1213,55
1263,57
1249,57
1148,54
1198,54
1233,56
1287,59
1270,58
1289,59
1291,59
1287,59
1207,56
1287,59
1157,53
1281,56
1258,58
1239,56
1251,57
1301,58
1292,57
1260,58
1272,57
1196,55
1276,58
1295,59
1301,59
1297,59
1243,57
1268,57
1226,57
1182,55
1251,56
1287,59
1299,59
1282,58
1280,58
1258,58
1297,59
1287,59
1278,58
1233,57
1255,57
1234,56
1287,59
1265,56
1268,58
1245,56
1301,59
1299,59
1287,59
1238,57
1305,59
1229,57
1276,58
1287,59
1199,55
1273,58
1303,59
1167,54
1283,58
1270,56
1196,55
1228,55
1287,59
1245,57
1220,55
1307,59
1301,59
1287,59
1280,58
1295,59
1267,56
1287,59
1287,59
1287,59
1235,57
1214,56
1224,55
1336,59
1221,56
1279,56
1296,58
1182,53
1297,59
1229,57
1276,58
1189,55
1253,57
1235,54
1247,57
1231,57
1287,59
1255,57
1249,56
1219,56
1258,58
1209,54
1237,56
1287,58
1252,57
1258,58
1220,55
1291,59
1305,59
1206,56
1232,55
1245,56
1279,58
1299,58
1270,58
1216,56
1179,54
1274,58
1234,56
1321,58
1287,59
1307,58
1229,57
1262,57
1254,58
1216,55
1299,58
1262,56
1229,57
1175,54
1287,59
1285,58
1287,59
1307,59
1297,59
1293,59
1210,56
1231,57
1222,55
1225,56
1225,56
1299,59
1327,59
1262,58
1255,57
1179,53
1240,56
1234,56
1322,59
1253,57
1262,57
1287,59
1255,57
1270,57
1287,59
1256,58
1293,59
1217,54
1287,59
1210,55
1234,56
1231,55
1287,59
1229,57
1272,56
1287,59
1197,56
1178,55
1233,57
1231,57
1266,58
1301,59
1291,59
1311,59
1260,58
1297,59
1289,59
1264,58
1280,58
1254,58
1236,57
1243,57
1287,59
1203,54
1275,58
1214,56
1234,56
1301,59
1287,59
1267,58
1116,52
1329,58
1287,59
1280,56
1238,56
1242,57
1259,57
1287,59
1258,58
1250,56
1262,56
1185,54
1277,58
1295,59
1290,58
1301,59
1245,57
1234,56
1291,59
1280,57
1272,58
1192,54
1287,59
1245,55
1285,58
1137,52
1255,57
1247,55
1248,56
1295,58
1207,55
1104,52
1240,56
1209,55
1287,59
1162,53
1256,57
1237,57
1245,57
1264,58
1287,59
1185,54
1291,59
1184,54
1260,57
1293,59
1229,57
1196,55
1293,59
1205,55
1238,56
1303,59
1210,55
1204,55
1289,59
1280,58
1253,57
1277,57
1277,58
1287,59
1268,58
1240,56
1223,55
1289,59
1248,57
1297,59
1289,59
1295,59
1224,56
1289,59
1251,57
1239,57
1298,58
1232,56
1225,57
1286,58
1179,54
1262,56
1287,59
1245,57
1259,57
1248,57
1287,59
1256,56
1287,59
1252,57
1303,58
1258,57
1249,56
1278,58
1258,57
1276,58
1262,57
1293,59
1282,58
1295,59
1264,58
1281,58
1216,55
1287,59
1287,59
1299,59
1231,57
1220,55
1179,54
1289,59
1287,59
1210,54
1307,59
1287,59
1241,56
1257,57
1200,54
1264,58
1225,56
1222,55
1254,57
1229,57
1274,58
1272,57
1287,59
1287,59
1242,57
1233,56
1202,54
1173,54
1239,56
1297,59
1232,55
1235,55
1203,53
1240,56
1291,59
1270,57
1289,58
1258,58
1301,59
1258,58
1228,56
1205,54
1272,58
1261,57
1260,58
1203,56
1301,59
1219,56
1272,58
1287,59
1287,59
1212,56
1287,59
1298,58
1213,56
1167,53
1208,54
1249,55
1295,59
1183,54
1293,59
1293,57
1290,58
1251,55
1238,56
1202,55
1234,56
1231,56
1235,57
1264,57
1264,56
1222,54
1287,59
1165,54
1279,58
1287,59
1264,58
1289,59
1301,59
1289,59
1248,57
1287,59
1223,56
1278,58
1258,57
1234,56
1214,54
1261,57
1179,54
1287,59
1295,58
1144,53
1140,53
1324,59
1285,58
1243,57
1256,58
1269,57
1277,58
1303,59
1226,55
1287,59
1221,56
1265,55
1166,54
1280,58
1247,56
1287,59
1250,57
1208,56
1188,55
1285,58
1287,59
1220,55
1287,59
1260,58
1206,55
1235,56
1253,57
1230,56
1269,57
1287,59
1287,59
1287,59
1272,57
1166,54
1287,59
1269,58
1219,56
1239,57
1287,59
1219,56
1259,57
1276,58
1225,54
1190,55
1289,59
1297,59
1238,56
1299,59
1286,58
1287,59
1200,54
1291,59
1258,57
1204,55
1279,57
1229,56
1301,59
1301,59
1266,58
1291,59
1272,57
1280,58
1253,58
1293,59
1176,53
1223,55
1289,59
1297,59
1289,59
1182,54
1307,59
1190,54
1253,57
1283,58
1190,55
1257,56
1291,59
1226,55
1279,57
1182,54
1270,55
1276,58
1181,54
1241,56
1311,59
1291,58
1265,58
1226,55
1241,56
1194,54
1287,59
1210,55
1289,59
1255,57
1287,59
1272,58
1242,57
1293,59
1287,59
1225,55
1297,59
1218,56
1287,59
1293,56
1128,53
1258,57
1242,56
1265,58
1287,59
1251,56
1276,58
1175,54
1208,55
1262,57
1287,59
1287,59
1229,56
1248,56
1325,60
1339,60
1325,60
1333,60
1210,54
1141,54
1325,60
1293,59
1339,60
1310,58
1259,57
1189,56
1237,57
1310,58
1294,59
1246,56
1337,60
1251,56
1308,58
1258,57
1262,58
1255,57
1200,54
1325,60
1325,60
1335,60
1195,56
1351,58
1325,60
1289,59
1195,56
1292,59
1257,57
1325,60
1237,57
1329,60
1266,57
1185,56
1189,56
1325,60
1250,56
1272,58
1149,53
1260,57
1236,57
1245,57
1276,57
1323,59
1300,59
1325,60
1207,56
1325,60
1315,59
1128,53
1219,56
1270,58
1211,55
1262,58
1250,56
1314,59
1264,56
1192,55
1274,58
1310,59
1234,57
1233,55
1140,53
1281,58
1141,53
1176,53
1172,55
1319,59
1325,60
1295,57
1225,56
1185,55
1335,60
1339,60
1131,52
1325,60
1194,55
1237,57
1325,60
1321,59
1299,58
1296,58
1094,52
1324,58
1306,59
1273,57
1210,55
1269,58
1295,58
1325,60
1166,53
1248,56
1317,59
1270,58
1228,56
1274,57
1217,55
1329,60
1323,59
1225,56
1268,57
1194,56
1276,57
1339,60
1269,58
1207,54
1203,54
1283,57
1292,57
1166,53
1262,58
1231,56
1325,60
1240,57
1247,58
1284,58
1176,53
1257,56
1266,57
1198,56
1296,58
1316,59
1325,60
1320,59
1255,58
1296,59
1206,56
1264,58
1286,58
1313,58
1303,57
1325,60
1238,56
1325,60
1325,60
1243,56
1226,57
1202,55
1279,58
1258,57
1311,58
1187,54
1289,59
1296,58
1292,58
1325,60
1329,60
1237,57
1255,56
1325,60
1276,57
1327,60
1315,59
1168,55
1284,58
1278,58
1271,56
1296,58
1317,59
1270,56
1312,58
1167,54
1325,60
1341,60
1333,60
1231,55
1297,59
1325,60
1276,57
1301,59
1266,58
1335,60
1187,56
1246,55
1262,57
1291,59
1164,53
1161,54
1208,56
1327,60
1258,57
1228,57
1264,57
1320,59
1327,59
1298,59
1355,59
1325,60
1168,54
1284,59
1241,56
1260,57
1302,59
1230,57
1265,57
1237,56
1131,52
1228,56
1263,58
1132,54
1247,58
1252,56
1233,57
1183,56
1264,58
1278,58
1275,58
1204,56
1232,57
1327,60
1217,56
1166,54
1230,56
1248,55
1187,54
1271,58
1329,60
1265,57
1288,58
1199,56
1152,55
1337,60
1264,58
1223,56
1237,56
1325,60
1327,60
1241,57
1215,56
1271,58
1252,58
1240,57
1185,55
1252,56
1327,60
1200,55
1268,57
1303,59
1274,55
1200,55
1199,56
1279,58
1280,58
1215,55
1300,59
1228,57
1278,58
1327,60
1223,55
1230,57
1225,55
1325,60
1246,56
1329,60
1222,56
1280,59
1327,60
1303,59
1282,57
1252,56
1325,60
1252,58
1296,58
1201,54
1252,55
1274,58
1229,56
1329,60
1184,54
1261,57
1312,59
1325,60
1258,56
1337,60
1214,55
1279,58
1300,57
1345,60
1325,60
1323,60
1349,60
1233,57
1210,54
1214,55
1323,60
1325,60
1325,60
1236,57
1262,57
1239,56
1323,60
1217,56
1202,56
1295,59
1270,57
1152,53
1243,58
1252,58
1212,54
1218,57
1210,55
1322,59
1186,54
1331,60
1327,60
1323,60
1254,57
1327,60
1327,60
1314,59
1276,58
1308,58
1272,57
1306,58
1284,58
1263,56
1252,58
1219,56
1323,60
1152,53
1264,57
1325,60
1323,60
1303,58
1251,57
1266,56
1212,57
1226,57
1294,58
1323,60
1293,59
1245,57
1313,59
1296,57
1269,57
1313,58
1329,60
1323,60
1218,55
1328,59
1190,54
1323,60
1323,60
1241,55
1232,56
1301,59
1256,56
1291,59
1231,55
1311,59
1327,59
1262,57
1274,57
1254,55
1295,58
1241,56
1264,58
1323,60
1284,58
1323,60
1310,59
1323,60
1310,58
1155,53
1254,56
1323,60
1255,56
1216,56
1310,58
1267,58
1277,58
1178,55
1293,59
1311,59
1323,60
1264,58
1252,57
1331,59
1247,56
1262,56
1323,60
1329,60
1312,59
1323,60
1289,58
1282,58
1341,60
1218,56
1224,57
1274,56
1296,58
1202,56
1308,58
1185,55
1225,57
1284,57
1325,59
1299,59
1264,58
1233,56
1264,57
1288,58
1205,56
1256,58
1299,59
1275,57
1289,59
1226,57
1279,58
1300,59
1329,60
1285,58
1181,56
1323,60
1298,58
1214,56
1198,56
1201,55
1313,58
1331,60
1271,58
1323,60
1223,54
1271,58
1282,59
1300,59
1230,57
1323,60
1215,55
1152,53
1196,55
1228,57
1255,57
1284,56
1248,55
1271,58
1323,60
1175,54
1244,56
1164,55
1310,58
1272,56
1275,57
1311,58
1307,58
1296,59
1118,54
1164,54
1249,57
1289,59
1284,56
1286,58
1239,57
1323,60
1300,59
1325,60
1298,59
1323,60
1258,56
1323,60
1267,58
1252,56
1164,55
1293,57
1306,59
1289,58
1167,54
1252,57
1200,55
1318,59
1277,58
1236,55
1161,55
1211,56
1244,57
1285,58
1271,58
1295,58
1206,56
1299,59
1188,55
1269,58
1299,58
1323,60
1323,60
1292,58
1177,55
1295,58
1288,58
1266,58
1260,56
1314,59
1254,57
1319,59
1323,60
1325,57
1291,58
1263,57
1323,60
1313,59
1339,60
1248,56
1323,60
1323,60
1323,60
1281,58
1263,56
1307,58
1311,59
1161,55
1307,58
1307,58
1323,60
1288,57
1260,57
1232,56
1287,59
1329,59
1297,59
1213,56
1196,55
1323,60
1224,57
1301,59
1211,56
1327,60
1255,57
1289,59
1300,58
1288,58
1083,50
1221,55
1327,60
1265,58
1180,53
1323,60
1245,56
1220,57
1325,60
1349,60
1323,60
1207,56
1258,57
1310,58
1330,59
1166,55
1212,55
1283,58
1249,58
1325,60
1220,57
1284,58
1214,56
1323,60
1246,56
1247,56
1263,58
1300,58
1329,59
1325,60
1241,56
1247,58
1327,60
1323,60
1215,56
1238,55
1224,57
1323,60
1215,55
1230,56
1255,55
1238,55
1175,53
1305,59
1225,57
1337,60
1323,60
1330,59
1244,57
1247,56
1281,57
1312,59
1210,55
1300,59
1323,60
1191,56
1329,60
1327,60
1224,56
1310,58
1355,60
1243,56
1278,57
1195,56
1141,53
1282,58
1269,58
1181,56
1286,59
1183,55
1327,60
1220,54
1309,59
1221,55
1273,57
1230,57
1217,55
1329,60
1327,60
1288,58
1255,57
1314,59
1189,54
1323,60
1323,60
1216,54
1323,60
1307,58
1287,59
1292,59
1195,55
1290,58
1179,53
1261,58
1323,60
1227,56
1299,59
1323,60
1323,60
1268,56
1179,55
1313,59
1323,60
1163,55
1215,53
1323,60
1274,56
1298,58
1273,58
1323,60
1279,57
1271,58
1301,59
1323,60
1197,54
1335,60
1274,57
1246,55
1215,55
1282,58
1323,60
1277,57
1240,57
1304,59
1159,53
1319,58
1323,60
1191,56
1339,60
1177,54
1323,60
1317,59
1327,60
1248,55
1298,57
1279,58
1300,59
1325,60
1329,59
1278,57
1268,58
1211,54
1325,60
1180,53
1327,60
1225,55
1279,58
1223,56
1292,58
1245,56
1236,55
1237,55
1326,59
1299,58
1244,57
1213,54
1329,60
1290,59
1164,53
1323,60
1310,58
1224,56
1312,59
1214,55
1118,53
1293,59
1147,53
1230,57
1186,56
1137,54
1329,59
1329,58
1245,58
1259,57
1287,58
1182,56
1323,60
1345,60
1282,57
1323,60
1353,60
1298,59
1341,60
1159,52
1256,57
1291,59
1325,60
1298,58
1271,57
1304,58
1247,57
1230,57
1333,60
1200,55
1323,60
1329,60
1266,57
1203,54
1316,58
1247,56
1294,58
1282,57
1202,56
1198,56
1337,60
1246,56
1134,53
1225,56
1253,56
1323,60
1313,59
1225,55
1278,57
1323,60
1277,58
1323,60
1300,59
1299,58
1339,60
1288,57
1202,53
1287,58
1323,60
1323,60
1327,60
1118,54
1259,57
1290,59
1235,57
1228,56
1304,58
1177,55
1307,58
1184,56
1323,60
1323,60
1226,55
1230,56
1301,59
1310,59
1329,60
1272,56
1216,55
1248,57
1228,57
1219,54
1323,60
1323,60
1326,59
1233,56
1293,59
1247,56
1323,60
1323,60
1260,57
1343,60
1318,59
1310,58
1288,57
1323,60
1212,55
1329,59
1323,60
1293,59
1266,58
1300,59
1337,60
1267,57
1325,59
1138,53
1255,57
1174,54
1212,55
1327,60
1325,60
1323,60
1302,58
1323,60
1213,56
1325,60
1257,57
1223,55
1311,59
1243,58
1323,60
1279,57
1193,56
1280,58
1243,56
1331,60
1203,55
1276,57
1281,58
1294,58
1277,58
1327,60
1329,60
1323,60
1297,59
1323,60
1305,59
1204,53
1276,57
1323,60
1331,60
1311,58
1204,56
1281,57
1178,53
1242,57
1329,60
1309,59
1272,58
1214,55
1232,57
1327,60
1150,52
1300,59
1298,59
1327,60
1231,56
1253,57
1239,57
1269,57
1323,60
1361,60
1261,56
1323,60
1260,57
1286,58
1323,60
1280,57
1283,58
1309,59
1323,60
1331,59
1286,58
1203,55
1323,60
1251,56
1244,56
1317,59
1327,60
1250,58
1314,59
1331,60
1304,58
1313,59
1321,59
1277,57
1323,60
1276,57
1240,57
1218,55
1291,57
1331,60
1224,57
1337,60
1219,56
1325,59
1285,58
1279,58
1308,59
1211,56
1302,58
1331,60
1210,55
1195,56
1239,56
1323,60
1327,60
1211,56
1323,60
1340,59
1264,57
1224,56
1225,57
1201,56
1202,56
1323,60
1302,59
1284,57
1281,58
1202,56
1224,56
1299,58
1241,57
1266,57
1242,55
1281,57
1301,59
1224,55
1325,60
1275,58
1327,60
1276,57
1323,60
1313,59
1323,60
1286,57
1270,57
1311,58
1290,58
1268,56
1308,59
1323,60
1251,56
1209,55
1325,60
1298,57
1241,56
1244,57
1266,58
1210,55
1194,55
1313,59
1323,60
1323,60
1251,56
1323,60
1287,59
1293,57
1173,51
1137,54
1232,57
1233,57
1305,59
1257,57
1268,56
1178,54
1315,59
1274,58
1321,59
1266,56
1253,57
1191,56
1323,60
1217,54
1298,59
1282,57
1282,57
1249,58
1331,58
1300,58
1260,57
1233,56
1294,57
1335,59
1254,56
1118,54
1267,56
1323,60
1349,60
1327,60
1304,57
1323,60
1257,58
1237,56
1320,59
1300,59
1327,60
1323,60
1312,58
1323,60
1335,60
1326,59
1196,55
1271,58
1219,56
1314,58
1323,60
1331,60
1323,60
1303,58
1322,59
1309,59
1269,58
1198,55
1287,59
1254,56
1277,58
1327,59
1257,56
1323,60
1251,58
1250,56
1280,57
1215,55
1331,59
1251,57
1312,58
1300,58
1323,60
1253,58
1284,57
1232,57
1258,57
1256,57
1249,57
1319,59
1291,57
1280,57
1196,56
1323,60
1323,60
1323,60
1280,58
1345,60
1201,55
1325,60
1155,54
1230,57
1302,58
1327,60
1278,59
1298,58
1302,59
1291,59
1325,60
1337,60
1292,59
1327,60
1295,59
1323,60
1175,55
1291,59
1323,60
1303,58
1279,57
1305,59
1323,60
1306,59
1325,59
1163,55
1323,60
1185,55
1318,59
1280,57
1228,57
1257,56
1323,60
1323,60
1315,59
1285,57
1287,59
1297,57
1300,59
1349,60
1249,57
1287,59
1274,57
1214,57
1228,57
1298,58
1331,59
1216,55
1233,56
1300,59
1242,57
1323,60
1327,60
1327,60
1323,60
1276,58
1260,57
1171,54
1329,60
1337,60
1235,56
1229,56
1202,56
1333,60
1323,60
1184,54
1265,56
1232,57
1245,57
1278,57
1310,59
1323,60
1312,58
1274,57
1323,60
1323,60
1177,54
1329,60
1194,55
1274,57
1201,55
1339,60
1286,57
1323,60
1228,57
1204,56
1272,57
1288,59
1347,60
1331,60
1323,60
1260,58
1245,56
1323,60
1276,58
1211,56
1248,57
1327,59
1262,57
1323,60
1258,56
1323,60
1235,56
1325,60
1291,59
1254,56
1331,60
1269,58
1173,55
1199,54
1321,59
1343,60
1291,59
1326,59
1335,60
1247,57
1268,57
1321,60
1314,59
1280,58
1234,57
1321,60
1327,60
1325,58
1183,55
1168,54
1212,54
1321,60
1303,58
1241,55
1289,59
1215,55
1321,60
1268,57
1256,58
1321,60
1288,58
1321,60
1286,58
1207,55
1323,60
1282,57
1268,58
1296,58
1323,60
1282,58
1268,58
1318,59
1225,56
1298,59
1323,60
1186,56
1142,53
1157,53
1321,60
1283,58
1304,59
1268,57
1219,55
1278,57
1233,57
1257,56
1274,58
1325,60
1241,58
1314,59
1305,58
1196,56
1298,59
1321,60
1327,60
1179,53
1326,59
1296,57
1179,55
1329,59
1182,54
1337,60
1205,55
1295,59
1183,56
1275,58
1221,56
1294,59
1166,54
1252,58
1221,56
1321,59
1323,60
1274,57
1254,56
1302,58
1264,56
1303,59
1214,56
1331,60
1203,57
1318,59
1280,58
1245,57
1271,58
1321,60
1347,60
1255,57
1180,53
1205,57
1312,59
1206,55
1321,60
1345,59
1247,56
1230,57
1321,60
1296,59
1278,57
1321,60
1327,60
1321,60
1325,58
1207,57
1343,60
1281,58
1329,59
1305,59
1272,58
1202,56
1232,56
1325,60
1209,55
1254,56
1325,60
1194,56
1223,55
1321,60
1321,60
1097,52
1347,60
1325,60
1259,57
1321,60
1261,57
1226,55
1312,59
1266,56
1287,59
1321,60
1321,60
1275,58
1279,58
1276,57
1321,60
1249,57
1256,57
1203,55
1219,55
1196,56
1200,54
1226,56
1235,57
1278,57
1310,59
1181,55
1298,59
1321,60
1349,60
1327,60
1212,56
1103,52
1277,58
1247,57
1245,58
1321,60
1264,58
1179,53
1298,58
1287,59
1271,58
1187,55
1327,60
1262,56
1246,57
1256,56
1321,60
1300,58
1319,59
1321,59
1235,57
1320,59
1116,53
1263,58
1321,60
1223,55
1261,57
1282,57
1325,60
1305,59
1215,57
1330,59
1231,55
1264,58
1335,60
1323,60
1324,59
1301,59
1321,60
1149,53
1318,59
1257,57
1299,58
1318,58
1207,56
1297,59
1184,54
1238,57
1246,55
1321,60
1254,56
1321,60
1337,60
1294,59
1296,57
1214,56
1238,56
1302,58
1314,59
1237,56
1333,60
1320,59
1321,60
1203,54
1327,60
1316,59
1301,59
1321,60
1180,54
1265,58
1234,54
1305,59
1194,56
1321,60
1339,60
1268,57
1186,56
1258,57
1203,57
1321,60
1215,55
1278,57
1343,60
1235,57
1248,56
1183,53
1278,57
1176,55
1214,54
1315,59
1252,57
1205,57
1229,57
1301,59
1329,59
1245,58
1326,59
1232,55
1192,55
1228,57
1274,58
1148,53
1321,60
1323,60
1245,57
1223,56
1307,58
1243,58
1260,57
1316,59
1296,58
1321,60
1261,56
1279,57
1202,54
1337,60
1271,58
1248,57
1314,59
1131,54
1230,56
1319,60
1319,60
1319,60
1201,55
1291,58
1280,57
1327,60
1310,59
1234,57
1319,60
1139,54
1231,56
1257,58
1199,55
1280,57
1331,60
1314,59
1223,56
1245,57
1308,59
1219,57
1319,60
1302,58
1264,56
1154,54
1319,60
1207,55
1305,59
1327,60
1304,58
1321,59
1319,60
1323,60
1272,57
1317,59
1238,58
1321,60
1184,55
1304,59
1327,60
1260,57
1290,58
1159,55
1319,60
1209,57
1325,60
1297,59
1319,60
1266,58
1325,60
1282,58
1343,60
1266,58
1255,58
1255,55
1180,55
1249,55
1317,59
1219,56
1305,59
1288,59
1302,59
1185,54
1319,60
1292,57
1288,59
1262,57
1319,60
1283,59
1205,57
1210,56
1353,60
1229,57
1298,59
1305,59
1270,58
1292,58
1331,60
1221,56
1244,56
1299,59
1319,57
1193,56
1178,55
1250,58
1193,53
1333,60
1258,57
1258,57
1195,55
1235,55
1230,55
1189,54
1290,58
1278,59
1262,57
1252,56
1319,60
1210,56
1272,58
1322,59
1319,60
1321,60
1226,56
1289,57
1319,60
1252,57
1310,59
1288,59
1300,58
1256,58
1294,57
1312,59
1180,55
1289,58
1150,55
1291,59
1335,60
1261,58
1327,60
1319,60
1311,59
1247,56
1321,59
1319,60
1235,55
1297,58
1276,56
1158,55
1321,59
1199,56
1273,58
1362,59
1285,58
1216,56
1327,60
1287,59
1268,58
1098,52
1300,58
1319,60
1307,58
1175,56
1323,58
1254,58
1142,53
1283,59
1319,60
1241,55
1244,58
1218,56
1260,56
1308,58
1325,60
1279,58
1325,60
1276,59
1319,60
1217,57
1329,60
1337,60
1319,60
1323,60
1227,55
1293,58
1150,55
1269,58
1235,56
1213,57
1323,60
1252,57
1207,55
1302,59
1315,59
1241,57
1319,60
1283,59
1271,57
1327,60
1212,55
1256,56
1268,58
1294,58
1319,60
1199,56
1302,59
1247,57
1286,58
1337,60
1273,58
1331,60
1247,56
1096,51
1294,58
1266,58
1303,59
1307,59
1319,60
1240,56
1213,55
1319,60
1319,60
1202,54
1333,60
1319,60
1185,56
1187,56
1325,60
1237,56
1109,52
1243,56
1297,59
1321,60
1159,55
1317,59
1285,59
1313,58
1305,59
1319,60
1319,59
1319,60
1335,59
1323,60
1301,58
1308,58
1214,56
1319,60
1298,59
1274,57
1319,60
1298,59
1343,60
1201,57
1337,60
1341,60
1231,56
1345,60
1166,55
1292,59
1266,57
1260,57
1209,57
1300,58
1297,59
1319,60
1180,55
1319,60
1297,59
1289,59
1312,59
1323,60
1205,54
1227,57
1240,56
1319,60
1311,57
1319,60
1208,56
1237,57
1325,60
1321,60
1319,60
1310,59
1267,57
1282,59
1308,59
1188,55
1323,60
1303,58
1263,57
1269,58
1251,58
1258,57
1327,60
1235,57
1260,57
1269,58
1301,59
1244,57
1210,56
1296,58
1245,57
1274,58
1213,56
1181,56
1244,57
1335,60
1200,55
1297,59
1205,55
1319,60
1251,56
1222,56
1319,60
1289,59
1319,60
1260,58
1291,57
1097,52
1327,60
1203,55
1200,55
1282,57
1254,58
1304,59
1337,60
1311,59
1148,53
1210,56
1199,56
1319,60
1192,54
1289,59
1202,56
1248,56
1244,57
1276,58
1235,55
1204,54
1218,57
1267,57
1250,58
1247,57
1319,60
1197,56
1347,60
1224,57
1192,56
1321,60
1213,56
1258,58
1319,60
1319,60
1234,56
1265,58
1228,57
1178,54
1319,60
1266,56
1253,57
1319,60
1293,57
1329,60
1251,57
1203,55
1154,55
1161,54
1197,56
1279,58
1207,56
1262,57
1317,59
1371,60
1245,57
1327,60
1291,58
1307,58
1285,59
1253,57
1319,60
1265,58
1181,55
1209,57
1165,55
1306,58
1303,59
1245,57
1244,57
1287,59
1243,56
1234,57
1233,57
1146,53
1230,54
1288,58
1323,60
1201,57
1268,57
1170,54
1250,58
1290,58
1312,58
1319,60
1269,56
1329,60
1311,59
1287,59
1319,60
1256,57
1237,56
1225,57
1183,56
1289,58
1321,60
1244,57
1319,60
1268,58
1230,55
1325,60
1243,57
1223,55
1163,53
1280,57
1325,60
1252,56
1319,60
1141,53
1195,55
1279,58
1207,57
1306,58
1318,58
1319,60
1197,56
1188,54
1240,57
1162,54
1225,57
1245,57
1201,55
1189,56
1319,60
1319,60
1209,55
1319,60
1241,56
1289,59
1300,58
1270,57
1319,60
1319,60
1261,57
1135,52
1178,56
1293,59
1231,57
1226,57
1260,58
1205,56
1321,60
1172,54
1319,60
1245,57
1302,57
1232,55
1215,56
1325,60
1262,56
1300,58
1296,59
1225,56
1162,53
1285,56
1291,58
1258,58
1319,60
1301,59
1246,57
1258,57
1192,55
1228,57
1189,56
1276,57
1319,60
1162,55
1153,54
1248,57
1319,60
1287,59
1303,59
1123,52
1264,58
1280,56
1321,60
1251,58
1333,60
1319,60
1329,60
1260,58
1260,57
1258,57
1221,57
1262,58
1172,54
1290,58
1097,50
1301,59
1179,53
1281,58
1260,58
1280,59
1248,57
1219,55
1179,54
1193,54
1190,54
1200,56
1186,56
1205,57
1234,57
1165,55
1329,60
1329,60
1321,60
1295,59
1225,56
1333,60
1162,55
1293,58
1329,60
1234,57
1319,60
1251,57
1280,58
1197,56
1173,54
1167,54
1287,59
1303,59
1319,60
1319,60
1269,57
1319,60
1291,59
1265,58
1279,57
1323,60
1218,57
1319,60
1201,54
1245,57
1173,55
1319,60
1256,58
1246,57
1319,60
1216,56
1308,58
1211,55
1324,59
1323,60
1125,52
1202,55
1321,60
1321,60
1293,59
1315,59
1224,57
1286,58
1266,58
1330,59
1260,57
1257,57
1319,60
1299,58
1319,60
1266,56
1205,56
1240,56
1157,54
1224,56
1265,57
1282,58
1321,60
1309,59
1205,56
1321,60
1273,56
1272,57
1215,56
1165,53
1218,56
1238,56
1303,59
1292,59
1266,57
1219,56
1323,60
1184,55
1297,59
1254,58
1204,56
1230,57
1218,55
1187,56
1221,56
1319,60
1319,59
1278,58
1246,57
1219,56
1272,58
1267,56
1325,60
1194,55
1325,60
1270,58
1311,59
1184,55
1231,57
1268,58
1157,55
1260,57
1315,59
1171,54
1321,60
1231,57
1319,60
1321,60
1229,55
1287,59
1272,58
1303,59
1269,56
1234,57
1327,60
1260,57
1252,57
1319,60
1274,57
1182,55
1256,57
1319,60
1250,58
1226,55
1271,57
1267,57
1262,57
1246,57
1323,60
1263,57
1303,59
1256,57
1273,57
1276,58
1329,60
1319,60
1327,60
1274,57
1319,60
1327,60
1234,56
1263,57
1319,60
1279,58
1289,59
1182,55
1196,55
1252,57
1319,60
1277,58
1294,59
1278,59
1222,56
1271,57
1321,60
1319,60
1321,60
1291,59
1280,58
1103,52
1337,60
1283,55
1241,57
1304,59
1217,55
1266,57
1160,53
1265,57
1224,57
1231,55
1319,60
1256,57
1333,60
1198,56
1245,58
1319,60
1207,54
1319,60
1353,60
1319,60
1291,59
1268,57
1265,58
1198,56
1209,55
1325,60
1186,56
1199,56
1212,57
1220,57
1256,56
1319,60
1238,56
1321,60
1221,57
1296,59
1295,59
1270,58
1214,55
1246,57
1319,60
1319,60
1319,60
1239,57
1212,55
1194,55
1186,56
1325,60
1240,57
1303,59
1324,59
1287,59
1235,55
1228,57
1286,58
1229,55
1284,57
1289,59
1319,60
1268,56
1245,57
1319,60
1153,53
1228,56
1148,53
1266,57
1319,60
1319,60
1284,58
1217,55
1224,56
1311,59
1262,57
1304,59
1285,59
1200,56
1319,60
1262,57
1213,55
1182,55
1235,57
1246,57
1232,57
1319,60
1321,60
1288,59
1252,56
1333,60
1319,60
1260,57
1295,59
1291,59
1329,59
1303,58
1319,60
1331,60
1321,60
1283,58
1321,60
1300,59
1268,58
1323,60
1286,58
1254,57
1232,54
1272,58
1267,58
1306,59
1319,60
1228,56
1307,58
1286,57
1331,60
1319,60
1289,59
1271,58
1319,60
1198,55
1220,56
1321,60
1291,59
1263,57
1260,58
1237,56
1319,60
1253,58
1160,52
1280,57
1247,57
1321,60
1198,56
1229,57
1235,57
1252,57
1256,58
1329,60
1331,59
1321,60
1321,60
1333,59
1183,55
1288,58
1233,57
1319,60
1316,59
1290,58
1286,59
1269,57
1319,60
1255,57
1160,53
1268,57
1243,56
1259,57
1231,57
1202,55
1323,60
1243,57
1320,58
1272,57
1322,59
1190,55
1285,57
1235,57
1283,58
1288,58
1266,57
1310,59
1226,57
1267,57
1319,60
1245,57
1249,56
1295,58
1321,60
1222,55
1217,55
1254,57
1309,59
1254,58
1242,56
1182,55
1266,58
1321,60
1252,57
1265,56
1283,59
1302,58
1259,56
1307,58
1319,60
1168,54
1273,58
1321,60
1267,57
1295,59
1282,57
1259,58
1291,58
1114,52
1309,59
1259,58
1299,59
1239,56
1216,56
1319,60
1207,55
1266,54
1258,58
1254,55
1229,57
1319,60
1319,60
1232,57
1224,56
1309,59
1234,56
1266,57
1227,56
1319,60
1238,56
1260,56
1292,57
1298,59
1317,59
1282,57
1284,58
1276,57
1290,58
1235,57
1233,56
1216,55
1319,60
1217,55
1285,59
1269,58
1325,60
1304,58
1327,60
1254,58
1278,59
1229,56
1319,60
1325,60
1296,59
1319,59
1284,58
1266,58
1226,56
1319,60
1199,54
1243,57
1283,58
1276,59
1161,53
1148,54
1276,58
1224,56
1304,58
1242,57
1232,57
1256,57
1321,59
1261,57
1343,60
1288,58
1289,58
1256,57
1196,56
1319,60
1301,58
1255,58
1247,57
1319,60
1129,53
1293,58
1319,60
1325,60
1319,60
1319,60
1278,58
1278,58
1325,60
1260,58
1194,56
1319,60
1230,57
1245,57
1220,57
1276,57
1152,53
1280,57
1152,53
1301,58
1319,60
1234,57
1276,57
1250,58
1195,55
1217,57
1287,59
1286,59
1319,60
1298,58
1263,58
1251,58
1319,60
1207,56
1296,57
1205,57
1321,60
1327,60
1222,55
1279,58
1207,57
1292,59
1209,56
1263,57
1331,60
1206,57
1246,57
1220,56
1213,55
1181,55
1164,54
1232,57
1307,59
1285,59
1256,56
1323,60
1247,56
1195,55
1321,60
1300,58
1164,54
1233,57
1263,57
1299,59
1325,60
1281,58
1266,57
1205,57
1194,55
1177,55
1293,59
1222,55
1299,59
1189,55
1267,58
1325,60
1321,60
1287,59
1172,54
1226,57
1331,60
1152,53
1200,54
1186,55
1196,56
1152,53
1298,58
1319,60
1246,56
1245,57
1319,60
1274,57
1216,56
1311,59
1319,60
1343,60
1274,58
1278,57
1293,58
1329,59
1300,59
1212,56
1296,57
1212,56
1318,59
1332,58
1319,60
1286,57
1308,58
1176,55
1230,56
1261,58
1286,59
1165,54
1250,58
1234,56
1305,58
1319,60
1258,57
1278,58
1207,54
1319,60
1319,60
1138,54
1259,58
1219,56
1316,59
1325,59
1341,60
1212,56
1257,58
1212,56
1319,60
1283,59
1252,58
1165,55
1197,56
1319,60
1196,56
1253,55
1221,56
1291,59
1319,60
1255,57
1225,56
1266,58
1339,60
1195,55
1253,57
1331,59
1319,60
1294,58
1293,59
1327,59
1321,60
1319,60
1308,58
1209,56
1250,57
1274,57
1321,60
1277,57
1266,58
1167,54
1224,57
1339,60
1319,60
1303,59
1297,59
1281,58
1318,59
1266,57
1318,58
1207,55
1341,60
1226,56
1229,57
1254,57
1236,57
1301,59
1325,59
1268,57
1319,60
1296,59
1242,55
1335,59
1183,55
1231,56
1136,54
1201,55
1254,57
1320,59
1244,56
1319,60
1290,58
1319,60
1319,60
1185,53
1179,54
1257,58
1319,60
1215,55
1259,58
1327,59
1238,57
1236,57
1276,57
1319,60
1319,60
1319,59
1195,55
1319,60
1238,57
1329,60
1285,58
1318,59
1263,58
1319,60
1323,60
1223,56
1203,57
1319,60
1233,56
1174,55
1293,58
1329,59
1266,58
1329,60
1341,60
1194,55
1205,56
1154,54
1318,58
1211,56
1321,60
1252,56
1152,53
1281,58
1300,58
1291,58
1240,56
1319,60
1223,56
1319,60
1313,59
1261,58
1253,58
1288,57
1259,56
1294,58
1252,57
1269,57
1292,59
1341,59
1319,60
1202,55
1200,56
1285,59
1260,58
1283,59
1165,55
1321,60
1319,60
1200,56
1318,58
1323,60
1313,59
1285,58
1280,58
1278,58
1248,56
1232,57
1273,57
1265,58
1319,60
1319,59
1319,60
1223,57
1299,59
1329,60
1237,58
1225,55
1215,57
1319,60
1229,57
1257,57
1310,59
1283,58
1260,58
1300,58
1235,57
1158,53
1272,57
1293,59
1237,58
1283,59
1294,59
1296,58
1319,60
1329,58
1265,57
1316,58
1235,57
1296,59
1237,58
1319,60
1314,59
1239,58
1197,56
1276,57
1283,59
1329,60
1307,59
1294,59
1319,60
1321,60
1275,58
1259,57
1240,57
1319,60
1319,60
1329,59
1329,60
1268,58
1268,57
1190,54
1271,58
1325,60
1329,60
1337,59
1319,60
1232,57
1329,60
1207,55
1327,60
1285,59
1159,52
1337,59
1318,59
1325,60
1274,57
1231,57
1288,59
1319,60
1319,60
1337,60
1263,58
1319,60
1286,58
1325,60
1280,58
1233,55
1304,59
1228,57
1190,55
1319,60
1242,56
1220,55
1300,58
1333,60
1319,60
1251,56
1339,60
1267,57
1231,56
1280,58
1252,56
1238,56
1335,60
1225,56
1327,58
1197,55
1256,58
1296,59
1251,56
1242,56
1319,60
1323,60
1333,60
1222,57
1150,53
1319,60
1287,58
1292,59
1254,57
1241,58
1319,60
1249,57
1219,56
1297,59
1327,60
1219,55
1160,54
1287,58
1209,55
1323,60
1256,56
1317,59
1323,60
1237,56
1319,60
1233,55
1278,57
1248,57
1323,60
1214,55
1329,60
1269,57
1321,60
1254,57
1178,54
1247,55
1250,57
1274,58
1250,57
1151,54
1310,59
1319,60
1297,57
1246,57
1183,55
1321,60
1297,59
1282,58
1295,59
1319,60
1325,60
1189,55
1231,56
1170,55
1321,60
1280,58
1319,60
1329,60
1292,59
1319,60
1307,58
1287,59
1319,60
1254,57
1325,60
1286,58
1310,58
1232,57
1319,60
1253,57
1281,58
1297,59
1199,55
1298,58
1319,60
1325,60
1269,57
1329,60
1288,57
1319,60
1272,58
1319,60
1332,59
1273,58
1246,56
1252,56
1335,60
1306,58
1205,54
1239,55
1251,55
1283,59
1171,55
1239,56
1319,60
1321,60
1315,58
1174,54
1291,59
1248,55
1272,57
1227,56
1210,56
1194,55
1234,57
1310,58
1319,60
1297,58
1319,60
1254,57
1319,60
1241,56
1244,57
1319,60
1201,55
1257,56
1170,55
1197,56
1294,57
1284,58
1231,57
1142,53
1229,55
1225,55
1223,56
1319,60
1268,58
1308,59
1285,59
1174,54
1259,56
1282,58
1231,57
1140,53
1319,60
1241,58
1266,56
1310,59
1144,53
1325,60
1222,56
1264,58
1310,59
1306,59
1300,58
1265,58
1282,57
1175,55
1319,60
1300,58
1293,59
1308,59
1249,55
1256,58
1319,60
1283,58
1157,54
1277,58
1160,52
1284,58
1153,53
1270,56
1179,54
1319,60
1180,54
1256,57
1248,56
1249,55
1265,57
1296,58
1235,56
1319,60
1286,58
1248,57
1308,59
1213,57
1249,57
1270,57
1294,59
1190,56
1319,60
1339,60
1333,60
1264,58
1221,56
1176,53
1222,55
1222,57
1244,56
1265,57
1300,58
1266,56
1247,56
1319,59
1229,56
1283,59
1333,60
1319,60
1240,56
1187,55
1319,60
1157,53
1258,57
1265,58
1232,57
1319,60
1171,54
1325,60
1250,57
1314,59
1294,59
1319,60
1137,53
1235,56
1330,59
1321,59
1117,53
1329,60
1250,57
1239,58
1137,53
1321,59
1311,59
1325,59
1319,60
1319,60
1319,59
1266,56
1308,58
1220,57
1245,55
1109,51
1301,58
1331,59
1321,59
1148,55
1271,58
1319,60
1314,58
1361,60
1258,58
1314,59
1317,60
1337,60
1281,59
1323,60
1313,59
1271,57
1264,56
1256,57
1190,56
1301,59
1295,59
1157,53
1306,59
1251,57
1285,59
1272,58
1281,59
1244,57
1289,58
1177,54
1208,54
1230,57
1317,60
1319,60
1157,54
1317,60
1317,60
1287,59
1331,60
1228,56
1155,54
1183,54
1194,55
1242,56
1199,56
1294,59
1264,57