1434,63
1433,63
1416,62
1502,65
1482,64
1368,59
1494,65
1494,65
1539,67
1488,66
1539,67
1528,65
1535,67
1535,67
1460,66
1532,65
1513,66
1534,66
1321,61
1535,67
1386,63
1478,65
1448,65
1593,69
1593,69
1388,63
1438,65
1593,69
1491,65
1428,63
1658,71
1645,71
1546,68
1616,70
1564,68
1359,60
1619,71
1619,71
1619,71
1655,72
1434,64
1664,71
1631,71
1564,69
1438,63
1502,66
1558,70
1444,62
1655,72
1655,72
1651,72
1607,70
1653,72
1451,66
1528,69
1554,68
1516,67
1479,65
1601,70
1554,68
1510,68
1651,72
1446,63
1453,65
1368,60
1475,67
1623,71
1601,70
1626,71
1497,65
1528,67
1481,67
1503,66
1562,68
1447,64
1460,65
1651,72
1336,61
1651,72
1397,61
1627,71
1686,72
1664,71
1480,63
1464,66
1412,64
1649,72
1599,70
1597,70
1464,64
1482,67
1588,71
1478,67
1451,65
1492,66
1649,72
1492,66
1568,70
1477,62
1465,66
1649,72
1288,58
1544,65
1487,65
1649,72
1493,66
1525,66
1453,66
1483,64
1649,72
1445,64
1649,72
1597,70
1513,66
1649,72
1486,65
1422,64
1344,61
1552,67
1536,68
1446,66
1337,64
1509,68
1501,66
1528,66
1518,68
1649,72
1428,64
1540,70
1529,64
1439,64
1515,67
1471,65
1381,63
1419,62
1649,72
1649,72
1640,71
1625,71
1531,64
1700,72
1494,67
1651,72
1577,69
1649,72
1449,64
1649,72
1649,72
1676,72
1383,62
1538,69
1674,72
1651,72
1535,69
1370,63
1430,62
1538,69
1511,66
1604,70
1360,61
1653,72
1610,71
1582,69
1366,61
1647,72
1649,72
1441,67
1651,72
1522,68
1647,72
1504,66
1414,62
1597,70
1654,72
1627,71
1380,61
1647,72
1548,69
1647,72
1452,66
1647,72
1647,72
1647,72
1490,66
1492,65
1549,67
1647,72
1647,72
1535,68
1647,72
1578,68
1453,64
1481,65
1526,66
1552,67
1641,71
1656,71
1653,72
1570,66
1647,70
1401,65
1556,69
1615,71
1598,70
1484,65
1647,72
1563,69
1624,71
1656,72
1419,62
1432,62
1485,64
1608,71
1609,70
1449,64
1647,72
1594,69
1451,65
1647,72
1468,67
1535,67
1442,66
1632,71
1406,63
1522,69
1294,56
1614,71
1577,69
1475,65
1537,68
1655,72
1563,69
1536,68
1440,65
1529,65
1422,64
1485,66
1629,71
1427,65
1537,68
1460,62
1517,68
1519,68
1436,64
1548,68
1485,67
1647,72
1472,62
1647,72
1377,63
1570,70
1595,70
1428,65
1490,65
1688,73
1374,62
1688,73
1506,65
1627,71
1612,70
1688,73
1688,73
1370,62
1690,73
1626,70
1462,66
1676,73
1627,71
1534,68
1642,72
1533,69
1660,72
1327,62
1566,67
1440,65
1648,72
1613,71
1494,66
1613,71
1573,69
1550,67
1614,71
1485,64
1676,73
1439,66
1652,72
1676,73
1425,62
1555,66
1651,72
1676,73
1465,65
1477,66
1494,65
1291,58
1435,63
1607,70
1653,72
1504,67
1566,68
1676,73
1485,64
1378,60
1515,68
1676,73
1619,71
1676,73
1505,67
1465,64
1448,65
1673,72
1619,71
1609,68
1676,73
1691,73
1617,71
1642,71
1678,73
1408,64
1676,73
1676,73
1536,66
1509,66
1388,61
1498,65
1553,67
1668,73
1475,66
1639,72
1462,65
1474,66
1336,61
1681,73
1668,73
1668,73
1639,72
1494,67
1658,73
1436,64
1636,72
1569,67
1392,63
1602,71
1529,67
1574,70
1494,67
1504,65
1561,67
1659,72
1570,69
1525,68
1658,73
1513,67
1690,72
1568,70
1633,72
1544,66
1544,68
1658,73
1599,70
1586,71
1658,73
1658,73
1508,68
1658,73
1600,69
1576,68
1472,66
1658,73
1537,68
1676,73
1356,61
1450,64
1629,72
1518,68
1549,69
1566,69
1610,71
1650,73
1596,70
1681,73
1650,73
1357,61
1580,69
1459,65
1650,73
1564,70
1472,67
1646,73
1628,72
1611,72
1354,61
1464,67
1646,73
1481,66
1618,72
1448,67
1588,70
1472,66
1543,68
1646,73
1646,73
1526,68
1649,72
1527,66
1314,62
1650,73
1646,73
1569,70
1646,73
1512,67
1433,62
1656,73
1646,73
1517,67
1646,73
1642,73
1642,73
1641,73
1453,66
1645,73
1331,61
1628,72
1527,70
1493,67
1628,71
1599,70
1537,66
1635,73
1540,67
1409,63
1400,64
1532,68
1527,70
1480,66
1538,67
1459,64
1499,67
1670,72
1641,72
1581,70
1622,72
1660,74
1666,74
1487,69
1551,68
1540,69
1365,63
1655,73
1503,66
1678,74
1658,74
1512,68
1645,73
1416,64
1658,74
1517,68
1658,74
1658,73
1396,65
1475,66
1335,62
1657,74
1416,66
1599,67
1510,67
1635,73
1398,64
1525,70
1550,70
1572,70
1693,74
1637,72
1571,69
1547,70
1657,74
1657,74
1509,67
1657,74
1663,74
1500,66
1656,74
1617,71
1627,72
1610,72
1632,71
1590,68
1421,64
1588,69
1505,69
1634,73
1388,65
1384,62
1646,73
1504,67
1656,74
1654,74
1472,65
1489,68
1670,72
1587,72
1616,72
1634,73
1626,73
1654,74
1660,72
1561,70
1581,70
1499,69
1642,73
1654,74
1567,71
1654,74
1753,74
1674,74
1442,67
1654,74
1416,65
1582,71
1656,74
1657,73
1652,74
1530,69
1435,67
1650,74
1658,74
1598,72
1652,74
1535,68
1609,73
1611,72
1349,59
1622,73
1583,72
1654,74
1620,72
1397,61
1472,67
1570,70
1650,74
1652,73
1485,67
1551,68
1403,66
1397,63
1631,71
1579,72
1579,70
1450,68
1495,69
1532,67
1417,66
1600,71
1470,65
1522,70
1434,66
1408,64
1650,74
1624,73
1637,73
1504,69
1491,68
1644,73
1652,74
1348,63
1660,74
1420,62
1605,73
1534,67
1650,74
1505,68
1531,67
1652,74
1551,71
1268,59
1650,74
1652,74
1650,74
1589,70
1650,74
1650,74
1585,71
1569,71
1652,74
1419,65
1605,71
1491,68
1620,73
1413,65
1644,73
1596,72
1427,63
1541,70
1650,74
1686,73
1650,74
1632,73
1650,74
1644,73
1398,65
1358,63
1386,62
1629,72
1637,73
1388,64
1558,70
1650,74
1394,61
1540,68
1579,72
1654,74
1605,72
1650,74
1630,73
1570,70
1453,66
1612,72
1440,64
1580,72
1387,64
1521,67
1613,72
1621,72
1537,69
1650,74
1459,66
1456,67
1569,71
1660,74
1650,74
1673,73
1545,69
1535,68
1624,73
1660,74
1532,68
1650,74
1443,66
1605,73
1438,65
1400,64
1650,74
1600,71
1519,68
1650,74
1509,68
1667,73
1470,68
1509,66
1632,72
1660,74
1589,72
1429,65
1650,74
1658,74
1652,74
1289,59
1536,70
1527,69
1650,74
1474,66
1650,74
1650,74
1664,73
1337,60
1613,72
1442,65
1589,72
1442,65
1422,66
1507,67
1581,71
1496,66
1479,67
1500,66
1650,74
1588,71
1446,64
1636,73
1410,62
1425,66
1650,74
1376,63
1650,74
1650,74
1648,74
1462,65
1650,74
1648,74
1500,68
1500,65
1624,73
1437,65
1504,68
1470,65
1648,74
1422,64
1586,72
1538,68
1414,66
1558,70
1595,71
1453,66
1614,72
1498,66
1469,67
1540,69
1638,73
1583,69
1388,62
1505,66
1399,63
1565,71
1622,73
1569,71
1620,73
1459,66
1579,70
1585,71
1648,74
1658,74
1648,74
1511,69
1626,73
1516,65
1355,63
1477,65
1609,72
1635,73
1519,66
1646,74
1513,68
1418,64
1646,74
1477,67
1453,67
1644,74
1644,74
1512,69
1593,70
1382,65
1589,72
1536,67
1317,62
1644,74
1502,66
1551,71
1642,74
1612,73
1646,74
1580,71
1591,73
1646,74
1614,72
1551,70
1535,70
1584,71
1507,67
1485,64
1642,74
1642,74
1490,66
1290,60
1642,74
1550,69
1552,70
1642,74
1635,73
1638,73
1608,72
1593,71
1587,72
1644,74
1642,74
1290,60
1653,73
1614,73
1642,74
1627,72
1456,65
1564,71
1469,67
1493,68
1623,73
1477,67
1668,74
1642,74
1650,72
1611,71
1587,67
1379,64
1495,66
1352,62
1366,64
1460,67
1640,74
1640,74
1640,74
1424,63
1602,72
1510,68
1485,66
1436,66
1421,64
1640,74
1640,74
1587,70
1473,66
1640,74
1424,64
1597,72
1640,74
1585,70
1470,65
1385,64
1680,73
1640,74
1555,68
1640,74
1640,74
1622,73
1575,69
1640,74
1640,74
1640,74
1593,72
1630,73
1437,63
1615,73
1539,69
1525,69
1392,64
1614,73
1623,73
1418,67
1630,73
1640,74
1439,66
1652,74
1644,74
1647,73
1618,73
1461,68
1661,73
1640,74
1488,66
1586,70
1587,71
1640,74
1488,67
1484,67
1640,74
1568,71
1640,74
1567,71
1471,65
1618,73
1614,72
1482,66
1345,61
1472,68
1650,74
1509,69
1642,74
1384,64
1642,74
1629,73
1376,62
1411,63
1623,72
1640,74
1613,72
1670,74
1579,72
1388,61
1529,70
1642,74
1620,73
1640,74
1415,65
1641,73
1463,68
1543,68
1640,74
1619,73
1430,64
1640,74
1513,70
1358,62
1486,68
1284,59
1345,62
1592,72
1258,59
1546,70
1382,63
1470,65
1640,74
1437,64
1414,63
1640,74
1531,67
1615,73
1573,71
1480,65
1450,66
1640,74
1473,67
1640,74
1544,69
1638,74
1487,68
1539,69
1511,67
1559,71
1477,67
1448,66
1576,69
1422,64
1315,61
1664,74
1475,66
1461,68
1490,69
1591,71
1520,70
1461,63
1400,63
1430,65
1586,72
1446,66
1634,73
1528,68
1617,72
1584,72
1638,74
1567,71
1359,62
1590,70
1577,72
1365,62
1614,73
1638,74
1567,72
1523,69
1622,73
1638,74
1656,73
1638,74
1461,67
1640,74
1571,72
1593,72
1638,74
1689,75
1587,70
1535,68
1541,70
1685,74
1390,63
1528,68
1638,72
1689,75
1524,69
1689,75
1541,69
1590,72
1689,75
1689,75
1567,68
1398,62
1689,75
1446,66
1689,75
1368,61
1655,73
1442,67
1502,64
1396,62
1661,74
1468,66
1618,73
1626,70
1388,62
1689,75
1688,74
1672,73
1661,74
1668,72
1659,73
1443,67
1693,75
1688,74
1578,69
1405,64
1671,74
1382,62
1691,75
1372,63
1632,73
1689,75
1482,68
1582,71
1691,75
1560,70
1696,74
1602,71
1719,75
1584,71
1680,74
1616,72
1689,75
1655,74
1689,75
1689,75
1629,72
1519,68
1551,68
1512,69
1600,72
1671,74
1701,75
1563,70
1691,75
1681,75
1619,72
1655,74
1675,74
1639,73
1562,71
1683,75
1572,71
1681,75
1612,73
1473,66
1568,72
1566,71
1364,63
1560,71
1630,73
1604,72
1543,68
1372,64
1489,64
1455,67
1413,65
1612,73
1681,75
1465,67
1507,66
1612,71
1643,74
1633,73
1509,70
1643,74
1398,65
1464,67
1425,66
1645,73
1468,66
1543,70
1681,75
1544,70
1638,72
1681,75
1681,75
1537,70
1485,68
1585,71
1511,68
1534,69
1573,71
1681,75
1594,72
1403,65
1457,67
1517,69
1627,74
1581,72
1634,73
1681,75
1492,66
1614,73
1681,75
1383,61
1426,65
1636,73
1490,68
1587,71
1596,72
1681,75
1647,74
1643,74
1681,75
1630,72
1553,66
1564,71
1677,75
1550,71
1387,64
1634,73
1639,73
1677,75
1677,75
1677,75
1677,75
1677,75
1430,66
1628,72
1428,65
1375,64
1591,72
1547,70
1368,61
1647,74
1661,74
1479,68
1510,69
1647,74
1629,73
1649,74
1606,72
1677,75
1567,71
1468,68
1677,75
1507,67
1677,75
1532,69
1459,68
1677,75
1621,73
1356,61
1555,70
1625,71
1677,75
1677,75
1671,75
1568,69
1542,68
1471,66
1635,73
1634,72
1425,63
1379,66
1476,68
1671,75
1635,73
1584,71
1677,75
1621,71
1635,73
1572,70
1649,74
1327,60
1590,72
1398,63
1503,68
1364,63
1521,69
1623,72
1407,64
1610,73
1692,75
1669,75
1669,75
1481,68
1440,66
1413,66
1508,69
1428,65
1612,73
1669,75
1671,75
1583,70
1448,66
1368,64
1669,75
1475,68
1457,66
1509,69
1669,75
1488,65
1573,71
1596,71
1568,72
1403,62
1645,73
1364,63
1543,70
1639,74
1407,65
1584,71
1669,75
1603,71
1542,70
1611,72
1669,75
1562,71
1645,73
1537,69
1635,74
1669,75
1608,73
1554,71
1649,73
1473,67
1493,67
1565,70
1587,71
1526,68
1665,75
1575,71
1596,72
1665,75
1413,65
1652,74
1678,75
1546,69
1627,73
1198,57
1658,74
1665,75
1665,75
1432,65
1592,71
1527,68
1465,67
1591,72
1684,75
1366,64
1618,72
1535,68
1506,67
1630,73
1500,68
1494,64
1272,57
1665,75
1662,74
1424,65
1528,68
1665,75
1665,75
1665,75
1672,74
1665,75
1665,75
1594,72
1665,75
1375,63
1667,75
1621,73
1689,74
1571,71
1601,72
1650,74
1332,62
1691,75
1567,72
1673,75
1478,68
1593,72
1442,66
1474,67
1665,75
1598,73
1471,67
1539,70
1584,70
1669,75
1665,75
1565,70
1472,68
1592,72
1494,64
1513,66
1444,66
1413,65
1664,75
1600,72
1685,75
1666,75
1626,73
1662,75
1589,72
1464,66
1540,71
1646,74
1456,64
1664,75
1662,75
1662,75
1662,75
1691,75
1575,72
1563,72
1627,73
1536,69
1664,75
1461,66
1634,74
1662,75
1544,70
1662,75
1573,72
1625,73
1598,71
1662,75
1580,69
1533,69
1616,72
1528,67
1484,68
1638,74
1623,74
1447,66
1453,66
1563,72
1522,68
1583,72
1505,69
1573,72
1662,75
1568,71
1467,67
1662,75
1671,74
1662,75
1632,73
1665,73
1520,69
1468,67
1534,69
1445,64
1443,65
1662,75
1421,65
1492,67
1369,61
1638,74
1542,71
1618,73
1573,71
1641,74
1535,70
1668,75
1514,69
1668,75
1662,75
1662,75
1403,66
1594,71
1656,74
1577,70
1557,70
1493,67
1539,70
1428,66
1395,63
1478,67
1630,73
1608,73
1658,75
1317,62
1655,74
1622,74
1434,66
1601,72
1618,73
1521,69
1660,75
1622,73
1658,75
1667,75
1665,74
1660,75
1657,72
1479,67
1464,64
1394,63
1603,72
1670,75
1412,65
1662,75
1631,73
1388,65
1419,65
1493,69
1658,75
1668,75
1478,68
1665,75
1622,73
1404,64
1578,72
1380,63
1658,75
1559,72
1500,68
1658,75
1568,70
1511,68
1507,68
1660,75
1597,72
1658,75
1624,72
1602,73
1658,75
1470,68
1662,75
1568,69
1639,74
1658,75
1541,69
1559,72
1552,69
1647,74
1658,75
1511,68
1635,74
1660,75
1480,66
1429,67
1468,67
1635,73
1662,75
1612,73
1658,75
1517,69
1633,74
1616,73
1539,69
1627,73
1582,72
1442,65
1658,75
1658,75
1677,76
1677,76
1564,70
1677,76
1567,71
1566,70
1493,65
1687,76
1647,73
1677,76
1677,76
1679,76
1677,76
1498,67
1618,74
1548,71
1604,72
1498,69
1689,76
1532,70
1527,71
1681,76
1403,65
1572,70
1680,75
1663,72
1662,73
1677,76
1657,75
1504,69
1686,76
1677,76
1259,59
1652,75
1677,76
1677,76
1572,68
1677,76
1455,67
1666,75
1305,60
1677,76
1677,76
1677,76
1521,71
1677,76
1507,68
1677,76
1648,75
1677,76
1592,72
1478,69
1456,69
1514,70
1653,74
1677,76
1677,76
1637,75
1677,76
1677,76
1536,69
1677,76
1495,67
1677,76
1477,68
1606,73
1677,76
1455,68
1401,65
1385,65
1683,76
1573,71
1677,76
1424,67
1492,67
1471,68
1526,69
1677,76
1307,61
1561,69
1451,68
1691,76
1422,64
1493,67
1504,69
1677,76
1647,73
1520,67
1677,76
1674,75
1598,72
1506,70
1443,66
1643,73
1683,76
1683,76
1677,76
1631,73
1569,71
1428,64
1462,69
1624,73
1679,76
1369,65
1469,68
1677,76
1334,61
1677,76
1545,69
1687,76
1677,76
1620,74
1681,76
1677,76
1478,68
1457,68
1591,73
1638,73
1686,76
1305,61
1618,74
1677,76
1714,76
1679,76
1656,75
1691,76
1330,60
1474,68
1683,76
1482,67
1677,76
1607,72
1459,66
1677,76
1363,63
1675,76
1603,73
1689,76
1442,67
1538,69
1651,74
1675,76
1679,76
1555,71
1491,67
1631,74
1495,67
1650,74
1658,75
1506,67
1647,74
1675,76
1549,70
1684,74
1547,71
1414,66
1675,76
1588,72
1540,70
1586,72
1433,67
1560,70
1481,67
1660,75
1675,76
1677,76
1571,71
1675,76
1666,74
1585,71
1444,67
1556,70
1496,67
1522,69
1541,71
1365,62
1653,73
1689,76
1649,75
1685,76
1493,67
1590,71
1725,77
1557,70
1514,68
1503,68
1590,72
1725,77
1510,69
1738,76
1501,70
1706,76
1725,77
1681,74
1725,77
1435,65
1725,77
1623,73
1622,72
1578,72
1562,69
1599,72
1389,63
1518,69
1507,68
1647,72
1703,76
1680,73
1493,68
1735,77
1686,76
1495,69
1349,62
1612,74
1623,73
1639,72
1404,67
1706,75
1453,66
1725,77
1729,77
1725,77
1699,76
1516,67
1725,77
1393,65
1725,77
1575,72
1580,72
1682,74
1725,77
1478,69
1493,70
1622,72
1683,75
1725,77
1605,73
1658,73
1561,69
1725,77
1573,71
1650,74
1725,77
1725,77
1676,74
1727,77
1555,69
1588,71
1652,73
1724,75
1622,73
1619,72
1725,77
1472,69
1526,69
1704,75
1388,63
1602,73
1606,71
1725,77
1725,77
1725,77
1269,59
1709,75
1546,71
1711,76
1703,76
1725,77
1442,68
1725,77
1741,76
1725,77
1753,76
1555,70
1638,74
1707,76
1452,65
1418,66
1725,77
1477,66
1725,77
1398,63
1729,77
1642,73
1705,75
1656,74
1725,77
1677,73
1725,77
1345,61
1725,77
1614,72
1725,77
1669,75
1725,77
1411,66
1740,77
1725,77
1734,77
1729,77
1725,77
1706,76
1473,65
1725,77
1628,72
1629,73
1725,77
1435,65
1674,74
1676,73
1725,77
1659,73
1484,67
1668,75
1668,75
1635,73
1426,66
1725,77
1560,70
1725,77
1750,77
1639,73
1725,77
1480,67
1683,75
1347,61
1729,77
1640,74
1738,75
1547,69
1741,77
1698,75
1520,68
1707,76
1725,77
1680,73
1725,77
1711,76
1568,70
1725,77
1707,76
1696,76
1727,77
1363,64
1634,72
1578,70
1657,73
1585,71
1618,73
1667,72
1580,72
1623,73
1533,69
1559,70
1735,77
1631,73
1490,67
1504,68
1725,77
1666,74
1403,67
1664,74
1645,72
1464,68
1727,77
1429,64
1734,77
1320,62
1507,69
1725,77
1652,73
1565,70
1692,76
1468,69
1729,76
1651,75
1688,76
1738,77
1455,65
1546,71
1725,77
1725,77
1692,75
1459,67
1624,72
1543,69
1725,77
1729,77
1628,72
1725,77
1725,77
1580,71
1529,70
1668,75
1582,71
1510,69
1545,69
1704,74
1423,65
1550,70
1725,77
1518,69
1725,77
1461,67
1598,72
1700,75
1529,68
1592,71
1696,76
1494,67
1712,75
1672,74
1718,75
1679,75
1481,67
1561,70
1420,65
1723,77
1666,75
1532,69
1418,64
1696,75
1655,74
1709,76
1723,77
1455,64
1338,62
1723,77
1695,74
1423,65
1465,67
1546,70
1352,61
1702,76
1723,77
1556,68
1723,77
1723,77
1418,65
1723,77
1707,75
1610,73
1535,68
1604,71
1683,75
1597,70
1572,70
1462,69
1707,76
1709,76
1697,75
1687,74
1727,77
1447,66
1693,76
1686,76
1725,77
1723,77
1667,74
1687,74
1658,72
1725,77
1723,77
1724,76
1723,77
1591,73
1689,76
1490,68
1628,72
1645,74
1618,72
1521,70
1723,77
1734,75
1573,69
1381,63
1671,74
1648,75
1723,77
1652,73
1682,75
1623,73
1591,72
1722,76
1723,77
1589,72
1704,75
1720,76
1475,66
1727,77
1735,77
1542,69
1723,77
1667,74
1708,76
1721,77
1587,71
1723,77
1721,77
1598,72
1378,63
1721,77
1674,74
1605,71
1667,72
1475,67
1695,74
1572,72
1563,69
1467,67
1449,67
1721,77
1721,77
1723,77
1691,75
1489,69
1570,69
1553,69
1523,68
1661,73
1721,77
1579,69
1721,77
1721,77
1564,69
1508,70
1378,63
1579,70
1638,71
1691,76
1669,75
1689,75
1745,77
1683,74
1586,70
1721,77
1471,66
1621,74
1644,75
1724,76
1693,75
1705,76
1684,76
1662,73
1566,69
1705,76
1724,77
1725,77
1641,75
1738,76
1458,66
1723,77
1395,63
1705,76
1367,63
1165,56
1572,71
1338,62
1573,71
1512,68
1721,77
1467,66
1653,73
1721,77
1721,77
1733,77
1488,66
1597,72
1721,77
1474,65
1536,67
1597,70
1721,77
1612,72
1721,77
1721,77
1737,77
1648,73
1582,71
1693,75
1729,77
1695,76
1721,77
1670,75
1544,68
1547,72
1721,77
1721,77
1692,74
1595,71
1678,75
1705,76
1688,74
1618,73
1691,74
1721,77
1721,77
1432,64
1586,73
1721,77
1550,69
1684,75
1721,77
1721,77
1536,69
1570,70
1657,74
1524,68
1721,77
1674,73
1690,75
1366,62
1568,71
1403,65
1374,63
1631,73
1635,74
1678,74
1664,75
1707,76
1740,77
1684,74
1731,76
1721,77
1721,77
1387,62
1487,68
1528,69
1484,68
1486,69
1721,77
1695,76
1522,69
1687,74
1550,69
1718,77
1666,75
1588,70
1666,75
1620,73
1342,64
1685,74
1459,67
1658,72
1570,71
1500,67
1547,70
1634,73
1424,66
1583,70
1718,77
1541,70
1642,72
1718,77
1402,66
1669,73
1547,69
1536,67
1720,77
1710,74
1676,74
1590,70
1749,75
1512,65
1459,66
1501,65
1697,75
1706,76
1718,77
1542,68
1718,77
1671,74
1465,66
1393,66
1442,65
1610,71
1691,75
1596,73
1718,77
1627,73
1574,70
1603,73
1576,70
1717,76
1588,73
1723,76
1508,69
1718,77
1641,72
1718,77
1720,77
1547,69
1711,75
1401,63
1690,75
1618,72
1422,67
1718,77
1517,67
1614,71
1718,77
1550,68
1695,76
1456,65
1677,75
1666,75
1730,77
1699,75
1614,71
1555,70
1561,70
1683,75
1718,77
1704,76
1659,75
1502,69
1527,67
1724,77
1624,72
1721,75
1718,77
1616,72
1511,67
1525,68
1718,77
1602,71
1535,68
1475,67
1465,66
1377,64
1604,70
1718,77
1641,72
1410,64
1718,77
1502,68
1730,77
1720,77
1723,76
1383,66
1599,71
1772,77
1718,77
1718,77
1704,76
1665,74
1702,76
1410,62
1718,77
1699,76
1697,76
1475,66
1482,67
1625,72
1679,76
1338,63
1721,76
1669,74
1683,75
1601,69
1722,77
1719,76
1729,75
1720,77
1699,74
1724,77
1585,72
1720,77
1451,65
1690,74
1718,77
1679,76
1630,72
1594,72
1718,77
1715,76
1607,71
1734,77
1455,64
1661,74
1690,75
1630,74
1563,69
1685,74
1699,76
1678,76
1544,69
1625,73
1670,75
1722,77
1728,77
1718,77
1580,71
1718,77
1542,71
1671,74
1550,70
1621,72
1458,67
1440,66
1609,74
1685,74
1722,77
1718,77
1470,66
1718,77
1516,68
1448,68
1551,71
1718,77
1623,74
1693,76
1694,75
1660,74
1455,66
1653,73
1434,67
1718,77
1539,72
1718,77
1678,75
1644,72
1446,64
1718,77
1715,76
1594,72
1468,63
1441,67
1568,71
1678,75
1649,73
1593,71
1418,65
1676,75
1571,71
1699,76
1654,74
1389,65
1718,77
1718,77
1531,71
1613,72
1467,70
1621,73
1544,71
1549,69
1483,67
1717,76
1512,70
1523,69
1723,77
1677,74
1510,69
1680,75
1346,60
1723,75
1448,67
1305,61
1722,77
1544,72
1509,69
1352,62
1718,77
1752,76
1722,77
1708,76
1680,74
1711,76
1456,67
1603,71
1718,77
1611,71
1718,77
1728,77
1699,75
1520,69
1590,72
1722,77
1718,77
1517,68
1718,77
1492,70
1693,76
1604,72
1456,69
1516,70
1606,71
1691,74
1718,77
1781,77
1545,70
1409,65
1575,72
1592,72
1578,72
1722,77
1556,71
1614,72
1705,76
1722,77
1706,74
1718,77
1675,74
1345,64
1722,77
1563,70
1551,70
1445,67
1335,63
1497,68
1577,70
1718,77
1676,75
1704,76
1702,75
1732,77
1501,69
1477,67
1566,69
1718,77
1609,74
1684,74
1700,76
1719,76
1404,66
1545,69
1623,72
1672,75
1482,69
1427,65
1718,77
1404,66
1722,77
1601,71
1580,70
1720,77
1723,76
1576,69
1620,73
1628,73
1677,75
1718,77
1718,77
1557,71
1718,77
1602,72
1632,73
1718,77
1637,74
1603,71
1727,77
1480,69
1474,71
1627,73
1593,72
1678,76
1653,74
1718,77
1620,73
1595,71
1499,70
1709,75
1579,71
1659,74
1643,74
1436,66
1439,65
1637,73
1558,69
1647,74
1577,71
1423,67
1537,69
1628,73
1724,75
1683,74
1607,74
1701,76
1298,63
1718,77
1727,77
1396,65
1722,77
1653,73
1414,64
1602,71
1718,77
1643,74
1363,65
1724,77
1520,70
1722,77
1718,77
1718,77
1629,73
1724,77
1441,67
1687,75
1622,72
1718,77
1507,69
1717,75
1679,76
1709,76
1718,77
1718,77
1597,73
1583,72
1722,77
1500,69
1510,68
1718,77
1341,61
1680,76
1719,76
1461,68
1534,71
1708,76
1439,67
1632,71
1617,73
1588,71
1375,64
1623,73
1727,77
1592,72
1672,75
1718,77
1718,77
1646,74
1459,66
1653,74
1643,74
1555,70
1561,71
1718,77
1577,71
1546,72
1535,66
1524,67
1718,77
1421,66
1596,71
1386,66
1547,71
1699,75
1533,71
1718,76
1555,72
1762,77
1705,75
1718,77
1718,77
1628,73
1730,77
1718,77
1537,69
1695,75
1380,64
1689,75
1481,68
1690,76
1718,77
1685,74
1509,69
1607,73
1718,77
1584,71
1699,76
1739,77
1585,71
1532,69
1654,75
1718,77
1570,70
1596,71
1695,76
1718,77
1645,74
1678,76
1434,66
1718,77
1439,67
1718,77
1647,73
1509,69
1718,77
1687,75
1720,77
1716,77
1633,74
1408,64
1473,67
1734,77
1722,77
1671,75
1716,77
1556,70
1716,77
1715,76
1680,75
1714,77
1709,76
1683,74
1765,77
1575,71
1605,72
1652,73
1534,70
1535,71
1551,71
1587,71
1696,76
1714,77
1616,74
1720,77
1714,77
1577,72
1599,73
1632,73
1714,77
1718,77
1354,65
1718,77
1714,77
1715,76
1469,66
1714,77
1454,69
1484,67
1714,77
1643,72
1732,77
1610,72
1550,69
1452,67
1576,72
1671,74
1679,75
1503,70
1422,65
1714,77
1714,77
1608,72
1626,75
1714,77
1705,76
1437,64
1674,74
1714,77
1614,73
1500,68
1673,75
1716,77
1714,77
1534,68
1670,76
1715,76
1634,74
1626,73
1645,73
1674,75
1558,69
1665,75
1437,66
1653,72
1714,77
1570,71
1595,73
1554,69
1680,76
1657,75
1460,66
1603,71
1466,68
1714,77
1714,77
1674,75
1657,75
1411,67
1698,76
1513,68
1714,77
1628,73
1427,68
1674,75
1562,70
1466,65
1700,75
1566,70
1601,72
1532,66
1714,77
1702,76
1651,73
1714,77
1518,69
1670,76
1714,77
1687,74
1461,65
1718,77
1673,75
1715,77
1714,77
1483,65
1526,69
1696,76
1714,77
1607,70
1605,72
1532,66
1714,77
1641,73
1691,76
1535,70
1592,71
1726,77
1714,77
1720,77
1533,67
1714,77
1719,76
1672,75
1623,72
1714,77
1629,72
1654,73
1694,73
1666,73
1624,73
1720,77
1446,66
1409,63
1714,77
1692,76
1714,77
1714,77
1740,75
1716,77
1714,77
1718,77
1711,76
1592,71
1702,76
1720,77
1513,66
1549,71
1732,77
1659,75
1714,77
1346,64
1659,74
1648,71
1718,77
1632,72
1573,71
1712,77
1712,77
1720,77
1549,69
1478,66
1718,77
1676,75
1610,72
1685,74
1725,76
1593,70
1712,77
1406,63
1712,77
1544,68
1604,70
1630,74
1599,72
1597,72
1518,68
1716,77
1384,63
1680,75
1465,66
1758,77
1701,76
1559,70
1694,75
1507,69
1712,77
1690,76
1437,65
1655,74
1712,77
1660,74
1522,70
1558,69
1608,67
1586,72
1521,68
1674,75
1384,63
1660,75
1736,77
1714,77
1622,73
1674,75
1611,72
1712,77
1458,65
1508,65
1712,77
1611,72
1712,77
1661,75
1534,70
1653,73
1681,75
1701,76
1512,66
1698,76
1712,77
1712,77
1515,66
1724,76
1628,73
1583,70
1728,77
1712,77
1686,76
1718,77
1640,74
1712,77
1598,70
1712,77
1691,75
1680,75
1712,77
1485,70
1712,77
1431,64
1604,72
1620,74
1610,72
1659,74
1462,67
1714,77
1714,77
1485,70
1421,66
1578,72
1622,73
1592,71
1742,75
1712,77
1521,68
1594,73
1712,77
1575,72
1598,73
1631,73
1641,73
1669,75
1757,77
1553,69
1714,77
1716,77
1422,66
1678,75
1639,73
1677,75
1395,64
1712,77
1559,70
1739,77
1712,77
1599,73
1717,76
1592,73
1712,77
1712,77
1521,69
1712,77
1718,77
1716,77
1712,77
1642,73
1512,67
1693,75
1546,71
1712,77
1437,64
1712,77
1527,71
1712,77
1506,66
1718,77
1583,73
1636,73
1712,77
1411,65
1712,77
1714,77
1681,75
1720,77
1721,77
1379,63
1633,72
1712,77
1689,75
1712,77
1722,75
1589,69
1604,72
1565,69
1708,75
1613,73
1712,77
1692,76
1712,77
1640,74
1512,70
1518,68
1486,67
1553,71
1441,65
1653,75
1656,73
1679,76
1640,72
1565,71
1644,71
1568,70
1607,70
1584,69
1527,65
1714,77
1555,69
1720,77
1511,70
1712,77
1631,73
1714,77
1712,77
1650,73
1529,68
1714,77
1712,77
1724,76
1712,76
1656,75
1600,72
1685,76
1653,71
1705,76
1661,74
1720,77
1646,73
1571,71
1682,76
1712,77
1720,77
1613,73
1549,69
1507,67
1494,71
1650,75
1667,75
1661,75
1499,70
1731,77
1699,76
1706,76
1676,75
1716,77
1441,64
1643,73
1642,74
1514,68
1714,77
1571,71
1448,65
1712,77
1554,69
1604,74
1712,77
1459,64
1712,77
1509,69
1435,64
1712,77
1656,75
1745,76
1714,77
1693,76
1712,77
1712,77
1676,75
1650,72
1712,77
1591,72
1712,77
1688,72
1538,67
1712,77
1566,68
1552,70
1525,70
1674,74
1577,73
1694,76
1712,77
1712,77
1669,75
1712,77
1476,66
1462,64
1577,72
1672,75
1750,77
1714,77
1712,77
1712,77
1647,72
1718,77
1538,70
1450,66
1714,77
1509,68
1632,74
1630,73
1491,66
1401,64
1597,72
1712,77
1493,67
1687,76
1499,68
1720,77
1552,70
1639,75
1548,71
1590,73
1534,69
1666,74
1699,76
1712,77
1693,76
1712,77
1689,75
1655,73
1456,68
1712,77
1712,77
1467,66
1721,76
1613,74
1667,75
1730,77
1519,69
1629,74
1691,75
1704,73
1647,74
1712,77
1502,69
1657,74
1589,73
1604,70
1714,77
1609,73
1524,70
1501,66
1700,76
1712,77
1712,77
1516,69
1712,77
1523,70
1712,77
1637,75
1693,75
1712,77
1666,73
1677,73
1595,71
1698,76
1466,69
1437,67
1716,75
1689,76
1618,71
1712,77
1670,75
1639,73
1588,70
1710,77
1638,74
1570,69
1686,76
1510,67
1640,73
1743,76
1649,73
1640,74
1712,77
1691,75
1675,75
1680,75
1470,67
1710,77
1533,67
1710,77
1636,74
1578,71
1718,77
1492,68
1683,75
1710,77
1712,77
1698,76
1590,73
1306,62
1528,69
1678,75
1710,77
1440,67
1706,76
1710,77
1710,77
1521,68
1710,77
1557,70
1649,75
1476,68
1510,68
1624,74
1661,74
1554,71
1544,69
1638,74
1668,75
1650,73
1694,76
1710,77
1710,77
1571,72
1710,77
1718,77
1374,62
1577,72
1564,71
1700,76
1661,75
1531,70
1682,76
1491,68
1710,77
1722,77
1656,73
1619,73
1700,74
1710,77
1710,77
1701,76
1483,67
1685,76
1685,76
1606,74
1460,69
1296,61
1438,66
1385,66
1591,72
1640,73
1543,70
1438,68
1706,76
1401,65
1581,69
1695,76
1685,76
1424,66
1574,71
1604,71
1671,74
1698,75
1710,77
1709,76
1468,69
1425,67
1672,75
1710,77
1710,77
1710,77
1694,76
1708,76
1375,63
1716,77
1710,77
1727,76
1730,77
1519,68
1716,77
1701,75
1540,70
1661,73
1666,76
1599,73
1652,74
1710,77
1504,70
1701,76
1714,77
1575,71
1426,65
1663,75
1710,77
1478,66
1560,70
1610,73
1558,71
1530,65
1497,69
1476,66
1710,77
1493,69
1712,77
1527,70
1624,72
1641,74
1710,77
1710,77
1547,70
1491,68
1581,70
1710,77
1710,77
1693,76
1600,72
1417,64
1710,77
1373,64
1630,73
1547,70
1551,70
1710,77
1691,76
1710,77
1710,76
1716,77
1765,77
1655,74
1477,69
1538,71
1485,69
1677,76
1695,76
1710,77
1659,75
1609,73
1697,76
1653,74
1340,62
1486,69
1275,63
1710,77
1545,70
1657,75
1756,77
1607,72
1655,75
1711,77
1535,69
1504,66
1513,68
1708,75
1458,70
1517,70
1599,72
1465,67
1460,69
1421,63
1710,77
1695,76
1567,70
1497,69
1710,77
1710,77
1710,77
1552,71
1569,70
1419,62
1683,75
1571,68
1612,71
1680,75
1666,75
1710,77
1632,73
1593,74
1716,77
1710,77
1462,66
1630,73
1584,71
1710,77
1627,73
1712,77
1710,77
1512,68
1565,71
1592,71
1729,77
1444,66
1661,74
1715,76
1686,76
1714,77
1702,77
1626,74
1660,75
1641,75
1600,73
1690,76
1560,71
1460,69
1702,77
1677,76
1688,76
1449,66
1381,65
1540,71
1702,77
1454,69
1702,77
1455,67
1534,69
1660,74
1671,75
1490,65
1552,72
1576,72
1439,67
1702,77
1702,77
1592,72
1575,70
1429,65
1610,73
1602,72
1661,76
1671,75
1526,67
1700,77
1700,77
1700,77
1700,77
1700,77
1581,73
1672,76
1667,76
1494,68
1600,70
1700,77
1700,77
1565,69
1411,64
1554,69
1601,70
1457,63
1695,76
1700,77
1508,68
1362,66
1471,65
1672,76
1626,73
1698,77
1698,77
1700,77
1562,70
1590,72
1520,70
1501,71
1698,77
1639,74
1437,65
1427,65
1670,76
1483,66
1579,71
1730,77
1696,77
1668,76
1414,64
1598,73
1653,75
1531,70
1571,71
1698,77
1635,74
1557,70
1650,75
1688,76
1696,77
1445,68
1670,76
1331,61
1700,77
1696,77
1702,77
1696,77
1645,75
1640,72
1696,77
1606,73
1632,74
1481,70
1465,65
1678,76
1698,77
1700,77
1698,77
1696,77
1659,74
1607,73
1503,69
1643,75
1717,75
1407,68
1676,76
1675,76
1700,77
1574,70
1612,71
1696,77
1610,73
1512,67
1686,76
1621,74
1590,74
1694,76
1678,76
1524,67
1594,73
1585,69
1426,69
1696,77
1696,77
1615,73
1543,69
1700,77
1590,74
1696,77
1696,77
1600,72
1624,73
1700,77
1696,77
1623,70
1698,77
1408,65
1696,77
1706,77
1698,77
1682,76
1674,76
1639,75
1582,69
1519,69
1696,77
1569,73
1676,76
1696,77
1673,76
1587,72
1696,77
1696,77
1584,71
1696,77
1710,77
1696,77
1547,68
1684,76
1488,69
1645,74
1664,75
1682,76
1651,72
1630,74
1696,77
1679,76
1515,67
1619,73
1410,63
1564,70
1487,66
1712,76
1696,77
1612,72
1536,71
1700,77
1542,68
1478,66
1675,76
1574,68
1696,77
1691,75
1496,69
1658,75
1700,77
1532,70
1637,74
1704,76
1680,76
1549,70
1698,77
1613,72
1500,67
1696,77
1694,77
1644,71
1567,72
1386,64
1604,73
1694,77
1616,72
1614,73
1700,77
1636,74
1680,74
1535,69
1498,67
1636,74
1486,69
1546,70
1694,77
1694,77
1694,77
1445,64
1553,71
1591,72
1694,77
1711,77
1712,76
1648,72
1673,76
1630,72
1694,77
1678,76
1660,74
1694,77
1696,77
1676,76
1618,73
1490,66
1539,72
1537,71
1630,72
1543,69
1700,76
1694,77
1692,74
1563,70
1592,70
1708,77
1643,72
1619,74
1694,77
1621,75
1653,73
1680,76
1700,77
1629,72
1694,77
1517,68
1497,68
1473,65
1562,70
1694,77
1694,77
1723,77
1642,74
1694,77
1476,67
1694,77
1694,77
1694,77
1694,77
1528,69
1694,77
1694,77
1699,76
1711,77
1459,62
1694,77
1674,76
1694,77
1644,74
1694,77
1513,67
1659,74
1475,66
1536,71
1364,65
1696,77
1479,66
1642,74
1597,73
1597,73
1598,70
1698,77
1694,77
1668,76
1669,76
1455,68
1629,73
1600,73
1597,70
1618,72
1698,77
1668,76
1694,77
1460,69
1493,68
1527,69
1694,77
1456,68
1636,74
1562,70
1694,77
1694,77
1698,77
1348,62
1439,66
1618,74
1672,75
1694,77
1536,71
1667,75
1634,71
1692,77
1654,76
1621,74
1693,76
1600,73
1663,75
1486,67
1712,76
1659,76
1684,76
1692,77
1662,75
1622,72
1693,76
1692,77
1518,70
1712,76
1529,66
1692,77
1597,73
1692,77
1623,74
1515,67
1640,74
1676,76
1644,75
1420,63
1713,77
1604,70
1619,74
1663,76
1633,72
1485,68
1711,77
1696,77
1689,76
1538,70
1665,74
1555,71
1692,77
1692,77
1670,75
1679,76
1504,68
1520,71
1619,73
1485,67
1663,74
1659,76
1697,75
1608,70
1692,77
1706,77
1600,71
1692,77
1698,77
1548,67
1330,63
1692,77
1625,74
1642,75
1694,77
1692,77
1556,70
1508,70
1494,64
1553,72
1756,77
1692,77
1414,67
1652,76
1692,77
1448,66
1694,77
1671,74
1577,69
1692,77
1497,68
1524,70
1672,76
1696,77
1633,74
1692,77
1516,68
1620,73
1692,77
1527,73
1558,69
1696,77
1692,77
1676,76
1670,75
1673,76
1648,74
1680,76
1669,76
1567,70
1653,75
1694,77
1680,76
1692,77
1646,75
1551,68
1670,76
1702,77
1679,75
1450,66
1640,74
1592,71
1567,70
1551,71
1566,68
1675,76
1611,70
1694,77
1632,73
1672,75
1692,77
1518,70
1668,75
1634,75
1692,77
1455,69
1692,77
1692,77
1692,77
1527,67
1609,74
1612,74
1692,77
1615,72
1545,72
1641,76
1692,77
1694,77
1608,71
1692,77
1595,73
1692,77
1603,72
1488,69
1692,77
1517,69
1450,67
1692,77
1692,77
1665,76
1692,77
1692,77
1692,77
1539,71
1679,75
1576,73
1692,77
1475,67
1692,77
1694,77
1691,76
1652,74
1510,70
1692,77
1646,75
1561,70
1692,77
1692,77
1376,62
1692,77
1657,75
1692,77
1465,64
1692,77
1583,73
1692,77
1682,76
1692,77
1376,62
1702,77
1444,69
1708,77
1676,76
1411,62
1665,75
1692,77
1673,76
1692,77
1700,77
1656,75
1545,70
1573,71
1674,76
1692,77
1692,77
1326,63
1692,77
1603,69
1616,72
1696,77
1611,72
1647,74
1364,64
1574,72
1636,74
1549,71
1692,77
1584,71
1692,77
1668,76
1694,77
1602,73
1692,77
1696,77
1696,77
1692,77
1656,75
1706,76
1692,77
1692,77
1612,74
1543,69
1695,76
1612,73
1696,77
1559,72
1658,75
1689,76
1696,77
1726,76
1569,72
1594,73
1500,68
1520,69
1692,77
1596,72
1674,75
1582,72
1625,74
1659,76
1692,77
1691,76
1702,77
1533,67
1692,77
1554,71
1607,72
1692,77
1690,77
1667,76
1462,66
1519,68
1435,69
1690,77
1491,68
1686,76
1548,69
1402,64
1620,74
1470,66
1679,76
1441,64
1662,75
1698,77
1659,76
1677,75
1690,77
1690,77
1690,77
1450,67
1690,77
1502,69
1664,75
1544,71
1597,69
1696,77
1363,62
1658,75
1594,71
1695,76
1466,68
1688,77
1688,77
1690,77
1520,69
1515,66
1731,77
1676,75
1688,77
1637,73
1688,77
1543,70
1698,77
1688,77
1589,72
1650,75
1701,77
1599,73
1510,69
1637,75
1708,76
1599,73
1428,69
1603,74
1682,76
1644,75
1677,76
1565,72
1690,77
1615,74
1398,64
1688,77
1668,76
1458,64
1604,72
1668,76
1775,78
1564,70
1433,63
1671,75
1703,75
1580,72
1580,72
1542,68
1457,66
1775,78
1775,78
1775,78
1775,78
1775,78
1775,78
1775,78
1735,76
1714,76
1650,74
1753,77
1749,77
1643,74
1775,78
1613,71
1775,78
1450,65
1519,71
1589,72
1666,74
1767,77
1670,75
1671,74
1705,75
1611,73
1769,78
1704,75
1512,70
1650,74
1557,71
1463,67
1544,67
1789,78
1736,77
1622,74
1637,74
1771,78
1575,71
1769,78
1769,78
1769,78
1612,73
1769,78
1769,78
1769,78
1771,78
1703,76
1551,71
1773,78
1734,77
1769,78
1652,72
1580,71
1375,62
1663,72
1456,68
1670,75
1769,78
1771,78
1362,66
1538,68
1744,77
1609,70
1766,75
1769,78
1596,72
1693,75
1717,76
1604,72
1602,72
1844,78
1773,78
1743,76
1537,72
1769,78
1707,75
1769,78
1751,77
1382,63
1741,77
1545,71
1769,78
1693,74
1749,77
1592,72
1501,69
1616,73
1807,78
1749,76
1695,76
1769,78
1753,77
1771,78
1529,69
1609,72
1690,76
1479,67
1694,76
1781,78
1539,69
1807,78
1524,68
1747,77
1771,78
1472,67
1439,64
1728,77
1546,71
1731,76
1596,72
1662,74
1642,72
1445,68
1773,78
1593,71
1551,70
1733,77
1785,78
1769,78
1720,76
1518,68
1637,75
1769,78
1590,72
1600,71
1709,75
1595,74
1645,74
1738,77
1530,68
1758,76
1751,77
1415,65
1711,75
1769,78
1757,77
1771,78
1769,78
1415,68
1769,78
1716,76
1769,78
1556,70
1769,78
1716,76
1771,78
1615,73
1613,71
1780,78
1503,68
1771,78
1769,78
1769,78
1506,70
1517,68
1768,77
1500,69
1727,77
1769,78
1635,74
1564,71
1594,73
1773,78
1651,72
1646,74
1433,64
1773,78
1666,76
1429,68
1357,65
1610,71
1655,75
1792,78
1645,75
1561,69
1472,68
1518,67
1769,78
1769,78
1627,73
1621,74
1751,76
1714,74
1743,77
1769,78
1771,78
1630,74
1623,75
1671,74
1712,76
1649,73
1520,68
1464,67
1749,77
1769,78
1520,69
1769,78
1769,78
1775,78
1632,72
1773,78
1773,78
1695,75
1630,75
1527,66
1465,68
1618,73
1721,76
1670,76
1771,78
1769,78
1615,73
1667,77
1706,76
1299,61
1769,78
1696,75
1561,72
1769,78
1482,66
1630,72
1769,78
1511,70
1482,69
1635,72
1576,71
1755,77
1590,72
1769,78
1769,78
1484,69
1769,78
1695,74
1771,78
1666,76
1773,78
1621,72
1659,75
1769,78
1665,73
1584,71
1458,68
1722,75
1556,71
1693,74
1535,69
1482,68
1693,75
1751,77
1738,77
1769,78
1617,72
1769,78
1458,66
1721,76
1722,76
1534,71
1798,78
1769,78
1436,69
1750,77
1421,67
1607,72
1484,71
1530,70
1583,72
1700,76
1769,78
1775,78
1600,73
1778,77
1745,77
1541,71
1388,66
1613,73
1613,73
1734,76
1602,73
1654,73
1553,71
1652,74
1545,70
1388,62
1615,73
1769,78
1692,76
1611,75
1501,69
1540,71
1606,73
1712,77
1694,76
1769,78
1769,78
1518,70
1364,62
1655,74
1613,73
1507,68
1771,78
1741,77
1773,78
1773,78
1575,72
1504,69
1649,73
1599,71
1733,76
1769,78
1795,78
1729,77
1631,72
1714,74
1617,74
1576,72
1724,76
1748,75
1737,76
1769,78
1532,69
1692,77
1412,64
1606,73
1742,77
1730,77
1442,66
1643,73
1526,70
1463,69
1598,72
1559,70
1467,68
1689,75
1500,69
1307,60
1771,78
1450,67
1642,74
1736,77
1736,77
1576,71
1623,73
1736,77
1785,78
1599,72
1728,77
1659,71
1733,75
1592,72
1432,68
1463,66
1769,78
1460,70
1575,71
1751,76
1453,68
1468,69
1572,72
1769,78
1542,71
1447,65
1405,63
1657,74
1638,73
1344,62
1470,66
1645,73
1518,69
1769,78
1394,65
1496,70
1699,76
1588,72
1576,72
1769,78
1769,78
1780,77
1472,65
1769,78
1674,75
1423,64
1769,78
1558,71
1485,67
1396,65
1749,77
1769,78
1769,78
1775,78
1482,68
1721,76
1509,71
1769,78
1708,76
1769,78
1800,78
1769,78
1769,78
1547,70
1750,77
1490,70
1623,72
1772,77
1349,63
1593,72
1493,69
1727,77
1682,74
1612,72
1772,77
1733,77
1769,78
1667,75
1499,68
1745,74
1743,77
1466,69
1671,72
1734,77
1755,77
1705,76
1775,77
1452,69
1583,71
1773,78
1700,75
1748,77
1771,78
1631,73
1503,71
1508,68
1769,78
1769,78
1769,78
1769,78
1773,78
1733,77
1534,69
1658,73
1654,76
1514,69
1771,78
1469,69
1771,78
1517,69
1743,77
1769,78
1714,76
1685,74
1438,65
1622,75
1577,70
1453,67
1738,77
1674,75
1769,78
1705,76
1769,78
1728,77
1769,78
1510,69
1669,73
1530,68
1743,77
1356,63
1769,78
1596,74
1622,75
1622,74
1643,74
1479,66
1698,75
1740,76
1749,77
1642,75
1718,76
1443,67
1567,73
1720,77
1736,77
1759,77
1769,78
1736,77
1404,66
1600,71
1771,78
1527,67
1721,76
1769,78
1775,78
1747,77
1498,70
1561,71
1769,78
1793,77
1528,71
1777,78
1720,75
1702,74
1415,66
1537,70
1770,76
1708,72
1407,65
1562,71
1404,65
1775,78
1461,67
1728,77
1542,70
1696,75
1743,77
1761,77
1638,74
1718,76
1530,72
1345,64
1769,78
1591,72
1769,78
1400,64
1604,72
1367,66
1721,76
1452,65
1769,78
1568,70
1773,77
1769,78
1769,78
1773,78
1734,77
1433,67
1768,77
1547,69
1697,75
1580,73
1768,77
1532,71
1769,78
1365,62
1490,67
1745,77
1709,71
1628,73
1771,78
1490,68
1686,75
1389,60
1687,75
1758,77
1769,78
1429,62
1453,66
1591,73
1773,78
1558,71
1638,73
1771,78
1705,71
1771,78
1673,74
1769,78
1347,63
1769,78
1726,76
1543,70
1498,68
1680,73
1429,65
1618,73
1732,77
1743,77
1769,78
1761,77
1649,71
1608,71
1769,78
1769,78
1573,70
1607,71
1483,66
1600,73
1469,67
1771,78
1642,72
1769,78
1498,69
1689,75
1769,78
1775,78
1642,75
1769,78
1768,76
1781,78
1585,72
1771,78
1740,77
1626,75
1658,71
1452,67
1692,75
1769,78
1568,71
1637,73
1773,78
1736,77
1773,78
1449,66
1510,69
1734,77
1732,74
1794,78
1538,69
1728,77
1731,75
1773,78
1733,77
1791,77
1712,76
1771,78
1734,77
1620,75
1432,65
1463,68
1652,75
1781,78
1736,77
1710,75
1751,77
1706,76
1716,76
1512,70
1604,71
1522,66
1769,78
1769,78
1769,78
1624,70
1769,78
1769,78
1546,70
1628,70
1712,76
1652,74
1705,75
1769,78
1633,72
1477,68
1452,67
1706,76
1769,78
1359,64
1775,78
1461,66
1598,71
1745,77
1715,76
1601,72
1523,68
1678,76
1652,73
1579,68
1704,75
1741,76
1769,78
1769,78
1773,78
1584,73
1439,66
1682,75
1507,69
1794,78
1549,70
1599,73
1760,77
1592,71
1769,78
1602,71
1737,76
1769,78
1769,78
1527,68
1768,77
1713,76
1633,72
1771,78
1663,74
1636,70
1652,75
1734,77
1726,76
1513,68
1569,66
1617,71
1769,78
1495,68
1710,76
1757,78
1557,68
1609,73
1678,75
1745,76
1749,77
1483,68
1480,67
1759,78
1688,76
1735,77
1634,73
1757,78
1757,78
1644,74
1670,75
1757,78
1602,72
1598,71
1756,77
1740,77
1531,70
1392,64
1543,69
1767,78
1690,74
1503,69
1628,73
1734,76
1670,75
1716,77
1757,78
1526,70
1615,74
1708,74
1586,69
1282,59
1482,68
1761,78
1749,78
1714,77
1745,78
1403,63
1697,75
1707,76
1676,75
1678,76
1681,75
1582,70
1666,75
1615,74
1745,78
1727,77
1686,76
1745,78
1745,78
1745,78
1717,76
1717,76
1552,70
1749,78
1620,75
1728,76
1745,78
1624,74
1692,76
1403,62
1747,78
1553,72
1638,74
1745,78
1468,67
1710,77
1539,69
1678,76
1590,71
1747,78
1537,67
1580,72
1636,74
1535,68
1540,68
1663,75
1718,77
1708,77
1739,77
1603,71
1745,78
1745,78
1745,78
1461,68
1523,64
1701,76
1749,78
1765,78
1669,75
1669,75
1757,78
1573,72
1718,77
1549,70
1735,78
1648,71
1515,68
1541,70
1735,78
1734,76
1684,76
1735,78
1656,76
1682,76
1580,69
1559,70
1749,78
1733,78
1696,76
1733,78
1713,76
1737,78
1607,72
1694,75
1545,66
1581,71
1733,78
1702,77
1733,78
1580,69
1716,77
1702,76
1716,77
1737,78
1743,78
1737,78
1733,78
1506,70
1733,78
1733,78
1725,77
1682,75
1723,78
1699,77
1692,72
1516,68
1683,75
1723,78
1722,77
1656,75
1688,77
1723,78
1650,71
1529,70
1358,63
1654,75
1580,68
1723,78
1728,77
1582,70
1433,67
1721,77
1620,73
1723,78
1688,76
1723,78
1650,73
1460,68
1660,75
1660,76
1703,77
1584,71
1640,74
1699,77
1725,78
1729,78
1615,74
1703,77
1688,77
1688,77
1666,75
1584,72
1489,67
1676,76
1635,75
1723,78
1651,75
1673,76
1588,71
1592,71
1656,76
1541,69
1723,78
1676,75
1677,76
1686,75
1725,78
1698,76
1516,70
1725,78
1614,70
1721,77
1506,68
1528,67
1597,73
1564,69
1723,78
1723,78
1723,78
1599,72
1560,72
1587,70
1723,78
1668,75
1699,77
1625,72
1463,65
1475,67
1701,77
1686,76
1650,75
1560,73
1699,77
1700,77
1700,77
1683,76
1537,68
1723,78
1559,68
1580,68
1541,68
1723,78
1681,73
1674,74
1715,77
1553,69
1752,78
1687,76
1731,77
1529,71
1723,78
1560,72
1725,78
1723,78
1622,72
1732,77
1534,67
1640,74
1611,71
1686,76
1637,70
1659,73
1688,76
1723,78
1691,76
1723,78
1721,78
1679,76
1721,78
1667,74
1467,66
1543,70
1367,66
1555,69
1660,75
1721,78
1673,76
1731,78
1721,78
1546,69
1670,76
1725,78
1721,78
1579,71
1720,77
1725,78
1725,78
1721,78
1721,78
1512,69
1721,78
1712,77
1543,70
1698,77
1615,70
1701,75
1721,78
1537,72
1651,75
1651,75
1645,73
1721,78
1679,75
1680,76
1395,63
1721,78
1550,71
1713,75
1492,69
1723,78
1567,72
1676,76
1482,69
1705,77
1690,77
1520,69
1670,74
1686,76
1633,74
1705,76
1593,71
1721,78
1596,71
1588,71
1691,77
1721,78
1493,64
1723,78
1567,68
1643,73
1721,78
1721,78
1517,67
1667,74
1451,64
1654,73
1721,78
1723,78
1659,72
1619,74
1721,78
1721,78
1638,72
1721,78
1746,78
1630,73
1674,75
1677,75
1721,78
1767,77
1723,78
1541,71
1633,74
1721,78
1698,77
1721,78
1568,69
1749,77
1651,71
1721,78
1725,78
1668,76
1688,77
1700,77
1721,78
1655,74
1486,69
1721,78
1688,75
1674,76
1721,78
1606,73
1613,74
1749,77
1721,78
1683,74
1580,72
1721,78
1642,73
1727,78
1704,76
1674,76
1696,77
1721,78
1725,78
1721,78
1658,75
1669,75
1721,78
1721,78
1703,77
1558,73
1625,74
1723,78
1705,77
1721,78
1511,71
1623,72
1648,75
1577,72
1717,77
1721,78
1677,77
1745,77
1721,78
1719,78
1719,78
1637,75
1675,76
1691,77
1670,76
1702,77
1652,75
1755,78
1727,78
1521,66
1541,67
1699,73
1682,76
1695,77
1658,74
1690,77
1690,77
1588,70
1595,74
1575,70
1719,78
1719,78
1649,75
1709,76
1719,78
1719,78
1719,78
1727,78
1513,67
1675,76
1727,78
1719,78
1541,70
1672,75
1719,78
1641,75
1706,77
1583,69
1609,72
1633,74
1628,74
1700,77
1719,78
1727,78
1719,78
1671,75
1628,72
1665,73
1421,64
1719,78
1695,77
1490,69
1513,66
1719,78
1690,76
1561,66
1719,78
1648,74
1630,71
1592,72
1719,78
1721,78
1719,78
1711,77
1721,78
1514,66
1509,68
1659,73
1645,71
1549,67
1622,73
1723,78
1625,73
1382,65
1612,71
1618,71
1700,77
1719,78
1727,78
1719,78
1609,70
1721,78
1719,78
1598,72
1604,70
1669,75
1719,78
1697,77
1700,77
1733,76
1653,72
1538,69
1741,77
1588,71
1630,72
1514,68
1550,68
1484,68
1709,77
1421,65
1486,67
1558,70
1481,68
1729,78
1535,69
1719,78
1733,78
1689,76
1719,78
1691,77
1719,78
1695,75
1675,76
1719,78
1757,77
1657,74
1561,68
1719,78
1670,76
1516,68
1719,78
1743,76
1715,77
1723,78
1498,67
1594,72
1606,72
1721,78
1690,77
1532,69
1677,75
1688,76
1721,78
1625,72
1589,73
1548,71
1524,67
1524,67
1721,77
1727,78
1427,64
1729,78
1453,64
1448,66
1721,78
1672,76
1652,76
1675,76
1607,71
1611,74
1657,75
1650,73
1725,78
1621,75
1700,77
1704,77
1719,78
1607,74
1675,74
1719,78
1529,67
1727,78
1585,68
1721,78
1719,78
1602,72
1654,75
1652,74
1485,67
1433,63
1719,78
1529,70
1701,76
1633,74
1668,76
1654,76
1677,75
1719,78
1522,69
1719,78
1631,74
1676,74
1543,71
1625,74
1623,72
1719,78
1605,74
1514,69
1734,78
1460,67
1668,76
1504,64
1523,68
1690,77
1703,76
1537,69
1590,71
1566,72
1588,71
1723,78
1571,71
1721,78
1579,73
1635,73
1559,71
1482,69
1721,78
1484,69
1707,76
1692,77
1721,78
1605,74
1749,78
1725,78
1582,71
1583,72
1639,72
1690,75
1702,77
1689,77
1644,75
1719,78
1562,70
1639,72
1750,78
1704,77
1701,76
1683,74
1649,74
1503,67
1567,70
1479,67
1619,71
1719,78
1719,78
1737,78
1578,73
1556,67
1490,67
1542,68
1719,78
1696,75
1719,78
1719,78
1636,75
1562,70
1623,75
1698,77
1726,77
1713,77
1550,68
1719,78
1660,75
1628,74
1723,78
1576,73
1545,70
1715,76
1670,74
1718,76
1746,78
1721,78
1691,76
1674,74
1626,72
1723,78
1682,76
1719,78
1471,67
1719,78
1719,78
1721,78
1477,67
1632,75
1701,76
1695,77
1545,72
1721,78
1619,73
1578,71
1505,68
1719,78
1649,73
1719,78
1703,77
1631,73
1522,67
1601,71
1577,73
1719,78
1719,78
1719,78
1607,73
1697,75
1636,75
1725,78
1725,78
1508,68
1719,78
1719,78
1653,74
1719,78
1719,78
1557,66
1518,66
1564,70
1509,66
1664,73
1655,75
1719,78
1719,78
1721,78
1697,77
1534,72
1592,72
1696,77
1554,71
1572,71
1696,77
1473,66
1721,78
1537,69
1558,72
1561,70
1698,77
1719,78
1554,68
1542,70
1719,78
1381,63
1719,78
1654,75
1550,70
1680,75
1667,75
1638,74
1489,67
1719,78
1492,67
1725,78
1563,71
1656,75
1541,72
1557,70
1725,78
1719,78
1527,69
1542,70
1721,78
1679,74
1702,77
1558,70
1573,72
1577,69
1566,73
1699,77
1543,72
1700,77
1567,70
1595,74
1652,74
1693,75
1525,68
1495,67
1639,71
1721,78
1665,75
1727,78
1546,69
1704,77
1642,73
1664,74
1719,78
1383,65
1532,68
1656,75
1757,78
1597,71
1719,78
1723,78
1719,78
1698,77
1692,77
1750,78
1698,77
1719,78
1590,73
1727,78
1721,78
1560,72
1678,77
1719,78
1495,68
1658,74
1753,78
1652,74
1744,77
1718,77
1613,74
1541,71
1622,74
1581,71
1691,77
1525,66
1402,63
1727,76
1647,72
1598,68
1721,78
1719,77
1719,78
1510,68
1611,73
1616,73
1623,75
1623,75
1721,78
1626,73
1586,72
1489,68
1691,77
1721,78
1719,78
1504,68
1719,78
1661,73
1653,73
1453,67
1634,73
1698,76
1706,77
1720,77
1719,78
1611,72
1692,76
1694,77
1696,76
1561,70
1579,70
1669,76
1690,74
1548,69
1719,78
1671,75
1526,69
1727,78
1749,77
1741,77
1719,78
1457,69
1681,75
1593,73
1746,78
1708,77
1547,68
1719,78
1719,78
1659,76
1662,76
1742,78
1517,70
1685,75
1628,72
1733,77
1700,77
1719,78
1693,76
1610,72
1577,68
1719,78
1577,69
1723,78
1670,75
1526,70
1723,78
1544,69
1627,72
1719,78
1578,72
1624,74
1719,78
1719,78
1653,71
1559,72
1629,74
1576,73
1719,78
1628,74
1671,75
1724,77
1687,76
1570,68
1461,67
1719,78
1711,76
1608,72
1649,75
1706,77
1721,78
1719,78
1719,78
1696,77
1725,77
1723,78
1623,75
1585,72
1545,65
1648,75
1674,76
1618,73
1446,62
1516,68
1585,71
1751,77
1484,67
1719,78
1635,73
1578,70
1626,72
1721,78
1725,78
1719,78
1748,78
1700,76
1718,77
1680,75
1663,76
1613,73
1700,77
1674,76
1469,69
1701,76
1648,75
1629,71
1755,78
1700,77
1619,70
1504,69
1613,72
1576,72
1648,74
1503,68
1660,76
1588,71
1687,72
1711,77
1719,78
1693,76
1678,75
1566,70
1719,78
1721,78
1677,75
1719,78
1718,74
1570,67
1694,76
1628,73
1735,78
1725,78
1707,77
1710,76
1719,78
1461,65
1603,73
1694,77
1736,77
1719,78
1568,71
1588,70
1719,78
1498,67
1603,70
1723,78
1719,78
1723,78
1719,78
1646,73
1636,73
1646,74
1681,76
1701,76
1530,70
1716,77
1786,78
1448,65
1539,69
1610,72
1625,75
1719,78
1706,77
1568,72
1555,70
1613,74
1719,78
1719,78
1729,77
1524,70
1630,72
1488,67
1554,68
1692,77
1464,67
1566,72
1719,78
1625,75
1607,71
1602,71
1498,70
1458,67
1664,74
1426,66
1710,77
1705,76
1727,78
1648,75
1700,77
1648,75
1705,77
1652,73
1757,78
1506,67
1646,74
1457,66
1495,65
1509,68
1545,69
1576,72
1733,78
1475,67
1508,69
1606,70
1415,63
1719,78
1692,77
1719,78
1700,77
1380,64
1719,78
1727,77
1719,78
1678,77
1529,66
1522,68
1631,74
1719,78
1615,73
1559,66
1491,69
1719,78
1684,76
1447,65
1719,78
1398,65
1604,74
1488,68
1721,78
1719,78
1674,75
1625,73
1565,70
1664,74
1363,61
1580,74
1428,68
1701,76
1679,74
1705,77
1700,77
1701,76
1697,77
1697,77
1510,65
1729,78
1631,68
1594,73
1436,67
1591,68
1729,77
1592,72
1721,78
1333,63
1667,76
1396,66
1478,67
1748,78
1565,71
1706,77
1568,67
1723,78
1564,69
1498,70
1581,70
1677,75
1719,78
1719,78
1603,67
1719,78
1713,76
1721,78
1652,74
1594,73
1537,68
1502,66
1640,73
1692,77
1617,72
1703,76
1719,78
1662,75
1692,77
1620,73
1591,72
1731,78
1659,75
1719,78
1696,77
1483,68
1701,76
1550,71
1690,75
1560,70
1719,78
1646,74
1647,72
1727,78
1721,78
1592,71
1757,77
1615,72
1717,76
1553,70
1680,73
1719,78
1516,69
1684,76
1719,78
1737,78
1697,77
1621,73
1598,73
1704,77
1666,76
1686,75
1546,68
1708,77
1719,78
1735,75
1712,77
1719,78
1487,68
1719,78
1566,67
1664,76
1723,78
1719,78
1721,78
1699,77
1721,78
1593,71
1563,72
1664,74
1719,78
1527,70
1542,70
1483,68
1697,76
1628,70
1386,62
1703,76
1719,78
1388,65
1677,75
1584,71
1692,77
1719,78
1580,70
1552,70
1721,78
1640,75
1586,73
1564,69
1622,74
1645,75
1719,78
1490,67
1617,73
1521,71
1759,77
1630,75
1719,77
1719,78
1462,68
1640,73
1621,73
1666,76
1660,75
1512,67
1697,77
1723,78
1621,72
1719,78
1719,78
1614,72
1719,78
1597,71
1719,78
1545,70
1700,75
1612,71
1714,77
1577,73
1721,78
1718,77
1697,77
1727,78
1705,76
1719,78
1556,71
1723,78
1491,67
1604,71
1703,77
1719,78
1684,76
1723,78
1569,71
1688,77
1688,76
1697,77
1420,60
1542,67
1727,77
1715,77
1651,75
1719,78
1628,73
1719,78
1510,68
1725,78
1719,78
1721,78
1697,76
1642,73
1707,76
1660,71
1719,78
1719,78
1464,67
1540,71
1701,76
1580,72
1463,67
1604,73
1609,74
1636,74
1624,70
1719,78
1488,67
1670,72
1518,66
1712,76
1705,76
1527,69
1533,70
1579,72
1717,77
1695,76
1620,73
1585,73
1607,70
1650,73
1573,73
1583,68
1566,73
1735,78
1656,75
1626,74
1721,78
1552,69
1638,73
1702,77
1587,73
1690,76
1719,78
1580,73
1717,78
1647,75
1717,78
1719,78
1721,78
1731,78
1517,71
1717,78
1717,78
1717,78
1541,68
1545,70
1657,76
1658,74
1733,78
1569,71
1407,63
1528,69
1569,67
1717,78
1699,77
1660,76
1516,69
1486,68
1715,78
1598,73
1715,78
1595,72
1699,73
1689,77
1504,68
1755,78
1646,74
1574,71
1737,78
1599,72
1685,77
1621,74
1715,78
1529,66
1715,78
1436,65
1473,63
1589,72
1374,63
1715,78
1504,69
1694,77
1586,71
1564,73
1787,78
1496,67
1715,78
1760,78
1632,75
1679,74
1715,78
1715,78
1727,78
1618,73
1719,78
1599,70
1715,78
1667,76
1691,77
1757,78
1525,71
1547,70
1695,76
1736,77
1691,77
1715,78
1717,78
1651,73
1567,68
1574,69
1563,72
1503,68
1715,78
1731,78
1472,67
1715,78
1559,72
1719,78
1558,68
1570,72
1715,78
1570,73
1715,78
1531,68
1611,71
1606,73
1494,66
1696,77
1723,77
1442,65
1650,75
1705,77
1599,70
1627,73
1564,72
1546,71
1602,74
1717,78
1780,78
1719,78
1719,78
1725,78
1462,63
1531,70
1400,63
1487,69
1723,78
1688,77
1437,65
1715,78
1673,75
1684,77
1600,74
1715,78
1685,76
1697,77
1515,71
1762,78
1495,71
1668,76
1717,78
1690,77
1608,73
1489,69
1574,71
1641,74
1719,78
1627,75
1715,78
1651,73
1579,73
1715,78
1518,68
1715,78
1561,69
1435,67
1567,70
1583,73
1715,78
1490,68
1727,78
1715,78
1684,77
1636,71
1715,78
1715,78
1695,77
1704,77
1580,70
1564,73
1726,78
1727,78
1614,70
1498,66
1536,69
1715,78
1719,78
1649,72
1717,78
1781,77
1590,68
1538,70
1481,66
1499,65
1661,75
1729,74
1509,69
1694,77
1759,78
1564,71
1691,77
1691,77
1719,78
1558,71
1589,70
1749,77
1725,78
1747,78
1385,63
1644,76
1455,67
1715,78
1664,76
1721,78
1582,73
1675,71
1698,77
1489,67
1586,70
1572,71
1528,70
1721,78
1710,74
1717,78
1760,78
1716,75
1715,78
1715,78
1715,78
1534,70
1645,75
1715,78
1646,75
1543,71
1614,73
1717,78
1584,69
1715,78
1562,73
1699,76
1728,78
1523,68
1715,78
1712,76
1588,71
1610,74
1715,78
1712,77
1778,76
1490,68
1547,70
1715,78
1578,70
1535,69
1618,73
1572,73
1715,78
1721,78
1439,68
1620,73
1715,78
1517,68
1434,67
1715,78
1497,68
1747,78
1500,68
1459,67
1670,76
1665,72
1669,76
1641,74
1693,77
1597,72
1635,75
1741,75
1550,72
1717,78
1626,75
1710,77
1715,78
1656,75
1719,78
1715,78
1448,61
1715,78
1604,70
1607,71
1715,78
1665,74
1715,78
1606,73
1710,77
1582,73
1715,78
1715,78
1632,72
1662,74
1520,68
1715,78
1570,72
1744,78
1706,77
1509,69
1715,78
1723,78
1717,78
1511,71
1580,71
1715,78
1715,78
1479,68
1635,75
1536,69
1586,69
1686,77
1400,65
1715,78
1715,78
1704,77
1409,65
1514,67
1589,71
1667,76
1715,78
1661,75
1420,67
1696,74
1717,77
1672,73
1731,77
1486,68
1721,78
1687,75
1668,75
1717,78
1715,78
1503,70
1592,73
1715,78
1641,71
1715,78
1574,70
1681,76
1637,74
1715,78
1747,78
1589,71
1450,66
1715,78
1636,75
1717,78
1727,78
1717,78
1721,78
1700,77
1715,78
1549,68
1385,64
1477,67
1693,77
1513,69
1723,78
1510,70
1495,71
1663,73
1690,77
1727,78
1686,77
1682,77
1691,76
1715,78
1560,69
1729,78
1546,65
1695,76
1636,74
1613,74
1682,77
1497,67
1508,69
1651,74
1628,75
1593,72
1635,73
1633,71
1722,77
1715,78
1715,78
1702,77
1719,78
1656,75
1621,73
1715,78
1715,78
1664,76
1715,78
1523,68
1715,78
1715,78
1722,77
1417,66
1719,78
1674,77
1628,74
1715,78
1680,74
1639,74
1417,66
1698,77
1614,72
1576,70
1722,77
1695,77
1715,78
1569,70
1549,71
1673,77
1682,77
1676,76
1660,75
1715,78
1595,73
1691,77
1715,78
1540,69
1715,78
1715,78
1723,78
1719,78
1645,72
1715,78
1690,75
1580,73
1676,75
1715,78
1732,76
1689,76
1690,75
1715,78
1595,73
1731,78
1717,77
1631,74
1715,78
1635,73
1715,78
1715,78
1721,78
1715,78
1715,78
1712,77
1495,70
1737,77
1706,77
1707,77
1519,69
1516,69
1588,68
1719,78
1537,71
1698,77
1578,70
1649,75
1715,78
1715,78
1690,77
1566,70
1715,78
1638,75
1739,77
1588,73
1632,72
1586,70
1477,66
1715,78
1478,68
1719,78
1614,69
1686,77
1510,69
1569,70
1654,75
1721,78
1719,78
1557,71
1715,78
1715,78
1711,77
1741,78
1735,78
1715,78
1715,78
1646,72
1622,71
1631,73
1732,77
1648,73
1715,78
1442,64
1568,70
1614,72
1486,67
1538,69
1506,68
1715,78
1715,78
1538,70
1564,71
1652,76
1600,71
1683,74
1571,72
1480,66
1706,74
1707,77
1719,78
1678,72
1698,77
1715,78
1548,69
1550,69
1700,77
1690,75
1708,77
1715,78
1715,78
1725,78
1618,70
1504,66
1517,69
1461,68
1341,62
1695,76
1651,75
1490,67
1481,69
1693,77
1522,69
1651,75
1627,73
1385,64
1715,78
1533,69
1715,78
1692,75
1715,78
1480,68
1715,78
1479,66
1628,75
1729,78
1583,72
1642,73
1727,78
1553,72
1656,76
1452,65
1678,73
1522,69
1452,65
1668,75
1619,74
1531,67
1507,66
1666,73
1535,71
1572,72
1731,78
1571,72
1508,67
1698,77
1509,68
1727,78
1590,69
1467,67
1582,68
1644,75
1603,70
1636,74
1452,65
1430,65
1717,78
1682,75
1715,78
1527,71
1482,69
1630,74
1503,67
1716,77
1562,72
1717,78
1651,75
1562,72
1517,69
1507,68
1557,70
1703,76
1681,76
1719,77
1686,77
1597,74
1629,73
1715,78
1565,73
1710,76
1682,77
1719,78
1615,71
1715,78
1562,68
1735,78
1657,74
1514,68
1719,78
1703,77
1643,75
1585,70
1705,76
1698,77
1715,78
1575,70
1574,68
1475,68
1695,77
1717,78
1694,76
1576,70
1662,76
1534,71
1715,78
1541,69
1689,77
1496,68
1656,76
1747,78
1566,69
1555,71
1627,71
1562,72
1671,77
1715,78
1718,77
1715,78
1715,78
1709,77
1533,69
1717,77
1576,71
1446,65
1596,72
1726,78
1459,64
1719,78
1674,77
1715,78
1560,66
1721,78
1715,78
1717,78
1581,69
1725,78
1698,77
1723,78
1731,77
1586,69
1715,78
1725,78
1460,66
1715,78
1735,78
1655,74
1740,77
1614,74
1499,68
1752,78
1649,75
1731,77
1425,65
1599,71
1726,77
1715,78
1599,73
1527,68
1635,75
1600,74
1715,78
1440,67
1604,73
1689,76
1441,65
1642,73
1715,78
1434,66
1571,72
1719,78
1530,71
1682,77
1715,78
1667,76
1715,78
1614,71
1501,70
1745,78
1689,77
1616,74
1599,71
1539,69
1719,78
1604,73
1563,70
1613,74
1722,75
1715,78
1712,77
1623,69
1602,72
1578,71
1714,77
1682,77
1706,77
1700,77
1592,72
1686,75
1742,75
1721,78
1574,72
1705,77
1715,78
1598,74
1492,70
1491,67
1639,71
1514,68
1622,70
1317,63
1715,78
1609,72
1613,74
1442,68
1719,78
1684,76
1575,71
1633,72
1475,67
1646,74
1579,73
1608,72
1576,71
1678,73
1583,72
1715,78
1715,78
1691,77
1715,78
1595,71
1438,65
1715,78
1715,78
1523,68
1468,67
1695,75
1729,78
1678,75
1719,78
1593,72
1553,71
1715,78
1672,74
1721,78
1719,78
1571,69
1505,68
1705,77
1505,70
1715,78
1636,73
1519,66
1435,65
1547,69
1664,75
1561,72
1741,77
1715,78
1671,77
1592,73
1596,69
1737,78
1715,78
1625,71
1514,68
1473,66
1565,72
1477,66
1450,67
1727,78
1715,78
1695,77
1547,70
1628,70
1600,72
1383,62
1714,76
1572,72
1529,71
1557,71
1715,78
1557,69
1717,78
1715,78
1664,76
1719,78
1533,71
1616,74
1691,77
1426,63
1718,78
1715,78
1717,78
1603,72
1498,68
1589,73
1715,78
1723,78
1715,78
1695,77
1533,72
1714,76
1715,78
1516,67
1409,66
1727,78
1725,78
1715,78
1692,77
1493,68
1386,64
1715,78
1715,78
1717,78
1625,72
1752,78
1505,69
1615,73
1674,74
1467,63
1518,70
1595,72
1454,65
1429,67
1543,70
1751,78
1625,70
1656,75
1698,77
1466,68
1523,70
1616,74
1460,67
1684,75
1704,77
1511,68
1583,73
1603,72
1704,77
1612,71
1546,71
1715,78
1715,78
1685,77
1698,77
1556,72
1715,78
1631,73
1579,71
1460,67
1529,68
1715,78
1735,77
1604,71
1715,78
1693,77
1641,74
1715,78
1725,78
1636,73
1605,74
1615,73
1715,78
1715,78
1721,78
1757,78
1715,78
1534,71
1719,78
1659,75
1717,78
1719,78
1715,78
1672,74
1719,78
1717,78
1701,75
1554,69
1595,73
1539,68
1387,64
1664,75
1654,76
1652,75
1567,70
1624,69
1727,78
1643,72
1651,75
1717,78
1695,77
1696,77
1460,70
1615,73
1531,70
1629,73
1488,67
1716,77
1509,68
1694,77
1624,72
1715,78
1658,76
1604,71
1652,75
1591,72
1443,65
1715,78
1749,78
1723,78
1629,74
1446,66
1631,72
1623,71
1646,75
1653,74
1487,69
1734,77
1761,76
1556,69
1707,77
1482,67
1715,78
1505,68
1715,78
1715,78
1704,77
1599,74
1519,70
1576,72
1651,76
1609,74
1607,74
1715,78
1717,78
1652,74
1398,64
1678,76
1633,74
1757,78
1664,75
1715,77
1715,78
1578,72
1458,65
1596,71
1646,75
1715,78
1715,78
1715,78
1715,78
1670,76
1677,75
1546,70
1464,68
1715,78
1569,71
1715,78
1715,78
1622,74
1733,78
1753,78
1715,78
1727,78
1499,65
1616,72
1715,78
1566,70
1534,66
1684,75
1675,75
1651,75
1594,73
1702,76
1715,78
1621,75
1593,70
1630,73
1691,75
1702,77
1590,71
1630,71
1624,73
1696,75
1715,78
1658,74
1671,77
1674,77
1521,69
1697,77
1691,77
1712,77
1716,78
1674,75
1609,73
1657,74
1715,78
1627,74
1665,76
1551,68
1655,75
1422,66
1715,78
1508,67
1638,75
1559,72
1469,65
1715,78
1715,78
1715,78
1717,78
1694,70
1635,74
1711,77
1708,77
1691,77
1704,76
1520,68
1697,77
1751,78
1715,78
1631,73
1526,69
1614,71
1474,66
1688,75
1760,78
1551,71
1691,75
1462,66
1715,78
1695,77
1715,78
1593,73
1704,77
1652,71
1715,78
1742,78
1726,76
1715,78
1685,75
1717,78
1654,75
1659,75
1659,75
1565,68
1715,78
1662,75
1640,75
1661,75
1715,78
1715,78
1658,75
1683,76
1715,78
1652,75
1715,78
1707,75
1688,76
1653,75
1490,68
1715,78
1682,75
1686,76
1631,74
1494,65
1635,72
1527,70
1715,78
1437,66
1616,74
1539,71
1704,77
1621,73
1584,71
1637,74
1717,78
1632,73
1655,75
1555,69
1690,77
1469,68
1590,71
1455,67
1715,78
1524,65
1503,65
1547,69
1719,78
1705,77
1699,75
1451,64
1671,75
1447,66
1717,78
1655,75
1589,71
1673,76
1715,78
1588,71
1468,68
1723,78
1715,78
1715,78
1693,77
1577,71
1690,77
1632,73
1715,78
1702,77
1612,73
1586,72
1715,78
1723,75
1715,78
1595,71
1566,71
1715,78
1725,78
1554,70
1648,74
1715,78
1591,71
1640,74
1717,78
1677,75
1725,78
1578,70
1719,78
1717,78
1427,64
1674,77
1651,75
1693,76
1618,74
1481,66
1673,75
1715,78
1669,72
1715,78
1491,69
1653,75
1717,78
1561,70
1715,78
1575,72
1638,73
1757,78
1723,78
1717,78
1696,77
1584,69
1715,78
1610,73
1715,78
1715,78
1752,78
1708,75
1715,78
1630,73
1633,74
1569,69
1653,74
1715,78
1486,67
1697,77
1714,77
1539,70
1715,78
1466,65
1566,67
1517,70
1725,78
1587,67
1715,78
1616,71
1565,67
1540,68
1721,78
1715,78
1736,77
1715,78
1632,71
1637,74
1715,78
1473,67
1614,71
1715,78
1715,78
1537,71
1715,78
1672,76
1687,73
1631,73
1727,78
1530,68
1750,77
1387,63
1578,71
1715,78
1715,78
1605,73
1674,74
1569,69
1715,78
1695,77
1715,78
1593,72
1559,69
1715,78
1528,69
1495,66
1281,61
1692,77
1744,78
1715,78
1701,77
1558,69
1729,78
1715,78
1515,69
1692,77
1551,70
1560,70
1571,69
1715,78
1500,67
1702,77
1715,78
1671,75
1650,75
1639,75
1700,77
1485,67
1673,73
1675,77
1685,76
1620,73
1582,72
1568,71
1715,78
1598,71
1636,73
1715,78
1512,70
1524,70
1715,78
1712,76
1715,78
1451,65
1715,78
1462,65
1715,78
1518,68
1715,78
1715,78
1715,78
1683,75
1599,72
1607,73
1596,71
1607,72
1635,74
1715,78
1579,69
1715,78
1687,77
1496,68
1593,74
1695,77
1635,75
1682,77
1528,68
1702,77
1584,68
1553,71
1652,75
1628,73
1733,76
1695,77
1715,78
1606,73
1542,69
1481,66
1644,75
1681,75
1488,69
1701,77
1587,72
1452,68
1759,78
1681,75
1459,66
1715,78
1702,76
1708,77
1717,78
1494,65
1699,77
1738,78
1541,71
1710,75
1635,74
1576,73
1538,67
1530,66
1601,72
1621,73
1683,75
1717,78
1756,78
1700,77
1715,78
1715,78
1665,73
1504,67
1673,75
1675,76
1674,77
1650,74
1715,78
1690,75
1721,78
1560,68
1501,68
1717,78
1736,77
1419,64
1715,78
1714,76
1584,71
1584,73
1562,69
1552,70
1651,74
1533,69
1563,68
1644,75
1715,78
1692,77
1642,74
1704,77
1490,67
1607,71
1463,67
1715,78
1715,78
1721,78
1562,69
1685,73
1648,73
1650,75
1643,74
1592,73
1667,76
1688,77
1659,74
1715,78
1727,78
1715,78
1585,72
1715,78
1676,71
1725,78
1563,68
1667,73
1699,77
1715,78
1715,78
1658,75
1705,77
1738,77
1565,68
1729,78
1612,74
1715,78
1691,77
1677,77
1519,67
1740,78
1681,76
1640,74
1693,76
1678,76
1627,72
1592,71
1715,78
1590,67
1694,77
1709,77
1676,75
1688,77
1649,73
1690,77
1681,74
1715,78
1593,73
1645,74
1655,72
1692,77
1451,65
1757,78
1628,74
1657,76
1492,70
1715,78
1719,78
1646,75
1715,78
1610,72
1747,78
1667,76
1759,78
1613,73
1685,73
1694,77
1475,67
1603,72
1522,69
1696,77
1493,64
1608,70
1598,71
1548,68
1715,78
1608,71
1515,71
1721,78
1619,72
1715,78
1604,70
1649,74
1757,78
1716,78
1590,69
1715,78
1715,78
1629,74
1560,70
1677,76
1715,78
1715,78
1695,77
1674,77
1715,78
1622,73
1488,66
1571,71
1679,76
1522,69
1628,74
1614,73
1715,78
1715,78
1700,77
1715,78
1657,75
1421,65
1548,70
1616,72
1725,78
1744,78
1504,69
1715,78
1652,75
1620,73
1715,78
1715,78
1673,76
1694,77
1633,73
1528,68
1576,73
1654,73
1623,71
1546,68
1687,77
1715,78
1695,76
1616,74
1629,75
1685,76
1585,70
1553,71
1715,78
1622,73
1514,70
1656,76
1578,73
1715,78
1725,78
1729,78
1456,67
1681,76
1676,76
1652,75
1644,75
1464,66
1633,71
1715,78
1716,78
1729,78
1601,74
1588,71
1674,77
1717,78
1426,65
1692,77
1548,71
1593,71
1650,75
1717,78
1647,75
1460,65
1715,78
1721,78
1715,78
1715,78
1755,78
1715,78
1651,75
1654,75
1488,67
1704,77
1610,72
1719,78
1392,65
1534,70
1715,78
1407,64
1620,73
1715,78
1605,74
1721,78
1755,78
1528,72
1691,76
1705,77
1466,66
1689,75
1723,78
1403,67
1614,72
1693,75
1688,77
1700,77
1605,73
1715,78
1710,76
1600,70
1721,78
1715,78
1715,78
1645,74
1721,78
1725,78
1564,70
1498,67
1658,76
1532,67
1694,77
1518,70
1678,76
1715,78
1479,68
1464,68
1607,74
1618,73
1409,67
1538,70
1612,74
1475,68
1601,73
1717,78
1694,77
1715,78
1612,74
1555,69
1520,68
1716,78
1688,77
1662,76
1716,76
1723,78
1511,70
1687,77
1715,78
1717,78
1600,72
1695,77
1464,67
1605,74
1741,78
1696,77
1721,78
1510,69
1700,77
1623,71
1715,78
1715,78
1642,75
1523,70
1656,76
1725,78
1782,78
1715,78
1715,78
1703,77
1598,73
1673,76
1731,78
1511,67
1699,77
1635,72
1719,78
1602,72
1690,77
1349,64
1662,75
1715,78
1715,78
1540,70
1536,69
1715,78
1677,75
1581,73
1667,74
1715,78
1481,68
1653,74
1756,78
1704,77
1519,69
1637,74
1627,74
1719,78
1684,76
1717,78
1428,64
1701,77
1717,76
1673,77
1715,78
1708,76
1733,78
1745,78
1580,71
1698,77
1715,78
1530,70
1466,68
1467,69
1687,77
1552,71
1715,78
1701,77
1605,73
1618,74
1701,77
1615,73
1491,68
1717,78
1715,78
1715,78
1715,78
1588,71
1533,70
1641,73
1633,73
1717,78
1715,78
1715,78
1662,71
1661,73
1625,74
1574,72
1709,76
1439,67
1673,77
1476,66
1647,75
1650,73
1608,70
1598,71
1716,78
1445,67
1499,68
1717,78
1741,78
1687,76
1363,61
1510,66
1729,78
1715,78
1477,68
1695,77
1449,66
1524,70
1715,78
1721,78
1715,78
1592,73
1572,71
1725,78
1371,64
1729,78
1742,78
1723,78
1618,72
1649,75
1715,78
1462,67
1595,73
1598,72
1715,78
1665,74
1676,76
1627,71
1696,77
1546,71
1465,67
1485,67
1583,72
1656,73
1709,76
1717,78
1745,78
1593,73
1715,78
1625,73
1585,72
1715,78
1719,78
1715,78
1473,67
1527,68
1717,78
1735,78
1649,75
1593,73
1471,66
1569,71
1633,74
1448,65
1715,78
1705,77
1701,77
1715,78
1625,75
1670,76
1557,72
1697,77
1617,73
1452,63
1718,77
1706,75
1603,74
1635,74
1451,67
1510,70
1693,77
1673,74
1683,77
1720,78
1570,70
1530,69
1715,78
1577,73
1719,78
1742,78
1733,78
1494,70
1450,68
1715,78
1715,78
1715,78
1515,67
1731,78
1715,78
1563,70
1625,73
1715,78
1702,77
1742,78
1715,78
1711,77
1719,78
1631,74
1381,62
1592,72
1684,75
1715,78
1631,73
1625,73
1601,73
1686,77
1685,76
1400,65
1715,78
1611,72
1667,76
1715,78
1606,73
1715,78
1616,73
1719,78
1715,78
1630,72
1621,71
1535,70
1715,78
1626,73
1715,78
1499,69
1715,78
1452,67
1697,76
1367,64
1731,78
1510,68
1753,78
1671,77
1590,73
1487,68
1719,78
1504,68
1700,77
1592,70
1567,71
1715,78
1601,74
1715,78
1710,75
1633,74
1641,75
1715,78
1646,75
1713,77
1692,76
1733,78
1687,76
1429,68
1719,78
1691,77
1521,70
1351,62
1725,78
1715,78
1715,78
1525,70
1554,72
1715,78
1493,69
1703,77
1511,70
1727,78
1742,78
1725,78
1464,68
1717,78
1436,64
1715,78
1674,76
1715,78
1729,78
1682,76
1693,76
1700,77
1700,77
1727,78
1668,76
1725,78
1646,74
1536,69
1692,75
1511,68
1715,78
1668,74
1695,77
1414,66
1520,70
1597,74
1673,77
1614,75
1705,76
1588,72
1715,78
1670,76
1715,78
1715,78
1695,77
1526,70
1604,74
1447,68
1684,77
1715,78
1715,78
1727,78
1642,76
1739,78
1517,69
1715,78
1645,75
1587,72
1676,77
1733,76
1594,73
1715,78
1719,78
1715,78
1715,78
1485,71
1629,74
1700,77
1395,67
1607,73
1717,78
1592,70
1715,78
1715,78
1715,78
1543,70
1685,77
1717,78
1448,65
1462,68
1447,65
1676,75
1614,71
1466,69
1717,78
1547,69
1597,74
1472,69
1648,75
1700,77
1715,78
1452,66
1704,77
1715,78
1715,78
1531,69
1644,75
1718,78
1544,72
1715,78
1654,74
1740,78
1721,78
1643,74
1693,77
1715,78
1591,72
1656,75
1684,74
1639,76
1667,73
1642,76
1630,74
1748,78
1439,67
1479,66
1493,66
1715,78
1428,67
1556,71
1712,77
1708,77
1530,70
1493,69
1297,60
1723,78
1623,73
1550,71
1448,67
1648,73
1692,77
1715,78
1715,78
1603,73
1671,75
1715,78
1715,78
1710,77
1620,73
1715,78
1612,73
1715,78
1721,78
1580,71
1715,78
1699,76
1623,75
1610,72
1667,71
1535,67
1715,78
1523,71
1612,71
1719,78
1723,78
1677,76
1615,73
1715,78
1525,69
1493,68
1549,70
1522,69
1610,73
1698,77
1673,76
1717,78
1698,77
1715,78
1529,69
1715,78
1510,70
1721,78
1524,71
1611,72
1712,77
1507,68
1686,75
1715,78
1672,76
1601,73
1701,76
1676,76
1719,78
1747,77
1717,78
1699,76
1683,76
1636,76
1542,66
1727,77
1715,78
1651,76
1597,72
1356,63
1690,77
1522,69
1462,70
1721,78
1454,64
1739,78
1562,71
1618,72
1464,66
1511,67
1543,69
1580,70
1668,73
1488,67
1717,78
1717,77
1649,76
1628,72
1719,78
1532,70
1711,77
1501,69
1743,74
1695,75
1605,73
1629,71
1429,65
1622,72
1368,63
1485,68
1723,78
1715,78
1715,78
1725,78
1696,77
1715,78
1490,68
1717,78
1550,69
1715,78
1621,73
1601,71
1489,67
1540,68
1569,70
1636,76
1527,69
1692,77
1715,78
1715,78
1666,74
1510,66
1691,75
1636,76
1629,72
1618,72
1701,77
1715,78
1627,74
1706,77
1700,76
1701,77
1648,76
1740,78
1721,78
1719,78
1582,71
1504,70
1590,72
1715,78
1435,66
1638,75
1715,78
1705,76
1672,76
1485,69
1559,70
1719,78
1679,76
1703,76
1661,74
1381,62
1431,67
1717,78
1688,76
1667,72
1585,72
1578,72
1565,71
1717,78
1697,77
1559,70
1715,78
1621,73
1741,78
1554,72
1693,77
1468,68
1715,77
1715,78
1651,75
1436,65
1716,78
1716,78
1596,70
1670,75
1715,78
1715,78
1556,72
1717,78
1701,77
1601,73
1542,69
1699,77
1717,78
1721,78
1715,78
1664,76
1452,68
1638,76
1441,63
1713,76
1693,77
1715,78
1530,68
1721,78
1684,76
1610,74
1612,70
1721,78
1715,78
1616,72
1617,73
1518,69
1695,77
1365,62
1715,78
1715,78
1519,69
1568,70
1715,78
1352,61
1608,71
1372,62
1717,78
1623,74
1515,69
1581,71
1492,69
1559,69
1413,65
1690,76
1496,69
1664,75
1682,77
1662,74
1486,69
1715,78
1396,64
1715,78
1588,73
1715,78
1512,66
1670,76
1613,74
1391,66
1722,78
1631,73
1434,66
1420,65
1715,78
1661,75
1715,78
1717,78
1709,77
1432,67
1675,75
1715,78
1668,76
1573,72
1661,75
1510,69
1492,67
1542,71
1526,69
1695,76
1728,77
1526,70
1731,78
1682,77
1522,68
1674,76
1648,75
1635,71
1677,76
1569,71
1553,71
1565,67
1715,78
1661,75
1719,78
1579,69
1715,78
1715,78
1709,77
1715,78
1466,65
1728,77
1599,72
1545,69
1721,78
1715,78
1626,73
1715,78
1648,74
1715,78
1715,78
1677,76
1383,62
1715,78
1589,71
1716,77
1715,78
1523,68
1695,76
1692,74
1717,77
1613,72
1538,70
1585,72
1703,75
1465,63
1664,76
1742,78
1715,78
1715,78
1715,78
1565,71
1573,71
1651,74
1715,78
1631,73
1721,78
1721,77
1685,76
1715,78
1537,69
1641,75
1715,78
1680,74
1532,70
1608,74
1596,73
1483,66
1680,75
1639,73
1563,68
1610,74
1703,76
1715,78
1509,67
1454,67
1682,77
1658,74
1598,74
1647,73
1719,78
1715,78
1611,69
1578,71
1598,73
1613,74
1715,78
1715,78
1662,74
1748,78
1460,65
1665,75
1610,72
1630,71
1559,71
1717,78
1645,73
1733,78
1508,66
1722,76
1695,76
1727,78
1676,76
1427,66
1667,74
1553,70
1671,74
1571,70
1709,77
1388,65
1630,72
1719,78
1659,74
1711,77
1695,77
1532,69
1648,73
1715,78
1715,78
1685,73
1615,73
1715,78
1608,71
1715,77
1686,77
1403,67
1592,73
1384,61
1725,78
1677,76
1551,68
1715,78
1717,78
1715,78
1685,76
1723,78
1676,74
1656,74
1717,78
1709,77
1632,74
1608,74
1726,78
1715,78
1627,75
1546,68
1690,77
1716,78
1706,77
1715,78
1719,78
1575,72
1676,76
1688,74
1592,72
1699,77
1676,76
1705,76
1721,78
1702,75
1486,69
1615,68
1577,72
1633,75
1680,74
1719,78
1538,67
1673,74
1625,73
1715,78
1701,77
1641,73
1716,78
1660,75
1646,73
1573,71
1674,76
1627,73
1660,74
1711,76
1687,74
1734,77
1461,66
1717,78
1719,74
1716,78
1715,78
1503,68
1689,77
1631,74
1715,78
1601,70
1595,71
1551,72
1527,68
1596,73
1602,72
1390,64
1620,75
1523,68
1590,71
1727,78
1484,69
1733,76
1717,78
1577,72
1715,78
1715,78
1693,77
1719,78
1425,67
1719,78
1518,71
1676,77
1518,68
1715,78
1627,75
1719,78
1575,72
1716,78
1603,73
1688,74
1620,71
1715,78
1508,69
1660,75
1651,75
1735,76
1715,78
1746,78
1723,78
1707,77
1715,78
1715,78
1715,78
1719,77
1611,73
1688,74
1483,70
1715,78
1723,78
1709,76
1533,69
1685,76
1718,78
1540,68
1551,69
1529,68
1596,72
1659,75
1715,78
1715,78
1758,76
1663,75
1618,71
1717,78
1524,70
1595,73
1692,75
1628,72
1497,69
1715,78
1715,78
1368,65
1719,78
1719,77
1549,68
1551,70
1727,78
1750,78
1521,67
1688,73
1719,78
1715,78
1620,75
1537,69
1440,66
1472,69
1597,71
1723,78
1488,68
1715,78
1646,73
1621,72
1573,71
1672,75
1586,72
1666,73
1732,78
1633,72
1715,78
1715,78
1672,76
1715,78
1691,77
1545,70
1384,65
1663,73
1609,73
1715,78
1552,71
1444,67
1571,72
1520,69
1695,76
1493,68
1682,75
1719,78
1726,76
1680,74
1508,72
1670,76
1574,72
1565,71
1723,78
1659,75
1627,72
1740,78
1744,78
1693,77
1525,68
1715,78
1456,63
1715,78
1716,78
1369,64
1717,78
1719,78
1715,78
1717,78
1486,69
1715,78
1725,78
1715,78
1576,71
1715,78
1715,78
1674,76
1706,75
1715,78
1524,69
1740,78
1577,69
1641,74
1554,71
1697,77
1715,78
1715,78
1583,70
1717,78
1715,78
1696,77
1715,78
1693,76
1719,78
1731,78
1551,69
1658,76
1573,73
1721,78
1701,77
1522,69
1503,68
1723,78
1715,78
1570,70
1742,78
1410,66
1484,69
1611,72
1589,71
1677,75
1717,78
1668,76
1308,59
1701,77
1595,72
1715,78
1583,69
1595,73
1470,67
1518,69
1723,78
1554,72
1406,65
1683,76
1589,72
1685,77
1653,72
1641,74
1668,74
1715,78
1653,73
1715,78
1502,67
1526,68
1638,76
1638,71
1723,78
1702,77
1706,77
1715,77
1463,69
1715,78
1715,78
1687,76
1709,76
1684,74
1665,74
1739,78
1721,78
1541,72
1715,78
1698,77
1611,70
1685,75
1561,70
1696,76
1715,78
1670,73
1621,73
1656,71
1642,75
1673,73
1715,78
1693,77
1636,76
1385,59
1697,77
1681,75
1455,67
1466,69
1747,77
1688,77
1639,72
1693,77
1717,78
1715,78
1715,78
1660,76
1661,74
1715,78
1695,76
1636,76
1725,78
1715,78
1633,75
1715,78
1715,78
1568,71
1557,69
1696,76
1715,78
1710,77
1558,71
1715,78
1458,67
1715,78
1703,77
1711,76
1633,75
1715,78
1617,73
1437,67
1471,69
1470,69
1657,75
1387,64
1693,76
1619,74
1719,76
1667,76
1599,72
1721,78
1689,76
1653,74
1722,77
1693,77
1715,78
1621,73
1715,78
1539,67
1715,78
1721,78
1715,78
1413,65
1715,78
1384,62
1525,68
1684,76
1477,66
1617,74
1715,78
1384,60
1633,75
1715,78
1566,67
1711,77
1721,78
1419,65
1715,78
1693,77
1504,68
1719,78
1764,77
1573,73
1629,75
1431,67
1723,78
1555,70
1708,76
1715,78
1715,78
1664,73
1492,64
1703,76
1715,78
1678,75
1675,77
1715,78
1711,77
1715,78
1615,71
1640,75
1715,77
1715,78
1650,75
1528,69
1721,78
1488,66
1546,70
1600,72
1715,78
1489,67
1676,73
1715,78
1714,77
1699,77
1715,77
1508,69
1715,78
1619,73
1721,78
1649,74
1495,68
1687,77
1613,73
1615,72
1553,67
1634,73
1499,68
1729,77
1712,77
1718,76
1664,76
1699,77
1636,72
1725,78
1656,75
1715,78
1714,76
1717,78
1715,78
1625,70
1666,76
1712,77
1626,72
1717,78
1595,73
1504,70
1552,70
1733,78
1455,67
1679,76
1636,75
1494,69
1564,70
1612,71
1689,76
1712,77
1575,71
1461,65
1715,78
1719,78
1715,78
1667,76
1715,78
1691,77
1608,73
1539,72
1465,67
1653,75
1535,71
1715,78
1567,72
1457,68
1517,70
1728,78
1715,78
1575,72
1496,65
1487,68
1576,72
1438,67
1717,78
1636,76
1625,75
1662,74
1691,77
1562,72
1478,70
1542,68
1715,78
1654,75
1715,78
1550,70
1693,76
1366,62
1579,72
1442,68
1596,71
1555,70
1445,67
1623,75
1719,78
1631,71
1472,68
1592,68
1635,73
1613,74
1609,71
1737,78
1699,76
1623,75
1715,78
1460,68
1612,74
1721,78
1693,77
1715,78
1644,75
1669,76
1636,76
1715,78
1705,77
1721,78
1715,78
1715,78
1556,72
1426,66
1613,72
1460,68
1749,78
1500,69
1645,72
1723,78
1576,72
1627,73
1714,77
1699,77
1621,71
1625,73
1650,73
1693,77
1667,76
1598,73
1500,70
1715,78
1584,72
1569,71
1670,76
1715,78
1570,74
1608,74
1473,68
1618,74
1715,78
1687,76
1723,78
1565,71
1609,74
1568,72
1670,74
1667,76
1645,74
1715,78
1413,65
1715,78
1715,78
1653,75
1697,77
1671,76
1698,77
1715,78
1751,74
1666,76
1588,71
1564,71
1543,67
1619,72
1550,70
1715,78
1715,78
1644,74
1717,78
1723,78
1715,78
1684,76
1691,76
1496,67
1662,76
1715,78
1628,75
1703,72
1511,68
1715,78
1696,76
1607,69
1715,78
1439,68
1744,78
1690,77
1715,78
1715,78
1573,69
1568,68
1612,74
1642,75
1636,74
1626,70
1699,76
1551,69
1717,78
1613,73
1701,77
1690,77
1693,76
1453,69
1595,71
1658,76
1486,67
1479,65
1636,76
1716,77
1550,72
1736,78
1655,74
1700,77
1622,73
1725,78
1612,73
1710,76
1670,74
1717,78
1688,77
1681,75
1716,77
1651,73
1680,76
1715,78
1609,70
1715,78
1715,78
1715,78
1593,72
1609,74
1645,74
1509,70
1687,77
1680,73
1715,78
1573,70
1588,72
1577,72
1536,67
1598,74
1715,78
1717,78
1658,76
1693,77
1716,77
1679,76
1715,78
1715,78
1729,78
1674,75
1630,68
1669,75
1590,71
1484,67
1686,77
1594,70
1643,73
1717,78
1491,68
1707,76
1539,68
1690,77
1715,78
1697,77
1610,73
1626,71
1715,78
1452,67
1680,75
1679,76
1668,76
1700,77
1736,78
1725,76
1511,67
1595,73
1672,75
1567,72
1696,77
1583,72
1702,77
1701,75
1715,78
1719,78
1715,78
1736,78
1629,72
1470,68
1637,71
1581,71
1723,78
1562,71
1715,78
1522,69
1736,78
1586,70
1613,73
1526,69
1708,76
1598,73
1563,71
1523,69
1587,73
1539,71
1662,74
1711,77
1562,67
1719,78
1647,75
1715,78
1717,78
1715,78
1533,69
1630,74
1579,69
1519,69
1681,75
1694,74
1695,77
1596,74
1717,78
1615,70
1376,59
1715,78
1735,74
1715,78
1689,74
1691,77
1560,69
1485,67
1715,78
1614,73
1631,74
1587,69
1659,74
1685,77
1668,74
1682,75
1688,76
1524,69
1674,76
1669,76
1717,78
1696,77
1713,77
1715,78
1717,78
1723,78
1626,75
1483,65
1558,71
1648,75
1717,78
1551,72
1643,74
1493,69
1719,78
1439,66
1693,76
1566,72
1719,78
1733,78
1511,70
1690,77
1715,78
1629,73
1652,75
1473,70
1662,76
1556,70
1659,74
1530,69
1715,78
1651,72
1456,66
1694,77
1702,77
1679,75
1715,78
1520,66
1715,78
1715,78
1715,78
1715,78
1715,78
1539,68
1717,78
1650,75
1594,71
1715,78
1441,64
1696,73
1715,78
1695,77
1616,73
1670,76
1711,77
1549,68
1727,77
1721,78
1543,71
1614,73
1733,76
1632,74
1634,74
1715,78
1715,78
1465,67
1557,70
1733,78
1723,78
1612,74
1585,69
1562,72
1721,78
1636,76
1533,69
1676,75
1590,72
1693,77
1717,78
1713,77
1717,78
1701,77
1600,73
1489,67
1636,76
1501,65
1664,76
1474,70
1715,78
1593,73
1715,78
1656,75
1715,78
1557,70
1621,75
1577,71
1715,78
1690,77
1661,73
1507,68
1715,78
1513,69
1715,78
1537,71
1632,72
1634,74
1672,76
1664,76
1690,76
1631,75
1715,78
1713,78
1715,78
1604,73
1608,72
1646,72
1684,77
1684,76
1680,76
1525,66
1561,71
1631,71
1713,78
1593,72
1709,77
1642,74
1715,78
1428,66
1719,78
1573,71
1637,73
1687,76
1614,71
1595,73
1679,76
1604,71
1404,67
1696,77
1690,77
1715,78
1713,78
1715,78
1681,76
1593,72
1607,70
1523,68
1649,73
1720,77
1713,78
1605,71
1634,76
1464,65
1608,73
1627,73
1580,71
1713,78
1508,66
1691,77
1713,78
1583,73
1626,75
1713,78
1721,78
1665,76
1456,64
1717,78
1664,74
1649,74
1614,73
1713,78
1605,74
1457,69
1641,74
1715,78
1713,78
1595,70
1577,70
1603,71
1722,78
1715,78
1618,74
1674,73
1670,76
1629,74
1558,70
1725,78
1590,71
1616,73
1421,67
1649,75
1713,78
1686,77
1684,74
1713,78
1668,76
1717,78
1642,76
1715,78
1545,68
1683,74
1713,78
1713,78
1709,77
1713,78
1605,74
1559,72
1398,62
1475,69
1649,72
1537,71
1713,78
1646,72
1732,77
1690,77
1542,68
1634,76
1457,68
1403,66
1456,66
1713,78
1626,75
1638,74
1612,74
1662,76
1607,74
1576,71
1713,78
1709,77
1713,78
1481,66
1676,76
1659,75
1572,69
1511,67
1676,76
1697,77
1684,77
1694,77
1452,67
1581,70
1680,77
1670,76
1606,74
1565,69
1636,74
1724,78
1713,78
1605,71
1492,68
1450,69
1665,76
1719,78
1584,72
1713,78
1612,74
1685,77
1613,71
1593,72
1602,73
1679,76
1322,61
1732,77
1672,75
1581,68
1713,78
1632,75
1674,75
1334,62
1643,74
1651,75
1653,75
1441,63
1590,71
1559,71
1695,77
1691,75
1634,71
1620,75
1583,69
1529,67
1508,68
1568,71
1713,78
1711,78
1711,78
1711,78
1691,77
1711,78
1583,72
1507,69
1721,78
1670,76
1670,76
1713,78
1678,76
1559,71
1686,77
1666,76
1512,67
1678,76
1711,78
1563,71
1711,78
1701,76
1663,76
1622,73
1699,76
1648,75
1720,72
1505,68
1691,77
1523,66
1715,78
1632,76
1623,75
1711,78
1475,67
1455,69
1711,78
1711,78
1536,71
1632,76
1482,68
1688,77
1610,74
1711,78
1515,68
1598,73
1625,74
1711,78
1538,70
1591,72
1711,78
1711,78
1653,75
1711,78
1713,78
1600,72
1664,76
1660,75
1642,76
1711,78
1711,78
1694,77
1690,75
1471,67
1713,78
1436,68
1623,75
1652,76
1663,76
1577,73
1661,74
1693,77
1641,75
1711,78
1713,77
1711,78
1711,78
1609,68
1574,73
1643,72
1658,76
1498,70
1688,77
1666,76
1471,66
1628,74
1630,75
1711,78
1590,72
1634,76
1711,78
1636,72
1596,74
1643,75
1630,75
1715,78
1587,72
1657,75
1468,69
1711,78
1719,78
1711,78
1711,78
1719,78
1568,70
1642,72
1688,77
1709,76
1711,78
1711,78
1672,74
1711,78
1664,74
1439,66
1616,75
1683,76
1711,78
1664,74
1711,78
1711,78
1620,75
1715,78
1614,73
1557,71
1713,78
1638,75
1715,78
1719,78
1638,75
1552,71
1509,63
1504,68
1635,73
1526,69
1688,77
1676,76
1730,78
1641,75
1711,78
1670,76
1694,77
1682,77
1711,78
1711,78
1684,75
1522,71
1693,77
1713,78
1568,69
1711,78
1637,75
1717,78
1510,67
1593,69
1711,78
1613,73
1377,64
1561,72
1711,78
1719,78
1612,71
1641,71
1638,75
1609,74
1572,70
1694,77
1723,78
1688,77
1711,78
1685,77
1711,78
1640,75
1423,66
1711,78
1716,75
1608,72
1373,63
1580,72
1454,69
1711,78
1517,70
1663,76
1682,77
1638,73
1713,78
1572,73
1377,65
1693,77
1632,76
1477,65
1558,72
1732,78
1588,71
1644,76
1603,73
1661,76
1490,66
1474,69
1652,74
1507,68
1719,78
1710,77
1711,78
1711,78
1742,78
1693,77
1566,69
1579,70
1471,66
1681,76
1660,75
1711,78
1691,77
1518,70
1648,74
1616,75
1716,77
1711,78
1622,74
1592,72
1711,78
1483,69
1539,70
1713,78
1475,68
1479,67
1448,63
1635,74
1650,74
1713,77
1564,71
1685,77
1692,77
1670,76
1670,76
1711,78
1550,69
1693,77
1683,77
1415,67
1464,67
1611,74
1615,75
1454,69
1591,70
1668,75
1711,78
1711,78
1595,73
1539,69
1447,69
1509,70
1711,78
1646,75
1717,78
1467,68
1682,76
1718,77
1707,76
1466,66
1654,76
1395,66
1671,76
1712,78
1711,78
1614,74
1711,78
1715,78
1630,72
1659,76
1717,78
1377,64
1443,64
1713,78
1711,78
1599,74
1508,68
1651,76
1714,78
1583,72
1625,73
1688,77
1711,78
1717,78
1476,67
1715,78
1551,72
1488,67
1582,73
1668,76
1689,77
1587,73
1602,73
1424,67
1533,71
1560,69
1711,78
1627,74
1711,78
1639,74
1713,78
1707,77
1676,77
1711,78
1517,68
1715,77
1662,72
1608,72
1638,75
1665,76
1615,74
1557,73
1693,77
1682,77
1622,74
1614,75
1690,77
1381,61
1711,78
1605,69
1575,70
1553,68
1646,75
1712,78
1711,78
1713,75
1677,75
1569,70
1711,78
1613,72
1693,77
1711,78
1607,72
1694,77
1586,73
1711,78
1711,78
1353,63
1570,71
1711,78
1614,73
1657,73
1466,66
1553,72
1494,69
1713,78
1717,78
1578,73
1672,75
1711,78
1595,73
1724,78
1623,73
1552,68
1678,76
1644,72
1662,75
1658,76
1651,73
1711,78
1719,78
1643,75
1599,72
1522,70
1473,67
1506,71
1619,73
1636,76
1644,74
1658,74
1711,78
1650,74
1711,78
1613,70
1275,60
1610,74
1673,76
1418,68
1696,77
1702,72
1505,66
1597,71
1630,74
1587,73
1564,72
1719,78
1715,78
1717,78
1606,72
1711,78
1633,75
1491,67
1538,67
1696,77
1684,77
1686,77
1715,78
1552,72
1632,73
1646,73
1642,75
1715,78
1562,71
1717,78
1704,77
1582,69
1599,70
1643,74
1717,78
1545,70
1603,72
1619,72
1640,74
1682,77
1636,75
1417,67
1682,77
1656,76
1544,69
1721,78
1475,65
1665,75
1491,68
1711,78
1719,78
1711,78
1699,77
1657,73
1609,73
1533,69
1685,76
1615,74
1682,77
1715,78
1681,77
1711,78
1691,77
1663,76
1596,74
1533,69
1453,66
1444,67
1583,72
1711,78
1571,71
1553,70
1487,69
1541,70
1646,75
1711,78
1585,72
1607,74
1640,73
1485,70
1467,67
1403,64
1665,75
1717,78
1646,74
1487,65
1643,74
1653,72
1644,75
1660,75
1464,67
1589,72
1711,78
1725,78
1653,71
1711,78
1639,74
1557,69
1711,78
1711,78
1647,75
1613,74
1578,68
1613,73
1570,70
1682,77
1658,76
1711,78
1711,78
1598,74
1460,68
1711,78
1715,78
1496,70
1601,73
1711,78
1711,78
1711,78
1647,74
1521,69
1630,75
1713,78
1448,68
1559,71
1711,78
1519,68
1711,78
1620,73
1464,70
1632,72
1729,77
1479,69
1711,78
1674,76
1659,76
1640,74
1504,71
1593,70
1434,65
1500,66
1548,71
1697,77
1723,78
1644,76
1658,76
1711,78
1711,78
1646,76
1711,78
1720,78
1625,73
1647,74
1711,78
1710,78
1616,72
1630,74
1666,75
1710,78
1644,74
1712,78
1391,64
1625,74
1710,78
1558,71
1648,75
1710,78
1710,78
1710,78
1542,68
1581,70
1603,72
1514,69
1710,78
1710,78
1529,70
1461,66
1621,74
1613,75
1479,66
1693,77
1638,76
1601,73
1621,73
1533,65
1512,70
1697,77
1710,78
1631,75
1604,74
1469,65
1503,68
1702,77
1750,78
1687,77
1638,74
1710,78
1593,74
1536,71
1631,76
1710,78
1444,65
1631,75
1683,76
1644,74
1685,77
1697,77
1621,75
1499,71
1607,75
1681,77
1687,77
1508,69
1572,72
1624,75
1710,78
1716,78
1718,78
1713,78
1710,78
1710,78
1564,69
1703,77
1754,78
1710,78
1661,76
1659,76
1510,69
1680,76
1710,78
1589,70
1710,78
1710,78
1718,78
1543,71
1710,78
1601,72
1710,78
1628,75
1582,73
1654,75
1586,70
1712,78
1696,77
1658,76
1710,78
1710,78
1382,62
1636,73
1643,75
1619,73
1499,66
1539,69
1625,74
1500,69
1671,76
1710,78
1714,78
1484,65
1633,75
1518,71
1687,77
1627,73
1603,74
1710,78
1697,76
1617,74
1654,75
1710,78
1631,74
1728,75
1621,74
1573,72
1703,77
1566,71
1649,73
1713,78
1711,78
1722,78
1711,78
1459,65
1660,74
1710,78
1733,78
1484,68
1667,76
1586,73
1554,71
1564,71
1685,77
1539,66
1504,65
1710,78
1580,71
1614,75
1710,78
1624,75
1712,78
1589,73
1681,76
1677,77
1545,71
1388,64
1682,75
1632,72
1684,77
1685,75
1669,75
1710,78
1681,74
1668,76
1569,70
1710,78
1669,74
1693,75
1644,75
1710,78
1518,71
1710,78
1488,65
1710,78
1718,78
1710,78
1586,73
1650,76
1710,78
1515,68
1609,74
1599,71
1452,65
1710,78
1488,66
1712,78
1728,78
1680,75
1716,78
1446,65
1710,78
1686,76
1521,68
1710,78
1684,77
1710,78
1710,78
1710,78
1600,73
1710,78
1639,76
1600,74
1528,68
1452,68
1646,76
1570,67
1283,59
1712,78
1657,73
1714,78
1497,68
1664,74
1710,78
1563,73
1557,69