1347,60
1362,60
1353,60
1432,61
1408,61
1363,59
1553,65
1413,62
1377,62
1561,64
1551,65
1366,60
1570,65
1496,64
1451,62
1544,66
1281,57
1586,65
1329,59
1397,62
1479,66
1356,59
1447,66
1290,58
1310,61
1420,67
1486,63
1313,57
1420,67
1507,67
1510,67
1538,66
1489,68
1291,61
1336,64
1416,63
1497,68
1407,62
1452,66
1521,68
1341,62
1456,67
1482,67
1493,67
1477,67
1359,61
1466,66
1445,65
1491,68
1420,66
1488,68
1495,69
1392,65
1407,66
1432,65
1333,62
1486,67
1422,65
1382,64
1472,68
1439,66
1298,62
1393,66
1440,67
1483,63
1521,69
1512,69
1451,68
1471,68
1526,69
1520,69
1306,63
1459,68
1335,64
1468,68
1456,67
1505,69
1497,66
1378,65
1554,68
1617,70
1420,65
1436,66
1611,70
1568,67
1564,68
1463,67
1651,70
1501,67
1461,66
1363,65
1692,73
1500,67
1572,70
1692,73
1359,61
1642,71
1486,66
1623,71
1700,70
1404,66
1474,67
1676,71
1600,72
1710,73
1400,63
1487,67
1695,73
1659,72
1718,73
1661,72
1551,70
1535,69
1213,56
1474,65
1446,62
1651,71
1614,71
1763,72
1630,71
1470,65
1592,68
1665,72
1692,73
1569,68
1665,72
1643,70
1501,67
1671,72
1683,72
1534,67
1594,69
1461,66
1434,63
1604,71
1637,72
1582,70
1659,73
1456,61
1666,73
1428,62
1578,68
1507,69
1499,67
1661,73
1690,73
1514,67
1503,67
1625,72
1661,73
1602,68
1665,73
1619,70
1607,71
1586,71
1379,63
1736,74
1551,69
1603,70
1507,68
1557,71
1495,66
1699,72
1560,67
1764,74
1627,71
1598,68
1683,70
1647,72
1469,66
1783,75
1661,71
1428,64
1719,74
1493,66
1653,71
1678,75
1585,70
1407,64
1684,74
1591,71
1585,72
1616,72
1719,75
1637,72
1764,76
1453,66
1641,72
1730,75
1693,74
1567,69
1310,60
1577,70
1711,73
1462,68
1650,70
1672,72
1524,70
1681,73
1495,68
1788,76
1586,71
1562,67
1764,76
1604,70
1515,68
1648,72
1688,74
1532,69
1748,76
1561,72
1564,69
1748,76
1627,73
1700,75
1657,74
1551,70
1739,75
1748,76
1779,76
1664,72
1683,74
1686,73
1670,73
1560,68
1639,72
1575,70
1686,72
1491,66
1510,69
1697,75
1605,73
1673,73
1548,70
1644,73
1674,73
1586,70
1734,76
1548,73
1652,75
1670,76
1521,71
1493,69
1581,72
1615,73
1459,69
1596,71
1612,72
1461,69
1543,71
1464,70
1425,66
1549,72
1425,68
1588,73
1667,75
1550,71
1512,69
1556,73
1674,76
1562,70
1652,74
1442,65
1591,72
1468,70
1705,77
1417,66
1519,68
1710,77
1562,74
1592,73
1577,72
1476,67
1485,69
1552,71
1512,70
1429,69
1549,69
1516,70
1486,69
1576,73
1647,76
1553,71
1677,76
1675,74
1397,64
1660,75
1420,66
1469,69
1561,71
1582,72
1411,66
1473,69
1572,72
1476,68
1672,76
1514,69
1628,74
1547,72
1337,65
1521,70
1331,64
1631,74
1617,72
1490,69
1705,77
1555,71
1551,71
1613,74
1430,67
1502,68
1615,75
1602,71
1530,69
1519,69
1653,75
1665,75
1447,66
1557,72
1512,68
1566,73
1437,65
1569,73
1654,74
1506,72
1614,71
1705,77
1643,71
1619,74
1491,71
1501,72
1689,76
1476,70
1458,68
1541,71
1665,76
1705,77
1546,72
1508,68
1518,69
1552,72
1450,67
1659,75
1682,77
1645,75
1546,73
1308,63
1499,71
1607,73
1588,73
1616,76
1468,70
1544,72
1681,76
1655,77
1514,71
1564,74
1655,77
1566,72
1604,76
1544,70
1552,73
1535,70
1509,72
1554,71
1297,62
1359,64
1620,75
1502,70
1365,65
1655,77
1377,67
1338,64
1632,76
1436,69
1563,73
1365,66
1397,64
1577,75
1513,69
1451,70
1630,76
1520,73
1411,66
1372,65
1517,73
1508,72
1534,70
1404,68
1526,73
1615,75
1533,73
1441,70
1651,77
1514,67
1523,73
1558,73
1472,72
1534,72
1644,77
1574,74
1569,74
1519,70
1644,77
1389,65
1631,75
1509,69
1273,62
1445,70
1628,76
1478,64
1414,68
1471,69
1500,72
1429,66
1538,71
1438,65
1644,77
1475,67
1668,77
1617,76
1487,70
1565,74
1607,75
1461,70
1564,75
1615,76
1548,71
1526,69
1420,65
1563,76
1595,73
1557,74
1557,74
1623,76
1434,66
1562,73
1564,74
1612,74
1590,75
1626,75
1519,73
1528,71
1514,72
1512,72
1538,72
1407,66
1537,72
1442,68
1448,69
1549,74
1615,75
1565,74
1578,74
1624,76
1378,67
1611,76
1501,69
1485,68
1680,78
1447,67
1676,78
1490,73
1373,65
1410,67
1470,69
1520,71
1491,70
1546,74
1545,72
1547,74
1417,66
1432,71
1667,76
1454,68
1507,71
1535,73
1360,66
1523,73
1621,76
1681,77
1715,78
1701,78
1419,69
1508,72
1671,76
1450,68
1552,74
1621,74
1573,74
1652,77
1635,77
1518,69
1444,68
1451,67
1549,74
1552,73
1656,75
1359,68
1423,68
1579,71
1328,65
1321,66
1647,77
1723,79
1566,74
1605,74
1575,74
1575,73
1699,77
1666,77
1494,71
1610,75
1723,79
1379,67
1601,75
1523,73
1496,68
1607,76
1460,70
1432,68
1556,73
1517,71
1636,74
1634,75
1599,75
1707,78
1525,71
1621,76
1664,77
1503,72
1438,68
1470,67
1421,66
1448,67
1584,74
1725,79
1481,69
1680,77
1427,66
1712,78
1489,72
1476,68
1499,71
1495,69
1680,77
1702,77
1533,71
1721,79
1626,76
1483,72
1441,69
1483,70
1557,69
1663,77
1645,76
1709,78
1664,76
1626,75
1689,78
1480,70
1458,70
1721,78
1691,76
1488,69
1646,77
1457,71
1619,74
1546,72
1639,77
1517,70
1409,70
1588,74
1614,74
1609,75
1553,74
1436,68
1585,73
1570,73
1706,78
1705,78
1545,72
1602,74
1638,77
1590,74
1445,68
1636,73
1607,75
1702,72
1484,70
1632,74
1707,76
1559,72
1721,79
1668,77
1559,74
1495,69
1494,73
1481,71
1583,73
1664,76
1450,69
1592,73
1680,76
1512,73
1569,74
1470,70
1523,71
1568,72
1672,76
1488,70
1500,71
1521,72
1652,76
1670,77
1573,75
1461,69
1698,78
1598,72
1719,79
1382,66
1687,74
1601,74
1514,71
1631,74
1640,72
1465,66
1704,78
1440,68
1715,75
1658,77
1602,75
1569,76
1545,74
1627,76
1634,76
1648,75
1683,77
1683,76
1451,68
1654,76
1482,68
1505,71
1625,75
1664,77
1709,77
1779,79
1650,77
1481,68
1578,74
1485,68
1776,80
1497,71
1425,67
1776,80
1694,74
1509,69
1705,78
1512,69
1562,71
1725,79
1625,75
1764,80
1766,80
1668,74
1546,71
1570,73
1718,77
1577,74
1535,72
1642,76
1747,77
1731,78
1691,75
1465,69
1636,76
1729,79
1519,71
1492,71
1422,67
1589,75
1766,80
1721,77
1562,73
1515,71
1605,75
1493,72
1646,75
1685,78
1748,79
1525,71
1791,81
1570,73
1580,72
1767,81
1499,71
1681,75
1685,75
1707,79
1714,77
1601,73
1513,72
1713,79
1625,74
1510,72
1592,72
1857,82
1522,69
1751,78
1509,67
1855,81
1450,68
1859,82
1532,71
1842,80
1787,79
1682,78
1596,74
1719,77
1426,67
1424,68
1686,76
1833,82
1741,79
1778,80
1818,81
1831,82
1522,73
1667,76
1724,78
1590,73
1735,78
1577,74
1737,80
1542,72
1705,77
1583,73
1609,75
1594,72
1775,80
1552,73
1821,80
1763,79
1575,72
1708,75
1736,79
1800,79
1603,73
1797,81
1470,72
1563,70
1648,75
1574,73
1526,72
1728,78
1625,73
1701,79
1724,76
1478,68
1620,74
1779,78
1675,76
1851,83
1452,68
1647,76
1686,78
1441,68
1701,80
1853,83
1759,79
1804,80
1552,73
1751,78
1649,78
1764,80
1581,74
1391,68
1822,81
1454,67
1799,81
1573,74
1771,80
1800,80
1533,73
1875,83
1765,80
1748,78
1586,73
1439,68
1789,81
1757,79
1678,75
1749,80
1707,75
1627,74
1535,71
1589,72
1813,82
1504,72
1447,70
1722,77
1569,73
1643,76
1710,78
1733,80
1700,77
1691,76
1556,71
1779,80
1555,72
1496,71
1750,79
1705,77
1456,69
1886,83
1572,73
1688,77
1681,77
1778,81
1749,79
1827,82
1813,82
1528,71
1661,76
1745,78
1458,69
1433,66
1652,73
1643,74
1651,75
1788,81
1688,77
1806,80
1851,83
1552,71
1595,71
1529,72
1632,76
1563,74
1703,79
1718,79
1475,73
1589,72
1759,79
1477,71
1423,65
1775,79
1727,79
1699,78
1684,73
1635,75
1762,78
1510,71
1685,74
1426,68
1529,73
1500,70
1669,77
1823,82
1805,82
1610,73
1637,76
1623,75
1551,70
1763,80
1641,75
1598,72
1597,74
1559,71
1535,72
1541,72
1773,80
1591,72
1488,70
1749,79
1602,75
1851,83
1720,79
1438,68
1661,77
1701,78
1773,79
1387,67
1804,82
1714,78
1822,82
1583,73
1756,79
1703,77
1700,78
1642,73
1449,69
1768,79
1699,76
1721,77
1845,82
1801,81
1693,78
1743,79
1713,77
1460,67
1815,82
1619,72
1614,76
1676,77
1464,70
1464,69
1551,72
1630,76
1434,69
1762,79
1589,73
1859,83
1543,68
1730,79
1647,76
1582,74
1451,69
1823,82
1789,81
1771,81
1800,82
1538,71
1645,77
1703,78
1663,75
1575,75
1451,72
1761,77
1700,79
1674,76
1665,78
1806,82
1484,72
1688,77
1819,82
1528,71
1765,79
1821,81
1860,82
1768,80
1668,75
1781,78
1611,75
1653,76
1688,76
1874,83
1760,80
1513,69
1635,76
1744,77
1751,81
1581,74
1702,78
1786,80
1433,70
1840,82
1638,74
1809,81
1681,76
1545,72
1741,79
1832,82
1696,78
1454,67
1453,68
1598,76
1685,77
1826,82
1694,78
1654,76
1758,79
1710,78
1853,83
1704,77
1692,78
1773,80
1698,77
1585,71
1802,81
1776,80
1842,82
1388,66
1528,70
1646,73
1826,82
1609,72
1665,77
1637,73
1665,76
1838,81
1794,81
1497,70
1544,72
1722,79
1706,79
1504,70
1699,78
1771,80
1760,79
1652,73
1584,74
1741,78
1714,77
1691,77
1692,78
1624,74
1693,77
1429,68
1796,81
1849,83
1669,76
1828,82
1659,77
1695,76
1568,72
1732,78
1606,73
1691,77
1753,80
1847,83
1766,77
1729,80
1699,77
1817,82
1582,76
1573,73
1804,82
1708,77
1719,78
1766,78
1801,82
1800,82
1700,77
1680,79
1340,67
1497,71
1716,76
1815,82
1580,70
1592,73
1851,83
1466,68
1584,74
1780,81
1546,73
1744,80
1412,69
1847,82
1632,76
1530,74
1515,70
1851,83
1557,72
1825,82
1792,81
1650,76
1405,68
1750,80
1636,75
1506,73
1475,69
1835,81
1452,67
1375,65
1748,78
1847,83
1659,78
1674,78
1454,68
1495,69
1755,79
1652,77
1843,83
1531,72
1415,70
1798,80
1569,74
1843,83
1501,72
1761,81
1639,76
1495,72
1509,69
1654,76
1735,79
1625,76
1855,83
1764,79
1607,72
1658,76
1459,71
1701,78
1807,81
1620,77
1649,75
1819,81
1612,73
1686,77
1753,79
1839,82
1706,78
1573,70
1431,68
1656,77
1644,76
1742,79
1843,83
1847,82
1700,79
1531,71
1843,82
1642,76
1853,83
1756,80
1707,79
1537,74
1553,72
1695,76
1532,69
1552,73
1487,68
1767,80
1714,76
1770,79
1529,72
1607,74
1843,83
1431,68
1734,79
1820,81
1857,83
1845,83
1650,76
1723,78
1457,67
1454,69
1845,83
1651,75
1805,80
1557,72
1692,78
1744,80
1841,83
1834,83
1696,77
1507,72
1560,73
1752,80
1441,69
1742,80
1690,77
1420,70
1516,71
1625,76
1783,80
1775,81
1597,75
1702,80
1634,73
1662,76
1460,69
1648,73
1520,72
1782,81
1302,60
1682,78
1676,77
1708,76
1805,81
1765,79
1662,73
1634,76
1845,82
1653,74
1813,82
1739,80
1690,75
1427,69
1456,69
1588,75
1778,81
1222,61
1767,81
1517,74
1836,83
1707,78
1752,76
1592,75
1592,74
1812,81
1768,81
1765,81
1767,80
1431,65
1737,80
1612,74
1838,83
1659,75
1387,64
1667,78
1745,80
1531,69
1665,76
1776,79
1699,78
1644,78
1805,80
1816,82
1529,74
1836,83
1907,83
1662,76
1314,66
1834,83
1619,75
1664,77
1686,76
1723,79
1830,83
1669,78
1736,77
1772,79
1858,81
1698,78
1756,80
1694,78
1708,78
1803,80
1830,83
1633,75
1788,81
1863,83
1704,78
1432,69
1802,81
1516,73
1646,74
1748,79
1520,73
1591,76
1769,81
1804,82
1645,77
1709,79
1758,79
1771,80
1624,72
1541,72
1830,83
1832,82
1716,75
1588,74
1706,78
1830,83
1682,79
1511,72
1525,74
1564,73
1666,76
1832,83
1764,81
1832,83
1773,80
1774,80
1618,74
1737,78
1596,74
1374,68
1761,81
1550,74
1745,80
1655,77
1480,68
1830,83
1485,71
1542,73
1870,83
1723,78
1500,70
1677,74
1762,80
1268,62
1650,76
1526,71
1698,78
1716,77
1690,77
1661,78
1728,78
1483,71
1783,80
1646,75
1827,82
1658,77
1558,71
1663,77
1729,79
1802,82
1586,74
1778,82
1556,71
1561,70
1630,74
1728,79
1851,82
1820,81
1727,79
1823,83
1624,77
1481,71
1655,78
1421,69
1698,76
1696,79
1709,77
1657,75
1577,75
1572,70
1786,81
1688,79
1488,71
1715,76
1677,77
1533,71
1711,79
1777,80
1469,69
1764,80
1579,76
1497,71
1621,74
1819,83
1506,71
1408,69
1453,70
1654,75
1695,79
1657,72
1751,79
1654,76
1596,76
1474,72
1612,74
1574,73
1555,69
1762,80
1630,73
1856,84
1715,78
1578,74
1680,77
1719,77
1580,74
1654,76
1739,80
1727,80
1866,83
1816,83
1858,84
1760,80
1806,82
1557,73
1565,73
1775,81
1686,79
1632,74
1856,84
1615,75
1670,74
1639,76
1572,73
1773,81
1678,78
1711,77
1636,75
1592,75
1779,79
1704,76
1648,76
1612,74
1783,79
1793,81
1861,83
1575,72
1853,83
1818,79
1359,65
1635,77
1517,73
1858,84
1662,78
1657,76
1524,72
1783,81
1888,84
1816,83
1644,75
1485,70
1593,73
1763,80
1866,84
1619,75
1770,81
1680,75
1857,83
1633,76
1596,72
1626,76
1581,72
1600,74
1649,72
1572,73
1628,75
1659,76
1895,84
1562,72
1632,77
1826,83
1739,79
1884,84
1606,73
1880,83
1668,77
1680,78
1446,69
1698,76
1453,69
1824,83
1640,75
1519,70
1644,76
1726,78
1583,72
1760,79
1580,73
1725,77
1739,79
1676,78
1864,84
1727,79
1596,73
1669,77
1544,72
1723,78
1856,84
1758,79
1598,73
1543,72
1647,74
1452,68
1585,74
1856,84
1772,80
1515,68
1722,78
1661,75
1842,83
1492,69
1585,73
1787,81
1585,75
1784,80
1812,81
1517,71
1607,73
1626,73
1739,79
1798,81
1544,73
1708,79
1841,81
1563,74
1858,84
1586,76
1827,82
1738,78
1725,79
1908,84
1526,72
1856,84
1838,81
1838,82
1791,82
1596,74
1631,76
1813,83
1657,76
1807,81
1472,70
1640,74
1713,77
1628,76
1690,77
1815,81
1759,79
1567,73
1637,77
1749,79
1528,73
1600,73
1564,73
1802,81
1711,76
1824,81
1490,71
1585,71
1538,73
1551,72
1538,71
1856,84
1689,76
1683,76
1596,73
1554,71
1676,75
1594,74
1478,69
1749,78
1594,73
1423,70
1557,72
1607,73
1700,77
1835,82
1856,84
1867,83
1686,78
1525,71
1629,74
1415,68
1789,81
1466,72
1570,70
1862,84
1699,79
1764,78
1532,73
1537,72
1508,68
1601,72
1886,82
1520,70
1534,73
1726,78
1518,71
1686,76
1745,80
1845,82
1808,81
1573,73
1712,76
1676,76
1633,76
1610,76
1720,76
1802,82
1806,82
1566,73
1615,72
1834,83
1765,79
1689,78
1856,84
1732,79
1724,80
1878,83
1794,79
1731,77
1486,71
1784,81
1667,76
1708,77
1605,75
1709,79
1698,76
1623,74
1765,80
1871,82
1468,73
1642,74
1687,77
1598,73
1639,77
1475,69
1771,79
1781,80
1368,67
1785,82
1490,68
1797,81
1629,74
1455,68
1617,73
1610,76
1867,82
1682,74
1540,72
1770,79
1262,62
1791,81
1821,82
1623,71
1800,81
1554,71
1703,78
1612,76
1802,80
1821,82
1640,75
1818,82
1746,79
1681,78
1528,73
1860,84
1524,71
1687,74
1881,83
1790,81
1686,78
1675,75
1617,75
1684,77
1668,77
1721,77
1682,76
1642,74
1809,79
1465,70
1515,71
1860,84
1878,84
1776,81
1534,71
1531,71
1575,72
1768,79
1364,65
1632,74
1599,73
1707,76
1462,69
1822,80
1832,83
1622,75
1716,78
1801,79
1887,83
1761,78
1549,70
1720,77
1613,74
1693,76
1530,71
1803,80
1864,84
1616,75
1646,74
1789,80
1553,73
1676,76
1624,72
1773,79
1344,64
1841,82
1673,74
1829,81
1697,76
1586,71
1476,71
1502,69
1791,79
1722,78
1761,80
1613,75
1761,78
1624,75
1670,77
1801,80
1352,65
1826,83
1622,75
1841,81
1744,77
1587,72
1488,71
1697,79
1749,81
1662,75
1344,65
1837,82
1609,74
1801,81
1751,81
1335,65
1563,73
1703,79
1664,76
1610,71
1715,78
1580,74
1759,79
1711,76
1828,82
1858,84
1832,82
1704,79
1648,76
1576,75
1671,77
1854,84
1618,73
1567,73
1881,83
1767,79
1527,72
1525,72
1586,73
1584,70
1854,84
1840,83
1790,78
1724,78
1793,82
1625,73
1846,83
1540,71
1505,70
1858,84
1435,67
1818,81
1741,79
1604,74
1651,74
1771,78
1709,77
1592,73
1905,83
1775,80
1608,75
1610,73
1856,84
1564,72
1672,76
1363,63
1806,81
1408,69
1830,81
1582,73
1525,71
1618,74
1693,78
1772,81
1611,73
1578,70
1711,77
1856,84
1914,85
1604,72
1393,66
1729,77
1804,81
1910,85
1827,83
1881,83
1748,76
1512,71
1743,80
1611,74
1833,82
1562,74
1851,81
1738,78
1803,79
1835,82
1867,83
1564,72
1758,80
1827,80
1559,70
1499,69
1701,76
1760,78
1548,72
1690,76
1499,69
1435,66
1676,78
1462,69
1448,69
1757,79
1499,68
1845,82
1486,70
1532,70
1548,72
1582,73
1751,79
1916,85
1633,74
1708,76
1869,82
1763,77
1689,78
1753,80
1822,80
1424,68
1641,75
1878,84
1692,77
1745,80
1746,76
1739,79
1786,80
1877,83
1868,83
1676,77
1892,83
1669,77
1616,74
1595,71
1828,83
1587,75
1910,85
1890,84
1880,84
1771,78
1608,73
1761,79
1553,72
1618,74
1804,81
1912,85
1347,63
1684,78
1908,85
1595,71
1822,81
1796,79
1752,80
1813,82
1715,78
1831,81
1434,68
1527,72
1596,72
1681,78
1536,71
1613,75
1629,76
1652,75
1747,78
1589,73
1663,76
1649,74
1852,82
1742,78
1840,82
1499,70
1645,76
1769,80
1556,68
1540,73
1790,81
1799,80
1558,72
1862,82
1787,81
1720,77
1391,67
1703,78
1908,85
1425,70
1828,81
1653,75
1541,72
1709,79
1695,78
1640,77
1487,68
1908,85
1519,70
1647,77
1306,63
1837,82
1393,65
1326,67
1422,70
1571,73
1908,85
1679,76
1464,70
1844,81
1344,64
1619,76
1867,84
1632,74
1693,75
1875,83
1633,74
1502,68
1606,73
1912,84
1247,64
1920,85
1771,79
1648,75
1641,75
1426,70
1596,74
1707,77
1786,81
1510,72
1736,79
1662,77
1807,80
1918,85
1796,80
1539,73
1569,72
1602,74
1647,76
1651,77
1421,70
1640,75
1638,75
1846,83
1883,84
1645,74
1530,73
1632,76
1606,75
1565,73
1642,76
1775,80
1656,77
1447,68
1784,80
1775,80
1601,74
1914,85
1572,74
1908,85
1686,77
1825,82
1514,72
1508,70
1670,75
1635,75
1517,71
1773,80
1820,83
1779,82
1696,78
1485,70
1614,72
1853,83
1749,81
1625,76
1802,80
1884,83
1896,85
1426,69
1716,76
1839,82
1714,78
1604,74
1814,82
1682,77
1702,78
1528,73
1748,81
1573,73
1896,85
1635,75
1491,69
1849,83
1908,85
1557,73
1602,74
1802,81
1898,85
1853,83
1657,77
1860,83
1688,76
1644,77
1866,84
1827,83
1904,85
1677,78
1552,74
1701,76
1679,78
1461,71
1735,78
1790,82
1581,74
1896,85
1698,78
1610,76
1896,85
1588,71
1716,76
1660,76
1701,79
1825,82
1862,84
1767,79
1503,71
1673,75
1673,76
1718,77
1688,78
1471,70
1619,76
1462,69
1873,84
1700,79
1885,84
1707,77
1892,85
1686,77
1551,74
1861,84
1830,83
1696,78
1608,74
1855,84
1880,84
1563,68
1709,77
1683,78
1796,81
1574,71
1702,78
1516,72
1623,74
1741,79
1575,75
1659,76
1728,78
1719,78
1865,84
1676,78
1824,81
1836,83
1462,68
1747,80
1812,83
1664,77
1790,82
1603,73
1612,75
1813,82
1581,73
1840,83
1659,76
1751,80
1497,71
1654,78
1680,79
1647,75
1793,80
1750,81
1657,74
1665,76
1835,83
1610,75
1445,71
1540,74
1822,83
1912,85
1465,71
1712,79
1613,76
1435,69
1345,66
1790,82
1830,82
1541,73
1465,70
1892,85
1603,74
1613,76
1832,83
1602,73
1616,75
1824,82
1766,81
1892,85
1591,74
1711,79
1632,73
1574,74
1507,72
1646,78
1646,76
1362,67
1663,76
1816,83
1708,78
1826,83
1895,84
1837,83
1767,81
1902,85
1820,82
1635,74
1863,83
1643,76
1849,84
1776,79
1506,72
1871,83
1830,81
1586,75
1473,67
1671,77
1684,76
1684,78
1714,77
1575,73
1591,74
1628,75
1705,79
1818,82
1582,73
1409,65
1900,85
1858,83
1659,72
1520,71
1692,76
1651,77
1462,69
1811,82
1682,77
1892,85
1709,79
1328,66
1556,74
1843,83
1639,74
1861,84
1899,84
1788,81
1639,74
1783,80
1890,83
1492,72
1909,84
1854,83
1631,77
1544,73
1444,68
1591,73
1902,85
1654,77
1783,80
1868,84
1850,82
1671,75
1499,72
1715,78
1730,79
1684,78
1797,82
1573,72
1898,85
1846,83
1467,67
1728,79
1633,75
1874,85
1607,72
1851,83
1507,72
1764,77
1694,79
1522,71
1475,68
1618,76
1409,67
1783,82
1639,77
1692,79
1696,77
1699,79
1897,84
1769,81
1514,72
1744,80
1825,82
1733,80
1622,76
1730,79
1747,79
1874,85
1850,83
1677,79
1579,73
1868,84
1744,81
1648,77
1496,70
1501,70
1440,65
1564,74
1679,74
1489,71
1517,73
1882,85
1664,78
1542,74
1720,79
1582,74
1851,83
1732,79
1876,85
1642,75
1555,74
1720,80
1444,71
1812,83
1479,69
1374,69
1785,81
1689,77
1614,75
1644,78
1762,81
1771,79
1687,78
1871,83
1581,73
1824,83
1550,74
1789,80
1905,85
1800,83
1810,83
1874,85
1673,77
1524,73
1754,79
1780,82
1535,72
1701,79
1534,73
1854,83
1674,78
1779,81
1687,78
1802,80
1829,81
1554,75
1467,72
1563,74
1751,81
1495,73
1762,79
1898,85
1457,71
1519,72
1607,75
1670,76
1403,66
1462,69
1700,78
1803,83
1874,85
1865,84
1477,67
1548,73
1525,73
1714,80
1712,78
1822,83
1584,73
1725,79
1590,75
1835,83
1638,78
1842,83
1686,78
1543,75
1761,81
1754,81
1564,74
1699,80
1643,76
1705,78
1529,74
1798,82
1368,67
1876,85
1598,74
1874,85
1603,75
1554,73
1484,71
1653,78
1452,69
1703,77
1871,84
1717,79
1742,80
1468,71
1812,83
1874,85
1591,76
1710,79
1706,80
1907,85
1734,80
1683,75
1849,84
1400,69
1877,84
1664,76
1712,77
1485,70
1321,61
1584,75
1791,80
1755,80
1848,84
1459,70
1883,82
1565,75
1581,74
1412,69
1503,74
1808,81
1669,76
1598,75
1637,76
1874,85
1768,79
1652,76
1856,83
1431,69
1698,80
1825,83
1854,83
1528,70
1562,74
1715,79
1399,67
1874,84
1525,70
1874,85
1544,74
1827,83
1874,85
1775,82
1357,68
1843,84
1721,78
1651,76
1412,67
1692,78
1467,71
1549,74
1731,78
1876,83
1570,74
1542,72
1819,82
1697,76
1625,78
1874,85
1874,85
1548,71
1515,72
1861,84
1841,84
1530,75
1523,74
1882,85
1610,76
1529,72
1765,81
1685,75
1802,82
1874,85
1521,70
1803,81
1857,82
1467,71
1846,82
1801,81
1610,72
1497,69
1883,83
1878,85
1798,81
1714,78
1765,81
1802,83
1519,71
1820,83
1524,70
1571,74
1440,70
1660,76
1874,85
1773,82
1688,77
1553,74
1572,74
1750,80
1786,80
1425,68
1425,67
1735,76
1867,84
1640,74
1831,82
1644,76
1796,81
1874,85
1821,82
1874,85
1568,73
1499,73
1900,85
1688,77
1798,82
1731,77
1729,78
1898,85
1810,81
1872,85
1703,80
1474,69
1656,76
1448,68
1688,76
1628,76
1825,82
1836,82
1431,69
1876,85
1823,83
1608,76
1584,73
1622,76
1770,79
1915,85
1680,78
1595,73
1661,75
1643,75
1615,74
1491,70
1597,73
1716,77
1700,78
1756,79
1928,83
1508,73
1788,81
1837,84
1682,75
1771,79
1587,75
1384,67
1453,67
1622,74
1684,79
1783,82
1851,82
1808,81
1353,67
1487,70
1827,83
1633,75
1851,84
1732,79
1800,81
1757,80
1737,79
1829,82
1586,76
1789,80
1669,76
1671,77
1865,84
1843,84
1724,78
1584,72
1872,85
1787,82
1640,78
1504,71
1844,84
1521,72
1641,77
1745,78
1518,74
1473,72
1583,74
1829,82
1516,70
1813,83
1662,75
1543,74
1793,81
1555,72
1625,73
1618,75
1504,67
1830,82
1601,73
1690,75
1396,66
1629,74
1590,74
1567,75
1736,77
1627,75
1459,66
1701,79
1908,85
1669,77
1809,82
1479,70
1568,71
1481,66
1673,78
1595,74
1775,78
1764,79
1619,75
1788,81
1613,74
1607,76
1752,79
1798,80
1807,81
1696,78
1594,74
1677,79
1649,76
1387,69
1765,79
1850,82
1601,73
1673,77
1635,76
1751,79
1582,75
1589,75
1505,71
1766,82
1894,85
1891,83
1629,74
1584,73
1456,68
1816,82
1729,78
1616,73
1585,72
1773,81
1874,85
1654,77
1632,74
1756,79
1841,84
1436,69
1507,67
1839,83
1481,70
1842,82
1718,78
1679,78
1548,72
1553,72
1854,83
1920,85
1519,71
1449,68
1595,73
1740,80
1828,82
1653,77
1834,82
1673,75
1828,83
1614,74
1797,82
1835,84
1337,66
1843,82
1862,82
1909,85
1647,75
1814,83
1682,78
1708,77
1758,80
1592,75
1876,85
1607,73
1744,79
1648,78
1721,78
1766,80
1612,73
1804,81
1672,78
1607,75
1790,82
1757,79
1843,84
1329,65
1651,77
1576,73
1356,68
1634,76
1553,74
1648,73
1748,79
1606,73
1858,82
1869,84
1762,81
1819,82
1478,71
1629,69
1691,79
1834,81
1611,74
1750,80
1608,75
1442,72
1585,76
1662,76
1485,70
1679,77
1580,73
1874,85
1717,80
1803,83
1878,85
1793,81
1744,79
1791,82
1797,79
1827,83
1865,84
1614,76
1812,79
1688,74
1504,71
1762,79
1387,67
1821,82
1497,72
1718,79
1709,74
1783,81
1803,83
1825,82
1818,83
1739,79
1779,81
1646,75
1559,74
1562,73
1876,85
1583,74
1740,80
1496,70
1732,76
1613,76
1662,76
1456,70
1464,69
1834,82
1538,72
1764,79
1692,79
1639,74
1628,74
1740,78
1797,82
1807,80
1846,84
1587,72
1506,71
1872,85
1672,77
1751,79
1660,78
1851,84
1722,79
1549,70
1543,73
1550,71
1525,71
1503,70
1853,84
1802,82
1540,72
1637,78
1692,77
1817,83
1538,72
1667,75
1562,71
1843,81
1715,80
1814,82
1454,69
1782,81
1718,78
1603,74
1778,81
1565,72
1588,74
1710,76
1815,81
1585,74
1615,72
1669,74
1717,80
1358,67
1342,68
1687,77
1819,82
1606,75
1681,78
1661,76
1642,72
1662,78
1588,70
1650,77
1513,71
1738,79
1760,80
1761,80
1853,83
1575,75
1865,82
1813,79
1640,77
1601,75
1704,79
1486,67
1543,72
1801,81
1732,77
1841,82
1566,71
1619,75
1582,75
1553,71
1880,85
1698,78
1635,74
1626,74
1637,76
1906,85
1622,76
1423,69
1532,70
1458,71
1851,83
1472,71
1690,75
1383,68
1663,76
1896,85
1722,78
1587,73
1528,69
1876,85
1719,78
1496,68
1652,74
1539,74
1810,82
1779,81
1618,75
1898,83
1878,85
1602,76
1374,65
1798,82
1552,72
1526,74
1865,84
1675,74
1726,80
1854,84
1776,81
1902,85
1735,79
1450,70
1865,79
1826,82
1679,75
1875,83
1601,76
1641,75
1561,69
1488,67
1574,74
1357,67
1707,77
1820,81
1766,79
1516,72
1538,72
1611,75
1794,80
1537,71
1571,73
1689,79
1418,68
1758,81
1704,76
1815,82
1688,76
1745,79
1611,75
1610,77
1784,81
1800,82
1663,77
1658,78
1675,73
1825,83
1393,68
1686,77
1774,82
1782,79
1547,73
1828,82
1894,85
1641,74
1732,80
1668,76
1685,77
1773,81
1695,78
1839,83
1474,71
1566,69
1438,69
1836,83
1613,74
1305,63
1876,85
1778,81
1819,82
1918,84
1896,84
1682,77
1575,72
1720,78
1788,80
1670,77
1852,81
1792,80
1450,70
1721,78
1468,70
1722,77
1536,72
1602,75
1741,79
1862,84
1627,75
1377,67
1758,80
1460,69
1405,68
1672,76
1814,82
1497,68
1807,82
1867,84
1575,77
1777,81
1748,79
1756,81
1871,83
1706,77
1649,76
1612,72
1827,83
1721,80
1743,81
1782,82
1615,75
1718,80
1821,80
1465,68
1837,84
1682,75
1718,77
1734,78
1638,76
1756,80
1563,75
1417,67
1828,83
1577,73
1727,79
1398,69
1872,85
1636,75
1774,79
1746,80
1564,72
1818,82
1697,78
1608,76
1618,76
1781,81
1590,73
1858,83
1717,76
1762,81
1807,82
1622,76
1535,72
1647,75
1895,84
1652,77
1541,72
1586,74
1561,74
1880,85
1843,83
1870,85
1726,78
1590,73
1782,80
1444,70
1563,74
1874,84
1844,81
1624,76
1716,78
1445,69
1600,74
1825,81
1709,79
1835,84
1406,68
1817,83
1651,77
1870,85
1557,72
1699,78
1673,78
1643,75
1748,79
1830,83
1616,76
1693,79
1617,74
1582,72
1672,77
1558,74
1773,82
1631,76
1585,74
1663,77
1896,85
1702,80
1870,85
1698,78
1834,83
1768,81
1743,79
1488,70
1871,84
1753,81
1486,73
1685,76
1676,76
1776,80
1562,73
1823,82
1711,77
1837,84
1674,77
1654,77
1533,72
1769,80
1436,68
1721,77
1681,77
1621,77
1827,83
1944,84
1673,76
1599,75
1576,73
1563,73
1513,71
1886,85
1387,69
1861,84
1702,77
1257,62
1829,84
1880,84
1714,76
1519,70
1613,76
1640,77
1600,74
1809,83
1441,68
1742,80
1814,82
1643,77
1818,83
1651,76
1692,77
1838,80
1827,82
1518,73
1820,83
1636,76
1498,68
1648,77
1674,78
1487,72
1434,71
1800,82
1687,75
1723,78
1642,74
1626,76
1374,66
1600,72
1798,82
1870,85
1835,83
1779,81
1379,67
1869,84
1549,73
1757,78
1792,82
1632,75
1878,85
1639,76
1822,82
1779,81
1586,73
1752,76
1426,68
1699,76
1591,75
1742,80
1624,72
1522,71
1729,78
1866,84
1369,67
1730,81
1515,73
1766,82
1729,78
1796,82
1695,79
1698,77
1605,73
1723,79
1870,85
1656,77
1628,76
1561,73
1531,71
1685,76
1527,73
1778,81
1749,80
1751,80
1737,79
1684,76
1654,77
1780,81
1402,68
1615,75
1621,75
1726,79
1630,75
1637,75
1870,85
1625,74
1506,72
1874,85
1555,72
1551,74
1682,75
1436,69
1632,77
1747,81
1792,80
1565,73
1692,74
1850,84
1777,80
1549,73
1769,81
1682,78
1753,80
1668,76
1565,72
1825,83
1793,80
1541,72
1711,80
1426,64
1755,81
1818,83
1726,79
1691,78
1896,84
1597,74
1735,79
1551,72
1719,79
1495,71
1825,82
1723,79
1496,75
1793,81
1388,69
1462,70
1537,73
1757,80
1835,83
1490,71
1777,81
1603,75
1426,68
1733,80
1662,77
1471,70
1669,78
1762,80
1684,79
1661,76
1677,77
1872,85
1614,75
1757,80
1617,73
1733,80
1809,83
1729,80
1617,77
1736,78
1441,70
1677,75
1446,71
1477,69
1380,66
1750,78
1534,72
1663,76
1784,80
1615,76
1819,81
1698,78
1676,78
1535,73
1766,82
1732,78
1569,75
1695,77
1778,80
1735,79
1581,75
1782,82
1806,83
1744,80
1684,78
1529,70
1675,77
1849,83
1725,80
1483,73
1701,78
1691,77
1870,85
1669,77
1477,71
1428,69
1578,72
1599,75
1580,75
1725,78
1681,76
1836,83
1808,81
1676,78
1839,84
1594,73
1710,75
1679,76
1651,74
1878,83
1602,75
1629,75
1776,82
1581,70
1683,78
1787,80
1363,64
1844,84
1444,70
1668,76
1671,74
1870,85
1392,69
1801,81
1736,79
1779,81
1536,69
1497,73
1575,73
1772,80
1765,80
1788,81
1752,80
1462,70
1658,75
1628,75
1671,76
1674,78
1612,77
1363,66
1680,78
1835,83
1519,72
1559,75
1811,82
1740,80
1684,78
1685,77
1587,73
1763,81
1691,77
1840,83
1803,82
1593,73
1409,69
1786,79
1609,74
1860,84
1539,74
1545,73
1677,78
1692,78
1689,78
1880,84
1711,78
1813,82
1513,73
1786,82
1379,65
1714,78
1605,74
1665,73
1702,78
1697,77
1870,85
1716,78
1850,83
1664,77
1692,78
1764,79
1605,74
1729,79
1476,68
1595,75
1818,82
1584,76
1661,76
1681,78
1653,76
1677,77
1507,71
1613,74
1657,74
1732,81
1562,74
1530,71
1670,78
1725,80
1593,75
1805,82
1619,77
1586,74
1847,83
1690,76
1500,73
1840,83
1566,76
1820,83
1844,84
1436,69
1776,82
1775,80
1775,80
1851,84
1797,81
1701,77
1869,84
1528,71
1529,70
1661,75
1701,79
1748,78
1437,70
1798,82
1874,85
1439,69
1725,78
1420,70
1709,79
1755,78
1713,77
1617,75
1807,82
1870,85
1870,85
1621,75
1638,77
1742,80
1689,73
1620,76
1761,78
1749,78
1676,76
1842,83
1835,82
1741,79
1819,83
1788,82
1524,72
1695,76
1805,82
1563,73
1685,79
1780,81
1839,84
1869,84
1870,85
1841,84
1496,70
1601,75
1837,83
1526,71
1779,81
1413,68
1278,63
1725,79
1808,83
1344,67
1822,83
1423,69
1795,81
1826,83
1679,75
1754,79
1541,73
1689,78
1580,73
1643,76
1634,76
1679,78
1658,77
1688,79
1516,71
1807,82
1823,83
1819,83
1676,75
1684,76
1832,83
1638,75
1690,77
1727,79
1775,81
1717,79
1803,82
1438,68
1651,77
1791,79
1579,73
1847,84
1559,74
1773,81
1678,79
1618,75
1762,81
1778,81
1867,84
1839,83
1746,79
1845,82
1803,82
1870,85
1702,80
1870,85
1797,81
1735,79
1465,71
1731,79
1793,80
1383,68
1707,78
1823,82
1846,83
1603,73
1799,82
1605,74
1588,75
1791,81
1848,84
1793,81
1845,84
1630,76
1588,74
1790,82
1571,73
1845,81
1483,70
1798,79
1647,77
1853,84
1640,76
1555,74
1630,76
1880,84
1787,82
1730,80
1591,74
1436,68
1502,73
1570,74
1616,74
1563,73
1662,75
1866,84
1494,71
1439,69
1531,70
1839,81
1766,82
1644,75
1775,77
1726,78
1638,75
1747,80
1874,84
1511,71
1813,82
1890,85
1674,77
1552,73
1749,80
1641,77
1911,84
1852,83
1711,79
1645,74
1827,83
1523,70
1844,81
1744,79
1653,77
1604,75
1666,78
1645,75
1556,73
1557,73
1795,81
1528,73
1812,83
1519,73
1712,79
1585,76
1466,69
1872,81
1659,76
1708,79
1779,81
1697,78
1736,79
1644,76
1594,69
1689,78
1706,78
1774,80
1812,81
1534,71
1647,74
1534,73
1728,79
1644,75
1734,79
1599,75
1501,71
1814,83
1617,76
1489,71
1590,74
1870,85
1745,80
1387,64
1741,79
1670,77
1825,81
1606,74
1835,82
1631,71
1765,81
1607,70
1870,85
1660,77
1868,84
1444,69
1728,79
1652,78
1650,77
1797,83
1613,75
1768,80
1650,78
1565,71
1688,79
1795,82
1762,78
1599,72
1845,84
1870,85
1761,79
1768,80
1601,75
1784,81
1827,83
1673,76
1690,76
1511,73
1529,73
1654,75
1664,76
1790,80
1833,83
1818,83
1801,82
1719,80
1799,82
1818,82
1853,82
1545,73
1592,74
1489,72
1634,75
1754,79
1797,82
1727,78
1789,80
1762,79
1629,75
1681,77
1741,81
1809,82
1445,71
1640,77
1685,78
1318,65
1556,73
1815,82
1709,77
1732,79
1516,71
1575,73
1592,75
1472,69
1854,84
1650,75
1787,82
1870,85
1795,82
1637,77
1386,66
1567,74
1612,74
1467,72
1711,80
1563,74
1769,79
1425,69
1614,73
1419,71
1650,77
1628,75
1729,79
1475,67
1497,72
1649,77
1746,79
1590,74
1712,78
1746,77
1498,72
1674,77
1675,78
1868,84
1633,75
1805,82
1502,72
1839,84
1593,72
1740,80
1631,76
1794,81
1591,73
1718,79
1843,84
1628,72
1740,80
1800,81
1433,72
1658,77
1562,73
1571,72
1828,83
1537,70
1578,75
1648,77
1854,82
1635,75
1756,81
1616,77
1718,78
1758,80
1858,83
1466,70
1433,65
1769,82
1731,77
1685,76
1765,81
1789,81
1519,72
1705,75
1893,84
1725,78
1642,75
1825,83
1621,76
1583,74
1560,71
1832,82
1558,71
1843,84
1696,78
1775,81
1750,80
1727,79
1678,77
1723,78
1584,73
1730,79
1708,78
1858,84
1680,77
1634,76
1463,71
1572,75
1593,72
1404,68
1464,70
1744,79
1843,84
1761,81
1632,77
1874,85
1588,74
1672,76
1540,71
1750,80
1874,84
1566,72
1894,85
1841,83
1574,74
1457,69
1601,75
1808,81
1839,81
1688,77
1657,75
1697,79
1610,76
1842,84
1390,67
1608,73
1752,80
1822,80
1531,72
1659,78
1743,81
1538,74
1626,76
1660,77
1626,76
1504,68
1577,74
1642,77
1739,79
1832,80
1427,71
1531,73
1648,77
1596,75
1737,81
1595,73
1499,69
1803,80
1550,72
1693,77
1752,80
1602,76
1541,73
1511,70
1556,71
1427,67
1725,78
1742,81
1748,80
1540,72
1691,78
1820,83
1809,82
1790,81
1419,66
1843,84
1585,74
1426,70
1840,83
1590,74
1707,80
1739,80
1722,80
1842,83
1813,81
1739,79
1709,79
1587,75
1521,71
1462,69
1511,71
1428,70
1701,77
1876,85
1660,78
1476,68
1476,70
1499,71
1838,83
1813,83
1823,83
1518,72
1413,69
1654,78
1717,78
1452,71
1397,69
1525,72
1766,81
1530,73
1411,68
1464,71
1822,82
1579,75
1692,78
1701,78
1892,85
1718,79
1667,78
1543,74
1491,74
1765,80
1487,70
1709,78
1730,79
1715,79
1473,68
1517,74
1547,74
1837,83
1763,82
1445,71
1657,76
1862,84
1839,83
1715,79
1748,76
1589,76
1837,80
1763,80
1813,81
1517,69
1749,81
1814,82
1592,73
1865,84
1813,83
1652,75
1787,82
1775,80
1652,78
1872,85
1552,74
1639,77
1642,77
1870,85
1486,67
1524,71
1681,77
1742,80
1813,83
1773,78
1348,65
1833,83
1707,77
1808,83
1432,69
1768,81
1637,74
1702,77
1724,80
1537,74
1561,74
1386,64
1570,74
1860,83
1830,83
1842,84
1870,85
1711,77
1541,72
1870,85
1632,74
1878,85
1860,84
1467,70
1723,79
1804,82
1802,82
1621,76
1683,77
1845,84
1696,78
1739,80
1870,85
1527,70
1811,83
1605,73
1845,84
1773,81
1742,80
1759,81
1565,73
1579,74
1683,78
1773,80
1624,76
1755,80
1711,79
1894,85
1583,74
1728,79
1872,85
1556,74
1546,73
1855,82
1526,71
1434,67
1799,82
1639,76
1516,73
1584,76
1598,75
1786,80
1393,67
1676,77
1844,82
1730,79
1765,80
1653,77
1536,72
1603,75
1690,78
1814,80
1691,77
1831,83
1652,76
1657,77
1675,78
1644,74
1612,76
1547,73
1598,75
1533,70
1627,76
1448,69
1578,74
1541,73
1606,76
1636,74
1646,77
1611,75
1735,81
1701,78
1578,73
1585,74
1716,79
1673,77
1684,78
1809,80
1753,80
1681,77
1565,73
1700,75
1567,75
1743,79
1608,73
1664,76
1598,73
1623,74
1594,72
1683,78
1563,74
1547,75
1830,83
1755,79
1662,77
1771,81
1595,73
1671,77
1497,69
1586,74
1612,75
1861,83
1612,75
1703,79
1520,69
1554,72
1603,76
1338,66
1697,78
1562,74
1537,72
1670,77
1711,78
1749,81
1531,73
1698,78
1722,76
1644,76
1821,83
1768,82
1731,78
1826,81
1783,81
1629,78
1640,77
1625,75
1536,72
1399,66
1747,78
1576,75
1427,69
1792,82
1752,79
1752,79
1656,77
1555,75
1738,81
1608,75
1741,80
1795,82
1531,73
1459,70
1473,71
1627,75
1508,73
1527,72
1582,75
1639,76
1810,82
1847,82
1614,74
1580,72
1760,78
1534,73
1664,75
1739,81
1533,73
1556,72
1716,76
1613,73
1801,80
1699,79
1501,72
1655,77
1337,65
1560,73
1695,78
1632,76
1476,69
1590,73
1900,85
1870,85
1878,85
1862,83
1552,73
1442,70
1687,76
1450,68
1485,71
1898,85
1875,84
1628,76
1777,81
1715,76
1615,75
1496,71
1394,67
1870,85
1648,77
1839,83
1803,82
1498,73
1558,72
1644,74
1496,70
1522,71
1523,71
1658,75
1674,77
1655,78
1488,71
1480,70
1826,82
1882,82
1492,72
1537,71
1712,78
1827,82
1757,81
1523,71
1713,79
1500,71
1713,80
1732,80
1730,80
1870,85
1813,80
1764,81
1856,83
1586,75
1453,69
1394,69
1878,85
1828,83
1631,73
1583,75
1730,80
1493,71
1774,80
1780,81
1743,77
1429,68
1795,82
1603,75
1829,82
1735,81
1768,79
1652,76
1565,74
1713,78
1860,83
1375,66
1855,84
1444,70
1633,76
1724,78
1794,81
1719,80
1674,76
1499,73
1439,69
1631,76
1870,85
1699,78
1829,83
1791,82
1225,60
1497,73
1625,74
1874,83
1556,73
1663,78
1566,74
1602,75
1725,81
1804,81
1824,82
1717,79
1743,81
1847,84
1637,77
1594,72
1739,81
1744,78
1571,72
1634,76
1545,73
1674,79
1803,82
1876,85
1739,81
1561,73
1414,70
1498,69
1680,78
1871,84
1797,80
1703,78
1613,76
1826,83
1870,85
1519,72
1737,79
1630,76
1679,76
1750,79
1588,72
1659,77
1846,83
1456,68
1716,79
1792,82
1605,75
1719,79
1409,69
1486,71
1706,75
1876,84
1804,81
1848,83
1690,79
1662,78
1795,82
1550,75
1644,75
1570,73
1509,70
1482,70
1652,76
1566,71
1667,78
1636,74
1825,82
1765,81
1801,80
1642,73
1880,85
1591,74
1478,70
1503,74
1878,85
1320,66
1701,79
1476,70
1806,82
1618,73
1673,77
1717,78
1470,73
1701,79
1434,66
1555,75
1776,81
1668,77
1565,74
1500,67
1669,77
1702,78
1799,82
1500,73
1614,73
1424,69
1673,77
1554,74
1675,77
1589,75
1805,82
1556,71
1740,80
1655,74
1538,73
1710,79
1697,77
1609,75
1801,83
1691,78
1558,71
1783,80
1800,82
1588,74
1511,70
1874,85
1663,77
1710,79
1627,76
1835,83
1515,74
1874,84
1600,75
1639,76
1605,75
1649,78
1711,79
1933,85
1699,76
1845,84
1740,78
1587,73
1502,72
1822,83
1514,71
1604,73
1864,83
1594,75
1722,78
1797,81
1507,71
1631,76
1846,83
1399,65
1793,81
1651,76
1509,69
1271,65
1848,84
1660,76
1880,85
1418,70
1763,80
1602,73
1744,80
1717,79
1738,80
1868,84
1417,70
1379,69
1870,85
1839,83
1484,70
1874,84
1813,82
1884,85
1792,81
1521,71
1614,75
1768,80
1693,78
1687,76
1834,82
1567,74
1824,81
1544,73
1387,65
1757,80
1790,82
1710,79
1599,72
1755,80
1485,71
1647,75
1845,82
1562,74
1366,68
1512,70
1542,74
1501,71
1743,80
1589,72
1549,72
1726,78
1560,74
1562,71
1870,85
1638,76
1552,71
1615,71
1651,76
1876,85
1631,77
1610,74
1873,84
1798,82
1757,79
1650,76
1773,81
1753,80
1563,71
1661,77
1839,84
1843,84
1451,69
1374,65
1560,74
1814,83
1772,82
1630,77
1558,75
1839,84
1602,72
1637,77
1710,79
1605,74
1660,77
1752,79
1515,71
1444,70
1669,76
1687,77
1660,76
1610,75
1801,81
1333,66
1482,69
1671,77
1739,78
1524,74
1499,71
1593,75
1404,69
1870,83
1581,69
1802,79
1842,84
1479,70
1687,77
1536,72
1393,67
1607,74
1807,83
1628,75
1712,77
1765,81
1608,73
1841,83
1791,80
1637,76
1727,79
1848,84
1529,70
1823,81
1565,71
1768,79
1728,80
1678,74
1660,77
1784,81
1533,72
1645,75
1698,78
1863,84
1591,75
1497,70
1399,69
1601,73
1699,78
1470,72
1514,71
1792,82
1643,77
1694,78
1547,74
1480,70
1505,73
1580,75
1553,73
1775,81
1568,74
1510,72
1716,78
1900,85
1810,82
1592,73
1890,85
1359,67
1649,76
1573,74
1656,76
1725,79
1870,85
1428,70
1730,80
1644,76
1635,74
1739,81
1391,69
1460,70
1573,74
1490,72
1544,71
1778,81
1743,80
1620,77
1711,77
1831,81
1796,81
1571,74
1518,72
1594,72
1630,75
1878,85
1585,74
1621,76
1469,71
1450,70
1506,72
1459,69
1643,74
1781,80
1606,72
1792,81
1707,79
1521,73
1638,76
1631,77
1812,82
1917,84
1814,83
1613,77
1715,80
1843,82
1670,75
1643,77
1559,73
1853,84
1851,84
1858,84
1535,72
1525,71
1614,76
1550,72
1510,73
1687,75
1741,80
1730,78
1393,67
1531,73
1571,72
1705,79
1505,70
1740,80
1756,81
1575,69
1537,74
1736,79
1771,81
1682,78
1775,82
1642,75
1870,85
1825,83
1622,73
1811,83
1701,78
1667,77
1707,78
1777,81
1779,78
1786,81
1782,82
1814,82
1627,74
1703,78
1591,73
1839,83
1613,75
1647,77
1757,79
1488,71
1710,74
1550,73
1834,84
1542,74
1465,71
1789,80
1504,70
1825,82
1900,85
1612,74
1667,78
1697,77
1728,76
1710,77
1868,83
1781,80
1676,76
1850,84
1870,84
1819,82
1494,70
1767,80
1657,74
1635,76
1672,77
1524,72
1747,78
1628,76
1742,78
1459,68
1713,76
1669,73
1804,82
1439,71
1619,75
1644,75
1654,76
1837,81
1399,68
1765,78
1645,76
1632,73
1675,77
1686,78
1665,77
1663,75
1857,83
1744,80
1488,69
1782,81
1761,80
1751,80
1761,81
1618,76
1811,81
1835,82
1433,69
1754,78
1827,83
1640,74
1695,79
1634,77
1735,79
1870,85
1675,75
1755,80
1701,78
1812,82
1834,83
1744,79
1554,75
1689,79
1418,71
1848,84
1848,84
1487,70
1471,69
1544,74
1550,72
1590,74
1754,79
1778,79
1613,74
1693,77
1732,80
1636,76
1776,80
1699,75
1623,75
1454,70
1675,77
1564,74
1689,79
1737,78
1586,74
1681,75
1621,76
1738,79
1802,79
1697,79
1571,72
1716,79
1651,74
1560,73
1514,70
1579,73
1781,80
1750,80
1692,74
1562,70
1614,73
1897,84
1669,76
1676,77
1809,83
1496,67
1849,83
1553,70
1724,80
1694,78
1548,73
1490,71
1754,80
1589,74
1689,79
1621,75
1647,77
1604,76
1605,74
1513,70
1545,73
1730,79
1747,80
1581,74
1638,75
1532,74
1636,76
1569,70
1536,75
1703,79
1724,78
1831,83
1870,85
1478,68
1618,72
1740,77
1733,81
1882,84
1870,85
1791,80
1575,74
1640,75
1750,79
1584,73
1532,70
1868,83
1566,73
1724,78
1924,85
1871,84
1786,82
1580,75
1464,71
1640,75
1614,75
1551,73
1331,67
1604,72
1663,75
1617,74
1588,75
1613,73
1456,70
1819,82
1457,70
1608,74
1668,76
1681,73
1651,77
1841,82
1495,71
1874,85
1580,71
1449,70
1799,79
1651,76
1813,81
1642,73
1732,79
1825,84
1603,72
1759,80
1501,71
1536,72
1594,74
1773,77
1409,67
1723,78
1721,78
1693,76
1697,78
1768,80
1541,72
1909,84
1616,74
1615,75
1515,70
1785,79
1664,76
1374,69
1636,75
1708,78
1756,78
1735,78
1617,74
1845,84
1774,82
1660,75
1807,80
1811,81
1770,80
1828,81
1749,80
1744,78
1819,83
1820,82
1739,80
1651,76
1567,73
1725,79
1742,80
1702,77
1616,75
1720,79
1725,78
1519,69
1775,81
1571,73
1778,80
1895,83
1790,82
1423,71
1854,83
1743,78
1718,77
1824,83
1878,85
1815,83
1839,84
1813,79
1803,83
1702,78
1816,81
1792,80
1779,79
1609,74
1806,82
1691,78
1431,71
1487,72
1602,73
1727,80
1908,84
1504,71
1706,77
1661,76
1539,73
1691,78
1732,78
1834,83
1417,68
1745,81
1727,79
1540,72
1527,71
1870,85
1870,85
1769,80
1618,72
1780,79
1370,65
1640,75
1675,78
1661,77
1808,82
1678,78
1549,72
1570,75
1620,77
1556,71
1686,76
1872,85
1647,73
1549,70
1852,84
1652,74
1746,81
1452,71
1706,78
1574,75
1826,83
1713,77
1625,75
1402,66
1527,73
1815,81
1583,71
1727,76
1788,80
1878,85
1785,80
1511,72
1579,73
1849,82
1792,82
1642,76
1692,75
1774,80
1847,82
1768,80
1459,69
1751,80
1741,80
1735,78
1324,67
1615,75
1704,78
1910,84
1640,77
1878,85
1654,76
1641,75
1851,81
1783,82
1485,69
1411,66
1843,84
1831,83
1848,83
1757,78
1834,84
1741,78
1485,72
1867,82
1878,85
1545,72
1774,80
1663,76
1434,69
1837,83
1773,81
1519,71
1837,83
1862,82
1764,80
1661,75
1837,84
1742,79
1423,69
1777,81
1737,81
1769,81
1832,82
1598,71
1666,77
1802,81
1841,82
1843,81
1733,79
1716,76
1672,77
1465,68
1825,82
1859,84
1718,76
1564,74
1799,79
1814,82
1861,84
1754,79
1679,75
1646,77
1515,71
1678,77
1476,70
1755,79
1777,77
1819,79
1870,85
1511,74
1746,78
1872,85
1747,78
1667,75
1474,70
1436,71
1605,72
1720,78
1798,82
1506,71
1773,78
1752,81
1856,82
1631,73
1758,80
1897,85
1657,76
1835,82
1870,85
1688,75
1672,76
1741,79
1892,84
1848,84
1559,72
1914,84
1552,73
1572,73
1522,73
1387,68
1725,78
1622,74
1847,84
1789,79
1782,79
1418,70
1854,84
1872,85
1518,73
1661,74
1726,80
1539,74
1656,75
1568,74
1732,77
1506,70
1819,81
1733,80
1600,74
1498,67
1850,83
1778,81
1602,75
1574,73
1387,68
1569,75
1872,85
1861,84
1718,78
1571,74
1769,81
1602,74
1741,78
1683,76
1646,77
1756,80
1683,77
1656,75
1753,80
1616,72
1718,77
1502,71
1720,77
1461,71
1718,77
1731,77
1755,80
1686,77
1740,78
1735,78
1805,81
1671,75
1650,76
1700,78
1541,73
1581,73
1842,80
1735,77
1798,82
1488,70
1708,77
1765,81
1628,75
1870,85
1736,79
1642,77
1413,71
1474,74
1694,76
1683,77
1805,82
1579,69
1749,78
1771,81
1775,78
1802,82
1793,82
1578,75
1745,79
1572,73
1670,73
1539,73
1727,77
1780,80
1743,80
1751,79
1880,80
1453,68
1702,76
1802,83
1291,63
1554,75
1753,80
1578,73
1841,84
1446,69
1661,77
1562,71
1660,74
1740,81
1764,78
1800,82
1412,68
1819,81
1870,81
1829,83
1775,81
1874,83
1795,82
1501,70
1749,80
1543,71
1839,84
1762,81
1759,79
1453,69
1706,76
1670,78
1605,74
1697,79
1868,85
1836,83
1533,72
1870,85
1617,75
1848,84
1761,80
1716,79
1416,66
1759,81
1631,73
1626,76
1677,76
1708,78
1521,71
1905,85
1806,81
1521,73
1768,81
1656,78
1794,82
1456,67
1478,69
1714,78
1689,77
1868,85
1617,73
1779,82
1803,82
1735,79
1726,77
1474,70
1669,77
1865,83
1868,85
1646,77
1283,63
1673,76
1639,76
1739,78
1681,78
1651,74
1446,71
1638,75
1835,84
1870,84
1369,64
1624,75
1616,74
1805,83
1750,79
1736,79
1784,80
1523,73
1651,75
1684,78
1743,79
1487,71
1333,64
1684,76
1746,78
1807,81
1876,85
1772,80
1895,83
1880,84
1908,85
1815,82
1529,71
1663,77
1787,80
1829,83
1641,77
1860,84
1794,82
1493,70
1389,68
1669,76
1809,81
1690,77
1725,79
1524,74
1274,66
1504,70
1669,78
1406,70
1802,81
1626,73
1706,79
1732,78
1706,78
1822,83
1741,79
1656,75
1303,66
1629,74
1801,82
1755,80
1662,78
1627,76
1871,84
1569,71
1763,80
1496,71
1698,80
1868,85
1780,82
1512,71
1685,77
1799,79
1740,79
1674,74
1628,74
1761,80
1605,74
1767,81
1771,82
1795,81
1761,79
1886,85
1475,71
1754,81
1815,83
1575,75
1375,67
1579,74
1723,77
1613,75
1768,80
1650,76
1791,80
1468,69
1558,72
1628,75
1473,69
1828,83
1768,80
1839,84
1786,79
1671,76
1450,70
1558,73
1495,68
1725,78
1884,85
1576,74
1543,74
1707,77
1868,84
1461,71
1668,74
1608,75
1596,73
1817,82
1822,83
1644,75
1596,73
1530,73
1770,80
1616,74
1871,84
1609,75
1643,76
1795,83
1874,84
1629,74
1581,74
1425,66
1717,78
1717,78
1453,69
1523,73
1707,77
1515,71
1576,73
1628,76
1727,79
1820,79
1616,74
1519,72
1408,65
1650,76
1845,84
1873,82
1645,76
1889,81
1697,78
1765,79
1669,77
1636,77
1789,79
1546,72
1837,84
1757,77
1656,74
1757,81
1478,71
1621,77
1669,74
1868,85
1689,78
1689,77
1615,75
1701,79
1808,81
1803,82
1562,72
1480,68
1808,80
1669,76
1661,77
1689,78
1750,79
1651,76
1599,75
1617,75
1689,77
1658,76
1621,75
1794,80
1472,68
1365,65
1567,72
1751,81
1716,79
1686,78
1557,73
1828,83
1868,85
1560,69
1832,83
1687,78
1723,77
1812,82
1521,71
1699,77
1704,77
1662,77
1586,75
1660,76
1513,72
1819,82
1680,77
1819,81
1852,83
1553,71
1701,77
1794,81
1578,74
1862,83
1800,81
1867,84
1704,77
1775,81
1794,81
1787,81
1865,84
1831,82
1601,74
1618,71
1642,74
1872,85
1848,82
1769,81
1778,80
1822,83
1756,80
1711,78
1570,70
1615,78
1567,74
1740,79
1620,73
1738,75
1742,81
1848,83
1850,83
1710,79
1459,71
1812,83
1826,83
1503,70
1781,80
1808,83
1634,73
1482,71
1697,78
1466,71
1749,80
1575,74
1765,78
1674,74
1625,74
1870,85
1769,81
1662,77
1325,68
1830,82
1656,78
1716,76
1869,84
1612,75
1743,79
1760,79
1519,71
1482,70
1471,70
1737,78
1699,78
1685,78
1802,82
1418,66
1531,71
1778,81
1409,69
1776,82
1722,79
1720,78
1881,82
1708,79
1838,84
1604,74
1489,69
1836,84
1714,76
1739,78
1804,82
1631,75
1628,75
1825,82
1702,78
1551,72
1814,81
1480,67
1819,83
1657,77
1676,77
1879,82
1522,74
1664,77
1789,81
1470,71
1805,80
1816,83
1764,77
1557,74
1786,82
1682,76
1540,73
1745,79
1751,80
1692,78
1766,80
1773,80
1617,76
1500,70
1511,72
1795,82
1808,80
1858,84
1855,83
1757,81
1908,84
1527,71
1611,74
1804,82
1759,79
1485,70
1787,80
1574,74
1769,81
1524,73
1560,73
1549,71
1587,73
1653,78
1797,82
1799,80
1703,77
1816,82
1843,83
1601,74
1662,78
1547,70
1563,71
1575,75
1894,85
1837,84
1455,71
1834,84
1820,83
1829,82
1823,84
1557,72
1459,69
1662,74
1725,79
1872,85
1500,72
1578,75
1549,73
1444,69
1713,79
1535,72
1725,79
1456,68
1541,71
1517,73
1679,77
1806,80
1589,75
1834,84
1684,77
1824,83
1757,80
1724,79
1617,77
1838,83
1526,70
1498,71
1870,84
1864,84
1668,77
1641,72
1683,74
1581,73
1471,70
1912,85
1511,71
1693,77
1800,82
1707,79
1787,80
1784,80
1731,78
1698,79
1322,65
1866,83
1730,76
1702,78
1741,78
1599,75
1882,85
1740,78
1451,68
1720,76
1760,78
1664,73
1437,70
1523,70
1632,76
1817,81
1556,74
1775,82
1539,73
1671,78
1446,68
1699,79
1472,68
1845,82
1733,78
1721,80
1736,78
1908,84
1840,83
1719,79
1478,70
1329,64
1561,73
1563,70
1562,76
1699,74
1706,79
1526,70
1826,80
1586,75
1547,72
1653,78
1882,83
1744,79
1866,83
1648,76
1606,76
1810,83
1745,79
1861,83
1621,74
1664,77
1738,78
1815,81
1519,71
1884,85
1722,77
1519,72
1862,85
1776,81
1667,75
1532,73
1737,79
1871,82
1692,77
1903,85
1744,80
1606,74
1786,78
1604,72
1635,75
1600,75
1502,72
1862,85
1665,77
1871,82
1756,79
1855,84
1681,78
1822,83
1522,72
1776,78
1582,73
1821,83
1868,85
1789,82
1698,78
1699,78
1541,73
1831,83
1582,73
1699,78
1740,78
1796,82
1885,84
1680,77
1604,74
1457,70
1651,77
1542,72
1831,82
1814,82
1475,71
1841,83
1739,80
1864,85
1763,80
1850,84
1801,81
1862,85
1739,80
1622,76
1786,81
1798,78
1753,80
1719,80
1581,72
1858,82
1532,72
1621,74
1504,70
1842,83
1702,77
1587,73
1667,76
1599,75
1458,70
1695,77
1821,81
1853,84
1549,71
1575,69
1843,85
1498,69
1770,82
1642,78
1590,74
1719,79
1860,84
1598,73
1505,72
1402,68
1540,73
1712,78
1654,77
1732,81
1615,74
1581,74
1817,84
1708,77
1664,78
1819,82
1827,84
1753,80
1842,82
1777,82
1579,73
1834,83
1769,82
1604,71
1742,80
1494,70
1872,84
1626,75
1591,75
1607,74
1590,73
1683,79
1801,83
1730,79
1599,74
1652,74
1744,79
1511,71
1590,74
1755,81
1765,79
1799,83
1472,70
1804,79
1646,76
1353,68
1569,76
1407,68
1794,81
1597,75
1560,74
1815,81
1601,75
1539,75
1660,75
1610,77
1494,68
1459,69
1672,78
1714,79
1855,83
1716,77
1623,75
1799,83
1715,79
1606,74
1701,77
1819,83
1843,85
1495,70
1544,74
1769,82
1750,82
1542,70
1664,77
1765,81
1733,80
1585,77
1571,74
1771,82
1540,72
1782,76
1641,76
1739,80
1527,72
1811,83
1461,69
1817,84
1555,72
1550,73
1434,68
1532,74
1673,78
1522,74
1499,71
1635,72
1636,76
1662,76
1762,82
1418,69
1564,74
1719,79
1581,75
1851,85
1439,66
1767,81
1844,84
1822,82
1667,76
1591,75
1874,85
1451,69
1825,84
1617,75
1695,77
1467,69
1554,73
1644,78
1797,83
1557,74
1525,71
1834,84
1588,75
1635,76
1580,75
1710,79
1835,81
1763,82
1542,72
1544,73
1477,69
1522,73
1761,81
1847,84
1845,85
1843,85
1778,82
1627,77
1594,73
1795,83
1655,75
1823,82
1685,75
1494,70
1651,76
1744,81
1489,73
1603,76
1499,71
1740,80
1653,74
1649,76
1603,77
1752,81
1665,78
1655,75
1845,85
1783,82
1592,74
1802,82
1670,76
1663,78
1803,83
1667,76
1765,81
1646,77
1786,80
1707,80
1783,82
1581,73
1687,76
1604,74
1851,83
1460,70
1685,79
1772,82
1473,68
1329,66
1825,84
1716,79
1481,71
1823,84
1804,80
1600,75
1805,83
1596,74
1669,78
1712,77
1719,81
1746,79
1738,80
1618,73
1760,82
1864,82
1621,76
1619,74
1823,84
1519,70
1710,80
1801,83
1845,85
1686,78
1566,74
1786,81
1847,85
1467,69
1851,85
1542,75
1634,76
1843,85
1522,73
1710,79
1480,67
1452,70
1779,79
1793,80
1659,76
1506,70
1764,81
1587,73
1842,84
1779,80
1792,81
1724,79
1545,74
1618,75
1636,75
1876,85
1651,75
1718,80
1778,82
1704,80
1728,77
1685,78
1551,74
1679,77
1582,75
1871,83
1429,69
1523,72
1728,79
1845,85
1667,76
1529,72
1513,72
1673,77
1651,78
1747,79
1611,75
1837,84
1666,76
1677,77
1551,71
1477,71
1594,73
1611,74
1652,73
1845,84
1431,69
1695,76
1827,83
1618,71
1438,69
1819,84
1561,72
1896,85
1488,73
1515,71
1459,68
1659,78
1684,75
1487,68
1769,82
1601,75
1758,82
1665,78
1854,83
1807,83
1539,72
1396,70
1842,84
1554,73
1777,83
1740,80
1643,75
1604,73
1606,76
1761,81
1823,83
1613,76
1801,83
1835,83
1325,67
1470,72
1781,79
1777,82
1809,83
1821,83
1504,69
1652,75
1768,80
1462,71
1571,75
1747,79
1624,74
1703,77
1848,82
1699,77
1761,82
1805,82
1438,71
1710,79
1649,76
1755,82
1629,75
1579,74
1630,77
1604,75
1590,73
1556,73
1599,74
1626,73
1866,83
1827,84
1724,79
1648,76
1811,82
1729,79
1729,77
1795,82
1838,84
1451,71
1872,85
1848,83
1646,77
1500,70
1416,67
1581,75
1830,84
1627,76
1708,79
1502,72
1856,83
1793,82
1522,74
1778,81
1572,73
1418,67
1776,80
1765,82
1546,73
1714,79
1497,73
1746,81
1638,78
1712,78
1596,73
1648,75
1589,74
1640,76
1731,81
1479,69
1774,81
1701,77
1564,73
1666,75
1561,72
1581,71
1774,82
1759,82
1601,77
1547,73
1792,82
1679,75
1770,82
1743,80
1579,74
1587,74
1442,70
1657,78
1825,84
1604,73
1824,84
1509,72
1654,78
1656,75
1383,68
1372,67
1530,73
1671,79
1527,72
1570,74
1686,76
1574,74
1536,71
1627,76
1824,84
1588,73
1583,75
1672,77
1774,79
1434,68
1518,72
1713,79
1480,70
1718,77
1662,73
1638,77
1629,74
1387,65
1789,82
1891,84
1606,76
1596,72
1845,85
1604,77
1716,78
1409,68
1628,75
1616,75
1840,84
1766,81
1501,72
1851,84
1467,70
1665,76
1599,74
1789,82
1603,73
1647,75
1537,70
1782,82
1820,83
1677,77
1593,72
1825,83
1660,75
1539,70
1680,78
1592,73
1646,77
1592,75
1661,76
1613,75
1743,80
1802,81
1794,81
1471,70
1689,78
1553,73
1811,84
1688,79
1646,76
1770,79
1482,70
1745,80
1635,76
1597,75
1637,75
1563,70
1635,77
1349,66
1778,82
1741,79
1564,73
1415,67
1599,75
1712,79
1851,84
1864,84
1565,73
1864,85
1651,75
1725,80
1733,79
1663,78
1851,85
1621,75
1622,77
1629,75
1507,71
1799,83
1627,75
1685,78
1375,67
1868,84
1536,73
1513,71
1684,75
1807,84
1515,72
1660,76
1737,80
1805,82
1735,80
1654,77
1722,80
1622,77
1473,70
1604,74
1824,83
1635,76
1580,73
1761,79
1778,83
1806,83
1629,76
1778,80
1622,76
1796,83
1421,68
1491,70
1706,80
1717,80
1246,62
1641,74
1804,82
1651,73
1600,74
1521,73
1649,76
1662,77
1538,71
1716,79
1572,73
1724,79
1630,76
1675,77
1432,66
1815,82
1571,74
1474,70
1538,71
1470,70
1821,83
1773,82
1672,75
1838,83
1864,84
1662,78
1541,72
1501,71
1698,80
1763,81
1699,78
1747,81
1768,80
1873,85
1627,74
1535,72
1618,76
1815,84
1600,73
1558,70
1823,82
1627,77
1757,81
1756,80
1596,74
1570,75
1445,69
1504,67
1508,73
1499,70
1563,72
1428,68
1581,73
1813,84
1750,81
1829,84
1809,81
1691,79
1548,73
1615,72
1439,67
1586,74
1629,75
1855,83
1538,73
1650,77
1717,79
1708,79
1508,72
1675,77
1595,74
1654,77
1599,74
1644,77
1488,68
1541,73
1725,80
1559,71
1667,76
1819,84
1641,75
1705,79
1730,78
1542,74
1636,76
1641,77
1871,83
1770,81
1730,79
1573,70
1726,76
1592,74
1743,79
1715,81
1811,82
1819,84
1830,83
1717,80
1646,77
1795,82
1818,82
1653,76
1846,83
1814,84
1358,65
1783,82
1922,84
1778,80
1813,83
1656,78
1680,76
1741,79
1819,84
1482,73
1525,73
1537,74
1750,81
1791,81
1503,70
1605,73
1651,75
1467,70
1833,84
1843,85
1644,77
1654,73
1423,69
1666,76
1564,73
1799,81
1575,73
1747,81
1747,80
1581,74
1539,71
1680,76
1766,80
1475,68
1720,78
1475,71
1847,85
1450,70
1699,75
1827,83
1465,70
1626,76
1636,76
1798,80
1563,71
1774,79
1873,85
1847,84
1822,83
1708,79
1640,77
1551,75
1809,83
1827,84
1521,73
1663,77
1527,72
1718,78
1654,78
1503,70
1819,82
1767,82
1651,77
1726,81
1479,71
1590,75
1522,72
1806,84
1527,70
1452,68
1772,79
1514,71
1836,81
1715,77
1867,85
1738,80
1517,72
1638,78
1603,71
1560,69
1702,79
1561,72
1672,77
1601,74
1448,68
1742,81
1524,70
1742,82
1557,74
1486,70
1769,80
1870,84
1735,80
1467,72
1652,78
1833,83
1849,85
1613,74
1796,83
1560,73
1814,83
1740,81
1674,77
1533,74
1859,85
1616,76
1670,78
1784,82
1664,77
1700,79
1426,66
1770,82
1596,74
1694,79
1338,68
1501,70
1570,72
1579,73
1468,73
1534,74
1786,82
1752,81
1702,76
1831,81
1567,73
1714,79
1468,71
1565,73
1533,72
1704,80
1549,73
1401,68
1633,77
1745,79
1733,80
1739,80
1717,79
1741,79
1548,73
1663,78
1820,84
1664,76
1478,68
1742,82
1836,84
1621,74
1617,74
1539,69
1608,74
1563,69
1573,73
1711,78
1401,69
1780,82
1572,73
1480,71
1591,73
1793,82
1617,71
1563,74
1797,83
1463,68
1666,78
1882,84
1789,80
1588,73
1505,70
1507,69
1609,75
1799,83
1716,79
1726,81
1518,72
1780,81
1658,74
1694,76
1717,78
1731,79
1815,81
1526,71
1353,67
1659,75
1576,75
1826,84
1833,83
1734,77
1672,78
1451,67
1648,77
1563,72
1574,74
1428,67
1486,69
1552,74
1614,76
1544,74
1501,73
1697,77
1551,71
1412,68
1482,68
1664,75
1871,84
1829,84
1845,84
1726,80
1598,73
1717,80
1553,72
1608,74
1656,76
1648,78
1823,84
1783,81
1200,62
1823,84
1477,69
1350,66
1462,68
1642,74
1731,81
1700,80
1571,70
1865,83
1532,72
1746,80
1720,78
1671,79
1705,79
1614,77
1383,67
1729,78
1500,73
1843,85
1429,66
1749,81
1635,77
1545,72
1504,69
1886,84
1647,78
1583,71
1565,73
1765,80
1682,79
1633,75
1710,77
1518,71
1842,83
1733,81
1584,75
1770,82
1685,78
1777,82
1816,83
1618,74
1838,84
1759,78
1720,79
1663,77
1604,76
1608,75
1603,74
1859,85
1682,74
1704,78
1683,76
1643,73
1715,80
1791,82
1838,84
1602,74
1699,79
1727,79
1620,74
1779,82
1817,83
1730,79
1528,72
1466,69
1587,74
1569,76
1731,79
1785,79
1519,71
1878,85
1678,79
1598,74
1715,78
1785,83
1678,75
1704,79
1850,84
1658,74
1790,81
1741,81
1625,75
1240,62
1628,75
1395,70
1594,76
1609,75
1577,76
1562,75
1622,71
1590,73
1774,82
1497,72
1843,85
1662,78
1765,78
1558,72
1541,73
1829,84
1790,82
1822,83
1624,74
1568,72
1571,74
1661,78
1594,76
1460,67
1827,83
1463,71
1688,74
1717,78
1668,78
1707,77
1710,78
1581,74
1563,74
1758,75
1736,81
1785,82
1827,84
1717,78
1619,75
1526,72
1505,73
1696,77
1652,76
1523,73
1831,84
1725,81
1542,71
1564,75
1784,81
1798,83
1716,79
1875,85
1703,80
1525,71
1675,78
1754,80
1628,74
1543,72
1623,75
1781,81
1819,83
1793,82
1546,74
1490,70
1577,74
1620,73
1658,78
1786,81
1574,75
1682,78
1585,74
1779,82
1391,66
1713,78
1436,70
1666,77
1628,73
1814,83
1686,76
1843,85
1517,73
1616,76
1684,78
1698,78
1660,77
1853,84
1671,78
1665,74
1744,82
1585,73
1527,73
1834,84
1777,81
1381,69
1614,77
1409,67
1608,74
1634,74
1490,72
1847,84
1487,71
1846,79
1611,74
1618,74
1808,81
1498,72
1864,84
1606,75
1641,74
1712,80
1736,81
1684,75
1770,81
1817,84
1549,74
1740,79
1748,82
1612,76
1574,75
1615,73
1797,83
1802,84
1565,73
1780,81
1813,83
1752,80
1681,77
1592,74
1824,84
1639,73
1625,77
1762,81
1297,63
1492,69
1622,76
1749,80
1868,84
1746,81
1758,82
1585,71
1407,68
1571,73
1749,77
1501,71
1685,77
1761,81
1477,71
1437,69
1496,73
1730,81
1692,78
1662,76
1748,81
1522,73
1577,74
1775,78
1791,82
1815,82
1652,78
1465,70
1739,74
1770,82
1803,82
1556,72
1736,80
1792,82
1533,72
1808,82
1817,83
1869,85
1833,84
1831,84
1803,83
1707,78
1520,72
1732,81
1490,73
1763,79
1809,83
1858,84
1841,84
1508,72
1769,80
1511,68
1828,82
1831,84
1621,75
1553,74
1818,83
1836,83
1697,75
1775,82
1690,79
1521,71
1807,84
1785,82
1821,84
1599,75
1640,73
1715,78
1465,69
1689,77
1843,85
1658,73
1731,76
1580,73
1457,67
1668,77
1531,73
1817,81
1566,72
1737,80
1566,75
1402,68
1734,80
1473,72
1877,85
1790,81
1829,83
1448,66
1621,74
1591,72
1632,77
1762,81
1817,84
1703,80
1779,82
1851,85
1769,80
1834,84
1799,83
1550,75
1643,74
1782,82
1569,73
1811,84
1833,84
1849,84
1768,81
1649,76
1828,82
1440,72
1793,83
1846,83
1556,74
1771,80
1740,80
1845,85
1567,75
1636,75
1674,75
1702,80
1791,81
1482,71
1434,68
1592,73
1624,74
1814,83
1556,70
1802,83
1847,85
1672,77
1625,76
1487,71
1694,78
1624,73
1828,82
1596,75
1812,83
1569,70
1784,82
1548,73
1526,73
1784,83
1519,71
1847,85
1720,81
1802,82
1723,77
1798,82
1469,70
1597,76
1595,74
1547,70
1473,72
1637,76
1791,80
1690,80
1713,80
1592,73
1796,82
1669,77
1797,83
1657,77
1818,84
1569,74
1757,80
1798,81
1815,84
1790,82
1606,74
1521,73
1570,73
1742,79
1855,83
1644,78
1686,76
1514,72
1770,82
1647,78
1788,81
1877,85
1505,71
1758,81
1845,84
1579,74
1533,71
1722,79
1621,75
1778,82
1682,78
1760,79
1651,75
1619,77
1584,77
1837,81
1382,66
1628,75
1754,82
1528,70
1672,79
1843,85
1625,75
1486,70
1603,76
1857,84
1711,79
1465,71
1688,76
1788,81
1456,70
1602,75
1777,81
1723,78
1492,72
1809,83
1653,75
1824,83
1358,67
1715,79
1750,78
1734,78
1592,75
1823,84
1679,78
1613,75
1440,69
1731,77
1745,79
1477,71
1534,71
1740,81
1650,77
1632,72
1679,78
1749,77
1673,77
1607,74
1564,75
1747,79
1560,75
1509,70
1639,76
1592,77
1567,73
1805,83
1547,72
1688,79
1669,73
1694,80
1634,76
1626,75
1769,81
1500,73
1845,85
1579,71
1748,81
1704,80
1623,73
1769,82
1640,76
1732,80
1773,81
1656,74
1393,68
1731,76
1783,79
1676,78
1616,74
1768,80
1560,71
1827,83
1678,75
1737,79
1690,80
1845,85
1519,70
1610,73
1568,74
1773,80
1606,75
1785,82
1557,75
1580,75
1572,72
1800,81
1550,72
1576,75
1599,74
1553,73
1626,77
1738,80
1707,77
1801,83
1607,76
1429,70
1884,84
1737,78
1448,71
1664,79
1802,82
1516,72
1703,80
1830,83
1487,72
1846,84
1566,73
1370,67
1760,81
1551,73
1481,71
1771,81
1777,82
1529,71
1501,70
1663,78
1530,73
1732,80
1833,84
1702,80
1591,72
1787,82
1596,71
1801,83
1855,84
1757,81
1809,83
1714,79
1613,75
1470,69
1772,80
1865,83
1671,78
1649,77
1550,75
1496,71
1535,72
1630,75
1592,75
1493,71
1660,78
1712,80
1543,73
1575,74
1691,74
1604,73
1503,69
1693,75
1832,82
1707,80
1493,72
1631,76
1611,73
1518,73
1450,72
1604,76
1510,70
1717,79
1702,79
1696,78
1635,76
1593,76
1472,71
1748,79
1545,71
1859,85
1807,84
1833,84
1776,81
1689,77
1623,75
1511,73
1860,84
1749,80
1658,76
1753,78
1821,84
1503,72
1843,85
1685,77
1670,76
1739,78
1600,76
1788,81
1741,81
1759,79
1671,78
1641,77
1813,82
1504,70
1683,75
1577,73
1561,73
1459,71
1513,73
1747,82
1704,77
1637,74
1775,82
1705,79
1754,81
1646,76
1709,77
1756,79
1729,79
1866,82
1592,75
1532,71
1653,76
1790,81
1602,75
1650,77
1590,74
1642,77
1742,79
1613,72
1638,76
1488,70
1606,75
1731,79
1806,82
1528,72
1513,72
1810,83
1581,72
1770,81
1843,85
1799,82
1511,73
1634,77
1694,76
1864,85
1830,83
1819,84
1822,83
1622,74
1807,83
1788,83
1721,79
1618,76
1695,76
1528,73
1629,74
1561,75
1699,78
1682,78
1774,82
1740,81
1837,84
1477,71
1740,79
1590,72
1550,73
1583,74
1523,70
1785,79
1541,74
1536,72
1777,82
1798,82
1549,73
1659,76
1786,81
1837,84
1526,70
1634,76
1741,77
1720,79
1873,85
1607,74
1524,73
1817,83
1568,74
1776,82
1749,82
1769,79
1556,70
1550,73
1510,71
1458,71
1776,82
1639,77
1599,74
1725,76
1481,72
1794,79
1491,70
1566,72
1779,83
1606,75
1747,81
1673,77
1810,82
1843,85
1392,70
1786,80
1872,85
1544,71
1441,68
1704,80
1824,84
1790,81
1618,75
1843,85
1649,77
1485,72
1786,81
1606,77
1603,75
1396,66
1653,76
1539,70
1754,82
1889,84
1760,82
1690,78
1706,78
1843,85
1671,78
1798,83
1699,78
1602,72
1819,84
1493,70
1843,85
1832,83
1687,78
1611,73
1815,83
1683,79
1441,68
1760,80
1617,74
1742,81
1653,77
1823,84
1711,78
1586,74
1561,74
1596,75
1483,71
1843,85
1545,72
1718,78
1845,81
1578,73
1643,76
1467,71
1657,76
1834,84
1816,84
1579,76
1870,83
1503,72
1678,75
1749,79
1518,72
1769,79
1829,80
1543,73
1590,77
1805,83
1575,75
1458,69
1493,68
1772,79
1819,82
1752,82
1452,70
1630,74
1664,77
1780,81
1610,76
1602,74
1496,74
1594,75
1710,76
1840,84
1878,85
1801,83
1627,75
1494,71
1826,81
1644,77
1869,85
1652,77
1753,81
1678,79
1694,77
1561,74
1475,69
1332,64
1782,83
1750,82
1621,76
1603,75
1730,79
1535,73
1702,79
1684,78
1773,79
1871,85
1841,85
1513,70
1785,82
1571,73
1522,72
1496,73
1482,71
1561,72
1661,77
1438,70
1497,70
1815,84
1696,79
1451,71
1671,78
1798,82
1431,71
1427,68
1570,76
1686,79
1717,80
1485,67
1394,67
1505,73
1605,76
1623,76
1742,82
1550,73
1472,71
1692,79
1816,82
1770,82
1513,69
1372,69
1656,78
1696,78
1528,71
1594,76
1569,75
1714,77
1654,78
1539,73
1677,77
1649,77
1841,85
1683,76
1610,73
1785,82
1772,81
1717,77
1564,75
1838,80
1701,79
1377,66
1706,79
1420,66
1630,77
1504,72
1489,72
1671,76
1717,78
1845,83
1652,77
1659,79
1681,76
1823,82
1845,85
1775,82
1510,73
1721,80
1528,73
1874,84
1836,84
1733,81
1747,80
1675,72
1783,82
1514,72
1458,66
1547,75
1828,83
1696,79
1629,75
1734,80
1855,85
1437,72
1724,77
1750,81
1832,84
1649,75
1671,78
1821,84
1500,70
1773,82
1462,68
1557,71
1724,79
1614,76
1853,84
1430,67
1673,78
1704,77
1769,81
1892,85
1582,72
1739,80
1575,75
1590,76
1602,74
1619,73
1594,74
1473,70
1754,81
1551,74
1537,71
1841,85
1753,80
1799,83
1767,81
1627,76
1811,84
1622,73
1534,69
1559,72
1494,73
1566,74
1835,83
1814,83
1694,76
1600,74
1843,85
1543,73
1680,77
1540,73
1799,83
1455,69
1787,82
1645,76
1530,71
1795,82
1668,77
1511,72
1492,69
1520,72
1608,77
1607,75
1400,68
1731,78
1843,85
1530,69
1514,71
1557,69
1842,84
1626,76
1687,77
1655,74
1570,75
1849,85
1537,72
1717,79
1637,77
1811,84
1629,76
1769,80
1609,74
1767,78
1626,76
1853,85
1341,65
1818,83
1561,71
1560,69
1430,70
1373,69
1750,82
1868,85
1633,77
1535,72
1849,85
1552,71
1516,69
1640,76
1679,77
1775,81
1511,68
1816,80
1622,73
1521,73
1741,81
1795,80
1503,72
1646,75
1507,73
1711,75
1630,76
1611,75
1342,65
1535,71
1440,70
1785,82
1628,75
1649,73
1703,79
1860,84
1510,71
1800,83
1533,71
1520,71
1485,73
1618,73
1472,71
1785,83
1721,79
1511,70
1454,67
1586,75
1624,74
1711,81
1486,70
1619,77
1685,75
1696,80
1768,81
1686,79
1537,72
1851,84
1591,76
1637,76
1535,71
1653,76
1462,72
1601,76
1536,69
1744,79
1854,82
1551,71
1630,77
1455,72
1711,76
1756,80
1583,74
1764,79
1786,83
1470,69
1448,70
1777,82
1838,84
1464,70
1562,73
1601,74
1841,85
1630,76
1779,79
1396,70
1686,78
1767,82
1578,74
1569,74
1740,82
1714,80
1460,72
1489,72
1756,81
1816,84
1480,71
1477,72
1841,85
1439,70
1836,82
1540,74
1606,75
1651,77
1508,72
1631,74
1649,76
1336,65
1719,81
1627,76
1834,82
1798,82
1579,76
1581,75
1613,77
1693,77
1843,85
1564,71
1647,74
1598,76
1781,79
1697,77
1403,68
1841,85
1760,82
1890,84
1607,74
1598,73
1622,77
1525,72
1444,66
1582,75
1510,70
1821,84
1575,75
1473,70
1464,70
1567,72
1855,85
1642,75
1560,74
1577,72
1843,85
1560,72
1650,77
1607,75
1477,69
1801,83
1731,80
1751,81
1599,75
1475,70
1809,84
1614,77
1582,74
1761,81
1507,74
1753,82
1557,74
1658,77
1781,81
1651,79
1729,79
1492,69
1559,74
1557,75
1671,78
1841,85
1619,74
1528,73
1434,72
1760,79
1527,70
1298,65
1575,73
1486,70
1459,69
1741,79
1541,74
1616,76
1514,73
1724,82
1735,81
1403,68
1718,81
1611,72
1488,73
1612,77
1754,80
1603,74
1510,69
1481,71
1501,72
1582,73
1717,79
1570,73
1536,75
1589,74
1752,79
1524,70
1639,74
1845,85
1786,80
1524,70
1501,72
1593,75
1692,79
1619,74
1843,83
1830,79
1796,83
1496,70
1717,80
1731,80
1497,72
1634,75
1422,68
1695,77
1851,85
1643,78
1507,73
1683,75
1496,70
1819,84
1832,83
1587,75
1841,85
1823,84
1767,80
1731,79
1725,80
1708,80
1577,72
1604,72
1628,77
1478,67
1733,81
1664,77
1731,82
1713,78
1655,75
1549,72
1807,83
1543,69
1479,70
1470,72
1851,85
1679,78
1562,73
1704,79
1583,72
1551,72
1462,72
1803,82
1740,81
1775,83
1467,69
1319,68
1668,77
1434,69
1852,84
1826,83
1558,70
1651,75
1749,82
1483,72
1714,80
1801,81
1573,72
1845,85
1756,82
1399,67
1560,73
1490,72
1474,71
1585,76
1582,72
1641,77
1586,75
1792,82
1576,74
1458,70
1475,73
1628,77
1686,78
1469,70
1839,84
1580,75
1637,78
1596,76
1673,78
1627,77
1367,66
1841,85
1559,75
1649,79
1849,81
1839,85
1732,81
1682,78
1839,85
1513,72
1775,81
1609,76
1608,74
1577,70
1700,79
1462,69
1679,77
1587,74
1600,76
1781,80
1796,82
1578,71
1571,75
1599,72
1762,82
1574,74
1478,69
1427,68
1445,67
1650,76
1476,69
1497,70
1771,79
1462,72
1406,70
1817,84
1731,81
1615,76
1629,77
1839,84
1675,79
1644,77
1596,77
1821,83
1660,77
1757,82
1490,71
1657,76
1570,75
1522,71
1656,77
1521,73
1608,77
1829,83
1819,84
1766,81
1521,70
1686,78
1435,71
1429,67
1891,86
1869,85
1791,82
1503,73
1582,72
1891,86
1499,73
1656,76
1514,72
1575,74
1659,76
1799,82
1595,73
1634,74
1722,77
1893,86
1564,73
1711,78
1578,76
1897,84
1641,78
1763,80
1674,79
1604,75
1749,80
1918,85
1582,72
1561,74
1826,83
1555,70
1808,82
1550,73
1606,78
1724,80
1487,70
1788,83
1652,78
1852,84
1818,83
1687,80
1575,76
1680,76
1589,75
1726,78
1327,64
1599,74
1625,75
1348,64
1711,77
1702,80
1630,75
1569,76
1651,76
1782,82
1709,79
1562,74
1801,83
1517,73
1569,77
1468,69
1844,83
1628,75
1666,75
1475,70
1815,82
1884,85
1573,74
1537,72
1819,84
1833,83
1717,80
1374,66
1548,73
1576,75
1794,83
1642,76
1631,79
1891,86
1743,78
1802,80
1803,82
1692,79
1695,78
1871,85
1810,83
1450,70
1675,78
1633,76
1609,78
1625,75
1823,81
1809,83
1547,70
1687,76
1891,86
1743,80
1878,84
1571,75
1839,84
1629,75
1687,77
1511,69
1726,78
1777,81
1652,76
1861,85
1540,73
1732,81
1729,80
1893,85
1735,82
1869,84
1792,80
1898,84
1523,74
1403,69
1891,86
1735,79
1516,72
1781,81
1748,81
1758,82
1784,82
1636,76
1454,71
1434,68
1495,67
1849,84
1826,82
1859,85
1749,81
1819,84
1891,86
1691,78
1735,79
1715,79
1633,75
1872,85
1650,77
1615,75
1802,83
1699,77
1742,80
1631,77
1645,78
1759,79
1811,82
1621,77
1625,73
1790,80
1834,82
1453,71
1719,80
1784,80
1561,74
1720,80
1554,73
1729,80
1587,74
1669,76
1527,72
1688,78
1856,85
1630,76
1895,85
1487,69
1684,77
1690,77
1737,81
1610,76
1662,78
1622,76
1508,71
1638,78
1605,76
1675,76
1565,74
1421,68
1570,72
1671,77
1868,84
1720,80
1559,74
1758,81
1403,70
1821,83
1702,78
1622,72
1499,71
1782,82
1736,80
1405,67
1551,75
1541,70
1895,86
1841,84
1724,79
1609,75
1895,86
1758,80
1727,79
1461,71
1686,76
1462,70
1725,80
1528,70
1542,74
1843,82
1761,80
1841,85
1531,74
1531,73
1817,82
1701,79
1768,82
1792,83
1820,82
1695,80
1731,80
1546,73
1704,78
1560,75
1851,84
1705,81
1690,77
1550,73
1856,83
1515,72
1567,74
1632,76
1534,74
1414,65
1448,68
1563,72
1685,80
1567,77
1677,78
1769,80
1718,79
1626,75
1851,84
1649,78
1560,75
1747,81
1630,74
1789,82
1506,72
1823,82
1774,81
1625,75
1690,78
1664,79
1565,75
1775,82
1864,83
1423,66
1659,78
1474,70
1873,84
1815,79
1606,74
1579,76
1743,81
1902,84
1747,81
1818,82
1551,74
1693,79
1680,76
1518,73
1566,76
1601,76
1629,74
1801,82
1534,74
1835,84
1535,73
1876,84
1663,77
1521,71
1616,78
1448,67
1864,81
1676,78
1821,82
1541,74
1540,74
1598,76
1602,77
1490,71
1808,81
1653,77
1665,77
1633,77
1580,75
1743,79
1612,76
1806,83
1831,84
1896,85
1757,80
1674,78
1738,80
1499,70
1707,79
1561,73
1572,75
1799,82
1678,79
1466,70
1674,79
1618,74
1473,68
1652,76
1891,86
1664,77
1863,84
1787,80
1860,85
1672,79
1711,81
1748,80
1901,84
1678,77
1895,86
1669,76
1690,78
1644,75
1689,77
1843,84
1618,76
1917,83
1689,78
1424,70
1567,75
1871,84
1934,86
1609,76
1513,71
1547,69
1690,80
1856,85
1529,72
1659,76
1802,83
1865,85
1540,73
1706,76
1603,75
1473,73
1727,79
1773,82
1857,85
1891,86
1754,79
1476,68
1787,82
1660,77
1411,65
1581,76
1676,79
1711,78
1489,72
1614,74
1474,70
1605,77
1551,74
1583,74
1659,72
1473,73
1484,72
1611,71
1616,76
1633,77
1685,77
1626,75
1714,79
1851,84
1564,72
1614,75
1864,85
1886,85
1809,82
1456,72
1703,78
1883,85
1549,74
1539,72
1553,72
1584,71
1755,82
1471,68
1608,76
1637,78
1639,77
1414,65
1631,77
1607,73
1596,73
1662,77
1595,72
1569,71
1745,80
1772,81
1857,85
1891,86
1580,75
1544,71
1449,71
1688,79
1822,83
1669,78
1565,73
1421,71
1370,66
1505,72
1745,80
1639,78
1646,75
1744,80
1785,80
1706,79
1802,83
1833,84
1792,81
1596,76
1540,74
1788,82
1810,79
1737,80
1648,77
1893,86
1646,78
1739,81
1794,80
1387,66
1531,71
1464,72
1712,79
1726,80
1487,71
1634,77
1839,84
1739,79
1652,77
1617,75
1754,81
1677,77
1893,86
1835,84
1891,84
1542,71
1597,73
1446,65
1679,79
1586,70
1668,79
1664,79
1803,82
1709,77
1853,84
1576,73
1535,71
1855,85
1876,84
1890,83
1492,68
1797,82
1818,79
1889,86
1646,74
1526,73
1914,86
1891,86
1401,67
1532,73
1626,72
1653,76
1768,82
1485,71
1613,76
1689,77
1803,81
1765,80
1443,70
1603,74
1869,83
1488,69
1477,72
1863,85
1928,86
1803,80
1657,77
1889,86
1652,73
1696,75
1800,83
1813,81
1610,75
1620,77
1559,73
1666,76
1846,84
1831,84
1689,77
1597,74
1675,79
1776,81
1604,73
1721,79
1889,86
1893,86
1649,77
1833,84
1885,85
1862,82
1554,73
1780,80
1313,65
1355,65
1698,80
1680,77
1614,75
1889,86
1698,78
1559,72
1816,83
1730,78
1832,84
1439,70
1592,74
1548,74
1482,69
1626,75
1426,67
1608,74
1402,66
1508,72
1465,73
1603,76
1670,77
1581,74
1535,72
1385,67
1751,80
1583,72
1578,74
1791,81
1665,78
1792,81
1542,74
1715,80
1719,79
1623,76
1596,72
1560,72
1650,75
1848,84
1865,84
1788,82
1396,68
1880,84
1417,68
1594,74
1861,83
1764,81
1623,78
1775,82
1779,80
1733,79
1572,73
1606,73
1563,75
1732,81
1454,70
1738,79
1795,82
1648,77
1851,85
1721,80
1773,80
1753,79
1897,83
1794,81
1845,84
1811,80
1554,72
1442,68
1701,76
1804,83
1750,80
1620,77
1570,73
1730,78
1626,72
1499,70
1539,71
1769,82
1693,79
1860,84
1579,74
1738,81
1798,82
1668,78
1841,82
1460,69
1447,71
1550,74
1801,82
1891,86
1635,75
1624,75
1842,83
1789,79
1617,77
1779,82
1889,86
1859,83
1768,82
1654,74
1579,71
1573,74
1531,72
1725,78
1469,68
1717,81
1614,73
1657,75
1370,69
1889,86
1728,79
1545,72
1679,78
1767,78
1726,81
1664,78
1830,83
1629,75
1779,81
1825,82
1871,85
1638,77
1730,77
1496,72
1754,81
1407,66
1577,76
1891,86
1747,81
1602,76
1645,76
1769,81
1678,78
1778,83
1482,73
1558,73
1585,73
1508,72
1539,72
1836,83
1548,75
1776,81
1567,71
1552,75
1717,80
1770,81
1770,80
1532,73
1804,83
1613,76
1430,70
1872,85
1591,74
1647,76
1869,85
1816,82
1912,85
1767,80
1851,85
1602,76
1683,79
1785,81
1630,77
1700,78
1684,76
1739,80
1439,71
1869,85
1724,80
1733,80
1739,82
1634,76
1762,80
1620,75
1559,75
1533,73
1890,85
1713,78
1758,80
1685,76
1823,82
1606,75
1607,75
1583,74
1582,71
1762,82
1568,76
1644,74
1383,68
1508,70
1570,71
1585,76
1575,73
1612,76
1700,78
1519,73
1435,68
1843,84
1606,75
1762,81
1796,82
1758,79
1664,78
1825,81
1390,67
1519,71
1555,73
1667,77
1822,83
1690,79
1524,75
1911,86
1623,76
1651,78
1602,75
1889,86
1559,73
1475,70
1732,81
1639,76
1776,82
1705,78
1711,79
1578,73
1870,85
1728,79
1728,79
1757,79
1632,75
1843,82
1575,74
1536,73
1850,84
1569,74
1680,78
1744,80
1760,81
1695,80
1657,77
1892,85
1707,80
1750,81
1453,73
1741,78
1674,77
1778,81
1699,80
1389,65
1628,75
1555,73
1465,71
1714,79
1841,84
1771,79
1450,72
1697,77
1657,78
1695,79
1739,80
1423,69
1869,83
1652,76
1858,85
1503,69
1539,73
1649,72
1785,82
1561,70
1683,79
1879,85
1653,76
1337,64
1897,86
1528,72
1718,76
1586,75
1772,81
1764,82
1488,68
1722,79
1422,70
1780,83
1487,72
1365,67
1611,75
1701,78
1515,74
1903,84
1459,72
1581,73
1595,74
1502,71
1522,71
1300,66
1704,79
1454,71
1662,77
1839,82
1769,81
1475,72
1561,75
1597,75
1503,72
1659,78
1575,76
1580,70
1865,84
1485,70
1555,74
1545,73
1531,72
1719,79
1582,73
1590,74
1772,82
1723,79
1716,79
1610,76
1819,83
1451,68
1586,75
1766,77
1838,81
1865,83
1739,80
1726,79
1679,77
1779,80
1485,71
1391,70
1639,77
1857,85
1805,81
1539,75
1803,82
1580,75
1407,70
1691,76
1627,77
1823,84
1480,72
1509,73
1833,84
1710,79
1381,69
1770,82
1499,72
1449,67
1664,77
1521,72
1515,72
1823,83
1548,72
1612,74
1617,77
1569,75
1472,69
1784,82
1507,71
1636,77
1490,69
1820,83
1786,82
1847,84
1841,83
1471,72
1467,69
1702,78
1624,76
1877,85
1835,80
1889,86
1742,77
1892,85
1662,78
1822,83
1673,79
1674,77
1870,85
1784,82
1671,78
1440,67
1688,77
1836,84
1577,74
1826,84
1382,70
1739,78
1693,78
1617,76
1715,80
1859,84
1701,79
1712,81
1677,78
1781,83
1427,70
1650,76
1508,71
1447,70
1515,72
1666,78
1570,73
1498,71
1553,74
1557,73
1645,76
1813,83
1732,79
1685,78
1606,75
1883,85
1565,74
1563,73
1673,79
1481,68
1661,78
1811,82
1774,82
1605,77
1493,74
1488,69
1607,76
1614,76
1723,78
1640,76
1419,69
1851,84
1594,75
1687,78
1761,82
1799,83
1706,80
1850,82
1610,76
1731,79
1853,84
1490,70
1565,74
1815,84
1769,82
1759,81
1640,77
1683,77
1877,85
1729,81
1767,80
1645,78
1935,85
1851,83
1738,79
1497,71
1724,81
1609,75
1809,83
1640,76
1530,74
1839,84
1668,75
1824,84
1712,77
1658,79
1791,80
1527,74
1596,75
1702,79
1518,71
1598,75
1598,75
1572,76
1505,70
1547,74
1840,83
1877,85
1831,83
1833,83
1600,75
1676,79
1517,72
1472,70
1614,75
1753,80
1897,86
1620,77
1580,74
1678,77
1907,85
1750,80
1675,78
1787,81
1435,71
1655,79
1773,82
1650,74
1893,84
1445,71
1576,70
1895,86
1676,77
1739,80
1561,73
1865,85
1669,79
1658,78
1429,70
1596,76
1763,81
1614,75
1530,73
1519,73
1565,76
1608,77
1587,75
1744,81
1737,79
1554,73
1433,68
1662,77
1698,78
1475,71
1616,76
1418,70
1808,80
1526,75
1801,82
1534,72
1463,72
1650,76
1748,80
1889,83
1561,73
1719,79
1528,71
1665,75
1883,85
1580,74
1578,72
1526,72
1816,84
1610,73
1687,79
1723,78
1662,78
1882,85
1732,78
1727,80
1364,69
1889,86
1730,79
1751,81
1577,74
1821,84
1507,73
1584,73
1482,72
1627,76
1558,75
1810,82
1576,70
1668,78
1714,79
1534,72
1691,78
1841,83
1727,78
1787,79
1758,80
1803,82
1752,81
1724,81
1741,80
1664,72
1596,76
1501,71
1529,71
1698,77
1819,83
1889,86
1746,82
1587,76
1693,79
1536,72
1688,79
1688,78
1538,72
1573,75
1840,84
1745,77
1623,76
1641,78
1571,74
1618,75
1667,78
1431,67
1636,75
1685,78
1474,71
1687,78
1448,71
1859,83
1724,80
1624,76
1689,77
1528,74
1769,82
1889,86
1681,76
1615,76
1665,77
1781,80
1603,74
1889,86
1891,86
1617,74
1488,71
1707,79
1784,82
1889,86
1629,76
1687,75
1702,78
1645,76
1728,80
1821,84
1842,84
1532,71
1717,79
1901,86
1514,69
1889,86
1639,78
1795,81
1697,77
1889,85
1847,83
1632,75
1889,86
1555,73
1851,84
1482,70
1692,79
1632,75
1694,78
1703,76
1471,69
1720,77
1527,72
1603,74
1612,76
1764,82
1887,85
1850,84
1824,82
1739,79
1656,76
1889,86
1693,77
1647,75
1493,70
1563,74
1651,75
1545,73
1577,73
1754,79
1765,80
1848,84
1785,82
1641,76
1683,80
1688,80
1893,86
1699,77
1672,78
1553,71
1775,79
1679,76
1524,72
1816,82
1772,82
1560,72
1889,86
1688,78
1709,77
1672,76
1911,86
1711,77
1641,76
1674,78
1841,84
1910,86
1763,81
1863,83
1716,78
1640,75
1775,81
1655,77
1583,74
1889,86
1553,75
1849,84
1611,74
1504,70
1883,84
1431,66
1600,72
1740,79
1582,74
1859,84
1450,69
1861,84
1769,82
1727,80
1790,83
1437,68
1305,66
1528,74
1429,71
1380,66
1632,76
1551,72
1707,77
1726,79
1605,74
1575,73
1603,74
1567,74
1626,77
1758,79
1751,80
1718,79
1837,84
1581,75
1636,75
1456,71
1750,77
1713,79
1675,77
1414,66
1618,76
1800,80
1662,78
1755,79
1661,78
1677,77
1786,82
1688,79
1572,74
1676,75
1735,78
1656,77
1744,79
1498,71
1656,76
1764,81
1889,86
1787,83
1435,68
1447,71
1759,80
1679,76
1627,72
1607,76
1350,67
1808,82
1519,71
1547,70
1755,79
1474,71
1438,70
1879,85
1772,81
1819,83
1646,75
1507,69
1815,83
1892,85
1710,81
1554,75
1542,73
1607,73
1877,86
1430,69
1553,71
1679,79
1788,82
1651,77
1829,84
1870,82
1877,86
1717,79
1558,73
1634,76
1777,80
1575,75
1700,79
1518,71
1700,76
1848,83
1534,69
1680,77
1708,81
1772,81
1814,79
1768,79
1646,76
1741,77
1529,71
1694,80
1562,74
1807,84
1404,68
1578,74
1464,72
1699,77
1659,75
1616,75
1619,76
1655,77
1757,80
1627,75
1877,86
1652,77
1661,77
1680,78
1707,78
1588,72
1540,71
1392,69
1472,69
1619,75
1664,77
1770,80
1839,85
1843,83
1690,75
1802,82
1768,80
1427,69
1568,71
1478,71
1637,75
1316,66
1387,67
1867,85
1806,82
1784,81
1324,66
1889,86
1694,80
1585,74
1716,81
1495,70
1523,72
1561,72
1724,80
1650,77
1676,78
1877,86
1538,71
1806,81
1929,86
1340,66
1587,74
1544,73
1775,81
1685,78
1665,75
1801,83
1482,72
1846,83
1741,79
1612,75
1752,79
1788,81
1760,80
1816,80
1460,68
1527,74
1625,74
1665,76
1685,76
1738,81
1572,76
1613,75
1751,82
1504,73
1844,83
1651,76
1604,73
1619,74
1446,70
1602,76
1710,74
1371,67
1477,70
1737,79
1661,78
1866,85
1552,73
1514,73
1388,67
1448,68
1585,75
1701,79
1468,71
1615,75
1860,85
1676,78
1684,77
1601,72
1610,74
1597,73
1877,86
1518,70
1830,84
1773,83
1794,82
1468,70
1667,78
1608,76
1715,75
1845,84
1791,83
1791,81
1734,77
1620,74
1617,75
1404,70
1765,82
1860,81
1670,78
1616,74
1663,75
1550,72
1851,84
1657,74
1690,78
1549,74
1844,85
1728,78
1798,82
1850,83
1763,81
1660,79
1666,79
1839,83
1749,82
1817,84
1580,73
1693,78
1755,79
1686,79
1638,77
1804,82
1518,70
1816,83
1345,67
1704,80
1355,66
1879,83
1656,76
1876,85
1242,63
1841,83
1658,77
1815,83
1877,86
1581,74
1833,82
1793,82
1646,77
1631,74
1531,73
1719,79
1780,80
1690,78
1837,83
1818,83
1808,83
1676,78
1551,73
1701,79
1765,82
1877,86
1724,79
1586,76
1533,73
1879,86
1885,86
1754,79
1844,85
1839,84
1620,74
1865,85
1689,79
1748,81
1565,75
1697,79
1785,82
1851,85
1681,77
1782,81
1891,85
1620,77
1374,65
1879,86
1412,70
1775,78
1885,86
1700,78
1546,73
1472,71
1645,75
1569,75
1546,75
1531,71
1588,74
1462,72
1811,80
1802,83
1782,82
1839,83
1390,70
1616,76
1638,75
1540,73
1740,80
1859,82
1854,83
1721,79
1487,72
1371,71
1590,72
1723,77
1729,80
1520,71
1794,81
1706,77
1516,69
1602,73
1749,80
1634,76
1648,76
1684,79
1363,69
1839,83
1675,77
1541,71
1566,74
1591,74
1396,67
1770,81
1873,85
1688,79
1393,66
1561,74
1745,80
1362,65
1488,72
1652,76
1555,71
1883,86
1731,79
1784,81
1604,74
1457,68
1638,75
1821,82
1459,72
1699,77
1546,73
1441,71
1554,72
1823,83
1737,81
1881,85
1745,79
1573,73
1535,73
1660,76
1838,85
1642,77
1610,73
1651,76
1814,82
1666,76
1751,80
1352,69
1774,80
1585,73
1658,76
1799,82
1602,72
1607,75
1692,77
1642,78
1539,73
1727,77
1592,70
1806,82
1710,79
1420,70
1821,84
1629,74
1565,75
1845,81
1598,75
1436,68
1908,85
1785,80
1585,75
1859,85
1711,79
1777,82
1699,79
1867,85
1524,69
1743,78
1558,73
1518,72
1601,76
1537,74
1631,78
1537,74
1864,85
1676,78
1811,83
1693,80
1717,77
1631,76
1843,85
1698,77
1852,82
1883,85
1627,76
1877,86
1457,70
1599,75
1489,71
1779,81
1862,84
1618,74
1710,79
1567,74
1515,71
1471,71
1735,81
1405,70
1622,78
1624,76
1761,79
1406,69
1744,81
1725,80
1717,78
1775,82
1725,80
1825,81
1470,68
1780,82
1805,84
1577,75
1670,77
1830,83
1697,75
1713,81
1728,79
1600,74
1767,80
1893,86
1689,77
1731,79
1805,82
1852,84
1485,72
1517,74
1561,73
1737,79
1732,81
1484,72
1721,80
1739,78
1509,72
1576,75
1780,81
1613,77
1783,81
1818,84
1762,82
1572,73
1544,74
1897,86
1463,69
1762,82
1846,85
1885,85
1581,74
1422,66
1734,80
1533,71
1708,77
1377,66
1805,83
1837,81
1699,79
1819,84
1813,83
1645,76
1649,76
1603,75
1586,76
1933,86
1555,74
1790,80
1838,84
1311,67
1583,73
1877,86
1528,73
1547,71
1740,80
1665,76
1738,82
1769,80
1606,76
1866,85
1648,78
1671,76
1557,72
1505,71
1559,74
1877,86
1513,71
1515,72
1736,81
1788,81
1623,75
1502,71
1554,72
1528,71
1598,77
1887,86
1695,79
1584,73
1782,81
1673,78
1722,77
1915,86
1885,86
1772,80
1707,78
1680,77
1670,78
1582,72
1592,72
1672,77
1659,78
1506,69
1729,78
1665,77
1836,84
1734,77
1747,81
1783,83
1789,83
1670,73
1879,83
1681,79
1570,73
1653,77
1589,77
1702,79
1877,86
1731,77
1710,78
1716,81
1549,73
1534,73
1672,76
1819,84
1626,76
1868,83
1587,73
1759,79
1872,84
1581,76
1747,79
1633,77
1788,82
1867,85
1729,79
1704,80
1754,80
1806,83
1842,85
1597,75
1564,73
1839,85
1758,82
1835,82
1793,83
1651,76
1664,78
1764,81
1668,77
1535,73
1787,81
1861,85
1602,75
1680,77
1597,76
1841,84
1877,86
1619,76
1732,78
1556,72
1642,74
1646,75
1658,75
1822,83
1755,81
1386,66
1883,86
1394,68
1752,81
1778,81
1645,75
1655,74
1647,75
1725,78
1574,76
1752,81
1524,71
1628,76
1757,80
1798,82
1642,74
1772,80
1790,80
1738,81
1838,83
1851,85
1610,76
1704,80
1641,77
1855,85
1477,68
1877,86
1691,80
1876,85
1839,85
1711,79
1755,78
1486,68
1790,80
1571,70
1437,69
1748,80
1718,79
1547,72
1487,70
1850,84
1618,74
1646,75
1822,83
1837,84
1812,82
1824,83
1603,75
1708,77
1820,83
1658,75
1744,81
1631,75
1814,83
1679,79
1742,81
1825,84
1849,85
1666,78
1826,83
1782,81
1855,85
1604,74
1816,83
1439,70
1573,73
1879,86
1594,73
1748,81
1760,80
1877,86
1778,81
1893,86
1535,71
1691,76
1742,81
1801,82
1708,79
1639,77
1618,75
1789,82
1631,75
1589,75
1740,80
1720,78
1780,82
1516,72
1569,76
1877,86
1877,86
1666,76
1742,80
1826,84
1667,78
1807,83
1875,83
1777,81
1874,85
1721,80
1592,75
1838,84
1894,85
1751,79
1754,81
1570,73
1725,79
1710,78
1803,83
1752,80
1659,78
1448,69
1751,81
1821,81
1448,68
1554,73
1669,78
1803,82
1864,85
1816,82
1609,76
1512,72
1564,74
1721,78
1756,79
1711,78
1761,81
1840,83
1864,85
1668,77
1559,76
1637,77
1537,72
1726,79
1826,82
1877,86
1685,77
1611,75
1527,73
1682,79
1423,67
1595,74
1853,84
1591,74
1461,71
1641,74
1729,78
1369,66
1802,78
1712,79
1729,79
1879,86
1560,73
1591,75
1492,72
1614,74
1672,79
1733,78
1562,73
1735,81
1714,79
1803,82
1759,76
1855,85
1679,77
1949,85
1690,77
1773,81
1769,82
1458,70
1679,79
1799,83
1641,76
1837,84
1808,84
1536,73
1699,79
1828,83
1776,82
1700,78
1690,74
1599,71
1770,83
1644,77
1868,83
1833,82
1627,76
1619,75
1645,78
1549,72
1696,78
1864,84
1508,70
1653,77
1630,74
1821,83
1522,74
1670,78
1733,78
1460,67
1524,71
1547,72
1893,86
1539,74
1698,78
1770,82
1587,73
1460,68
1608,74
1765,80
1795,83
1487,69
1593,74
1552,73
1820,84
1887,86
1571,72
1755,81
1625,76
1636,76
1552,72
1655,74
1728,79
1779,81
1821,84
1778,79
1885,85
1782,78
1662,76
1683,77
1709,77
1498,70
1903,85
1534,74
1503,72
1573,74
1524,72
1634,77
1491,69
1719,80
1778,82
1829,83
1859,85
1729,80
1481,70
1658,77
1783,77
1546,72
1569,73
1840,83
1755,80
1633,78
1914,86
1780,80
1797,82
1767,81
1855,85
1661,78
1799,82
1851,84
1823,82
1713,79
1795,83
1860,84
1881,83
1555,73
1649,75
1856,84
1588,74
1529,72
1590,75
1474,70
1853,84
1785,81
1558,74
1873,85
1929,86
1577,73
1660,78
1765,78
1721,80
1531,73
1779,79
1863,84
1639,74
1681,78
1868,84
1577,72
1679,77
1879,86
1510,72
1638,75
1754,79
1889,86
1593,76
1849,84
1640,77
1601,74
1728,79
1594,75
1877,86
1748,80
1817,82
1675,77
1951,85
1866,84
1648,75
1841,85
1674,77
1661,78
1707,79
1829,83
1819,84
1748,81
1469,71
1766,81
1764,82
1644,77
1815,83
1601,74
1622,74
1788,80
1833,84
1774,83
1800,80
1830,83
1782,81
1469,70
1877,86
1695,77
1717,79
1676,77
1761,79
1727,79
1558,71
1550,70
1749,80
1640,75
1781,81
1385,67
1710,80
1669,78
1561,72
1751,79
1810,83
1422,69
1790,81
1777,82
1534,74
1674,77
1743,78
1511,73
1879,86
1554,72
1759,82
1515,72
1551,72
1552,73
1745,80
1604,74
1652,78
1607,76
1870,85
1289,64
1765,80
1735,79
1699,77
1643,76
1648,78
1563,71
1620,76