1463,63
1373,59
1452,63
1433,63
1370,61
1430,63
1321,58
1303,58
1334,61
1330,60
1469,65
1365,63
1398,61
1327,60
1405,62
1308,61
1471,65
1380,62
1336,59
1374,61
1399,63
1519,66
1407,63
1299,58
1582,67
1436,60
1380,59
1340,57
1420,63
1471,62
1441,62
1403,62
1409,61
1411,62
1414,63
1336,59
1322,60
1254,58
1440,65
1442,64
1419,60
1472,64
1460,63
1558,66
1438,61
1485,65
1395,63
1400,59
1529,64
1439,62
1549,66
1460,63
1439,62
1399,63
1461,63
1442,63
1449,65
1372,58
1492,63
1490,64
1564,66
1404,63
1267,57
1484,63
1344,59
1490,65
1293,59
1306,59
1505,64
1521,65
1315,60
1498,63
1323,59
1338,60
1557,66
1575,67
1355,60
1437,63
1333,60
1419,61
1497,65
1444,61
1430,62
1375,60
1507,65
1324,59
1500,64
1458,64
1373,61
1437,63
1391,60
1441,63
1513,62
1351,59
1257,58
1414,60
1402,61
1299,60
1332,59
1372,61
1436,61
1453,64
1352,59
1539,66
1408,61
1347,59
1371,61
1485,63
1358,60
1359,60
1531,65
1388,61
1356,60
1356,61
1397,60
1306,59
1430,64
1362,60
1354,59
1353,60
1441,62
1396,63
1391,60
1396,60
1286,58
1521,65
1465,63
1443,61
1413,61
1498,65
1333,58
1395,60
1350,58
1459,64
1259,59
1202,55
1478,62
1345,59
1342,59
1433,62
1396,61
1470,64
1497,64
1440,63
1297,58
1434,61
1463,63
1428,60
1471,65
1487,63
1398,62
1439,63
1363,60
1297,60
1400,62
1369,60
1497,62
1503,64
1438,64
1390,60
1382,61
1459,63
1355,60
1351,58
1511,65
1442,63
1547,63
1379,61
1244,58
1404,60
1366,61
1370,61
1425,63
1411,60
1475,64
1425,62
1483,65
1387,59
1225,56
1415,64
1489,64
1328,60
1270,57
1458,63
1277,57
1305,58
1441,65
1369,60
1349,61
1237,56
1248,57
1489,64
1285,55
1468,62
1399,60
1386,62
1297,59
1392,60
1390,59
1343,60
1398,61
1539,66
1354,61
1416,61
1349,61
1418,64
1450,63
1372,62
1299,59
1420,62
1429,62
1478,63
1459,63
1363,61
1359,60
1490,63
1451,65
1315,60
1455,60
1267,57
1488,65
1342,60
1328,59
1435,62
1462,63
1470,63
1502,64
1253,57
1376,61
1507,65
1397,60
1440,62
1359,59
1464,64
1253,58
1334,60
1386,60
1415,61
1330,60
1392,63
1539,65
1273,60
1423,62
1236,57
1346,59
1413,61
1439,64
1352,60
1566,67
1463,64
1270,58
1462,63
1392,61
1393,62
1339,59
1470,63
1370,61
1459,64
1438,64
1233,57
1421,62
1492,64
1430,63
1388,64
1340,57
1338,61
1452,60
1298,58
1345,57
1354,62
1416,62
1269,57
1378,62
1466,63
1323,60
1513,63
1406,58
1332,61
1410,64
1522,65
1455,62
1386,61
1422,59
1506,65
1349,60
1470,63
1487,64
1311,59
1407,62
1412,63
1342,60
1594,67
1361,60
1392,61
1384,62
1354,59
1309,58
1499,65
1482,62
1355,62
1381,61
1618,66
1413,61
1432,63
1401,63
1341,60
1407,62
1451,63
1406,61
1291,58
1425,64
1248,57
1423,62
1421,64
1423,61
1407,64
1456,64
1394,61
1436,61
1384,60
1447,63
1456,62
1420,62
1591,65
1525,66
1336,62
1445,61
1504,67
1290,57
1387,61
1428,64
1535,66
1253,56
1389,61
1473,65
1316,58
1412,64
1425,64
1395,60
1331,58
1419,64
1362,62
1364,61
1371,61
1418,62
1475,64
1464,65
1298,57
1445,62
1323,61
1351,60
1488,63
1349,61
1368,62
1374,60
1410,62
1487,64
1393,63
1317,60
1402,63
1385,60
1526,65
1406,63
1299,60
1419,63
1327,60
1445,62
1306,59
1521,65
1480,65
1354,61
1466,65
1444,62
1405,63
1467,63
1429,63
1279,57
1522,67
1385,61
1358,61
1385,59
1426,63
1368,59
1381,63
1384,61
1346,59
1408,62
1438,64
1473,65
1334,60
1456,66
1405,64
1596,69
1522,63
1276,57
1556,67
1550,66
1539,66
1548,67
1497,65
1442,62
1393,61
1336,60
1306,60
1453,63
1489,64
1603,69
1444,63
1400,62
1556,64
1368,59
1388,62
1541,68
1501,66
1353,57
1478,65
1531,65
1504,64
1564,64
1515,63
1490,65
1406,62
1467,64
1175,53
1347,57
1513,63
1519,67
1532,67
1439,64
1372,60
1479,64
1430,62
1349,59
1434,59
1570,66
1287,58
1478,66
1424,63
1519,67
1368,60
1448,61
1480,64
1358,61
1381,60
1363,59
1627,69
1501,65
1354,58
1301,60
1395,64
1409,57
1336,60
1329,58
1590,64
1471,64
1371,57
1519,64
1330,60
1380,59
1392,62
1442,63
1474,65
1449,63
1427,61
1287,59
1443,64
1278,59
1276,55
1478,64
1414,60
1374,60
1524,66
1491,65
1354,59
1478,63
1392,60
1314,56
1521,67
1522,65
1334,58
1466,60
1497,63
1465,64
1533,66
1469,65
1578,69
1334,60
1428,62
1364,60
1392,61
1243,56
1277,59
1470,64
1348,61
1228,58
1395,61
1495,63
1588,68
1308,58
1338,56
1617,71
1399,64
1430,63
1462,62
1318,59
1488,64
1362,60
1494,64
1492,64
1351,63
1390,62
1468,63
1533,63
1433,63
1495,63
1391,60
1641,70
1588,67
1503,65
1401,61
1428,61
1262,58
1383,61
1291,57
1345,59
1271,56
1321,60
1569,68
1352,60
1415,63
1542,67
1431,62
1532,66
1548,68
1405,62
1563,64
1449,64
1448,65
1312,60
1332,63
1466,66
1369,60
1375,61
1358,59
1446,62
1384,63
1378,58
1436,65
1507,66
1500,64
1545,67
1325,59
1560,68
1361,62
1544,63
1423,62
1354,59
1370,60
1461,65
1422,61
1475,63
1559,68
1491,66
1406,64
1347,62
1379,61
1563,65
1361,59
1378,59
1448,61
1477,62
1645,71
1363,62
1450,63
1576,67
1506,66
1346,62
1419,62
1391,59
1438,62
1526,63
1456,61
1484,66
1382,61
1549,66
1367,59
1454,62
1545,66
1466,64
1562,67
1269,57
1345,60
1462,64
1379,59
1419,63
1596,69
1367,59
1345,60
1355,60
1449,63
1434,62
1439,62
1364,58
1521,67
1529,65
1480,62
1361,61
1506,64
1425,62
1479,64
1406,60
1373,61
1404,62
1475,65
1427,61
1559,66
1563,69
1331,59
1344,59
1527,65
1396,62
1488,64
1500,65
1420,61
1349,59
1309,57
1482,65
1348,62
1489,66
1375,62
1423,61
1233,58
1395,61
1404,63
1527,66
1419,62
1503,63
1265,57
1343,60
1321,58
1523,66
1496,65
1352,56
1415,63
1380,60
1374,60
1520,63
1393,61
1486,63
1330,59
1548,64
1468,63
1443,63
1533,68
1360,60
1525,67
1372,62
1423,61
1399,62
1471,65
1458,64
1427,63
1469,63
1358,62
1478,64
1561,66
1484,65
1491,65
1479,64
1381,61
1476,67
1516,67
1534,65
1327,59
1434,60
1472,63
1372,61
1500,65
1474,63
1482,64
1210,55
1258,59
1364,62
1476,64
1354,61
1527,64
1279,58
1344,59
1510,65
1479,66
1369,60
1294,56
1468,66
1440,62
1425,62
1369,61
1334,60
1510,67
1285,58
1442,64
1472,62
1493,65
1400,60
1407,60
1516,65
1521,67
1444,65
1524,64
1300,59
1550,66
1412,64
1546,68
1473,64
1476,65
1432,64
1435,65
1284,58
1471,64
1529,67
1371,63
1356,61
1453,65
1358,57
1408,62
1468,64
1308,59
1501,68
1498,63
1379,62
1448,60
1385,62
1363,62
1409,64
1463,63
1323,61
1517,66
1412,61
1483,66
1422,60
1653,67
1341,60
1404,62
1626,69
1355,59
1488,67
1287,57
1434,60
1465,66
1417,63
1272,58
1472,64
1545,67
1431,62
1404,62
1585,67
1375,60
1478,65
1247,55
1576,67
1453,66
1402,60
1359,59
1460,64
1449,63
1437,63
1316,60
1595,68
1349,59
1314,57
1364,58
1315,58
1520,65
1260,55
1591,67
1551,64
1336,58
1548,68
1464,62
1305,62
1403,61
1493,63
1469,63
1327,61
1496,64
1366,60
1517,63
1472,63
1455,64
1550,67
1393,60
1464,64
1218,57
1604,71
1514,64
1367,61
1455,65
1478,65
1509,66
1400,63
1384,60
1411,64
1612,69
1466,66
1405,61
1370,65
1380,62
1618,69
1532,70
1559,68
1239,56
1380,62
1394,63
1423,65
1329,58
1481,64
1385,62
1420,63
1385,64
1474,65
1409,64
1446,63
1504,66
1382,62
1315,57
1446,61
1272,59
1534,64
1430,64
1454,63
1295,57
1510,66
1294,58
1363,61
1490,66
1446,63
1453,64
1458,66
1376,62
1351,59
1610,69
1394,62
1419,62
1357,60
1354,62
1496,66
1320,60
1499,68
1455,63
1403,63
1423,64
1337,59
1390,63
1257,57
1421,62
1389,61
1292,60
1269,60
1302,60
1313,61
1310,62
1410,63
1480,64
1505,66
1314,58
1348,60
1459,65
1477,64
1366,60
1423,62
1324,61
1419,61
1276,60
1341,58
1387,62
1338,61
1408,65
1300,59
1284,58
1442,64
1425,65
1392,61
1501,64
1544,67
1336,61
1527,67
1505,66
1372,60
1562,66
1462,65
1346,63
1454,63
1376,60
1525,66
1372,61
1506,68
1537,67
1378,63
1409,63
1464,66
1437,65
1517,69
1359,62
1466,60
1371,62
1314,59
1495,66
1495,66
1337,62
1397,63
1460,62
1586,66
1260,57
1434,64
1361,62
1404,64
1385,63
1428,63
1337,58
1379,64
1452,66
1528,66
1274,59
1468,67
1337,56
1285,57
1379,60
1429,62
1411,64
1526,66
1539,70
1285,57
1477,64
1315,60
1428,61
1463,65
1486,67
1498,66
1526,68
1432,64
1417,65
1553,66
1344,62
1451,65
1272,60
1442,63
1491,64
1224,53
1396,63
1277,58
1452,65
1347,59
1328,57
1600,67
1492,67
1449,64
1398,63
1267,60
1338,61
1347,63
1478,65
1513,64
1613,70
1430,64
1555,65
1592,70
1340,61
1483,65
1365,61
1507,68
1462,64
1601,69
1524,67
1494,65
1476,66
1388,61
1381,62
1609,69
1409,61
1543,67
1474,63
1424,64
1347,62
1331,59
1434,65
1367,59
1347,60
1367,62
1418,65
1276,58
1439,66
1445,63
1470,63
1392,64
1407,61
1482,63
1492,64
1488,65
1257,57
1366,61
1271,57
1413,65
1474,65
1393,64
1279,57
1302,59
1553,68
1290,57
1453,67
1478,62
1447,64
1528,66
1347,61
1340,63
1353,60
1437,63
1330,61
1430,63
1399,60
1302,62
1408,63
1483,65
1423,65
1540,69
1449,65
1348,59
1451,65
1538,68
1388,64
1417,62
1417,64
1491,66
1320,60
1228,56
1385,63
1216,57
1403,65
1328,56
1366,62
1412,64
1339,60
1464,67
1333,59
1475,64
1475,66
1407,59
1326,61
1386,62
1527,68
1448,63
1496,64
1359,59
1450,65
1551,67
1439,64
1480,66
1469,63
1498,65
1385,62
1251,59
1499,67
1357,59
1422,64
1526,67
1434,63
1358,61
1322,60
1428,63
1453,66
1441,66
1476,65
1334,61
1375,62
1432,61
1505,67
1532,67
1463,65
1572,68
1237,59
1444,64
1381,60
1402,63
1420,63
1436,62
1495,63
1499,68
1470,64
1312,61
1535,68
1394,62
1313,58
1442,63
1466,64
1475,66
1526,65
1520,68
1422,61
1446,64
1538,67
1443,66
1516,65
1335,58
1450,67
1371,62
1451,67
1505,68
1386,64
1351,59
1471,67
1241,58
1460,65
1495,68
1469,64
1305,60
1453,64
1354,60
1539,66
1372,64
1523,63
1450,64
1512,66
1372,61
1367,61
1536,69
1477,65
1503,66
1497,64
1426,63
1466,65
1481,66
1437,62
1418,63
1343,60
1383,63
1534,66
1554,68
1519,64
1557,69
1466,62
1430,64
1282,59
1356,62
1544,67
1513,66
1362,61
1456,63
1358,63
1480,67
1360,63
1411,63
1500,67
1363,60
1452,65
1511,66
1478,62
1240,58
1454,66
1372,62
1408,62
1351,60
1590,69
1404,62
1552,69
1429,67
1555,69
1522,65
1288,58
1339,59
1456,65
1381,63
1429,63
1413,63
1379,63
1472,66
1436,61
1455,65
1550,68
1384,60
1382,63
1432,64
1450,64
1353,60
1628,69
1311,57
1442,64
1365,60
1532,67
1493,63
1552,69
1358,61
1425,64
1456,65
1392,62
1462,66
1539,68
1596,68
1502,67
1645,70
1460,63
1516,69
1524,69
1241,57
1433,66
1502,64
1553,68
1358,62
1464,65
1391,63
1554,67
1332,59
1391,63
1237,55
1650,72
1524,67
1550,69
1425,62
1342,63
1532,68
1339,63
1564,69
1457,65
1489,65
1399,62
1313,60
1495,66
1471,66
1428,63
1524,66
1392,64
1365,60
1452,66
1395,63
1282,56
1397,63
1334,61
1218,58
1364,62
1466,65
1363,61
1565,67
1435,64
1419,63
1392,62
1533,67
1468,64
1648,70
1403,63
1395,61
1477,66
1364,62
1297,59
1467,67
1387,63
1481,67
1343,60
1382,63
1458,62
1419,66
1349,61
1386,65
1558,69
1532,67
1453,65
1425,63
1565,68
1409,64
1518,66
1590,70
1411,63
1604,66
1358,62
1380,62
1558,68
1532,67
1569,69
1449,65
1281,59
1525,69
1272,60
1337,61
1498,65
1443,63
1320,60
1444,65
1555,67
1342,62
1543,68
1495,66
1445,65
1416,65
1542,68
1465,67
1402,61
1244,57
1510,67
1265,59
1470,66
1511,65
1327,61
1282,57
1315,61
1463,67
1585,67
1335,62
1377,63
1663,69
1448,65
1503,67
1309,60
1528,66
1281,59
1352,62
1464,65
1391,63
1398,64
1401,63
1507,67
1567,66
1581,68
1494,68
1516,66
1536,68
1483,64
1470,67
1453,62
1316,61
1503,66
1450,64
1369,64
1424,65
1390,63
1478,66
1441,64
1468,64
1360,59
1476,66
1449,67
1418,63
1435,61
1308,60
1476,65
1391,63
1446,63
1336,60
1529,67
1451,66
1490,67
1282,60
1417,61
1367,63
1398,63
1529,67
1390,64
1470,64
1341,64
1512,65
1331,61
1426,63
1482,66
1371,63
1489,67
1534,66
1631,69
1389,62
1283,61
1576,69
1272,58
1461,67
1429,63
1500,67
1534,63
1384,60
1407,62
1322,62
1473,65
1519,66
1524,65
1403,65
1317,60
1384,62
1370,59
1442,63
1324,62
1490,64
1562,67
1441,65
1362,61
1456,66
1543,68
1483,65
1395,62
1335,58
1382,63
1492,65
1339,60
1506,67
1275,59
1514,66
1410,65
1528,66
1416,62
1422,64
1477,66
1394,65
1498,66
1437,61
1365,63
1541,68
1590,70
1261,61
1448,63
1459,65
1469,65
1426,62
1414,61
1394,64
1422,63
1440,63
1462,63
1450,64
1388,66
1469,65
1453,66
1414,65
1309,60
1451,65
1459,64
1623,71
1489,66
1441,61
1394,62
1310,62
1323,62
1353,61
1464,63
1305,59
1383,65
1507,66
1401,63
1383,62
1464,67
1378,64
1392,63
1468,68
1364,63
1540,68
1367,61
1349,60
1408,62
1407,64
1415,61
1521,68
1539,69
1595,67
1298,59
1428,64
1576,68
1439,64
1576,70
1449,63
1310,61
1456,65
1552,67
1501,66
1503,67
1515,68
1359,63
1547,67
1481,64
1455,64
1459,64
1431,63
1420,62
1514,65
1551,68
1482,67
1384,62
1381,61
1491,66
1477,66
1472,67
1281,59
1452,63
1389,63
1364,62
1358,63
1530,67
1440,65
1410,61
1377,63
1447,65
1423,65
1400,64
1331,59
1473,67
1391,64
1573,70
1501,67
1575,69
1580,70
1422,63
1436,63
1412,62
1399,62
1418,62
1503,68
1178,56
1513,66
1525,64
1511,67
1405,62
1464,65
1406,61
1389,63
1399,63
1527,68
1414,64
1491,66
1508,65
1406,62
1351,61
1374,63
1379,61
1441,63
1388,65
1551,67
1491,67
1413,65
1495,66
1335,64
1349,61
1479,67
1488,64
1361,58
1557,68
1422,61
1523,66
1460,65
1387,63
1610,69
1553,67
1512,68
1636,73
1408,63
1415,65
1504,66
1516,67
1469,66
1465,68
1346,61
1349,61
1307,60
1305,59
1487,64
1577,67
1416,65
1489,67
1439,67
1304,59
1420,66
1319,61
1415,62
1352,62
1476,63
1356,63
1613,70
1362,61
1411,63
1345,61
1461,66
1449,63
1396,65
1418,64
1483,67
1606,69
1415,62
1360,62
1443,64
1488,67
1468,66
1550,67
1357,62
1343,62
1511,65
1490,67
1403,65
1336,60
1371,60
1308,59
1522,68
1360,61
1503,67
1476,66
1298,60
1465,66
1287,60
1454,66
1318,60
1439,64
1483,67
1401,63
1435,65
1429,65
1330,61
1494,66
1367,63
1272,61
1431,65
1447,64
1307,61
1493,66
1327,59
1409,63
1266,57
1523,65
1631,70
1485,65
1550,67
1374,63
1347,62
1419,62
1478,68
1441,64
1500,67
1568,67
1330,63
1424,66
1423,65
1508,64
1449,66
1249,58
1476,67
1378,65
1392,63
1544,67
1437,65
1381,63
1431,63
1470,67
1362,63
1301,60
1473,64
1311,62
1496,66
1231,58
1450,66
1288,59
1405,63
1362,62
1495,66
1528,67
1392,60
1362,60
1445,63
1360,63
1334,60
1475,66
1296,57
1254,59
1433,65
1374,62
1397,61
1208,56
1569,69
1574,69
1375,64
1321,60
1445,65
1287,58
1516,65
1325,61
1459,65
1274,60
1383,63
1588,71
1536,69
1402,63
1275,59
1260,60
1367,62
1598,70
1455,67
1466,65
1445,65
1504,67
1410,64
1299,61
1346,62
1375,63
1516,67
1348,64
1474,65
1454,65
1515,68
1452,65
1533,68
1470,63
1491,66
1370,63
1464,64
1393,65
1472,66
1350,61
1407,62
1445,65
1528,67
1458,67
1488,64
1456,65
1630,71
1383,63
1442,66
1487,65
1461,66
1483,66
1521,65
1387,63
1405,62
1470,67
1382,64
1460,64
1453,65
1480,65
1414,65
1393,64
1413,64
1509,67
1384,63
1376,62
1471,66
1437,66
1327,59
1332,61
1478,69
1400,63
1465,66
1549,68
1596,68
1600,70
1358,63
1608,70
1395,63
1362,60
1448,65
1456,66
1443,63
1448,66
1233,60
1398,64
1510,66
1503,67
1273,62
1486,66
1303,60
1335,61
1540,67
1365,63
1209,58
1474,65
1439,65
1510,68
1329,63
1373,60
1399,63
1451,66
1362,62
1557,67
1335,61
1409,64
1359,64
1429,63
1578,71
1542,68
1500,67
1386,65
1397,64
1569,70
1470,67
1483,62
1379,63
1423,65
1522,69
1418,64
1478,66
1453,64
1526,68
1323,62
1452,65
1378,65
1383,63
1582,69
1519,67
1369,63
1350,62
1516,66
1309,60
1322,60
1400,66
1245,59
1506,69
1508,66
1373,63
1378,65
1569,67
1363,62
1498,67
1483,67
1425,66
1419,62
1530,68
1532,68
1447,64
1278,57
1400,62
1378,62
1355,63
1224,56
1412,60
1425,66
1400,64
1444,66
1221,58
1365,62
1424,66
1243,59
1525,67
1488,66
1460,65
1413,63
1575,69
1248,60
1391,63
1332,62
1424,64
1342,60
1410,64
1438,67
1502,67
1328,62
1339,60
1630,70
1482,67
1417,64
1479,66
1451,64
1448,65
1249,58
1401,64
1553,66
1532,68
1655,71
1378,65
1327,59
1408,63
1471,63
1287,58
1342,59
1527,66
1439,64
1379,65
1505,65
1460,66
1378,62
1339,60
1365,60
1550,70
1493,67
1423,64
1575,69
1576,68
1520,69
1509,64
1584,69
1390,60
1418,64
1541,69
1356,61
1491,67
1429,66
1396,64
1319,61
1540,68
1489,69
1547,67
1477,65
1377,63
1349,61
1321,61
1453,67
1536,67
1516,68
1488,68
1506,64
1552,67
1421,65
1487,67
1408,63
1521,67
1341,62
1455,63
1290,59
1505,65
1339,61
1336,62
1394,64
1516,68
1459,63
1451,64
1384,62
1410,63
1356,62
1216,59
1382,61
1440,63
1297,60
1352,60
1517,69
1461,61
1545,66
1468,65
1516,66
1322,62
1470,64
1496,65
1574,69
1478,65
1368,61
1442,61
1402,64
1409,64
1476,67
1447,66
1557,69
1515,67
1465,66
1282,60
1330,61
1305,58
1492,66
1505,67
1511,68
1353,62
1389,63
1372,61
1428,65
1615,71
1418,64
1408,59
1424,66
1310,59
1409,64
1393,62
1442,66
1276,56
1479,66
1441,63
1403,63
1413,65
1601,68
1427,62
1613,71
1399,63
1249,59
1389,62
1521,66
1437,65
1364,63
1389,63
1468,65
1370,63
1306,62
1326,60
1424,65
1424,66
1436,64
1348,60
1548,67
1470,64
1451,65
1415,67
1281,61
1512,65
1272,59
1526,66
1395,63
1394,63
1531,67
1434,65
1460,66
1452,65
1554,69
1399,64
1542,68
1251,59
1384,62
1295,62
1432,66
1437,65
1588,71
1293,60
1563,69
1635,71
1469,66
1471,67
1609,70
1476,65
1534,65
1492,65
1354,61
1318,60
1322,61
1428,65
1349,61
1421,62
1395,62
1386,63
1350,63
1474,65
1513,67
1442,66
1439,67
1419,63
1457,65
1383,61
1421,62
1391,63
1307,59
1362,61
1550,68
1512,65
1471,67
1428,65
1496,65
1323,57
1398,60
1235,57
1395,63
1444,64
1361,60
1384,63
1512,68
1471,65
1382,65
1254,58
1336,63
1448,65
1427,65
1414,63
1573,70
1581,68
1518,65
1549,69
1467,65
1474,66
1387,63
1393,62
1457,64
1320,61
1290,57
1360,62
1409,64
1495,69
1570,68
1493,66
1387,62
1306,61
1347,59
1483,66
1512,66
1387,65
1308,61
1474,66
1483,67
1465,65
1387,64
1485,66
1428,63
1390,62
1388,65
1381,62
1425,63
1248,57
1342,60
1455,64
1335,62
1415,63
1386,61
1409,65
1533,66
1516,66
1337,61
1448,66
1595,69
1325,60
1434,64
1457,65
1527,69
1509,67
1345,63
1448,67
1335,61
1498,66
1354,62
1306,58
1524,68
1364,60
1430,63
1364,62
1344,60
1405,62
1522,68
1480,65
1366,63
1400,62
1460,64
1665,71
1239,58
1396,63
1530,69
1541,66
1363,62
1343,61
1381,62
1508,66
1411,65
1415,63
1412,62
1447,65
1457,67
1414,62
1415,62
1388,63
1390,64
1236,59
1429,66
1402,64
1416,64
1455,65
1480,64
1436,62
1491,66
1460,67
1462,65
1433,62
1503,64
1537,67
1383,64
1484,66
1545,66
1323,62
1606,68
1433,64
1440,67
1431,65
1512,66
1346,60
1331,62
1570,69
1450,66
1337,60
1316,61
1475,67
1484,68
1356,61
1540,68
1574,68
1367,65
1455,65
1390,61
1511,67
1433,63
1452,65
1307,61
1436,65
1442,64
1517,68
1468,68
1480,67
1353,64
1421,64
1240,56
1468,68
1350,62
1320,61
1510,68
1378,63
1506,68
1490,66
1437,63
1407,65
1510,66
1509,67
1564,67
1418,63
1469,67
1345,60
1554,68
1544,66
1506,69
1323,61
1523,68
1490,66
1335,63
1453,67
1419,64
1574,70
1409,63
1590,69
1362,61
1402,65
1446,65
1435,64
1480,66
1352,62
1344,61
1372,63
1500,66
1304,60
1569,67
1300,61
1444,63
1363,62
1313,59
1408,64
1452,64
1392,64
1467,62
1326,62
1425,63
1233,57
1397,64
1435,62
1468,64
1397,66
1548,68
1317,60
1518,66
1212,57
1447,66
1412,62
1544,66
1318,60
1210,59
1266,61
1402,65
1294,61
1425,64
1385,66
1453,66
1543,69
1289,59
1385,63
1444,64
1268,59
1498,67
1437,65
1412,62
1423,65
1522,66
1437,67
1457,66
1481,66
1542,68
1459,64
1392,63
1534,66
1401,64
1435,62
1472,65
1408,63
1539,66
1268,59
1376,61
1529,67
1480,64
1402,64
1443,65
1401,62
1463,66
1548,69
1518,67
1403,62
1532,67
1525,65
1479,66
1445,64
1466,66
1540,68
1379,64
1381,61
1520,68
1485,64
1453,66
1353,61
1589,70
1385,63
1440,64
1544,67
1461,65
1277,60
1556,68
1431,66
1411,64
1466,65
1468,65
1346,60
1315,60
1530,68
1293,60
1441,64
1521,68
1434,65
1394,63
1463,65
1420,65
1475,68
1428,66
1432,65
1507,64
1564,69
1500,67
1417,63
1325,61
1523,68
1370,63
1430,65
1545,65
1501,69
1324,61
1452,63
1474,64
1312,62
1412,64
1484,66
1319,61
1422,62
1374,63
1441,61
1527,68
1565,70
1285,61
1498,64
1557,68
1497,67
1556,67
1355,63
1518,67
1395,63
1384,62
1537,69
1596,69
1399,64
1382,60
1399,64
1294,60
1573,69
1454,65
1314,61
1271,62
1449,64
1448,66
1427,64
1467,63
1298,59
1532,66
1313,60
1499,68
1256,58
1455,65
1346,60
1451,65
1486,67
1527,64
1380,64
1468,67
1571,69
1541,69
1597,69
1358,65
1547,69
1267,59
1295,58
1408,65
1398,62
1328,61
1475,68
1466,65
1357,61
1367,62
1332,63
1406,63
1429,65
1470,66
1553,68
1445,66
1410,65
1521,68
1405,64
1334,59
1415,64
1437,63
1422,64
1235,59
1527,68
1434,64
1272,61
1512,64
1543,71
1448,65
1459,66
1557,70
1572,69
1409,65
1299,61
1471,69
1417,65
1446,64
1282,60
1382,60
1461,63
1394,62
1509,65
1311,61
1324,62
1443,63
1413,63
1626,70
1547,70
1434,65
1389,62
1339,63
1274,59
1476,66
1411,63
1589,69
1389,65
1416,63
1395,62
1519,66
1388,64
1424,64
1302,60
1421,65
1586,70
1540,70
1408,62
1362,61
1451,66
1416,65
1499,68
1439,64
1535,70
1470,64
1452,64
1245,60
1478,65
1338,60
1470,66
1456,68
1589,69
1416,62
1422,63
1339,61
1450,65
1372,63
1380,63
1320,64
1397,64
1525,67
1426,63
1407,64
1443,64
1458,66
1398,64
1360,62
1472,66
1454,65
1500,65
1385,62
1522,67
1275,59
1541,68
1426,63
1524,65
1292,59
1312,60
1244,58
1688,73
1523,66
1387,62
1453,63
1682,72
1457,67
1540,69
1358,61
1205,56
1435,63
1509,64
1422,62
1590,69
1591,67
1457,66
1487,65
1303,61
1548,69
1450,66
1313,59
1349,59
1337,62
1562,68
1402,64
1389,65
1508,66
1415,64
1449,66
1462,63
1465,67
1411,63
1399,63
1502,67
1531,68
1355,63
1230,57
1518,68
1458,65
1487,65
1423,66
1484,67
1342,61
1429,63
1356,64
1490,67
1445,65
1462,65
1258,60
1347,62
1426,64
1332,60
1417,64
1584,66
1421,62
1474,66
1461,66
1350,62
1381,62
1381,62
1400,64
1422,63
1493,66
1455,63
1317,60
1428,65
1521,68
1408,62
1627,68
1433,64
1455,66
1474,68
1443,65
1339,59
1513,64
1407,62
1462,65
1477,63
1419,64
1515,67
1442,66
1301,60
1448,68
1452,65
1470,63
1374,62
1317,61
1539,68
1349,60
1568,69
1433,63
1313,61
1449,63
1394,65
1568,69
1466,64
1491,66
1472,64
1218,59
1565,67
1309,62
1337,60
1351,61
1539,67
1312,59
1550,68
1367,62
1510,67
1538,70
1388,64
1540,68
1257,57
1487,66
1415,65
1630,71
1457,66
1407,64
1331,62
1626,69
1360,65
1549,69
1150,54
1395,63
1305,60
1418,62
1571,69
1510,65
1412,61
1300,60
1447,66
1595,70
1474,67
1599,70
1389,63
1506,68
1446,63
1419,64
1225,56
1548,69
1491,66
1538,67
1381,63
1406,62
1319,61
1389,61
1587,70
1288,59
1383,63
1259,60
1508,65
1368,63
1442,64
1528,66
1502,66
1532,65
1267,59
1439,65
1408,62
1361,63
1571,69
1433,65
1278,61
1374,63
1405,63
1425,63
1388,65
1467,64
1437,64
1477,68
1508,63
1368,60
1378,63
1478,63
1454,66
1481,67
1394,63
1359,64
1492,67
1468,66
1493,66
1334,62
1407,66
1315,62
1439,65
1408,63
1437,66
1358,61
1495,66
1532,66
1451,62
1447,64
1513,67
1413,65
1460,65
1430,64
1312,58
1569,68
1224,57
1473,67
1399,66
1277,59
1389,62
1406,62
1569,69
1447,62
1393,61
1397,62
1525,67
1549,66
1494,65
1314,61
1418,65
1543,67
1477,67
1600,68
1472,66
1450,64
1411,65
1435,65
1445,66
1331,62
1417,66
1378,61
1521,67
1379,63
1253,59
1358,64
1529,69
1551,68
1564,69
1472,66
1398,61
1379,62
1432,65
1348,62
1390,63
1412,64
1367,61
1412,62
1461,65
1519,69
1541,66
1497,68
1496,67
1479,66
1442,67
1360,59
1407,65
1223,57
1304,59
1556,69
1514,68
1534,68
1365,61
1540,70
1445,63
1290,61
1283,59
1503,67
1334,62
1548,69
1456,64
1415,65
1508,68
1524,66
1345,63
1402,65
1472,66
1407,63
1395,60
1505,68
1504,67
1423,64
1355,64
1546,67
1330,60
1420,64
1546,67
1358,64
1609,69
1573,67
1358,61
1472,65
1597,67
1563,68
1446,64
1494,65
1550,69
1371,60
1459,64
1325,61
1378,62
1292,59
1527,68
1317,58
1326,62
1484,67
1207,59
1371,61
1434,65
1433,63
1352,62
1437,65
1380,60
1376,64
1354,62
1517,67
1317,61
1407,64
1523,67
1372,64
1388,64
1433,64
1329,62
1326,62
1439,66
1287,59
1378,63
1366,64
1397,61
1323,62
1420,65
1434,64
1437,61
1621,72
1597,69
1423,65
1313,61
1427,64
1531,68
1644,71
1575,65
1369,62
1401,64
1493,66
1463,65
1616,69
1365,61
1326,61
1538,69
1450,64
1408,62
1470,67
1348,64
1363,62
1490,67
1440,66
1513,67
1419,63
1399,65
1558,67
1448,65
1548,70
1241,61
1397,61
1355,63
1407,64
1472,66
1527,67
1217,58
1534,68
1554,69
1372,63
1363,62
1461,64
1517,69
1508,65
1474,66
1283,61
1489,69
1487,66
1492,66
1489,68
1352,62
1342,62
1387,62
1343,62
1353,63
1320,62
1388,61
1475,66
1347,64
1420,65
1294,59
1389,64
1300,60
1452,66
1256,59
1441,65
1308,61
1431,66
1353,63
1540,68
1508,68
1300,59
1342,61
1520,68
1400,61
1531,64
1412,65
1389,64
1415,65
1393,63
1404,62
1405,65
1387,64
1477,66
1589,70
1364,60
1299,61
1485,68
1490,65
1332,61
1333,62
1447,66
1432,62
1485,64
1345,60
1490,65
1534,68
1497,68
1455,63
1379,60
1248,56
1355,63
1346,62
1490,67
1442,65
1295,62
1656,71
1475,65
1499,67
1212,59
1458,65
1224,58
1534,66
1513,69
1404,62
1496,69
1425,64
1491,65
1659,71
1469,67
1448,65
1450,67
1508,67
1359,60
1236,56
1474,67
1320,62
1507,66
1546,69
1360,62
1450,64
1200,55
1676,71
1448,67
1414,64
1467,67
1436,65
1383,63
1520,68
1347,62
1362,61
1313,61
1336,62
1490,65
1377,62
1322,61
1404,65
1513,68
1450,65
1350,64
1373,62
1569,66
1366,61
1495,65
1516,67
1548,67
1459,68
1555,69
1350,62
1508,67
1534,68
1375,63
1597,69
1587,67
1486,66
1439,64
1536,68
1477,64
1240,60
1471,65
1438,67
1421,65
1423,65
1385,62
1535,67
1502,66
1371,61
1443,65
1455,64
1384,63
1468,66
1396,63
1244,59
1376,61
1410,65
1308,61
1244,61
1245,58
1463,64
1574,69
1501,64
1431,67
1517,67
1484,66
1503,68
1409,61
1497,67
1450,65
1545,68
1346,61
1348,63
1369,62
1526,65
1485,65
1434,63
1324,62
1483,66
1512,67
1434,64
1438,64
1452,66
1445,63
1390,61
1521,64
1440,67
1199,58
1407,65
1397,63
1373,64
1364,62
1345,61
1517,65
1571,69
1416,62
1474,66
1415,64
1385,64
1455,65
1372,64
1525,68
1517,67
1387,61
1418,63
1293,59
1491,66
1477,67
1567,69
1348,61
1541,68
1485,66
1375,63
1529,68
1344,62
1526,68
1456,65
1345,63
1354,65
1332,63
1539,68
1384,64
1373,61
1373,64
1393,63
1498,66
1391,64
1430,64
1410,64
1405,65
1444,64
1391,63
1413,63
1430,64
1577,70
1491,67
1389,60
1450,67
1422,61
1374,61
1456,66
1331,61
1394,64
1369,63
1454,65
1340,65
1236,56
1431,66
1433,65
1474,67
1576,68
1412,64
1382,62
1535,70
1363,62
1560,69
1364,63
1465,67
1363,61
1415,63
1434,66
1321,61
1340,61
1428,65
1412,63
1455,64
1515,68
1632,71
1365,61
1441,64
1392,63
1480,66
1544,66
1294,59
1338,61
1499,67
1324,62
1602,69
1424,62
1378,63
1540,66
1410,66
1327,62
1634,71
1418,64
1445,65
1522,67
1423,64
1382,65
1267,61
1457,66
1400,62
1551,67
1394,61
1315,60
1383,62
1264,61
1582,68
1493,67
1486,65
1246,59
1417,62
1488,67
1412,62
1474,66
1586,69
1566,67
1426,64
1377,61
1415,63
1386,66
1547,70
1462,68
1536,68
1503,65
1308,62
1433,65
1591,69
1352,62
1514,65
1543,69
1492,67
1469,66
1366,63
1466,64
1410,65
1463,65
1453,64
1383,63
1426,65
1464,64
1585,68
1479,66
1234,58
1433,64
1407,63
1313,59
1365,65
1487,66
1401,64
1284,57
1415,66
1446,66
1425,64
1424,62
1343,63
1518,66
1357,63
1539,67
1460,66
1512,66
1453,65
1438,65
1581,71
1519,65
1329,59
1429,64
1281,59
1365,62
1403,66
1393,63
1329,60
1444,66
1516,67
1476,66
1457,62
1445,65
1452,65
1506,67
1296,61
1267,58
1318,61
1607,70
1348,60
1277,60
1546,67
1473,64
1464,66
1592,70
1572,69
1276,58
1344,60
1511,67
1549,66
1507,65
1506,66
1525,68
1249,58
1353,62
1571,69
1457,65
1512,67
1353,61
1467,64
1501,67
1260,61
1611,69
1396,63
1366,62
1292,61
1479,67
1490,67
1396,61
1382,64
1378,63
1430,64
1338,64
1445,66
1511,67
1351,60
1344,61
1380,65
1502,67
1382,63
1488,68
1508,69
1377,64
1507,67
1458,66
1317,60
1398,62
1662,72
1372,65
1417,63
1274,61
1459,66
1520,64
1483,66
1442,61
1253,59
1380,61
1499,69
1385,64
1385,61
1451,65
1385,63
1286,60
1254,57
1424,63
1261,57
1357,61
1517,68
1446,66
1500,66
1333,59
1349,61
1495,69
1518,67
1618,68
1416,65
1497,67
1324,59
1351,64
1452,66
1475,66
1446,64
1430,64
1388,63
1363,61
1443,65
1280,59
1528,67
1393,62
1486,65
1450,65
1461,65
1318,63
1400,63
1547,68
1452,67
1641,71
1427,65
1435,62
1418,64
1477,66
1495,67
1418,61
1486,67
1342,62
1418,64
1481,66
1458,61
1482,65
1347,63
1541,69
1353,62
1378,62
1397,64
1357,64
1501,65
1522,67
1355,60
1422,65
1429,64
1596,71
1414,63
1374,63
1275,58
1543,67
1395,64
1394,63
1375,63
1531,70
1440,63
1311,61
1421,63
1531,68
1388,61
1501,67
1362,62
1192,55
1577,70
1490,66
1262,63
1361,62
1546,65
1438,64
1305,63
1460,67
1407,64
1531,67
1391,63
1481,66
1323,59
1518,67
1396,64
1539,64
1500,64
1433,64
1426,63
1421,61
1432,64
1468,68
1422,63
1456,65
1466,65
1280,57
1351,62
1499,67
1439,66
1477,66
1422,64
1416,63
1596,70
1332,63
1272,58
1384,64
1446,63
1489,65
1388,61
1452,62
1298,60
1493,67
1370,60
1466,65
1541,69
1563,68
1409,64
1508,66
1317,62
1419,62
1530,68
1167,57
1487,66
1554,68
1335,62
1321,63
1239,55
1529,70
1355,61
1352,63
1300,59
1254,58
1474,64
1525,65
1457,66
1444,64
1295,61
1312,61
1302,60
1323,61
1261,59
1520,69
1260,57
1421,64
1531,67
1463,65
1465,65
1500,68
1385,62
1454,66
1509,66
1459,65
1517,65
1372,60
1451,66
1330,61
1407,62
1348,64
1333,62
1372,60
1373,60
1358,61
1454,64
1434,62
1519,67
1547,69
1458,66
1522,67
1518,66
1464,65
1270,59
1462,66
1389,63
1501,66
1479,67
1351,63
1299,59
1554,68
1577,69
1326,61
1523,67
1456,64
1449,62
1469,65
1443,67
1555,67
1464,64
1439,63
1392,62
1514,68
1407,64
1581,69
1418,64
1391,62
1362,60
1441,65
1525,65
1436,65
1355,59
1360,63
1262,58
1397,63
1537,67
1228,58
1442,64
1454,65
1480,64
1432,64
1514,65
1376,62
1429,64
1259,58
1389,61
1328,61
1426,65
1506,69
1425,63
1488,66
1466,66
1497,66
1404,65
1361,62
1439,63
1381,62
1502,67
1430,66
1611,70
1397,61
1405,60
1428,66
1197,58
1568,69
1261,60
1291,59
1492,68
1504,65
1384,61
1632,71
1492,66
1372,63
1335,63
1475,63
1506,68
1569,70
1479,66
1402,63
1368,64
1338,61
1519,67
1339,62
1459,65
1425,66
1490,64
1494,67
1382,64
1551,65
1474,67
1523,69
1464,66
1665,70
1271,61
1308,60
1412,63
1480,67
1465,66
1372,60
1317,61
1468,66
1350,64
1464,66
1379,64
1371,64
1367,60
1492,65
1534,69
1451,66
1332,59
1418,64
1361,60
1512,67
1522,67
1459,65
1270,60
1280,59
1560,66
1461,68
1459,65
1449,63
1437,63
1545,66
1577,68
1343,61
1455,66
1269,58
1532,68
1261,58
1385,64
1452,65
1349,61
1574,68
1387,60
1301,60
1352,61
1475,65
1308,59
1497,68
1475,67
1431,65
1530,69
1511,67
1569,68
1297,62
1372,64
1342,65
1449,66
1512,69
1406,63
1542,69
1562,69
1482,66
1519,66
1278,58
1621,69
1477,64
1333,60
1385,62
1334,59
1448,64
1558,70
1516,67
1534,68
1409,64
1402,61
1367,62
1327,62
1429,63
1530,68
1357,61
1424,65
1494,67
1429,63
1526,68
1296,61
1419,64
1308,62
1447,67
1552,67
1272,60
1521,68
1546,67
1426,63
1524,66
1490,67
1495,67
1451,66
1466,67
1244,58
1472,66
1528,69
1435,66
1386,63
1436,63
1381,64
1601,69
1359,65
1500,66
1240,59
1623,71
1401,66
1390,63
1479,64
1219,57
1390,62
1583,71
1401,65
1325,60
1511,68
1402,63
1346,61
1468,67
1537,70
1450,67
1394,60
1409,64
1351,62
1353,60
1454,65
1561,67
1516,68
1426,63
1653,71
1383,64
1460,63
1452,67
1426,66
1481,66
1348,61
1519,68
1352,62
1537,68
1386,61
1304,61
1300,60
1588,70
1430,63
1540,68
1510,65
1502,68
1455,65
1301,60
1333,62
1360,61
1267,60
1555,68
1406,65
1525,67
1342,59
1514,66
1397,63
1374,63
1354,61
1458,68
1413,63
1453,62
1462,65
1337,65
1289,59
1327,58
1282,59
1369,63
1407,61
1404,62
1440,65
1514,67
1326,63
1467,65
1505,66
1554,66
1480,66
1406,64
1352,61
1514,67
1615,67
1440,63
1421,64
1450,64
1608,69
1592,70
1543,69
1478,65
1323,60
1466,64
1332,61
1308,59
1291,62
1257,60
1434,65
1374,64
1446,63
1551,68
1568,67
1563,68
1487,68
1336,63
1398,64
1471,67
1319,61
1504,68
1412,63
1292,60
1364,60
1437,64
1546,67
1518,68
1592,70
1348,63
1411,64
1436,62
1389,62
1404,65
1527,67
1363,61
1518,67
1444,64
1508,66
1442,62
1430,63
1399,62
1599,68
1458,64
1434,64
1417,64
1378,64
1425,63
1549,68
1271,59
1555,70
1477,67
1363,62
1329,60
1239,58
1337,61
1384,63
1488,64
1461,66
1521,68
1244,60
1257,59
1503,68
1507,67
1507,64
1420,65
1483,64
1453,66
1469,65
1218,56
1326,59
1592,68
1493,65
1479,66
1535,70
1390,61
1318,62
1372,60
1430,64
1385,65
1452,62
1513,69
1539,67
1317,61
1463,66
1379,61
1420,65
1321,61
1450,63
1494,65
1503,66
1330,64
1523,67
1328,61
1444,65
1575,67
1248,59
1317,60
1398,64
1479,66
1443,64
1433,62
1343,59
1487,66
1294,60
1414,63
1331,59
1465,64
1596,68
1530,67
1528,69
1505,66
1408,62
1358,63
1339,60
1373,62
1395,63
1335,61
1495,67
1375,64
1371,64
1345,62
1503,65
1493,67
1441,67
1341,63
1397,65
1573,68
1288,61
1582,69
1597,68
1439,63
1540,67
1567,69
1455,66
1561,67
1413,63
1423,63
1490,67
1446,65
1388,66
1457,65
1472,66
1374,63
1428,64
1374,63
1382,61
1489,66
1468,67
1373,62
1469,66
1272,58
1414,64
1250,57
1471,65
1524,68
1436,63
1382,62
1450,65
1461,65
1422,65
1455,65
1498,66
1519,66
1603,69
1463,67
1625,68
1383,60
1519,67
1400,65
1200,58
1431,64
1543,67
1495,66
1459,67
1470,66
1465,64
1546,67
1390,63
1416,63
1553,68
1429,66
1517,65
1541,68
1391,64
1474,65
1392,64
1411,64
1509,67
1351,62
1444,65
1612,71
1463,66
1451,61
1439,63
1497,64
1473,66
1418,65
1462,66
1351,62
1487,66
1523,66
1377,61
1504,67
1505,66
1509,65
1438,63
1633,71
1491,67
1481,65
1483,65
1272,59
1597,69
1431,63
1336,61
1344,61
1549,69
1241,58
1492,66
1295,61
1354,62
1209,58
1500,67
1363,61
1417,66
1496,69
1425,63
1386,63
1554,70
1449,65
1406,61
1442,65
1442,66
1450,63
1446,64
1356,63
1287,59
1425,65
1300,60
1587,70
1489,66
1485,68
1526,68
1358,61
1523,64
1404,64
1438,64
1463,64
1506,66
1525,65
1461,66
1419,63
1570,67
1475,67
1351,63
1248,58
1415,65
1273,58
1439,66
1428,63
1565,67
1505,66
1259,61
1490,65
1422,64
1441,65
1373,62
1561,69
1474,65
1569,69
1317,59
1282,61
1365,62
1587,67
1432,64
1557,68
1451,67
1463,66
1460,63
1441,66
1306,62
1470,67
1374,62
1440,66
1403,65
1429,66
1494,66
1404,61
1419,63
1289,61
1481,67
1425,64
1268,57
1494,67
1442,64
1503,68
1380,62
1485,68
1493,66
1514,68
1504,67
1402,63
1600,70
1474,63
1513,68
1425,66
1412,66
1369,61
1394,63
1383,63
1390,63
1473,65
1523,69
1419,59
1530,68
1355,62
1536,66
1508,67
1529,66
1514,68
1446,64
1361,63
1434,66
1533,68
1334,61
1483,65
1388,64
1351,63
1456,63
1508,66
1542,69
1595,68
1343,62
1388,60
1290,60
1432,64
1382,59
1526,68
1442,64
1332,61
1420,64
1384,61
1506,67
1336,63
1415,65
1362,64
1448,65
1422,66
1426,66
1385,63
1362,63
1524,66
1386,62
1543,68
1361,62
1334,61
1334,62
1351,63
1361,61
1401,62
1287,59
1510,64
1468,64
1310,62
1230,58
1364,62
1336,60
1199,56
1360,62
1456,66
1315,59
1420,64
1574,66
1443,65
1420,64
1392,61
1458,65
1454,63
1491,65
1323,62
1532,67
1406,62
1358,61
1434,65
1375,64
1639,71
1232,58
1540,66
1407,62
1484,66
1498,69
1503,65
1398,62
1435,66
1392,61
1435,65
1520,67
1386,62
1200,56
1375,63
1415,66
1423,65
1340,63
1432,66
1403,62
1451,64
1455,65
1440,66
1528,66
1398,62
1436,64
1530,67
1575,68
1402,64
1474,67
1522,68
1418,64
1575,68
1529,66
1589,71
1519,66
1454,65
1437,66
1530,69
1272,61
1441,64
1532,68
1523,65
1395,62
1615,67
1443,65
1483,64
1336,61
1429,63
1399,62
1393,62
1320,61
1601,70
1421,65
1447,65
1442,67
1457,66
1270,59
1510,67
1543,70
1416,62
1529,67
1468,65
1435,65
1374,61
1479,66
1279,58
1392,62
1372,62
1380,63
1491,66
1174,56
1404,64
1309,59
1492,64
1404,61
1406,63
1362,62
1473,68
1428,63
1308,60
1461,67
1448,66
1343,62
1467,65
1377,61
1446,64
1462,66
1463,65
1397,64
1450,64
1372,62
1247,59
1589,69
1563,70
1447,64
1476,65
1438,66
1449,66
1447,65
1402,64
1427,63
1407,64
1404,64
1397,63
1384,63
1498,67
1436,66
1450,67
1528,68
1440,66
1328,60
1391,62
1402,62
1498,67
1510,65
1475,63
1560,67
1455,65
1617,70
1407,63
1420,65
1357,62
1585,69
1481,64
1391,62
1401,62
1344,61
1402,63
1544,69
1389,60
1498,65
1315,61
1432,65
1512,68
1605,69
1381,64
1413,62
1530,66
1388,63
1449,65
1306,60
1467,65
1449,65
1466,65
1287,60
1380,62
1473,63
1542,67
1406,65
1528,66
1545,66
1316,60
1520,68
1466,67
1523,67
1595,68
1583,69
1355,62
1286,59
1274,61
1297,58
1316,60
1279,60
1361,63
1415,65
1508,67
1430,64
1473,63
1418,66
1521,68
1546,69
1488,66
1533,66
1472,66
1516,67
1536,68
1636,71
1652,72
1247,58
1527,67
1422,63
1255,60
1471,65
1409,64
1587,69
1392,64
1429,67
1279,61
1467,66
1435,64
1452,64
1384,62
1565,70
1412,65
1274,57
1375,61
1379,60
1386,62
1456,65
1475,63
1499,68
1368,61
1421,67
1476,66
1548,69
1387,62
1549,68
1355,61
1409,61
1379,62
1326,64
1557,70
1460,67
1452,65
1352,62
1532,66
1299,59
1374,63
1559,70
1403,64
1440,65
1451,66
1478,66
1306,60
1494,66
1287,59
1503,66
1365,61
1346,62
1439,65
1315,58
1363,62
1395,61
1344,62
1478,66
1370,61
1371,62
1352,61
1394,62
1263,58
1333,62
1496,63
1474,68
1417,63
1358,60
1467,67
1506,67
1342,59
1462,65
1281,57
1271,57
1413,63
1376,62
1578,69
1454,66
1278,58
1337,59
1398,65
1560,68
1464,67
1463,65
1498,66
1461,65
1505,66
1369,60
1516,66
1376,63
1457,63
1441,66
1417,63
1537,68
1372,63
1385,64
1317,59
1269,57
1436,65
1398,63
1545,67
1519,68
1522,68
1552,68
1411,61
1541,68
1310,59
1630,72
1289,58
1582,70
1495,69
1629,72
1365,63
1456,65
1318,60
1353,63
1506,66
1403,63
1467,63
1532,65
1295,60
1513,66
1512,67
1473,67
1248,59
1409,65
1399,64
1550,69
1397,64
1467,65
1520,66
1511,67
1498,67
1378,62
1525,66
1439,65
1549,67
1389,62
1413,66
1433,65
1518,68
1443,66
1405,64
1509,65
1428,64
1317,61
1586,70
1368,62
1460,66
1478,66
1309,59
1423,64
1464,66
1421,66
1439,63
1303,60
1351,63
1330,62
1384,63
1595,68
1395,64
1530,67
1306,61
1448,62
1601,70
1339,60
1473,64
1426,64
1416,63
1340,63
1554,67
1513,64
1502,68
1447,64
1349,61
1478,65
1416,63
1452,64
1394,63
1428,65
1635,72
1490,64
1407,63
1489,64
1372,62
1420,63
1374,63
1542,68
1361,61
1608,69
1489,66
1339,61
1383,62
1552,70
1644,69
1543,68
1398,62
1420,65
1358,62
1468,67
1419,63
1448,64
1501,67
1446,63
1469,67
1406,64
1404,64
1317,60
1538,70
1304,60
1534,66
1422,65
1391,63
1533,65
1416,63
1378,64
1387,62
1433,63
1496,66
1340,61
1499,66
1359,61
1423,67
1302,58
1517,66
1370,65
1390,63
1478,65
1319,63
1503,67
1516,67
1504,67
1520,67
1527,66
1471,67
1429,65
1527,68
1391,63
1301,60
1345,60
1591,70
1378,63
1446,66
1496,67
1403,65
1360,62
1452,66
1290,61
1511,68
1500,68
1488,66
1547,69
1307,61
1235,57
1363,61
1439,63
1306,60
1413,64
1441,65
1415,65
1416,64
1418,63
1500,68
1412,63
1614,70
1456,66
1447,63
1566,68
1532,65
1328,61
1402,62
1384,63
1430,65
1370,62
1546,68
1525,67
1320,63
1419,61
1344,62
1371,62
1522,67
1576,70
1606,70
1435,64
1427,64
1275,59
1386,65
1378,65
1508,67
1360,63
1411,61
1467,65
1433,66
1323,60
1404,63
1567,70
1318,60
1321,63
1610,70
1370,62
1477,66
1356,63
1312,61
1403,64
1292,60
1127,54
1357,64
1588,70
1371,63
1377,62
1405,63
1362,61
1468,67
1575,70
1327,61
1224,58
1429,66
1541,68
1440,64
1437,65
1229,59
1449,64
1505,67
1531,68
1540,68
1564,69
1441,67
1549,69
1395,64
1411,63
1504,68
1348,63
1344,60
1553,70
1433,65
1528,68
1457,67
1464,67
1567,66
1415,64
1399,64
1414,64
1568,67
1469,67
1310,60
1441,65
1463,68
1421,62
1478,65
1354,63
1443,62
1386,65
1484,64
1490,65
1329,58
1402,63
1597,68
1326,62
1342,63
1406,63
1416,64
1355,62
1478,66
1351,60
1223,58
1431,66
1466,65
1351,62
1458,66
1394,66
1491,65
1452,66
1338,64
1502,67
1376,60
1497,67
1329,64
1235,60
1346,63
1547,69
1474,66
1592,71
1346,60
1426,64
1448,66
1530,68
1481,65
1474,65
1526,70
1334,60
1454,63
1449,64
1382,63
1445,63
1575,70
1364,62
1437,63
1420,64
1404,65
1560,66
1404,63
1391,63
1417,63
1419,63
1388,64
1457,64
1371,63
1181,55
1566,68
1348,64
1358,64
1467,64
1486,68
1493,68
1363,64
1254,61
1269,61
1463,64
1420,66
1401,62
1534,67
1403,64
1470,67
1262,59
1435,65
1430,65
1381,65
1403,63
1510,66
1531,67
1402,62
1417,63
1581,69
1472,66
1263,57
1355,58
1331,63
1491,66
1434,66
1385,64
1375,62
1461,65
1451,63
1294,59
1368,63
1418,63
1537,67
1493,67
1571,69
1392,62
1494,66
1453,65
1419,63
1421,64
1372,62
1556,68
1343,62
1528,68
1518,68
1294,59
1343,61
1421,63
1389,64
1260,58
1490,65
1482,67
1440,66
1458,67
1390,64
1399,65
1492,66
1482,65
1442,67
1498,67
1534,67
1394,64
1397,65
1476,67
1491,65
1418,63
1495,66
1292,60
1218,59
1407,63
1476,65
1425,65
1396,62
1184,55
1375,62
1562,70
1508,66
1449,67
1436,66
1331,62
1492,65
1356,58
1407,64
1427,64
1501,65
1530,67
1259,59
1434,65
1395,64
1624,69
1326,60
1352,65
1422,66
1482,66
1339,63
1333,59
1398,62
1489,64
1480,67
1420,64
1363,65
1455,66
1249,58
1338,62
1408,64
1479,67
1400,62
1336,62
1547,69
1356,61
1313,61
1450,65
1403,64
1684,70
1336,60
1591,69
1421,63
1499,67
1299,62
1513,67
1484,66
1631,71
1414,61
1525,67
1358,62
1270,58
1371,64
1318,60
1484,65
1506,66
1495,65
1492,64
1398,63
1530,66
1484,67
1467,64
1201,58
1321,61
1421,65
1276,60
1493,66
1419,63
1507,65
1530,68
1536,67
1468,64
1572,68
1365,62
1434,65
1426,63
1352,64
1489,68
1479,66
1389,63
1309,60
1335,59
1384,61
1488,65
1447,64
1514,66
1408,63
1515,67
1433,65
1305,61
1506,67
1366,63
1404,64
1367,63
1443,66
1523,67
1382,61
1446,63
1335,61
1346,60
1324,60
1630,71
1541,67
1473,64
1517,67
1544,70
1441,65
1376,61
1436,64
1544,68
1565,69
1609,71
1468,65
1537,69
1409,65
1469,64
1359,58
1419,64
1519,66
1462,64
1564,68
1580,68
1471,67
1502,66
1111,53
1367,63
1489,65
1297,62
1406,64
1475,63
1461,65
1454,66
1418,63
1451,65
1244,57
1392,62
1265,58
1513,67
1491,65
1549,68
1343,62
1378,62
1556,68
1513,68
1459,66
1636,72
1474,65
1600,70
1534,66
1425,66
1422,65
1289,61
1441,64
1568,68
1428,64
1264,59
1340,61
1436,65
1424,62
1395,64
1478,65
1451,63
1180,55
1545,69
1425,61
1430,64
1378,59
1361,62
1402,61
1600,70
1545,69
1414,63
1380,61
1354,62
1268,61
1492,66
1453,65
1511,69
1405,65
1379,62
1400,63
1273,60
1570,67
1455,67
1351,58
1511,65
1553,67
1390,64
1520,67
1349,62
1425,64
1450,67
1336,62
1463,65
1572,70
1424,65
1397,62
1186,58
1579,69
1450,66
1445,65
1517,66
1362,63
1382,65
1552,69
1344,62
1298,61
1367,63
1593,70
1507,66
1434,63
1422,62
1423,64
1434,62
1397,64
1505,66
1380,61
1294,62
1495,66
1470,66
1420,63
1312,62
1517,65
1503,68
1229,57
1509,66
1552,69
1356,61
1249,58
1487,66
1389,62
1522,65
1417,65
1422,64
1506,65
1435,65
1445,64
1399,63
1430,65
1385,62
1399,64
1515,66
1449,67
1423,62
1420,62
1444,65
1557,66
1531,65
1494,66
1493,68
1511,68
1391,62
1364,62
1250,59
1439,66
1444,64
1363,63
1557,70
1458,66
1619,70
1361,62
1291,61
1415,63
1440,63
1358,61
1440,66
1464,65
1380,61
1492,68
1561,69
1355,61
1454,67
1556,68
1307,61
1658,71
1386,63
1363,61
1232,57
1444,63
1481,64
1337,61
1462,64
1340,60
1346,60
1360,64
1436,65
1356,62
1526,69
1427,65
1355,62
1343,62
1371,61
1533,69
1439,66
1479,65
1389,62
1434,64
1400,64
1474,64
1401,65
1369,62
1489,66
1300,60
1307,59
1436,64
1522,68
1374,62
1425,64
1489,64
1409,65
1385,64
1298,59
1379,64
1536,68
1365,62
1433,65
1576,69
1472,66
1444,62
1460,64
1339,64
1408,64
1396,61
1466,65
1375,64
1606,70
1412,62
1263,58
1456,65
1433,65
1652,71
1356,63
1541,64
1543,68
1360,62
1545,69
1487,67
1409,65
1509,66
1378,63
1576,70
1409,63
1480,67
1328,62
1375,62
1508,65
1375,63
1488,63
1592,71
1290,60
1595,70
1355,61
1538,68
1347,62
1423,63
1438,65
1293,60
1402,62
1336,61
1509,66
1313,59
1439,65
1372,62
1486,67
1414,64
1329,61
1368,62
1425,63
1480,68
1659,73
1498,68
1462,64
1363,64
1425,65
1338,60
1425,66
1287,57
1405,67
1301,60
1427,64
1563,68
1282,59
1235,58
1293,60
1373,64
1430,62
1267,58
1486,67
1444,64
1453,66
1391,62
1329,64
1557,69
1408,65
1478,64
1605,69
1505,68
1409,61
1443,66
1346,60
1381,62
1361,61
1343,61
1255,59
1532,67
1449,64
1344,62
1314,61
1398,63
1574,69
1377,63
1442,66
1199,58
1461,67
1390,66
1531,65
1404,64
1411,62
1351,60
1583,69
1562,68
1431,62
1364,61
1371,63
1390,64
1301,61
1318,61
1399,63
1492,68
1472,66
1437,67
1496,64
1442,64
1400,64
1535,67
1654,71
1390,63
1380,61
1401,63
1403,62
1273,59
1396,63
1443,65
1214,56
1403,65
1590,70
1512,67
1382,62
1447,63
1542,69
1515,67
1518,66
1350,62
1450,67
1610,70
1334,63
1342,62
1449,67
1475,66
1351,60
1458,66
1301,60
1397,64
1440,64
1387,63
1466,65
1563,67
1445,62
1508,65
1323,61
1427,65
1418,65
1364,61
1427,65
1430,65
1386,63
1419,66
1472,66
1436,67
1280,57
1366,63
1529,69
1540,67
1410,63
1313,62
1354,59
1474,65
1408,64
1396,64
1525,66
1359,60
1524,68
1360,61
1433,64
1393,64
1423,63
1282,59
1483,67
1497,67
1226,58
1524,68
1383,63
1558,68
1347,60
1313,62
1541,68
1446,62
1435,64
1313,61
1629,70
1489,65
1493,66
1538,69
1419,65
1381,61
1391,63
1345,62
1390,64
1443,64
1409,63
1597,69
1474,65
1323,60
1398,64
1295,61
1358,63
1352,61
1360,63
1359,63
1285,60
1528,66
1486,67
1495,65
1373,65
1301,62
1329,61
1466,65
1527,68
1554,67
1412,64
1345,60
1443,63
1493,67
1577,68
1414,65
1436,63
1491,69
1340,61
1539,67
1278,61
1532,65
1353,62
1432,66
1486,64
1156,55
1320,60
1521,69
1324,63
1355,59
1628,70
1480,66
1448,66
1493,67
1485,68
1426,64
1518,67
1426,62
1432,62
1314,60
1449,65
1451,66
1526,67
1392,63
1459,64
1570,68
1473,65
1426,63
1371,63
1585,71
1474,66
1307,59
1416,64
1557,68
1585,69
1482,67
1469,66
1388,65
1498,67
1444,65
1621,70
1405,64
1417,64
1451,66
1427,64
1462,65
1482,67
1533,67
1461,64
1510,65
1491,66
1510,67
1335,62
1479,66
1367,61
1395,63
1507,66
1515,65
1458,66
1375,60
1401,61
1320,62
1449,66
1498,68
1409,64
1358,63
1502,66
1424,67
1356,62
1462,65
1296,60
1470,68
1595,70
1419,63
1507,66
1378,64
1447,65
1384,64
1440,63
1594,70
1494,67
1534,66
1566,67
1391,64
1434,64
1463,66
1551,68
1589,69
1370,62
1464,66
1444,64
1523,69
1410,67
1478,63
1422,65
1403,64
1394,63
1507,69
1467,67
1415,65
1589,67
1411,64
1562,69
1528,68
1436,65
1423,64
1543,67
1530,64
1372,62
1409,63
1424,65
1502,66
1432,65
1455,66
1514,66
1502,68
1281,60
1339,61
1447,63
1337,63
1449,67
1586,70
1305,61
1460,66
1531,66
1403,64
1623,68
1515,65
1482,66
1443,66
1346,60
1362,63
1412,63
1467,65
1415,62
1358,63
1450,63
1433,62
1543,69
1413,66
1510,69
1464,67
1385,61
1354,64
1604,70
1559,67
1474,63
1529,69
1389,63
1452,64
1390,64
1525,69
1234,60
1489,65
1411,64
1557,68
1436,65
1544,67
1479,65
1459,66
1479,66
1384,65
1419,62
1377,61
1313,61
1443,66
1411,63
1468,65
1399,64
1559,70
1375,62
1288,62
1406,63
1346,59
1469,67
1523,65
1547,68
1447,63
1556,68
1438,65
1495,66
1283,61
1480,67
1605,70
1261,59
1425,64
1379,65
1458,65
1562,68
1230,61
1431,63
1352,61
1349,62
1486,64
1528,68
1450,67
1540,68
1394,63
1439,66
1439,68
1386,64
1425,66
1476,66
1534,67
1354,61
1515,67
1599,70
1494,67
1563,69
1509,65
1380,64
1393,64
1501,68
1429,65
1551,67
1461,66
1525,67
1456,64
1349,61
1452,67
1518,68
1549,68
1347,62
1480,66
1416,66
1562,69
1418,64
1522,69
1536,68
1480,65
1554,70
1400,61
1320,59
1444,64
1508,68
1505,68
1237,58
1335,61
1241,56
1430,67
1471,67
1656,67
1468,67
1323,61
1548,69
1596,71
1349,62
1476,66
1456,65
1427,65
1415,63
1537,67
1473,66
1305,62
1514,67
1445,65
1282,56
1478,64
1392,63
1456,64
1486,66
1542,68
1570,68
1358,61
1467,66
1438,63
1421,64
1295,60
1403,63
1428,65
1380,62
1454,66
1259,61
1224,57
1629,70
1492,67
1348,61
1469,65
1292,59
1438,65
1526,68
1480,66
1576,67
1477,66
1322,61
1585,68
1438,65
1435,64
1560,69
1601,68
1451,68
1471,66
1445,63
1429,66
1489,67
1240,57
1367,64
1465,66
1404,64
1361,61
1471,63
1468,68
1467,65
1503,66
1449,65
1606,70
1412,62
1321,62
1409,65
1321,60
1318,62
1371,64
1416,64
1512,66
1439,66
1467,64
1427,66
1347,59
1511,68
1457,67
1465,67
1338,59
1559,69
1446,65
1626,71
1513,63
1422,65
1276,58
1421,66
1379,63
1428,62
1404,62
1460,67
1537,67
1397,62
1343,63
1446,65
1608,70
1462,65
1509,67
1487,67
1474,64
1436,65
1369,61
1500,65
1530,68
1423,64
1272,58
1291,60
1410,65
1351,63
1394,65
1408,62
1292,61
1489,65
1458,65
1468,67
1423,65
1438,66
1522,67
1364,64
1546,68
1653,73
1390,63
1577,67
1494,65
1381,63
1239,59
1345,60
1414,64
1260,57
1407,63
1415,62
1353,61
1463,65
1534,68
1350,59
1487,65
1457,65
1469,66
1318,60
1325,61
1449,63
1496,67
1343,61
1565,69
1380,64
1473,66
1292,60
1596,69
1461,66
1310,61
1351,61
1355,64
1192,55
1512,66
1441,65
1433,64
1598,69
1409,64
1319,62
1487,66
1362,61
1564,68
1413,65
1461,65
1536,68
1330,60
1543,68
1498,67
1493,64
1435,64
1352,62
1399,65
1453,65
1401,62
1436,63
1404,63
1436,64
1422,63
1329,60
1390,61
1185,56
1511,63
1454,62
1386,64
1406,64
1316,62
1431,62
1279,60
1420,63
1410,64
1604,71
1424,63
1381,60
1488,64
1570,70
1581,68
1531,68
1345,62
1528,67
1609,70
1424,64
1319,62
1459,63
1519,65
1443,65
1488,64
1240,60
1510,65
1200,58
1298,60
1461,65
1473,64
1407,64
1568,69
1588,69
1257,61
1339,57
1359,65
1328,62
1437,65
1560,68
1422,64
1445,67
1327,59
1401,63
1461,65
1491,64
1449,66
1460,67
1384,64
1501,64
1524,68
1465,66
1469,66
1329,62
1520,69
1440,64
1524,69
1350,62
1378,63
1377,66
1356,61
1512,67
1504,67
1405,64
1391,61
1556,67
1516,65
1396,66
1324,58
1550,70
1464,65
1409,63
1486,67
1514,69
1332,60
1288,61
1330,62
1396,62
1438,64
1437,65
1544,68
1481,65
1475,65
1507,68
1512,66
1342,62
1421,64
1421,64
1442,64
1341,60
1304,62
1411,63
1632,70
1566,67
1561,67
1162,54
1560,66
1447,62
1515,68
1438,64
1296,61
1488,67
1450,63
1533,69
1385,64
1500,67
1543,69
1345,61
1372,62
1499,65
1406,63
1505,66
1405,65
1331,62
1479,66
1443,66
1365,61
1429,66
1361,63
1575,70
1468,65
1313,60
1489,67
1508,65
1465,65
1275,57
1528,64
1409,63
1344,60
1541,65
1236,57
1379,63
1545,70
1425,65
1411,63
1357,61
1505,68
1525,69
1382,60
1479,68
1526,65
1433,64
1285,57
1369,63
1431,65
1495,65
1446,67
1473,68
1323,61
1230,58
1304,61
1275,61
1476,65
1371,61
1407,63
1448,65
1370,62
1530,66
1442,65
1354,64
1447,65
1353,64
1453,65
1599,71
1474,66
1577,70
1421,64
1469,65
1482,66
1533,67
1498,63
1490,65
1498,67
1327,61
1439,65
1502,67
1495,65
1423,63
1318,59
1402,63
1570,66
1280,59
1382,59
1277,58
1300,60
1259,57
1302,60
1516,66
1467,65
1339,62
1257,60
1553,69
1475,66
1313,60
1315,59
1474,65
1537,68
1647,70
1387,62
1585,69
1423,65
1407,61
1557,68
1371,63
1501,67
1215,57
1377,63
1397,63
1305,61
1536,70
1311,59
1487,66
1426,64
1378,63
1482,66
1235,58
1430,65
1261,60
1476,65
1357,63
1392,64
1297,60
1593,70
1412,62
1438,65
1440,67
1436,65
1495,67
1386,64
1587,67
1684,72
1492,67
1454,65
1548,66
1425,65
1510,67
1524,66
1360,63
1465,65
1425,65
1307,60
1437,65
1386,62
1437,66
1352,62
1343,63
1509,67
1404,64
1576,69
1484,66
1429,65
1543,68
1618,70
1519,70
1357,62
1606,70
1263,59
1377,63
1466,65
1487,67
1532,67
1418,63
1378,62
1493,65
1456,65
1331,62
1370,64
1561,69
1435,66
1384,63
1516,66
1343,61
1407,65
1454,65
1535,66
1473,65
1389,64
1314,59
1496,65
1378,64
1446,66
1492,65
1336,61
1479,66
1492,66
1417,64
1465,66
1391,64
1316,61
1349,62
1219,56
1364,62
1543,67
1401,65
1318,60
1265,61
1456,67
1315,59
1414,63
1339,62
1556,68
1327,62
1501,65
1370,63
1468,65
1591,71
1551,67
1561,69
1293,59
1534,67
1542,66
1419,61
1515,68
1434,63
1395,64
1255,58
1402,65
1309,61
1469,63
1329,61
1195,54
1285,61
1330,61
1218,57
1587,70
1393,64
1517,68
1347,61
1381,61
1585,69
1454,65
1452,65
1499,66
1453,62
1524,67
1285,59
1499,66
1489,68
1341,62
1433,65
1309,62
1545,66
1346,64
1555,68
1347,61
1414,62
1352,61
1403,63
1328,61
1356,63
1411,64
1616,69
1382,61
1515,68
1374,62
1617,68
1361,63
1527,67
1376,63
1378,62
1461,65
1410,63
1478,66
1464,66
1565,70
1637,72
1568,69
1375,62
1467,63
1596,70
1342,64
1343,60
1281,61
1435,64
1464,67
1429,65
1453,65
1307,63
1596,67
1405,62
1313,57
1363,63
1229,57
1393,62
1438,64
1414,64
1484,68
1524,68
1444,64
1460,65
1677,74
1296,60
1294,60
1540,65
1457,64
1366,62
1427,65
1317,61
1471,66
1429,64
1361,62
1455,65
1329,60
1496,64
1275,57
1456,68
1531,68
1419,63
1204,58
1479,66
1333,61
1342,62
1535,69
1377,62
1426,66
1295,60
1393,65
1427,65
1437,66
1446,66
1493,66
1453,64
1417,64
1379,62
1249,58
1388,62
1511,66
1435,65
1329,62
1532,67
1448,64
1298,60
1361,62
1295,62
1492,65
1453,66
1470,66
1413,66
1569,70
1559,69
1404,63
1474,65
1506,68
1439,66
1382,65
1336,63
1441,65
1608,67
1511,66
1416,65
1278,59
1556,70
1358,64
1352,62
1411,64
1487,65
1424,63
1594,69
1459,67
1490,68
1500,66
1502,67
1439,63
1521,68
1565,68
1565,69
1436,66
1517,67
1424,64
1508,68
1599,71
1452,65
1495,64
1366,63
1505,66
1499,68
1427,66
1308,62
1509,66
1326,63
1422,64
1233,59
1585,70
1561,68
1300,60
1440,65
1383,65
1539,68
1388,62
1357,64
1486,66
1300,60
1658,71
1261,59
1455,66
1533,68
1504,67
1478,65
1462,65
1531,68
1462,67
1404,65
1209,58
1351,60
1410,65
1307,61
1300,60
1578,69
1342,63
1401,63
1542,69
1420,65
1474,66
1430,66
1336,62
1404,65
1370,63
1410,64
1288,60
1466,67
1508,67
1480,66
1473,64
1388,65
1422,66
1472,64
1390,64
1424,65
1486,65
1299,61
1594,69
1414,65
1365,64
1440,65
1483,67
1426,65
1493,68
1476,67
1399,64
1417,66
1450,64
1525,66
1331,61
1370,65
1252,58
1373,62
1445,66
1295,62
1407,65
1219,58
1400,63
1395,63
1415,64
1493,67
1330,64
1391,63
1438,64
1346,63
1315,61
1464,66
1425,64
1442,64
1464,65
1557,68
1275,59
1432,64
1308,62
1315,60
1385,64
1416,64
1378,64
1486,66
1379,64
1272,60
1360,63
1267,61
1375,61
1496,66
1252,59
1381,62
1365,63
1444,63
1462,65
1482,65
1396,64
1372,62
1480,65
1363,60
1579,67
1496,65
1520,68
1372,64
1509,69
1271,60
1429,65
1447,64
1382,63
1496,66
1455,66
1392,63
1400,65
1417,65
1506,67
1350,64
1527,68
1525,69
1428,65
1476,67
1343,62
1606,70
1455,66
1458,66
1402,65
1396,63
1420,64
1361,63
1417,67
1392,63
1327,63
1407,64
1280,59
1396,65
1389,63
1349,61
1592,70
1413,62
1453,65
1375,60
1403,65
1447,67
1283,61
1585,69
1559,69
1337,62
1388,65
1286,60
1369,61
1547,68
1311,60
1401,62
1189,56
1569,70
1427,66
1351,62
1348,63
1297,62
1348,62
1459,65
1548,68
1280,61
1345,64
1342,62
1475,67
1483,68
1394,62
1371,62
1413,64
1507,66
1429,67
1605,70
1413,65
1606,71
1428,65
1264,60
1304,61
1386,65
1340,62
1358,62
1374,61
1559,68
1532,68
1382,64
1557,67
1374,65
1347,62
1433,66
1428,65
1438,64
1557,67
1544,69
1217,60
1459,66
1444,66
1409,65
1393,65
1365,62
1280,59
1656,72
1168,55
1316,61
1434,66
1478,67
1308,60
1467,66
1472,65
1439,66
1608,72
1478,67
1468,65
1548,68
1278,62
1393,63
1518,67
1496,68
1447,65
1241,58
1486,64
1325,62
1525,67
1479,68
1414,64
1386,59
1455,65
1334,63
1475,66
1233,60
1468,66
1471,66
1442,67
1379,61
1442,64
1532,70
1449,65
1442,64
1401,63
1336,62
1498,67
1256,57
1446,64
1458,67
1469,66
1504,67
1421,66
1302,63
1366,63
1540,67
1478,67
1370,64
1434,64
1341,62
1578,66
1377,63
1481,66
1319,61
1427,62
1404,62
1634,70
1380,62
1382,61
1477,66
1538,69
1441,64
1397,64
1455,66
1570,70
1386,63
1288,60
1352,63
1384,66
1374,61
1435,65
1355,62
1386,65
1453,65
1321,62
1519,67
1303,62
1568,71
1417,65
1457,63
1417,63
1439,65
1411,64
1473,66
1356,62
1427,63
1414,64
1363,64
1389,66
1356,64
1475,66
1383,65
1417,67
1422,65
1323,63
1417,65
1545,68
1578,68
1549,70
1395,63
1487,65
1421,64
1215,58
1356,61
1298,60
1459,65
1439,65
1342,62
1536,67
1346,63
1427,65
1419,65
1542,68
1488,67
1417,63
1482,66
1337,64
1375,64
1621,71
1385,65
1411,63
1364,63
1452,66
1646,71
1498,68
1311,62
1387,64
1520,68
1492,67
1463,67
1404,64
1306,62
1338,64
1411,64
1276,61
1321,60
1407,64
1513,69
1479,63
1478,65
1398,63
1485,67
1559,68
1536,67
1326,62
1525,67
1488,68
1440,66
1273,58
1366,65
1417,65
1421,63
1491,67
1385,64
1502,67
1367,64
1456,65
1466,67
1261,60
1523,69
1342,62
1508,66
1476,66
1467,65
1366,63
1361,63
1555,69
1331,64
1440,65
1499,67
1390,64
1317,63
1474,65
1364,63
1331,63
1521,67
1574,68
1502,67
1572,68
1356,63
1628,70
1487,66
1394,62
1372,64
1403,64
1404,64
1519,68
1514,65
1455,66
1380,64
1454,67
1465,66
1389,65
1323,62
1364,63
1381,66
1432,63
1513,69
1402,65
1442,64
1302,60
1477,65
1482,67
1465,66
1237,59
1313,60
1327,60
1497,66
1473,67
1316,62
1317,61
1332,63
1509,66
1427,65
1416,64
1286,59
1507,69
1492,66
1196,57
1373,62
1371,63
1489,67
1379,63
1339,63
1294,61
1227,59
1484,66
1475,65
1464,67
1395,62
1307,60
1271,61
1264,58
1422,64
1301,60
1521,67
1439,67
1433,67
1430,63
1541,69
1323,61
1490,67
1294,60
1447,66
1419,65
1482,66
1466,66
1367,63
1461,65
1333,62
1432,65
1388,63
1525,68
1498,64
1426,63
1438,66
1412,63
1304,61
1376,64
1420,63
1379,63
1354,62
1414,65
1530,67
1257,59
1519,68
1334,62
1439,66
1505,68
1534,69
1443,62
1574,68
1523,67
1358,62
1204,57
1553,68
1296,59
1531,70
1421,65
1335,61
1338,63
1448,67
1395,64
1437,65
1452,64
1460,65
1345,63
1276,61
1436,63
1365,64
1435,64
1428,67
1317,61
1419,65
1449,66
1433,66
1247,59
1425,64
1291,60
1309,60
1458,65
1390,64
1419,66
1482,67
1452,66
1473,66
1402,65
1228,56
1610,71
1468,65
1370,61
1545,68
1349,62
1472,66
1514,68
1384,62
1403,64
1458,68
1409,62
1467,63
1381,62
1393,64
1458,67
1429,66
1402,65
1345,61
1574,69
1367,64
1512,68
1401,63
1394,64
1588,70
1288,60
1480,64
1421,66
1354,63
1412,65
1515,66
1381,64
1493,66
1441,67
1269,60
1421,64
1413,64
1420,64
1183,59
1466,65
1445,66
1526,68
1426,64
1293,61
1373,65
1305,61
1464,66
1489,66
1534,68
1419,63
1370,64
1348,59
1342,62
1364,60
1502,68
1506,66
1491,66
1267,59
1290,62
1283,58
1441,64
1345,61
1501,65
1471,66
1386,64
1439,64
1558,69
1441,64
1421,63
1503,65
1396,63
1496,68
1374,64
1346,64
1393,64
1511,66
1409,65
1489,66
1324,60
1322,62
1365,64
1477,66
1380,63
1435,65
1319,63
1605,71
1356,62
1325,62
1460,67
1404,64
1406,64
1396,64
1506,66
1381,62
1416,66
1329,63
1390,64
1421,64
1348,63
1474,67
1303,59
1221,56
1445,66
1546,68
1378,63
1400,63
1499,64
1285,62
1196,58
1373,63
1518,67
1381,61
1559,69
1545,68
1493,67
1552,67
1406,64
1327,62
1393,65
1276,60
1509,67
1364,64
1398,63
1585,70
1503,66
1418,66
1416,65
1453,64
1475,66
1369,63
1528,69
1469,67
1528,68
1657,72
1295,61
1447,66
1450,66
1310,62
1469,65
1565,68
1470,67
1351,61
1574,69
1554,70
1464,63
1432,63
1312,61
1436,66
1295,61
1259,57
1400,65
1382,64
1342,62
1405,64
1550,68
1443,64
1446,65
1353,65
1404,66
1490,66
1369,64
1365,64
1522,66
1486,65
1324,62
1343,63
1433,66
1440,67
1364,64
1223,58
1534,67
1494,67
1456,65
1503,69
1445,65
1447,64
1497,67
1369,64
1545,68
1386,64
1283,61
1402,63
1602,71
1604,70
1351,61
1568,68
1528,67
1354,62
1597,70
1516,69
1498,67
1359,62
1300,60
1453,64
1435,63
1575,70
1492,68
1519,66
1309,62
1241,59
1460,67
1480,67
1599,71
1547,68
1430,65
1416,64
1288,61
1410,65
1335,59
1446,66
1397,64
1332,62
1425,66
1454,64
1379,63
1283,60
1531,69
1414,63
1343,62
1413,64
1400,63
1329,62
1267,61
1271,60
1474,67
1343,60
1468,67
1358,62
1378,64
1421,66
1337,61
1488,68
1420,63
1409,65
1491,68
1532,67
1336,61
1306,62
1441,66
1337,64
1363,62
1371,64
1536,69
1526,68
1354,61
1376,62
1462,65
1415,64
1373,62
1452,65
1488,66
1426,65
1351,62
1354,63
1365,63
1450,65
1455,65
1400,64
1515,67
1448,65
1357,62
1392,64
1342,62
1445,65
1503,66
1466,67
1436,65
1408,64
1392,64
1323,64
1431,63
1427,65
1494,67
1384,63
1311,61
1364,64
1397,62
1535,69
1280,61
1592,70
1502,67
1424,65
1460,66
1502,67
1478,67
1457,67
1504,69
1319,61
1620,70
1408,62
1234,58
1354,63
1344,63
1377,62
1349,63
1503,67
1476,65
1467,63
1300,58
1412,64
1462,67
1334,59
1382,63
1505,68
1251,58
1312,61
1418,66
1319,63
1572,69
1408,64
1324,62
1559,69
1314,61
1524,68
1328,62
1379,64
1464,65
1528,67
1395,63
1443,64
1459,65
1442,67
1460,65
1524,69
1309,62
1412,65
1527,66
1365,64
1361,61
1440,67
1209,57
1526,68
1581,70
1531,66
1502,69
1523,67
1374,62
1535,69
1474,69
1419,62
1438,63
1421,64
1472,66
1446,62
1486,67
1255,59
1394,63
1407,63
1261,61
1412,63
1535,69
1334,62
1549,67
1385,64
1501,67
1304,63
1430,63
1561,69
1419,65
1545,69
1338,62
1487,66
1462,68
1560,70
1310,62
1372,63
1406,63
1292,60
1418,66
1278,61
1239,59
1301,60
1588,69
1475,66
1495,67
1497,67
1466,64
1299,61
1358,60
1356,64
1392,64
1389,65
1434,65
1510,68
1416,64
1447,64
1455,67
1447,66
1389,62
1441,63
1217,58
1420,65
1491,66
1409,64
1418,64
1506,67
1645,71
1381,65
1408,66
1364,64
1453,64
1529,69
1359,63
1232,60
1332,61
1526,66
1349,60
1475,66
1424,64
1396,63
1441,64
1425,66
1459,65
1349,61
1387,64
1511,66
1532,68
1519,67
1499,66
1478,68
1549,68
1445,64
1330,60
1273,62
1300,59
1428,65
1247,59
1401,67
1354,63
1277,61
1270,61
1452,67
1405,63
1456,66
1445,66
1404,65
1490,68
1303,61
1459,66
1510,68
1303,62
1302,60
1416,63
1423,63
1478,65
1547,68
1331,62
1362,64
1602,69
1468,67
1532,69
1370,62
1425,63
1481,68
1411,63
1458,66
1405,64
1503,66
1458,66
1398,65
1490,67
1521,68
1376,63
1598,70
1438,65
1448,66
1403,65
1399,65
1326,60
1374,61
1490,67
1404,64
1464,66
1399,65
1339,60
1329,60
1399,63
1311,63
1456,65
1509,66
1445,64
1346,62
1403,63
1523,64
1263,58
1413,65
1364,61
1246,56
1512,68
1417,66
1298,61
1318,64
1307,62
1472,65
1328,61
1499,67
1542,66
1424,64
1439,65
1410,64
1485,66
1403,66
1362,62
1473,67
1449,64
1273,61
1470,65
1575,69
1445,64
1467,68
1450,65
1526,69
1336,61
1385,64
1587,69
1327,60
1423,65
1425,66
1496,67
1468,67
1492,66
1392,65
1403,63
1247,60
1299,60
1419,65
1351,63
1356,62
1548,65
1473,66
1459,67
1503,68
1571,69
1504,68
1262,59
1496,66
1374,60
1445,64
1353,62
1312,60
1415,66
1518,67
1385,64
1399,63
1383,65
1450,64
1414,65
1457,65
1564,70
1187,57
1447,67
1530,67
1455,67
1367,62
1555,67
1516,67
1247,58
1475,67
1608,69
1304,59
1549,68
1545,67
1410,64
1548,69
1521,69
1430,61
1481,68
1404,65
1402,65
1291,57
1412,64
1329,62
1451,66
1498,68
1254,60
1530,68
1499,69
1357,63
1313,59
1359,59
1351,61
1450,66
1496,66
1419,63
1474,66
1235,58
1333,62
1350,62
1256,60
1465,66
1329,62
1417,65
1445,64
1324,61
1297,60
1443,66
1424,64
1458,67
1457,66
1273,59
1207,57
1529,66
1400,65
1486,66
1428,65
1464,65
1449,64
1271,60
1386,64
1508,68
1359,60
1388,65
1492,64
1304,60
1487,66
1325,60
1514,67
1599,72
1400,63
1422,64
1440,66
1317,62
1451,67
1471,66
1461,67
1410,64
1473,65
1332,61
1395,65
1515,67
1424,64
1300,60
1433,64
1528,66
1439,64
1251,60
1503,66
1591,69
1283,60
1385,60
1464,66
1489,66
1478,65
1513,68
1551,68
1242,59
1498,67
1318,62
1605,71
1231,57
1419,63
1445,64
1427,66
1368,64
1593,70
1319,61
1533,68
1402,65
1611,68
1431,65
1414,62
1529,68
1500,66
1377,64
1384,65
1591,70
1213,58
1447,67
1503,68
1422,65
1373,64
1292,62
1456,66
1447,64
1438,64
1461,66
1529,68
1453,66
1312,59
1535,67
1360,62
1543,67
1407,65
1502,68
1308,61
1323,62
1493,66
1579,68
1461,65
1534,69
1588,68
1527,68
1551,70
1483,65
1526,69
1433,66
1435,63
1430,65
1463,65
1294,62
1477,65
1360,63
1353,62
1411,63
1510,65
1473,66
1370,62
1307,61
1481,66
1421,66
1582,70
1385,63
1375,64
1419,64
1540,68
1376,63
1316,60
1474,66
1479,65
1254,59
1323,61
1513,67
1451,65
1393,64
1444,65
1592,68
1498,67
1589,69
1404,63
1451,64
1489,65
1336,60
1589,69
1262,61
1428,65
1224,57
1335,61
1370,63
1493,68
1347,61
1557,68
1470,64
1327,61
1272,59
1371,64
1389,63
1433,66
1476,67
1327,63
1357,64
1258,59
1399,63
1537,69
1218,58
1395,64
1244,58
1427,65
1571,67
1363,60
1456,63
1408,63
1473,63
1433,65
1261,59
1528,68
1453,65
1375,61
1481,64
1375,63
1244,60
1343,62
1400,65
1421,63
1359,64
1252,59
1404,64
1622,70
1342,62
1342,61
1347,60
1384,62
1471,64
1414,65
1387,63
1423,65
1205,58
1504,68
1201,59
1454,66
1209,58
1408,66
1360,62
1399,65
1371,63
1410,63
1600,68
1553,69
1507,69
1480,67
1440,66
1345,62
1463,65
1272,59
1475,67
1495,67
1204,59
1465,68
1340,63
1437,65
1385,63
1495,64
1440,65
1428,65
1471,65
1393,62
1327,63
1656,72
1262,60
1375,66
1230,58
1303,60
1519,67
1394,63
1455,66
1452,66
1441,65
1296,60
1367,62
1301,62
1465,65
1367,65
1324,60
1519,68
1399,64
1294,60
1470,65
1386,65
1411,64
1310,60
1349,62
1476,64
1359,62
1338,62
1378,64
1481,67
1443,66
1260,60
1436,65
1434,66
1437,67
1486,68
1431,65
1332,64
1425,64
1402,64
1488,67
1475,64
1437,65
1369,62
1369,63
1510,66
1362,63
1310,61
1463,67
1408,66
1517,67
1515,68
1521,69
1439,64
1398,65
1382,64
1517,67
1215,58
1365,64
1298,63
1458,66
1508,68
1405,63
1318,62
1359,62
1425,64
1478,67
1419,66
1380,63
1485,67
1453,65
1564,70
1406,64
1508,67
1466,68
1459,65
1224,58
1380,63
1413,65
1376,62
1381,65
1511,66
1322,61
1492,66
1375,65
1344,62
1326,62
1397,66
1398,64
1473,65
1206,57
1104,52
1413,65
1441,65
1508,67
1509,68
1548,69
1474,65
1473,63
1413,65
1445,63
1484,67
1552,67
1528,69
1342,64
1262,60
1457,66
1461,66
1530,68
1477,67
1290,60
1462,67
1433,66
1344,62
1394,61
1380,59
1463,66
1391,64
1272,58
1492,68
1317,60
1496,68
1606,69
1282,59
1455,66
1512,67
1584,68
1519,69
1540,68
1498,66
1337,63
1461,65
1378,61
1556,69
1455,64
1636,71
1460,65
1597,68
1252,59
1491,68
1495,66
1328,62
1428,66
1391,62
1429,64
1411,63
1493,67
1430,64
1520,69
1348,65
1432,65
1587,69
1335,63
1562,68
1260,62
1524,68
1589,69
1473,65
1313,62
1416,65
1410,65
1457,66
1303,62
1403,66
1303,63
1493,67
1524,68
1452,65
1387,64
1292,59
1412,64
1315,62
1408,65
1402,64
1465,66
1450,66
1260,59
1415,65
1271,62
1392,64
1388,65
1407,64
1529,67
1338,63
1291,62
1454,66
1480,66
1440,64
1588,70
1473,65
1277,60
1378,63
1456,66
1371,62
1507,67
1406,63
1322,62
1332,61
1335,63
1491,67
1392,63
1310,59
1433,64
1434,66
1370,61
1465,66
1334,61
1262,57
1495,67
1331,62
1435,63
1428,66
1579,69
1335,62
1508,68
1488,67
1403,66
1523,69
1338,62
1356,61
1328,60
1393,62
1490,67
1321,63
1370,63
1179,56
1354,61
1601,69
1548,68
1443,67
1344,61
1332,63
1342,63
1272,59
1417,65
1471,66
1535,69
1328,61
1434,65
1398,61
1530,68
1427,65
1472,68
1305,58
1296,63
1442,65
1364,61
1532,66
1215,60
1465,66
1395,65
1299,61
1353,62
1503,67
1303,62
1261,61
1476,64
1395,66
1558,70
1505,65
1341,60
1235,59
1451,67
1504,67
1372,63
1375,64
1443,67
1434,64
1395,64
1415,65
1325,61
1333,62
1523,69
1535,65
1442,63
1487,67
1449,65
1561,69
1352,63
1294,61
1458,65
1372,64
1341,62
1427,63
1492,67
1451,63
1477,65
1543,67
1376,63
1389,64
1415,65
1374,64
1445,66
1472,68
1459,66
1479,64
1382,64
1294,63
1293,60
1315,59
1484,64
1525,68
1547,69
1465,67
1485,66
1584,70
1466,68
1513,69
1384,64
1413,63
1397,64
1228,59
1226,59
1263,60
1517,67
1504,67
1423,64
1417,62
1349,62
1472,65
1535,66
1334,63
1370,63
1352,63
1378,63
1459,67
1508,68
1589,69
1465,65
1336,62
1478,65
1503,68
1559,68
1482,66
1510,68
1478,67
1542,67
1409,63
1573,68
1596,70
1588,69
1450,62
1285,60
1326,60
1332,61
1414,65
1463,68
1492,66
1475,67
1362,63
1484,66
1499,66
1449,65
1306,62
1390,66
1491,67
1404,65
1533,67
1388,64
1430,64
1430,66
1543,69
1584,67
1355,63
1459,66
1378,63
1491,67
1593,70
1358,63
1423,63
1538,70
1528,68
1342,62
1241,60
1367,62
1377,60
1461,65
1500,68
1420,65
1244,59
1496,67
1530,69
1354,64
1261,58
1479,64
1345,64
1422,66
1620,71
1468,66
1507,68
1279,59
1450,65
1434,66
1530,68
1502,68
1426,62
1419,66
1257,60
1486,68
1439,66
1431,66
1415,63
1599,69
1270,58
1360,63
1365,62
1440,64
1534,67
1291,62
1577,67
1213,58
1623,69
1553,68
1446,66
1458,65
1541,69
1538,67
1576,69
1494,67
1404,64
1390,63
1445,64
1443,65
1354,64
1468,65
1254,59
1497,67
1491,67
1508,67
1439,65
1249,58
1430,65
1432,64
1338,63
1401,64
1438,64
1341,62
1281,60
1381,65
1425,63
1467,65
1460,66
1313,61
1428,66
1600,68
1539,70
1256,62
1356,62
1501,66
1393,65
1436,66
1450,66
1215,60
1396,63
1506,65
1468,67
1674,71
1363,63
1508,69
1458,64
1553,70
1439,65
1477,66
1396,63
1285,62
1485,64
1352,64
1467,65
1359,64
1302,62
1431,65
1336,58
1464,68
1150,55
1377,64
1341,62
1543,67
1490,67
1315,62
1404,64
1463,67
1241,60
1501,66
1354,61
1405,64
1520,69
1458,65
1495,65
1554,69
1311,61
1334,63
1390,65
1373,63
1497,67
1422,63
1460,66
1530,69
1306,61
1534,69
1551,69
1476,64
1546,68
1480,69
1369,63
1428,65
1379,64
1464,66
1602,69
1466,65
1441,65
1413,64
1382,63
1397,65
1310,62
1384,63
1292,61
1408,64
1200,56
1475,67
1366,62
1416,65
1396,63
1375,63
1505,67
1445,67
1456,63
1396,65
1475,65
1446,63
1313,63
1418,61
1270,60
1385,63
1576,70
1478,67
1205,58
1460,66
1399,66
1435,65
1515,69
1317,60
1366,63
1495,66
1540,69
1313,61
1370,63
1361,60
1447,64
1259,60
1460,67
1304,61
1304,61
1373,63
1282,56
1260,61
1450,65
1433,64
1380,61
1375,64
1510,68
1436,65
1430,66
1426,65
1441,66
1442,64
1350,63
1600,70
1498,66
1539,67
1324,62
1554,68
1403,64
1445,63
1419,65
1366,62
1444,66
1384,64
1445,63
1332,61
1300,61
1523,68
1672,70
1631,71
1477,65
1366,63
1506,68
1542,68
1346,64
1445,64
1419,64
1440,64
1481,67
1326,63
1465,66
1465,66
1644,72
1489,68
1327,61
1489,68
1451,65
1467,66
1340,61
1404,66
1356,63
1435,65
1338,62
1338,63
1587,69
1414,65
1374,63
1455,66
1406,64
1459,65
1471,65
1477,65
1347,61
1291,60
1351,62
1462,65
1488,64
1456,66
1590,69
1429,64
1368,63
1393,65
1449,65
1372,63
1567,69
1483,68
1429,64
1234,61
1494,68
1241,57
1565,70
1242,60
1384,62
1383,63
1572,70
1323,61
1397,65
1448,63
1416,64
1463,68
1383,62
1252,59
1464,67
1427,65
1391,62
1378,61
1420,66
1515,68
1562,68
1397,64
1430,63
1375,63
1447,66
1383,63
1386,63
1241,58
1492,68
1393,64
1470,63
1506,67
1541,65
1525,70
1254,59
1590,71
1498,68
1246,57
1318,61
1303,59
1511,66
1355,59
1462,65
1423,65
1453,64
1508,66
1543,68
1361,63
1356,62
1556,68
1370,63
1372,64
1336,61
1414,64
1403,64
1546,67
1436,66
1312,62
1526,67
1409,64
1457,65
1378,61
1522,68
1349,62
1550,69
1596,71
1228,55
1332,60
1517,66
1481,67
1379,60
1487,67
1595,70
1536,66
1437,65
1345,62
1294,61
1436,65
1385,62
1475,67
1389,62
1420,65
1458,65
1419,65
1476,65
1317,62
1518,65
1430,67
1379,63
1375,63
1364,61
1410,63
1483,65
1524,68
1546,70
1391,64
1515,68
1381,64
1562,66
1450,63
1395,62
1339,65
1433,65
1319,63
1353,63
1462,67
1438,63
1540,69
1280,61
1373,64
1404,63
1266,60
1441,67
1421,66
1406,65
1469,65
1293,60
1407,65
1431,67
1285,61
1469,66
1469,66
1469,66
1605,70
1555,69
1560,69
1403,66
1442,64
1441,67
1418,65
1319,59
1372,61
1335,62
1282,62
1529,66
1439,66
1213,57
1440,65
1343,64
1452,66
1458,65
1534,69
1253,59
1435,65
1576,66
1489,67
1488,67
1421,65
1375,65
1503,68
1330,63
1541,67
1314,59
1471,65
1532,68
1403,64
1551,69
1302,59
1335,61
1266,59
1572,69
1449,65
1379,62
1288,60
1491,66
1523,69
1493,67
1399,63
1472,64
1286,60
1352,62
1406,61
1436,65
1363,60
1426,64
1376,63
1378,63
1343,63
1448,67
1421,65
1433,66
1456,66
1427,65
1336,61
1369,62
1550,70
1545,66
1454,64
1544,67
1198,56
1443,63
1520,68
1461,64
1526,68
1311,62
1472,67
1441,64
1457,65
1321,61
1508,65
1494,68
1381,65
1264,59
1439,66
1411,64
1443,65
1460,67
1479,66
1457,65
1475,64
1376,64
1524,66
1492,67
1399,63
1359,62
1352,62
1437,64
1484,67
1557,68
1446,65
1570,69
1501,67
1280,60
1452,67
1445,66
1558,69
1549,68
1427,65
1545,69
1210,56
1328,60
1461,65
1417,65
1386,65
1343,63
1543,69
1491,66
1569,70
1474,67
1467,65
1546,67
1372,63
1338,62
1462,64
1553,70
1453,67
1619,69
1410,65
1403,61
1383,64
1268,58
1422,64
1270,61
1229,58
1462,67
1433,66
1498,67
1477,68
1438,66
1423,65
1418,64
1250,58
1412,63
1266,62
1414,65
1496,66
1226,59
1322,64
1364,61
1402,64
1366,63
1414,65
1459,66
1478,68
1424,63
1558,69
1426,67
1299,63
1270,60
1522,68
1356,62
1510,65
1402,62
1408,63
1438,64
1433,66
1377,64
1402,66
1262,59
1488,67
1290,59
1430,63
1532,68
1276,60
1447,64
1424,67
1323,62
1348,62
1430,65
1405,63
1327,61
1498,67
1406,64
1354,62
1324,62
1499,67
1484,63
1482,66
1465,65
1561,71
1364,62
1558,70
1484,65
1595,70
1414,64
1448,65
1499,65
1323,60
1433,62
1531,69
1452,64
1445,66
1394,63
1301,61
1269,60
1568,69
1549,67
1392,62
1410,65
1479,67
1383,63
1481,65
1494,67
1379,63
1405,63
1432,66
1365,61
1591,68
1429,66
1512,68
1215,55
1439,64
1307,63
1340,61
1337,63
1385,63
1508,68
1531,66
1424,64
1454,64
1433,67
1382,62
1431,66
1383,65
1342,62
1546,69
1349,61
1573,66
1441,65
1315,59
1256,61
1404,64
1517,65
1457,66
1359,63
1430,65
1532,65
1517,65
1608,71
1430,61
1313,60
1398,64
1603,72
1263,58
1380,65
1298,60
1431,64
1356,63
1359,63
1334,62
1501,67
1455,64
1549,66
1498,66
1501,67
1458,66
1415,64
1299,59
1354,60
1443,65
1357,63
1372,62
1504,68
1546,69
1375,63
1413,65
1470,64
1543,66
1394,63
1371,63
1403,63
1314,60
1433,66
1352,64
1416,65
1347,61
1473,65
1509,67
1443,65
1550,67
1453,66
1550,68
1381,63
1387,63
1460,65
1397,66
1311,59
1457,64
1360,62
1429,64
1486,65
1440,66
1502,65
1445,65
1375,61
1501,66
1468,66
1476,64
1377,63
1431,65
1281,61
1332,60
1320,63
1387,63
1328,61
1541,69
1490,66
1584,67
1304,59
1493,69
1473,65
1447,64
1371,64
1379,64
1601,71
1224,59
1598,71
1337,62
1491,67
1503,66
1428,66
1539,69
1526,68
1621,71
1536,68
1438,66
1431,65
1488,68
1354,64
1384,64
1464,65
1353,61
1473,66
1177,58
1420,66
1306,62
1503,67
1520,66
1475,65
1541,64
1434,68
1527,67
1471,66
1471,65
1446,63
1389,63
1484,67
1300,60
1363,63
1476,66
1467,66
1418,65
1251,58
1418,66
1492,67
1337,60
1439,64
1385,61
1549,66
1458,65
1327,60
1427,65
1396,65
1401,66
1497,66
1470,65
1540,70
1396,63
1467,68
1495,67
1316,62
1445,63
1282,60
1494,68
1479,66
1357,62
1436,65
1425,64
1567,69
1462,66
1317,60
1516,67
1413,64
1460,66
1358,64
1267,60
1374,64
1420,65
1245,60
1479,65
1344,63
1244,59
1248,60
1454,66
1485,66
1391,65
1379,65
1349,62
1348,62
1532,66
1504,68
1353,63
1390,64
1356,63
1266,59
1380,62
1300,59
1307,59
1360,62
1249,59
1424,65
1456,65
1415,66
1440,64
1556,69
1370,63
1395,62
1497,67
1413,65
1308,62
1471,65
1523,68
1405,62
1375,63
1504,66
1512,68
1578,70
1579,70
1396,64
1443,67
1277,59
1479,66
1505,69
1398,64
1418,66
1429,65
1561,69
1582,67
1575,70
1458,67
1466,66
1309,63
1411,64
1499,68
1576,68
1381,60
1418,65
1167,56
1478,65
1320,62
1495,67
1378,64
1617,71
1468,63
1462,68
1483,65
1561,70
1442,65
1481,64
1540,68
1422,63
1512,66
1402,64
1595,69
1436,65
1398,62
1460,65
1519,67
1390,59
1454,65
1468,65
1323,61
1586,69
1350,63
1486,66
1436,66
1320,60
1324,59
1344,61
1278,60
1523,68
1321,61
1554,68
1489,68
1345,62
1511,67
1521,65
1453,65
1217,58
1351,62
1292,62
1390,63
1303,62
1547,69
1648,71
1522,69
1533,68
1412,66
1319,62
1480,67
1390,64
1385,62
1482,64
1254,58
1470,66
1470,66
1482,67
1344,64
1486,67
1485,67
1341,60
1388,63
1410,64
1391,65
1289,60
1499,68
1445,65
1371,64
1482,68
1393,64
1303,61
1444,65
1502,67
1371,64
1385,65
1442,66
1429,62
1267,61
1527,68
1512,67
1397,65
1473,68
1560,67
1552,70
1242,59
1205,57
1347,62
1517,66
1444,65
1318,62
1432,65
1277,60
1379,63
1414,64
1348,65
1328,62
1511,67
1345,62
1463,67
1473,67
1245,59
1429,64
1590,69
1246,59
1378,62
1344,62
1383,61
1343,62
1336,63
1230,60
1511,67
1353,63
1501,67
1414,63
1278,60
1288,59
1314,60
1289,62
1434,65
1307,60
1424,65
1368,63
1391,65
1512,66
1309,62
1406,63
1376,63
1429,65
1332,62
1335,61
1535,67
1557,70
1491,67
1447,68
1414,65
1440,66
1422,64
1524,66
1410,63
1366,61
1385,64
1421,64
1460,64
1234,58
1321,60
1501,67
1402,65
1415,62
1425,65
1241,57
1365,63
1553,69
1471,68
1478,66
1474,66
1625,69
1552,67
1534,69
1317,62
1376,63
1671,72
1429,65
1474,66
1400,64
1487,68
1514,67
1373,64
1510,67
1245,60
1381,62
1352,63
1362,63
1365,65
1471,65
1400,65
1462,66
1466,66
1518,67
1379,63
1388,64
1311,60
1483,66
1539,67
1515,68
1505,68
1345,62
1450,63
1400,62
1327,63
1336,61
1424,66
1494,66
1240,61
1387,61
1346,63
1309,62
1473,66
1545,69
1317,62
1304,61
1252,58
1436,64
1338,61
1316,61
1433,64
1426,64
1420,63
1306,62
1342,63
1435,64
1640,71
1480,67
1269,61
1320,63
1429,66
1413,64
1589,70
1522,68
1378,63
1480,65
1400,64
1430,64
1468,65
1464,65
1374,62
1311,60
1412,65
1504,66
1371,63
1465,67
1525,66
1474,67
1427,64
1424,65
1397,64
1565,66
1460,66
1386,62
1503,67
1538,69
1309,62
1332,63
1504,67
1460,66
1447,64
1429,64
1384,65
1402,63
1359,60
1479,67
1579,71
1504,66
1431,64
1572,69
1278,62
1396,63
1254,61
1558,68
1412,63
1332,59
1405,64
1468,67
1293,59
1452,66
1319,61
1431,65
1586,69
1456,64
1427,65
1474,67
1606,69
1526,67
1492,67
1340,63
1520,67
1505,68
1418,66
1409,63
1435,64
1381,65
1427,65
1254,60
1445,64
1458,64
1427,65
1379,63
1260,59
1525,67
1458,66
1430,66
1453,67
1426,64
1333,62
1321,60
1487,66
1524,68
1282,59
1402,66
1401,63
1299,62
1465,65
1419,64
1591,70
1257,60
1396,65
1411,64
1327,62
1286,62
1276,59
1452,68
1330,60
1558,68
1408,64
1511,66
1515,68
1555,65
1378,65
1495,66
1376,64
1420,65
1482,66
1559,68
1390,63
1442,66
1570,69
1480,66
1345,63
1451,67
1559,68
1488,66
1358,62
1308,62
1353,65
1374,60
1387,64
1378,63
1593,69
1552,66
1456,67
1443,65
1262,60
1517,67
1350,62
1503,67
1460,65
1514,69
1374,62
1591,70
1479,68
1398,65
1520,69
1526,68
1424,64
1445,64
1340,63
1412,65
1512,66
1275,60
1332,60
1478,67
1306,61
1330,62
1347,62
1372,63
1385,61
1242,58
1492,62
1334,63
1475,63
1425,64
1494,69
1488,65
1269,60
1566,66
1460,67
1334,64
1254,60
1401,63
1566,70
1491,66
1463,67
1483,68
1406,63
1183,55
1444,65
1502,65
1257,59
1321,60
1299,62
1265,59
1428,64
1389,64
1404,65
1520,67
1414,65
1327,61
1401,64
1503,66
1370,64
1538,68
1475,67
1403,63
1471,65
1396,64
1411,62
1332,60
1452,66
1529,68
1477,65
1503,68
1416,65
1429,65
1448,65
1443,66
1550,68
1559,67
1518,67
1446,64
1414,65
1311,60
1429,64
1546,67
1469,65
1401,64
1409,63
1584,69
1409,63
1377,62
1456,65
1415,65
1470,66
1606,69
1305,61
1427,66
1329,61
1461,68
1484,66
1371,64
1527,67
1402,63
1564,69
1546,68
1405,63
1641,72
1299,61
1389,62
1473,66
1405,65
1443,66
1202,57
1390,64
1406,64
1400,63
1405,64
1447,66
1594,70
1446,65
1292,61
1253,62
1391,65
1348,62
1355,61
1376,63
1296,62
1417,65
1386,65
1452,65
1478,67
1359,62
1349,62
1472,63
1278,58
1334,62
1342,60
1392,64
1313,60
1424,63
1544,68
1446,67
1447,65
1392,63
1450,67
1437,64
1490,67
1395,64
1519,66
1524,69
1267,59
1339,60
1329,59
1403,66
1468,64
1374,63
1447,66
1440,65
1462,67
1378,64
1326,63
1278,59
1362,62
1603,70
1397,66
1483,67
1468,65
1370,61
1260,60
1329,62
1551,68
1416,64
1383,64
1285,62
1325,61
1312,63
1361,62
1426,64
1411,64
1410,64
1526,68
1484,67
1582,68
1507,67
1301,63
1468,65
1418,65
1468,68
1471,67
1323,62
1442,66
1592,70
1244,57
1582,68
1352,60
1290,60
1486,68
1368,64
1319,61
1567,70
1431,62
1470,66
1339,59
1569,69
1327,60
1407,63
1526,68
1393,63
1390,65
1456,65
1297,61
1380,64
1484,67
1453,66
1412,64
1484,65
1483,65
1313,60
1536,69
1445,66
1425,64
1222,60
1442,64
1554,68
1536,68
1335,63
1507,65
1281,59
1486,65
1437,66
1403,65
1472,63
1316,58
1381,63
1406,63
1348,63
1423,63
1448,67
1438,64
1378,62
1516,67
1544,69
1341,62
1319,60
1436,64
1499,66
1457,68
1523,68
1361,64
1312,62
1306,60
1332,61
1468,66
1398,64
1297,62
1316,62
1501,67
1453,65
1590,69
1354,62
1294,59
1438,65
1429,64
1408,64
1450,66
1516,67
1345,63
1376,62
1269,60
1411,66
1284,58
1280,61
1383,63
1321,60
1410,65
1461,65
1318,64
1268,59
1509,67
1356,61
1375,63
1569,69
1439,66
1468,66
1499,68
1571,70
1602,70
1455,65
1339,62
1482,69
1401,64
1509,69
1539,69
1248,57
1337,62
1351,63
1596,69
1500,67
1422,63
1328,63
1575,67
1418,65
1357,64
1325,63
1504,66
1449,66
1385,63
1397,63
1563,69
1359,61
1446,65
1440,64
1484,66
1395,65
1460,66
1457,67
1377,62
1558,67
1434,64
1461,65
1352,64
1409,63
1327,61
1358,62
1429,64
1442,65
1437,66
1474,66
1460,66
1267,61
1500,67
1552,69
1364,64
1421,67
1455,67
1395,63
1579,70
1409,63
1308,61
1406,64
1420,63
1377,64
1407,64
1446,62
1452,67
1368,64
1375,64
1477,65
1416,65
1376,62
1463,63
1461,64
1458,65
1444,67
1315,62
1323,62
1507,65
1377,61
1237,60
1464,63
1393,63
1505,66
1462,64
1411,65
1281,62
1306,62
1403,66
1333,62
1509,68
1361,62
1370,63
1417,62
1458,66
1377,63
1546,67
1344,63
1362,64
1351,64
1386,62
1443,63
1346,60
1519,66
1506,66
1511,68
1497,66
1237,59
1323,61
1347,64
1510,67
1363,62
1527,68
1468,66
1396,62
1331,62
1330,61
1427,66
1327,61
1238,57
1432,62
1334,63
1427,64
1319,62
1305,64
1459,66
1430,64
1345,60
1336,59
1368,62
1333,62
1306,61
1410,65
1280,60
1518,69
1398,64
1363,63
1332,61
1300,60
1569,70
1244,59
1396,64
1467,67
1294,62
1556,68
1327,62
1374,63
1469,66
1433,64
1309,62
1599,70
1502,68
1375,64
1491,68
1479,66
1420,63
1410,64
1330,62
1512,68
1575,69
1364,63
1358,62
1373,62
1419,66
1411,62
1331,62
1385,64
1410,64
1553,68
1512,68
1458,66
1286,60
1323,60
1335,63
1553,67
1417,64
1230,60
1294,60
1441,64
1416,65
1084,52
1475,66
1327,62
1358,60
1310,62
1399,65
1343,62
1429,66
1490,68
1466,65
1548,68
1437,62
1350,63
1431,65
1460,66
1558,69
1374,62
1542,66
1252,60
1528,69
1440,65
1435,64
1289,60
1439,64
1626,71
1480,67
1455,66
1319,61
1549,68
1262,59
1527,70
1529,68
1461,64
1590,70
1449,66
1515,67
1279,60
1540,67
1504,67
1487,67
1319,62
1365,63
1461,66
1434,66
1500,67
1388,65
1451,63
1422,65
1396,63
1338,62
1452,64
1443,64
1481,68
1493,68
1446,65
1349,61
1454,68
1597,71
1505,67
1639,71
1482,66
1336,62
1417,64
1381,64
1496,68
1303,63
1522,65
1403,63
1414,64
1393,62
1469,65
1400,65
1433,64
1376,63
1273,59
1428,66
1350,64
1528,66
1538,67
1518,67
1385,63
1322,61
1463,63
1463,64
1375,61
1449,66
1357,62
1473,66
1608,67
1299,62
1379,64
1456,68
1470,64
1502,67
1458,68
1496,67
1268,58
1578,67
1424,65
1500,66
1507,66
1436,65
1593,70
1503,65
1373,62
1465,65
1325,62
1422,62
1463,66
1471,64
1400,64
1376,61
1394,66
1197,59
1284,62
1355,61
1515,66
1456,67
1456,65
1287,60
1517,68
1381,64
1469,67
1371,64
1463,64
1448,65
1329,60
1333,61
1306,62
1486,64
1467,64
1525,67
1496,67
1511,68
1265,61
1324,60
1402,65
1634,70
1481,67
1550,67
1572,68
1456,64
1330,63
1419,65
1404,64
1565,68
1230,58
1460,66
1319,63
1337,63
1367,63
1462,68
1487,67
1494,65
1564,68
1499,65
1380,64
1394,64
1339,63
1448,65
1453,66
1405,66
1444,64
1323,61
1363,63
1531,66
1398,64
1539,68
1397,65
1437,64
1284,60
1377,63
1449,66
1372,63
1357,62
1620,69
1410,63
1244,59
1406,62
1497,67
1525,67
1472,66
1560,67
1329,61
1373,63
1474,65
1366,63
1592,70
1312,59
1340,62
1529,68
1348,63
1451,64
1573,69
1358,64
1397,64
1462,65
1398,62
1428,66
1369,63
1386,61
1293,61
1386,65
1596,69
1411,66
1387,65
1484,67
1408,65
1357,63
1482,67
1374,65
1519,67
1381,64
1536,67
1408,64
1536,67
1410,63
1381,62
1311,63
1305,60
1527,67
1390,61
1436,64
1410,66
1270,58
1599,70
1560,70
1330,62
1414,63
1205,56
1486,66
1321,61
1481,67
1489,64
1389,64
1414,63
1548,69
1511,68
1517,66
1367,65
1374,63
1472,65
1552,67
1413,62
1468,66
1322,63
1529,69
1439,66
1581,69
1405,64
1564,68
1382,64
1504,67
1421,64
1401,65
1495,68
1407,63
1347,63
1467,64
1392,63
1478,64
1427,64
1489,67
1557,69
1367,63
1431,64
1492,65
1466,65
1414,65
1370,63
1430,64
1451,64
1436,66
1290,61
1421,62
1434,64
1463,66
1366,63
1458,66
1530,68
1390,61
1409,63
1353,64
1447,65
1394,62
1359,60
1244,61
1346,60
1434,65
1382,63
1340,62
1375,63
1426,65
1412,62
1312,62
1375,63
1370,63
1593,69
1206,57
1460,66
1438,66
1338,62
1303,63
1418,66
1337,63
1542,68
1467,67
1315,59
1517,66
1480,66
1489,66
1333,63
1462,65
1334,60
1351,61
1515,66
1534,68
1506,67
1514,68
1340,63
1433,65
1463,65
1466,66
1309,62
1330,60
1287,59
1534,67
1472,65
1483,67
1455,65
1300,62
1393,64
1465,66
1359,61
1318,63
1487,66
1294,60
1490,67
1356,63
1393,64
1596,71
1431,65
1400,64
1181,55
1317,62
1359,62
1403,66
1447,65
1476,66
1332,62
1362,62
1232,57
1563,68
1392,65
1377,64
1501,67
1570,70
1477,68
1460,65
1379,64
1419,63
1436,66
1355,63
1482,68
1331,61
1483,67
1472,67
1460,64
1357,63
1609,70
1288,61
1436,64
1502,66
1396,65
1443,66
1490,67
1316,62
1411,63
1536,68
1218,58
1546,70
1511,66
1559,68
1328,62
1400,64
1548,68
1358,60
1298,59
1448,65
1238,60
1451,66
1413,64
1540,67
1304,58
1286,60
1570,70
1435,63
1346,63
1412,64
1415,65
1309,61
1374,65
1489,66
1446,64
1421,64
1400,62
1461,67
1400,62
1254,58
1422,64
1367,64
1455,66
1320,61
1443,66
1299,61
1512,69
1375,64
1495,67
1573,69
1444,66
1368,62
1535,66
1463,65
1339,63
1490,65
1568,69
1348,63
1280,57
1506,70
1513,67
1531,68
1480,65
1292,61
1433,66
1359,63
1273,61