1348,60
1443,66
1343,63
1419,65
1443,66
1551,69
1356,62
1472,67
1511,68
1554,69
1501,67
1588,68
1392,65
1476,67
1343,61
1465,65
1560,67
1555,69
1427,65
1403,65
1511,66
1449,65
1394,65
1364,64
1416,64
1535,66
1555,69
1426,63
1324,65
1501,68
1332,63
1487,67
1333,62
1513,69
1481,67
1458,69
1255,60
1446,69
1514,69
1264,59
1350,61
1493,65
1330,63
1546,71
1350,64
1514,72
1468,71
1567,67
1401,63
1451,62
1586,69
1408,67
1406,64
1529,68
1417,67
1504,71
1480,65
1537,70
1457,69
1578,73
1558,72
1467,70
1441,68
1382,63
1432,67
1376,66
1556,70
1419,66
1398,66
1525,69
1514,69
1402,65
1541,71
1395,66
1453,69
1360,66
1503,69
1408,64
1452,70
1385,66
1377,65
1152,58
1692,73
1461,69
1516,71
1583,73
1583,73
1552,72
1504,70
1568,73
1533,72
1574,73
1477,68
1565,71
1553,71
1380,67
1491,67
1488,69
1453,69
1463,70
1602,72
1395,69
1308,62
1553,71
1323,65
1415,64
1540,71
1422,63
1456,68
1464,70
1459,68
1339,64
1487,69
1490,69
1426,68
1434,68
1474,69
1329,62
1515,70
1227,59
1490,67
1520,71
1485,69
1502,70
1563,71
1553,72
1414,66
1380,65
1587,73
1365,66
1516,70
1552,73
1303,62
1437,68
1452,69
1572,69
1442,68
1516,71
1552,71
1373,67
1598,71
1509,72
1527,71
1484,68
1458,68
1490,69
1506,72
1426,65
1397,66
1474,70
1415,66
1533,72
1497,69
1554,73
1559,71
1487,70
1432,68
1600,74
1414,66
1326,63
1523,68
1389,65
1540,69
1503,70
1404,67
1517,69
1439,66
1460,67
1534,70
1618,73
1455,68
1555,72
1534,68
1504,69
1454,69
1538,73
1317,66
1583,72
1436,67
1401,68
1434,68
1519,68
1471,68
1489,68
1448,68
1477,69
1504,72
1419,69
1451,67
1477,69
1579,73
1527,72
1450,66
1602,74
1461,68
1407,69
1540,71
1467,69
1510,70
1584,73
1385,64
1528,73
1413,64
1428,65
1539,70
1508,70
1375,65
1478,69
1400,66
1521,72
1492,66
1440,68
1549,72
1491,67
1284,63
1466,69
1602,74
1487,70
1497,70
1379,69
1462,69
1445,65
1512,68
1444,67
1237,63
1359,62
1369,64
1344,64
1419,69
1495,70
1436,70
1568,73
1466,68
1600,74
1562,73
1466,68
1601,72
1506,69
1454,68
1344,67
1518,71
1478,68
1380,65
1494,68
1509,69
1426,65
1516,72
1481,70
1619,72
1356,66
1383,68
1505,68
1481,67
1414,65
1529,72
1304,65
1534,72
1614,74
1397,66
1560,72
1492,71
1406,65
1500,68
1494,68
1411,67
1387,66
1369,65
1502,69
1378,65
1414,68
1576,72
1306,60
1435,67
1479,69
1509,69
1419,69
1489,70
1485,71
1302,61
1537,72
1582,71
1372,66
1482,68
1537,69
1439,64
1510,68
1440,68
1457,69
1466,71
1383,65
1441,66
1419,66
1464,70
1335,64
1392,68
1379,67
1587,75
1497,71
1615,75
1360,65
1481,66
1583,74
1543,73
1539,72
1472,70
1606,73
1607,74
1406,66
1495,71
1523,73
1522,72
1597,75
1620,76
1530,70
1403,68
1412,63
1423,68
1392,63
1462,67
1417,68
1477,72
1441,70
1413,67
1458,70
1479,68
1505,68
1583,73
1411,65
1458,66
1456,69
1586,74
1469,66
1449,69
1228,61
1462,68
1510,68
1504,70
1329,64
1620,76
1443,69
1451,66
1526,71
1426,66
1560,71
1478,71
1445,67
1604,74
1458,70
1469,69
1531,68
1498,66
1526,69
1419,65
1487,70
1354,67
1620,76
1479,69
1484,69
1618,76
1544,71
1304,66
1514,68
1433,65
1430,69
1488,70
1333,67
1588,69
1600,74
1451,68
1662,73
1586,70
1531,71
1487,70
1573,71
1486,70
1471,70
1502,71
1357,63
1594,73
1572,73
1494,71
1511,73
1520,69
1473,70
1433,68
1321,64
1428,67
1578,75
1597,73
1511,70
1561,73
1616,74
1408,68
1441,69
1402,66
1556,74
1576,72
1572,72
1608,74
1540,70
1454,68
1577,74
1337,66
1451,71
1458,68
1500,66
1621,76
1434,67
1459,66
1342,66
1454,66
1512,72
1567,73
1603,73
1563,73
1537,72
1344,64
1454,67
1474,69
1438,67
1456,66
1611,75
1656,75
1404,69
1521,71
1630,74
1394,69
1635,75
1502,70
1364,66
1497,70
1580,74
1618,72
1560,70
1565,74
1423,67
1510,72
1552,71
1460,69
1395,66
1515,72
1634,75
1451,69
1416,67
1434,68
1339,63
1509,69
1493,70
1468,70
1389,65
1453,71
1350,63
1505,71
1412,68
1561,73
1446,68
1502,72
1663,77
1541,71
1452,70
1615,73
1522,69
1456,69
1418,67
1661,76
1573,73
1469,69
1497,69
1705,77
1502,69
1373,64
1514,71
1427,67
1460,67
1552,71
1510,69
1572,73
1400,66
1552,71
1412,67
1420,66
1369,63
1498,68
1589,74
1516,69
1367,66
1474,68
1515,69
1348,66
1422,69
1483,71
1421,70
1584,74
1368,65
1338,66
1565,73
1532,71
1569,74
1507,70
1397,67
1515,72
1470,70
1514,72
1488,66
1520,72
1542,73
1644,75
1490,69
1435,67
1583,72
1595,72
1470,69
1493,70
1509,72
1499,69
1449,70
1589,72
1573,74
1459,68
1704,76
1391,65
1400,67
1370,63
1487,70
1334,66
1479,69
1531,69
1456,67
1503,70
1374,69
1608,74
1622,73
1485,72
1554,73
1506,72
1451,68
1426,68
1434,66
1461,64
1444,68
1403,66
1605,74
1495,68
1712,77
1509,71
1547,72
1671,77
1491,69
1533,72
1524,70
1397,66
1608,76
1495,71
1643,76
1480,69
1447,68
1448,70
1481,68
1523,68
1611,74
1379,66
1397,69
1665,75
1468,69
1447,67
1597,73
1399,65
1513,70
1442,68
1494,68
1462,70
1539,72
1335,67
1394,66
1510,71
1427,66
1555,74
1448,71
1484,70
1289,64
1542,70
1415,68
1648,75
1643,75
1379,65
1529,72
1428,66
1394,65
1576,72
1657,77
1413,69
1654,73
1420,64
1396,67
1463,67
1512,70
1496,69
1588,73
1452,69
1492,69
1504,70
1373,65
1593,74
1445,69
1406,69
1439,69
1498,69
1677,77
1405,68
1576,74
1567,74
1475,72
1679,77
1484,68
1477,66
1368,64
1521,72
1517,71
1592,75
1459,68
1415,65
1386,65
1568,74
1524,73
1620,72
1500,69
1462,70
1572,73
1608,73
1333,65
1442,70
1368,63
1415,68
1563,73
1567,72
1528,73
1546,71
1549,73
1450,66
1517,72
1626,75
1391,68
1495,68
1449,71
1377,65
1534,69
1657,77
1390,65
1389,67
1459,67
1413,66
1512,71
1322,61
1515,73
1522,71
1445,67
1568,72
1423,66
1429,68
1482,70
1456,70
1469,69
1493,70
1643,75
1640,77
1400,65
1429,69
1461,70
1502,70
1472,71
1285,65
1386,68
1432,67
1484,71
1198,60
1473,70
1550,70
1593,71
1461,71
1471,68
1417,67
1522,72
1656,76
1582,72
1496,71
1544,74
1654,77
1624,74
1456,66
1564,71
1404,68
1580,75
1437,68
1390,65
1336,63
1542,73
1338,66
1471,72
1430,69
1339,65
1596,74
1282,63
1397,67
1372,66
1402,66
1450,69
1412,66
1429,68
1557,71
1357,68
1524,70
1522,70
1522,72
1363,65
1523,69
1406,68
1394,66
1510,71
1595,74
1487,70
1418,67
1302,66
1420,66
1384,65
1443,67
1626,73
1490,67
1631,76
1484,70
1346,67
1451,71
1504,72
1377,67
1505,71
1520,71
1474,71
1486,70
1409,68
1289,64
1409,67
1516,72
1363,66
1408,65
1443,70
1528,73
1611,75
1380,65
1377,65
1471,71
1429,69
1601,75
1432,65
1440,69
1589,75
1486,70
1605,76
1348,64
1437,68
1372,64
1408,69
1513,71
1472,71
1329,65
1274,63
1506,69
1340,64
1440,69
1657,75
1307,64
1425,69
1492,72
1514,71
1549,69
1595,73
1487,73
1493,68
1491,71
1498,70
1420,70
1522,73
1460,71
1466,68
1571,75
1317,64
1481,70
1634,77
1480,66
1328,65
1459,69
1493,70
1539,70
1304,63
1541,71
1588,74
1417,67
1513,71
1429,68
1389,66
1313,65
1342,64
1328,65
1449,66
1497,68
1494,68
1427,67
1479,71
1481,71
1554,74
1629,72
1347,63
1417,69
1510,70
1527,74
1413,66
1586,74
1601,75
1631,75
1383,64
1466,68
1466,69
1331,63
1429,68
1447,69
1611,73
1395,65
1450,69
1459,69
1504,72
1548,72
1426,68
1456,70
1438,68
1499,68
1469,67
1549,71
1324,65
1397,65
1394,67
1667,77
1409,63
1411,67
1597,73
1483,69
1525,72
1356,65
1628,77
1535,71
1598,74
1436,70
1351,67
1645,76
1537,73
1583,75
1518,71
1307,63
1619,76
1430,67
1535,69
1513,71
1404,66
1616,73
1502,70
1600,76
1517,68
1501,70
1372,65
1448,66
1508,70
1408,66
1326,64
1411,69
1358,66
1485,71
1365,67
1472,67
1506,69
1650,77
1418,67
1511,70
1523,70
1520,72
1557,75
1528,69
1349,67
1450,69
1475,70
1417,69
1424,66
1608,76
1446,71
1322,64
1520,72
1549,73
1427,66
1478,67
1654,77
1483,69
1378,65
1456,71
1567,74
1341,64
1494,68
1585,74
1539,69
1336,63
1472,69
1523,71
1522,70
1483,71
1392,66
1374,65
1488,68
1527,71
1432,69
1456,70
1441,66
1489,69
1462,70
1619,75
1464,66
1483,67
1496,71
1472,69
1417,69
1423,68
1527,72
1587,74
1596,75
1425,67
1553,74
1380,67
1393,67
1452,71
1570,73
1388,66
1359,66
1532,73
1502,70
1602,74
1413,67
1513,68
1422,68
1459,67
1534,70
1520,70
1255,64
1482,68
1487,70
1447,70
1549,71
1395,65
1341,64
1450,69
1477,69
1531,71
1497,73
1518,71
1374,65
1448,70
1595,75
1346,66
1397,66
1445,71
1380,66
1518,71
1534,71
1366,64
1449,66
1364,66
1345,64
1445,65
1423,66
1589,72
1316,64
1462,69
1539,72
1650,76
1579,71
1517,73
1500,70
1472,68
1552,74
1391,64
1535,74
1392,65
1461,68
1427,67
1480,70
1398,65
1461,68
1450,67
1468,70
1568,70
1488,73
1601,75
1582,72
1273,63
1524,69
1336,65
1514,73
1366,65
1535,72
1351,65
1575,73
1500,69
1542,71
1630,74
1430,67
1556,74
1274,63
1311,64
1525,70
1534,73
1577,71
1510,70
1402,66
1574,73
1485,69
1424,69
1496,70
1375,66
1467,69
1464,70
1432,69
1396,65
1568,72
1529,74
1365,66
1472,67
1562,70
1475,69
1415,64
1355,64
1426,69
1381,65
1609,76
1454,70
1439,69
1455,68
1459,68
1334,66
1598,75
1474,69
1611,73
1469,70
1369,65
1415,66
1418,67
1391,66
1508,69
1600,74
1449,69
1470,69
1508,68
1396,69
1467,71
1577,73
1508,72
1458,70
1421,67
1508,71
1377,66
1384,65
1533,71
1572,73
1530,70
1451,70
1619,76
1401,66
1582,73
1643,77
1469,70
1427,68
1591,74
1440,69
1593,73
1561,73
1406,67
1497,71
1488,70
1588,74
1441,65
1598,75
1552,72
1412,66
1405,68
1487,69
1477,70
1436,66
1566,71
1374,63
1512,73
1439,69
1449,69
1378,69
1595,72
1578,74
1439,70
1530,73
1523,72
1406,66
1456,68
1480,70
1627,76
1341,63
1196,60
1630,77
1355,66
1536,72
1399,65
1386,65
1574,75
1468,67
1569,74
1355,64
1622,72
1449,68
1540,73
1329,65
1418,67
1542,72
1399,66
1453,67
1553,73
1456,69
1632,77
1569,74
1473,70
1476,73
1432,68
1469,69
1390,66
1475,70
1705,74
1448,69
1511,70
1504,70
1380,66
1459,68
1433,68
1479,71
1346,65
1543,74
1458,70
1532,73
1452,67
1390,68
1509,70
1623,76
1462,69
1450,69
1523,72
1429,65
1412,67
1503,71
1399,66
1442,68
1576,71
1551,74
1452,68
1390,67
1487,70
1376,65
1471,66
1533,72
1446,68
1498,69
1403,66
1290,64
1416,68
1523,73
1592,75
1477,71
1507,69
1294,64
1398,65
1465,72
1552,73
1478,70
1524,72
1539,70
1571,74
1512,69
1479,71
1274,61
1535,71
1468,71
1421,67
1470,70
1478,69
1478,70
1543,72
1545,73
1322,63
1362,67
1593,75
1375,67
1425,66
1532,73
1460,69
1454,69
1588,75
1561,75
1610,76
1539,72
1268,62
1573,71
1469,70
1423,68
1456,68
1446,71
1451,70
1547,74
1447,69
1339,63
1377,64
1449,70
1454,68
1410,69
1416,67
1384,65
1435,65
1344,65
1478,70
1447,67
1354,64
1433,65
1454,67
1438,69
1421,68
1636,77
1530,71
1471,68
1425,66
1499,69
1535,72
1332,66
1514,72
1522,73
1508,70
1420,64
1680,76
1588,74
1573,73
1563,69
1534,72
1389,67
1492,71
1506,72
1443,69
1579,72
1561,72
1516,71
1346,66
1300,64
1374,65
1572,75
1331,64
1443,67
1411,63
1569,73
1516,71
1372,65
1386,65
1510,68
1473,70
1469,71
1479,71
1468,67
1434,67
1429,68
1641,77
1513,70
1511,72
1454,67
1642,76
1523,70
1454,68
1591,75
1408,65
1524,71
1451,68
1627,73
1539,69
1567,71
1424,65
1531,68
1347,65
1418,67
1510,71
1492,71
1557,72
1650,77
1579,73
1277,63
1516,72
1419,65
1589,72
1423,66
1658,74
1519,70
1472,69
1591,76
1375,62
1539,72
1417,70
1478,69
1536,72
1566,73
1539,75
1415,65
1360,66
1520,70
1403,68
1573,75
1523,68
1416,68
1568,73
1555,72
1533,71
1440,64
1440,69
1596,75
1651,77
1565,73
1588,73
1564,74
1697,76
1518,73
1560,73
1458,66
1538,74
1338,63
1492,72
1499,70
1460,68
1424,64
1495,71
1493,71
1362,66
1604,75
1563,71
1575,72
1463,70
1471,68
1538,70
1496,72
1372,63
1456,68
1418,66
1488,71
1496,72
1561,72
1407,67
1386,64
1392,65
1502,71
1406,66
1564,75
1437,68
1517,73
1462,69
1470,68
1541,71
1571,74
1558,74
1382,65
1339,67
1363,63
1494,70
1620,74
1558,72
1393,66
1450,70
1325,65
1555,73
1330,65
1455,69
1660,76
1494,72
1628,77
1301,64
1420,69
1552,73
1458,69
1613,76
1547,73
1639,76
1622,76
1458,70
1474,69
1665,77
1533,74
1439,67
1511,72
1452,68
1623,76
1460,67
1372,67
1457,70
1614,76
1607,75
1491,70
1543,71
1331,64
1549,73
1418,68
1521,72
1506,71
1409,65
1270,61
1411,66
1257,62
1455,69
1635,77
1414,66
1616,74
1404,67
1446,69
1346,66
1512,71
1497,68
1496,70
1336,62
1408,69
1530,71
1525,72
1367,65
1366,65
1436,70
1479,69
1502,69
1432,66
1566,75
1521,73
1392,64
1341,65
1386,68
1594,76
1486,70
1420,65
1441,68
1536,73
1356,64
1411,67
1365,66
1617,76
1510,73
1647,76
1435,69
1521,70
1290,61
1431,67
1588,75
1340,64
1415,69
1543,73
1606,76
1386,64
1543,72
1411,63
1449,69
1580,72
1355,64
1403,67
1643,77
1459,70
1478,71
1429,68
1516,71
1415,68
1497,69
1468,70
1616,75
1499,71
1590,71
1467,68
1474,69
1556,73
1584,74
1487,72
1461,69
1398,65
1487,69
1480,69
1443,67
1525,71
1498,66
1581,75
1501,70
1459,65
1577,75
1478,68
1597,72
1301,64
1400,66
1548,72
1274,62
1539,74
1509,71
1458,70
1327,64
1613,75
1438,68
1569,74
1465,71
1629,75
1480,70
1368,64
1334,63
1485,70
1423,68
1311,65
1628,77
1466,68
1471,69
1500,72
1517,72
1553,73
1636,75
1435,68
1391,67
1377,66
1443,69
1507,73
1553,73
1547,73
1594,73
1446,66
1452,69
1506,71
1409,66
1599,72
1406,66
1336,64
1430,69
1328,63
1429,66
1346,66
1536,71
1444,65
1499,70
1454,69
1372,67
1503,71
1597,75
1337,64
1442,69
1488,69
1465,67
1602,75
1616,75
1495,71
1445,69
1415,66
1437,68
1314,63
1458,69
1489,68
1502,71
1606,74
1427,65
1589,74
1440,67
1564,71
1618,73
1456,67
1598,74
1630,77
1587,73
1505,72
1515,65
1424,67
1540,74
1520,71
1459,69
1511,70
1424,67
1628,77
1501,70
1522,72
1423,64
1442,66
1402,67
1341,64
1440,68
1603,74
1534,69
1619,76
1579,75
1632,76
1572,73
1250,60
1507,69
1365,67
1540,72
1497,71
1308,65
1404,66
1502,71
1473,67
1416,64
1373,65
1492,70
1407,67
1515,70
1298,65
1464,71
1613,75
1505,72
1504,72
1628,77
1670,74
1347,65
1424,66
1547,70
1470,69
1491,72
1561,68
1407,65
1463,68
1424,69
1455,67
1356,65
1374,66
1385,65
1533,72
1493,71
1359,64
1628,77
1414,67
1415,65
1628,77
1387,67
1471,70
1616,74
1352,65
1488,71
1389,68
1565,70
1266,62
1443,68
1391,68
1441,70
1609,76
1522,72
1436,67
1473,68
1628,77
1333,64
1421,65
1374,65
1338,66
1399,69
1329,65
1502,70
1364,67
1353,66
1519,71
1385,66
1506,69
1676,76
1592,76
1337,66
1399,66
1442,67
1430,69
1489,70
1314,64
1338,65
1303,66
1608,75
1374,64
1394,65
1578,74
1559,73
1459,67
1613,74
1411,66
1510,72
1452,70
1491,68
1453,69
1469,67
1492,67
1533,73
1481,70
1407,65
1481,72
1599,74
1534,73
1337,63
1557,73
1389,67
1376,64
1606,74
1403,68
1512,72
1373,64
1540,72
1474,70
1460,68
1406,66
1665,76
1592,75
1566,72
1495,68
1580,73
1401,63
1519,72
1485,71
1611,76
1412,68
1487,70
1463,66
1463,69
1456,69
1534,73
1376,64
1497,71
1323,63
1540,73
1570,74
1414,67
1577,74
1637,77
1557,72
1530,73
1522,70
1429,70
1475,71
1443,69
1525,70
1521,72
1469,69
1388,66
1396,68
1451,67
1628,77
1427,68
1479,71
1485,72
1487,70
1516,71
1508,72
1477,71
1424,68
1532,72
1587,75
1628,76
1503,66
1510,70
1595,76
1352,62
1491,68
1465,69
1619,75
1416,68
1524,72
1321,61
1414,68
1493,71
1426,68
1400,66
1564,74
1524,71
1522,73
1453,70
1424,68
1581,71
1403,70
1360,66
1511,71
1570,72
1553,74
1475,72
1466,70
1492,70
1461,68
1442,65
1458,67
1432,69
1626,74
1376,67
1430,69
1592,75
1410,68
1578,75
1614,74
1496,71
1421,68
1611,71
1653,77
1252,62
1540,74
1547,71
1338,65
1494,70
1559,75
1371,64
1614,73
1628,77
1499,70
1426,66
1386,64
1327,63
1573,74
1372,65
1616,76
1536,72
1506,70
1412,69
1447,68
1427,66
1643,75
1320,62
1381,64
1427,70
1438,68
1586,71
1326,66
1510,69
1214,59
1505,71
1350,66
1624,77
1624,74
1578,73
1545,72
1495,70
1438,69
1466,69
1522,72
1487,68
1536,72
1515,72
1382,66
1570,72
1472,69
1432,69
1511,71
1592,74
1482,70
1465,67
1518,71
1659,73
1552,74
1423,69
1532,69
1448,67
1464,69
1434,69
1531,71
1590,74
1490,72
1459,70
1520,73
1463,68
1324,60
1477,70
1519,71
1445,66
1583,75
1515,70
1467,68
1497,71
1519,72
1438,66
1556,71
1667,75
1512,72
1397,68
1514,69
1522,72
1370,65
1446,69
1641,77
1494,71
1396,66
1530,72
1431,67
1486,70
1624,73
1464,70
1366,66
1289,63
1483,69
1367,66
1571,72
1387,66
1543,72
1571,73
1424,68
1538,71
1402,66
1292,63
1534,72
1276,65
1529,72
1381,65
1329,61
1510,67
1592,74
1515,72
1500,71
1408,68
1528,73
1448,69
1292,61
1626,75
1469,70
1482,70
1605,74
1446,68
1344,63
1464,68
1447,68
1541,72
1491,66
1344,65
1624,77
1528,68
1624,77
1394,65
1392,68
1605,75
1468,71
1471,69
1367,68
1499,70
1562,75
1381,69
1399,66
1362,65
1541,72
1393,66
1262,61
1325,66
1379,68
1470,69
1473,70
1450,67
1349,65
1522,72
1627,77
1366,68
1471,68
1468,68
1578,75
1459,68
1466,69
1417,68
1492,72
1228,62
1508,70
1571,75
1433,66
1313,65
1424,64
1299,65
1367,66
1492,69
1369,65
1644,75
1500,70
1447,66
1636,77
1571,74
1479,69
1630,77
1319,61
1539,74
1628,77
1533,73
1515,71
1404,68
1445,70
1421,70
1355,66
1459,69
1493,70
1342,65
1600,76
1519,68
1385,65
1624,77
1611,75
1267,62
1517,71
1567,71
1361,65
1377,66
1472,71
1622,75
1392,65
1423,68
1377,70
1503,71
1510,71
1346,64
1512,72
1467,70
1427,68
1581,73
1618,76
1454,67
1372,63
1508,69
1413,65
1439,68
1398,68
1617,74
1551,73
1441,66
1639,76
1429,67
1600,74
1419,69
1373,64
1486,71
1262,63
1261,63
1537,71
1445,69
1514,72
1338,64
1674,77
1444,70
1514,70
1496,72
1427,66
1451,71
1461,69
1624,77
1388,65
1423,69
1505,72
1560,73
1463,67
1659,75
1510,72
1484,67
1394,65
1551,73
1330,65
1439,67
1506,73
1474,69
1502,68
1496,72
1619,72
1489,71
1394,65
1313,65
1305,64
1593,74
1359,65
1607,74
1637,77
1355,65
1565,74
1469,69
1420,66
1410,68
1534,73
1405,68
1438,67
1357,68
1417,69
1468,68
1385,68
1641,77
1291,61
1333,61
1408,69
1426,66
1442,69
1673,76
1494,69
1529,70
1555,73
1465,68
1477,69
1628,72
1346,66
1412,66
1442,68
1570,72
1319,63
1483,70
1275,63
1623,76
1515,73
1420,67
1540,72
1552,74
1424,67
1357,63
1437,67
1540,74
1482,67
1542,72
1544,73
1415,65
1322,63
1568,74
1639,77
1509,69
1541,73
1260,61
1413,67
1575,72
1566,75
1458,68
1573,74
1496,73
1479,67
1532,70
1501,73
1390,67
1445,67
1496,70
1237,62
1337,65
1548,73
1464,70
1401,67
1641,77
1528,72
1439,66
1502,72
1633,74
1426,69
1486,68
1517,72
1385,68
1624,77
1566,75
1476,69
1351,66
1463,70
1499,68
1331,66
1529,72
1355,65
1641,77
1538,73
1436,67
1427,67
1607,73
1516,70
1460,69
1415,71
1499,71
1617,75
1588,71
1545,73
1398,68
1392,65
1474,73
1492,68
1429,69
1396,65
1432,68
1381,66
1277,63
1435,68
1433,67
1342,65
1471,72
1344,61
1663,77
1314,63
1357,63
1291,63
1585,75
1511,71
1464,68
1383,65
1444,69
1461,70
1622,76
1476,68
1616,76
1545,73
1655,77
1302,64
1631,75
1481,70
1655,77
1388,66
1565,69
1469,70
1454,69
1445,67
1447,69
1552,75
1513,70
1456,71
1472,67
1344,64
1603,75
1444,67
1479,73
1455,70
1416,66
1506,71
1383,66
1456,70
1520,70
1376,65
1560,72
1384,68
1516,71
1422,67
1513,73
1370,66
1403,68
1346,65
1528,73
1325,65
1389,66
1307,65
1421,67
1473,67
1602,75
1326,61
1294,65
1504,71
1509,72
1528,74
1458,68
1398,66
1463,71
1550,71
1538,74
1518,70
1539,74
1414,66
1439,69
1369,65
1463,68
1457,68
1363,68
1536,72
1416,67
1475,69
1509,72
1549,72
1417,68
1420,70
1483,69
1659,74
1612,75
1323,66
1431,67
1423,66
1581,73
1520,73
1591,76
1573,73
1423,67
1420,70
1509,72
1354,65
1470,70
1462,69
1444,69
1425,68
1510,73
1501,70
1548,72
1399,66
1514,69
1364,67
1637,77
1626,77
1630,77
1520,73
1414,67
1545,72
1371,65
1452,69
1617,75
1455,69
1299,65
1392,67
1511,71
1526,72
1551,71
1399,68
1465,72
1415,66
1489,70
1428,66
1448,67
1464,68
1495,67
1459,71
1578,74
1635,76
1438,71
1467,72
1458,68
1645,76
1632,76
1657,75
1544,71
1424,68
1382,67
1402,66
1536,73
1427,67
1445,68
1381,67
1429,71
1481,71
1536,72
1388,68
1491,69
1397,68
1421,69
1593,75
1533,70
1505,72
1395,68
1478,69
1574,75
1603,76
1636,76
1424,68
1383,66
1440,67
1523,72
1605,73
1475,70
1595,72
1447,70
1427,70
1270,63
1406,67
1483,70
1524,69
1418,67
1546,72
1499,72
1457,70
1582,75
1321,65
1380,68
1395,66
1482,69
1305,64
1417,70
1402,69
1682,76
1533,70
1434,68
1456,66
1472,69
1532,74
1467,67
1414,70
1446,68
1363,65
1449,69
1667,77
1311,62
1598,76
1317,66
1420,67
1471,70
1549,68
1357,64
1598,76
1423,67
1470,68
1435,69
1594,73
1360,63
1505,69
1426,69
1399,65
1580,75
1489,70
1647,76
1637,76
1446,69
1413,68
1554,71
1321,63
1565,74
1357,64
1440,70
1482,73
1480,72
1531,70
1554,73
1591,75
1567,74
1457,70
1545,74
1582,72
1472,71
1377,65
1457,67
1631,74
1560,73
1472,68
1492,72
1517,70
1622,75
1481,70
1417,66
1445,68
1382,67
1446,69
1400,66
1416,64
1426,70
1496,70
1499,65
1375,66
1276,63
1379,65
1455,70
1471,68
1465,64
1347,65
1473,72
1416,68
1642,75
1435,68
1551,73
1547,70
1527,72
1559,73
1424,67
1529,70
1541,72
1490,69
1411,67
1371,66
1520,73
1501,70
1390,69
1478,69
1514,73
1414,67
1464,68
1356,66
1579,75
1398,66
1475,67
1375,66
1481,72
1593,73
1482,72
1409,68
1394,68
1584,71
1457,69
1330,63
1622,76
1506,73
1510,71
1453,70
1532,72
1390,67
1453,68
1344,67
1387,66
1469,68
1323,65
1443,68
1553,74
1371,65
1335,64
1483,69
1295,63
1477,70
1649,77
1326,63
1530,71
1437,67
1450,67
1404,65
1423,66
1414,67
1428,68
1574,75
1296,65
1431,67
1535,70
1574,74
1409,65
1466,70
1310,63
1408,69
1565,72
1320,62
1505,72
1474,69
1483,70
1472,69
1274,62
1299,61
1304,64
1624,77
1330,66
1543,74
1423,67
1541,71
1389,65
1574,72
1523,71
1378,65
1374,64
1545,71
1433,66
1392,65
1551,72
1517,70
1434,69
1597,76
1401,69
1371,65
1624,77
1538,74
1410,65
1484,67
1451,69
1492,70
1222,61
1354,64
1513,73
1614,76
1515,72
1558,74
1453,70
1397,69
1327,65
1397,68
1436,69
1564,73
1614,76
1521,72
1444,68
1541,72
1383,65
1502,69
1294,63
1445,68
1356,67
1548,73
1406,68
1364,65
1456,66
1374,64
1483,70
1618,76
1624,77
1452,68
1281,63
1576,75
1378,67
1270,63
1560,72
1447,66
1508,70
1497,71
1480,73
1621,73
1451,67
1496,69
1382,66
1423,66
1277,63
1400,68
1384,65
1427,64
1442,67
1502,71
1419,69
1606,75
1361,65
1510,68
1520,70
1451,67
1411,67
1525,74
1337,65
1396,65
1380,67
1388,67
1361,67
1467,69
1604,75
1464,70
1394,69
1394,64
1393,66
1547,72
1554,73
1356,64
1486,70
1402,67
1422,68
1426,68
1410,66
1611,76
1394,69
1496,71
1479,65
1400,68
1566,72
1461,68
1516,71
1371,64
1398,66
1525,73
1522,73
1607,75
1400,65
1623,75
1455,70
1634,76
1457,67
1493,70
1323,64
1437,68
1624,77
1405,68
1630,77
1230,61
1420,68
1533,72
1369,65
1312,65
1499,70
1438,69
1396,69
1440,67
1416,70
1358,68
1432,67
1391,66
1547,72
1116,57
1333,65
1380,63
1594,76
1326,63
1582,74
1600,76
1450,69
1481,66
1490,72
1481,67
1370,67
1355,64
1590,73
1624,77
1411,68
1353,67
1421,69
1537,74
1267,61
1504,72
1494,70
1467,66
1479,69
1434,67
1600,76
1495,69
1500,70
1428,66
1539,69
1354,64
1615,75
1534,70
1375,65
1456,70
1376,67
1497,73
1638,77
1618,76
1363,68
1343,66
1377,67
1427,68
1477,69
1431,69
1576,74
1522,68
1387,66
1487,68
1291,63
1458,69
1539,72
1267,61
1476,72
1306,63
1511,73
1564,71
1278,63
1543,73
1322,65
1327,62
1353,65
1415,67
1353,64
1347,64
1678,76
1484,70
1357,64
1425,66
1510,71
1575,72
1390,69
1377,66
1635,76
1540,73
1415,65
1290,63
1442,69
1645,77
1440,68
1514,74
1526,72
1504,70
1580,73
1518,69
1366,64
1369,64
1615,75
1596,74
1475,69
1349,61
1441,70
1504,71
1405,66
1525,71
1496,69
1479,69
1523,71
1574,75
1394,69
1417,68
1436,67
1503,72
1396,65
1296,63
1491,67
1233,61
1346,65
1558,73
1524,74
1379,66
1464,70
1392,67
1353,65
1374,66
1389,68
1593,74
1611,76
1560,72
1361,65
1329,65
1549,75
1523,71
1520,70
1433,67
1435,69
1437,67
1661,77
1497,68
1500,72
1563,71
1407,67
1337,65
1388,66
1552,74
1430,68
1483,70
1549,72
1374,66
1537,71
1379,69
1479,71
1556,74
1473,70
1398,66
1599,71
1413,64
1607,74
1444,70
1492,70
1453,69
1412,68
1518,74
1534,72
1525,72
1411,65
1534,70
1387,68
1533,71
1465,68
1436,68
1504,71
1409,68
1343,64
1590,75
1449,71
1382,66
1436,70
1550,71
1418,67
1436,70
1436,68
1528,72
1503,68
1368,65
1528,73
1613,75
1469,69
1475,69
1628,77
1312,64
1609,76
1400,68
1307,67
1628,74
1448,69
1467,68
1471,69
1447,68
1527,72
1532,70
1310,63
1593,76
1433,68
1351,68
1444,69
1381,68
1474,71
1417,68
1642,75
1458,66
1594,74
1354,67
1458,69
1547,74
1479,71
1469,68
1393,68
1522,72
1434,66
1590,75
1569,73
1626,77
1464,70
1562,71
1418,66
1470,71
1599,76
1462,70
1432,71
1270,65
1522,69
1475,68
1279,64
1500,71
1514,73
1609,76
1429,66
1389,67
1439,68
1442,69
1462,68
1395,68
1345,67
1422,69
1299,65
1498,72
1420,66
1450,71
1573,75
1637,77
1338,62
1504,69
1451,69
1640,77
1477,72
1599,75
1556,70
1489,69
1432,71
1349,64
1464,70
1447,68
1297,61
1514,69
1591,74
1610,75
1525,71
1549,72
1460,69
1352,65
1645,77
1353,66
1459,69
1551,71
1650,75
1412,65
1416,67
1441,68
1636,77
1430,67
1502,71
1514,71
1345,61
1474,69
1448,70
1401,67
1483,71
1555,74
1324,60
1572,74
1394,67
1302,62
1493,70
1404,66
1512,72
1463,70
1448,67
1449,69
1471,71
1353,66
1390,68
1286,64
1547,72
1565,72
1606,75
1648,76
1463,71
1429,68
1624,77
1391,67
1461,70
1515,69
1380,67
1591,74
1505,72
1396,68
1289,61
1478,71
1425,64
1421,68
1494,72
1473,69
1624,77
1581,76
1629,77
1483,68
1422,66
1639,77
1552,74
1363,66
1469,70
1506,69
1321,63
1365,63
1655,77
1479,68
1461,69
1483,69
1366,66
1569,71
1586,70
1642,77
1390,66
1588,74
1394,66
1295,60
1531,71
1591,74
1405,66
1495,72
1281,60
1473,68
1466,69
1400,67
1383,65
1384,68
1421,68
1512,70
1520,73
1482,73
1318,65
1525,73
1432,69
1425,66
1408,67
1623,75
1464,69
1487,71
1406,69
1375,67
1444,67
1397,66
1526,70
1597,73
1575,75
1405,69
1357,63
1505,71
1507,72
1428,67
1396,66
1380,66
1355,66
1482,71
1340,63
1616,74
1450,69
1459,70
1455,69
1583,75
1511,73
1496,68
1416,70
1478,69
1342,64
1476,69
1389,64
1383,69
1431,68
1432,68
1260,60
1292,64
1542,75
1428,71
1477,70
1587,73
1538,73
1569,73
1468,69
1571,75
1511,70
1412,67
1455,65
1420,67
1362,67
1529,71
1492,72
1444,69
1529,70
1369,65
1300,62
1439,66
1608,74
1471,72
1411,66
1426,69
1301,64
1419,68
1498,68
1326,63
1493,71
1486,69
1441,70
1411,65
1417,67
1482,71
1390,68
1396,66
1423,68
1481,71
1425,66
1317,65
1557,74
1552,71
1469,70
1366,66
1351,67
1407,66
1637,77
1630,77
1279,63
1390,66
1503,69
1451,70
1289,64
1336,65
1315,65
1423,66
1417,67
1281,61
1393,68
1554,72
1499,68
1272,60
1488,72
1265,61
1375,67
1544,71
1584,74
1370,64
1320,65
1483,69
1436,67
1559,73
1503,70
1426,67
1601,73
1626,76
1285,61
1513,71
1300,63
1429,68
1565,74
1364,66
1482,72
1526,72
1467,69
1447,71
1541,68
1610,75
1588,72
1427,68
1420,66
1535,72
1448,67
1471,69
1496,69
1561,71
1454,70
1532,69
1347,63
1376,67
1561,72
1515,69
1499,71
1524,69
1539,72
1590,75
1408,68
1315,66
1523,71
1356,65
1435,70
1495,71
1439,69
1498,69
1476,68
1482,70
1322,65
1286,64
1434,69
1639,76
1441,68
1554,75
1556,74
1436,67
1584,75
1624,77
1293,63
1443,67
1413,66
1375,63
1408,68
1493,69
1541,73
1580,75
1522,71
1309,61
1243,64
1623,76
1575,74
1407,67
1348,64
1334,64
1555,75
1408,68
1478,70
1648,77
1616,77
1471,72
1459,69
1486,69
1517,71
1399,68
1352,65
1450,70
1501,71
1429,69
1428,70
1306,62
1446,69
1439,67
1465,72
1389,68
1357,63
1519,68
1501,72
1545,74
1459,69
1592,76
1603,75
1473,73
1616,77
1426,67
1469,70
1419,67
1445,67
1458,68
1408,69
1386,69
1416,69
1456,70
1338,66
1469,71
1518,72
1501,69
1412,67
1501,72
1227,62
1327,63
1469,70
1567,75
1451,69
1539,72
1349,67
1345,65
1526,72
1482,71
1482,72
1582,75
1452,68
1430,69
1388,67
1406,67
1532,73
1444,68
1393,69
1603,76
1365,66
1525,72
1530,72
1570,73
1450,66
1430,67
1341,64
1505,72
1422,69
1402,67
1515,71
1470,71
1289,65
1242,61
1545,72
1485,72
1503,70
1557,73
1417,70
1430,68
1523,71
1407,67
1413,66
1534,73
1532,74
1596,72
1506,73
1347,66
1500,71
1373,65
1373,68
1435,68
1446,69
1469,70
1330,63
1593,74
1383,68
1517,73
1383,67
1542,73
1482,71
1412,67
1613,75
1446,68
1520,73
1636,76
1487,70
1427,68
1327,66
1629,77
1493,70
1300,62
1451,70
1461,72
1307,61
1607,76
1514,71
1353,65
1531,72
1459,69
1371,67
1384,67
1468,68
1377,66
1599,72
1450,68
1400,67
1456,68
1567,75
1418,69
1521,72
1520,71
1376,66
1470,69
1458,69
1399,69
1533,74
1357,62
1538,72
1507,72
1438,67
1381,65
1509,70
1409,65
1407,68
1451,69
1369,68
1367,69
1452,72
1460,69
1471,69
1488,71
1538,74
1282,63
1385,65
1402,69
1414,68
1655,76
1561,74
1375,67
1450,68
1577,74
1421,68
1449,69
1479,69
1312,63
1499,73
1543,72
1353,64
1505,73
1497,69
1343,63
1537,74
1427,71
1504,72
1516,70
1482,72
1347,67
1338,63
1505,73
1467,71
1503,73
1533,73
1489,69
1472,68
1405,65
1349,65
1583,73
1555,74
1537,72
1537,74
1587,71
1396,66
1316,63
1531,72
1567,75
1549,75
1354,68
1511,71
1464,70
1631,76
1454,71
1447,69
1373,66
1527,71
1387,67
1248,63
1573,76
1624,77
1505,71
1582,76
1481,70
1531,72
1671,76
1499,72
1238,61
1581,70
1555,73
1284,64
1506,72
1433,70
1442,68
1485,71
1503,71
1545,73
1321,64
1475,69
1580,74
1415,67
1591,75
1504,73
1661,76
1529,70
1494,69
1414,68
1429,68
1563,74
1323,67
1425,65
1618,77
1565,74
1437,67
1522,72
1417,70
1354,63
1419,67
1340,64
1374,67
1476,69
1532,73
1478,71
1565,72
1580,72
1406,66
1441,67
1463,70
1341,66
1416,68
1417,66
1533,71
1529,73
1482,72
1428,70
1603,76
1529,72
1454,68
1426,67
1541,74
1599,75
1485,70
1598,76
1359,66
1508,71
1381,66
1439,71
1457,68
1390,65
1566,74
1537,73
1574,75
1356,65
1590,75
1514,69
1499,71
1463,71
1513,70
1341,66
1426,67
1548,75
1289,63
1386,67
1532,70
1544,72
1577,74
1456,70
1474,69
1374,67
1479,69
1411,66
1453,69
1453,69
1550,72
1495,69
1420,67
1440,67
1534,70
1515,71
1509,70
1390,67
1523,70
1329,65
1509,70
1436,67
1583,73
1496,71
1585,73
1443,70
1316,65
1416,69
1262,61
1503,71
1415,67
1592,76
1628,77
1465,69
1570,74
1378,65
1552,75
1530,71
1345,67
1450,67
1559,75
1462,70
1488,70
1526,71
1243,63
1496,71
1400,67
1485,71
1516,72
1527,71
1436,67
1521,71
1425,69
1491,69
1438,68
1504,72
1461,69
1387,64
1614,74
1423,69
1509,69
1571,75
1489,71
1549,74
1531,73
1317,66
1246,62
1459,66
1528,73
1561,75
1478,68
1556,74
1398,67
1537,73
1608,75
1538,72
1434,71
1467,69
1421,66
1428,67
1519,72
1503,73
1582,74
1418,66
1549,73
1394,67
1521,72
1476,72
1465,71
1458,67
1530,74
1601,75
1495,70
1636,76
1622,76
1261,60
1396,68
1523,73
1528,74
1569,72
1525,74
1463,67
1363,67
1322,65
1328,62
1268,59
1422,66
1556,73
1522,72
1420,67
1458,68
1457,71
1483,69
1350,65
1338,64
1463,68
1306,64
1624,72
1455,70
1391,67
1336,65
1565,73
1435,69
1321,67
1379,64
1345,64
1272,62
1512,69
1409,70
1361,65
1397,66
1556,74
1536,74
1348,64
1518,73
1423,69
1418,68
1399,67
1464,71
1538,74
1538,72
1330,64
1401,65
1422,68
1459,69
1620,77
1603,71
1592,74
1340,66
1539,74
1511,70
1536,71
1468,68
1423,67
1462,70
1373,66
1374,68
1520,69
1456,69
1479,68
1444,68
1503,73
1414,66
1400,67
1431,70
1455,69
1318,64
1601,73
1286,64
1578,74
1296,63
1524,73
1555,72
1366,66
1544,71
1533,73
1593,75
1494,69
1566,75
1494,71
1470,71
1454,70
1331,65
1607,75
1341,63
1522,74
1387,67
1499,70
1459,68
1565,74
1522,73
1346,62
1360,65
1386,65
1393,66
1414,66
1385,66
1353,65
1523,71
1296,62
1306,63
1484,69
1272,63
1369,66
1389,65
1443,70
1338,64
1593,74
1448,71
1560,75
1303,62
1559,75
1285,61
1441,71
1431,67
1585,74
1407,65
1490,69
1420,65
1625,75
1435,68
1496,70
1532,73
1567,72
1391,64
1524,72
1447,72
1360,65
1519,70
1529,73
1497,71
1482,71
1348,65
1521,71
1512,71
1498,71
1525,72
1408,66
1343,62
1400,64
1315,63
1605,73
1415,69
1440,67
1607,75
1475,72
1396,69
1520,71
1343,67
1376,66
1429,67
1536,73
1422,67
1572,73
1292,63
1429,68
1582,75
1484,71
1472,71
1622,76
1529,72
1616,77
1490,72
1559,73
1548,73
1332,64
1532,74
1527,72
1545,72
1567,72
1476,72
1486,70
1487,70
1456,70
1373,64
1399,65
1352,65
1314,64
1452,71
1478,68
1506,71
1482,69
1579,75
1655,75
1393,67
1436,70
1345,64
1512,72
1619,76
1554,73
1409,68
1496,69
1438,68
1434,68
1440,68
1430,67
1461,67
1416,69
1566,75
1566,73
1496,73
1364,66
1463,66
1392,62
1553,75
1339,66
1428,70
1459,68
1616,77
1589,74
1324,64
1575,75
1529,73
1535,72
1494,71
1471,71
1509,74
1393,65
1304,61
1303,63
1431,70
1505,70
1602,76
1616,77
1446,69
1359,67
1450,69
1415,69
1399,67
1474,72
1344,63
1567,75
1354,66
1474,71
1460,71
1415,69
1612,74
1405,69
1504,70
1435,70
1568,72
1514,74
1476,71
1322,65
1431,68
1412,68
1600,75
1537,73
1408,67
1599,75
1372,67
1461,68
1354,64
1448,68
1332,63
1400,65
1546,74
1329,67
1486,69
1542,71
1551,72
1510,70
1354,64
1587,73
1563,76
1440,69
1510,70
1381,63
1566,74
1525,73
1355,65
1596,72
1427,67
1393,63
1475,71
1576,74
1453,68
1454,70
1433,70
1498,69
1427,68
1365,66
1350,66
1354,65
1471,66
1399,66
1560,74
1417,66
1378,67
1296,64
1495,70
1428,68
1493,68
1358,67
1345,66
1361,69
1479,68
1591,75
1523,73
1618,75
1496,72
1460,69
1390,66
1402,67
1410,66
1478,70
1298,62
1601,75
1419,67
1516,73
1482,69
1566,75
1385,68
1409,65
1475,66
1509,72
1497,71
1596,75
1476,72
1327,64
1442,67
1460,72
1400,67
1474,68
1323,63
1621,76
1521,72
1581,74
1391,65
1309,64
1453,70
1463,70
1373,66
1569,73
1443,68
1486,72
1513,72
1536,70
1516,74
1411,69
1624,77
1389,66
1551,72
1578,72
1519,72
1335,62
1499,69
1344,65
1593,76
1338,66
1442,71
1309,64
1352,67
1458,68
1414,65
1351,66
1470,72
1409,65
1374,66
1632,77
1293,61
1569,74
1319,62
1440,69
1324,65
1380,67
1432,65
1434,69
1449,66
1520,72
1402,68
1496,69
1366,66
1575,75
1529,72
1358,65
1526,74
1495,72
1514,70
1546,72
1444,70
1470,69
1449,68
1402,66
1572,72
1499,73
1419,66
1360,68
1475,71
1655,77
1462,70
1396,67
1492,69
1305,66
1478,72
1596,76
1556,74
1518,73
1493,71
1413,70
1487,72
1548,72
1497,71
1579,74
1589,73
1384,67
1401,67
1340,65
1383,67
1484,70
1465,70
1563,73
1618,77
1429,65
1424,68
1487,70
1611,76
1544,73
1446,65
1570,74
1393,67
1236,60
1616,77
1429,67
1540,73
1479,70
1443,69
1249,61
1682,76
1527,73
1450,68
1231,61
1628,74
1474,71
1401,69
1356,67
1399,67
1391,65
1642,76
1441,66
1257,62
1556,72
1480,71
1557,75
1385,66
1453,70
1406,67
1522,73
1620,76
1225,62
1351,64
1332,65
1347,64
1382,64
1607,74
1472,68
1407,66
1553,72
1481,71
1439,70
1304,65
1476,68
1438,67
1513,74
1307,62
1478,69
1544,72
1481,71
1561,75
1433,69
1570,74
1550,71
1598,74
1542,73
1569,73
1389,67
1438,67
1388,65
1499,72
1666,78
1437,71
1628,74
1537,72
1567,75
1633,77
1410,68
1338,65
1650,77
1479,70
1379,65
1594,76
1422,67
1511,69
1264,62
1449,70
1556,72
1523,72
1559,74
1470,70
1375,63
1533,71
1547,72
1685,77
1602,76
1654,78
1505,70
1458,69
1551,73
1533,73
1522,72
1391,68
1518,71
1411,68
1468,68
1546,75
1529,72
1400,66
1451,72
1346,66
1561,75
1510,71
1552,70
1482,69
1457,69
1616,77
1457,68
1431,66
1490,70
1441,69
1511,72
1619,77
1411,67
1448,69
1498,70
1567,73
1414,67
1526,74
1459,69
1466,71
1347,65
1450,68
1426,67
1456,71
1417,66
1549,73
1486,69
1406,68
1480,71
1586,75
1475,70
1542,74
1422,69
1611,75
1429,70
1565,74
1429,69
1579,75
1508,72
1376,69
1494,70
1445,68
1369,65
1381,65
1561,74
1314,62
1464,67
1595,76
1499,72
1566,75
1405,65
1502,71
1537,75
1564,73
1568,75
1413,69
1372,64
1446,69
1386,68
1558,75
1505,73
1470,70
1572,74
1553,72
1494,68
1352,68
1382,65
1462,68
1462,69
1519,73
1441,68
1318,64
1648,76
1373,66
1617,77
1432,70
1629,77
1666,78
1483,69
1392,67
1486,72
1379,66
1428,68
1563,73
1487,70
1349,66
1440,68
1468,71
1499,73
1598,75
1317,65
1528,73
1444,68
1490,70
1600,75
1429,70
1316,65
1303,63
1369,66
1297,65
1373,66
1506,72
1416,69
1505,73
1668,78
1452,70
1467,72
1480,68
1493,70
1362,64
1446,69
1385,64
1507,71
1654,78
1580,73
1500,73
1560,74
1470,71
1607,77
1526,70
1674,77
1468,72
1415,66
1500,70
1445,67
1588,75
1450,67
1408,68
1598,76
1439,69
1395,67
1691,78
1513,73
1611,75
1351,65
1462,71
1508,70
1465,67
1464,68
1555,74
1592,76
1428,69
1504,70
1645,77
1498,71
1449,68
1668,78
1419,68
1398,68
1351,65
1453,67
1424,69
1496,71
1368,65
1417,68
1456,71
1363,66
1497,70
1441,69
1523,71
1538,70
1605,77
1512,70
1515,71
1401,65
1418,65
1526,68
1273,62
1632,77
1539,70
1674,78
1558,75
1522,73
1354,64
1544,73
1398,68
1662,77
1278,63
1586,74
1507,72
1335,67
1500,73
1459,71
1560,71
1462,69
1523,73
1567,76
1628,76
1424,68
1319,64
1542,74
1339,67
1458,68
1545,71
1222,60
1586,76
1674,77
1492,72
1449,68
1508,73
1574,75
1473,72
1420,68
1330,66
1616,76
1607,74
1477,69
1387,66
1496,71
1562,72
1449,68
1671,78
1445,69
1540,74
1398,65
1529,72
1630,77
1508,72
1511,70
1630,75
1421,69
1415,65
1463,69
1458,72
1604,76
1635,77
1562,72
1489,71
1535,72
1462,68
1591,73
1441,69
1456,70
1482,69
1462,68
1529,74
1516,70
1418,67
1449,69
1605,76
1405,69
1551,72
1449,69
1582,73
1559,74
1375,67
1189,60
1415,66
1668,78
1462,68
1606,76
1649,77
1436,68
1523,73
1540,72
1450,71
1553,71
1491,70
1575,75
1343,64
1508,70
1529,72
1435,69
1487,70
1333,66
1568,72
1417,67
1310,64
1395,67
1554,73
1603,76
1572,75
1505,71
1552,74
1451,70
1431,69
1545,71
1405,66
1553,72
1458,70
1636,76
1437,66
1658,78
1380,68
1607,76
1480,68
1456,71
1422,65
1567,75
1417,67
1315,65
1558,72
1540,70
1518,72
1530,72
1603,76
1348,64
1440,71
1606,75
1342,65
1479,69
1553,74
1569,75
1517,69
1520,71
1341,67
1421,67
1561,73
1479,70
1331,65
1372,65
1526,70
1474,71
1623,76
1403,66
1423,67
1550,73
1464,69
1576,74
1635,77
1376,65
1514,71
1538,71
1514,70
1403,68
1493,72
1384,65
1530,74
1489,72
1469,67
1387,65
1569,74
1472,68
1334,66
1644,76
1587,75
1660,78
1550,72
1534,75
1618,76
1525,71
1592,74
1632,77
1555,72
1539,73
1404,68
1658,78
1491,72
1241,62
1528,70
1477,67
1676,78
1410,66
1448,67
1471,72
1630,75
1453,70
1488,68
1626,75
1467,70
1526,71
1577,75
1306,64
1443,69
1471,68
1530,73
1596,73
1383,67
1560,73
1466,70
1478,68
1453,70
1428,67
1413,66
1563,71
1500,71
1367,67
1612,73
1271,63
1565,74
1633,74
1562,75
1363,64
1656,78
1308,62
1538,73
1457,71
1600,76
1482,71
1408,66
1595,75
1439,65
1506,72
1645,75
1539,72
1534,74
1344,65
1627,77
1464,69
1584,72
1507,70
1505,71
1542,72
1556,74
1414,68
1584,71
1455,70
1438,68
1624,75
1470,68
1479,69
1588,74
1564,73
1666,78
1424,68
1625,77
1595,71
1586,75
1496,71
1504,71
1554,73
1493,69
1452,69
1358,66
1463,71
1543,74
1307,63
1367,63
1390,66
1376,68
1516,69
1441,69
1503,68
1452,70
1562,75
1618,74
1424,66
1425,69
1570,74
1404,66
1380,66
1684,78
1426,69
1495,69
1618,76
1502,71
1563,73
1370,66
1489,72
1312,66
1409,67
1463,69
1353,64
1450,69
1539,74
1427,67
1632,77
1423,66
1461,67
1624,74
1544,70
1587,74
1523,71
1434,70
1512,71
1659,78
1652,78
1373,67
1530,73
1405,69
1621,73
1567,75
1325,64
1460,67
1495,71
1552,73
1517,70
1430,68
1314,63
1510,70
1453,70
1664,78
1355,65
1440,69
1466,69
1590,74
1535,72
1497,70
1362,67
1559,73
1534,74
1516,71
1568,74
1419,66
1568,75
1331,63
1556,73
1385,64
1447,71
1505,72
1311,64
1486,70
1599,75
1516,69
1469,71
1327,66
1522,72
1410,68
1484,71
1463,71
1571,75
1488,69
1500,68
1551,71
1515,72
1428,67
1552,73
1455,68
1527,73
1558,75
1452,67
1539,73
1654,78
1438,70
1611,73
1517,73
1412,67
1532,71
1444,68
1531,72
1489,72
1467,72
1432,69
1481,71
1429,67
1587,75
1671,78
1366,67
1431,70
1598,76
1464,71
1527,70
1609,76
1426,68
1382,64
1412,68
1499,68
1593,75
1516,73
1586,74
1493,71
1498,73
1395,68
1344,65
1560,73
1628,77
1508,70
1416,67
1387,66
1640,77
1509,73
1652,78
1546,71
1414,68
1442,70
1634,77
1514,71
1545,74
1581,76
1439,68
1589,73
1595,76
1537,73
1569,73
1348,65
1417,68
1592,76
1484,72
1483,70
1550,73
1520,72
1567,75
1463,69
1410,67
1567,71
1416,67
1537,70
1536,71
1521,71
1584,72
1499,71
1406,67
1562,73
1491,70
1431,69
1523,69
1473,68
1635,77
1642,78
1386,69
1582,75
1309,64
1462,71
1460,72
1508,74
1356,67
1529,72
1572,73
1640,78
1389,68
1447,70
1570,74
1519,72
1439,69
1596,76
1468,72
1564,74
1544,72
1362,68
1398,68
1503,73
1551,75
1345,66
1475,71
1407,66
1560,72
1484,71
1554,75
1329,65
1473,72
1460,69
1448,71
1587,76
1517,72
1560,74
1634,78
1361,65
1416,69
1509,71
1677,78
1364,66
1596,74
1474,70
1435,70
1603,75
1585,76
1391,66
1386,65
1621,76
1486,70
1530,73
1444,70
1359,65
1519,71
1543,73
1394,66
1478,69
1613,74
1435,69
1462,71
1435,67
1539,72
1478,71
1502,69
1259,64
1424,71
1414,68
1505,70
1436,70
1566,76
1515,72
1492,71
1455,68
1387,66
1525,71
1478,68
1550,74
1562,73
1445,70
1485,70
1551,74
1496,73
1516,74
1539,74
1350,67
1558,72
1383,68
1556,74
1407,68
1270,64
1379,69
1389,68
1351,67
1445,67
1325,63
1488,70
1501,71
1610,75
1543,68
1357,66
1424,70
1514,73
1420,67
1512,71
1495,70
1514,71
1613,77
1527,70
1593,76
1445,68
1550,74
1410,68
1597,77
1688,78
1353,66
1454,70
1478,69
1417,68
1539,73
1356,66
1670,77
1492,71
1424,67
1451,69
1603,74
1445,71
1532,73
1464,70
1516,73
1298,63
1509,72
1614,77
1444,69
1372,68
1492,71
1428,69
1552,75
1503,73
1634,78
1500,71
1552,74
1473,71
1556,76
1556,75
1624,76
1439,68
1654,78
1362,69
1335,66
1401,68
1387,67
1372,67
1526,74
1476,71
1471,69
1520,73
1625,74
1571,75
1620,77
1606,77
1500,73
1488,72
1285,64
1575,75
1581,76
1495,72
1433,69
1499,70
1507,73
1510,72
1467,70
1562,74
1487,72
1490,71
1538,72
1447,69
1501,71
1411,65
1467,69
1521,73
1618,77
1605,74
1542,75
1406,69
1394,65
1606,77
1550,72
1555,73
1310,66
1651,78
1461,69
1462,70
1515,72
1285,64
1556,75
1585,74
1536,73
1364,65
1399,69
1466,71
1354,64
1403,66
1521,73
1465,70
1501,70
1599,76
1429,68
1534,73
1508,73
1422,70
1342,65
1530,74
1431,70
1417,68
1487,69
1586,74
1478,69
1453,71
1440,68
1506,72
1356,66
1452,70
1342,65
1480,72
1475,69
1527,74
1435,67
1575,75
1480,67
1462,72
1451,68
1539,75
1443,66
1316,64
1268,61
1638,76
1450,69
1546,74
1454,72
1537,74
1542,70
1507,69
1540,74
1600,74
1438,67
1555,75
1641,77
1625,76
1517,71
1467,69
1617,76
1589,76
1513,72
1566,76
1551,75
1493,70
1532,72
1604,77
1398,69
1316,64
1524,73
1328,65
1416,66
1544,69
1403,67
1341,66
1412,68
1596,76
1490,69
1383,65
1455,70
1446,65
1433,67
1581,75
1578,72
1490,71
1371,67
1640,78
1520,73
1556,75
1454,70
1331,65
1360,66
1458,71
1415,70
1397,68
1446,71
1501,69
1521,72
1438,70
1430,69
1474,69
1510,71
1332,66
1481,70
1462,68
1618,77
1466,69
1494,73
1422,69
1536,73
1328,64
1610,75
1387,66
1465,72
1361,67
1426,69
1358,66
1442,67
1287,64
1446,68
1476,71
1562,75
1378,66
1507,72
1483,69
1446,70
1334,65
1473,70
1488,70
1576,74
1453,69
1441,69
1430,68
1441,71
1474,70
1562,75
1496,72
1519,72
1408,67
1518,74
1323,65
1624,75
1463,67
1565,76
1536,74
1482,73
1529,71
1422,69
1520,72
1478,70
1555,75
1651,78
1520,70
1398,66
1490,70
1500,72
1482,71
1584,75
1601,76
1511,73
1553,76
1539,74
1368,68
1405,67
1533,71
1615,77
1437,69
1646,75
1407,66
1262,61
1426,66
1495,73
1380,67
1339,66
1585,76
1564,75
1437,69
1382,65
1479,71
1468,72
1468,71
1597,75
1318,66
1477,72
1477,72
1287,64
1564,73
1640,78
1551,73
1570,74
1481,71
1566,71
1567,74
1438,70
1424,69
1409,69
1321,64
1442,69
1502,70
1418,67
1531,71
1491,72
1414,70
1511,72
1430,68
1310,64
1371,67
1364,65
1279,63
1527,70
1526,73
1462,70
1362,65
1478,70
1508,72
1604,77
1509,71
1634,78
1408,67
1366,64
1558,73
1470,72
1446,71
1472,70
1646,78
1443,69
1458,71
1574,75
1397,67
1471,67
1391,67
1544,72
1266,63
1480,71
1499,73
1537,71
1617,76
1441,70
1559,75
1350,65
1573,70
1309,65
1462,73
1387,65
1397,67
1559,75
1421,69
1393,66
1524,74
1545,72
1531,70
1445,71
1383,68
1511,72
1656,78
1485,73
1469,71
1515,74
1451,68
1539,72
1474,71
1577,76
1423,69
1517,72
1511,72
1614,77
1455,67
1437,67
1475,70
1511,72
1573,74
1497,71
1442,69
1668,78
1521,74
1338,67
1335,65
1451,70
1434,68
1511,70
1462,71
1573,74
1326,64
1506,72
1624,76
1446,68
1473,70
1440,69
1317,60
1505,71
1464,70
1566,74
1349,67
1543,75
1398,67
1431,69
1509,71
1450,66
1287,63
1345,66
1419,67
1550,69
1610,75
1441,68
1571,76
1569,73
1392,67
1396,68
1483,69
1396,67
1393,65
1525,73
1418,68
1555,71
1420,69
1581,76
1414,69
1452,68
1580,76
1482,71
1471,72
1524,72
1620,77
1530,70
1529,73
1477,71
1487,73
1507,70
1454,70
1416,67
1611,76
1598,77
1493,72
1480,71
1361,65
1483,70
1660,77
1469,70
1401,67
1494,72
1460,71
1442,67
1466,71
1446,70
1524,70
1472,72
1553,70
1445,67
1432,68
1358,67
1422,70
1323,63
1567,76
1547,70
1486,69
1291,65
1475,71
1450,67
1459,68
1497,73
1491,69
1530,72
1441,69
1589,75
1565,72
1628,75
1443,69
1552,75
1514,72
1392,68
1323,66
1453,71
1499,71
1591,76
1352,67
1384,67
1447,69
1562,75
1535,70
1480,71
1482,72
1525,69
1440,69
1359,66
1243,60
1538,74
1436,70
1535,74
1349,67
1482,69
1453,71
1372,67
1547,74
1403,66
1307,65
1432,69
1438,71
1507,73
1443,71
1453,71
1490,69
1507,71
1533,73
1340,63
1540,74
1422,69
1541,73
1549,74
1438,70
1465,72
1484,71
1345,64
1535,71
1410,67
1429,66
1455,71
1517,72
1546,70
1512,72
1434,66
1441,70
1405,68
1426,68
1459,69
1378,66
1338,62
1451,69
1430,68
1556,74
1406,65
1408,69
1492,69
1326,63
1585,73
1416,69
1432,68
1583,76
1519,73
1452,68
1476,70
1395,69
1672,78
1474,72
1429,71
1475,72
1356,67
1667,75
1538,75
1471,69
1505,69
1492,71
1632,78
1590,75
1630,78
1480,69
1369,67
1382,66
1540,71
1439,69
1399,68
1264,64
1610,77
1265,64
1560,75
1416,68
1539,72
1423,67
1528,70
1501,71
1569,72
1340,64
1525,73
1456,71
1652,78
1634,78
1411,68
1630,78
1345,65
1513,71
1427,71
1536,73
1470,68
1634,78
1300,65
1385,67
1341,66
1357,67
1290,63
1495,68
1536,73
1539,73
1542,73
1417,69
1506,73
1598,77
1445,69
1473,73
1448,69
1509,72
1486,70
1358,65
1579,72
1496,72
1409,68
1601,74
1374,65
1423,69
1496,69
1588,70
1481,73
1553,73
1584,76
1534,75
1576,73
1538,75
1514,71
1532,72
1535,72
1444,68
1372,64
1389,67
1569,76
1494,72
1396,66
1361,66
1505,74
1301,65
1393,69
1281,64
1469,70
1440,70
1446,69
1583,74
1480,71
1487,69
1420,70
1455,70
1509,74
1480,71
1504,70
1458,70
1581,74
1535,69
1469,69
1352,65
1485,73
1415,71
1639,77
1511,73
1396,66
1553,75
1514,70
1421,67
1500,71
1404,68
1477,70
1288,66
1432,72
1498,73
1390,66
1420,66
1245,64
1437,67
1598,76
1429,70
1444,70
1359,65
1627,76
1548,73
1326,68
1298,66
1518,70
1402,68
1502,71
1345,64
1500,71
1388,69
1387,69
1535,72
1382,69
1590,77
1542,71
1399,66
1520,70
1630,78
1450,69
1530,73
1471,70
1516,72
1547,74
1429,69
1410,68
1630,78
1472,65
1482,72
1487,72
1496,72
1448,66
1368,65
1591,76
1477,71
1432,67
1441,69
1276,64
1466,70
1548,71
1525,69
1494,73
1292,64
1584,74
1399,70
1414,67
1527,74
1573,72
1499,72
1471,70
1433,70
1438,68
1475,72
1519,71
1497,71
1443,68
1569,72
1314,66
1578,76
1544,74
1593,71
1504,71
1383,65
1548,75
1426,65
1341,66
1529,73
1448,66
1513,71
1302,62
1517,70
1522,71
1488,70
1454,72
1480,71
1507,72
1423,68
1627,76
1582,75
1501,74
1435,67
1374,65
1579,73
1415,69
1472,71
1598,76
1403,65
1498,70
1468,70
1426,69
1573,71
1471,71
1445,67
1458,70
1574,74
1517,73
1347,64
1647,76
1450,69
1625,74
1592,74
1406,68
1560,74
1542,74
1553,73
1658,79
1348,66
1557,71
1553,73
1486,72
1474,71
1471,69
1359,66
1524,72
1366,68
1479,70
1287,63
1596,76
1665,76
1490,72
1386,69
1514,74
1519,73
1541,73
1388,65
1351,68
1473,72
1544,74
1451,71
1247,61
1543,69
1302,64
1557,75
1554,75
1386,66
1477,71
1587,75
1540,72
1258,66
1541,74
1422,67
1399,70
1476,69
1497,73
1556,73
1521,73
1490,72
1529,71
1487,74
1583,76
1422,68
1666,76
1430,68
1383,67
1404,65
1442,70
1423,69
1595,74
1316,66
1526,71
1640,75
1477,71
1471,71
1513,72
1465,71
1444,68
1471,68
1618,77
1462,70
1554,74
1486,71
1352,67
1557,73
1425,71
1445,69
1449,70
1549,72
1383,64
1475,72
1327,63
1658,79
1416,68
1618,78
1467,70
1372,66
1569,73
1608,77
1393,68
1435,69
1583,75
1481,69
1461,71
1349,69
1349,66
1577,72
1462,70
1583,73
1456,69
1623,76
1658,79
1400,68
1480,70
1500,73
1537,74
1626,77
1411,69
1658,79
1487,69
1413,70
1566,73
1412,67
1531,72
1462,70
1387,68
1500,72
1487,72
1384,69
1472,69
1260,64
1442,70
1378,68
1472,70
1387,66
1480,73
1524,73
1545,75
1443,70
1494,73
1518,73
1383,68
1409,69
1539,74
1471,69
1486,71
1581,76
1471,73
1654,79
1281,62
1463,67
1659,79
1487,71
1509,71
1467,68
1558,73
1619,76
1526,74
1372,66
1388,69
1464,68
1358,64
1459,69
1390,63
1632,76
1541,74
1401,69
1482,73
1460,68
1548,72
1526,71
1515,73
1360,67
1523,72
1417,70
1660,79
1586,76
1505,72
1457,65
1400,68
1646,75
1567,74
1369,66
1524,71
1611,74
1483,70
1493,69
1506,70
1567,73
1511,71
1506,73
1437,68
1635,78
1488,70
1609,74
1455,71
1464,69
1507,69
1500,72
1554,72
1480,68
1624,77
1483,69
1342,66
1543,74
1432,68
1556,74
1432,68
1583,75
1654,79
1654,79
1505,71
1550,74
1519,74
1362,68
1554,73
1536,71
1476,70
1499,72
1532,72
1428,68
1469,71
1603,74
1507,73
1451,69
1678,78
1536,72
1589,74
1575,72
1493,72
1593,75
1405,68
1465,68
1555,74
1387,67
1523,74
1421,69
1520,72
1530,69
1513,71
1469,71
1562,76
1272,64
1366,67
1487,69
1447,69
1403,66
1655,76
1534,69
1569,75
1291,64
1294,63
1491,68
1437,66
1546,72
1645,78
1442,68
1454,70
1578,75
1375,67
1504,70
1446,71
1383,67
1481,72
1401,65
1652,79
1480,71
1592,76
1499,72
1452,69
1311,64
1299,65
1515,71
1534,72
1383,67
1536,71
1397,67
1458,69
1401,65
1562,76
1535,72
1548,72
1450,69
1514,73
1427,66
1507,70
1529,71
1484,69
1516,68
1541,71
1497,70
1430,64
1454,66
1637,73
1496,70
1394,68
1324,65
1600,75
1488,69
1523,74
1515,73
1556,70
1520,69
1567,74
1391,65
1445,68
1449,69
1414,67
1582,72
1448,69
1457,69
1438,67
1542,74
1461,67
1490,70
1392,66
1513,74
1432,70
1451,68
1499,71
1533,74
1565,70
1485,71
1340,61
1513,74
1476,72
1615,76
1624,75
1378,66
1392,68
1485,70
1398,68
1492,70
1430,70
1461,67
1382,63
1581,75
1496,71
1447,65
1380,66
1515,72
1441,71
1487,69
1411,64
1606,75
1537,72
1490,74
1408,68
1330,66
1430,67
1562,71
1482,69
1511,73
1473,69
1455,70
1481,71
1578,74
1400,70
1674,79
1408,64
1548,72
1472,68
1446,69
1478,68
1400,65
1572,74
1513,73
1536,73
1594,74
1465,69
1444,66
1571,74
1621,78
1530,71
1390,67
1396,64
1359,65
1551,71
1508,71
1377,68
1516,69
1609,73
1456,71
1437,69
1475,72
1501,71
1439,68
1350,66
1379,65
1392,67
1616,73
1624,78
1545,70
1380,65
1546,74
1575,74
1471,69
1320,62
1482,69
1635,75
1599,75
1418,65
1582,76
1383,66
1399,66
1468,70
1610,75
1416,69
1524,72
1345,65
1528,73
1471,69
1292,66
1349,67
1647,77
1472,70
1555,71
1411,69
1401,67
1247,62
1408,67
1534,72
1418,69
1478,70
1321,62
1409,68
1512,69
1504,71
1364,66
1466,68
1318,66
1468,71
1473,70
1516,70
1478,71
1412,68
1487,72
1391,64
1580,72
1359,67
1515,73
1491,71
1439,68
1463,68
1603,76
1513,72
1599,73
1482,72
1655,77
1420,68
1689,80
1639,78
1460,70
1546,72
1524,68
1550,73
1523,68
1466,69
1575,72
1652,78
1596,75
1382,66
1543,71
1585,75
1525,70
1537,74
1486,70
1580,75
1351,67
1426,69
1500,71
1463,71
1464,70
1546,73
1445,69
1482,68
1342,65
1354,63
1543,73
1400,67
1465,70
1366,63
1504,68
1516,71
1592,74
1575,73
1523,70
1470,70
1383,67
1548,73
1506,70
1677,79
1553,72
1492,72
1477,70
1430,68
1400,66
1462,69
1475,71
1596,76
1426,69
1472,70
1513,70
1458,66
1334,64
1376,65
1600,75
1443,67
1392,68
1558,73
1392,67
1526,74
1481,68
1421,67
1550,73
1486,70
1329,64
1591,73
1530,74
1636,75
1424,68
1453,67
1546,70
1389,66
1618,76
1652,76
1421,68
1507,72
1576,75
1571,75
1540,71
1434,69
1632,76
1687,78
1580,72
1278,62
1481,70
1481,70
1503,69
1432,68
1418,68
1468,70
1576,75
1536,74
1427,66
1409,67
1627,78
1324,65
1401,68
1540,75
1516,72
1376,65
1568,74
1585,74
1446,68
1521,72
1366,65
1464,70
1517,73
1531,70
1442,68
1424,68
1456,67
1548,72
1484,72
1497,71
1518,69
1614,74
1446,69
1399,65
1471,68
1593,75
1537,71
1504,71
1549,71
1447,70
1426,68
1699,80
1408,65
1577,74
1392,66
1502,72
1589,74
1339,64
1573,70
1377,64
1478,69
1406,66
1371,68
1409,65
1183,61
1529,73
1529,73
1483,70
1520,71
1519,73
1541,74
1459,70
1527,72
1545,72
1576,76
1435,70
1517,70
1630,75
1572,73
1675,79
1354,65
1429,68
1487,71
1546,72
1466,68
1310,65
1492,71
1568,72
1437,68
1610,77
1470,70
1403,65
1482,73
1506,71
1434,67
1480,68
1410,68
1466,67
1521,70
1474,69
1503,72
1307,64
1396,68
1522,69
1403,68
1427,69
1355,64
1535,71
1460,68
1555,69
1598,76
1402,65
1478,71
1415,66
1431,69
1498,70
1339,64
1456,68
1452,70
1316,64
1389,66
1665,79
1443,66
1481,69
1458,69
1415,69
1540,71
1440,70
1536,73
1453,68
1527,69
1599,75
1401,64
1621,73
1389,65
1378,65
1573,73
1345,66
1401,67
1617,76
1524,71
1527,72
1449,69
1413,65
1438,68
1361,63
1541,74
1600,76
1446,69
1469,69
1413,67
1525,73
1617,75
1525,70
1373,65
1484,70
1483,69
1476,71
1529,70
1494,71
1605,77
1429,67
1478,71
1606,75
1517,71
1486,73
1476,72
1615,77
1425,65
1483,70
1445,69
1380,65
1645,75
1433,69
1343,64
1610,73
1648,76
1594,75
1384,64
1419,69
1509,71
1417,67
1642,78
1531,73
1501,73
1609,72
1521,71
1575,73
1645,77
1564,74
1645,78
1510,74
1586,72
1596,75
1559,70
1288,63
1366,66
1443,68
1398,67
1542,73
1404,67
1251,61
1526,69
1448,68
1618,75
1496,71
1388,68
1605,76
1533,72
1493,70
1399,68
1530,70
1424,67
1420,66
1540,70
1515,72
1470,68
1539,73
1435,69
1464,68
1552,73
1449,71
1530,72
1388,66
1533,72
1424,67
1438,71
1537,70
1461,69
1540,74
1472,70
1541,73
1467,70
1506,70
1623,76
1390,64
1548,69
1497,70
1525,74
1479,70
1422,67
1526,68
1670,78
1437,68
1573,71
1306,63
1488,70
1408,65
1450,72
1543,71
1548,70
1544,71
1361,66
1496,69
1633,73
1689,80
1428,66
1519,71
1667,77
1430,67
1574,71
1507,72
1508,72
1403,70
1633,76
1420,67
1547,71
1437,66
1361,63
1496,68
1459,70
1538,74
1596,74
1484,70
1505,70
1445,67
1640,78
1318,65
1450,69
1444,68
1563,73
1465,70
1366,65
1546,72
1490,69
1431,70
1486,71
1547,72
1372,66
1355,64
1393,68
1512,70
1432,66
1466,69
1445,69
1388,64
1424,67
1434,67
1377,66
1507,69
1429,68
1511,69
1504,72
1515,73
1474,69
1444,67
1601,76
1523,72
1528,73
1256,63
1434,65
1493,72
1408,68
1570,76
1636,75
1394,67
1356,66
1431,69
1583,76
1593,76
1369,64
1549,71
1452,66
1620,75
1399,69
1322,64
1443,70
1443,67
1491,69
1481,70
1616,73
1506,69
1513,72
1613,76
1602,75
1441,67
1503,70
1546,70
1421,66
1511,69
1355,64
1473,66
1441,67
1379,68
1433,70
1403,66
1405,68
1462,68
1368,65
1495,70
1591,74
1446,67
1445,67
1349,65
1401,68
1362,66
1546,73
1504,71
1483,70
1528,74
1551,72
1441,70
1482,69
1620,77
1247,62
1472,72
1558,75
1509,71
1429,66
1364,67
1491,73
1554,73
1338,64
1387,65
1268,60
1404,70
1465,70
1398,64
1424,68
1621,72
1717,76
1395,66
1293,63
1564,75
1424,67
1452,68
1615,77
1396,70
1523,72
1689,80
1625,76
1634,76
1565,72
1509,72
1567,74
1472,68
1482,68
1464,69
1562,74
1617,75
1682,73
1424,65
1508,68
1558,73
1265,62
1503,69
1457,69
1499,70
1676,77
1480,72
1631,76
1655,74
1624,78
1642,78
1573,73
1488,70
1462,71
1591,73
1459,70
1526,73
1579,75
1313,62
1521,71
1516,71
1302,66
1445,67
1327,65
1427,69
1332,66
1255,61
1328,63
1262,61
1528,73
1349,62
1701,78
1495,73
1468,68
1411,68
1634,77
1533,70
1604,77
1515,70
1365,63
1620,73
1352,68
1367,64
1477,72
1542,70
1626,77
1450,71
1496,72
1426,66
1508,74
1501,68
1525,74
1479,71
1528,70
1432,66
1549,75
1400,67
1464,70
1472,69
1439,69
1493,70
1440,71
1424,68
1475,70
1515,72
1554,74
1462,68
1310,64
1634,78
1390,67
1616,76
1548,75
1482,71
1319,65
1630,75
1613,73
1521,72
1508,70
1569,73
1394,66
1629,78
1401,64
1421,68
1571,71
1446,69
1677,79
1392,66
1294,61
1497,70
1469,71
1407,70
1480,70
1620,76
1471,68
1520,71
1402,65
1520,73
1672,78
1504,71
1529,71
1486,72
1486,70
1548,74
1497,73
1423,69
1494,72
1665,77
1669,77
1413,69
1398,68
1522,73
1504,70
1527,71
1564,75
1486,68
1466,72
1383,68
1441,68
1446,68
1470,71
1528,73
1386,65
1479,70
1444,71
1623,74
1348,66
1393,64
1677,74
1351,64
1486,72
1492,71
1504,68
1423,68
1474,69
1568,75
1415,67
1420,68
1655,76
1443,67
1382,67
1453,69
1415,65
1405,66
1436,68
1374,67
1453,70
1585,74
1347,65
1466,70
1532,70
1520,70
1484,72
1464,71
1520,72
1376,68
1634,76
1534,72
1484,70
1625,76
1525,71
1384,65
1469,66
1467,68
1541,74
1466,67
1483,72
1608,74
1565,73
1628,77
1293,62
1470,68
1436,66
1300,63
1664,79
1639,78
1458,69
1526,71
1497,68
1403,68
1426,69
1605,71
1695,79
1652,78
1464,68
1485,70
1473,70
1538,71
1579,73
1500,71
1454,68
1575,74
1364,68
1486,67
1556,73
1509,69
1376,65
1492,72
1517,71
1541,74
1446,71
1401,67
1540,70
1307,63
1691,80
1522,72
1324,63
1569,71
1335,63
1494,67
1565,74
1536,72
1521,71
1508,73
1544,69
1349,65
1374,66
1622,76
1689,79
1603,75
1436,68
1430,71
1500,70
1597,77
1391,70
1630,77
1440,69
1687,80
1586,76
1470,72
1507,73
1475,71
1440,67
1544,74
1547,72
1410,66
1319,65
1675,79
1515,73
1541,74
1466,68
1442,67
1351,64
1517,71
1641,77
1633,78
1369,67
1543,72
1395,66
1253,61
1507,74
1445,70
1426,67
1482,71
1589,75
1606,77
1415,68
1515,71
1518,69
1314,63
1399,65
1451,69
1561,75
1592,74
1359,66
1433,69
1422,68
1619,76
1558,70
1421,67
1413,68
1535,72
1552,72
1628,77
1464,70
1547,75
1487,70
1588,76
1558,73
1618,78
1542,71
1517,71
1659,78
1407,68
1673,78
1433,68
1631,77
1508,69
1405,69
1504,71
1379,66
1542,72
1475,69
1474,70
1459,71
1343,65
1510,70
1473,70
1510,72
1463,69
1457,71
1545,73
1526,69
1488,73
1546,72
1537,73
1385,67
1349,66
1515,72
1424,69
1486,72
1350,65
1466,69
1398,68
1510,72
1394,67
1343,66
1356,66
1508,68
1387,69
1438,68
1506,70
1445,70
1429,68
1325,62
1495,69
1395,69
1601,74
1428,67
1642,76
1466,69
1434,68
1518,72
1477,69
1562,75
1408,69
1419,69
1501,73
1419,68
1286,64
1394,66
1456,69
1412,68
1608,75
1447,70
1400,67
1517,70
1584,74
1571,75
1551,75
1559,74
1271,64
1315,63
1372,65
1363,65
1256,61
1462,70
1412,68
1605,74
1667,79
1470,68
1498,72
1576,75
1424,70
1356,66
1458,71
1525,73
1540,73
1526,71
1347,66
1544,71
1539,72
1433,69
1514,73
1477,71
1273,63
1371,65
1505,70
1453,69
1461,69
1538,73
1542,71
1415,68
1322,66
1606,74
1543,73
1538,72
1392,64
1466,70
1527,71
1469,71
1557,72
1495,69
1604,75
1447,67
1454,70
1415,66
1363,65
1511,71
1491,71
1387,67
1647,77
1555,71
1411,68
1358,64
1525,72
1522,73
1529,73
1620,78
1412,69
1507,71
1491,70
1503,73
1441,70
1688,79
1528,71
1622,77
1401,68
1492,69
1518,72
1481,71
1495,73
1317,65
1520,72
1519,72
1352,67
1397,67
1631,76
1486,70
1521,72
1398,68
1325,64
1587,76
1680,79
1321,66
1405,70
1573,76
1537,71
1518,70
1581,74
1457,70
1404,67
1537,72
1506,69
1593,76
1422,67
1470,67
1547,72
1415,68
1298,63
1447,66
1476,68
1568,74
1411,70
1557,73
1501,71
1703,78
1481,68
1460,68
1498,71
1503,70
1471,70
1358,65
1571,75
1678,77
1490,70
1446,70
1426,69
1475,71
1483,71
1434,70
1401,65
1601,77
1589,73
1516,73
1378,67
1393,66
1295,64
1642,79
1667,79
1374,67
1518,73
1361,65
1413,68
1233,61
1495,67
1532,74
1372,63
1380,65
1486,69
1573,73
1516,70
1406,67
1454,68
1283,63
1348,66
1416,69
1443,68
1439,69
1499,72
1251,61
1453,69
1507,67
1555,73
1369,62
1599,77
1403,68
1499,74
1482,69
1402,67
1344,65
1468,71
1524,71
1519,71
1532,75
1376,66
1564,73
1552,72
1389,68
1455,68
1521,74
1446,70
1382,67
1507,74
1350,65
1489,71
1411,69
1525,74
1513,74
1478,70
1427,65
1581,77
1667,79
1534,71
1391,67
1389,66
1435,68
1499,72
1513,72
1623,73
1485,71
1512,71
1432,70
1630,77
1641,77
1455,68
1549,74
1431,70
1426,70
1379,64
1455,69
1482,72
1469,72
1570,74
1374,66
1354,65
1503,69
1572,74
1431,66
1400,66
1436,69
1505,73
1440,69
1498,70
1517,73
1442,67
1562,72
1489,67
1574,75
1409,66
1533,73
1361,65
1363,65
1667,79
1513,70
1388,67
1343,66
1572,75
1414,67
1360,65
1402,68
1687,80
1404,66
1563,76
1529,71
1483,70
1567,74
1631,76
1634,78
1488,72
1425,70
1487,71
1452,70
1534,72
1334,64
1587,74
1652,78
1433,69
1283,64
1574,72
1442,68
1438,71
1506,72
1382,66
1655,78
1449,68
1286,63
1340,65
1396,67
1400,68
1343,67
1636,78
1453,68
1450,68
1481,69
1521,72
1331,63
1474,72
1479,70
1556,75
1403,65
1605,75
1513,73
1457,70
1472,71
1527,74
1396,67
1498,71
1469,69
1425,70
1617,75
1449,70
1510,73
1303,65
1379,66
1499,72
1491,71
1527,69
1553,73
1357,66
1446,70
1395,67
1579,71
1319,65
1491,71
1304,63
1366,68
1512,71
1564,75
1504,72
1648,78
1461,72
1666,77
1419,66
1546,74
1348,65
1572,73
1391,67
1460,69
1568,73
1455,68
1489,70
1404,67
1343,66
1293,64
1447,68
1483,67
1542,71
1550,74
1308,67
1454,69
1448,67
1675,77
1576,73
1482,72
1353,67
1426,68
1553,73
1552,74
1463,70
1518,72
1502,73
1506,70
1459,71
1404,67
1684,77
1498,72
1436,68
1664,79
1440,71
1469,68
1389,68
1618,76
1487,68
1425,70
1438,67
1485,71
1518,74
1439,69
1574,74
1613,77
1606,73
1580,75
1399,68
1345,64
1699,79
1484,72
1642,78
1573,76
1536,72
1488,71
1496,71
1630,77
1482,69
1481,72
1563,74
1488,70
1382,66
1459,67
1486,69
1506,73
1462,69
1370,65
1466,69
1593,75
1659,78
1452,69
1476,71
1508,71
1481,71
1502,71
1359,67
1608,75
1334,63
1398,67
1438,69
1547,74
1553,75
1463,71
1433,66
1490,72
1470,73
1644,76
1547,73
1482,71
1419,65
1479,67
1481,71
1521,73
1570,72
1416,67
1359,66
1515,72
1469,71
1468,71
1345,63
1475,72
1546,73
1597,76
1380,67
1371,67
1454,70
1439,71
1511,72
1457,70
1533,73
1400,68
1442,68
1451,68
1295,65
1420,70
1481,70
1469,69
1539,72
1474,69
1540,75
1559,73
1621,76
1492,69
1554,71
1418,68
1617,75
1602,76
1371,66
1416,69
1631,77
1469,72
1645,78
1596,76
1527,74
1464,68
1529,73
1398,66
1460,70
1553,74
1535,71
1532,74
1431,71
1445,69
1502,73
1402,64
1463,68
1376,67
1607,76
1441,69
1419,68
1585,76
1502,72
1452,70
1427,67
1374,67
1553,74
1535,73
1466,68
1509,71
1292,64
1445,70
1497,70
1499,72
1484,72
1645,72
1497,70
1355,67
1489,71
1387,65
1418,66
1336,66
1693,80
1381,66
1624,76
1441,69
1671,79
1463,69
1466,70
1422,67
1539,74
1327,63
1661,79
1476,71
1434,69
1329,67
1557,73
1432,69
1641,77
1373,68
1499,72
1548,70
1335,66
1503,71
1674,76
1580,72
1377,67
1663,78
1612,74
1691,80
1419,66
1468,68
1479,70
1552,70
1440,68
1350,65
1491,71
1554,73
1588,76
1426,70
1522,73
1356,66
1463,69
1497,72
1494,71
1557,72
1510,72
1652,79
1514,71
1359,66
1446,67
1492,72
1492,71
1519,69
1443,68
1554,72
1314,61
1553,75
1686,77
1546,72
1554,73
1574,73
1687,80
1568,72
1397,67
1373,65
1469,70
1488,71
1526,72
1305,63
1670,78
1362,66
1510,74
1402,69
1370,65
1360,63
1646,78
1532,74
1419,68
1569,72
1435,70
1589,76
1583,74
1554,70
1549,71
1398,67
1379,65
1535,71
1374,63
1458,68
1463,69
1485,69
1425,70
1541,73
1589,74
1327,67
1581,74
1387,68
1468,71
1376,65
1528,74
1336,66
1504,70
1460,70
1450,71
1343,64
1640,78
1415,67
1516,71
1482,71
1703,80
1472,70
1650,78
1454,70
1528,71
1429,69
1514,71
1258,62
1440,69
1514,69
1462,69
1561,74
1428,68
1478,72
1605,75
1466,68
1259,63
1357,64
1537,75
1690,78
1607,77
1359,65
1409,68
1434,69
1562,73
1527,72
1329,65
1519,71
1496,70
1476,68
1413,66
1476,68
1478,71
1516,72
1537,71
1447,66
1491,71
1502,70
1421,68
1504,71
1485,70
1489,70
1555,74
1417,69
1485,71
1439,69
1622,77
1620,75
1596,75
1665,79
1393,65
1520,71
1411,69
1521,70
1584,75
1662,79
1527,70
1487,73
1539,69
1501,72
1502,72
1544,70
1553,75
1448,69
1444,69
1565,73
1664,77
1566,73
1435,68
1573,70
1604,76
1391,67
1545,72
1479,68
1406,67
1433,70
1476,72
1454,70
1481,72
1234,63
1307,67
1470,70
1267,62
1454,69
1540,73
1466,69
1371,66
1513,71
1622,77
1450,67
1545,71
1363,66
1458,68
1616,77
1348,63
1346,65
1326,67
1524,74
1377,67
1479,66
1282,64
1455,68
1663,78
1336,64
1498,72
1415,68
1473,70
1341,64
1381,65
1540,70
1552,70
1501,73
1504,73
1445,71
1486,70
1619,77
1375,65
1442,66
1358,64
1467,69
1455,70
1567,73
1576,74
1691,80
1509,71
1471,70
1552,71
1748,80
1432,69
1377,66
1614,76
1550,73
1492,70
1445,68
1449,67
1410,68
1467,71
1360,65
1348,65
1369,66
1422,67
1314,63
1615,75
1526,70
1444,69
1536,73
1567,75
1477,68
1409,70
1512,74
1580,72
1655,76
1568,72
1677,77
1430,67
1495,68
1419,65
1607,77
1509,72
1444,68
1513,71
1437,66
1482,70
1511,73
1457,69
1510,68
1482,68
1625,77
1489,72
1582,76
1461,66
1349,66
1492,70
1371,65
1533,74
1524,73
1565,74
1492,69
1461,69
1488,71
1436,71
1535,71
1588,73
1558,72
1396,65
1382,67
1687,80
1477,69
1509,73
1466,67
1479,70
1383,64
1473,72
1427,67
1410,68
1447,69
1559,73
1673,77
1303,61
1596,76
1377,65
1383,66
1373,67
1357,65
1539,72
1561,73
1445,69
1656,77
1303,63
1562,73
1348,66
1536,72
1561,73
1379,66
1693,77
1609,77
1467,71
1577,76
1568,72
1335,64
1527,71
1525,74
1584,76
1652,78
1400,65
1509,69
1436,67
1554,73
1483,73
1480,70
1668,79
1377,67
1564,74
1559,72
1479,72
1351,65
1422,67
1291,63
1362,67
1560,74
1347,64
1550,72
1527,71
1427,66
1640,78
1555,75
1363,67
1477,69
1442,70
1532,71
1620,77
1496,71
1430,67
1457,67
1503,70
1484,73
1372,68
1388,64
1614,76
1508,70
1352,66
1286,62
1530,73
1524,73
1361,66
1514,69
1353,65
1538,71
1560,75
1491,71
1398,67
1539,73
1540,70
1557,75
1629,74
1387,68
1296,63
1388,65
1429,68
1474,70
1650,76
1226,63
1339,65
1500,72
1391,67
1567,74
1529,73
1606,77
1337,65
1629,76
1294,64
1637,75
1608,74
1558,71
1371,65
1493,70
1489,70
1572,74
1566,74
1472,71
1462,73
1443,69
1620,77
1422,70
1488,72
1406,68
1399,67
1603,75
1542,74
1388,67
1650,74
1348,62
1561,73
1414,65
1495,73
1440,68
1522,70
1516,70
1390,69
1479,68
1534,72
1301,64
1611,77
1544,74
1481,71
1511,72
1576,74
1404,67
1344,62
1602,75
1305,62
1406,66
1605,75
1484,72
1595,75
1457,70
1495,73
1394,65
1470,70
1643,78
1594,76
1425,67
1439,68
1623,77
1469,68
1361,62
1515,70
1481,69
1414,68
1548,71
1430,67
1602,77
1328,67
1457,70
1719,80
1522,72
1565,73
1479,69
1592,75
1627,76
1468,71
1575,71
1471,71
1400,69
1337,66
1680,77
1564,74
1437,67
1446,70
1247,61
1445,68
1451,70
1488,70
1642,78
1437,69
1362,66
1296,64
1539,72
1457,69
1431,69
1545,75
1408,65
1499,70
1480,70
1584,76
1545,70
1577,74
1543,72
1504,73
1527,72
1556,74
1364,66
1594,77
1514,72
1594,73
1547,72
1492,72
1386,66
1527,72
1454,71
1476,71
1482,67
1408,66
1426,68
1654,77
1387,66
1669,79
1462,68
1517,72
1470,69
1579,71
1373,66
1456,67
1486,72
1421,68
1372,67
1453,72
1609,76
1527,72
1490,72
1532,73
1565,71
1412,67
1521,71
1336,65
1670,79
1658,78
1358,66
1420,66
1407,67
1420,69
1533,69
1533,74
1452,71
1295,63
1624,75
1393,65
1579,76
1446,68
1600,73
1549,74
1495,69
1577,74
1381,66
1539,69
1507,70
1485,71
1480,69
1494,73
1434,67
1568,74
1481,72
1661,75
1276,63
1455,70
1419,67
1364,67
1627,77
1402,68
1689,80
1505,71
1352,66
1457,69
1431,68
1573,74
1573,76
1519,71
1551,71
1426,66
1448,70
1465,69
1433,67
1665,79
1423,67
1526,72
1405,67
1409,69
1498,72
1410,68
1469,70
1536,73
1537,74
1497,71
1388,66
1530,73
1474,72
1551,71
1443,69
1620,78
1510,69
1444,67
1565,74
1359,62
1370,66
1486,70
1477,68
1594,76
1537,72
1346,67
1446,68
1527,71
1490,73
1560,74
1302,63
1548,75
1400,67
1543,71
1503,71
1497,72
1581,75
1506,71
1466,69
1372,68
1437,68
1360,65
1548,70
1488,66
1567,75
1658,78
1424,68
1497,68
1452,70
1296,64
1638,78
1601,73
1572,76
1452,67
1492,72
1585,69
1314,62
1569,75
1403,70
1520,72
1643,75
1635,75
1272,61
1609,76
1466,69
1426,67
1512,73
1576,74
1624,74
1583,76
1517,70
1425,70
1493,71
1428,68
1495,72
1462,70
1468,69
1535,70
1532,73
1395,68
1474,69
1440,71
1642,78
1411,67
1415,69
1732,79
1391,67
1707,79
1562,73
1372,63
1427,67
1577,75
1576,76
1622,76
1414,69
1482,69
1484,69
1606,76
1446,69
1631,77
1536,74
1636,78
1478,70
1445,70
1490,70
1404,68
1333,65
1335,64
1469,69
1449,69
1481,72
1634,78
1527,72
1337,67
1506,70
1528,70
1588,77
1563,72
1392,66
1510,72
1298,64
1410,67
1502,72
1309,64
1514,71
1269,62
1419,67
1675,79
1546,75
1432,68
1333,66
1554,73
1570,75
1385,68
1586,73
1620,74
1561,73
1444,69
1453,70
1504,69
1519,70
1689,80
1468,69
1542,71
1468,69
1539,75
1419,70
1463,68
1486,70
1537,72
1637,78
1553,74
1411,68
1610,75
1546,69
1436,68
1651,79
1648,77
1534,72
1529,70
1624,77
1606,75
1281,64
1463,70
1513,72
1567,72
1506,67
1562,74
1530,72
1645,76
1328,63
1516,73
1477,69
1430,65
1480,69
1277,63
1578,76
1597,76
1539,71
1417,70
1386,68
1323,63
1403,66
1440,69
1584,75
1466,71
1386,66
1496,72
1547,72
1503,72
1535,72
1471,71
1438,69
1561,76
1672,79
1557,75
1575,73
1626,77
1486,70
1429,68
1515,74
1477,71
1638,76
1417,66
1468,71
1558,71
1409,66
1522,71
1536,71
1530,71
1455,68
1318,64
1528,74
1558,73
1353,64
1632,76
1578,75
1460,67
1295,60
1580,74
1432,69
1464,70
1474,67
1640,76
1502,71
1439,69
1557,75
1490,72
1539,73
1514,71
1400,66
1319,66
1540,74
1501,72
1481,69
1699,77
1519,72
1298,63
1321,64
1573,75
1485,70
1635,76
1648,78
1512,70
1541,74
1567,75
1401,65
1493,70
1376,64
1315,63
1567,74
1316,63
1489,69
1480,70
1528,71
1377,67
1399,66
1438,67
1398,67
1440,66
1490,72
1429,69
1463,66
1653,78
1543,72
1601,76
1510,73
1227,61
1504,71
1452,69
1520,69
1497,72
1621,78
1464,71
1351,65
1465,72
1425,70
1535,71
1514,73
1488,70
1387,66
1518,70
1567,74
1419,69
1595,76
1431,68
1337,64
1408,67
1486,72
1615,73
1378,63
1504,73
1409,68
1429,69
1657,76
1469,71
1687,80
1385,64
1377,65
1511,72
1448,69
1474,71
1395,66
1608,75
1518,74
1248,59
1556,72
1436,65
1466,70
1468,70
1416,68
1449,68
1393,70
1457,67
1476,67
1549,73
1383,66
1622,78
1486,67
1604,75
1532,71
1440,70
1398,68
1409,68
1480,70
1528,71
1291,65
1419,65
1641,78
1581,73
1586,74
1522,73
1354,63
1473,70
1383,62
1545,74
1687,80
1475,68
1533,72
1402,68
1556,71
1286,62
1525,71
1458,69
1534,74
1402,66
1533,71
1612,75
1534,74
1427,69
1500,70
1515,73
1448,70
1693,80
1569,75
1550,71
1432,70
1571,74
1596,74
1424,69
1483,69
1495,71
1504,70
1515,72
1588,76
1400,68
1425,68
1345,66
1556,75
1522,71
1531,71
1600,75
1540,73
1386,68
1474,71
1470,69
1457,69
1527,72
1597,74
1582,72
1378,67
1447,69
1472,71
1681,78
1335,62
1390,64
1491,69
1583,72
1408,68
1525,71
1561,73
1488,68
1440,69
1413,70
1689,80
1631,75
1537,73
1566,75
1542,72
1377,64
1310,65
1431,68
1389,66
1413,67
1318,63
1517,71
1665,78
1466,70
1358,64
1265,62
1327,62
1387,67
1482,71
1567,73
1322,63
1512,70
1457,68
1578,71
1625,77
1470,72
1320,62
1504,70
1483,70
1445,67
1651,78
1449,70
1691,80
1538,72
1356,63
1584,72
1488,70
1379,66
1555,76
1392,66
1440,69
1456,70
1465,69
1403,67
1486,68
1512,69
1406,69
1393,67
1357,65
1474,71
1379,68
1627,76
1395,64
1453,70
1477,71
1565,74
1523,71
1386,66
1587,74
1687,76
1507,72
1475,70
1552,73
1430,68
1428,69
1579,74
1523,73
1672,79
1481,72
1481,70
1446,70
1405,66
1662,79
1579,75
1441,68
1373,68
1393,67
1607,75
1449,68
1507,72
1568,73
1495,70
1488,72
1359,67
1673,78
1401,65
1402,67
1519,72
1439,70
1393,68
1459,68
1560,73
1557,72
1449,68
1576,73
1488,71
1386,69
1385,67
1410,68
1506,70
1313,65
1383,67
1530,71
1359,66
1553,70
1433,69
1584,75
1655,77
1363,65
1583,75
1475,69
1456,71
1532,72
1522,73
1549,73
1506,66
1481,71
1622,78
1526,73
1535,74
1407,67
1571,75
1510,75
1388,67
1369,68
1502,70
1437,69
1538,73
1443,70
1613,73
1378,63
1572,74
1553,73
1393,68
1273,60
1517,71
1699,77
1459,69
1460,72
1653,77
1513,74
1517,73
1479,69
1486,67
1603,76
1394,65
1494,71
1440,68
1536,70
1413,68
1371,68
1507,71
1532,71
1393,67
1470,70
1376,67
1393,65
1523,74
1452,70
1435,67
1524,71
1362,66
1318,65
1473,72
1614,75
1484,69
1476,69
1445,69
1469,70
1534,74
1382,64
1600,75
1472,72
1679,79
1499,68
1452,69
1429,70
1473,71
1562,75
1353,64
1547,75
1595,76
1246,63
1387,64
1438,67
1536,72
1327,63
1504,70
1515,70
1328,63
1569,75
1538,70
1360,66
1323,65
1342,65
1479,70
1403,68
1313,61
1498,72
1528,71
1631,77
1460,69
1508,72
1361,69
1448,68
1390,65
1452,70
1609,75
1377,66
1430,69
1404,65
1440,64
1361,67
1271,58
1573,74
1455,69
1382,67
1416,65
1461,69
1623,76
1493,73
1528,71
1364,64
1332,63
1523,70
1378,66
1424,68
1367,65
1501,69
1387,65
1673,79
1506,72
1494,67
1417,69
1530,74
1548,74
1550,75
1486,71
1528,71
1422,69
1474,70
1512,72
1425,69
1574,76
1561,75
1613,76
1568,73
1312,63
1459,68
1362,65
1391,66
1586,72
1422,68
1414,66
1606,75
1559,72
1604,74
1498,71
1548,72
1513,68
1565,72
1391,67
1416,67
1440,64
1589,75
1470,71
1467,69
1545,72
1587,75
1433,67
1551,71
1560,73
1524,73
1454,71
1655,77
1373,64
1544,73
1503,71
1400,66
1513,73
1363,64
1420,68
1364,66
1462,72
1352,63
1454,70
1512,73
1458,67
1579,75
1449,68
1461,71
1458,69
1441,70
1462,70
1432,66
1394,68
1475,70
1393,68
1430,68
1562,72
1441,70
1457,71
1589,76
1485,71
1600,73
1430,69
1604,76
1364,66
1458,71
1372,66
1667,74
1278,62
1625,76
1452,68
1399,67
1620,73
1618,76
1411,66
1422,69
1321,66
1376,68
1359,67
1622,75
1334,64
1476,71
1555,71
1341,66
1399,70
1529,71
1491,70
1502,70
1403,65
1381,67
1483,68
1429,67
1462,71
1724,79
1621,77
1622,77
1353,63
1397,67
1412,69
1444,69
1513,71
1589,73
1488,70
1447,69
1407,65
1489,72
1346,64
1382,67
1548,72
1465,68
1402,68
1391,68
1419,67
1582,76
1395,65
1433,67
1417,68
1326,64
1559,76
1496,72
1520,72
1332,65
1401,67
1627,78
1518,74
1621,75
1507,67
1494,73
1558,74
1375,64
1418,66
1491,69
1549,74
1460,69
1417,68
1566,74
1475,67
1277,62
1443,68
1466,67
1529,71
1491,71
1359,66
1435,69
1479,67
1486,69
1482,66
1619,76
1528,72
1595,76
1544,73
1473,70
1578,73
1483,69
1388,71
1487,69
1559,73
1554,74
1474,69
1535,72
1513,71
1475,70
1382,67
1448,66
1449,68
1411,68
1631,77
1640,77
1452,69
1387,66
1496,72
1458,70
1473,68
1516,72
1421,65
1436,68
1514,72
1503,72
1589,75
1435,67
1504,71
1669,79
1371,68
1537,75
1500,69
1357,65
1605,75
1521,70
1504,73
1577,73
1459,68
1569,72
1460,67
1325,64
1593,76
1536,72
1473,70
1443,71
1493,70
1382,66
1615,77
1509,71
1680,79
1361,66
1599,74
1529,70
1458,69
1464,72
1635,76
1471,68
1612,73
1492,72
1519,73
1463,68
1442,71
1521,72
1489,70
1450,69
1640,78
1491,69
1469,70
1694,78
1559,70
1594,74
1348,64
1529,74
1468,69
1477,71
1567,72
1474,68
1506,67
1382,66
1480,68
1436,69
1568,74
1467,68
1426,68
1377,66
1489,72
1596,74
1509,74
1585,73
1417,65
1554,72
1558,74
1370,67
1374,64
1451,67
1535,73
1232,62
1372,66
1580,74
1565,73
1356,65
1386,66
1517,70
1519,71
1526,72
1661,79
1308,62
1588,77
1429,71
1461,68
1466,69
1635,78
1531,71
1478,70
1420,66
1623,77
1508,73
1566,71
1363,66
1585,76
1405,66
1735,77
1423,68
1462,70
1322,63
1551,72
1415,68
1579,73
1369,63
1419,66
1595,73
1542,70
1454,68
1472,70
1487,72
1464,68
1545,70
1537,74
1418,67
1393,65
1417,64
1466,70
1449,69
1633,78
1568,70
1444,68
1366,65
1480,70
1648,78
1541,75
1609,77
1361,65
1360,66
1534,70
1397,68
1457,68
1445,71
1440,69
1411,67
1301,64
1571,75
1579,72
1516,72
1472,69
1662,78
1374,65
1577,73
1556,74
1537,69
1388,65
1492,71
1440,66
1465,70
1613,75
1552,75
1527,73
1579,74
1373,67
1445,69
1608,73
1511,72
1431,70
1556,73
1367,63
1492,70
1532,70
1488,73
1588,76
1531,74
1337,61
1612,77
1453,68
1520,71
1627,75
1446,70
1457,69
1725,80
1487,71
1540,75
1544,74
1330,62
1386,68
1400,66
1463,71
1648,77
1460,70
1483,72
1438,70
1352,67
1492,71
1613,77
1528,72
1480,71
1549,73
1523,71
1484,71
1493,70
1572,70
1422,68
1667,79
1615,75
1409,67
1402,66
1597,76
1510,73
1447,66
1423,69
1523,73
1543,75
1522,69
1463,72
1385,66
1507,70
1420,68
1503,70
1576,73
1366,66
1614,77
1482,72
1659,77
1391,66
1419,68
1432,67
1519,70
1534,73
1485,70
1507,72
1460,67
1346,65
1578,72
1633,74
1488,72
1442,67
1531,73
1314,65
1594,77
1349,62
1507,71
1471,69
1430,71
1463,71
1414,68
1413,67
1325,62
1686,78
1532,72
1340,65
1515,71
1419,68
1453,68
1568,72
1507,70
1452,70
1529,69
1498,71
1372,62
1541,73
1300,61
1640,78
1436,67
1606,73
1511,73
1361,66
1399,68
1391,67
1318,65
1658,77
1354,67
1480,70
1563,74
1455,70
1406,65
1592,77
1451,71
1465,69
1481,69
1508,71
1388,63
1480,70
1393,67
1416,68
1585,76
1454,72
1507,68
1406,68
1480,70
1378,63
1659,78
1528,71
1551,72
1492,70
1540,74
1629,74
1564,75
1555,73
1585,76
1322,66
1493,71
1313,63
1488,69
1570,76
1642,78
1572,74
1383,67
1539,72
1382,68
1663,77
1416,66
1532,72
1372,67
1468,70
1387,65
1528,73
1483,71
1502,73
1359,63
1675,79
1658,78
1521,72
1624,77
1536,75
1331,64
1607,77
1506,72
1657,76
1329,63
1581,75
1465,71
1487,71
1626,77
1661,79
1521,71
1592,75
1477,71
1545,74
1414,68
1687,80
1626,75
1623,76
1589,76
1592,75
1532,74
1465,69
1558,74
1598,73
1387,65
1492,70
1367,66
1489,71
1415,67
1384,67
1497,69
1665,79
1551,72
1522,71
1406,68
1448,67
1479,72
1487,71
1348,64
1476,69
1479,71
1526,70
1426,70
1368,67
1604,75
1531,73
1579,75
1486,73
1453,70
1415,66
1592,74
1434,68
1542,75
1343,64
1659,79
1647,76
1521,71
1550,74
1519,71
1516,73
1452,70
1499,69
1660,77
1347,64
1531,72
1391,64
1478,69
1455,69
1498,70
1577,72
1586,74
1568,75
1258,60
1447,67
1436,70
1537,75
1634,78
1639,76
1510,69
1393,66
1513,73
1444,68
1377,67
1565,73
1501,71
1527,70
1456,68
1420,67
1406,68
1314,64
1480,70
1460,69
1570,76
1465,70
1670,77
1362,66
1491,69
1625,75
1431,67
1536,70
1475,70
1414,67
1446,68
1387,65
1508,73
1558,74
1445,71
1404,69
1484,71
1468,71
1566,75
1465,71
1533,72
1590,76
1411,67
1472,70
1551,73
1606,74
1344,68
1600,77
1483,68
1538,72
1458,70
1574,74
1537,75
1693,80
1415,66
1586,74
1501,73
1566,72
1500,69
1459,69
1466,70
1653,78
1405,68
1316,63
1674,77
1310,64
1494,73
1506,71
1564,74
1409,66
1479,71
1496,71
1618,74
1626,75
1396,68
1392,67
1546,72
1482,72
1456,69
1581,74
1437,69
1674,79
1379,64
1655,78
1484,71
1559,71
1400,67
1371,62
1399,68
1496,71
1639,78
1463,70
1404,69
1469,68
1463,68
1347,65
1353,65
1314,63
1627,75
1513,70
1507,72
1414,69
1654,77
1429,70
1334,65
1430,67
1522,71
1596,74
1292,62
1615,77
1493,72
1351,66
1585,77
1448,66
1393,65
1520,73
1618,76
1455,69
1391,67
1408,69
1523,73
1424,69
1451,71
1442,70
1667,79
1580,74
1571,74
1490,71
1507,71
1665,79
1505,73
1489,72
1363,66
1544,72
1579,76
1550,73
1510,69
1617,77
1565,76
1405,67
1460,70
1460,70
1553,72
1503,71
1433,66
1201,62
1409,67
1547,72
1481,71
1579,73
1518,71
1554,74
1393,66
1546,71
1482,70
1653,79
1349,64
1413,65
1518,72
1600,76
1516,72
1392,64
1534,72
1400,66
1463,69
1364,67
1527,71
1396,68
1440,70
1590,76
1479,69
1487,72
1445,68
1579,75
1442,67
1441,70
1491,70
1662,79
1613,75
1521,72
1393,66
1387,68
1539,71
1467,71
1411,70
1468,71
1450,70
1415,64
1410,67
1570,75
1678,79
1371,67
1404,65
1496,71
1454,69
1658,78
1507,70
1380,67
1605,76
1387,66
1665,79
1393,66
1563,71
1524,72
1538,70
1526,74
1421,64
1528,72
1588,75
1529,69
1608,73
1520,71
1530,74
1530,71
1283,61
1314,63
1384,66
1499,71
1559,73
1495,73
1701,80
1501,72
1415,68
1545,71
1375,67
1470,69
1625,77
1433,68
1415,69
1485,70
1447,69
1416,67
1465,69
1346,67
1458,69
1342,65
1505,68
1493,68
1445,67
1459,68
1455,69
1655,77
1296,64
1400,69
1506,68
1454,70
1457,70
1385,67
1467,71
1333,63
1402,67
1438,68
1530,73
1622,75
1445,68
1547,74
1436,66
1427,70
1466,71
1641,78
1516,71
1481,69
1347,66
1453,71
1579,73
1396,66
1624,77
1518,72
1337,63
1561,73
1513,73
1472,70
1633,75
1549,73
1383,67
1378,64
1620,75
1529,71
1545,71
1582,73
1452,69
1427,67
1452,70
1455,67
1646,77
1447,66
1574,75
1556,74
1481,70
1520,71
1420,70
1630,75
1546,72
1531,73
1496,71
1504,72
1611,77
1514,73
1514,70
1462,71
1509,73
1592,75
1576,75
1470,70
1524,72
1511,73
1436,70
1703,80
1430,68
1554,75
1689,80
1435,68
1480,71
1699,80
1484,71
1665,79
1580,76
1553,73
1585,74
1672,76
1555,72
1497,72
1504,70
1430,69
1669,76
1490,70
1475,69
1463,68
1634,77
1500,73
1460,71
1531,73
1591,75
1522,72
1470,69
1482,69
1446,69
1461,67
1314,61
1608,76
1572,72
1435,70
1503,72
1624,77
1351,64
1309,65
1360,64
1541,72
1644,76
1418,68
1458,67
1453,69
1439,71
1465,69
1535,72
1467,71
1619,77
1370,65
1489,71
1491,72
1609,77
1574,73
1433,70
1420,67
1350,64
1446,68
1602,75
1466,69
1378,66
1591,73
1462,70
1384,66
1504,71
1698,78
1624,75
1618,77
1462,67
1630,75
1384,66
1437,69
1374,66
1452,70
1470,69
1603,74
1312,64
1514,73
1402,65
1298,62
1459,69
1428,65
1422,67
1652,78
1406,68
1631,77
1413,68
1557,76
1484,70
1643,76
1307,64
1405,63
1285,63
1554,73
1605,77
1340,64
1527,73
1628,78
1487,69
1693,80
1469,68
1352,66
1605,77
1543,73
1560,72
1410,68
1580,74
1339,66
1399,66
1431,68
1291,64
1371,68
1410,69
1445,70
1437,69
1463,69
1592,72
1581,74
1662,79
1381,64
1494,69
1305,64
1366,66
1638,78
1489,69
1350,64
1434,68
1343,64
1608,74
1451,70
1445,70
1502,70
1579,73
1534,73
1432,70
1479,71
1368,65
1616,76
1448,70
1443,69
1499,72
1507,73
1529,71
1454,70
1402,64
1271,64
1399,68
1418,69
1430,66
1492,68
1417,67
1420,66
1513,72
1553,72
1463,69
1441,70
1572,72
1538,70
1462,72
1364,65
1523,72
1500,70
1502,72
1487,72
1592,76
1410,70
1343,63
1403,67
1334,66
1492,71
1455,68
1583,73
1498,70
1493,72
1485,71
1411,70
1636,77
1460,69
1591,76
1478,70
1418,70
1380,65
1656,79
1436,65
1507,71
1537,74
1417,68
1590,76
1339,67
1508,70
1365,64
1446,70
1455,68
1507,69
1501,70
1424,66
1556,72
1477,71
1455,72
1376,66
1400,65
1546,72
1448,69
1587,76
1502,69
1419,67
1477,69
1536,72
1372,68
1409,67
1512,70
1447,67
1374,67
1540,71
1567,75
1549,73
1243,64
1462,70
1570,75
1393,68
1433,70
1450,70
1449,67
1495,71
1496,71
1553,75
1467,69
1513,74
1397,64
1574,74
1642,77
1533,74
1472,70
1562,75
1457,68
1512,71
1644,76
1571,72
1434,65
1662,78
1486,71
1409,67
1627,76
1581,76
1553,72
1502,70
1491,68
1668,78
1692,78
1367,65
1462,70
1518,71
1495,70
1460,67
1334,65
1586,76
1480,72
1419,68
1418,68
1491,69
1675,78
1603,77
1531,72
1464,69
1495,71
1483,70
1310,65
1559,74
1391,66
1658,77
1458,71
1485,72
1478,71
1510,70
1585,76
1385,68
1471,70
1475,73
1689,80
1626,76
1447,70
1328,63
1482,72
1424,67
1511,74
1415,68
1481,69
1437,68
1274,63
1612,75
1423,68
1634,78
1526,73
1258,62
1536,75
1396,66
1611,76
1459,66
1364,65
1382,66
1482,67
1503,72
1479,70
1463,72
1378,66
1551,70
1471,69
1321,63
1502,71
1628,74
1514,68
1520,72
1416,68
1388,66
1563,71
1520,69
1471,68
1607,77
1601,77
1523,72
1523,73
1468,70
1438,68
1535,73
1590,77
1519,70
1521,72
1446,70
1338,63
1626,77
1542,71
1427,70
1442,68
1504,71
1471,71
1485,72
1265,61
1477,72
1349,65
1605,74
1562,75
1335,65
1476,67
1575,74
1437,68
1361,65
1334,66
1420,67
1577,73
1504,71
1307,63
1520,69
1547,73
1461,71
1396,68
1509,70
1450,68
1593,74
1427,66
1407,67
1527,70
1385,67
1589,76
1544,71
1448,70
1398,68
1556,74
1346,65
1512,73
1519,73
1457,68
1485,72
1554,71
1648,78
1376,67
1531,71
1494,71
1405,66
1474,70
1522,71
1562,75
1432,68
1539,73
1347,67
1392,66
1560,73
1649,77
1397,64
1395,64
1622,77
1399,68
1521,73
1641,78
1618,75
1523,72
1533,72
1263,64
1516,70
1504,70
1472,69
1433,69
1525,69
1498,71
1457,68
1375,65
1247,61
1445,66
1321,62
1553,71
1476,70
1506,70
1544,72
1335,64
1516,70
1442,72
1641,78
1334,65
1417,68
1508,73
1525,70
1386,65
1460,68
1588,74
1543,74
1355,66
1395,66
1503,71
1697,80
1491,72
1513,72
1570,75
1442,69
1430,68
1403,66
1391,67
1541,71
1360,65
1438,69
1427,67
1389,66
1626,75
1465,68
1395,67
1439,67
1480,70
1277,64
1602,74
1452,69
1482,71
1410,68
1432,70
1481,70
1409,67
1285,63
1365,66
1343,66
1426,66
1604,76
1509,72
1436,69
1388,66
1594,75
1620,74
1477,69
1460,69
1459,68
1363,65
1436,68
1562,74
1417,68
1461,69
1430,68
1516,70
1484,69
1371,66
1485,69
1590,76
1609,75
1468,70
1335,66
1521,71
1370,71
1476,70
1392,67
1588,76
1451,71
1632,78
1579,75
1500,71
1373,63
1391,65
1447,68
1598,77
1691,80
1405,67
1660,78
1491,69
1687,79
1468,68
1416,67
1597,76
1504,71
1469,72
1409,68
1358,66
1445,69
1487,70
1520,72
1361,64
1539,70
1360,62
1572,75
1300,65
1395,66
1513,72
1418,67
1362,66
1467,70
1626,77
1451,69
1418,68
1467,68
1666,78
1364,67
1442,68
1449,67
1398,67
1468,69
1434,68
1459,70
1496,71
1419,67
1439,68
1471,68
1469,67
1467,72
1532,71
1516,72
1442,70
1431,69
1563,74
1389,66
1404,67
1404,69
1640,78
1582,75
1511,71
1424,69
1659,79
1617,75
1452,68
1643,76
1486,70
1490,70
1579,74
1418,69
1613,76
1595,76
1474,69
1600,76
1464,70
1569,73
1449,69
1557,74
1437,66
1334,64
1629,77
1563,75
1550,69
1510,70
1433,68
1506,71
1475,71
1541,73
1553,73
1512,71
1493,74
1506,70
1433,70
1440,70
1528,71
1582,73
1406,68
1514,71
1470,70
1653,79
1463,69
1423,68
1444,68
1448,68
1513,72
1417,66
1491,71
1602,74
1628,77
1659,78
1554,71
1493,70
1433,67
1494,71
1614,70
1278,63
1461,71
1532,73
1378,65
1598,76
1578,75
1440,69
1468,72
1568,74
1570,72