1311,64
1461,66
1340,64
1365,63
1449,66
1353,63
1451,68
1471,67
1464,66
1383,65
1434,66
1490,68
1336,63
1454,66
1395,66
1412,67
1332,62
1532,69
1556,70
1479,67
1403,66
1350,64
1511,67
1273,60
1470,68
1547,69
1424,66
1322,62
1394,63
1512,68
1567,69
1556,70
1271,60
1408,64
1529,69
1503,67
1350,62
1369,64
1593,71
1439,65
1391,65
1595,72
1571,70
1512,69
1498,70
1626,72
1455,67
1529,70
1556,71
1380,66
1377,66
1536,68
1434,65
1572,70
1400,65
1435,64
1617,73
1481,70
1328,62
1308,62
1406,64
1609,74
1499,69
1560,70
1594,71
1432,65
1597,73
1530,71
1538,72
1578,72
1394,65
1601,72
1551,71
1552,71
1385,63
1498,69
1543,71
1506,69
1238,60
1539,69
1521,70
1569,71
1544,71
1510,69
1370,62
1486,67
1496,68
1431,67
1416,66
1546,72
1456,67
1612,73
1493,68
1401,67
1531,70
1535,70
1548,69
1491,71
1602,72
1484,70
1360,66
1524,69
1525,71
1354,64
1336,64
1592,71
1416,66
1378,65
1428,66
1405,66
1456,68
1401,66
1401,62
1545,69
1361,65
1534,68
1439,67
1632,74
1640,72
1434,67
1531,70
1531,70
1447,69
1560,70
1543,71
1417,66
1282,61
1549,69
1445,68
1639,72
1692,74
1562,72
1552,70
1541,70
1527,70
1476,68
1474,69
1382,67
1500,69
1478,67
1541,71
1549,71
1424,67
1453,66
1456,67
1398,65
1495,68
1511,69
1500,69
1539,67
1516,69
1439,68
1340,63
1448,67
1459,68
1502,69
1411,64
1547,70
1474,68
1367,62
1324,62
1496,69
1521,70
1324,62
1423,67
1607,72
1527,67
1434,67
1413,65
1543,71
1449,66
1540,71
1576,71
1445,68
1273,62
1578,70
1369,63
1482,67
1585,72
1525,71
1568,71
1380,63
1582,73
1502,68
1579,72
1584,71
1536,71
1520,69
1534,69
1308,63
1509,67
1569,68
1433,67
1431,67
1542,71
1429,65
1535,68
1521,69
1500,68
1552,71
1504,69
1446,67
1313,62
1611,74
1374,65
1609,74
1572,69
1472,68
1357,65
1598,69
1385,66
1477,66
1567,70
1581,72
1459,68
1612,73
1517,69
1384,65
1352,63
1442,70
1521,69
1532,69
1567,70
1467,69
1558,72
1492,69
1274,63
1478,69
1450,69
1533,71
1505,69
1423,66
1517,69
1520,68
1568,72
1516,69
1560,72
1540,71
1475,68
1440,68
1517,69
1456,65
1586,73
1401,66
1512,68
1419,65
1313,64
1429,67
1579,69
1498,68
1477,68
1526,71
1472,68
1582,71
1461,67
1488,68
1410,65
1456,68
1309,61
1590,70
1477,68
1542,71
1516,67
1544,72
1437,66
1619,70
1332,63
1464,67
1586,73
1445,68
1464,66
1437,66
1568,71
1507,70
1408,65
1382,62
1568,71
1569,71
1568,71
1445,66
1349,63
1625,70
1456,67
1472,66
1379,66
1418,66
1482,67
1350,62
1520,69
1609,74
1559,69
1594,73
1320,63
1493,68
1323,61
1477,66
1415,67
1416,67
1567,72
1605,71
1499,70
1583,71
1470,65
1464,68
1287,63
1521,65
1498,69
1549,71
1535,71
1574,72
1620,73
1332,64
1468,69
1515,70
1608,73
1516,68
1453,67
1495,69
1478,71
1467,69
1567,73
1315,63
1598,71
1605,73
1406,66
1461,68
1642,74
1496,68
1514,70
1548,70
1499,68
1574,71
1593,73
1554,71
1462,67
1419,66
1649,72
1374,65
1507,70
1521,70
1375,64
1388,64
1604,70
1312,62
1350,65
1448,69
1548,68
1520,70
1439,69
1507,69
1533,70
1458,68
1565,70
1447,68
1503,69
1630,73
1541,70
1556,70
1406,66
1567,72
1431,67
1509,68
1604,70
1556,72
1464,67
1438,68
1667,75
1470,68
1664,72
1569,71
1669,75
1649,73
1615,72
1652,74
1524,69
1470,67
1607,74
1577,71
1521,69
1553,71
1557,70
1683,73
1512,69
1647,72
1599,72
1512,70
1442,67
1683,74
1435,69
1655,74
1547,69
1603,72
1591,72
1543,71
1654,71
1707,75
1433,66
1599,72
1522,70
1630,72
1668,71
1482,68
1646,73
1620,72
1624,72
1490,67
1614,72
1678,74
1623,73
1511,69
1545,70
1370,66
1433,67
1546,68
1386,62
1503,66
1488,68
1528,69
1408,67
1377,62
1394,63
1663,74
1532,69
1301,62
1257,57
1465,68
1605,71
1519,68
1413,66
1506,66
1523,68
1669,75
1686,75
1617,74
1683,74
1545,68
1611,70
1611,72
1487,68
1622,71
1430,64
1663,73
1594,70
1618,72
1455,68
1544,69
1569,71
1599,71
1561,66
1555,71
1583,72
1508,69
1664,74
1669,72
1576,72
1442,66
1451,68
1668,73
1641,73
1584,72
1566,71
1524,69
1590,72
1525,70
1618,73
1454,66
1615,72
1563,69
1465,64
1476,67
1559,71
1649,73
1522,69
1543,70
1533,70
1555,69
1707,74
1374,66
1604,72
1647,73
1608,70
1623,74
1420,63
1569,69
1600,73
1373,65
1622,73
1411,67
1392,65
1652,72
1471,68
1727,77
1550,72
1529,69
1563,72
1617,73
1635,72
1632,73
1580,70
1589,72
1455,67
1460,70
1506,69
1672,73
1613,74
1600,73
1621,70
1723,77
1673,74
1690,75
1773,78
1632,72
1611,73
1561,71
1503,69
1706,76
1707,76
1636,73
1543,70
1512,69
1755,77
1496,69
1721,76
1784,77
1587,71
1512,69
1660,74
1730,74
1685,76
1435,67
1403,64
1786,77
1690,75
1417,66
1605,72
1713,75
1395,65
1790,76
1571,71
1736,77
1750,77
1565,70
1715,75
1516,69
1527,68
1473,68
1773,78
1768,77
1658,74
1599,73
1767,78
1703,77
1643,75
1679,75
1687,76
1562,71
1565,71
1718,77
1734,77
1519,67
1746,75
1469,70
1665,74
1741,77
1482,68
1733,75
1717,78
1552,69
1628,73
1551,69
1612,73
1396,65
1658,76
1600,73
1406,65
1408,67
1443,66
1375,65
1781,78
1576,72
1720,76
1474,70
1574,69
1595,72
1624,72
1694,75
1522,71
1507,70
1601,73
1411,67
1534,69
1546,69
1601,71
1552,71
1522,69
1534,70
1493,70
1725,76
1453,68
1458,68
1677,76
1465,70
1670,76
1469,68
1384,64
1672,75
1527,71
1504,70
1394,68
1535,71
1508,71
1642,72
1435,66
1343,65
1527,70
1762,77
1553,73
1501,68
1649,76
1809,76
1519,69
1732,78
1747,76
1508,70
1657,76
1735,78
1624,73
1703,77
1679,75
1495,68
1582,72
1572,71
1643,73
1609,71
1725,77
1577,73
1570,70
1746,78
1616,73
1717,77
1645,74
1625,74
1515,70
1732,78
1716,76
1547,71
1672,76
1680,75
1723,78
1475,70
1589,72
1655,71
1373,66
1576,71
1615,73
1436,66
1769,77
1737,77
1673,76
1708,77
1702,76
1666,74
1798,77
1514,72
1396,70
1701,76
1577,71
1702,75
1508,68
1510,69
1688,75
1718,74
1709,75
1664,75
1538,69
1782,80
1751,77
1586,73
1686,77
1647,74
1584,72
1679,76
1562,72
1620,75
1707,75
1517,70
1475,70
1744,77
1675,76
1738,75
1616,72
1702,76
1528,71
1690,75
1740,76
1562,73
1673,74
1481,69
1609,73
1711,76
1678,74
1679,77
1448,65
1565,71
1473,68
1627,75
1535,72
1510,71
1610,73
1574,71
1667,74
1702,75
1728,77
1713,78
1653,74
1732,78
1557,70
1637,73
1703,76
1607,73
1511,69
1511,72
1758,78
1636,74
1616,73
1514,69
1708,78
1726,77
1438,66
1820,81
1369,64
1608,72
1400,66
1419,67
1606,71
1590,73
1753,79
1760,77
1679,77
1403,65
1711,77
1665,74
1568,73
1481,68
1584,72
1695,77
1575,71
1530,71
1322,63
1642,75
1381,66
1635,71
1666,75
1666,76
1506,69
1740,78
1570,72
1695,76
1473,71
1771,78
1690,76
1684,76
1691,74
1700,73
1476,68
1779,80
1790,80
1426,68
1755,78
1518,69
1696,76
1724,76
1700,77
1543,70
1651,77
1523,70
1582,71
1630,74
1712,77
1695,76
1634,72
1659,74
1689,77
1594,73
1733,76
1587,72
1642,75
1498,69
1834,81
1736,76
1764,79
1438,68
1550,73
1568,71
1795,80
1558,71
1736,74
1702,76
1731,77
1639,73
1460,69
1573,71
1440,67
1564,73
1673,75
1628,72
1663,75
1504,69
1509,71
1533,72
1433,66
1638,72
1717,77
1488,70
1515,68
1696,76
1742,76
1441,69
1538,71
1389,67
1702,76
1731,76
1444,69
1541,68
1497,69
1624,72
1712,76
1426,65
1766,77
1696,77
1670,74
1633,73
1613,71
1472,67
1651,74
1660,74
1672,74
1516,71
1834,80
1649,73
1407,66
1824,81
1622,74
1464,66
1769,80
1564,71
1461,68
1451,68
1476,68
1530,70
1642,73
1505,70
1655,73
1597,73
1408,66
1504,68
1820,81
1397,64
1737,77
1692,76
1747,78
1714,75
1674,75
1704,76
1612,73
1571,70
1562,72
1539,72
1452,66
1649,73
1598,72
1729,78
1727,76
1724,77
1794,79
1740,78
1344,64
1453,66
1705,76
1424,69
1587,70
1630,75
1674,76
1493,68
1584,71
1672,75
1614,73
1545,71
1792,79
1614,72
1705,75
1749,78
1566,71
1520,73
1655,75
1523,70
1758,77
1430,68
1462,70
1790,79
1626,73
1715,74
1786,79
1623,72
1337,68
1492,69
1436,68
1535,70
1716,78
1637,74
1471,67
1670,74
1804,79
1734,74
1731,77
1797,77
1609,72
1523,69
1413,66
1462,68
1647,73
1481,66
1632,74
1614,73
1585,71
1548,69
1579,70
1560,70
1704,74
1436,67
1541,71
1641,73
1647,75
1354,64
1397,66
1650,75
1621,76
1702,76
1458,67
1598,72
1713,75
1386,68
1502,70
1660,74
1441,66
1709,74
1709,77
1610,72
1350,64
1582,71
1525,69
1559,73
1748,76
1523,70
1726,78
1605,73
1794,79
1261,62
1570,71
1449,66
1690,76
1558,72
1509,70
1741,79
1518,71
1590,72
1822,81
1832,80
1803,79
1651,74
1596,72
1604,72
1482,69
1655,75
1480,68
1649,75
1394,66
1358,64
1546,71
1643,75
1723,78
1481,69
1340,65
1551,72
1699,75
1595,74
1749,77
1558,72
1607,70
1455,68
1462,68
1687,77
1582,71
1599,71
1589,74
1656,74
1702,76
1383,65
1659,74
1661,72
1570,73
1650,74
1608,72
1739,78
1804,79
1728,77
1510,70
1658,73
1748,79
1605,72
1734,78
1700,73
1700,77
1622,73
1727,76
1522,72
1632,73
1686,76
1800,77
1504,68
1602,74
1634,75
1643,74
1641,75
1652,74
1587,73
1659,75
1823,80
1445,67
1565,73
1757,79
1710,75
1503,69
1666,76
1702,75
1375,63
1689,76
1680,74
1683,76
1422,68
1716,77
1464,69
1633,72
1762,78
1572,71
1791,80
1626,74
1567,72
1754,78
1614,71
1820,81
1567,71
1464,68
1749,74
1778,78
1681,75
1395,65
1685,75
1688,76
1476,71
1565,73
1684,77
1744,79
1414,66
1431,66
1659,74
1665,75
1486,69
1728,78
1683,76
1723,78
1662,74
1687,76
1493,70
1511,71
1568,72
1570,71
1523,71
1462,68
1753,79
1616,74
1778,77
1743,77
1501,70
1694,74
1656,73
1488,69
1482,67
1775,80
1588,70
1758,78
1614,72
1492,72
1537,70
1554,72
1506,69
1668,77
1644,75
1388,68
1695,76
1581,70
1839,79
1636,74
1687,75
1596,73
1690,74
1474,66
1519,71
1735,76
1763,79
1600,72
1486,68
1556,71
1746,78
1521,69
1380,68
1476,68
1495,70
1428,68
1688,72
1546,71
1820,81
1759,79
1490,71
1709,77
1650,74
1759,79
1725,77
1536,69
1631,73
1630,75
1566,71
1718,77
1764,76
1688,73
1524,70
1680,76
1587,69
1588,71
1463,67
1443,67
1699,74
1565,71
1561,71
1522,71
1665,75
1629,74
1740,75
1715,77
1498,68
1661,76
1522,69
1660,76
1685,76
1657,75
1352,64
1496,71
1709,77
1638,74
1670,75
1596,73
1732,77
1697,77
1713,77
1529,71
1528,70
1564,73
1567,71
1562,69
1682,75
1529,72
1712,74
1602,74
1698,76
1629,75
1484,69
1684,76
1740,78
1604,71
1509,68
1609,73
1692,73
1578,72
1666,74
1537,69
1695,77
1418,67
1681,74
1750,79
1511,70
1644,73
1546,71
1530,66
1627,75
1629,74
1772,79
1616,74
1528,68
1665,74
1856,81
1723,76
1498,70
1583,73
1477,66
1673,73
1854,81
1438,68
1734,77
1758,76
1643,74
1466,68
1652,75
1548,72
1403,66
1626,73
1619,72
1695,77
1661,74
1623,75
1712,76
1553,70
1789,80
1661,73
1589,73
1401,69
1515,68
1698,76
1347,66
1386,66
1602,72
1549,73
1689,75
1673,73
1686,75
1616,74
1515,70
1500,69
1820,79
1592,73
1636,74
1545,69
1684,77
1532,70
1791,77
1596,72
1653,74
1630,76
1675,74
1763,80
1392,64
1478,67
1583,73
1749,78
1554,70
1518,65
1625,73
1609,73
1427,68
1584,68
1349,65
1803,80
1784,79
1544,71
1761,79
1589,71
1700,77
1432,65
1574,72
1505,68
1538,71
1530,69
1418,68
1436,69
1704,77
1623,73
1719,76
1706,75
1695,74
1773,79
1529,68
1676,75
1424,68
1648,76
1735,77
1764,79
1757,76
1360,65
1468,70
1638,73
1561,72
1756,79
1400,68
1816,80
1454,68
1712,77
1791,79
1541,70
1515,69
1527,69
1533,72
1663,76
1628,74
1682,75
1569,72
1703,76
1820,81
1526,69
1487,68
1589,73
1604,72
1622,72
1630,73
1551,71
1660,77
1710,78
1701,77
1751,78
1598,74
1618,73
1645,74
1595,74
1388,65
1645,75
1756,78
1590,70
1381,65
1490,68
1754,78
1750,79
1431,67
1632,71
1324,64
1820,81
1573,73
1602,71
1741,76
1459,66
1409,65
1473,68
1706,76
1553,71
1695,76
1746,78
1822,81
1553,72
1496,69
1763,77
1647,74
1511,71
1642,75
1695,77
1690,75
1525,70
1559,70
1750,78
1754,79
1722,78
1647,76
1612,71
1542,70
1625,75
1636,74
1513,70
1605,74
1621,73
1495,69
1444,68
1638,74
1699,76
1660,75
1714,75
1615,75
1569,72
1475,67
1671,74
1810,80
1294,62
1707,78
1676,75
1445,68
1820,81
1483,70
1528,71
1667,73
1808,80
1312,64
1454,68
1660,76
1572,71
1708,75
1589,71
1537,71
1686,74
1565,71
1583,72
1584,71
1672,76
1843,81
1426,67
1723,76
1742,76
1556,70
1369,63
1539,70
1534,72
1700,77
1677,75
1482,71
1623,71
1357,65
1656,73
1444,66
1647,73
1687,76
1682,75
1795,79
1658,73
1672,74
1559,71
1587,71
1686,73
1805,79
1723,76
1467,68
1594,70
1362,66
1746,78
1847,80
1557,69
1721,77
1556,71
1546,70
1649,73
1716,78
1462,68
1696,76
1339,63
1673,74
1486,69
1690,76
1557,71
1685,77
1478,69
1743,77
1595,72
1623,75
1535,70
1611,70
1395,66
1710,78
1659,72
1741,78
1813,80
1769,80
1684,76
1431,65
1695,76
1703,77
1522,69
1766,78
1792,79
1374,66
1541,71
1425,66
1644,71
1374,65
1616,72
1586,73
1620,74
1582,73
1470,68
1417,63
1481,68
1642,74
1480,68
1587,74
1711,74
1726,76
1494,69
1550,72
1690,76
1414,69
1520,69
1515,70
1477,68
1533,69
1776,79
1659,73
1480,69
1731,77
1551,70
1797,80
1601,73
1662,74
1487,68
1587,72
1549,72
1655,72
1571,72
1668,75
1719,77
1703,76
1625,74
1524,70
1583,68
1792,78
1417,66
1715,78
1680,77
1611,75
1707,75
1602,73
1740,79
1711,77
1651,74
1770,79
1560,70
1683,75
1561,69
1510,69
1599,72
1644,73
1499,68
1773,80
1816,80
1701,77
1526,69
1848,80
1760,76
1583,74
1508,71
1375,66
1634,74
1598,74
1633,72
1417,66
1444,69
1734,78
1596,72
1610,74
1773,79
1529,70
1635,74
1557,70
1511,69
1709,78
1645,74
1706,77
1702,75
1489,69
1717,77
1531,73
1656,75
1791,79
1479,67
1510,71
1340,65
1488,67
1379,64
1721,77
1785,80
1759,79
1668,76
1542,71
1571,72
1524,68
1483,68
1690,75
1742,75
1453,68
1722,78
1477,67
1613,72
1431,66
1661,73
1419,66
1617,73
1485,66
1628,74
1491,71
1559,72
1580,71
1493,70
1734,77
1586,73
1600,72
1685,75
1755,78
1603,74
1777,78
1514,71
1512,71
1437,68
1652,75
1594,73
1523,71
1631,74
1450,68
1818,78
1708,77
1643,73
1478,69
1673,75
1689,77
1569,69
1827,80
1703,74
1644,75
1665,73
1553,71
1751,77
1535,70
1302,62
1692,74
1528,69
1471,69
1520,69
1721,76
1493,69
1693,76
1664,73
1711,75
1652,74
1396,66
1822,81
1372,63
1717,76
1479,70
1421,66
1596,74
1719,77
1467,68
1450,65
1699,75
1623,74
1369,64
1444,68
1454,67
1749,77
1797,79
1642,74
1587,73
1516,70
1609,72
1459,68
1761,78
1526,70
1353,63
1698,77
1585,71
1763,77
1628,74
1421,67
1487,68
1602,71
1757,79
1428,69
1579,71
1471,69
1720,77
1658,74
1716,75
1644,74
1432,65
1602,73
1518,71
1610,72
1474,70
1610,71
1598,74
1640,75
1500,69
1554,71
1466,67
1573,72
1777,79
1694,75
1747,77
1599,71
1519,69
1611,73
1452,67
1717,77
1617,70
1620,74
1664,74
1485,69
1298,64
1452,68
1820,81
1701,76
1502,69
1682,74
1467,69
1594,74
1638,73
1754,77
1574,72
1390,66
1719,75
1445,66
1489,68
1786,80
1733,77
1469,70
1509,71
1794,80
1347,65
1698,76
1724,75
1501,69
1696,73
1592,71
1731,79
1484,68
1736,78
1616,74
1739,78
1761,77
1794,80
1690,76
1627,71
1689,75
1451,69
1744,78
1545,71
1813,80
1576,72
1696,72
1664,75
1753,79
1455,68
1787,80
1649,74
1745,75
1692,76
1752,77
1661,74
1731,77
1692,74
1709,74
1746,78
1554,70
1583,73
1807,80
1684,75
1618,74
1525,71
1429,68
1389,63
1508,69
1552,70
1656,74
1442,70
1600,74
1572,71
1541,70
1732,79
1734,79
1599,73
1460,69
1458,68
1636,75
1495,69
1247,62
1507,68
1614,73
1436,69
1697,77
1584,72
1486,69
1641,75
1509,69
1471,70
1588,73
1449,67
1508,70
1670,75
1713,77
1694,76
1763,78
1634,72
1649,75
1489,69
1503,69
1672,78
1749,79
1530,72
1440,67
1395,63
1423,68
1477,67
1514,68
1607,74
1581,69
1616,75
1657,74
1580,73
1396,67
1696,76
1500,67
1465,70
1416,65
1728,78
1372,67
1652,75
1755,77
1485,69
1334,63
1657,76
1504,67
1451,68
1440,69
1503,70
1514,67
1381,65
1349,64
1662,74
1762,76
1790,79
1542,71
1462,69
1491,70
1649,74
1491,68
1755,78
1615,72
1467,69
1620,73
1444,67
1725,77
1488,70
1635,74
1443,68
1696,74
1722,77
1621,71
1680,76
1652,74
1790,80
1495,69
1469,68
1713,76
1696,76
1324,63
1692,75
1511,70
1457,68
1590,73
1544,71
1646,72
1543,72
1708,74
1715,76
1631,76
1304,62
1588,72
1684,76
1647,75
1593,71
1628,74
1717,76
1518,71
1677,75
1620,74
1765,80
1667,74
1410,65
1471,67
1527,69
1620,73
1355,64
1471,68
1659,72
1843,80
1547,71
1580,69
1488,67
1598,72
1637,73
1675,75
1723,77
1545,70
1400,66
1771,76
1440,70
1529,68
1524,69
1829,80
1503,69
1632,72
1716,77
1761,78
1521,68
1690,76
1652,74
1556,69
1714,76
1628,72
1760,79
1559,71
1733,77
1590,72
1640,72
1699,78
1685,74
1743,78
1806,79
1668,74
1593,70
1462,68
1509,68
1685,72
1514,70
1623,74
1530,70
1496,70
1659,74
1676,74
1528,68
1562,72
1723,78
1756,77
1497,66
1670,76
1546,70
1542,69
1490,66
1670,74
1517,71
1545,70
1555,67
1573,74
1549,69
1470,67
1748,78
1522,71
1535,72
1790,77
1548,72
1686,75
1341,63
1690,77
1494,68
1487,70
1791,79
1648,73
1408,67
1770,78
1528,71
1706,77
1441,68
1667,75
1673,75
1525,69
1694,76
1493,71
1761,77
1512,71
1714,76
1729,76
1461,66
1530,69
1764,78
1436,67
1622,72
1619,73
1639,74
1535,71
1553,71
1748,78
1350,63
1628,71
1488,69
1387,64
1591,72
1537,71
1759,79
1654,76
1753,79
1759,79
1615,74
1580,72
1659,74
1725,76
1634,73
1464,65
1518,71
1738,79
1489,67
1602,70
1791,79
1634,75
1556,70
1443,68
1647,74
1762,78
1560,71
1730,76
1536,71
1624,75
1671,76
1755,75
1630,73
1533,69
1390,65
1779,79
1609,72
1799,79
1634,73
1589,71
1764,78
1686,75
1593,72
1816,81
1746,79
1435,67
1605,74
1714,75
1726,77
1456,67
1687,76
1674,75
1439,65
1587,70
1496,69
1461,67
1668,74
1777,78
1558,71
1549,71
1711,78
1521,66
1538,69
1815,80
1771,80
1689,75
1687,75
1708,76
1645,73
1810,81
1733,77
1649,72
1586,72
1697,76
1810,81
1784,80
1827,79
1685,77
1522,70
1608,71
1461,67
1447,67
1850,80
1491,70
1621,73
1364,64
1703,75
1700,78
1795,77
1464,69
1449,67
1584,74
1776,79
1705,78
1736,77
1436,65
1716,77
1786,80
1732,77
1583,71
1616,73
1613,73
1733,79
1667,74
1444,66
1466,70
1516,71
1375,64
1712,77
1647,73
1377,63
1778,80
1667,75
1555,74
1762,79
1480,70
1518,69
1308,61
1655,75
1603,72
1466,68
1675,75
1459,68
1517,69
1420,68
1699,72
1592,72
1499,69
1653,75
1596,72
1661,75
1462,66
1313,66
1690,75
1499,70
1698,77
1700,77
1684,77
1715,77
1599,71
1793,79
1787,79
1646,73
1595,71
1437,67
1569,72
1707,77
1483,69
1728,77
1655,73
1699,77
1675,76
1467,68
1587,71
1810,81
1505,68
1588,69
1460,69
1680,75
1400,67
1646,74
1593,74
1749,77
1596,72
1515,70
1699,76
1746,79
1475,70
1653,76
1784,80
1678,74
1770,79
1801,80
1712,76
1362,62
1616,73
1600,74
1541,70
1729,76
1581,71
1770,78
1635,72
1708,76
1842,81
1472,66
1535,67
1718,76
1493,69
1509,68
1419,67
1722,77
1707,77
1495,68
1614,72
1693,76
1571,72
1528,68
1404,68
1620,73
1780,79
1454,65
1602,73
1484,68
1392,66
1511,69
1562,72
1722,77
1705,77
1739,75
1492,70
1424,64
1450,66
1613,73
1859,82
1667,74
1530,72
1650,74
1457,69
1594,75
1498,70
1719,78
1386,64
1813,80
1353,64
1662,77
1683,77
1633,75
1522,70
1805,79
1630,73
1483,70
1674,73
1569,71
1494,70
1865,82
1685,74
1591,74
1725,77
1614,73
1807,78
1658,75
1345,65
1530,68
1804,79
1585,75
1711,75
1689,74
1614,70
1677,73
1866,82
1761,78
1608,71
1528,68
1759,77
1770,79
1756,79
1799,76
1679,74
1684,75
1721,78
1760,78
1646,73
1799,79
1314,65
1729,76
1457,66
1422,65
1589,71
1592,73
1520,70
1779,79
1689,76
1476,71
1737,77
1689,75
1485,68
1771,79
1602,71
1867,82
1685,74
1515,72
1492,70
1600,71
1815,79
1528,70
1545,68
1670,74
1722,76
1656,77
1538,68
1599,72
1382,64
1724,79
1475,70
1775,79
1651,73
1692,77
1508,66
1755,77
1656,73
1640,76
1735,78
1594,71
1441,63
1785,79
1734,72
1733,78
1376,66
1429,68
1763,78
1365,66
1808,80
1559,71
1415,65
1497,67
1527,69
1642,74
1696,75
1744,77
1671,76
1622,72
1634,73
1712,78
1642,74
1797,79
1567,71
1533,70
1702,74
1814,79
1620,73
1729,76
1607,72
1680,75
1707,76
1731,76
1354,63
1450,66
1584,70
1630,73
1727,78
1887,81
1366,65
1763,78
1540,71
1657,75
1494,71
1902,83
1609,73
1651,76
1496,67
1487,70
1734,79
1675,77
1717,78
1766,79
1552,71
1865,81
1506,67
1668,75
1679,75
1509,71
1654,75
1385,65
1442,68
1617,73
1634,73
1580,74
1521,69
1491,69
1482,71
1780,80
1611,72
1367,66
1415,66
1493,68
1752,76
1670,73
1431,68
1621,74
1535,70
1643,73
1640,76
1714,76
1531,72
1599,73
1690,75
1563,69
1664,75
1577,72
1742,78
1625,72
1574,72
1705,73
1560,72
1651,73
1857,82
1835,80
1229,63
1537,70
1587,72
1710,73
1675,75
1642,75
1854,82
1745,78
1775,80
1540,71
1553,71
1443,64
1822,81
1577,72
1732,76
1839,79
1696,74
1797,80
1873,82
1648,71
1693,75
1722,77
1811,79
1462,69
1612,73
1428,68
1502,69
1460,69
1533,70
1431,67
1619,73
1777,79
1616,71
1562,71
1689,77
1628,72
1671,75
1615,73
1722,77
1503,69
1771,77
1629,73
1670,77
1753,78
1900,83
1483,69
1798,81
1605,73
1734,78
1772,79
1651,75
1629,73
1609,72
1769,79
1570,72
1658,76
1701,76
1607,73
1668,76
1746,79
1681,73
1773,78
1706,74
1670,75
1604,72
1746,78
1684,76
1770,78
1628,74
1597,72
1551,71
1779,80
1694,77
1641,73
1493,67
1720,76
1795,81
1638,76
1587,74
1697,76
1478,68
1613,73
1736,78
1643,74
1625,75
1536,70
1784,79
1621,73
1830,81
1526,69
1383,64
1449,69
1400,69
1795,80
1619,75
1451,65
1644,75
1767,78
1537,72
1757,77
1789,80
1714,76
1686,77
1717,76
1474,68
1777,78
1591,70
1761,78
1463,67
1597,75
1594,73
1854,81
1379,65
1764,80
1870,81
1719,78
1667,74
1736,78
1598,74
1677,76
1499,72
1772,79
1496,71
1675,77
1774,78
1857,81
1524,71
1667,75
1566,71
1518,67
1742,79
1577,70
1705,77
1368,65
1656,76
1621,71
1660,74
1387,67
1452,67
1652,76
1398,70
1523,71
1464,70
1618,75
1798,79
1706,76
1749,79
1578,74
1618,73
1750,78
1326,65
1852,81
1614,70
1423,68
1634,73
1600,73
1556,70
1515,69
1652,73
1734,77
1655,72
1488,68
1663,72
1594,74
1668,75
1585,70
1594,72
1668,75
1464,67
1536,70
1270,63
1720,78
1588,72
1479,71
1422,69
1451,68
1586,73
1588,73
1386,68
1689,76
1608,71
1805,81
1616,72
1747,75
1694,77
1527,71
1676,77
1736,77
1513,69
1799,79
1606,73
1556,71
1740,78
1729,77
1873,82
1605,74
1664,77
1532,71
1625,75
1411,67
1711,74
1734,76
1832,80
1565,72
1633,73
1814,81
1884,82
1550,70
1835,81
1583,75
1722,78
1613,73
1813,80
1467,66
1415,68
1467,67
1691,75
1310,66
1629,74
1669,73
1524,68
1681,77
1715,77
1849,82
1493,70
1832,81
1830,81
1617,75
1461,70
1418,67
1532,70
1750,77
1410,66
1779,79
1547,71
1581,75
1851,81
1778,78
1651,74
1677,75
1522,69
1421,67
1651,70
1587,72
1522,69
1608,74
1862,82
1693,74
1596,73
1862,82
1558,70
1538,68
1649,72
1824,81
1372,63
1493,67
1763,78
1670,73
1721,77
1521,69
1569,73
1724,78
1708,77
1570,72
1798,78
1823,80
1698,76
1547,69
1498,72
1379,67
1779,79
1577,72
1546,72
1701,78
1541,69
1642,73
1670,75
1593,71
1482,70
1493,68
1707,77
1910,83
1526,72
1826,81
1684,78
1641,74
1641,74
1534,70
1198,59
1892,83
1631,74
1758,77
1760,78
1757,76
1747,78
1723,79
1742,79
1814,81
1397,66
1648,75
1668,73
1711,74
1810,81
1700,76
1676,76
1738,77
1892,83
1493,67
1665,76
1652,75
1628,75
1591,70
1777,80
1562,72
1892,83
1810,80
1594,71
1768,80
1663,75
1862,82
1510,67
1744,78
1798,79
1426,64
1723,78
1835,80
1641,75
1673,76
1780,78
1651,75
1444,68
1554,71
1573,72
1644,74
1810,79
1819,81
1510,68
1677,74
1585,74
1667,74
1614,69
1584,73
1615,74
1522,70
1450,71
1624,73
1684,77
1721,76
1773,79
1653,74
1548,72
1719,75
1735,77
1644,75
1635,76
1420,64
1541,72
1794,79
1691,76
1796,78
1651,71
1779,80
1621,74
1811,80
1644,73
1708,76
1756,80
1874,82
1550,71
1559,72
1690,76
1773,78
1429,65
1556,70
1569,70
1651,74
1863,82
1778,79
1509,68
1588,72
1650,74
1702,73
1430,68
1338,63
1685,77
1853,81
1445,68
1613,69
1570,72
1725,77
1688,73
1494,70
1354,66
1680,75
1683,76
1659,75
1758,80
1738,77
1539,72
1448,66
1657,74
1846,81
1576,70
1653,75
1802,80
1715,77
1489,68
1433,67
1717,75
1457,69
1772,80
1538,69
1417,65
1842,82
1683,73
1726,77
1700,76
1633,73
1427,67
1569,70
1713,78
1647,72
1892,83
1634,73
1503,68
1622,72
1785,80
1722,78
1651,75
1681,75
1413,67
1819,81
1646,74
1536,70
1540,71
1588,71
1774,79
1689,73
1608,74
1708,75
1594,74
1605,71
1774,79
1444,68
1761,76
1620,75
1317,64
1628,74
1822,80
1659,75
1898,83
1437,68
1595,72
1637,72
1608,69
1597,72
1367,68
1655,75
1673,75
1546,71
1417,67
1505,69
1597,74
1730,76
1719,76
1671,74
1587,72
1599,72
1669,74
1732,78
1633,75
1772,78
1357,64
1516,70
1766,78
1743,77
1624,72
1686,75
1796,80
1726,76
1448,66
1483,68
1886,83
1835,80
1443,68
1655,74
1684,75
1778,79
1695,75
1805,79
1830,79
1454,67
1416,67
1884,83
1648,75
1546,70
1552,69
1740,77
1573,72
1556,71
1509,72
1485,68
1709,76
1639,73
1664,78
1803,81
1518,69
1800,79
1755,79
1508,68
1379,67
1652,75
1719,78
1822,80
1751,77
1821,80
1596,70
1591,73
1524,70
1488,71
1566,73
1778,77
1707,77
1709,76
1500,68
1703,75
1541,69
1482,67
1825,81
1541,72
1796,78
1460,67
1671,75
1769,76
1637,71
1756,79
1746,77
1476,66
1554,69
1568,70
1692,77
1622,74
1737,79
1643,74
1739,78
1457,68
1656,74
1570,73
1710,75
1652,75
1354,66
1487,68
1643,76
1484,70
1385,65
1565,73
1578,73
1620,74
1705,76
1536,69
1707,77
1657,72
1430,68
1527,70
1536,69
1786,80
1630,75
1533,72
1489,68
1545,71
1843,81
1686,77
1710,75
1640,72
1760,79
1757,79
1548,71
1598,71
1441,68
1627,74
1374,65
1578,74
1379,65
1585,72
1594,73
1637,75
1612,73
1548,72
1644,76
1694,76
1604,71
1271,61
1778,79
1507,72
1604,74
1425,69
1659,73
1685,76
1470,68
1733,77
1528,69
1537,69
1623,75
1666,76
1720,78
1674,75
1525,69
1887,82
1670,74
1685,75
1703,77
1431,70
1599,70
1729,77
1741,78
1716,78
1569,71
1587,72
1307,62
1363,62
1632,74
1749,79
1670,76
1487,68
1583,70
1805,80
1662,72
1452,68
1467,66
1695,75
1654,73
1806,80
1829,80
1723,77
1450,69
1481,69
1486,67
1427,65
1531,69
1455,70
1718,78
1688,75
1845,81
1445,67
1721,77
1519,70
1500,72
1627,75
1636,74
1618,73
1759,78
1579,71
1596,74
1474,70
1751,77
1739,77
1477,68
1486,68
1697,76
1635,73
1481,69
1618,73
1686,75
1652,73
1759,80
1471,66
1506,71
1406,65
1700,76
1697,76
1723,77
1531,72
1610,74
1568,68
1709,77
1654,76
1810,76
1502,72
1664,74
1646,75
1795,78
1633,74
1710,78
1417,68
1764,79
1503,68
1348,65
1467,70
1598,74
1605,74
1583,73
1496,71
1619,74
1564,72
1735,77
1290,60
1799,80
1819,80
1817,80
1502,73
1637,74
1824,80
1736,77
1648,76
1723,75
1489,66
1488,68
1461,68
1732,74
1600,75
1556,70
1551,73
1662,73
1695,75
1545,71
1563,72
1519,70
1599,74
1614,73
1573,74
1670,73
1533,73
1483,69
1638,73
1870,82
1518,72
1592,72
1616,73
1721,76
1633,75
1781,79
1617,72
1698,76
1572,73
1517,70
1460,70
1869,82
1653,74
1450,69
1492,69
1623,71
1690,76
1546,71
1576,73
1596,74
1894,83
1645,75
1722,77
1776,79
1689,74
1406,65
1624,73
1780,79
1488,69
1263,61
1633,72
1477,70
1604,72
1737,75
1824,81
1567,69
1717,78
1687,75
1519,72
1633,76
1559,73
1642,75
1503,73
1615,72
1644,73
1494,70
1473,70
1601,73
1752,78
1685,74
1666,73
1410,66
1864,82
1714,76
1707,76
1662,74
1745,77
1576,71
1602,72
1668,74
1663,76
1562,70
1542,70
1791,77
1733,79
1621,73
1692,74
1438,66
1385,66
1636,73
1497,71
1475,69
1737,76
1886,83
1651,75
1800,78
1699,75
1558,74
1884,83
1434,67
1553,69
1641,73
1643,75
1489,70
1757,76
1540,70
1626,74
1610,73
1332,66
1657,75
1663,74
1632,73
1647,75
1543,70
1681,75
1737,77
1577,71
1701,75
1472,70
1627,74
1850,80
1566,71
1503,70
1550,70
1667,74
1663,73
1702,75
1657,74
1573,71
1604,72
1634,73
1476,68
1450,69
1701,76
1633,74
1756,78
1771,77
1807,78
1424,67
1522,68
1764,79
1628,73
1677,77
1432,65
1736,77
1756,78
1476,67
1660,74
1420,67
1842,81
1765,79
1843,82
1367,64
1633,75
1886,83
1663,73
1750,77
1481,69
1581,72
1522,72
1488,70
1741,78
1662,75
1452,69
1494,68
1756,78
1520,69
1780,80
1574,72
1753,77
1594,72
1491,69
1605,71
1733,77
1456,69
1639,73
1638,73
1811,81
1845,82
1267,61
1794,79
1476,69
1539,71
1565,73
1627,72
1810,77
1657,77
1614,74
1799,80
1400,67
1520,68
1599,73
1702,76
1442,68
1888,82
1518,70
1668,73
1561,72
1603,69
1792,80
1611,75
1454,69
1415,66
1726,76
1606,71
1814,81
1566,70
1588,75
1690,75
1700,76
1645,76
1570,72
1635,73
1408,65
1589,73
1364,68
1732,77
1721,75
1534,72
1701,74
1486,65
1510,68
1760,78
1363,65
1667,74
1661,74
1558,68
1653,74
1511,71
1495,69
1773,75
1731,77
1659,73
1552,70
1552,73
1585,73
1536,72
1541,71
1740,76
1588,73
1446,68
1616,71
1338,64
1553,72
1775,77
1601,73
1555,72
1546,72
1548,69
1627,72
1715,77
1714,75
1637,73
1558,74
1526,71
1701,74
1629,72
1491,69
1819,79
1471,68
1650,73
1674,77
1427,68
1755,77
1787,80
1541,72
1414,63
1654,76
1683,76
1501,69
1472,69
1617,70
1530,69
1390,66
1641,75
1656,73
1566,74
1752,80
1780,79
1709,76
1660,75
1837,80
1752,78
1392,66
1662,76
1860,82
1856,81
1748,77
1484,71
1467,68
1372,65
1585,73
1561,73
1660,76
1591,73
1454,68
1605,74
1773,80
1768,79
1685,74
1695,76
1731,78
1529,72
1281,61
1591,72
1630,71
1658,75
1752,78
1609,74
1749,78
1676,73
1765,79
1786,80
1590,72
1651,74
1681,75
1554,72
1663,75
1397,66
1643,75
1781,79
1351,66
1887,82
1670,76
1761,78
1426,68
1685,77
1756,80
1649,72
1352,68
1459,68
1676,75
1637,73
1482,70
1485,70
1522,71
1764,79
1576,70
1716,79
1712,77
1362,67
1574,69
1516,69
1835,80
1676,76
1886,81
1674,74
1714,76
1669,73
1508,69
1739,77
1800,81
1698,76
1714,79
1450,69
1692,78
1745,79
1732,79
1556,70
1459,70
1651,73
1747,78
1860,82
1538,70
1585,71
1628,72
1553,72
1481,70
1753,79
1530,71
1388,66
1496,69
1552,70
1440,68
1481,69
1495,69
1703,78
1520,72
1492,71
1453,67
1571,74
1534,71
1398,62
1738,76
1474,69
1772,79
1643,72
1551,71
1580,73
1853,82
1517,69
1593,73
1535,73
1614,73
1438,68
1591,73
1649,74
1643,73
1791,80
1720,77
1555,72
1776,79
1666,75
1571,70
1809,81
1833,79
1569,71
1517,72
1718,77
1495,69
1604,73
1620,73
1525,70
1746,77
1519,72
1662,74
1551,70
1646,73
1431,68
1664,74
1488,69
1703,76
1556,72
1640,74
1470,68
1796,80
1489,69
1611,74
1711,73
1595,71
1802,80
1621,71
1618,72
1331,65
1514,72
1512,70
1436,65
1778,78
1798,81
1709,77
1727,77
1804,79
1492,70
1563,72
1599,73
1734,78
1792,78
1561,72
1605,73
1297,63
1602,72
1800,80
1545,72
1843,82
1838,81
1481,69
1555,72
1402,66
1687,76
1558,71
1543,72
1588,72
1516,67
1666,75
1776,77
1625,73
1676,77
1886,83
1804,77
1753,77
1599,74
1678,76
1555,73
1643,74
1352,64
1503,70
1693,74
1703,77
1599,74
1334,66
1542,69
1713,77
1736,76
1543,71
1800,80
1373,66
1364,65
1825,79
1798,79
1866,81
1587,75
1724,77
1667,75
1662,72
1763,77
1665,76
1503,72
1476,71
1612,75
1580,70
1825,81
1817,80
1371,67
1743,79
1386,66
1372,63
1415,68
1442,69
1748,78
1884,83
1558,74
1742,77
1520,69
1845,82
1579,71
1844,82
1509,68
1696,75
1661,72
1346,64
1594,75
1698,76
1561,70
1421,64
1699,75
1760,78
1586,71
1699,77
1793,80
1906,83
1533,70
1807,80
1858,81
1651,73
1665,77
1561,73
1855,82
1687,75
1710,74
1581,73
1884,83
1787,78
1635,74
1494,71
1681,76
1583,74
1757,76
1715,78
1598,71
1772,79
1698,78
1634,74
1533,72
1695,76
1627,73
1888,82
1639,75
1592,74
1602,75
1616,74
1581,73
1729,79
1562,71
1401,65
1425,68
1786,80
1675,78
1739,77
1467,68
1577,74
1392,63
1587,72
1782,78
1733,78
1483,70
1695,75
1656,75
1483,69
1396,63
1492,70
1647,75
1729,76
1649,75
1663,76
1742,77
1761,79
1586,72
1456,70
1542,71
1554,73
1521,71
1656,75
1482,70
1500,71
1625,76
1456,68
1744,76
1789,81
1601,71
1399,67
1656,74
1465,67
1825,79
1563,71
1669,72
1495,69
1611,73
1759,79
1707,78
1689,77
1908,82
1642,74
1538,72
1783,79
1728,76
1567,72
1880,83
1429,68
1655,75
1877,82
1580,71
1574,70
1827,81
1558,69
1497,71
1674,76
1545,69
1493,70
1597,71
1506,71
1483,69
1598,76
1476,70
1523,70
1822,79
1807,80
1441,67
1543,71
1625,75
1590,75
1392,68
1540,73
1612,73
1666,77
1807,81
1749,77
1770,79
1792,79
1847,82
1477,69
1440,68
1689,77
1543,71
1778,80
1646,76
1653,76
1766,78
1708,75
1534,70
1726,78
1817,80
1448,70
1427,67
1620,74
1761,76
1569,72
1752,79
1556,72
1508,70
1678,75
1447,70
1592,71
1524,71
1387,65
1510,70
1604,73
1672,75
1677,75
1605,73
1805,80
1825,81
1733,75
1316,66
1720,78
1759,78
1514,68
1786,79
1728,75
1757,79
1405,66
1748,79
1645,74
1740,78
1720,77
1867,79
1634,74
1576,74
1660,76
1636,74
1694,75
1669,76
1483,68
1688,77
1670,73
1589,72
1729,77
1429,68
1888,83
1453,70
1682,75
1571,72
1776,80
1532,72
1575,73
1897,82
1553,72
1403,64
1625,74
1524,70
1415,67
1715,75
1656,74
1509,69
1530,70
1579,72
1668,73
1643,76
1900,83
1629,72
1732,75
1517,71
1568,70
1468,68
1519,72
1371,65
1606,74
1537,69
1488,67
1490,71
1465,70
1788,80
1745,77
1612,76
1849,82
1715,78
1663,74
1761,80
1761,78
1522,71
1589,74
1550,69
1667,76
1605,74
1811,80
1684,75
1819,80
1877,82
1780,80
1509,70
1771,80
1558,71
1731,78
1569,72
1679,76
1564,73
1307,62
1472,71
1704,76
1473,69
1702,77
1577,69
1574,72
1604,73
1729,77
1386,66
1466,70
1511,70
1655,73
1448,70
1646,72
1589,71
1675,76
1698,76
1524,72
1666,75
1617,73
1626,74
1664,74
1313,62
1665,75
1540,73
1673,76
1485,70
1574,72
1859,82
1423,68
1660,74
1714,76
1481,70
1701,76
1403,69
1794,78
1627,75
1771,77
1551,71
1588,74
1589,73
1518,71
1839,81
1851,81
1697,77
1685,77
1595,75
1706,77
1716,75
1540,71
1640,70
1564,72
1585,71
1634,70
1742,79
1453,68
1477,70
1524,70
1833,81
1689,77
1647,76
1507,69
1583,74
1701,78
1713,76
1717,78
1843,82
1845,82
1621,74
1628,75
1643,75
1601,74
1712,75
1684,76
1531,71
1643,75
1482,70
1625,69
1525,71
1675,76
1771,78
1562,72
1830,82
1851,82
1391,66
1560,71
1811,78
1481,68
1799,80
1393,67
1805,80
1588,72
1496,70
1727,79
1736,78
1484,70
1809,81
1319,61
1639,72
1683,77
1579,73
1567,70
1762,79
1653,75
1633,74
1868,82
1514,71
1629,74
1773,79
1523,70
1713,78
1800,79
1617,72
1506,71
1855,81
1814,81
1504,70
1552,70
1593,71
1402,67
1566,74
1697,75
1572,71
1384,67
1666,74
1557,73
1763,78
1714,76
1665,74
1794,80
1596,73
1284,61
1427,66
1567,71
1811,81
1750,76
1676,76
1598,73
1632,75
1561,72
1466,69
1608,72
1619,72
1884,83
1774,79
1598,73
1538,70
1575,73
1462,70
1728,76
1707,78
1541,70
1673,76
1565,72
1387,70
1683,76
1576,75
1714,76
1487,69
1560,69
1813,79
1643,74
1880,83
1803,81
1699,78
1664,74
1578,69
1441,65
1561,74
1661,74
1415,66
1501,69
1645,73
1727,77
1644,75
1711,76
1693,76
1878,83
1625,73
1435,68
1372,66
1531,71
1427,69
1502,69
1465,68
1719,78
1563,72
1564,72
1753,79
1774,80
1394,65
1499,71
1804,80
1654,76
1672,76
1545,73
1741,79
1780,79
1485,70
1573,72
1678,76
1697,75
1580,71
1620,74
1437,68
1567,72
1676,77
1387,68
1642,76
1510,71
1708,77
1645,75
1550,69
1723,78
1573,73
1762,77
1389,67
1763,78
1430,64
1692,75
1745,78
1856,82
1807,80
1388,65
1774,78
1678,77
1624,74
1798,79
1456,68
1887,82
1299,64
1594,73
1603,74
1613,73
1703,77
1806,80
1706,76
1550,71
1567,72
1571,71
1625,73
1619,70
1535,73
1470,70
1499,69
1610,73
1775,78
1796,80
1630,74
1759,80
1804,81
1665,73
1663,76
1607,74
1779,79
1583,72
1577,71
1518,69
1614,73
1440,70
1658,76
1721,78
1478,68
1550,73
1719,78
1739,79
1851,82
1500,68
1686,76
1647,75
1705,78
1491,71
1886,83
1665,75
1838,82
1456,68
1512,72
1608,73
1868,81
1726,77
1638,75
1689,77
1749,76
1637,75
1757,79
1837,82
1539,72
1771,79
1583,71
1622,74
1878,83
1762,79
1614,76
1482,70
1541,71
1348,64
1533,68
1383,65
1558,73
1352,63
1658,74
1489,69
1736,78
1661,75
1729,77
1717,76
1522,70
1481,68
1483,67
1502,69
1624,73
1613,75
1578,74
1753,78
1680,77
1593,71
1798,79
1639,74
1522,70
1446,68
1579,71
1532,70
1886,83
1801,79
1765,78
1544,72
1482,68
1546,71
1751,77
1637,76
1530,70
1586,74
1477,70
1632,73
1629,74
1320,67
1685,78
1594,73
1646,73
1427,71
1409,66
1657,76
1851,81
1658,74
1558,72
1508,72
1738,78
1820,81
1843,82
1536,70
1538,70
1680,76
1790,78
1448,68
1759,75
1449,69
1534,70
1663,75
1697,78
1485,69
1782,79
1421,68
1475,69
1461,68
1767,77
1717,75
1815,81
1878,83
1575,73
1625,77
1479,69
1568,71
1650,74
1625,73
1705,76
1590,72
1476,71
1507,71
1584,72
1592,72
1681,74
1700,76
1567,73
1653,76
1465,70
1726,77
1656,77
1744,78
1629,75
1613,73
1511,69
1779,79
1834,81
1349,66
1624,76
1775,80
1591,74
1414,68
1498,69
1488,70
1569,73
1576,72
1831,82
1394,66
1698,76
1691,76
1729,78
1776,80
1614,74
1607,70
1831,81
1542,70
1572,74
1660,75
1583,73
1455,71
1692,76
1793,79
1538,71
1596,74
1517,70
1830,82
1500,70
1815,80
1878,83
1576,71
1461,69
1566,73
1643,74
1571,73
1519,71
1478,72
1447,67
1546,73
1817,80
1472,70
1717,75
1769,79
1589,72
1593,75
1538,70
1690,75
1596,75
1794,78
1390,66
1523,72
1546,71
1799,80
1670,76
1567,69
1839,79
1700,75
1609,75
1509,70
1450,68
1395,65
1728,76
1400,66
1560,72
1458,67
1746,79
1624,74
1481,69
1428,67
1790,80
1759,78
1502,70
1539,71
1586,74
1843,82
1743,77
1746,79
1460,68
1621,75
1634,75
1568,71
1844,81
1780,77
1797,78
1526,70
1664,75
1532,70
1624,73
1533,69
1559,71
1457,69
1707,74
1748,79
1631,74
1501,72
1676,77
1468,70
1749,78
1726,77
1551,72
1770,78
1633,74
1449,65
1807,79
1402,67
1363,66
1728,77
1571,69
1718,78
1801,80
1768,80
1793,81
1626,72
1433,69
1444,69
1856,82
1513,70
1487,71
1610,73
1668,74
1335,63
1882,82
1474,69
1664,76
1724,77
1647,76
1258,65
1707,78
1680,75
1651,75
1678,77
1574,73
1456,69
1623,74
1704,77
1645,75
1580,73
1469,69
1347,68
1869,82
1416,68
1603,73
1644,76
1590,72
1647,77
1415,69
1481,71
1595,72
1855,82
1502,72
1359,64
1564,70
1622,73
1617,73
1423,65
1825,80
1420,67
1704,77
1550,73
1577,73
1828,81
1557,73
1799,80
1454,70
1854,82
1606,71
1371,66
1584,75
1678,74
1702,76
1522,72
1458,66
1758,79
1526,72
1825,81
1406,68
1663,75
1631,74
1861,82
1478,71
1660,76
1516,69
1645,74
1502,68
1519,71
1632,75
1829,81
1669,75
1763,80
1546,70
1571,71
1559,69
1638,74
1629,73
1782,78
1622,74
1554,72
1579,73
1742,79
1621,74
1706,76
1591,71
1729,79
1599,73
1871,82
1624,73
1319,62
1775,79
1763,79
1726,78
1564,71
1680,75
1718,75
1343,66
1390,66
1548,70
1342,67
1709,76
1438,65
1840,79
1457,69
1813,80
1704,78
1589,75
1458,70
1801,81
1727,77
1609,72
1629,75
1657,75
1521,72
1643,74
1744,77
1745,77
1539,70
1841,81
1629,73
1544,72
1590,72
1569,74
1617,73
1622,73
1606,74
1714,74
1793,80
1604,71
1614,74
1446,66
1475,70
1738,75
1495,69
1770,80
1757,78
1579,74
1565,71
1729,77
1705,76
1625,73
1720,75
1632,76
1577,71
1729,79
1554,72
1660,76
1574,73
1764,78
1591,73
1630,74
1730,76
1715,76
1520,71
1642,73
1641,76
1794,77
1487,71
1750,79
1452,68
1696,77
1894,83
1486,70
1536,71
1481,69
1636,75
1843,82
1699,77
1500,70
1767,79
1401,65
1742,79
1563,72
1762,79
1786,79
1655,76
1673,75
1721,78
1773,78
1602,74
1534,70
1482,68
1714,78
1490,68
1529,68
1696,77
1872,81
1762,79
1758,77
1849,82
1400,66
1345,64
1534,71
1851,81
1607,73
1549,73
1571,72
1709,78
1545,72
1480,72
1621,75
1794,80
1624,74
1464,70
1703,77
1561,72
1580,74
1611,73
1535,70
1755,79
1529,69
1611,73
1458,68
1503,69
1738,76
1834,79
1380,66
1638,76
1779,78
1644,75
1727,76
1489,69
1532,70
1577,72
1443,68
1508,70
1585,71
1753,80
1770,77
1839,82
1628,73
1447,68
1506,70
1787,80
1633,74
1306,67
1612,76
1816,81
1438,66
1555,72
1559,71
1734,78
1411,68
1710,78
1625,75
1620,72
1537,73
1577,73
1504,72
1609,74
1840,82
1709,74
1500,69
1556,70
1397,67
1347,64
1469,71
1790,81
1722,78
1586,71
1627,74
1707,77
1722,75
1771,76
1534,71
1572,72
1726,78
1462,69
1591,72
1482,70
1523,72
1468,69
1521,70
1666,74
1596,74
1532,68
1479,67
1669,76
1494,69
1553,72
1669,74
1791,79
1502,70
1567,72
1796,78
1767,79
1649,77
1709,77
1773,80
1439,66
1659,75
1710,78
1578,70
1567,73
1517,68
1843,80
1452,67
1589,71
1727,74
1811,80
1487,68
1536,72
1530,70
1666,75
1800,78
1539,74
1551,72
1714,78
1761,77
1627,72
1549,73
1670,74
1697,76
1414,68
1662,73
1625,73
1575,73
1615,75
1819,81
1683,75
1717,78
1649,75
1467,68
1617,74
1449,71
1534,74
1768,78
1385,66
1631,72
1487,70
1629,73
1560,71
1659,76
1755,79
1452,68
1670,76
1704,77
1477,69
1771,79
1649,75
1556,71
1457,68
1490,69
1516,72
1470,70
1570,74
1646,76
1571,72
1491,70
1878,83
1429,68
1502,68
1375,66
1528,72
1512,70
1421,69
1428,68
1493,68
1694,77
1498,69
1613,74
1777,80
1621,73
1605,73
1325,66
1488,69
1732,78
1638,73
1752,79
1382,67
1642,76
1490,71
1621,73
1496,70
1539,71
1629,75
1516,72
1529,70
1631,76
1814,79
1425,68
1567,73
1801,80
1777,79
1670,76
1865,81
1578,73
1592,74
1800,78
1748,78
1425,65
1893,83
1594,74
1636,76
1430,68
1449,70
1785,80
1634,77
1428,69
1464,69
1656,76
1707,78
1456,67
1728,78
1493,71
1460,67
1328,65
1580,71
1614,74
1642,74
1542,70
1728,77
1536,72
1858,81
1575,73
1613,71
1544,70
1466,72
1586,73
1417,66
1355,67
1589,73
1494,66
1572,72
1680,75
1732,78
1809,79
1563,72
1400,64
1604,74
1444,69
1511,70
1637,72
1551,73
1627,76
1392,67
1630,72
1586,70
1748,78
1494,70
1564,73
1533,70
1616,73
1786,80
1530,70
1668,77
1798,80
1575,71
1688,77
1502,71
1550,73
1621,74
1872,82
1529,70
1496,67
1642,75
1485,73
1813,81
1410,65
1500,72
1542,71
1620,72
1593,72
1629,73
1309,66
1623,76
1532,70
1490,69
1597,72
1547,71
1531,73
1659,76
1690,75
1760,79
1494,69
1471,69
1489,70
1755,79
1768,80
1672,73
1671,75
1750,77
1464,69
1598,72
1609,73
1641,77
1805,79
1433,69
1393,64
1495,71
1527,70
1791,80
1712,78
1465,69
1622,75
1625,76
1653,76
1614,73
1701,76
1745,79
1613,73
1421,66
1637,75
1468,70
1774,78
1790,79
1438,68
1683,75
1639,76
1491,70
1715,78
1595,75
1532,72
1700,77
1621,73
1583,71
1707,77
1619,75
1448,68
1556,72
1558,72
1788,78
1513,68
1599,72
1526,71
1637,75
1770,80
1718,78
1559,70
1514,70
1501,68
1800,81
1434,70
1689,76
1613,73
1649,72
1745,78
1558,74
1470,69
1856,82
1636,74
1485,70
1542,72
1571,75
1495,68
1826,81
1760,79
1421,68
1523,70
1697,77
1677,75
1668,75
1775,79
1847,82
1687,77
1659,76
1598,73
1420,68
1670,74
1347,66
1637,70
1756,79
1616,74
1713,76
1851,82
1569,70
1783,79
1511,69
1607,72
1564,72
1411,66
1552,71
1558,72
1479,69
1718,76
1450,68
1870,82
1736,78
1711,77
1767,79
1849,79
1684,77
1688,76
1630,75
1673,72
1754,80
1570,72
1555,73
1525,72
1695,74
1529,70
1547,69
1600,74
1731,76
1625,75
1593,74
1714,77
1714,77
1598,72
1500,71
1745,79
1731,78
1583,72
1747,77
1661,75
1541,70
1610,72
1790,79
1665,75
1769,76
1590,74
1652,76
1660,77
1704,75
1720,77
1548,70
1676,75
1584,71
1534,68
1493,69
1661,75
1768,80
1701,76
1612,74
1725,78
1444,66
1503,67
1625,74
1621,71
1768,79
1429,66
1571,69
1543,72
1711,77
1259,62
1561,72
1483,70
1767,78
1719,76
1496,69
1652,73
1452,69
1544,71
1659,75
1571,72
1627,71
1725,76
1721,77
1778,78
1524,69
1479,69
1587,73
1603,72
1580,74
1426,68
1882,83
1607,75
1579,72
1441,68
1631,74
1513,70
1614,74
1666,76
1711,76
1470,68
1712,78
1236,60
1736,76
1546,72
1558,72
1610,75
1759,76
1483,69
1544,72
1643,73
1677,76
1788,79
1791,80
1747,78
1569,71
1878,83
1535,69
1525,71
1518,71
1764,79
1760,80
1778,80
1642,76
1476,70
1717,78
1650,72
1712,78
1731,78
1711,78
1525,72
1480,70
1574,73
1623,71
1579,72
1738,78
1697,77
1808,80
1729,76
1604,75
1851,81
1609,73
1754,77
1513,71
1476,66
1318,64
1516,68
1563,71
1588,71
1813,80
1552,72
1505,72
1611,72
1492,70
1663,75
1895,83
1312,65
1483,69
1540,72
1577,69
1803,80
1490,69
1484,67
1484,70
1733,78
1664,76
1737,77
1785,79
1388,66
1451,67
1427,69
1429,67
1446,67
1698,78
1674,75
1548,71
1724,78
1841,82
1415,69
1736,78
1543,71
1586,74
1698,77
1485,70
1462,69
1470,68
1382,67
1671,75
1534,72
1486,67
1542,71
1718,78
1731,76
1660,75
1616,73
1761,79
1629,72
1732,78
1392,66
1597,75
1465,69
1468,70
1644,74
1733,77
1638,73
1628,73
1645,73
1562,68
1764,79
1609,75
1819,81
1690,75
1878,83
1473,70
1410,67
1443,68
1895,83
1633,75
1750,78
1644,74
1447,70
1685,74
1560,72
1797,79
1703,78
1485,70
1510,71
1477,67
1673,75
1655,75
1784,80
1564,73
1803,81
1529,71
1667,74
1444,67
1559,71
1590,73
1878,83
1596,70
1544,70
1684,78
1748,78
1834,82
1575,71
1477,69
1504,72
1754,78
1497,71
1527,71
1519,71
1808,79
1771,78
1686,76
1659,75
1601,74
1517,72
1638,74
1857,82
1306,63
1498,70
1413,68
1564,72
1782,80
1480,71
1669,76
1620,73
1553,70
1480,68
1669,76
1463,69
1638,76
1801,78
1741,79
1591,74
1654,76
1708,76
1589,74
1510,68
1428,69
1673,76
1646,74
1743,77
1594,71
1441,67
1601,73
1879,82
1725,75
1444,69
1497,70
1620,74
1254,60
1656,76
1878,83
1849,82
1682,78
1585,74
1636,75
1683,77
1697,73
1409,67
1716,77
1453,69
1573,74
1693,76
1506,70
1395,66
1411,67
1507,70
1409,66
1559,75
1766,80
1525,68
1424,67
1483,70
1738,77
1337,65
1847,82
1561,70
1613,75
1812,80
1609,72
1761,79
1798,80
1735,79
1751,79
1596,73
1590,75
1524,71
1751,77
1418,65
1594,75
1629,75
1433,65
1684,75
1898,83
1455,70
1600,70
1525,71
1501,69
1564,70
1493,72
1684,76
1605,73
1614,73
1424,67
1519,69
1665,74
1569,71
1592,73
1590,73
1856,81
1666,76
1827,80
1762,78
1758,77
1554,70
1583,70
1715,76
1581,72
1822,81
1413,67
1712,78
1532,72
1784,78
1598,74
1488,70
1550,69
1500,71
1629,74
1457,70
1780,80
1430,68
1665,75
1662,76
1506,70
1615,75
1692,76
1483,68
1630,75
1731,79
1619,74
1596,71
1755,77
1720,78
1576,74
1676,77
1547,74
1701,76
1563,73
1733,77
1562,71
1479,70
1493,68
1687,78
1466,69
1761,78
1574,73
1504,71
1518,71
1569,71
1351,66
1446,67
1456,67
1605,75
1303,63
1723,77
1842,81
1493,70
1543,72
1779,79
1635,75
1668,76
1716,77
1576,72
1517,70
1457,67
1555,71
1716,77
1570,71
1763,78
1843,80
1747,79
1744,77
1706,75
1383,66
1769,79
1491,70
1352,66
1595,74
1658,74
1707,74
1563,69
1439,68
1507,68
1754,78
1511,71
1505,70
1831,82
1481,72
1668,75
1672,75
1680,77
1488,69
1689,77
1668,76
1674,75
1632,74
1475,70
1614,73
1476,71
1699,75
1663,76
1546,72
1730,78
1678,75
1528,73
1587,71
1615,73
1453,67
1491,68
1396,67
1653,75
1524,70
1525,68
1507,70
1506,68
1793,80
1763,78
1702,78
1831,80
1504,69
1636,76
1530,72
1475,69
1678,76
1477,67
1793,80
1766,76
1590,73
1711,77
1489,70
1739,76
1620,71
1460,68
1776,79
1570,71
1643,72
1597,72
1732,78
1836,81
1691,77
1401,67
1375,63
1727,75
1570,71
1772,80
1776,79
1593,74
1346,64
1554,72
1628,72
1792,79
1402,66
1671,77
1701,78
1817,80
1621,74
1522,73
1500,69
1882,83
1593,72
1366,62
1503,69
1479,68
1359,66
1641,74
1719,77
1610,73
1507,70
1744,78
1461,69
1593,73
1543,72
1691,77
1603,71
1503,69
1801,80
1778,79
1751,78
1721,77
1430,68
1822,80
1631,73
1583,72
1600,75
1853,81
1415,65
1609,75
1517,70
1770,80
1295,62
1328,65
1649,73
1601,75
1575,72
1456,67
1356,66
1724,77
1587,72
1698,77
1599,73
1467,69
1494,69
1464,69
1765,80
1605,71
1796,79
1290,65
1667,74
1509,71
1556,73
1455,68
1815,81
1699,77
1540,71
1680,75
1876,83
1793,80
1502,68
1437,66
1443,68
1720,77
1710,76
1408,67
1819,81
1705,77
1503,69
1648,76
1401,64
1699,78
1736,78
1774,80
1390,63
1514,70
1682,75
1535,72
1392,67
1787,80
1777,80
1723,78
1698,75
1639,74
1896,83
1514,71
1792,77
1534,72
1574,71
1785,78
1764,79
1486,67
1735,77
1493,67
1788,80
1515,70
1593,72
1612,72
1558,71
1805,80
1746,79
1770,80
1404,67
1434,70
1525,70
1468,67
1687,76
1603,75
1559,71
1718,79
1583,73
1577,71
1436,68
1424,69
1513,70
1589,72
1340,65
1697,77
1563,71
1398,67
1674,73
1696,76
1705,77
1620,72
1725,76
1648,75
1673,74
1595,72
1615,72
1762,79
1491,71
1629,75
1482,71
1584,73
1692,76
1664,76
1601,74
1643,76
1503,72
1611,74
1732,78
1748,77
1768,79
1726,77
1350,65
1732,78
1839,81
1880,82
1751,76
1613,75
1483,67
1831,81
1715,77
1507,71
1409,67
1846,80
1710,77
1406,67
1508,68
1382,67
1772,80
1373,67
1617,73
1525,71
1597,70
1705,78
1512,67
1715,78
1523,70
1677,76
1813,80
1555,70
1523,70
1748,78
1735,79
1643,75
1596,73
1578,73
1535,70
1592,74
1712,77
1874,82
1778,78
1430,67
1360,67
1353,64
1810,80
1554,71
1595,74
1494,69
1876,83
1334,63
1814,80
1760,78
1804,81
1424,67
1816,80
1609,73
1869,82
1403,65
1466,66
1578,74
1400,68
1641,75
1642,73
1488,71
1445,66
1718,77
1298,65
1519,71
1466,69
1603,72
1408,68
1790,79
1722,76
1616,72
1661,75
1485,69
1815,80
1563,71
1556,73
1570,72
1476,69
1505,69
1522,70
1652,75
1434,66
1828,80
1349,64
1526,70
1790,79
1739,78
1556,72
1396,70
1799,78
1586,75
1572,69
1702,76
1768,77
1370,63
1711,77
1762,78
1588,71
1594,72
1862,82
1586,74
1749,78
1830,80
1644,77
1403,66
1772,80
1523,72
1456,68
1507,71
1635,73
1611,73
1519,71
1718,78
1800,79
1647,74
1787,78
1528,70
1467,67
1779,77
1570,70
1580,73
1563,71
1665,75
1873,82
1534,69
1703,78
1487,67
1754,78
1707,74
1441,67
1678,74
1850,81
1601,71
1611,73
1628,76
1721,77
1645,73
1666,77
1441,64
1596,72
1585,74
1471,68
1479,69
1527,71
1509,70
1494,72
1497,68
1603,73
1470,68
1495,70
1501,69
1473,67
1453,68
1341,64
1723,75
1792,79
1800,80
1695,76
1558,71
1644,73
1506,68
1467,68
1697,76
1524,70
1817,80
1655,73
1464,69
1466,69
1629,75
1517,69
1729,77
1719,78
1510,65
1834,81
1772,80
1712,76
1558,71
1572,74
1818,81
1660,75
1302,63
1506,70
1608,73
1626,73
1620,75
1724,75
1723,78
1731,77
1426,67
1842,82
1551,72
1559,70
1595,72
1465,68
1581,72
1714,78
1706,79
1534,70
1738,77
1682,78
1571,72
1782,78
1349,64
1340,61
1713,76
1685,75
1270,62
1698,77
1579,71
1877,82
1410,67
1553,72
1600,74
1618,72
1417,67
1798,80
1576,74
1401,65
1633,74
1599,73
1413,68
1540,72
1614,72
1624,74
1514,69
1621,74
1639,76
1665,75
1498,71
1479,67
1668,75
1413,66
1442,67
1380,68
1774,80
1444,68
1378,66
1822,77
1581,75
1496,70
1448,69
1878,81
1448,67
1801,79
1822,80
1521,72
1669,74
1424,66
1668,75
1728,77
1696,78
1860,82
1731,77
1607,73
1758,79
1859,82
1697,76
1513,71
1733,78
1639,75
1792,79
1522,71
1578,71
1576,73
1512,71
1561,70
1467,70
1636,76
1782,79
1711,79
1595,74
1762,78
1672,76
1562,72
1546,72
1551,71
1610,72
1540,70
1692,77
1502,69
1832,81
1470,69
1752,77
1708,75
1458,67
1479,68
1481,70
1652,74
1437,68
1792,80
1698,74
1692,78
1514,70
1664,74
1531,70
1752,77
1459,67
1637,72
1385,66
1750,76
1540,72
1348,66
1622,73
1471,68
1626,75
1729,78
1394,68
1548,71
1456,71
1666,74
1452,69
1570,71
1758,78
1520,69
1643,75
1785,80
1497,71
1646,75
1485,68
1495,67
1742,78
1555,72
1724,74
1468,69
1512,70
1565,73
1638,73
1501,72
1436,68
1796,81
1655,76
1463,71
1821,80
1514,68
1392,63
1441,68
1653,74
1618,72
1777,79
1483,69
1698,74
1788,78
1516,71
1789,79
1673,76
1609,74
1330,67
1447,68
1356,66
1626,73
1715,78
1546,71
1442,68
1481,68
1730,76
1718,77
1414,68
1533,72
1880,83
1744,78
1620,73
1551,70
1603,73
1653,74
1677,76
1832,79
1461,68
1505,69
1534,71
1764,79
1518,72
1473,67
1825,80
1706,76
1736,76
1759,75
1336,63
1807,80
1659,77
1612,73
1768,77
1714,77
1561,73
1684,75
1583,72
1477,70
1693,77
1706,76
1668,74
1655,76
1468,66
1672,73
1716,77
1655,76
1617,72
1405,66
1666,75
1607,72
1428,70
1449,69
1348,65
1434,69
1709,78
1688,76
1573,73
1555,71
1537,72
1717,76
1431,68
1631,75
1415,65
1672,74
1582,71
1597,73
1789,79
1677,76
1852,81
1537,73
1553,73
1695,76
1510,69
1700,76
1671,75
1315,62
1561,74
1581,73
1544,71
1629,74
1410,67
1399,68
1445,67
1410,67
1587,72
1669,75
1517,68
1856,82
1402,65
1431,69
1615,72
1724,77
1479,67
1596,74
1810,80
1681,76
1554,71
1403,69
1625,73
1479,71
1496,67
1761,78
1573,71
1395,65
1882,83
1781,79
1622,76
1780,80
1429,70
1434,66
1718,78
1543,72
1568,71
1628,72
1668,73
1491,71
1871,82
1608,75
1448,68
1620,75
1600,70
1621,73
1556,73
1460,68
1759,77
1557,73
1797,80
1632,74
1704,76
1688,76
1713,76
1793,80
1576,73
1462,68
1549,72
1736,79
1594,73
1519,70
1555,71
1570,72
1567,73
1541,72
1878,83
1588,73
1605,74
1768,78
1429,70
1520,71
1745,78
1593,72
1799,80
1467,69
1537,71
1834,79
1726,77
1646,75
1805,79
1380,68
1424,70
1678,74
1613,73
1447,68
1475,67
1602,74
1513,71
1580,72
1484,67
1682,77
1694,77
1807,80
1696,77
1408,65
1502,72
1520,70
1860,81
1559,72
1631,72
1504,69
1765,80
1718,75
1537,70
1583,73
1657,73
1876,83
1586,74
1409,68
1790,79
1869,82
1533,71
1692,77
1517,70
1671,74
1621,73
1552,72
1528,70
1670,75
1391,64
1566,72
1709,77
1640,72
1792,76
1633,76
1642,74
1851,81
1682,72
1744,77
1674,74
1579,74
1372,67
1539,71
1737,76
1757,79
1322,66
1859,82
1432,69
1516,69
1444,66
1551,71
1650,75
1571,72
1337,66
1421,65
1745,79
1827,81
1715,75
1598,72
1698,77
1588,73
1724,78
1728,76
1629,72
1514,71
1606,71
1393,65
1583,74
1476,69
1796,81
1794,80
1592,74
1557,72
1813,81
1876,83
1692,76
1446,71
1430,68
1512,70
1691,75
1681,74
1353,65
1669,74
1898,83
1410,67
1735,78
1880,83
1393,65
1463,70
1802,79
1401,67
1683,75
1376,67
1831,81
1748,76
1431,70
1747,78
1867,82
1684,74
1585,72
1523,71
1658,76
1587,74
1511,69
1445,67
1524,69
1666,73
1716,77
1638,73
1531,71
1704,76
1829,81
1507,69
1622,74
1553,73
1536,71
1471,66
1389,66
1775,80
1689,74
1784,78
1662,74
1627,72
1817,79
1574,71
1412,66
1590,74
1607,73
1422,65
1817,80
1628,74
1673,76
1664,75
1700,76
1619,76
1483,68
1474,71
1604,72
1741,79
1483,69
1784,79
1775,79
1417,67
1402,65
1386,66
1719,76
1450,69
1606,74
1696,78
1633,74
1528,68
1685,76
1551,70
1718,78
1691,75
1568,71
1585,72
1743,77
1743,79
1478,70
1724,78
1461,66
1721,78
1615,74
1771,76
1723,78
1489,68
1461,67
1503,69
1888,83
1456,68
1634,74
1670,76
1650,75
1626,74
1731,77
1476,70
1533,71
1790,80
1394,68
1446,69
1724,78
1557,71
1345,63
1660,73
1798,81
1526,70
1664,75
1482,70
1514,70
1597,72
1563,71
1691,75
1489,69
1583,72
1703,79
1735,77
1668,78
1531,71
1655,77
1424,65
1579,74
1640,75
1597,75
1574,71
1514,70
1695,77
1621,73
1629,75
1602,74
1376,67
1620,73
1403,67
1707,78
1617,75
1796,78
1859,82
1473,70
1626,74
1709,77
1440,67
1731,78
1677,75
1683,77
1599,73
1485,71
1610,72
1594,70
1396,64
1749,77
1882,83
1662,74
1781,79
1359,65
1493,71
1865,81
1500,70
1312,62
1545,73
1880,82
1397,66
1749,79
1798,79
1346,64
1537,72
1679,74
1319,65
1896,83
1619,73
1508,68
1736,78
1458,66
1558,73
1847,81
1637,76
1572,70
1506,70
1729,78
1745,77
1880,81
1443,68
1773,78
1890,83
1822,81
1680,77
1648,76
1468,66
1560,70
1495,69
1765,79
1443,69
1566,72
1384,65
1622,75
1444,69
1483,70
1625,72
1706,77
1722,75
1626,74
1582,74
1857,82
1486,70
1633,75
1598,74
1579,72
1757,78
1492,72
1577,70
1709,77
1471,71
1454,68
1783,80
1673,76
1666,76
1515,70
1799,80
1475,68
1641,75
1568,72
1512,70
1459,67
1764,77
1665,75
1619,73
1359,65
1574,70
1782,78
1742,79
1719,77
1424,68
1823,80
1622,76
1396,64
1853,80
1672,77
1559,71
1838,81
1698,77
1487,69
1742,76
1560,72
1515,69
1840,81
1670,75
1551,72
1703,77
1777,79
1574,73
1602,72
1630,73
1456,68
1574,71
1443,65
1579,72
1601,72
1492,70
1403,66
1761,76
1517,71
1566,71
1560,72
1806,81
1707,77
1820,80
1763,78
1667,74
1537,72
1762,79
1592,73
1823,80
1494,70
1512,68
1775,77
1616,74
1676,76
1717,76
1547,70
1625,74
1727,78
1551,68
1669,76
1678,77
1657,76
1688,76
1740,77
1568,72
1644,72
1643,74
1382,65
1410,67
1706,77
1743,78
1699,76
1676,75
1753,78
1451,68
1592,75
1581,74
1532,72
1809,77
1832,82
1751,77
1514,70
1817,77
1507,72
1531,73
1756,78
1491,65
1563,71
1731,76
1712,77
1819,80
1354,64
1578,71
1532,71
1699,74
1588,73
1670,77
1492,71
1437,68
1573,71
1622,72
1571,72
1616,73
1850,82
1558,72
1762,80
1863,82
1862,82
1715,78
1542,73
1781,80
1701,77
1436,64
1841,81
1429,68
1497,68
1809,80
1510,71
1435,68
1742,76
1768,78
1696,75
1505,65
1510,71
1685,74
1593,72
1622,74
1610,74
1783,80
1916,83
1648,76
1570,72
1674,76
1688,77
1579,70
1488,70
1579,73
1393,69
1707,78
1578,71
1378,68
1558,72
1669,76
1570,70
1835,79
1801,80
1407,66
1859,80
1729,77
1316,63
1557,71
1872,82
1447,69
1521,70
1475,71
1664,74
1827,81
1576,74
1357,63
1853,82
1727,76
1716,78
1664,75
1859,82
1496,71
1847,81
1669,74
1382,64
1517,70
1553,71
1800,79
1648,76
1526,73
1441,70
1501,71
1582,71
1754,78
1425,67
1598,73
1779,79
1848,82
1508,71
1855,81
1468,69
1525,71
1671,77
1682,74
1517,69
1379,66
1577,72
1494,71
1497,69
1637,74
1801,80
1470,70
1606,75
1594,72
1670,77
1415,69
1714,77
1621,72
1507,69
1578,72
1463,67
1830,81
1298,65
1803,80
1655,74
1337,65
1470,66
1531,72
1549,70
1860,82
1800,78
1383,65
1689,76
1747,78
1760,79
1464,70
1628,72
1645,76
1541,70
1457,68
1865,81
1681,76
1740,79
1450,69
1601,71
1843,81
1538,72
1626,76
1650,74
1792,80
1789,80
1526,71
1838,81
1650,75
1539,72
1738,77
1480,70
1654,77
1830,81
1695,77
1599,72
1725,79
1660,76
1501,72
1491,67
1880,83
1708,75
1602,74
1643,74
1578,72
1585,70
1523,69
1755,79
1827,81
1748,78
1440,67
1758,79
1399,69
1426,67
1449,68
1417,65
1356,63
1703,76
1502,69
1635,74
1878,83
1464,69
1507,68
1586,71
1681,75
1666,76
1749,79
1652,73
1780,80
1729,79
1407,68
1554,72
1683,76
1439,68
1597,73
1645,74
1502,72
1808,81
1754,77
1649,75
1472,69
1745,79
1492,70
1427,68
1576,73
1658,75
1617,74
1796,79
1447,68
1670,74
1402,68
1756,79
1754,77
1407,68
1705,76
1822,80
1431,68
1752,78
1335,63
1438,68
1533,73
1402,67
1673,76
1665,74
1724,78
1727,78
1703,77
1744,78
1595,72
1404,66
1534,71
1742,78
1819,79
1465,69
1783,78
1847,80
1518,71
1502,69
1371,67
1653,74
1363,67
1452,70
1516,70
1629,74
1780,80
1751,77
1620,76
1726,78
1547,70
1662,73
1644,74
1454,68
1631,74
1646,75
1522,69
1742,76
1574,72
1514,72
1474,67
1478,67
1744,78
1776,79
1539,71
1560,72
1603,73
1588,72
1508,68
1817,81
1814,79
1872,82
1649,74
1591,73
1530,72
1738,78
1388,65
1673,77
1849,82
1442,67
1680,76
1626,73
1833,81
1674,74
1527,70
1182,59
1556,71
1358,67
1552,71
1691,76
1364,64
1659,76
1703,77
1782,79
1490,71
1492,70
1602,73
1305,65
1589,72
1827,81
1842,81
1741,76
1652,75
1795,80
1344,65
1874,83
1542,71
1418,63
1493,71
1745,78
1576,72
1615,75
1625,72
1798,80
1487,70
1466,69
1541,71
1675,74
1716,76
1394,67
1490,69
1447,68
1449,68
1546,70
1843,81
1557,73
1444,71
1642,76
1393,64
1836,81
1441,68
1529,72
1626,74
1607,75
1773,79
1527,71
1635,75
1567,72
1534,71
1487,70
1344,65
1768,76
1634,73
1468,69
1556,70
1755,79
1614,76
1711,74
1403,65
1607,74
1855,81
1701,77
1584,74
1605,75
1345,66
1368,65
1338,64
1690,76
1640,73
1540,71
1463,68
1399,68
1523,72
1461,67
1785,79
1598,72
1558,71
1584,71
1606,71
1637,74
1805,80
1687,77
1530,69
1461,70
1596,73
1594,73
1824,80
1766,79
1517,69
1535,73
1685,77
1519,70
1740,78
1543,73
1615,75
1658,74
1294,62
1842,81
1613,74
1407,65
1619,72
1541,72
1802,80
1524,73
1580,71
1529,71
1501,69
1556,71
1746,76
1764,77
1517,69
1774,80
1501,70
1650,75
1653,75
1594,75
1789,80
1763,77
1578,72
1657,73
1646,75
1692,77
1583,73
1849,81
1700,77
1790,79
1512,71
1787,79
1523,72
1761,79
1395,64
1472,70
1482,69
1601,76
1717,77
1742,78
1657,74
1563,71
1717,77
1482,68
1882,83
1476,70
1711,78
1521,69
1703,76
1560,71
1878,83
1690,73
1702,74
1505,70
1766,80
1718,77
1541,71
1736,78
1636,74
1797,80
1741,76
1562,70
1518,73
1586,73
1698,76
1390,65
1528,72
1484,71
1461,69
1703,78
1698,76
1676,78
1809,79
1654,75
1538,73
1771,79
1613,71
1626,73
1650,76
1817,80
1375,66
1466,69
1522,70
1587,72
1676,76
1699,75
1493,69
1524,70
1567,72
1871,80
1835,82
1531,73
1563,70
1568,73
1678,78
1401,68
1497,68
1607,75
1552,72
1405,66
1697,77
1614,72
1574,72
1755,79
1789,79
1430,66
1625,75
1693,76
1656,72
1415,69
1690,77
1701,78
1724,76
1443,67
1473,68
1563,74
1835,81
1457,68
1537,67
1583,74
1676,76
1777,80
1594,73
1460,68
1794,79
1719,78
1485,70
1697,75
1496,71
1574,71
1498,70
1399,69
1504,71
1460,67
1614,73
1480,69
1622,73
1445,70
1512,70
1679,76
1704,78
1482,67
1860,81
1745,78
1742,79
1615,74
1621,75
1778,79
1572,71
1372,67
1671,75
1665,75
1888,83
1873,82
1736,76
1659,77
1360,66
1726,76
1323,64
1814,78
1447,68
1741,78
1485,70
1836,81
1539,73
1465,66
1784,79
1637,72
1647,76
1556,71
1854,81
1747,78
1762,76
1604,73
1558,73
1474,69
1629,73
1643,74
1620,75
1552,72
1345,65
1598,73
1399,68
1445,71
1498,71
1616,75
1605,73
1797,80
1738,79
1628,75
1444,68
1856,82
1719,75
1809,79
1527,69
1532,69
1656,74
1505,70
1687,76
1552,72
1515,69
1672,75
1598,72
1544,71
1658,72
1447,69
1552,72
1752,77
1773,80
1423,70
1638,73
1629,72
1854,81
1502,68
1643,75
1533,72
1674,74
1670,75
1561,71
1902,83
1880,82
1414,66
1482,70
1470,69
1793,79
1655,75
1781,79
1900,82
1398,66
1441,69
1829,80
1471,68
1434,67
1613,75
1828,78
1784,79
1588,74
1608,73
1636,74
1675,76
1757,77
1568,70
1448,67
1755,79
1458,69
1548,73
1481,69
1345,65
1664,77
1748,78
1687,74
1659,77
1789,80
1451,68
1725,78
1715,77
1669,75
1441,67
1718,79
1371,64
1641,75
1422,66
1733,77
1498,68
1363,66
1534,73
1706,76
1445,69
1596,73
1519,70
1633,74
1659,75
1355,65
1532,70
1473,70
1396,66
1522,73
1571,69
1456,67
1614,73
1537,72
1559,72
1490,69
1816,80
1764,78
1779,79
1675,74
1794,78
1627,74
1414,64
1475,68
1704,73
1345,63
1814,81
1831,81
1386,66
1605,71
1689,75
1714,77
1840,81
1503,71
1622,75
1575,71
1692,78
1371,66
1698,77
1779,77
1466,71
1526,70
1390,65
1501,69
1348,66
1639,72
1477,68
1810,80
1849,81
1641,73
1429,66
1670,75
1709,76
1410,67
1866,82
1519,70
1400,66
1454,69
1642,71
1590,71
1493,71
1628,76
1593,73
1429,67
1551,72
1616,74
1544,68
1485,68
1537,71
1631,74
1466,70
1700,75
1502,70
1594,74
1427,67
1351,65
1732,78
1748,77
1559,72
1685,76
1514,68
1692,75
1534,69
1452,68
1353,63
1461,70
1856,82
1754,78
1454,70
1548,71
1622,72
1798,80
1708,78
1654,74
1429,68
1607,73
1564,72
1402,68
1512,70
1421,66
1540,73
1873,82
1469,68
1715,77
1832,81
1464,68
1468,68
1639,73
1537,72
1504,71
1631,72
1353,68
1367,64
1656,75
1736,78
1582,70
1211,60
1489,68
1493,70
1466,68
1742,79
1432,67
1612,73
1518,70
1762,79
1743,78
1793,79
1442,70
1644,76
1438,67
1800,78
1367,64
1626,74
1326,65
1619,74
1660,74
1882,83
1518,70
1824,81
1448,67
1645,75
1754,77
1559,71
1456,69
1429,68
1262,63
1460,71
1443,69
1751,78
1684,76
1454,70
1858,81
1623,71
1407,67
1551,69
1695,77
1806,81
1856,81
1625,73
1669,74
1273,62
1498,70
1836,80
1294,63
1474,68
1755,79
1693,77
1557,71
1320,64
1686,77
1499,69
1832,80
1427,67
1490,70
1445,69
1480,69
1563,74
1774,78
1884,83
1555,72
1664,72
1719,76
1805,78
1744,79
1743,77
1564,72
1494,68
1505,69
1664,77
1691,77
1544,69
1683,74
1722,77
1410,69
1543,72
1746,79
1462,69
1817,80
1709,77
1758,77
1538,73
1413,67
1677,76
1676,77
1636,74
1581,74
1837,82
1668,77
1860,80
1590,73
1305,64
1541,73
1734,77
1815,81
1759,78
1621,73
1449,68
1696,78
1644,75
1786,79
1449,67
1636,75
1383,67
1674,77
1518,72
1647,75
1726,78
1655,74
1661,75
1832,81
1373,64
1590,74
1600,73
1676,76
1506,72
1878,83
1791,79
1676,74
1700,76
1707,76
1733,78
1789,79
1723,76
1590,73
1767,78
1876,83
1424,67
1767,79
1783,79
1677,77
1434,69
1472,71
1518,73
1710,79
1578,71
1607,73
1841,81
1749,79
1457,69
1744,78
1766,80
1413,67
1408,64
1608,70
1334,62
1544,69
1683,77
1807,80
1404,69
1692,76
1719,76
1838,81
1599,74
1584,75
1682,75
1465,68
1655,76
1341,63
1572,73
1681,77
1637,72
1425,69
1692,75
1617,73
1556,71
1702,73
1384,65
1434,65
1759,80
1482,70
1736,77
1727,77
1837,82
1754,79
1396,67
1477,69
1430,66
1469,69
1710,76
1462,70
1550,72
1421,66
1404,65
1731,78
1574,71
1494,71
1607,74
1898,83
1291,64
1636,74
1651,75
1647,77
1545,73
1501,69
1681,77
1527,70
1465,69
1458,68
1685,77
1500,71
1363,63
1473,69
1342,63
1695,76
1520,70
1795,77
1642,74
1804,79
1467,68
1884,83
1431,67
1799,80
1514,72
1763,78
1509,72
1622,74
1503,69
1785,80
1603,72
1376,66
1548,69
1685,77
1519,69
1687,76
1619,72
1553,71
1617,72
1804,78
1851,81
1410,66
1672,73
1631,73
1740,76
1510,71
1668,75
1380,65
1492,68
1680,74
1512,70
1579,72
1645,72
1662,76
1605,73
1869,82
1773,78
1834,81
1470,69
1603,73
1628,74
1816,78
1401,67
1428,67
1598,71
1466,68
1452,70
1580,74
1780,80
1641,76
1477,69
1471,67
1878,82
1455,67
1708,77
1739,77
1460,65
1525,70
1802,78
1389,66
1534,71
1527,71
1562,71
1616,75
1709,76
1537,71
1812,79
1702,75
1343,65
1800,79
1819,80
1752,78
1530,72
1703,77
1507,71
1675,77
1788,77
1738,78
1562,72
1533,72
1709,76
1800,80
1606,72
1711,77
1576,73
1679,76
1647,74
1497,71
1779,78
1327,63
1414,68
1575,71
1664,76
1588,73
1479,70
1477,69
1808,81
1826,81
1650,72
1804,80
1491,70
1505,70
1407,68
1412,69
1461,68
1823,79
1463,69
1795,79
1586,73
1575,73
1863,82
1664,75
1471,68
1525,72
1850,82
1518,70
1549,72
1483,67
1516,69
1654,72
1656,76
1523,72
1651,74
1443,68
1560,71
1723,78
1757,78
1407,65
1902,83
1607,74
1593,72
1568,71
1570,71
1696,78
1426,68
1596,73
1814,80
1632,74
1696,77
1885,82
1367,64
1841,81
1625,71
1501,69
1815,79
1697,77
1773,77
1447,65
1542,70
1704,76
1655,71
1527,73
1440,69
1427,68
1483,70
1710,78
1856,81
1443,67
1630,76
1499,70
1432,67
1608,72
1401,68
1487,67
1454,68
1743,79
1844,81
1705,75
1609,74
1745,78
1609,72
1325,64
1491,69
1868,82
1388,63
1761,79
1420,66
1760,77
1433,69
1560,72
1618,73
1635,74
1465,64
1536,72
1497,69
1629,73
1674,75
1872,82
1565,72
1391,65
1671,75
1526,69
1638,77
1547,71
1730,78
1438,67
1659,74
1509,68
1466,67
1517,69
1571,72
1575,71
1583,72
1692,77
1667,76
1716,77
1350,66
1585,72
1472,71
1627,76
1606,75
1714,76
1563,70
1739,78
1681,76
1461,69
1874,83
1459,68
1596,73
1606,74
1480,69
1274,64
1462,69
1463,68
1510,71
1467,67
1737,77
1640,74
1827,81
1636,73
1635,75
1389,65
1786,77
1451,66
1421,67
1870,82
1444,68
1448,68
1902,83
1612,73
1531,74
1435,66
1716,78
1504,70
1590,70
1485,66
1392,67
1593,72
1517,70
1620,75
1574,71
1846,78
1486,70
1548,71
1522,71
1706,76
1741,78
1478,68
1505,71
1506,69
1854,82
1739,77
1412,67
1735,77
1387,65
1584,73
1652,76
1384,65
1761,78
1687,76
1478,68
1760,79
1821,81
1600,72
1502,69
1384,67
1547,69
1624,73
1450,68
1547,70
1565,71
1538,71
1543,70
1861,82
1833,81
1809,79
1377,69
1578,74
1753,79
1847,82
1687,76
1705,76
1832,81
1806,79
1874,83
1735,79
1588,72
1666,76
1475,70
1670,76
1705,76
1403,69
1659,76
1687,75
1651,73
1668,76
1765,79
1785,80
1715,77
1715,78
1822,81
1730,78
1791,80
1501,70
1461,68
1874,83
1667,74
1507,70
1610,73
1493,69
1442,63
1481,69
1684,77
1610,73
1586,70
1630,74
1702,76
1578,72
1401,66
1637,75
1824,81
1695,77
1553,70
1688,77
1683,76
1475,70
1544,72
1740,77
1777,79
1744,79
1658,74
1660,75
1684,76
1785,80
1734,79
1721,77
1448,67
1731,78
1715,77
1450,68
1661,74
1544,72
1720,79
1732,79
1746,78
1719,78
1546,73
1567,71
1559,72
1684,74
1739,79
1549,70
1776,78
1717,77
1880,83
1572,74
1375,65
1635,72
1405,66
1858,82
1530,70
1744,80
1664,75
1506,69
1714,74
1556,71
1503,67
1763,79
1510,70
1602,74
1496,66
1780,80
1619,72
1504,72
1445,65
1366,64
1762,79
1306,64
1823,80
1575,73
1826,81
1610,75
1690,75
1842,81
1675,76
1584,72
1626,74
1625,72
1788,80
1450,69
1644,73
1587,70
1676,73
1830,80
1519,69
1842,81
1690,74
1581,73
1532,71
1815,80
1745,78
1712,77
1487,70
1478,70
1533,70
1816,81
1802,80
1386,68
1878,82
1551,71
1604,73
1857,82
1851,80
1610,72
1571,72
1608,74
1701,78
1478,70
1780,80
1842,82
1519,71
1708,76
1326,65
1528,73
1729,77
1768,79
1502,69
1273,64
1446,69
1880,82
1447,69
1586,74
1547,72
1738,78
1486,72
1605,72
1469,70
1542,72
1679,76
1707,76
1742,77
1510,69
1360,65
1428,66
1859,82
1537,71
1804,80
1825,80
1821,80
1321,65
1525,71
1789,79
1322,63
1800,80
1624,76
1610,74
1781,77
1518,70
1528,72
1596,72
1657,76
1451,70
1731,78
1641,76
1518,70
1797,78
1782,80
1596,72
1692,74
1368,66
1735,78
1859,82
1716,79
1561,69
1603,72
1472,67
1848,81
1446,67
1534,72
1547,67
1431,67
1816,81
1641,74
1554,69
1578,71
1866,82
1747,78
1411,64
1714,78
1564,72
1400,65
1577,73
1588,75
1580,74
1512,68
1676,78
1693,77
1780,78
1808,80
1694,76
1644,73
1741,79
1834,82
1464,69
1546,71
1586,70
1647,72
1286,60
1661,76
1835,81
1636,77
1707,77
1724,78
1684,78
1617,75
1614,75
1791,79
1719,77
1510,68
1708,77
1828,81
1581,74
1325,68
1733,77
1391,64
1726,79
1601,74
1819,81
1439,65
1593,72
1518,71
1743,78
1812,79
1712,75
1317,63
1710,77
1559,71
1599,72
1406,66
1604,73
1538,72
1698,78
1354,66
1680,78
1457,67
1765,77
1680,77
1572,73
1562,73
1731,77
1744,78
1686,77
1649,76
1667,76
1703,78
1485,68
1754,78
1489,70
1555,71
1749,77
1677,75
1632,75
1571,74
1721,76
1449,68
1716,77
1460,69
1468,66
1573,69
1848,82
1452,65
1440,69
1374,67
1698,77
1463,67
1438,69
1495,68
1892,83
1825,81
1652,75
1606,74
1763,78
1369,67
1719,78
1656,76
1327,66
1450,71
1827,81
1833,81
1667,73
1631,73
1459,69
1719,78
1587,74
1534,70
1612,74
1500,68
1678,75
1722,77
1632,74
1685,77
1754,76
1744,78
1805,79
1737,79
1719,76
1593,72
1671,74
1492,70
1600,73
1755,77
1598,74
1384,66
1874,83
1449,69
1687,77
1366,67
1581,71
1533,73
1494,70
1759,79
1569,73
1880,83
1631,75
1585,74
1585,72
1618,73
1535,71
1360,67
1768,78
1538,71
1597,74
1544,74
1584,73
1605,74
1300,67
1628,75
1713,76
1627,74
1771,78
1770,79
1683,77
1767,80
1320,64
1431,67
1431,67
1428,69
1551,72
1551,70
1741,78
1352,63
1525,71
1604,74
1701,76
1502,72
1467,68
1413,66
1859,82
1475,71
1824,79
1655,75
1709,76
1611,73
1698,78
1680,77
1569,69
1699,76
1636,73
1724,77
1669,76
1463,68
1482,68
1480,68
1789,79
1796,79
1630,74
1758,77
1583,71
1494,69
1506,72
1723,77
1627,74
1612,74
1483,70
1707,78
1769,78
1684,78
1387,65
1618,74
1496,69
1309,63
1810,80
1486,70
1638,75
1561,71
1731,78
1811,79
1487,68
1367,66
1774,79
1447,70
1589,73
1675,75
1823,81
1554,71
1549,69
1549,72
1604,73
1473,68
1729,77
1631,73
1519,72
1563,72
1618,73
1464,71
1397,66
1588,73
1528,70
1414,68
1709,78
1493,70
1629,76
1530,73
1428,67
1687,76
1669,76
1333,64
1409,67
1684,76
1328,66
1754,77
1583,71
1582,71
1626,72
1578,73
1528,70
1822,80
1441,67
1610,74
1384,67
1541,71
1544,72
1455,68
1491,69
1880,83
1654,75
1523,71
1517,71
1480,71
1618,73
1468,68
1229,58
1462,67
1727,77
1541,73
1441,67
1617,75
1778,79
1803,78
1492,70
1542,70
1583,73
1783,80
1728,77
1642,73
1417,69
1797,80
1786,79
1778,80
1584,74
1601,71
1789,79
1398,67
1439,68
1670,74
1772,79
1791,80
1430,67
1681,77
1702,75
1526,72
1624,74
1567,73
1727,76
1472,69
1512,71
1684,78
1617,72
1484,70
1741,77
1633,75
1791,78
1579,72
1738,76
1519,69
1634,75
1417,67
1705,75
1892,83
1770,78
1568,73
1375,67
1375,66
1570,70
1517,71
1485,68
1878,83
1763,78
1319,64
1810,80
1810,80
1495,70
1567,70
1412,65
1344,64
1511,72
1324,63
1745,77
1532,71
1800,80
1505,70
1718,78
1473,68
1513,71
1482,70
1746,78
1630,74
1722,77
1765,80
1655,77
1458,71
1717,76
1381,64
1491,68
1508,69
1810,80
1628,76
1317,62
1811,78
1463,70
1442,70
1497,69
1511,69
1701,77
1605,73
1701,77
1297,63
1868,81
1701,76
1604,72
1425,68
1444,70
1853,82
1416,67
1527,70
1643,75
1763,79
1316,64
1465,68
1612,76
1801,80
1683,76
1715,77
1661,75
1840,81
1427,66
1631,74
1814,80
1624,71
1741,78
1429,72
1429,68
1483,71
1726,78
1486,70
1724,78
1588,72
1562,70
1664,75
1709,78
1452,69
1687,75
1608,76
1577,73
1432,67
1678,76
1758,80
1352,64
1312,65
1482,71
1653,74
1721,78
1718,75
1713,77
1553,72
1458,69
1685,76
1685,77
1469,68
1494,67
1436,68
1736,78
1813,81
1602,73
1591,72
1409,68
1609,75
1752,78
1652,75
1484,70
1475,69
1603,74
1359,65
1475,69
1721,78
1499,71
1754,79
1637,76
1442,68
1392,65
1683,77
1510,71
1799,79
1608,75
1701,77
1596,73
1609,71
1418,68
1862,82
1563,71
1699,78
1854,80
1498,68
1531,69
1468,70
1372,65
1380,64
1674,75
1709,75
1480,69
1770,79
1434,69
1420,67
1598,73
1571,75
1514,69
1759,78
1373,64
1539,74
1462,70
1689,76
1542,71
1612,73
1662,74
1820,82
1544,72
1734,76
1637,75
1787,79
1583,71
1693,76
1616,73
1358,67
1396,64
1837,82
1665,73
1614,72
1473,71
1669,76
1812,80
1610,73
1522,73
1704,77
1651,75
1722,78
1799,81
1507,69
1346,63
1832,81
1554,73
1784,80
1743,78
1645,75
1817,81
1491,68
1534,69
1737,74
1494,71
1734,79
1455,67
1548,70
1511,69
1690,77
1476,69
1538,72
1757,78
1637,71
1674,74
1637,72
1616,74
1444,69
1797,79
1423,69
1638,71
1625,75
1659,71
1637,75
1676,76
1566,70
1524,69
1441,68
1516,71
1737,77
1691,77
1735,78
1559,73
1613,72
1459,69
1529,72
1659,75
1485,69
1459,67
1751,79
1349,65
1524,70
1520,70
1531,72
1484,68
1498,70
1606,74
1715,76
1698,77
1543,70
1642,72
1773,78
1436,68
1565,73
1416,67
1668,76
1482,69
1826,82
1455,70
1632,73
1777,78
1646,74
1627,72
1425,66
1356,64
1816,80
1668,74
1776,79
1839,82
1681,77
1387,65
1559,72
1375,67
1688,77
1752,78
1357,62
1462,70
1434,67
1577,72
1723,76
1505,71
1597,72
1850,82
1647,75
1442,67
1663,74
1524,72
1517,67
1536,72
1517,70
1238,62
1724,76
1862,82
1675,77
1600,74
1267,61
1480,68
1802,80
1520,71
1608,74
1633,75
1736,78
1504,70
1544,67
1433,65
1809,79
1719,76
1509,69
1769,79
1390,65
1540,71
1697,75
1614,73
1765,78
1589,70
1347,64
1864,82
1496,71
1621,71
1799,80
1408,67
1823,80
1419,68
1417,68
1738,77
1590,74
1428,69
1529,71
1393,68
1686,77
1649,73
1577,73
1542,72
1820,81
1708,76
1606,74
1715,77
1665,75
1621,72
1564,73
1573,69
1829,81
1531,69
1602,72
1550,73
1800,80
1816,79
1845,82
1591,72
1784,79
1463,69
1660,75
1628,73
1837,82
1720,77
1636,74
1623,75
1463,69
1505,70
1387,65
1667,74
1537,71
1752,79
1756,79
1572,74
1645,76
1584,73
1470,67
1783,80
1728,75
1416,64
1696,77
1746,78
1307,63
1297,63
1721,76
1611,75
1373,65
1598,75
1458,67
1787,80
1267,65
1600,72
1520,69
1442,68
1687,78
1836,82
1611,76
1591,73
1756,79
1723,75
1722,77
1887,83
1537,73
1732,76
1600,72
1618,73
1665,75
1824,80
1556,70
1650,74
1597,72
1375,66
1667,74
1730,76
1365,64
1687,76
1759,78
1524,70
1522,70
1744,77
1671,77
1735,78
1806,80
1376,67
1421,68
1501,70
1736,77
1458,68
1525,71
1391,67
1509,71
1799,81
1500,70
1675,75
1442,68
1815,81
1675,76
1837,82
1439,68
1355,64
1642,73
1464,69
1498,69
1507,71
1574,71
1599,73
1621,74
1407,68
1878,83
1432,67
1687,77
1602,73
1634,73
1784,79
1606,71
1486,70
1277,61
1677,76
1894,83
1631,73
1650,74
1379,67
1685,74
1663,77
1718,78
1323,63
1384,67
1322,65
1516,71
1757,80
1382,67
1385,68
1726,76
1784,80
1655,75
1573,71
1511,68
1473,71
1843,82
1696,75
1518,70
1630,74
1576,72
1696,76
1868,82
1535,70
1699,76
1452,67
1503,70
1444,66
1624,74
1467,69
1538,71
1846,82
1804,80
1894,83
1655,74
1481,69
1548,71
1494,69
1451,68
1556,72
1785,79
1596,74
1395,66
1296,63
1419,70
1597,73
1419,68
1882,83
1653,75
1856,82
1746,76
1528,71
1845,81
1701,76
1501,68
1515,70
1878,83
1485,70
1586,74
1749,79
1673,75
1821,79
1656,75
1912,83
1676,75
1664,74
1511,71
1658,74
1523,69
1500,72
1652,72
1505,70
1525,71
1451,68
1704,78
1827,81
1737,77
1425,67
1377,67
1564,71
1602,76
1416,67
1711,75
1581,75
1746,77
1902,83
1512,68
1650,76
1748,78
1627,76
1775,79
1386,65
1353,66
1480,68
1731,78
1614,72
1428,67
1790,80
1535,73
1670,76
1632,74
1575,72
1652,75
1565,71
1789,80
1701,76
1708,78
1614,74
1385,64
1419,66
1450,69
1657,73
1649,75
1486,71
1653,75
1483,72
1841,81
1750,79
1705,76
1321,64
1874,83
1748,78
1419,68
1304,63
1846,81
1478,68
1571,71
1719,76
1622,75
1528,72
1554,70
1696,74
1417,67
1451,67
1400,67
1742,77
1485,71
1715,78
1725,78
1647,75
1641,76
1586,72
1597,73
1565,70
1605,72
1849,82
1452,66
1438,67
1695,75
1311,62
1464,69
1474,68
1552,71
1562,74
1845,82
1681,76
1644,75
1633,74
1593,73
1547,70
1434,68
1675,76
1727,73
1424,65
1552,71
1812,80
1657,76
1843,82
1584,75
1486,70
1289,65
1462,68
1443,68
1617,74
1638,73
1601,73
1622,74
1416,68
1455,70
1389,64
1422,68
1876,83
1502,68
1665,73
1738,78
1519,72
1659,76
1859,82
1617,74
1716,76
1539,71
1565,71
1556,72
1554,73
1768,80
1669,75
1558,71
1462,69
1498,67
1587,73
1443,69
1678,77
1732,77
1505,70
1599,72
1740,78
1787,80
1744,78
1505,73
1608,75
1792,80
1645,72
1483,69
1490,69
1655,76
1571,71
1684,76
1689,75
1679,76
1305,63
1731,77
1584,74
1783,79
1636,74
1737,79
1578,72
1435,68
1678,76
1455,67
1756,78
1422,69
1599,71
1290,61
1524,70
1513,70
1616,75
1596,73
1688,75
1618,71
1601,71
1580,72
1499,70
1535,71
1448,68
1641,73
1551,72
1623,72
1584,72
1750,79
1725,78
1377,66
1819,81
1845,80
1560,73
1643,75
1562,71
1393,68
1701,76
1694,78
1525,71
1374,66
1544,73
1516,70
1464,70
1412,66
1588,74
1479,69
1679,76
1420,68
1580,73
1695,76
1743,77
1712,78
1896,83
1519,67
1552,73
1476,68
1729,78
1357,66
1651,76
1505,69
1534,71
1448,70
1677,75
1719,76
1645,74
1501,72
1744,77
1413,68
1837,81
1696,75
1750,77
1720,78
1542,71
1660,76
1475,70
1670,75
1541,70
1454,69
1404,67
1634,75
1536,68
1630,75
1334,66
1695,75
1560,71
1633,73
1534,71
1624,74
1616,75
1515,73
1526,72
1310,64
1570,74
1672,74
1430,68
1593,73
1771,80
1492,71
1521,71
1524,69
1429,69
1837,80
1565,72
1671,75
1508,70
1414,70
1653,75
1622,73
1738,78
1482,70
1535,69
1545,72
1560,73
1626,73
1601,74
1845,81
1619,74
1456,67
1588,72
1465,67
1582,73
1544,71
1756,79
1541,71
1578,71
1577,72
1561,72
1467,70
1717,77
1718,77
1847,82
1637,74
1559,70
1604,75
1548,71
1629,71
1610,72
1290,65
1572,71
1522,70
1621,72
1699,75
1517,69
1791,79
1435,69
1409,66
1312,63
1627,74
1367,70
1397,65
1785,79
1654,75
1719,77
1815,81
1564,73
1391,67
1461,69
1605,72
1504,69
1490,68
1840,80
1721,79
1494,70
1591,74
1680,77
1587,71
1672,77
1711,74
1765,79
1409,66
1757,79
1557,71
1663,76
1569,69
1566,72
1283,63
1639,75
1576,70
1485,69
1637,75
1493,73
1446,69
1477,71
1812,80
1435,68
1830,81
1416,65
1430,68
1388,65
1635,75
1684,75
1584,70
1816,81
1561,71
1550,73
1764,79
1681,77
1559,70
1733,76
1656,73
1682,74
1690,75
1606,74
1651,75
1433,66
1404,68
1752,79
1561,71
1810,79
1766,79
1740,77
1831,81
1509,68
1455,69
1554,73
1579,73
1676,75
1575,72
1728,78
1591,72
1633,75
1685,77
1487,70
1764,79
1709,77
1593,71
1429,66
1781,80
1697,78
1619,74
1819,79
1597,71
1832,82
1547,71
1472,68
1667,74
1763,78
1441,69
1773,79
1706,77
1580,73
1490,71
1648,76
1564,73
1737,78
1649,75
1660,74
1592,72
1691,76
1406,68
1551,72
1483,67
1577,70
1840,82
1470,69
1600,74
1510,67
1830,80
1448,67
1655,77
1576,74
1871,81
1732,78
1588,74
1497,67
1499,69
1380,67
1393,65
1643,71
1392,69
1679,76
1776,79
1773,79
1785,79
1686,78
1513,69
1398,66
1742,78
1574,71
1536,71
1664,71
1647,76
1499,70
1602,72
1412,66
1373,64
1532,72
1709,75
1646,74
1579,72
1422,67
1790,79
1766,80
1450,68
1689,75
1662,76
1616,74
1530,69
1546,73
1534,69
1535,71
1591,74
1534,70
1781,79
1797,81
1708,77
1695,77
1396,67
1615,74
1436,69
1527,72
1637,76
1467,68
1558,70
1573,73
1596,73
1559,72
1813,81
1413,65
1698,77
1683,75
1505,70
1769,80
1488,68
1625,74
1605,75
1397,67
1404,68
1409,67
1531,72
1484,70
1487,69
1724,79
1690,76
1657,74
1496,72
1534,72
1485,69
1529,69
1494,71
1628,74
1702,76
1629,76
1734,78
1845,81
1462,67
1700,76
1617,75
1451,67
1770,80
1366,65
1829,79
1320,63
1824,79
1351,64
1405,67
1612,72
1643,75
1442,67
1702,76
1568,75
1424,70
1616,74
1865,82
1683,75
1800,81
1742,79
1568,71
1764,78
1678,76
1687,72
1675,75
1564,73
1477,67
1524,72
1423,67
1824,82
1497,70
1473,68
1647,75
1480,69
1455,67
1528,73
1434,66
1548,73
1416,70
1531,71
1557,69
1422,67
1516,70
1600,76
1733,77
1683,76
1524,73
1406,68
1582,73
1612,73
1429,66
1780,79
1529,71
1811,80
1729,79
1880,82
1616,73
1707,76
1441,67
1645,75
1596,75
1654,75
1461,68
1768,80
1682,77
1666,75
1682,76
1595,72
1679,75
1794,81
1660,76
1501,70
1675,76
1509,72
1478,69
1634,74
1662,74
1815,80
1694,76
1568,71
1554,71
1748,79
1586,71
1766,78
1413,66
1589,73
1681,75
1748,79
1764,78
1876,83
1574,73
1665,76
1737,77
1426,67
1524,73
1445,69
1365,63
1575,72
1573,74
1765,78
1327,65
1478,69
1496,66
1690,77
1689,75
1529,71
1639,72
1787,79
1727,77
1814,80
1451,69
1591,75
1675,76
1461,66
1661,76
1415,69
1405,67
1551,70
1466,67
1438,67
1701,75
1616,74
1745,78
1534,71
1562,69
1521,72
1502,69
1653,76
1476,71
1504,69
1382,67
1779,79
1715,78
1521,70
1624,75
1518,69
1543,71
1564,74
1765,78
1771,79
1612,73
1504,70
1598,72
1420,66
1515,71
1433,67
1707,76
1709,77
1683,76
1465,67
1465,69
1541,71
1515,69
1798,79
1733,76
1796,80
1424,68
1418,68
1355,67
1646,76
1499,71
1478,68
1284,63
1696,75
1757,78
1603,73
1684,76
1544,73
1375,64
1454,67
1583,72
1628,73
1721,77
1820,80
1763,77
1595,72
1668,74
1424,66
1657,74
1653,76
1797,81
1442,68
1730,77
1418,68
1652,75
1803,77
1414,68
1451,69
1654,74
1601,76
1407,67
1711,77
1872,83
1345,64
1571,72
1771,79
1642,74
1729,77
1426,66
1249,60
1528,70
1428,68
1496,71
1436,65
1719,79
1571,72
1822,82
1786,76
1842,81
1622,75
1790,79
1619,72
1434,68
1469,70
1475,69
1570,73
1620,72
1792,79
1438,68
1682,74
1753,77
1484,68
1690,77
1588,73
1705,76
1410,67
1417,66
1484,70
1471,67
1559,71
1872,83
1793,79
1747,77
1662,73
1452,67
1708,78
1438,70
1819,81
1607,72
1434,69
1489,66
1466,70
1537,70
1417,66
1501,68
1509,69
1467,68
1455,69
1645,74
1874,83
1582,71
1757,78
1800,79
1594,71
1473,69
1721,78
1662,74
1431,67
1603,73
1578,73
1715,76
1672,75
1614,75
1608,73
1438,68
1563,73
1846,82
1736,77
1740,79
1551,73
1650,76
1333,61
1371,64
1541,72
1539,73
1344,62
1510,71
1509,69
1781,77
1530,70
1708,78
1826,81
1793,81
1723,76
1578,73
1561,72
1835,81
1633,73
1735,79
1368,68
1763,78
1384,67
1650,73
1391,65
1686,73
1749,78
1738,79
1458,67
1761,79
1725,78
1588,72
1712,77
1395,65
1622,74
1726,77
1487,67
1624,72
1404,65
1833,81
1736,75
1590,73
1666,74
1661,74
1531,71
1449,66
1502,71
1438,67
1581,72
1705,78
1535,70
1425,67
1395,66
1773,78
1577,71
1440,68
1681,76
1528,69
1651,74
1421,70
1704,75
1630,74
1635,74
1532,70
1794,79
1457,65
1549,72
1613,71
1387,66
1667,75
1874,83
1597,74
1541,71
1573,72
1454,69
1615,73
1531,72
1477,69
1285,60
1762,80
1685,75
1780,79
1809,81
1804,79
1473,69
1834,81
1688,74
1637,76
1481,68
1614,75
1515,70
1757,77
1556,73
1435,68
1874,83
1666,75
1644,75
1544,71
1745,79
1506,70
1515,72
1254,62
1251,59
1852,82
1635,75
1591,71
1405,68
1385,67
1806,79
1443,69
1587,72
1367,66
1730,77
1559,70
1592,72
1473,69
1795,77
1635,75
1596,74
1494,69
1714,79
1538,72
1587,70
1559,71
1541,72
1794,80
1609,73
1466,67
1504,69
1361,65
1634,74
1481,68
1546,73
1637,74
1465,68
1668,73
1872,83
1522,69
1785,79
1678,77
1621,72
1843,82
1568,70
1556,72
1601,71
1887,82
1924,83
1537,71
1579,73
1575,72
1803,81
1720,76
1824,81
1541,71
1723,78
1731,78
1586,70
1713,77
1542,70
1503,70
1751,79
1346,64
1435,67
1534,73
1744,78
1882,83
1677,75
1285,64
1492,68
1762,78
1353,62
1536,69
1647,75
1845,82
1549,69
1819,79
1826,81
1818,80
1654,72
1845,80
1569,74
1310,63
1497,71
1177,59
1778,78
1734,79
1638,76
1821,81
1572,72
1592,72
1585,70
1619,74
1597,72
1615,74
1609,76
1543,71
1542,71
1372,64
1714,77
1341,63
1480,69
1465,66
1614,74
1432,65
1824,82
1779,79
1716,77
1523,69
1738,79
1450,69
1782,80
1647,74
1768,80
1684,75
1638,75
1796,79
1379,64
1724,77
1277,63
1433,68
1757,78
1472,70
1761,79
1736,78
1393,66
1514,69
1755,78
1850,81
1505,71
1587,71
1625,73
1729,77
1594,75
1478,69
1538,70
1681,76
1449,67
1515,68
1478,67
1750,78
1371,64
1369,67
1413,66
1578,74
1574,71
1522,69
1469,69
1482,67
1470,69
1377,66
1575,73
1346,65
1669,74
1789,80
1426,66
1447,67
1450,68
1288,62
1667,77
1774,80
1798,78
1359,65
1455,71
1407,68
1320,66
1314,62
1558,71
1546,72
1685,78
1666,75
1595,73
1650,74
1533,72
1736,78
1645,75
1436,67
1628,70
1485,67
1599,70
1409,70
1775,79
1536,70
1710,78
1485,70
1519,71
1413,66
1885,83
1675,77
1749,78
1368,67
1641,72
1565,71
1452,68
1542,73
1498,69
1669,74
1495,65
1426,67
1437,66
1335,65
1622,73
1342,63
1344,63
1701,78
1665,74
1439,68
1579,72
1810,81
1744,79
1694,76
1643,77
1570,70
1647,73
1867,82
1586,71
1601,72
1418,65
1830,82
1823,81
1640,75
1632,74
1456,71
1408,65
1763,79
1649,74
1450,69
1563,71
1632,74
1418,66
1770,79
1589,72
1536,70
1609,70
1535,71
1480,67
1502,69
1638,76
1816,80
1518,69
1655,72
1619,73
1721,76
1590,72
1796,78
1661,76
1484,69
1657,75
1817,80
1488,66
1546,72
1684,76
1659,75
1778,78
1553,72
1521,70
1554,71
1664,76
1422,67
1708,77
1600,72
1772,78
1570,72
1481,69
1369,68
1360,63
1688,75
1497,71
1672,75
1440,64
1463,68
1726,78
1589,72
1835,81
1625,73
1631,74
1360,65
1443,69
1388,66
1694,77
1633,76
1671,77
1417,67
1569,72
1721,77
1535,71
1631,76
1595,73
1482,67
1602,72
1793,80
1717,75
1697,75
1670,74
1453,70
1866,82
1310,64
1429,67
1698,77
1541,72
1669,76
1775,78
1743,78
1491,69
1446,69
1521,70
1643,73
1798,80
1556,68
1754,80
1785,79
1635,73
1413,68
1505,69
1512,70
1666,76
1391,66
1653,74
1713,77
1649,74
1350,66
1466,68
1652,73
1476,68
1722,75
1241,61
1451,69
1599,75
1661,75
1581,72
1837,82
1531,71
1509,67
1793,80
1568,70
1599,71
1810,80
1408,65
1728,77
1631,74
1517,70
1617,73
1714,77
1586,72
1532,70
1423,67
1637,75
1646,75
1532,71
1712,77
1692,75
1408,65
1734,79
1479,69
1623,76
1783,79
1828,81
1485,69
1489,69
1872,83
1409,66
1662,77
1532,71
1687,77
1590,71