1340,61
1453,62
1349,59
1463,63
1416,62
1378,59
1444,63
1490,64
1420,65
1486,68
1502,67
1370,63
1472,68
1472,68
1321,62
1543,69
1458,66
1514,69
1549,70
1405,64
1545,69
1392,63
1393,65
1345,63
1368,63
1326,62
1328,64
1535,68
1394,63
1304,61
1364,62
1418,66
1294,61
1506,69
1339,63
1446,66
1549,70
1241,58
1394,63
1401,65
1395,63
1497,69
1389,64
1425,65
1396,65
1507,69
1394,63
1503,67
1460,68
1368,64
1553,70
1535,69
1415,66
1549,70
1434,65
1442,66
1289,62
1509,67
1428,65
1536,71
1493,69
1597,71
1428,64
1536,71
1620,71
1453,67
1489,70
1408,66
1506,70
1555,68
1296,62
1408,65
1438,67
1431,67
1505,69
1479,67
1479,67
1419,66
1534,69
1532,70
1509,66
1528,71
1480,66
1494,66
1578,69
1335,63
1462,69
1421,66
1504,70
1486,66
1571,72
1511,65
1526,69
1438,68
1423,68
1571,72
1499,68
1411,66
1458,69
1264,60
1425,68
1364,65
1366,66
1447,67
1428,67
1485,68
1474,69
1406,65
1410,66
1270,61
1423,66
1399,66
1426,65
1502,68
1459,66
1460,69
1546,71
1500,69
1557,69
1616,73
1584,72
1623,72
1591,70
1560,71
1435,67
1383,65
1585,72
1545,70
1352,62
1426,68
1503,68
1445,64
1481,67
1476,68
1616,73
1577,71
1492,69
1547,69
1496,69
1616,73
1592,72
1567,72
1511,69
1519,68
1658,74
1503,71
1504,69
1645,73
1588,71
1616,73
1523,70
1467,66
1502,68
1543,68
1574,70
1527,70
1642,73
1450,66
1611,72
1495,67
1562,70
1412,68
1589,70
1437,66
1546,69
1519,69
1530,70
1505,68
1500,66
1419,65
1658,74
1340,64
1647,72
1408,65
1440,66
1607,73
1409,67
1605,73
1420,66
1521,68
1448,67
1442,66
1632,72
1392,65
1577,71
1393,65
1378,64
1448,66
1509,69
1412,66
1535,70
1418,66
1611,73
1555,68
1413,65
1421,64
1495,66
1485,67
1476,67
1508,69
1463,67
1431,66
1560,72
1614,71
1539,71
1632,73
1512,68
1481,69
1541,69
1381,62
1658,74
1388,66
1550,71
1492,68
1429,66
1483,70
1500,68
1485,69
1658,74
1435,69
1532,69
1469,69
1518,69
1456,68
1482,66
1492,67
1646,73
1641,71
1344,63
1472,67
1436,66
1617,72
1563,70
1534,70
1482,67
1484,69
1632,73
1629,73
1522,69
1490,70
1491,67
1520,70
1517,69
1289,63
1496,68
1533,69
1554,70
1518,68
1581,72
1618,72
1383,65
1648,74
1590,72
1540,71
1447,66
1510,70
1475,66
1569,70
1484,69
1537,69
1570,71
1535,70
1560,70
1510,67
1524,70
1660,74
1522,69
1579,72
1620,73
1648,74
1652,73
1424,67
1482,68
1618,73
1514,69
1443,67
1516,69
1585,72
1573,72
1472,70
1382,66
1652,74
1612,72
1472,69
1439,67
1657,73
1501,69
1562,70
1637,73
1509,69
1574,71
1644,74
1644,74
1520,68
1582,72
1569,71
1644,74
1472,68
1652,74
1413,67
1607,73
1482,68
1421,68
1494,69
1536,69
1549,71
1475,68
1477,67
1515,69
1588,71
1652,74
1579,69
1436,67
1466,67
1560,70
1551,70
1498,68
1575,72
1428,65
1393,68
1497,69
1505,71
1497,69
1536,71
1424,63
1587,72
1411,65
1512,68
1518,71
1490,67
1575,73
1353,64
1573,71
1336,65
1608,71
1470,68
1645,74
1578,71
1559,70
1594,72
1413,66
1550,70
1591,71
1381,64
1371,67
1676,75
1448,67
1449,68
1600,72
1537,69
1658,74
1468,68
1640,74
1606,73
1451,68
1692,75
1631,73
1584,72
1497,69
1612,73
1680,75
1343,64
1533,69
1644,73
1406,66
1620,71
1676,75
1585,72
1520,70
1666,74
1568,72
1510,70
1576,71
1549,71
1418,69
1563,71
1521,72
1632,74
1615,73
1531,70
1495,70
1492,70
1590,73
1446,67
1574,72
1555,72
1676,75
1561,71
1450,68
1637,74
1538,70
1498,69
1513,70
1594,73
1445,66
1517,69
1493,69
1676,75
1538,71
1544,71
1676,75
1446,67
1567,70
1506,70
1406,67
1426,65
1448,69
1572,71
1625,73
1455,67
1569,72
1429,68
1440,68
1392,67
1509,70
1646,73
1450,67
1499,70
1411,68
1471,67
1404,67
1611,72
1504,67
1557,68
1511,69
1633,73
1545,72
1619,73
1676,75
1413,69
1533,71
1316,63
1453,67
1445,66
1453,67
1561,70
1655,74
1583,72
1666,74
1655,74
1381,65
1582,72
1437,68
1605,71
1676,75
1547,71
1505,70
1637,72
1597,73
1417,67
1482,66
1670,75
1423,68
1658,74
1642,73
1605,74
1389,65
1457,67
1626,73
1483,70
1543,72
1425,68
1468,68
1672,75
1501,70
1668,75
1487,69
1402,67
1574,72
1610,73
1486,71
1670,74
1402,68
1492,70
1426,67
1505,70
1494,71
1453,68
1536,71
1502,70
1580,72
1462,69
1490,70
1476,70
1674,73
1584,73
1611,74
1413,64
1546,71
1631,74
1407,67
1487,70
1483,70
1504,70
1468,68
1489,70
1613,73
1668,75
1542,71
1450,69
1568,72
1586,71
1668,75
1586,73
1464,68
1693,75
1619,73
1521,71
1558,72
1647,74
1554,72
1417,67
1594,72
1668,74
1544,71
1534,72
1480,70
1446,68
1510,69
1445,68
1519,70
1489,70
1586,72
1630,73
1451,67
1461,69
1472,69
1483,69
1448,68
1559,71
1625,74
1649,74
1629,74
1663,75
1414,67
1612,73
1465,68
1401,66
1406,66
1577,73
1369,65
1654,74
1431,68
1586,71
1578,73
1652,74
1450,69
1419,67
1623,73
1667,75
1462,67
1592,73
1508,71
1592,74
1546,71
1479,70
1483,69
1471,70
1605,72
1611,71
1422,67
1500,68
1485,69
1416,67
1507,71
1405,66
1439,67
1446,68
1590,72
1332,63
1607,74
1663,75
1396,68
1631,73
1537,71
1600,73
1438,69
1339,65
1512,69
1563,72
1641,74
1373,63
1385,66
1567,72
1547,72
1660,75
1490,69
1549,71
1662,74
1443,69
1282,63
1406,66
1518,71
1452,68
1536,72
1465,70
1529,71
1657,75
1531,72
1539,71
1563,72
1657,75
1513,68
1543,71
1436,68
1566,73
1470,68
1358,65
1320,65
1432,68
1434,68
1397,65
1676,74
1609,73
1260,64
1428,69
1426,66
1546,71
1522,71
1435,68
1657,75
1426,68
1373,65
1513,70
1491,70
1657,75
1244,62
1516,70
1486,70
1637,74
1394,62
1648,75
1509,69
1512,72
1457,68
1528,71
1542,72
1633,74
1502,69
1346,65
1556,72
1487,69
1572,73
1414,67
1368,67
1462,69
1685,75
1424,69
1556,71
1555,72
1380,67
1456,69
1425,68
1648,75
1412,67
1677,74
1576,73
1498,71
1382,63
1622,74
1393,68
1365,66
1341,66
1451,69
1404,68
1530,71
1413,68
1497,69
1430,68
1485,70
1449,70
1454,68
1480,69
1427,68
1429,68
1648,75
1644,75
1606,74
1419,66
1416,68
1550,71
1416,67
1571,73
1523,71
1545,72
1644,75
1554,72
1423,67
1324,64
1294,63
1495,70
1443,68
1399,67
1374,64
1326,63
1435,69
1410,67
1585,73
1573,72
1440,68
1608,74
1560,72
1527,71
1500,70
1409,66
1491,68
1415,66
1597,74
1574,72
1503,71
1513,70
1444,70
1587,73
1644,75
1493,70
1474,68
1573,72
1570,72
1571,73
1571,73
1491,71
1638,75
1638,75
1556,73
1593,74
1530,71
1335,66
1595,74
1513,70
1443,68
1428,67
1521,71
1513,72
1676,76
1449,68
1611,74
1609,72
1501,70
1509,69
1563,71
1537,71
1635,74
1575,72
1569,73
1570,71
1336,66
1429,69
1445,69
1549,72
1497,69
1429,66
1567,72
1390,64
1633,75
1441,67
1449,69
1496,70
1459,67
1628,75
1676,76
1381,64
1564,73
1493,71
1544,72
1347,64
1643,75
1677,74
1461,69
1401,66
1680,76
1470,70
1590,73
1652,75
1548,72
1613,71
1542,71
1494,71
1601,74
1521,72
1437,68
1552,70
1416,69
1676,76
1398,68
1594,73
1634,75
1509,67
1517,71
1493,68
1520,70
1479,69
1523,71
1566,72
1655,75
1471,65
1600,74
1565,72
1430,68
1561,72
1446,67
1547,71
1623,73
1400,63
1554,70
1526,69
1610,75
1538,71
1666,75
1524,71
1418,67
1386,68
1569,71
1471,67
1418,69
1680,76
1678,76
1674,76
1468,70
1480,70
1401,64
1575,72
1447,69
1508,68
1514,71
1672,76
1501,70
1672,76
1399,68
1483,71
1336,64
1521,70
1513,71
1651,75
1539,71
1540,70
1508,70
1489,68
1405,66
1334,65
1530,70
1426,68
1568,70
1538,70
1511,69
1310,64
1653,75
1550,73
1631,73
1558,73
1672,76
1484,69
1653,75
1466,69
1588,74
1446,68
1468,69
1592,73
1580,73
1672,76
1470,67
1650,74
1571,74
1420,66
1515,70
1615,74
1472,68
1444,68
1627,75
1418,65
1650,75
1664,76
1453,68
1648,74
1327,64
1635,75
1586,72
1592,74
1585,74
1550,72
1509,68
1679,75
1693,76
1652,74
1486,71
1468,69
1486,70
1602,74
1674,75
1480,69
1623,75
1503,68
1471,69
1652,75
1369,66
1429,68
1554,71
1698,76
1529,72
1539,71
1574,71
1616,74
1606,74
1414,66
1527,73
1472,68
1523,70
1564,70
1529,71
1506,71
1545,70
1421,69
1510,71
1437,68
1430,65
1586,72
1662,76
1488,68
1461,69
1432,68
1545,73
1375,65
1559,73
1662,76
1567,72
1551,72
1573,74
1550,73
1702,75
1465,69
1584,72
1591,74
1509,69
1471,71
1602,73
1402,68
1555,71
1406,65
1458,69
1461,70
1547,71
1449,67
1541,71
1405,64
1594,73
1528,68
1544,71
1531,71
1480,70
1676,76
1455,69
1635,73
1578,74
1372,65
1512,69
1662,76
1549,72
1536,70
1573,71
1676,76
1457,69
1560,71
1516,70
1532,68
1347,65
1490,70
1538,71
1483,68
1574,73
1587,73
1585,73
1426,66
1507,70
1662,76
1449,68
1527,69
1326,63
1576,72
1668,76
1619,73
1601,72
1407,66
1461,69
1652,75
1572,73
1395,67
1633,77
1578,75
1322,65
1323,64
1460,70
1576,75
1417,70
1453,70
1407,69
1425,70
1197,63
1536,73
1438,71
1494,71
1500,71
1311,66
1561,75
1325,68
1477,71
1454,71
1266,67
1486,71
1521,72
1448,72
1420,70
1373,67
1559,74
1490,71
1368,66
1495,73
1428,68
1405,69
1473,70
1657,77
1417,68
1555,75
1438,68
1383,68
1371,66
1468,71
1502,73
1616,76
1403,68
1322,64
1507,71
1306,65
1463,71
1545,74
1354,68
1412,70
1491,72
1535,73
1471,70
1507,71
1254,66
1620,76
1487,72
1496,71
1562,75
1659,78
1676,78
1546,74
1465,71
1598,76
1431,70
1274,63
1625,77
1659,78
1502,73
1625,76
1542,74
1215,60
1448,70
1613,76
1683,78
1593,76
1480,71
1501,68
1584,75
1630,77
1635,77
1355,67
1645,77
1599,76
1534,72
1628,77
1474,70
1448,73
1588,76
1612,76
1402,67
1498,72
1521,73
1338,65
1438,70
1642,78
1418,69
1585,74
1642,76
1660,78
1359,65
1661,77
1424,71
1429,70
1585,76
1642,77
1349,68
1366,69
1463,74
1398,69
1373,68
1395,70
1533,74
1524,72
1382,68
1368,68
1232,63
1271,64
1414,70
1289,66
1537,75
1486,73
1423,69
1291,65
1642,78
1416,70
1480,69
1576,75
1592,76
1591,77
1311,64
1550,74
1401,68
1414,67
1467,71
1561,75
1444,73
1473,72
1472,72
1378,67
1594,77
1436,71
1344,69
1515,74
1588,76
1653,78
1537,75
1402,68
1444,71
1360,67
1574,76
1434,71
1437,70
1496,73
1506,73
1462,70
1382,68
1206,61
1430,69
1469,71
1300,64
1462,71
1650,78
1444,69
1355,66
1455,71
1571,76
1639,78
1639,78
1635,78
1466,69
1645,77
1630,78
1441,67
1486,70
1624,77
1549,73
1588,75
1525,72
1516,73
1623,77
1512,72
1517,72
1423,69
1620,76
1449,69
1566,73
1469,70
1517,71
1580,74
1394,67
1568,74
1450,67
1558,75
1583,74
1565,75
1375,67
1601,75
1479,72
1564,74
1593,75
1246,59
1644,78
1455,66
1407,69
1545,74
1366,64
1576,75
1508,74
1505,70
1426,66
1581,76
1632,78
1634,78
1463,71
1502,72
1600,75
1344,67
1554,74
1663,76
1373,66
1522,71
1544,73
1386,69
1420,66
1629,74
1620,75
1345,64
1630,78
1429,68
1540,72
1531,74
1626,75
1608,77
1527,71
1457,68
1414,68
1604,77
1562,74
1609,77
1285,63
1527,70
1592,75
1333,64
1514,72
1613,76
1543,74
1624,77
1330,64
1473,68
1523,74
1462,68
1525,74
1649,76
1494,73
1327,65
1456,68
1443,69
1478,71
1247,60
1619,74
1447,70
1628,78
1576,74
1204,60
1515,71
1423,67
1344,67
1624,77
1536,70
1597,75
1511,74
1593,74
1563,75
1508,72
1436,67
1431,70
1375,66
1472,69
1628,78
1379,66
1515,71
1470,73
1410,68
1604,75
1316,65
1516,72
1431,70
1397,70
1585,75
1526,72
1528,72
1422,70
1574,75
1603,77
1445,70
1473,71
1312,62
1597,76
1530,72
1478,71
1504,71
1518,73
1592,76
1576,76
1515,74
1350,66
1628,78
1448,68
1575,76
1628,78
1463,72
1452,70
1506,72
1489,70
1432,67
1484,69
1388,68
1518,71
1508,72
1452,73
1575,74
1459,70
1530,74
1608,75
1595,76
1588,76
1441,67
1481,71
1541,74
1616,77
1459,69
1440,68
1626,78
1424,69
1454,69
1329,65
1488,72
1515,73
1478,73
1493,73
1469,72
1557,74
1373,67
1561,73
1510,74
1511,72
1605,76
1638,78
1568,75
1556,76
1439,68
1632,78
1560,74
1602,76
1615,75
1446,66
1543,74
1553,72
1554,75
1348,67
1373,67
1445,70
1481,70
1509,74
1444,70
1547,73
1584,75
1400,69
1482,71
1388,67
1312,66
1485,73
1500,71
1453,70
1583,72
1397,64
1484,72
1644,78
1373,67
1551,73
1509,70
1561,75
1387,67
1567,75
1434,69
1569,74
1549,74
1272,63
1300,62
1581,76
1446,71
1508,71
1564,74
1470,70
1617,76
1440,70
1462,69
1568,74
1497,71
1536,70
1462,71
1525,74
1638,78
1447,68
1447,69
1673,77
1601,77
1405,69
1413,68
1525,73
1389,65
1576,74
1309,64
1484,73
1350,65
1549,75
1476,71
1433,68
1613,77
1466,66
1445,70
1545,71
1421,70
1484,68
1533,75
1561,73
1605,76
1586,73
1492,70
1550,76
1502,72
1505,72
1545,74
1465,70
1486,71
1475,71
1590,75
1438,70
1597,76
1292,64
1548,72
1567,74
1354,66
1582,75
1449,68
1513,73
1588,75
1307,64
1452,68
1552,72
1517,71
1511,70
1468,70
1547,72
1404,66
1411,67
1524,74
1528,73
1375,68
1228,64
1446,70
1457,68
1542,74
1348,66
1357,66
1565,74
1482,69
1609,76
1476,71
1325,67
1595,77
1520,72
1410,66
1307,66
1561,75
1626,78
1620,74
1481,72
1592,76
1563,74
1477,73
1547,75
1319,65
1357,66
1425,68
1447,69
1442,70
1329,64
1536,72
1607,74
1566,76
1355,66
1511,72
1485,70
1475,70
1422,68
1632,77
1632,78
1499,71
1562,75
1629,76
1444,68
1644,76
1458,70
1371,67
1470,71
1545,73
1507,71
1534,73
1443,70
1494,72
1594,74
1390,67
1373,69
1373,67
1616,75
1453,68
1474,71
1537,73
1303,64
1368,68
1610,74
1544,75
1597,78
1597,78
1553,74
1601,77
1530,73
1588,71
1550,74
1459,68
1537,75
1454,70
1585,77
1484,73
1303,65
1307,63
1524,71
1539,74
1416,69
1347,67
1603,75
1542,75
1512,71
1523,72
1555,72
1447,71
1568,75
1480,73
1237,63
1405,67
1603,78
1426,69
1329,66
1380,66
1423,70
1591,77
1455,70
1481,71
1546,76
1513,72
1548,72
1547,74
1516,72
1438,70
1330,65
1524,74
1469,72
1302,64
1548,75
1470,72
1438,72
1571,74
1491,73
1509,73
1481,72
1590,77
1440,72
1590,77
1291,64
1540,76
1518,73
1464,69
1597,78
1561,74
1512,73
1564,75
1440,72
1506,71
1423,70
1492,71
1321,66
1590,75
1531,75
1512,74
1597,78
1443,68
1346,68
1438,72
1457,72
1495,72
1402,69
1415,71
1392,68
1305,64
1386,67
1453,73
1485,71
1326,66
1511,73
1406,67
1480,73
1398,67
1371,67
1510,74
1406,69
1580,77
1454,68
1458,72
1456,71
1333,67
1327,67
1466,70
1390,68
1333,67
1603,78
1453,69
1525,74
1430,69
1534,75
1563,75
1488,72
1588,77
1416,67
1303,66
1508,71
1595,77
1268,65
1514,73
1563,77
1599,78
1322,65
1509,71
1603,78
1455,69
1475,70
1597,78
1603,78
1383,65
1413,69
1396,69
1372,68
1486,74
1489,71
1555,75
1514,74
1325,66
1262,63
1573,73
1603,78
1560,76
1437,72
1379,69
1503,74
1496,71
1468,71
1405,70
1377,67
1539,73
1518,74
1570,77
1516,71
1509,74
1546,70
1534,70
1516,73
1388,68
1595,78
1401,71
1546,74
1511,74
1525,73
1541,75
1513,75
1503,72
1589,78
1408,68
1392,68
1485,73
1394,69
1469,70
1435,72
1512,76
1286,64
1576,77
1499,74
1545,74
1327,66
1445,68
1412,68
1589,78
1563,75
1368,69
1448,70
1386,69
1451,70
1552,74
1569,77
1490,73
1574,74
1312,67
1498,73
1442,72
1465,74
1377,67
1484,71
1580,77
1589,78
1401,69
1413,70
1591,75
1444,71
1486,72
1498,73
1498,73
1567,77
1493,72
1540,72
1409,69
1494,70
1511,70
1621,78
1560,76
1469,74
1316,66
1465,73
1555,76
1591,78
1490,73
1541,76
1546,75
1612,77
1500,74
1274,64
1530,75
1493,74
1331,67
1506,74
1274,63
1567,75
1556,74
1264,65
1457,72
1511,70
1413,71
1492,73
1427,69
1481,71
1582,76
1585,77
1378,68
1540,74
1296,66
1416,70
1591,78
1528,75
1433,69
1425,70
1423,70
1454,70
1502,75
1382,66
1202,62
1601,76
1419,71
1417,67
1408,70
1473,73
1589,78
1589,78
1501,73
1440,70
1545,74
1457,71
1596,78
1426,73
1506,71
1512,75
1513,73
1544,75
1486,73
1348,67
1438,72
1495,72
1494,72
1589,78
1558,76
1306,65
1559,77
1592,77
1526,75
1469,73
1571,76
1397,69
1568,76
1240,64
1501,74
1547,76
1555,75
1512,72
1572,74
1358,66
1465,72
1535,72
1411,70
1353,64
1540,74
1390,68
1375,65
1445,69
1386,67
1581,77
1516,70
1580,76
1487,73
1421,71
1350,66
1526,74
1390,69
1412,66
1452,69
1460,73
1504,74
1571,77
1548,76
1506,73
1531,73
1418,71
1434,69
1595,78
1440,67
1427,70
1496,73
1563,76
1589,78
1389,71
1336,64
1516,75
1567,76
1440,71
1527,76
1519,75
1413,69
1516,74
1561,73
1316,65
1567,77
1422,71
1531,73
1425,68
1496,73
1502,69
1516,75
1323,66
1454,68
1582,77
1468,71
1410,70
1120,57
1270,65
1564,74
1557,75
1553,76
1486,73
1513,74
1321,66
1512,72
1536,73
1515,73
1332,65
1398,71
1483,73
1502,73
1467,74
1461,72
1549,76
1366,66
1492,71
1545,75
1401,67
1474,73
1571,76
1428,70
1560,75
1556,75
1575,77
1372,67
1509,75
1573,76
1515,76
1195,60
1317,67
1608,75
1383,69
1447,68
1545,76
1477,72
1572,77
1421,71
1400,71
1613,77
1361,68
1397,68
1431,69
1485,72
1620,77
1589,78
1356,66
1443,69
1589,78
1275,63
1344,67
1545,76
1481,73
1459,70
1560,75
1512,75
1354,66
1395,68
1596,76
1407,69
1531,75
1520,74
1585,78
1569,74
1526,71
1470,71
1601,78
1551,76
1559,77
1371,68
1607,78
1330,68
1522,75
1376,68
1459,72
1463,71
1455,72
1587,76
1484,72
1470,73
1539,76
1446,70
1423,71
1509,73
1563,76
1243,61
1380,67
1563,73
1490,74
1380,71
1424,69
1560,77
1298,65
1559,76
1401,70
1429,73
1231,63
1613,78
1342,67
1468,70
1502,72
1395,66
1449,70
1406,69
1426,73
1573,76
1567,76
1460,71
1530,71
1291,64
1414,69
1487,69
1603,75
1440,72
1487,73
1587,78
1565,77
1390,68
1482,72
1483,72
1521,73
1550,77
1506,74
1405,70
1323,65
1196,60
1558,76
1526,76
1390,66
1473,70
1372,70
1474,74
1351,68
1456,72
1205,59
1508,73
1584,76
1441,72
1281,66
1333,64
1394,69
1477,74
1485,74
1533,75
1563,76
1422,73
1341,66
1618,79
1591,76
1573,76
1516,73
1618,79
1517,73
1347,66
1394,69
1362,69
1468,73
1476,72
1567,74
1549,74
1622,79
1505,74
1567,75
1471,72
1459,73
1592,75
1501,73
1609,76
1440,69
1491,72
1467,71
1586,77
1560,76
1557,72
1604,76
1481,73
1605,77
1636,79
1500,72
1561,74
1420,67
1591,76
1606,78
1306,66
1410,69
1515,76
1538,76
1485,72
1423,70
1551,76
1500,72
1547,74
1582,77
1470,70
1256,61
1584,76
1620,79
1587,75
1472,73
1501,72
1453,72
1632,79
1618,79
1619,77
1462,72
1594,77
1407,70
1433,71
1609,78
1366,68
1456,73
1618,79
1464,69
1630,79
1545,76
1460,70
1503,75
1437,70
1626,79
1541,76
1575,72
1428,71
1495,71
1447,70
1491,73
1510,71
1470,69
1474,72
1512,74
1541,74
1504,75
1521,73
1278,64
1582,77
1573,77
1539,71
1329,67
1398,68
1442,68
1420,69
1474,73
1443,70
1418,71
1535,73
1410,68
1399,64
1472,72
1508,68
1428,70
1468,71
1507,74
1449,72
1527,74
1382,68
1391,68
1486,71
1575,77
1520,74
1539,72
1577,77
1485,74
1378,67
1253,61
1505,75
1377,68
1342,68
1390,67
1606,78
1454,71
1488,71
1440,70
1426,71
1532,75
1361,66
1366,67
1487,69
1328,65
1373,68
1511,75
1411,68
1355,67
1292,64
1466,73
1513,75
1569,77
1419,69
1397,69
1320,67
1474,70
1452,71
1596,77
1421,66
1468,69
1489,73
1478,72
1513,76
1559,76
1299,65
1422,72
1457,69
1600,75
1500,73
1544,77
1381,66
1414,70
1547,75
1618,79
1478,73
1533,71
1616,79
1582,78
1482,74
1379,67
1536,74
1578,77
1614,79
1410,71
1562,76
1473,71
1358,67
1498,72
1607,74
1436,72
1407,69
1488,72
1414,69
1602,75
1555,76
1429,70
1508,72
1487,71
1277,63
1562,76
1479,68
1465,70
1546,77
1296,65
1558,77
1508,75
1588,77
1364,66
1567,76
1561,76
1550,73
1447,70
1560,74
1515,73
1544,73
1442,71
1430,70
1629,77
1498,73
1436,71
1600,78
1289,67
1429,70
1623,77
1598,78
1405,68
1526,74
1451,70
1396,69
1613,77
1616,79
1552,75
1566,72
1385,66
1518,72
1454,72
1432,70
1505,73
1488,72
1376,67
1519,73
1476,72
1469,72
1558,74
1586,77
1384,66
1614,79
1601,78
1416,68
1593,78
1418,70
1532,75
1574,76
1416,68
1593,77
1581,77
1469,71
1529,74
1629,78
1407,69
1426,69
1530,75
1425,69
1321,65
1506,72
1572,75
1431,70
1354,69
1547,76
1362,68
1570,76
1620,75
1504,72
1620,79
1497,72
1420,70
1539,76
1528,74
1349,66
1398,67
1328,66
1541,74
1409,71
1517,76
1516,72
1360,65
1529,75
1536,74
1540,75
1411,68
1552,77
1472,71
1509,74
1496,71
1377,68
1614,79
1400,70
1625,76
1536,74
1524,74
1572,73
1451,70
1614,79
1466,72
1401,68
1395,68
1498,72
1522,76
1562,75
1565,77
1614,79
1449,67
1317,65
1375,67
1614,79
1654,79
1636,76
1483,71
1496,72
1475,71
1478,71
1520,74
1521,73
1470,72
1512,74
1329,67
1542,74
1614,79
1530,75
1614,79
1305,66
1410,68
1366,67
1537,76
1540,75
1412,71
1571,77
1572,77
1517,72
1458,73
1354,66
1494,73
1430,69
1618,79
1470,70
1614,79
1501,74
1412,70
1369,70
1470,70
1355,67
1552,73
1355,66
1543,76
1455,73
1585,74
1556,74
1578,78
1518,72
1420,72
1622,78
1580,77
1429,69
1407,69
1627,79
1564,76
1373,66
1502,72
1369,64
1570,77
1569,76
1531,74
1341,65
1445,69
1345,68
1531,76
1521,76
1486,73
1637,78
1579,78
1573,76
1585,76
1571,77
1567,75
1353,66
1587,76
1526,72
1327,63
1340,65
1448,70
1578,78
1526,75
1389,66
1444,70
1509,75
1390,65
1595,76
1610,78
1590,78
1445,72
1435,67
1586,76
1556,76
1517,73
1546,72
1423,70
1417,70
1467,70
1562,75
1564,75
1448,71
1379,69
1424,69
1488,72
1498,73
1420,68
1521,73
1456,71
1563,76
1383,69
1506,72
1287,66
1524,75
1412,68
1579,78
1543,73
1491,70
1489,73
1460,72
1554,77
1391,69
1332,65
1392,68
1473,71
1390,68
1366,67
1313,66
1445,66
1501,74
1591,74
1482,69
1583,75
1375,67
1610,79
1595,76
1568,75
1525,75
1542,75
1516,69
1620,77
1537,76
1610,79
1469,72
1475,72
1526,73
1431,70
1375,68
1516,72
1463,70
1588,77
1479,68
1422,68
1398,68
1503,70
1576,75
1533,73
1446,71
1501,72
1651,78
1364,67
1608,79
1488,70
1490,69
1446,71
1451,69
1551,73
1637,79
1581,75
1471,69
1555,74
1559,73
1371,67
1457,68
1464,70
1544,73
1399,63
1541,71
1586,76
1405,68
1512,73
1335,65
1500,74
1386,68
1453,70
1576,75
1515,73
1581,75
1582,73
1441,74
1418,70
1599,78
1616,79
1572,78
1532,74
1621,78
1522,72
1348,65
1499,73
1525,74
1617,78
1510,75
1501,70
1557,75
1642,78
1518,72
1552,73
1485,71
1373,66
1604,75
1606,79
1612,77
1530,70
1313,64
1573,76
1345,67
1598,74
1380,66
1573,77
1588,78
1486,71
1446,69
1479,71
1567,76
1454,69
1610,79
1406,68
1338,66
1405,68
1346,65
1426,69
1466,71
1460,70
1446,72
1461,73
1356,67
1632,78
1607,78
1606,79
1433,68
1564,77
1627,79
1510,73
1303,64
1553,74
1446,70
1514,72
1353,68
1505,72
1505,72
1539,75
1531,75
1578,77
1520,72
1393,65
1419,67
1448,69
1261,62
1435,67
1592,75
1483,72
1615,78
1565,73
1434,69
1481,73
1561,74
1453,70
1362,66
1536,74
1482,70
1540,75
1496,74
1518,70
1567,76
1586,77
1546,75
1281,62
1590,77
1514,71
1491,70
1567,75
1621,78
1544,77
1494,72
1574,77
1480,70
1650,78
1590,76
1481,73
1298,65
1556,76
1378,65
1356,67
1553,74
1487,71
1611,74
1368,67
1494,73
1395,68
1374,68
1632,78
1546,72
1329,64
1608,79
1480,71
1319,63
1562,74
1558,72
1493,70
1500,71
1566,73
1403,69
1664,78
1604,79
1434,67
1645,76
1532,74
1383,68
1567,75
1613,78
1592,78
1515,74
1321,64
1453,69
1563,74
1525,75
1589,76
1546,72
1349,65
1585,74
1484,72
1504,73
1509,73
1565,76
1394,68
1596,75
1547,74
1441,70
1503,73
1442,69
1491,72
1486,75
1484,72
1460,69
1428,69
1590,76
1464,70
1445,72
1603,76
1483,70
1604,79
1474,72
1426,68
1411,69
1453,71
1604,75
1435,68
1261,62
1282,64
1546,74
1401,67
1459,70
1607,75
1441,72
1486,71
1435,73
1578,72
1493,72
1346,67
1604,79
1374,67
1539,74
1465,68
1378,65
1380,64
1596,74
1369,67
1532,74
1440,69
1606,79
1436,72
1496,74
1595,78
1515,72
1634,79
1559,73
1598,75
1507,74
1538,72
1535,74
1502,70
1469,72
1438,73
1457,70
1604,79
1507,73
1609,73
1469,72
1425,67
1345,65
1481,72
1462,69
1541,74
1377,67
1525,75
1595,75
1356,66
1602,79
1530,75
1536,74
1328,67
1573,77
1596,78
1560,76
1642,78
1520,70
1547,76
1540,74
1549,75
1331,63
1442,72
1413,66
1583,75
1453,72
1602,77
1565,75
1457,66
1390,65
1554,74
1419,67
1427,69
1409,66
1576,77
1478,70
1453,67
1634,79
1407,70
1652,76
1524,73
1666,77
1423,70
1637,77
1469,67
1506,73
1367,67
1588,74
1354,64
1602,79
1404,68
1602,79
1572,74
1630,76
1453,69
1416,69
1587,77
1547,75
1468,66
1453,67
1630,79
1544,75
1386,68
1605,76
1593,75
1672,75
1612,79
1458,69
1390,69
1351,65
1567,74
1451,69
1603,76
1434,67
1494,72
1397,67
1576,73
1471,71
1563,77
1462,70
1573,76
1484,67
1461,71
1591,76
1503,73
1576,74
1547,74
1462,71
1462,69
1436,69
1465,72
1604,79
1601,78
1458,70
1448,68
1507,72
1380,67
1434,69
1602,79
1626,79
1438,69
1377,69
1537,72
1383,66
1308,63
1482,70
1506,73
1523,68
1602,77
1531,72
1477,68
1562,74
1483,71
1492,71
1312,62
1413,71
1406,68
1534,74
1503,71
1404,66
1400,68
1444,71
1629,76
1363,67
1551,77
1366,66
1404,68
1618,78
1478,71
1428,66
1488,71
1444,69
1554,74
1536,76
1615,77
1482,73
1486,72
1574,75
1376,67
1634,79
1544,76
1421,70
1505,72
1602,79
1552,72
1578,74
1525,70
1338,64
1596,76
1577,76
1323,63
1588,74
1369,69
1462,69
1566,75
1523,73
1626,75
1569,78
1604,79
1536,76
1487,70
1374,65
1504,71
1524,74
1551,74
1405,66
1631,77
1593,74
1572,73
1494,71
1488,71
1510,73
1490,71
1593,78
1442,68
1595,78
1435,69
1598,78
1539,75
1463,73
1546,74
1553,75
1499,71
1602,79
1291,64
1479,73
1497,69
1476,69
1523,71
1476,70
1583,74
1528,72
1552,75
1326,66
1616,75
1552,76
1498,72
1438,69
1602,79
1519,71
1550,76
1406,68
1602,79
1514,71
1536,74
1460,70
1418,66
1540,74
1444,70
1587,78
1440,70
1540,74
1586,76
1626,78
1556,76
1478,70
1400,67
1604,79
1654,78
1523,74
1523,70
1602,77
1446,70
1571,76
1432,69
1612,77
1611,78
1216,61
1478,70
1431,63
1456,70
1423,69
1591,77
1580,78
1578,76
1437,69
1555,73
1347,64
1606,79
1402,70
1539,75
1325,66
1286,63
1534,74
1560,72
1517,70
1498,71
1635,77
1602,79
1561,75
1495,72
1566,74
1469,73
1578,75
1569,77
1504,73
1610,78
1602,79
1384,70
1581,77
1414,70
1386,67
1603,76
1587,77
1611,74
1458,70
1310,63
1388,67
1380,66
1409,68
1469,72
1346,63
1542,71
1374,69
1558,76
1469,69
1573,78
1537,74
1496,72
1489,72
1327,65
1402,66
1630,77
1469,67
1482,70
1598,76
1490,72
1518,72
1469,69
1578,76
1538,76
1572,75
1529,72
1481,70
1471,72
1613,74
1402,69
1557,73
1473,70
1280,65
1637,77
1495,69
1537,75
1496,71
1386,68
1482,74
1568,76
1609,74
1481,69
1477,70
1596,74
1556,76
1545,72
1513,73
1504,74
1568,75
1504,72
1453,67
1564,73
1467,67
1597,78
1514,75
1533,77
1568,76
1518,73
1602,76
1500,74
1534,75
1619,75
1589,77
1527,75
1605,78
1499,74
1635,76
1522,72
1520,73
1541,72
1566,76
1365,66
1429,68
1270,63
1448,70
1552,72
1449,70
1535,74
1434,66
1518,72
1464,69
1512,72
1403,69
1529,76
1440,70
1544,74
1520,72
1510,74
1411,66
1445,69
1419,70
1499,70
1464,70
1385,65
1358,65
1403,66
1431,70
1370,68
1523,75
1497,72
1469,71
1614,79
1213,60
1308,63
1602,79
1534,74
1410,67
1436,68
1397,68
1604,79
1397,67
1549,77
1345,66
1483,73
1440,70
1518,72
1534,72
1430,69
1345,66
1435,69
1557,75
1503,73
1629,78
1551,77
1378,65
1395,66
1448,69
1463,66
1603,78
1379,67
1478,70
1579,73
1561,74
1520,73
1545,73
1533,75
1577,73
1643,79
1467,73
1541,75
1684,77
1595,78
1393,67
1559,75
1533,71
1552,74
1593,78
1443,69
1563,77
1423,68
1582,77
1602,79
1238,62
1566,78
1398,66
1374,65
1432,71
1505,74
1583,77
1375,68
1493,73
1470,70
1547,76
1492,69
1479,72
1430,67
1375,66
1610,74
1530,74
1553,77
1475,72
1583,76
1602,79
1428,68
1480,72
1335,65
1610,78
1562,70
1560,77
1590,78
1628,78
1407,65
1351,64
1548,75
1516,71
1339,64
1483,70
1503,71
1577,77
1635,79
1553,77
1523,72
1525,74
1527,70
1194,62
1487,72
1430,66
1477,67
1443,71
1531,73
1510,73
1440,65
1372,66
1464,70
1606,79
1493,73
1554,75
1526,72
1471,67
1389,63
1560,76
1526,72
1545,72
1477,71
1602,79
1512,74
1602,79
1401,67
1602,79
1440,70
1570,77
1581,77
1555,75
1507,74
1517,74
1563,75
1513,74
1317,64
1436,69
1431,69
1448,69
1390,69
1602,79
1617,76
1633,79
1588,77
1557,74
1587,76
1385,65
1376,65
1303,63
1584,76
1597,74
1498,69
1482,70
1477,72
1599,73
1474,73
1508,74
1366,66
1518,74
1527,75
1429,70
1254,62
1515,74
1524,74
1476,73
1487,71
1426,68
1380,67
1635,78
1383,65
1568,76
1622,79
1500,70
1569,76
1568,76
1658,77
1546,76
1520,75
1593,77
1439,69
1531,76
1561,76
1602,79
1462,70
1499,71
1317,62
1372,69
1625,76
1644,75
1473,71
1456,69
1680,77
1521,71
1475,70
1525,73
1629,77
1726,81
1401,66
1444,71
1500,71
1554,74
1319,64
1549,74
1542,75
1517,71
1634,76
1480,74
1590,76
1578,73
1562,74
1507,70
1655,76
1685,77
1604,75
1628,76
1561,74
1613,74
1304,66
1437,72
1717,80
1563,76
1294,67
1444,70
1642,78
1581,74
1602,77
1683,78
1387,67
1493,70
1640,77
1513,73
1688,80
1598,76
1487,72
1699,79
1616,74
1692,80
1646,75
1397,69
1726,81
1690,80
1530,72
1686,77
1611,75
1634,77
1719,77
1355,65
1453,68
1374,68
1543,73
1630,76
1656,79
1776,81
1546,72
1650,78
1596,76
1655,78
1450,70
1726,81
1337,67
1565,75
1424,68
1637,75
1587,74
1498,72
1363,67
1682,78
1594,76
1481,72
1713,80
1450,72
1632,78
1628,77
1528,72
1475,70
1499,72
1442,67
1393,68
1321,66
1562,74
1452,69
1435,68
1609,75
1409,69
1434,69
1543,74
1486,69
1498,71
1680,80
1399,65
1578,75
1596,73
1644,77
1308,67
1447,71
1652,77
1701,79
1540,72
1667,76
1630,77
1642,78
1412,71
1504,72
1651,78
1498,73
1383,68
1542,75
1588,77
1580,75
1640,76
1565,74
1456,67
1593,77
1726,81
1349,65
1508,74
1556,74
1554,76
1609,73
1657,79
1527,72
1634,78
1634,78
1654,77
1603,75
1331,69
1347,66
1520,73
1515,72
1543,75
1650,79
1607,78
1568,74
1607,77
1530,74
1337,66
1303,66
1721,79
1446,71
1531,75
1501,70
1489,71
1529,72
1529,73
1448,69
1643,77
1458,70
1655,77
1517,72
1424,70
1514,70
1698,79
1593,76
1686,77
1529,73
1680,78
1532,75
1641,78
1425,69
1477,72
1644,75
1617,75
1450,71
1560,73
1564,75
1568,74
1468,71
1651,78
1628,77
1511,71
1616,78
1497,72
1493,68
1538,74
1687,78
1662,76
1663,79
1590,75
1452,73
1550,74
1611,77
1482,73
1613,77
1503,72
1470,71
1515,74
1595,76
1637,75
1536,76
1419,71
1533,73
1522,74
1631,78
1526,74
1625,78
1499,72
1594,76
1585,77
1379,68
1643,77
1518,71
1618,77
1547,73
1532,73
1699,80
1499,73
1634,79
1631,74
1507,72
1672,79
1495,72
1526,74
1615,77
1473,71
1465,70
1517,73
1589,76
1539,73
1508,73
1405,65
1496,72
1587,75
1676,80
1682,80
1643,77
1604,75
1488,72
1545,73
1385,68
1661,79
1558,74
1574,74
1611,74
1555,75
1528,71
1556,74
1646,78
1424,68
1269,64
1649,77
1346,68
1593,76
1726,80
1663,77
1612,75
1615,77
1354,68
1662,76
1545,73
1516,72
1484,73
1585,77
1650,78
1451,69
1552,74
1493,72
1699,80
1743,78
1265,64
1559,73
1463,71
1601,77
1366,66
1640,78
1656,78
1582,75
1480,73
1562,74
1769,82
1691,78
1742,79
1306,65
1388,67
1438,69
1703,78
1719,81
1708,79
1472,71
1503,70
1480,73
1686,78
1444,71
1581,74
1713,80
1645,77
1623,75
1597,75
1594,77
1614,76
1628,77
1448,70
1681,77
1525,72
1568,75
1506,72
1397,69
1561,75
1685,79
1517,71
1718,78
1639,79
1628,76
1592,74
1582,74
1732,80
1638,76
1698,79
1659,76
1682,78
1412,68
1534,74
1594,75
1652,78
1722,79
1691,78
1582,75
1705,79
1675,76
1729,78
1574,75
1575,71
1592,74
1575,74
1531,74
1678,80
1490,71
1580,73
1463,71
1619,76
1494,72
1714,81
1769,82
1532,73
1522,71
1639,78
1522,72
1549,74
1628,77
1623,76
1803,81
1703,78
1596,74
1534,70
1459,69
1512,71
1415,69
1525,70
1511,72
1767,82
1540,72
1500,70
1664,77
1615,75
1564,75
1603,75
1500,71
1675,79
1696,79
1502,69
1541,71
1523,72
1537,71
1584,73
1486,70
1391,67
1482,70
1716,76
1667,77
1580,74
1623,76
1554,74
1598,76
1606,73
1603,77
1632,76
1643,75
1636,76
1570,70
1611,74
1489,69
1735,81
1587,74
1592,74
1767,82
1628,77
1500,70
1704,80
1675,78
1651,78
1767,82
1686,79
1684,78
1682,80
1567,73
1746,81
1662,76
1681,77
1646,76
1681,76
1636,74
1731,81
1786,82
1438,69
1514,70
1531,70
1310,63
1664,77
1561,73
1641,76
1696,80
1692,79
1767,82
1542,73
1633,76
1605,74
1650,76
1717,80
1602,74
1626,76
1614,74
1507,70
1387,67
1666,78
1695,80
1745,81
1714,80
1569,71
1681,76
1633,75
1616,76
1735,79
1725,81
1704,77
1302,65
1582,73
1721,80
1692,80
1590,76
1655,78
1412,67
1725,80
1611,76
1493,71
1536,71
1702,78
1652,78
1726,79
1681,80
1534,72
1621,76
1645,77
1566,72
1645,77
1693,77
1594,74
1593,73
1512,71
1615,75
1610,74
1637,78
1623,75
1699,79
1613,71
1431,68
1716,79
1658,78
1700,80
1730,79
1434,69
1650,75
1597,73
1581,74
1537,72
1275,63
1597,76
1683,77
1614,76
1455,70
1577,73
1762,81
1434,65
1665,77
1319,66
1617,73
1605,74
1621,74
1759,82
1759,82
1671,78
1390,64
1673,77
1712,79
1480,68
1509,70
1611,76
1658,78
1595,74
1655,77
1767,79
1729,80
1709,79
1651,78
1623,76
1482,70
1306,64
1719,78
1499,72
1328,64
1614,76
1580,72
1505,71
1569,72
1427,68
1638,78
1401,69
1682,78
1713,80
1765,80
1732,78
1698,80
1296,63
1658,79
1587,74
1698,79
1611,74
1692,79
1723,81
1513,71
1537,73
1486,68
1552,73
1688,80
1656,77
1741,81
1585,74
1699,77
1674,79
1627,75
1455,69
1511,69
1759,82
1759,82
1601,72
1566,73
1599,75
1591,74
1707,80
1466,71
1576,75
1581,74
1656,78
1716,79
1630,74
1620,76
1401,68
1639,78
1514,71
1722,79
1709,78
1554,73
1384,66
1590,76
1622,75
1551,72
1516,73
1765,82
1682,78
1600,76
1606,76
1606,75
1612,76
1490,69
1604,75
1759,82
1690,79
1700,77
1387,67
1683,79
1602,74
1657,79
1512,71
1518,72
1573,76
1546,74
1594,72
1605,73
1484,71
1539,71
1621,76
1714,79
1640,77
1661,77
1736,80
1649,76
1566,73
1621,74
1675,79
1618,77
1504,71
1546,73
1687,77
1664,76
1412,65
1633,76
1713,79
1598,75
1611,75
1563,72
1661,78
1437,69
1505,71
1557,73
1722,81
1620,76
1650,76
1444,69
1490,69
1638,75
1620,75
1588,76
1539,71
1648,76
1555,72
1649,78
1651,78
1679,79
1690,78
1445,70
1445,69
1683,78
1738,81
1708,78
1712,78
1722,79
1564,73
1441,69
1715,81
1573,72
1525,73
1719,79
1561,75
1575,73
1765,82
1544,75
1462,69
1547,73
1656,77
1619,75
1644,77
1646,76
1400,66
1597,75
1615,74
1624,76
1725,81
1686,79
1727,81
1755,77
1559,72
1613,75
1593,73
1607,76
1338,66
1459,68
1595,73
1564,75
1585,72
1625,74
1557,71
1646,77
1644,75
1680,79
1657,76
1743,79
1456,69
1583,75
1639,76
1582,73
1593,74
1441,70
1473,69
1697,78
1594,73
1675,77
1474,70
1585,70
1759,82
1652,77
1759,82
1677,79
1327,66
1655,77
1625,74
1612,76
1604,75
1596,75
1628,77
1669,78
1587,74
1545,73
1719,80
1363,65
1617,74
1728,81
1578,76
1551,73
1517,74
1598,74
1678,78
1629,76
1718,80
1472,68
1482,72
1447,70
1727,81
1759,82
1420,67
1520,72
1703,77
1662,76
1776,82
1546,72
1656,78
1710,78
1528,73
1645,77
1733,79
1458,67
1609,74
1608,75
1759,82
1701,78
1663,78
1401,68
1723,81
1636,78
1460,69
1572,73
1683,79
1765,82
1500,72
1544,73
1544,71
1571,73
1355,64
1574,74
1724,78
1516,74
1656,76
1511,71
1645,76
1585,75
1339,67
1424,68
1587,72
1578,73
1692,79
1560,74
1554,73
1664,78
1761,82
1731,80
1569,75
1655,79
1722,78
1594,75
1462,68
1731,79
1616,75
1694,77
1751,77
1670,77
1625,77
1566,73
1752,80
1635,76
1565,75
1642,76
1588,75
1681,78
1598,73
1653,78
1606,73
1713,80
1596,75
1613,72
1598,75
1604,75
1620,74
1673,79
1591,75
1686,79
1546,72
1642,78
1509,73
1683,78
1688,79
1709,79
1601,76
1454,70
1721,78
1639,76
1661,75
1491,69
1603,78
1577,74
1628,76
1470,71
1613,75
1554,74
1453,68
1583,74
1692,79
1669,78
1515,70
1658,77
1444,71
1698,80
1731,76
1514,72
1738,81
1758,80
1570,73
1402,66
1469,66
1702,80
1599,72
1526,71
1698,78
1640,78
1645,77
1712,80
1606,75
1734,80
1697,77
1664,76
1579,73
1427,68
1640,78
1619,77
1519,69
1669,77
1636,77
1676,79
1645,77
1437,68
1638,77
1602,75
1669,78
1501,71
1636,74
1680,76
1600,76
1427,68
1517,71
1784,81
1623,74
1575,71
1661,77
1596,75
1631,76
1641,76
1458,69
1504,71
1639,77
1631,76
1615,75
1661,77
1640,75
1488,69
1564,73
1704,79
1425,67
1539,72
1590,75
1630,72
1490,69
1579,74
1473,70
1546,71
1545,74
1703,79
1590,75
1785,82
1547,73
1765,82
1651,74
1592,75
1546,73
1430,69
1633,76
1601,76
1673,79
1236,63
1453,69
1637,76
1692,78
1689,77
1598,76
1588,73
1477,72
1614,75
1610,73
1595,74
1551,73
1738,80
1718,79
1754,80
1678,77
1696,79
1555,72
1548,74
1471,68
1509,70
1545,72
1608,76
1547,72
1672,77
1615,76
1644,79
1725,79
1650,78
1483,71
1715,80
1597,76
1666,76
1776,82
1693,79
1686,80
1422,65
1634,78
1586,75
1545,71
1698,80
1528,72
1446,68
1571,74
1691,77
1393,66
1510,72
1667,78
1568,74
1661,76
1717,81
1453,70
1616,77
1633,78
1670,76
1570,74
1616,75
1520,70
1457,70
1373,66
1723,80
1441,68
1676,76
1572,73
1591,75
1662,77
1616,78
1687,79
1666,78
1639,78
1515,71
1615,77
1726,79
1653,75
1437,68
1445,69
1572,74
1491,70
1700,75
1619,76
1635,78
1666,77
1563,74
1579,75
1677,74
1703,79
1653,78
1529,71
1713,81
1630,75
1544,72
1658,77
1594,75
1499,68
1597,75
1566,73
1562,71
1578,73
1244,61
1713,81
1607,75
1554,73
1529,72
1654,76
1638,77
1619,75
1694,79
1586,74
1459,69
1570,73
1581,73
1452,66
1432,68
1606,75
1648,77
1539,71
1556,72
1652,79
1592,74
1610,75
1670,78
1759,82
1738,81
1641,76
1759,82
1749,81
1583,75
1555,72
1371,67
1641,76
1678,77
1675,80
1464,69
1611,75
1607,77
1679,79
1567,75
1403,64
1443,69
1585,74
1383,68
1758,79
1725,80
1438,69
1699,79
1668,78
1659,77
1554,72
1539,74
1720,79
1348,65
1526,72
1612,76
1563,74
1475,70
1603,73
1584,74
1671,78
1546,72
1602,73
1528,72
1494,72
1639,77
1685,79
1656,75
1753,79
1552,72
1675,78
1578,73
1611,72
1598,75
1670,78
1665,79
1665,76
1610,75
1577,73
1584,71
1663,76
1684,77
1558,70
1616,73
1537,72
1391,67
1532,69
1550,72
1537,74
1687,80
1580,72
1558,74
1616,75
1662,78
1490,71
1663,77
1416,67
1566,74
1444,69
1738,81
1592,74
1595,75
1624,76
1661,77
1550,72
1687,79
1627,78
1639,75
1440,69
1616,76
1641,75
1759,82
1655,78
1569,72
1679,76
1552,71
1714,80
1290,66
1492,70
1695,78
1611,73
1601,73
1581,76
1407,66
1645,75
1654,76
1697,79
1655,77
1719,80
1726,78
1665,77
1462,71
1548,74
1623,74
1403,64
1640,76
1592,75
1639,77
1576,72
1713,77
1599,74
1657,77
1727,79
1741,79
1670,77
1565,71
1576,74
1713,81
1708,78
1665,75
1680,74
1625,78
1610,75
1614,74
1708,79
1631,77
1670,78
1605,74
1574,74
1618,74
1683,79
1664,76
1654,76
1765,82
1495,69
1583,72
1610,75
1666,76
1759,82
1640,75
1569,73
1674,78
1523,71
1419,67
1650,76
1723,79
1662,77
1698,77
1301,64
1630,73
1660,74
1688,77
1472,69
1590,74
1759,82
1437,66
1685,75
1639,76
1452,68
1542,73
1563,75
1612,77
1665,79
1659,76
1572,75
1605,73
1608,77
1608,75
1648,74
1598,73
1621,73
1662,76
1652,77
1573,73
1743,80
1576,73
1590,72
1602,74
1488,70
1733,80
1701,79
1692,79
1689,79
1426,68
1417,66
1495,70
1470,69
1509,71
1741,78
1679,76
1678,79
1661,78
1647,78
1306,65
1530,73
1691,79
1292,61
1531,70
1581,73
1645,74
1654,76
1581,75
1688,80
1676,80
1545,73
1461,69
1337,66
1498,69
1248,64
1484,70
1560,73
1474,71
1690,80
1664,78
1671,78
1711,79
1508,70
1672,79
1545,73
1560,75
1634,78
1672,79
1617,77
1626,77
1708,80
1426,66
1689,79
1587,75
1613,75
1691,79
1618,76
1660,78
1600,74
1603,76
1593,74
1561,73
1655,74
1640,76
1625,76
1452,69
1596,73
1620,75
1656,77
1686,79
1648,75
1636,76
1597,72
1677,80
1592,73
1602,76
1568,72
1747,79
1720,79
1488,71
1540,73
1457,68
1645,78
1639,77
1542,71
1599,74
1697,80
1644,77
1585,77
1573,75
1721,79
1293,62
1715,79
1580,73
1347,63
1563,73
1703,78
1660,79
1640,76
1418,68
1738,80
1674,79
1684,76
1276,63
1620,75
1660,79
1480,69
1676,78
1616,76
1599,75
1463,68
1571,72
1496,72
1570,76
1735,78
1675,76
1662,76
1567,74
1665,75
1647,76
1548,72
1335,65
1432,68
1605,75
1664,78
1613,76
1573,75
1718,80
1480,69
1491,70
1462,69
1671,79
1650,77
1660,77
1591,76
1599,72
1496,68
1525,71
1630,73
1674,79
1661,77
1638,77
1644,79
1608,74
1736,80
1646,73
1592,75
1761,81
1677,75
1609,74
1593,74
1641,79
1466,70
1357,66
1308,64
1645,78
1776,81
1621,75
1467,70
1561,74
1589,74
1473,70
1650,76
1608,74
1725,81
1515,70
1690,78
1554,73
1624,76
1488,69
1729,79
1591,76
1514,74
1755,79
1738,81
1530,72
1555,73
1556,73
1676,77
1621,76
1638,79
1536,71
1656,78
1674,77
1575,73
1687,79
1666,76
1476,72
1460,70
1690,80
1740,81
1513,71
1633,77
1602,76
1523,71
1566,74
1523,74
1623,73
1574,71
1509,71
1697,79
1741,80
1588,74
1671,77
1609,75
1703,80
1745,81
1690,79
1370,66
1679,79
1618,75
1669,77
1582,75
1511,70
1371,65
1453,68
1632,77
1638,79
1534,72
1484,70
1637,76
1655,77
1732,81
1644,75
1536,67
1654,77
1618,76
1713,80
1749,81
1512,71
1523,72
1680,77
1589,74
1764,81
1737,78
1608,74
1673,78
1627,74
1630,77
1589,74
1683,80
1646,77
1630,75
1513,72
1659,78
1673,78
1502,71
1717,80
1577,75
1549,72
1722,80
1624,75
1619,74
1659,76
1605,73
1625,76
1510,73
1582,73
1674,78
1626,75
1620,76
1650,76
1527,72
1734,81
1767,82
1562,73
1675,76
1714,79
1437,67
1536,73
1312,63
1686,79
1655,77
1608,73
1715,81
1490,71
1674,78
1669,79
1523,71
1482,70
1493,71
1533,70
1665,77
1454,70
1405,68
1692,76
1735,81
1586,73
1238,63
1732,81
1640,78
1590,74
1597,75
1759,82
1513,72
1609,75
1648,78
1711,81
1643,77
1616,76
1622,76
1718,79
1736,80
1635,76
1654,77
1603,78
1664,74
1440,71
1702,80
1653,78
1748,79
1632,78
1506,70
1642,75
1534,72
1761,80
1557,72
1659,77
1601,75
1662,77
1499,68
1483,70
1705,78
1632,76
1589,74
1737,79
1666,76
1624,76
1536,75
1605,75
1543,72
1391,66
1744,81
1251,60
1595,75
1625,76
1482,69
1652,77
1289,64
1625,74
1700,79
1712,80
1638,76
1730,78
1759,82
1488,70
1628,76
1474,71
1669,79
1541,72
1630,77
1397,66
1649,76
1394,67
1622,74
1577,76
1683,79
1610,74
1633,74
1463,69
1447,70
1599,75
1631,75
1716,79
1580,74
1602,74
1624,74
1648,77
1585,74
1567,74
1535,73
1532,71
1557,72
1664,78
1677,77
1691,79
1622,76
1617,75
1495,69
1640,77
1399,67
1558,70
1650,78
1692,78
1691,76
1675,77
1591,74
1638,76
1662,79
1635,77
1596,75
1638,75
1712,78
1654,76
1723,81
1481,69
1654,78
1704,77
1529,73
1649,75
1577,74
1807,82
1494,71
1563,71
1685,77
1675,79
1486,69
1537,69
1655,78
1659,79
1675,76
1550,73
1564,73
1668,79
1589,73
1550,71
1610,74
1667,78
1601,73
1698,80
1630,76
1759,82
1609,73
1515,70
1612,76
1472,67
1601,78
1684,78
1704,80
1693,76
1728,81
1420,68
1607,76
1618,75
1691,79
1646,77
1636,76
1570,75
1604,77
1546,72
1658,78
1458,69
1511,72
1681,78
1712,78
1494,70
1508,67
1405,66
1624,77
1513,73
1633,73
1584,74
1705,79
1751,79
1585,73
1629,76
1637,78
1592,74
1690,79
1654,77
1704,78
1652,78
1549,73
1399,67
1609,75
1761,82
1693,78
1586,74
1634,78
1600,76
1330,64
1448,70
1496,71
1624,78
1531,72
1568,74
1603,74
1677,77
1645,76
1469,70
1743,81
1574,70
1618,75
1659,78
1624,76
1712,80
1505,73
1535,70
1633,75
1428,67
1677,74
1346,65
1703,76
1532,70
1568,75
1677,79
1475,69
1331,64
1747,79
1693,78
1606,76
1614,73
1607,75
1495,70
1592,74
1642,77
1668,77
1622,75
1650,78
1635,77
1622,75
1725,80
1674,78
1526,71
1621,76
1447,66
1703,79
1657,75
1593,73
1696,79
1530,71
1695,79
1610,75
1713,81
1754,80
1380,66
1658,77
1609,74
1593,72
1380,66
1717,77
1649,75
1558,73
1658,77
1584,71
1616,76
1550,72
1678,77
1662,75
1503,72
1534,73
1607,76
1533,72
1766,81
1594,75
1599,74
1657,77
1660,74
1664,79
1675,78
1505,70
1680,78
1514,70
1379,65
1570,73
1569,74
1561,71
1674,74
1628,76
1508,68
1442,69
1509,66
1733,81
1715,81
1805,82
1361,65
1759,82
1469,70
1505,68
1577,72
1435,69
1428,69
1683,80
1455,70
1759,82
1579,76
1518,71
1547,71
1563,71
1430,70
1706,80
1558,73
1547,72
1465,70
1759,82
1481,70
1584,75
1637,75
1494,69
1593,75
1581,73
1445,70
1684,75
1680,78
1383,67
1632,76
1625,75
1639,73
1289,63
1435,69
1634,76
1659,76
1663,78
1527,73
1374,67
1596,73
1724,80
1397,64
1703,79
1523,71
1665,76
1615,73
1552,73
1524,68
1664,78
1549,74
1507,69
1683,76
1517,69
1607,73
1552,72
1652,78
1461,70
1536,71
1589,74
1503,70
1516,70
1686,79
1646,75
1472,69
1447,68
1618,75
1539,73
1589,73
1652,76
1467,68
1629,77
1678,76
1456,70
1579,74
1414,66
1532,71
1630,76
1450,69
1524,70
1769,81
1687,78
1714,80
1698,76
1668,76
1759,82
1666,78
1590,75
1712,80
1687,79
1556,73
1600,72
1625,74
1723,81
1759,82
1519,72
1550,72
1583,74
1663,73
1481,68
1607,74
1302,64
1617,74
1679,77
1569,73
1556,74
1669,78
1580,72
1682,74
1586,72
1475,70
1525,72
1614,77
1712,80
1625,76
1625,77
1557,72
1698,78
1590,73
1646,78
1698,78
1459,69
1637,76
1703,74
1694,78
1469,66
1564,76
1462,67
1328,61
1445,66
1608,73
1453,69
1373,67
1731,81
1496,72
1515,70
1532,70
1572,70
1576,72
1617,77
1715,80
1552,71
1409,67
1769,81
1635,75
1658,78
1590,74
1588,76
1622,77
1483,71
1598,72
1738,80
1547,71
1642,75
1575,75
1444,69
1710,80
1719,79
1620,74
1269,63
1423,68
1506,70
1659,78
1637,75
1607,77
1759,82
1574,73
1579,75
1460,70
1590,74
1489,70
1666,75
1715,81
1392,65
1636,76
1724,79
1662,79
1643,74
1664,76
1427,68
1688,80
1475,67
1742,81
1530,70
1754,78
1651,75
1744,80
1334,64
1369,62
1700,79
1613,72
1527,72
1664,77
1295,63
1745,80
1691,75
1669,77
1504,71
1665,77
1584,74
1617,76
1483,72
1562,74
1700,78
1664,79
1452,69
1414,69
1611,75
1637,75
1674,75
1621,76
1628,75
1697,76
1325,64
1455,69
1456,67
1669,80
1752,81
1586,74
1634,75
1541,73
1640,78
1594,75
1635,76
1532,72
1533,71
1465,71
1693,77
1504,71
1637,73
1581,71
1511,68
1390,69
1622,78
1551,70
1632,78
1576,74
1625,73
1517,67
1615,73
1570,71
1708,80
1500,70
1673,79
1666,78
1475,69
1477,69
1625,78
1555,71
1708,78
1608,75
1605,75
1640,76
1576,73
1640,74
1586,73
1401,65
1580,74
1623,75
1296,66
1671,79
1604,73
1722,79
1687,77
1484,69
1557,71
1615,76
1519,70
1556,73
1598,73
1711,80
1765,82
1725,80
1622,76
1581,75
1704,78
1612,76
1563,75
1492,69
1643,75
1480,70
1597,75
1581,76
1663,79
1715,80
1685,78
1647,78
1535,72
1576,71
1512,70
1718,80
1435,67
1594,73
1785,82
1477,69
1576,68
1656,79
1643,75
1672,78
1669,76
1759,82
1723,81
1620,75
1779,81
1580,74
1620,76
1720,79
1454,67
1604,73
1360,66
1592,74
1519,72
1759,82
1652,75
1662,76
1699,77
1647,77
1526,72
1714,80
1635,77
1705,78
1448,69
1514,73
1552,70
1464,68
1661,75
1642,76
1552,72
1405,66
1407,68
1529,72
1704,80
1609,71
1653,77
1375,65
1481,69
1565,73
1593,73
1572,70
1628,74
1424,68
1692,80
1527,71
1516,72
1576,74
1485,71
1652,77
1587,71
1677,79
1525,72
1716,79
1613,75
1755,81
1561,74
1699,79
1547,72
1617,76
1614,76
1388,66
1692,78
1670,76
1398,67
1533,72
1497,70
1298,62
1469,68
1662,75
1619,77
1673,78
1691,75
1592,76
1695,77
1398,67
1475,67
1672,77
1621,75
1514,68
1405,66
1641,78
1679,77
1564,74
1679,79
1543,72
1650,74
1565,73
1603,78
1662,78
1540,73
1530,72
1592,74
1649,76
1734,79
1656,77
1608,74
1663,77
1580,74
1662,76
1688,78
1568,74
1332,65
1553,74
1591,71
1714,79
1542,68
1593,70
1543,72
1604,72
1714,78
1647,77
1651,79
1442,66
1630,78
1681,77
1635,76
1707,78
1682,79
1663,74
1674,75
1603,76
1444,70
1500,70
1592,75
1439,71
1707,80
1486,70
1640,76
1517,69
1696,78
1603,76
1476,71
1410,67
1578,73
1586,72
1565,73
1761,82
1426,70
1386,65
1767,82
1684,73
1484,70
1621,78
1338,67
1708,80
1733,79
1648,76
1628,73
1392,67
1628,75
1630,77
1649,77
1502,69
1590,73
1499,71
1668,77
1551,73
1679,80
1708,76
1543,70
1552,72
1466,69
1640,78
1519,69
1194,60
1728,78
1541,72
1649,79
1626,76
1589,74
1504,69
1650,78
1650,77
1740,81
1693,78
1722,80
1506,69
1403,67
1759,82
1712,80
1466,69
1767,82
1681,79
1658,78
1526,74
1556,74
1693,79
1684,80
1553,72
1647,76
1724,78
1657,77
1693,78
1638,77
1701,79
1775,82
1589,74
1657,76
1723,81
1685,79
1625,75
1679,78
1736,81
1653,79
1547,72
1488,71
1645,78
1649,78
1607,76
1654,78
1663,76
1508,72
1800,82
1534,72
1604,75
1557,69
1479,69
1651,79
1658,72
1665,76
1513,69
1632,75
1595,73
1538,72
1688,76
1527,71
1683,77
1655,77
1322,66
1581,74
1688,78
1673,77
1655,75
1672,78
1698,76
1699,80
1418,66
1561,74
1661,78
1423,68
1558,71
1611,75
1658,78
1458,69
1715,81
1640,78
1532,71
1633,76
1588,71
1299,67
1710,79
1555,72
1544,73
1464,70
1541,73
1535,74
1775,81
1639,76
1709,80
1623,76
1484,69
1543,72
1666,76
1493,72
1655,75
1631,75
1525,71
1761,82
1716,80
1607,76
1661,79
1653,75
1567,72
1664,77
1611,75
1515,68
1533,71
1713,78
1646,79
1641,76
1577,73
1484,70
1469,68
1674,79
1715,81
1499,68
1669,77
1694,78
1648,78
1403,67
1716,79
1409,68
1749,81
1631,77
1508,68
1725,79
1716,78
1738,81
1667,76
1690,79
1588,73
1513,72
1563,74
1520,72
1535,72
1565,74
1310,66
1684,78
1639,77
1433,68
1665,78
1567,72
1590,73
1474,69
1390,66
1540,71
1528,70
1560,74
1533,73
1585,72
1723,80
1525,70
1710,77
1699,79
1591,72
1638,79
1505,68
1422,67
1652,75
1305,63
1580,74
1568,73
1583,75
1673,79
1759,82
1507,70
1495,73
1650,78
1584,74
1721,81
1569,73
1365,64
1557,71
1620,78
1705,77
1637,75
1755,80
1449,70
1620,76
1665,77
1590,72
1642,75
1646,78
1381,68
1593,75
1684,80
1632,76
1431,66
1492,70
1676,79
1572,74
1609,76
1563,73
1621,76
1568,71
1635,77
1656,79
1708,78
1658,76
1626,75
1568,74
1669,76
1552,74
1743,81
1717,80
1555,71
1786,79
1619,76
1450,68
1648,79
1713,79
1750,80
1759,82
1580,73
1585,74
1700,80
1579,73
1602,77
1461,70
1713,81
1477,70
1748,78
1644,78
1756,79
1634,75
1659,73
1593,73
1710,79
1688,76
1581,74
1721,79
1652,76
1526,70
1447,67
1533,70
1584,75
1418,66
1580,75
1614,73
1518,70
1707,77
1630,75
1650,73
1647,77
1590,76
1725,81
1549,72
1574,71
1696,78
1627,74
1547,73
1703,80
1505,70
1665,78
1721,80
1583,75
1544,74
1722,79
1533,74
1748,79
1467,69
1703,80
1594,73
1504,69
1584,77
1502,71
1518,72
1655,78
1649,74
1558,72
1461,69
1666,77
1701,78
1710,77
1571,72
1669,78
1711,78
1594,73
1370,66
1662,76
1474,69
1640,78
1666,76
1527,68
1552,74
1642,76
1639,74
1379,68
1648,78
1466,70
1701,78
1615,74
1744,81
1759,82
1562,75
1582,71
1593,73
1688,77
1734,79
1551,73
1769,82
1491,68
1424,69
1738,80
1675,77
1491,71
1600,75
1528,70
1608,75
1614,74
1635,78
1793,82
1475,70
1547,74
1624,76
1663,79
1382,67
1676,78
1620,75
1603,74
1351,66
1603,75
1712,80
1289,63
1652,78
1488,71
1598,75
1574,73
1691,80
1694,79
1386,66
1515,72
1561,71
1321,66
1481,72
1555,70
1527,69
1635,76
1759,82
1633,78
1676,78
1622,77
1417,66
1547,73
1610,76
1672,77
1556,75
1607,75
1385,68
1614,74
1681,76
1476,69
1605,75
1655,75
1740,80
1626,78
1687,78
1556,72
1643,79
1477,69
1698,80
1677,79
1711,80
1638,76
1458,67
1668,76
1658,75
1698,79
1622,75
1556,72
1527,72
1685,79
1542,71
1400,67
1662,77
1630,75
1676,76
1759,82
1558,73
1599,74
1509,70
1655,76
1683,78
1497,74
1607,74
1759,82
1665,78
1615,74
1630,75
1603,75
1576,73
1545,74
1712,79
1556,71
1697,79
1698,80
1588,74
1598,74
1558,72
1696,79
1716,80
1548,74
1486,71
1678,78
1660,75
1708,77
1733,80
1707,80
1561,74
1734,77
1616,77
1664,75
1737,80
1583,75
1564,73
1700,80
1658,75
1407,66
1482,70
1611,76
1759,82
1696,78
1558,74
1556,72
1530,73
1720,80
1603,76
1627,77
1728,81
1667,79
1599,75
1703,79
1630,75
1556,73
1599,75
1759,82
1738,81
1308,64
1583,71
1326,63
1489,68
1593,73
1597,75
1521,73
1497,73
1374,66
1608,77
1734,77
1589,74
1538,73
1540,71
1575,74
1667,75
1493,70
1721,78
1569,72
1636,76
1734,80
1622,77
1676,78
1670,78
1654,76
1496,70
1488,71
1451,70
1723,81
1615,74
1653,78
1490,71
1486,69
1561,73
1635,73
1728,77
1649,75
1595,76
1644,77
1488,69
1517,72
1633,74
1687,79
1551,70
1625,78
1656,75
1528,74
1669,80
1684,77
1742,81
1640,76
1730,80
1663,79
1677,77
1675,80
1384,68
1581,73
1525,69
1580,72
1679,79
1643,75
1668,78
1596,74
1541,70
1644,76
1671,76
1658,78
1679,76
1290,66
1551,74
1687,78
1622,76
1507,72
1728,80
1545,73
1611,73
1586,75
1759,82
1632,73
1506,70
1622,77
1676,78
1705,78
1717,80
1497,72
1646,76
1586,72
1671,79
1601,74
1455,68
1618,75
1632,74
1609,75
1671,78
1504,71
1732,77
1785,82
1555,73
1571,74
1585,73
1622,78
1560,72
1745,78
1731,80
1516,72
1595,74
1459,70
1586,74
1727,81
1261,63
1678,79
1530,72
1541,71
1654,78
1604,75
1475,72
1767,81
1685,79
1634,73
1637,74
1581,73
1536,73
1724,79
1613,75
1684,80
1509,73
1611,74
1402,67
1362,64
1393,69
1534,74
1514,73
1658,79
1585,74
1430,70
1519,71
1699,80
1604,77
1527,72
1557,74
1619,77
1529,72
1589,73
1537,72
1659,77
1759,82
1613,73
1576,74
1585,75
1602,72
1565,75
1520,72
1696,79
1421,67
1373,67
1622,74
1686,79
1604,75
1719,80
1533,73
1588,77
1413,68
1610,76
1674,78
1410,65
1579,75
1672,78
1452,69
1658,76
1694,78
1667,77
1447,69
1404,67
1511,72
1775,82
1587,75
1558,75
1590,72
1591,76
1534,73
1417,68
1536,73
1694,78
1678,78
1500,72
1595,75
1674,78
1329,65
1436,65
1654,76
1213,62
1470,71
1468,68
1537,73
1624,75
1367,67
1456,70
1663,73
1331,65
1595,74
1559,73
1645,76
1584,73
1602,73
1515,69
1510,71
1624,77
1581,74
1362,68
1621,78
1686,79
1397,67
1554,71
1690,79
1721,81
1661,77
1481,70
1471,72
1648,78
1620,74
1664,79
1561,72
1537,72
1508,68
1388,66
1628,75
1565,74
1734,81
1595,75
1582,72
1522,71
1759,82
1587,76
1614,73
1578,73
1657,75
1720,79
1515,71
1589,72
1768,81
1567,72
1442,68
1502,70
1479,67
1630,73
1607,76
1691,79
1636,74
1697,78
1498,70
1583,76
1636,75
1472,69
1617,78
1560,75
1595,78
1663,77
1583,74
1544,72
1767,81
1638,77
1676,78
1464,70
1665,79
1508,71
1669,76
1621,78
1558,71
1369,66
1641,76
1607,74
1602,71
1623,76
1687,79
1555,72
1635,78
1506,70
1602,76
1575,76
1450,70
1500,72
1567,74
1750,79
1597,73
1759,82
1519,72
1376,68
1759,82
1624,74
1466,69
1523,72
1515,72
1554,72
1415,69
1652,75
1523,72
1484,72
1738,80
1745,81
1780,81
1705,80
1674,78
1431,69
1502,71
1608,76
1641,78
1626,75
1556,73
1610,77
1564,71
1574,74
1550,73
1738,80
1577,74
1557,71
1686,79
1624,74
1454,68
1513,68
1679,79
1357,67
1535,72
1566,75
1635,77
1610,76
1390,66
1602,73
1435,66
1567,72
1543,73
1598,75
1593,76
1662,79
1687,78
1647,75
1621,78
1637,77
1681,75
1667,79
1680,76
1720,79
1576,75
1459,71
1626,75
1555,73
1677,78
1601,77
1606,74
1532,71
1719,81
1598,75
1595,73
1594,76
1693,79
1692,79
1679,78
1594,74
1432,68
1677,80
1717,80
1534,73
1460,70
1763,82
1559,74
1690,79
1621,76
1577,74
1612,76
1472,68
1637,76
1518,72
1687,78
1493,71
1665,77
1667,79
1640,76
1502,70
1609,76
1661,77
1390,67
1358,62
1428,69
1662,79
1507,71
1607,76
1493,66
1579,75
1616,74
1627,76
1620,77
1322,63
1690,79
1426,65
1466,71
1503,71
1664,74
1718,79
1559,72
1560,74
1672,78
1524,73
1759,82
1413,67
1635,77
1683,77
1556,74
1669,76
1493,69
1739,81
1552,75
1588,76
1670,77
1600,75
1580,73
1578,69
1696,79
1646,73
1583,74
1581,74
1596,75
1713,76
1446,69
1657,77
1612,77
1535,72
1709,78
1681,79
1673,78
1497,70
1540,73
1444,69
1590,76
1369,64
1571,76
1567,72
1715,80
1791,81
1495,69
1614,77
1750,81
1635,79
1665,79
1743,79
1711,80
1557,72
1530,74
1743,81
1486,71
1707,80
1624,77
1600,74
1683,80
1444,69
1560,75
1694,78
1739,81
1269,62
1570,74
1541,73
1519,72
1765,82
1537,72
1651,74
1650,76
1584,76
1614,78
1467,68
1523,70
1586,76
1645,75
1528,70
1512,71
1543,72
1503,70
1618,77
1710,79
1507,71
1540,72
1633,77
1723,81
1536,73
1639,73
1575,75
1650,74
1613,74
1616,76
1630,77
1668,78
1563,75
1429,68
1453,71
1652,75
1431,68
1595,75
1515,70
1671,77
1626,76
1627,77
1594,74
1599,75
1383,65
1504,72
1536,75
1699,77
1569,74
1500,70
1560,74
1751,81
1638,77
1549,73
1590,72
1471,68
1697,79
1659,77
1507,72
1637,77
1689,74
1524,72
1679,79
1600,75
1321,65
1759,82
1653,74
1652,74
1642,78
1617,76
1507,70
1619,73
1479,71
1466,68
1429,69
1561,72
1606,75
1509,70
1600,75
1630,76
1546,73
1698,80
1711,79
1725,80
1641,76
1605,71
1400,66
1682,79
1589,75
1708,79
1576,75
1602,76
1652,79
1649,77
1573,77
1703,80
1530,74
1604,74
1581,74
1601,75
1669,78
1695,78
1739,81
1717,77
1642,79
1601,77
1523,73
1697,78
1640,75
1670,79
1587,75
1477,70
1503,71
1671,79
1658,77
1759,82
1485,69
1522,71
1513,72
1699,80
1533,73
1602,77
1480,69
1705,79
1520,72
1696,78
1525,73
1572,72
1533,72
1613,76
1635,77
1493,71
1655,75
1681,76
1470,70
1566,72
1716,80
1465,68
1588,69
1573,75
1487,69
1613,74
1672,79
1632,75
1561,72
1595,73
1533,72
1633,76
1469,69
1336,67
1715,80
1558,73
1525,68
1697,80
1590,74
1514,70
1633,77
1527,71
1471,70
1494,69
1558,73
1682,77
1590,75
1473,69
1519,71
1658,77
1558,74
1752,82
1685,78
1694,77
1686,77
1778,80
1621,76
1642,75
1661,78
1744,79
1617,78
1477,69
1543,70
1638,74
1636,76
1721,78
1643,73
1646,76
1729,79
1534,73
1730,78
1603,73
1540,73
1627,77
1752,82
1565,71
1679,77
1716,81
1446,69
1715,77
1476,70
1611,77
1466,71
1704,79
1542,73
1674,79
1496,70
1699,77
1674,77
1475,71
1677,79
1583,75
1656,78
1569,71
1752,82
1532,72
1616,75
1471,69
1467,70
1743,79
1521,73
1682,77
1500,71
1531,74
1676,79
1612,77
1636,76
1678,77
1707,76
1716,80
1595,74
1541,72
1632,76
1624,72
1561,75
1697,80
1754,80
1428,70
1654,79
1605,75
1661,77
1678,77
1391,65
1610,76
1310,64
1656,75
1687,80
1599,71
1637,78
1669,77
1720,81
1368,68
1768,81
1656,78
1435,69
1747,78
1789,78
1457,69
1755,81
1752,82
1726,80
1744,78
1635,73
1599,76
1586,76
1660,78
1722,80
1402,65
1697,78
1510,71
1586,76
1746,79
1527,72
1731,80
1686,78
1495,72
1548,74
1718,78
1654,78
1689,79
1724,81
1667,80
1684,77
1565,70
1665,76
1645,74
1650,77
1758,82
1639,74
1513,72
1812,80
1497,67
1752,82
1705,80
1607,75
1739,80
1574,73
1715,78
1699,79
1665,76
1629,76
1550,73
1597,72
1534,74
1532,72
1713,80
1601,73
1678,80
1679,78
1521,70
1751,80
1710,74
1544,73
1634,74
1774,82
1636,77
1388,67
1764,82
1679,78
1654,75
1618,76
1620,72
1542,74
1638,72
1754,79
1599,75
1502,70
1606,72
1645,76
1446,70
1669,76
1551,72
1624,75
1495,71
1586,74
1465,71
1546,74
1515,71
1478,69
1692,78
1617,76
1712,74
1633,75
1455,70
1629,77
1498,73
1447,70
1444,67
1609,76
1727,81
1537,73
1436,69
1595,71
1591,74
1581,76
1413,66
1309,64
1730,78
1576,75
1695,80
1604,75
1714,79
1748,79
1603,75
1689,79
1649,77
1392,69
1726,81
1690,77
1678,79
1760,78
1737,77
1491,71
1523,71
1695,78
1668,79
1476,72
1740,80
1684,78
1676,78
1679,75
1604,76
1601,77
1759,80
1730,79
1568,72
1731,80
1646,77
1758,82
1674,78
1486,71
1610,74
1691,80
1495,70
1635,77
1508,70
1638,75
1705,80
1714,80
1596,73
1761,81
1692,78
1669,77
1521,72
1567,75
1627,77
1599,74
1406,66
1646,75
1703,76
1575,74
1681,77
1647,76
1570,74
1433,68
1282,67
1659,78
1675,78
1654,74
1410,67
1690,78
1509,72
1698,81
1554,73
1660,78
1615,76
1642,75
1661,78
1638,77
1622,77
1660,78
1408,65
1613,78
1670,77
1654,76
1538,72
1573,70
1723,80
1688,77
1472,71
1589,75
1600,75
1574,74
1656,78
1627,76
1644,75
1591,74
1733,80
1655,76
1748,80
1645,75
1733,79
1748,82
1658,74
1691,80
1462,71
1419,68
1384,66
1635,75
1674,76
1678,79
1628,76
1739,78
1756,81
1563,76
1592,75
1638,74
1715,79
1490,69
1660,78
1601,77
1548,75
1650,75
1730,81
1511,70
1695,80
1587,72
1607,74
1705,73
1651,76
1656,77
1647,77
1575,73
1637,77
1659,76
1676,78
1600,76
1685,77
1671,78
1590,73
1696,80
1503,70
1774,79
1735,81
1512,73
1710,81
1569,75
1750,78
1792,81
1651,77
1555,73
1580,73
1573,76
1506,71
1498,71
1585,71
1708,79
1556,71
1419,70
1630,77
1685,75
1646,76
1619,73
1604,75
1661,77
1811,81
1476,72
1628,75
1679,77
1542,72
1735,80
1388,67
1668,77
1562,74
1741,81
1569,74
1740,81
1422,68
1572,71
1383,67
1511,67
1668,79
1380,65
1555,73
1607,76
1400,68
1565,73
1481,68
1678,77
1684,77
1740,79
1602,72
1739,80
1770,82
1670,75
1680,79
1595,73
1566,75
1653,76
1591,74
1363,67
1598,75
1520,69
1627,76
1559,70
1646,75
1712,80
1697,78
1614,77
1430,67
1439,69
1728,78
1678,80
1657,78
1720,79
1677,77
1736,82
1475,73
1768,82
1744,82
1626,75
1543,73
1646,76
1643,77
1673,76
1537,74
1589,71
1738,82
1468,70
1529,70
1526,73
1543,72
1672,78
1737,81
1586,76
1625,76
1571,74
1661,77
1642,75
1659,74
1657,74
1510,70
1587,74
1560,72
1658,77
1612,76
1713,79
1602,77
1515,71
1740,81
1530,71
1722,79
1348,65
1404,68
1558,71
1721,77
1464,69
1577,74
1517,71
1494,72
1712,79
1573,72
1644,79
1642,77
1363,65
1483,69
1397,67
1645,78
1611,72
1542,71
1573,73
1466,70
1678,77
1607,73
1673,77
1564,72
1592,71
1423,67
1623,76
1700,78
1330,65
1532,74
1454,70
1410,65
1583,75
1483,70
1452,68
1523,71
1584,75
1501,70
1589,72
1687,77
1801,82
1690,78
1607,73
1381,64
1620,73
1701,80
1566,71
1436,69
1634,73
1521,71
1693,79
1709,76
1740,80
1704,79
1552,73
1580,74
1562,72
1746,79
1731,80
1576,74
1641,77
1574,73
1708,79
1561,71
1581,75
1604,77
1607,75
1649,78
1456,71
1657,78
1507,71
1698,79
1691,78
1476,67
1627,76
1431,71
1482,71
1596,75
1747,79
1542,72
1522,72
1516,73
1579,74
1712,80
1762,82
1489,69
1731,80
1616,76
1590,73
1457,68
1760,82
1666,78
1524,72
1616,74
1687,77
1669,77
1607,74
1646,76
1601,76
1447,69
1639,76
1761,80
1341,67
1490,70
1462,70
1710,80
1461,69
1569,71
1655,78
1570,74
1575,73
1445,68
1633,76
1704,79
1541,73
1666,77
1545,75
1647,75
1630,74
1585,74
1573,75
1615,74
1436,67
1568,73
1508,68
1512,71
1234,62
1736,82
1470,69
1730,76
1498,71
1520,72
1596,76
1521,69
1556,74
1461,68
1728,78
1355,63
1563,74
1766,82
1391,68
1459,69
1700,81
1548,74
1511,71
1718,78
1534,72
1606,76
1612,77
1791,82
1608,78
1635,77
1484,68
1550,74
1602,72
1670,78
1562,75
1740,80
1736,82
1573,74
1570,72
1456,67
1656,77
1748,82
1748,82
1719,77
1657,75
1560,70
1380,66
1708,77
1666,75
1700,81
1501,72
1542,73
1628,75
1492,72
1590,76
1716,78
1471,70
1662,78
1588,75
1632,75
1457,69
1665,75
1399,68
1709,81
1529,68
1645,78
1683,79
1462,71
1527,68
1681,77
1512,70
1616,73
1664,78
1480,70
1706,79
1599,76
1676,76
1619,75
1575,75
1594,75
1661,78
1555,74
1606,75
1737,80
1557,73
1545,75
1470,68
1651,78
1553,74
1619,75
1639,77
1482,68
1608,76
1684,79
1571,74
1520,74
1689,78
1642,75
1416,69
1515,71
1489,73
1544,73
1669,79
1642,77
1504,71
1674,79
1752,80
1700,79
1502,72
1645,77
1656,79
1634,74
1676,77
1691,78
1683,79
1641,75
1702,76
1738,81
1579,74
1521,73
1660,76
1626,75
1490,73
1704,81
1660,77
1572,74
1654,78
1740,76
1533,74
1642,78
1532,73
1538,71
1540,69
1498,69
1734,80
1725,80
1748,78
1521,71
1439,67
1325,65
1558,74
1624,72
1477,70
1463,69
1521,70
1714,78
1658,77
1673,76
1459,70
1622,77
1670,78
1441,69
1429,69
1427,64
1547,73
1742,80
1606,72
1630,76
1631,76
1474,69
1626,76
1754,81
1574,73
1663,76
1632,75
1689,79
1417,67
1702,81
1364,67
1458,70
1659,77
1562,75
1569,73
1484,66
1720,81
1695,76
1577,71
1337,60
1621,75
1234,62
1501,68
1561,74
1370,66
1646,78
1501,72
1546,72
1485,71
1553,74
1623,72
1630,78
1672,76
1450,67
1631,75
1738,82
1585,75
1610,76
1732,81
1545,67
1583,76
1699,77
1633,76
1695,80
1717,80
1490,70
1526,73
1594,75
1539,74
1637,78
1736,82
1704,78
1516,70
1621,77
1548,74
1561,74
1626,76
1612,76
1678,79
1731,80
1740,82
1334,65
1600,74
1700,79
1471,70
1549,71
1520,72
1658,77
1407,67
1606,74
1602,75
1736,82
1638,74
1574,73
1371,64
1456,66
1569,70
1632,73
1447,70
1373,66
1573,75
1692,79
1606,72
1722,81
1500,68
1736,82
1716,80
1561,72
1598,74
1394,68
1645,76
1736,82
1429,68
1578,75
1437,70
1708,79
1510,71
1269,63
1617,73
1446,65
1641,75
1728,80
1528,71
1667,76
1533,74
1580,75
1610,74
1570,74
1694,80
1663,76
1598,73
1654,77
1717,81
1666,76
1331,67
1520,72
1312,65
1586,75
1488,69
1385,67
1516,68
1716,80
1638,75
1488,72
1679,77
1702,81
1591,76
1594,74
1707,78
1685,79
1643,75
1511,70
1692,76
1707,81
1708,78
1403,68
1538,70
1800,82
1533,74
1639,76
1716,76
1396,66
1699,77
1476,71
1464,68
1742,82
1590,76
1713,79
1462,70
1640,76
1469,68
1579,73
1668,78
1467,69
1567,70
1377,66
1445,71
1707,80
1498,71
1740,82
1575,76
1535,73
1554,72
1664,78
1528,71
1612,76
1575,74
1687,78
1654,77
1653,75
1581,74
1609,75
1733,81
1734,77
1529,74
1646,76
1616,78
1539,70
1701,80
1596,77
1631,77
1351,65
1526,71
1419,68
1574,74
1565,74
1568,75
1589,74
1604,75
1581,74
1557,74
1704,80
1567,72
1678,76
1452,70
1426,68
1720,81
1523,73
1739,80
1507,72
1491,71
1569,74
1725,80
1659,79
1688,77
1661,75
1663,77
1662,80
1699,79
1565,73
1585,74
1540,71
1481,69
1462,70
1591,74
1369,69
1655,78
1629,76
1650,77
1657,75
1603,75
1456,70
1736,82
1642,75
1468,66
1747,81
1690,76
1717,80
1603,73
1535,73
1369,66
1632,77
1376,64
1638,78
1610,72
1503,70
1549,71
1587,74
1459,69
1469,70
1696,79
1736,82
1696,79
1739,81
1740,81
1500,72
1518,73
1690,78
1760,81
1697,79
1679,79
1691,78
1570,74
1736,82
1674,74
1634,77
1717,76
1463,67
1704,81
1382,65
1555,73
1600,73
1585,76
1730,79
1639,78
1734,81
1501,70
1553,75
1482,71
1638,78
1735,81
1687,80
1707,81
1620,76
1440,69
1638,77
1674,78
1699,80
1389,66
1550,75
1633,76
1447,67
1580,72
1557,72
1591,75
1678,80
1690,79
1546,74
1480,68
1543,72
1450,68
1596,74
1650,79
1564,71
1666,79
1601,75
1673,77
1619,75
1407,68
1486,72
1634,74
1525,74
1515,72
1604,74
1443,69
1642,77
1587,76
1766,82
1388,64
1669,77
1456,67
1377,66
1580,70
1376,65
1717,79
1529,72
1462,68
1676,79
1679,78
1532,73
1568,72
1429,68
1723,80
1735,79
1466,70
1572,75
1719,77
1792,80
1573,73
1657,78
1643,77
1624,75
1732,80
1685,79
1568,74
1591,77
1457,68
1558,75
1486,69
1540,73
1484,67
1702,78
1809,82
1556,70
1734,78
1687,76
1742,82
1736,82
1317,63
1505,71
1451,68
1582,73
1727,76
1716,81
1560,73
1563,72
1428,69
1724,78
1467,68
1636,76
1691,78
1574,74
1387,68
1668,80
1512,73
1472,69
1589,76
1623,76
1678,78
1658,78
1523,72
1736,82
1696,79
1440,69
1671,78
1736,82
1419,68
1329,66
1670,77
1732,79
1704,79
1610,75
1471,68
1576,76
1499,70
1557,75
1534,70
1620,77
1712,81
1738,81
1688,77
1661,78
1573,75
1681,79
1529,71
1378,66
1480,68
1378,65
1623,75
1587,73
1558,73
1370,67
1620,75
1732,81
1503,71
1505,72
1547,74
1616,74
1628,76
1408,67
1629,75
1657,79
1430,69
1613,74
1634,73
1741,79
1497,69
1661,76
1719,80
1624,77
1694,77
1695,78
1673,75
1608,75
1513,69
1500,69
1517,68
1494,69
1682,78
1367,66
1668,79
1674,78
1540,74
1561,71
1572,75
1740,82
1391,68
1405,66
1571,70
1587,75
1610,70
1555,70
1617,75
1707,78
1583,75
1739,76
1667,77
1561,73
1657,77
1427,67
1584,72
1714,80
1655,78
1656,79
1439,68
1399,68
1687,78
1547,74
1738,81
1515,73
1546,73
1673,78
1673,79
1533,72
1654,78
1527,72
1611,76
1534,72
1638,75
1511,69
1506,69
1687,75
1731,79
1791,82
1522,73
1583,75
1751,81
1760,82
1477,71
1544,70
1546,71
1576,72
1586,72
1613,73
1653,78
1635,76
1629,77
1736,81
1610,75
1343,65
1607,77
1462,69
1439,68
1720,80
1696,81
1617,74
1740,82
1550,72
1592,75
1608,76
1581,73
1764,80
1658,79
1723,80
1730,80
1740,82
1646,76
1742,82
1484,70
1570,75
1645,75
1629,77
1450,69
1736,82
1736,82
1343,65
1483,72
1736,82
1705,80
1547,73
1696,78
1507,70
1774,82
1687,75
1609,74
1539,72
1602,75
1711,81
1417,66
1689,80
1584,72
1532,74
1281,63
1398,69
1736,82
1704,80
1483,67
1686,80
1730,78
1651,77
1435,68
1416,63
1665,77
1487,71
1641,77
1565,75
1331,65
1701,79
1656,77
1518,72
1704,81
1424,71
1748,81
1585,74
1626,73
1572,75
1601,76
1593,72
1477,70
1692,76
1620,75
1533,69
1669,79
1500,68
1502,70
1506,70
1643,76
1594,76
1525,70
1724,80
1546,70
1527,69
1525,69
1677,76
1522,73
1715,80
1534,74
1607,74
1596,73
1692,79
1735,81
1570,73
1492,73
1597,76
1497,70
1578,71
1584,75
1586,74
1736,82
1561,75
1712,81
1505,73
1580,75
1644,74
1550,73
1607,74
1364,68
1456,68
1531,72
1692,78
1570,72
1684,79
1744,82
1700,81
1491,72
1544,71
1672,76
1664,78
1541,70
1614,73
1735,81
1553,75
1478,69
1612,77
1690,79
1530,72
1696,77
1604,77
1544,75
1736,82
1458,70
1425,67
1477,70
1682,79
1613,75
1366,69
1560,73
1600,75
1592,70
1722,81
1364,66
1643,78
1556,75
1435,69
1688,80
1583,71
1749,82
1547,73
1766,82
1644,78
1658,78
1690,79
1508,71
1570,75
1308,63
1651,77
1547,70
1544,70
1596,74
1582,75
1623,76
1622,77
1621,76
1588,75
1659,78
1613,71
1671,78
1468,69
1662,79
1568,75
1570,74
1689,77
1588,75
1736,82
1562,74
1505,70
1307,64
1452,69
1460,70
1673,76
1740,79
1721,81
1633,75
1610,76
1612,71
1443,66
1563,75
1656,76
1522,73
1450,68
1477,69
1300,61
1471,70
1352,64
1484,72
1568,72
1703,80
1487,68
1436,68
1636,75
1477,69
1669,77
1688,79
1584,76
1762,81
1483,68
1542,71
1498,72
1714,81
1662,76
1622,75
1502,71
1667,76
1686,79
1504,72
1538,72
1738,82
1587,74
1695,80
1607,74
1584,73
1719,77
1458,68
1625,75
1385,68
1644,78
1675,79
1703,80
1628,74
1446,67
1448,68
1636,74
1582,74
1318,67
1660,77
1595,72
1660,76
1704,81
1494,69
1575,74
1641,77
1670,79
1518,71
1470,70
1722,80
1715,81
1647,76
1574,75
1652,73
1571,73
1734,82
1506,72
1614,76
1601,75
1618,77
1476,69
1457,71
1676,79
1645,76
1568,74
1655,78
1694,79
1728,81
1698,79
1561,72
1528,72
1514,72
1472,70
1578,75
1582,74
1533,69
1657,78
1734,82
1319,63
1623,77
1561,74
1582,74
1738,81
1614,75
1669,77
1660,75
1734,81
1809,82
1577,73
1493,70
1537,74
1534,70
1726,78
1710,81
1509,72
1720,81
1460,69
1389,67
1660,77
1756,80
1599,75
1672,76
1488,72
1648,74
1546,72
1647,75
1756,80
1667,79
1657,73
1655,79
1654,73
1588,73
1431,64
1623,76
1543,74
1707,80
1553,74
1745,81
1689,79
1499,70
1679,78
1660,78
1612,74
1709,78
1476,70
1659,78
1362,65
1643,78
1538,72
1592,74
1554,72
1485,70
1656,76
1618,72
1644,76
1725,78
1732,81
1568,71
1379,66
1609,75
1479,72
1520,71
1592,71
1708,81
1585,76
1736,82
1705,80
1448,71
1562,76
1661,79
1660,77
1508,71
1629,78
1666,77
1411,67
1613,74
1720,80
1734,82
1573,73
1650,77
1659,77
1740,82
1425,67
1428,68
1580,76
1660,75
1621,75
1654,76
1631,77
1676,78
1464,70
1582,75
1328,67
1539,72
1730,79
1503,69
1510,71
1570,74
1502,72
1481,71
1481,72
1641,75
1649,78
1465,70
1702,78
1639,74
1622,72
1555,75
1378,66
1494,69
1718,78
1738,82
1670,78
1703,80
1723,81
1419,69
1488,69
1593,74
1508,68
1625,76
1699,80
1659,78
1573,72
1578,74
1500,71
1680,79
1736,80
1610,72
1695,77
1453,67
1730,78
1659,77
1515,72
1706,80
1654,77
1666,75
1630,77
1468,68
1682,80
1480,70
1620,78
1678,77
1524,73
1714,79
1669,76
1382,66
1586,73
1387,66
1650,75
1680,78
1537,73
1604,73
1735,80
1540,74
1411,66
1567,74
1676,80
1533,72
1484,67
1429,66
1208,62
1681,79
1612,73
1436,67
1558,70
1566,74
1580,74
1553,72
1490,69
1514,70
1632,77
1662,78
1545,70
1629,77
1680,79
1366,64
1475,69
1543,74
1594,77
1592,75
1584,73
1644,77
1626,75
1547,73
1673,77
1644,76
1590,75
1644,77
1553,72
1603,76
1658,77
1539,71
1679,78
1684,79
1540,71
1551,68
1550,73
1671,78
1680,80
1714,77
1378,66
1624,76
1680,76
1650,74
1695,80
1404,68
1545,71
1666,75
1427,69
1677,78
1606,76
1661,77
1701,79
1621,74
1720,78
1608,75
1705,77
1586,72
1676,77
1252,63
1443,66
1745,81
1529,72
1550,72
1676,78
1449,68
1591,76
1438,65
1651,78
1721,81
1541,73
1487,69
1687,79
1635,76
1629,75
1397,66
1651,78
1680,79
1589,74
1749,82
1606,77
1576,73
1500,70
1669,78
1657,78
1616,74
1384,66
1560,67
1711,77
1468,71
1608,76
1576,76
1602,76
1635,78
1667,79
1616,74
1599,76
1593,73
1574,73
1404,67
1324,63
1520,73
1549,74
1397,68
1752,82
1533,72
1566,71
1508,72
1452,67
1614,75
1664,77
1575,74
1397,69
1595,74
1597,74
1690,78
1746,80
1439,68
1451,70
1505,71
1503,71
1585,75
1629,79
1593,75
1762,81
1268,62
1472,69
1578,74
1653,75
1426,68
1680,77
1653,77
1730,81
1662,78
1599,75
1503,72
1659,77
1741,80
1693,74
1640,72
1443,69
1451,68
1651,76
1614,74
1600,75
1533,71
1488,69
1649,73
1793,82
1518,72
1650,77
1678,78
1593,73
1543,71
1447,69
1450,68
1690,77
1703,80
1602,75
1341,64
1397,67
1524,71
1533,73
1565,72
1640,76
1454,67
1352,65
1721,80
1596,75
1708,76
1665,77
1603,74
1734,82
1749,81
1687,76
1663,73
1444,70
1635,77
1642,77
1634,77
1571,72
1387,66
1607,72
1722,76
1749,82
1581,73
1504,69
1705,80
1584,74
1438,67
1682,78
1694,81
1408,68
1550,73
1673,77
1525,72
1621,70
1606,75
1727,81
1678,78
1341,64
1746,80
1409,67
1626,77
1513,69
1558,73
1689,79
1560,74
1686,78
1524,69
1592,71
1602,75
1506,71
1708,77
1581,76
1657,74
1485,69
1486,70
1451,69
1519,70
1771,81
1392,65
1476,71
1691,80
1444,68
1475,73
1546,74
1468,70
1704,79
1542,74
1598,76
1569,75
1508,71
1538,72
1612,75
1453,68
1614,72
1362,66
1441,66
1610,75
1745,82
1734,82
1664,77
1679,78
1463,68
1566,74
1647,77
1498,71
1530,71
1625,77
1657,77
1489,70
1692,79
1608,73
1569,75
1724,81
1554,71
1738,82
1699,79
1687,76
1453,67
1518,73
1528,71
1462,70
1377,67
1450,68
1555,72
1671,76
1610,76
1569,75
1424,66
1711,79
1510,72
1695,78
1766,81
1670,80
1653,78
1488,68
1660,78
1603,72
1609,75
1538,72
1710,81
1662,77
1639,76
1432,67
1334,64
1674,79
1662,77
1727,81
1605,75
1552,72
1622,74
1740,82
1696,78
1411,71
1527,73
1582,75
1676,79
1655,78
1355,68
1655,75
1510,71
1661,77
1481,71
1566,73
1523,72
1586,74
1504,71
1660,80
1422,66
1657,77
1346,67
1675,77
1614,75
1629,78
1707,81
1395,67
1477,69
1746,79
1578,74
1541,71
1497,71
1606,75
1757,82
1579,76
1647,75
1430,68
1699,77
1562,72
1612,71
1543,71
1604,77
1684,80
1572,75
1483,70
1689,75
1745,82
1617,76
1685,78
1608,74
1655,79
1519,69
1558,71
1655,77
1582,74
1618,74
1716,79
1473,67
1573,74
1774,81
1677,77
1570,73
1667,77
1702,79
1672,78
1710,80
1533,73
1599,73
1810,82
1545,72
1407,68
1376,68
1533,69
1456,70
1682,76
1486,68
1679,76
1526,72
1666,77
1608,76
1735,81
1550,73
1535,71
1534,71
1400,68
1666,74
1676,76
1450,69
1517,73
1554,70
1522,72
1661,78
1740,76
1475,69
1687,78
1415,68
1740,82
1752,79
1699,78
1411,69
1512,70
1465,67
1685,77
1466,72
1516,74
1532,68
1489,69
1630,75
1476,69
1643,76
1447,69
1474,69
1758,80
1626,76
1470,69
1680,77
1599,77
1471,70
1560,73
1401,67
1559,74
1667,78
1509,72
1373,68
1623,76
1699,79
1577,71
1403,70
1615,74
1384,64
1640,78
1739,82
1520,71
1633,75
1666,80
1533,72
1688,78
1693,80
1707,77
1734,82
1678,80
1506,73
1574,73
1505,72
1578,74
1576,74
1609,75
1339,62
1510,68
1650,78
1594,75
1545,73
1615,75
1774,81
1676,77
1629,76
1565,72
1714,78
1462,67
1703,80
1553,74
1590,74
1591,74
1616,74
1690,77
1663,79
1709,79
1698,80
1413,66
1504,72
1679,78
1742,82
1526,72
1625,76
1645,73
1589,74
1554,72
1763,81
1545,75
1749,82
1566,72
1745,75
1586,75
1512,70
1638,76
1646,74
1420,70
1657,74
1661,79
1547,73
1588,74
1664,77
1709,80
1702,75
1583,74
1552,71
1638,75
1572,73
1556,74
1614,75
1484,70
1320,65
1736,82
1494,69
1663,77
1620,73
1729,81
1706,79
1608,76
1469,69
1584,70
1482,68
1555,74
1444,67
1545,73
1638,78
1460,69
1671,73
1745,79
1664,76
1706,79
1511,70
1527,73
1454,70
1489,71
1591,71
1619,72
1347,63
1601,72
1500,71
1615,75
1530,74
1558,73
1374,66
1716,81
1522,72
1589,71
1480,69
1572,74
1686,79
1764,80
1606,76
1614,76
1607,74
1541,72
1651,75
1625,74
1624,74
1434,69
1489,72
1463,67
1320,62
1655,77
1576,71
1541,71
1479,69
1595,76
1734,82
1457,66
1569,74
1690,81
1686,77
1733,78
1747,82
1647,76
1495,70
1463,70
1491,69
1389,65
1526,71
1692,78
1587,71
1675,78
1551,71
1559,73
1749,79
1511,69
1699,77
1700,78
1336,67
1652,74
1564,72
1511,73
1541,73
1529,70
1414,68
1331,64
1651,75
1649,78
1514,69
1592,75
1543,74
1506,71
1739,81
1429,64
1528,72
1663,79
1632,73
1609,74
1540,71
1462,68
1701,79
1626,76
1625,77
1745,78
1710,80
1686,78
1637,78
1552,75
1571,76
1771,82
1452,67
1482,70
1534,73
1707,79
1376,64
1593,73
1636,78
1578,75
1485,68
1479,69
1652,77
1619,75
1576,75
1506,70
1638,77
1625,76
1695,80
1488,72
1584,73
1619,76
1699,79
1644,74
1619,74
1479,70
1528,73
1705,79
1598,77
1723,81
1523,72
1375,67
1505,70
1431,67
1478,72
1693,80
1346,64
1702,76
1462,67
1697,78
1746,80
1435,67
1550,74
1640,78
1667,80
1602,74
1527,71
1350,67
1694,78
1702,80
1523,74
1645,75
1615,76
1724,77
1682,78
1679,80
1736,80
1468,69
1696,74
1404,67
1683,77
1546,71
1697,79
1645,76
1571,75
1576,72
1644,77
1714,79
1508,70
1684,78
1544,69
1450,67
1698,81
1634,75
1734,82
1600,76
1592,76
1346,65
1715,77
1594,71
1572,73
1624,73
1732,80
1448,68
1710,80
1675,79
1680,78
1693,81
1570,72
1507,73
1508,71
1603,76
1574,75
1738,82
1734,81
1561,74
1489,68
1575,73
1640,72
1647,77
1526,70
1382,67
1691,78
1693,78
1509,70
1559,74
1668,76
1544,75
1448,68
1591,73
1450,69
1376,64
1585,75
1628,76
1478,72
1648,76
1520,73
1425,66
1688,78
1457,70
1433,70
1596,77
1567,72
1641,77
1488,71
1544,70
1654,76
1495,68
1734,82
1544,70
1524,73
1519,72
1734,81
1734,82
1640,77
1698,79
1574,74
1592,72
1561,73
1489,69
1488,70
1617,76
1676,79
1676,77
1457,69
1752,82
1736,82
1510,70
1528,74
1651,75
1538,71
1742,81
1616,74
1601,72
1676,78
1462,66
1429,66
1554,70
1482,69
1608,75
1702,78
1617,77
1640,75
1733,81
1659,75
1611,76
1619,74
1427,66
1634,76
1496,68
1514,72
1708,78
1570,72
1614,77
1563,74
1581,73
1534,72
1462,71
1619,77
1531,73
1636,77
1558,72
1653,77
1561,74
1422,68
1653,78
1548,73
1706,79
1660,78
1713,77
1540,71
1521,71
1621,73
1610,78
1581,75
1500,72
1718,78
1577,72
1734,82
1672,78
1654,77
1641,78
1650,77
1538,71
1506,70
1764,82
1718,79
1642,78
1687,79
1722,79
1774,82
1303,64
1468,68
1666,77
1439,70
1665,78
1523,72
1588,75
1510,69
1726,81
1701,76
1512,69
1619,72
1557,71
1526,72
1509,70
1502,74
1490,69
1510,72
1609,73
1688,79
1473,70
1645,78
1603,72
1597,75
1534,74
1662,78
1482,71
1656,78
1584,75
1358,66
1523,72
1432,68
1599,70
1685,79
1572,74
1724,79
1531,72
1553,70
1561,74
1568,71
1550,73
1577,72
1698,80
1592,70
1597,76
1513,73
1421,67
1610,75
1444,68
1699,79
1392,67
1620,76
1746,80
1411,68
1758,82
1619,76
1703,81
1510,72
1750,80
1591,72
1523,73
1596,73
1734,82
1273,64
1450,69
1683,79
1688,80
1599,75
1456,68
1450,66
1557,75
1551,72
1669,78
1504,70
1493,67
1412,69
1564,75
1543,74
1533,74
1511,71
1432,68
1583,69
1455,70
1614,74
1489,67
1655,78
1612,76
1682,78
1612,76
1481,70
1696,77
1703,79
1586,74
1581,74
1394,67
1552,71
1582,72
1482,69
1676,80
1537,72
1597,75
1623,78
1642,77
1569,71
1570,75
1707,78
1669,79
1764,82
1565,74
1616,77
1704,76
1503,71
1469,71
1582,74
1276,65
1411,70
1531,75
1578,75
1734,82
1649,77
1580,70
1682,79
1557,74
1374,65
1683,79
1715,80
1618,78
1705,78
1741,80
1626,76
1594,73
1561,73
1695,79
1562,74
1722,77
1403,67
1699,80
1492,70
1627,77
1592,75
1489,68
1720,80
1549,73
1691,77
1443,67
1753,81
1686,77
1544,69
1628,76
1575,72
1461,69
1429,69
1700,80
1610,75
1485,71
1540,72
1678,79
1702,81
1448,68
1611,76
1753,82
1463,69
1469,71
1639,76
1666,79
1494,72
1645,76
1610,73
1486,73
1731,80
1635,72
1546,71
1701,75
1466,70
1740,80
1678,80
1700,81
1668,77
1539,73
1519,73
1686,74
1669,75
1609,73
1674,80
1632,77
1492,71
1694,77
1502,70
1694,73
1736,82
1455,68
1671,78
1608,76
1697,78
1549,72
1602,76
1462,71
1680,80
1445,70
1601,75
1562,73
1525,73
1577,75
1524,70
1440,68
1705,80
1748,82
1620,73
1653,77
1675,78
1697,76
1492,71
1729,81
1576,73
1470,71
1740,82
1553,73
1687,79
1456,71
1787,82
1727,79
1734,81
1486,70
1529,70
1583,70
1735,77
1398,67
1700,81
1437,68
1653,77
1586,74
1676,79
1537,71
1541,71
1631,78
1691,76
1714,80
1470,70
1730,79
1730,79
1638,76
1734,82
1731,80
1563,75
1555,76
1638,75
1644,75
1499,72
1746,81
1631,76
1734,82
1509,73
1402,66
1523,72
1652,76
1637,76
1548,72
1694,79
1637,76
1591,74
1622,78
1734,82
1715,80
1443,69
1692,79
1542,71
1631,77
1669,75
1616,76
1653,77
1674,76
1554,75
1744,81
1734,82
1711,78
1627,77
1546,73
1313,64
1677,79
1527,72
1466,69
1714,80
1665,78
1546,73
1673,72
1578,71
1418,70
1642,78
1701,80
1548,76
1520,74
1629,77
1480,71
1569,73
1507,70
1283,62
1675,80
1492,68
1669,78
1318,63
1738,82
1637,77
1655,77
1672,79
1666,78
1729,79
1731,78
1500,72
1452,72
1607,76
1451,68
1687,79
1728,80
1394,67
1524,70
1607,75
1528,73
1561,74
1507,73
1725,81
1751,81
1642,76
1742,81
1510,70
1563,72
1528,70
1460,72
1609,76
1611,77
1642,78
1606,74
1478,68
1546,75
1561,74
1596,75
1448,69
1683,76
1384,66
1563,73
1598,77
1703,80
1568,73
1653,73
1515,72
1640,77
1428,69
1500,70
1586,76
1595,72
1555,76
1484,69
1552,69
1603,78
1595,76
1580,74
1503,70
1569,74
1412,70
1658,75
1451,69
1504,70
1686,78
1684,78
1618,74
1441,69
1583,75
1319,64
1493,71
1720,80
1681,78
1403,71
1558,74
1626,77
1701,81
1418,69
1707,79
1735,78
1580,73
1487,71
1525,73
1637,77
1675,79
1775,78
1609,72
1598,76
1734,82
1580,75
1603,76
1684,75
1702,81
1611,76
1435,67
1505,68
1595,78
1560,75
1641,77
1549,73
1662,76
1573,74
1684,80
1614,77
1594,74
1569,74
1742,82
1531,71
1538,73
1395,66
1656,78
1457,73
1520,73
1594,71
1584,73
1602,75
1572,73
1703,80
1727,81
1807,82
1534,72
1452,71
1707,79
1661,80
1513,73
1347,65
1655,79
1520,74
1624,74
1720,80
1581,75
1573,74
1625,76
1660,77
1702,81
1736,81
1386,68
1613,73
1541,73
1600,75
1559,72
1441,70
1455,67
1728,81
1488,70
1651,75
1471,71
1571,71
1646,76
1717,79
1501,71
1720,80
1314,63
1572,76
1289,64
1404,70
1585,76
1709,80
1684,78
1698,81
1676,77
1766,82
1595,74
1535,69
1484,71
1712,81
1701,78
1663,78
1633,76
1685,79
1622,75
1438,68
1559,75
1649,78
1701,80
1686,77
1689,78
1689,80
1491,72
1452,69
1746,81
1495,73
1694,80
1667,79
1697,80
1666,77
1734,82
1662,77
1720,80
1619,76
1655,77
1693,78
1656,79
1604,74
1531,69
1626,76
1700,80
1642,76
1556,75
1550,70
1466,71
1526,73
1535,72
1663,78
1652,77
1663,79
1540,73
1533,71
1626,76
1537,76
1742,76
1593,76
1599,75
1516,74
1675,79
1572,74
1586,75
1492,69
1661,77
1610,75
1684,79
1631,79
1569,73
1755,80
1515,73
1740,78
1534,73
1665,80
1578,75
1730,79
1639,77
1616,72
1693,75
1688,80
1520,73
1689,79
1488,70
1378,68
1693,77
1460,70
1760,82
1624,77
1575,75
1603,72
1557,73
1419,70
1642,77
1720,81
1483,69
1529,73
1512,69
1714,81
1713,78
1638,79
1662,78
1354,68
1518,72
1678,75
1601,75
1610,72
1655,79
1572,73
1672,78
1718,81
1698,76
1628,75
1672,80
1729,80
1519,72
1566,74
1556,74
1642,77
1541,73
1577,75
1546,71
1395,68
1682,78
1701,81
1406,68
1600,74
1529,73
1726,79
1631,79
1298,63
1544,70
1380,68
1552,71
1679,77
1609,77
1421,67
1672,76
1724,81
1776,80
1596,74
1689,79
1546,72
1551,75
1617,77
1630,76
1728,80
1724,79
1727,79
1702,81
1573,76
1519,75
1671,80
1462,72
1658,79
1638,78
1475,70
1636,75
1431,69
1429,68
1554,74
1694,76
1584,73
1694,80
1508,73
1629,75
1612,75
1616,72
1579,75
1406,68
1586,75
1748,77
1650,76
1504,74
1604,76
1616,73
1434,69
1710,78
1736,82
1632,79
1607,72
1772,82
1510,72
1515,72
1484,69
1313,63
1496,71
1554,74
1638,71
1722,81
1512,71
1620,75
1583,73
1623,76
1619,74
1680,75
1511,72
1593,75
1594,74
1662,77
1694,77
1609,77
1670,79
1381,66
1351,65
1432,67
1732,81
1769,81
1609,76
1364,67
1612,78
1445,71
1697,80
1574,73
1548,72
1367,68
1571,76
1732,81
1510,71
1744,82
1539,70
1657,76
1552,74
1759,78
1455,68
1614,74
1485,72
1543,72
1546,73
1621,76
1534,75
1617,75
1589,74
1753,81
1439,68
1624,78
1724,80
1565,75
1391,65
1415,68
1520,71
1475,71
1718,81
1634,76
1586,74
1478,71
1666,79
1534,73
1477,71
1620,77
1584,74
1648,78
1666,78
1525,75
1612,74
1589,73
1614,77
1638,77
1675,78
1700,81
1531,72
1619,77
1545,69
1601,75
1625,73
1658,77
1676,80
1501,72
1535,72
1577,73
1650,73
1736,82
1638,78
1563,73
1618,75
1584,72
1723,81
1636,75
1428,67
1427,70
1628,77
1688,74
1589,72
1439,68
1678,78
1579,74
1730,79
1531,71
1409,67
1568,76
1376,66
1598,77
1616,77
1730,80
1442,70
1587,72
1734,82
1467,71
1441,70
1635,77
1388,71
1650,79
1673,78
1583,74
1646,78
1609,73
1555,75
1691,80
1422,66
1603,73
1744,82
1677,75
1352,67
1521,69
1598,75
1521,74
1656,78
1669,78
1630,75
1521,71
1590,71
1645,76
1389,67
1662,78
1473,71
1428,67
1633,78
1617,77
1455,69
1655,79
1738,82
1677,78
1613,74
1592,75
1656,77
1357,64
1592,73
1592,74
1605,76
1741,80
1362,67
1731,81
1572,75
1590,74
1442,70
1550,71
1755,82
1625,74
1522,71
1571,74
1671,77
1547,73
1544,74
1585,73
1626,79
1523,73
1361,69
1694,79
1674,76
1601,73
1486,73
1551,73
1730,80
1608,75
1552,73
1551,73
1575,76
1436,68
1727,81
1583,71
1684,80
1389,67
1614,76
1400,65
1622,77
1624,77
1495,69
1491,73
1624,76
1665,77
1639,77
1404,68
1708,79
1554,71
1635,78
1644,78
1276,62
1488,72
1496,71
1688,79
1724,81
1382,69
1666,74
1391,66
1703,80
1577,75
1631,77
1392,66
1373,66
1404,68
1625,76
1640,74
1701,80
1676,75
1510,74
1590,76
1571,76
1546,75
1614,72
1638,77
1639,76
1459,67
1565,74
1655,78
1695,80
1667,80
1588,72
1387,66
1466,71
1356,66
1580,73
1404,68
1444,68
1599,76
1506,73
1566,75
1555,74
1597,73
1570,73
1465,73
1724,81
1649,75
1444,69
1527,70
1640,77
1734,82
1657,77
1549,76
1532,73
1464,70
1363,67
1670,78
1735,81
1688,80
1525,71
1590,75
1592,75
1409,66
1661,79
1558,72
1540,73
1516,73
1535,74
1603,74
1510,68
1619,76
1466,70
1546,74
1616,76
1635,74
1579,72
1484,70
1405,68
1445,71
1634,79
1552,73
1446,70
1432,68
1772,80
1452,68
1738,82
1639,78
1629,77
1498,72
1669,79
1490,71
1376,64
1571,76
1534,73
1586,72
1524,74
1645,78
1535,71
1594,76
1647,76
1682,79
1551,76
1562,73
1516,72
1541,74
1595,76
1528,73
1622,78
1572,73
1264,62
1694,77
1419,68
1650,76
1608,77
1639,77
1467,70
1296,63
1724,81
1601,77
1736,79
1685,79
1579,73
1669,77
1602,75
1650,78
1433,70
1469,68
1484,71
1734,82
1522,73
1538,73
1345,65
1553,72
1677,79
1522,72
1694,81
1630,76
1620,75
1618,73
1644,77
1742,82
1557,74
1568,74
1734,82
1527,73
1725,79
1557,72
1447,68
1515,72
1638,77
1537,74
1340,64
1487,70
1595,76
1734,78
1575,76
1553,69
1372,67
1657,79
1541,73
1379,68
1420,68
1665,80
1574,75
1620,76
1518,73
1694,78
1644,78
1247,62
1704,81
1441,66
1616,75
1528,75
1734,81
1562,74