1365,60
1268,56
1389,59
1316,58
1309,58
1342,60
1277,57
1397,62
1416,63
1333,58
1221,56
1515,62
1344,59
1348,59
1353,61
1323,58
1335,57
1407,61
1340,59
1360,59
1287,57
1359,61
1461,63
1498,64
1467,62
1352,60
1378,58
1369,60
1411,59
1303,58
1286,57
1316,58
1275,59
1332,60
1295,59
1425,62
1513,65
1322,58
1457,61
1347,60
1312,60
1482,62
1324,59
1364,61
1410,63
1491,63
1342,59
1252,58
1390,61
1493,63
1467,63
1459,62
1435,61
1437,62
1314,60
1370,62
1382,59
1398,62
1253,57
1307,59
1361,60
1327,62
1375,60
1496,65
1262,56
1386,60
1370,61
1516,62
1282,57
1257,59
1320,58
1408,64
1417,62
1413,60
1345,59
1498,63
1350,60
1387,61
1333,59
1349,60
1332,60
1302,59
1360,60
1395,62
1450,61
1400,61
1227,58
1455,62
1382,60
1372,61
1432,61
1435,62
1421,61
1447,63
1396,62
1506,64
1372,60
1458,62
1411,60
1351,58
1450,62
1397,62
1434,62
1390,60
1287,61
1491,63
1321,60
1490,63
1530,66
1386,62
1310,59
1421,63
1511,65
1368,62
1353,60
1411,62
1296,57
1391,64
1244,58
1270,58
1297,58
1486,64
1308,60
1484,63
1425,63
1319,60
1454,64
1380,62
1451,62
1345,61
1470,63
1368,62
1357,60
1258,59
1340,60
1396,61
1331,61
1453,62
1385,59
1369,59
1291,57
1503,66
1312,57
1384,60
1419,62
1438,65
1484,64
1251,58
1373,60
1364,61
1377,59
1376,61
1486,63
1430,61
1455,64
1371,62
1447,64
1341,61
1497,64
1333,61
1421,62
1480,62
1374,59
1355,61
1409,61
1280,59
1454,61
1330,59
1341,62
1495,65
1500,64
1459,64
1418,63
1452,64
1226,57
1452,61
1348,59
1349,59
1223,58
1375,61
1362,60
1376,61
1358,60
1196,58
1328,60
1447,63
1373,60
1433,62
1343,60
1286,59
1379,62
1475,62
1424,63
1542,64
1330,60
1315,59
1418,64
1466,62
1333,60
1418,62
1348,60
1335,61
1256,58
1359,60
1488,62
1381,60
1405,61
1266,57
1470,64
1470,63
1479,66
1356,62
1365,61
1378,62
1309,60
1470,63
1445,64
1455,66
1427,65
1444,65
1414,64
1371,63
1419,64
1366,63
1310,62
1273,60
1320,61
1319,60
1335,61
1237,60
1446,65
1348,63
1290,60
1535,67
1377,61
1532,67
1288,59
1453,64
1280,59
1314,60
1464,65
1444,64
1280,59
1399,61
1322,63
1360,63
1327,60
1424,62
1496,67
1404,65
1126,55
1416,61
1292,59
1453,62
1295,58
1299,60
1329,61
1353,63
1356,62
1437,63
1392,63
1336,61
1363,61
1481,64
1474,64
1392,63
1487,64
1327,60
1484,66
1307,63
1292,59
1377,64
1298,57
1443,66
1388,61
1311,60
1396,62
1491,66
1332,60
1302,60
1343,61
1350,62
1325,63
1378,62
1336,60
1271,61
1283,61
1394,63
1373,62
1392,61
1409,64
1363,63
1308,59
1488,65
1461,65
1386,62
1347,60
1395,63
1246,57
1310,60
1312,61
1351,64
1426,63
1228,59
1300,60
1225,60
1439,64
1203,55
1377,64
1358,62
1428,63
1222,57
1385,65
1385,63
1441,62
1454,64
1153,56
1311,60
1269,59
1402,64
1295,61
1391,62
1327,59
1469,64
1422,64
1300,61
1494,62
1278,60
1243,59
1237,58
1419,61
1404,64
1428,64
1429,65
1371,62
1391,63
1501,66
1431,65
1444,64
1209,57
1387,64
1353,63
1297,60
1496,66
1316,62
1478,66
1316,60
1430,64
1422,64
1307,60
1440,63
1370,62
1429,63
1258,57
1351,60
1352,60
1517,66
1277,60
1492,65
1272,60
1274,59
1310,61
1163,58
1326,61
1260,59
1369,62
1252,61
1413,63
1269,59
1224,57
1337,62
1360,62
1311,60
1314,59
1326,59
1443,62
1237,56
1472,64
1198,57
1341,60
1263,59
1535,66
1432,65
1380,64
1510,66
1334,60
1442,63
1407,64
1443,65
1535,66
1409,64
1306,61
1502,67
1333,60
1430,64
1382,62
1491,66
1179,56
1339,60
1498,66
1295,60
1327,62
1407,64
1312,61
1507,66
1373,61
1326,60
1343,61
1157,57
1456,61
1291,61
1318,61
1333,61
1414,62
1297,59
1430,64
1401,63
1259,59
1226,59
1353,63
1342,60
1254,56
1303,61
1321,62
1282,59
1230,57
1200,58
1401,62
1201,57
1337,59
1384,63
1311,58
1397,65
1519,68
1306,62
1409,63
1394,63
1478,66
1400,64
1282,60
1385,63
1226,59
1335,62
1329,61
1476,66
1542,66
1363,63
1396,62
1451,67
1476,67
1354,62
1497,65
1266,59
1349,62
1378,64
1351,61
1300,61
1209,58
1380,62
1474,66
1407,64
1442,63
1316,62
1159,57
1336,60
1368,62
1403,61
1349,62
1419,65
1383,62
1327,61
1294,60
1508,67
1482,65
1339,63
1248,58
1308,61
1420,65
1400,63
1320,62
1360,64
1336,60
1270,60
1369,63
1247,61
1349,61
1310,60
1255,58
1445,65
1372,64
1352,63
1374,59
1440,64
1308,61
1373,61
1252,59
1455,66
1382,61
1331,60
1412,64
1423,64
1452,65
1451,64
1434,64
1336,61
1361,61
1367,62
1319,59
1420,65
1419,62
1368,64
1461,63
1460,66
1429,64
1319,59
1383,63
1362,62
1255,60
1471,66
1370,63
1370,62
1387,63
1286,61
1360,60
1390,64
1274,61
1446,64
1351,63
1374,62
1379,63
1463,66
1236,60
1347,63
1394,64
1377,61
1305,59
1350,61
1328,61
1285,59
1431,64
1189,56
1395,63
1409,65
1331,61
1289,59
1525,67
1358,62
1426,63
1190,56
1269,59
1249,61
1208,58
1338,58
1329,61
1360,62
1255,60
1420,65
1368,62
1345,64
1283,60
1381,61
1413,63
1326,62
1518,66
1178,57
1338,61
1433,65
1446,65
1199,58
1369,64
1298,63
1391,63
1332,61
1542,67
1426,64
1377,64
1382,64
1391,63
1251,59
1397,65
1310,63
1328,63
1214,58
1307,61
1324,62
1331,60
1339,61
1343,63
1437,64
1414,65
1325,58
1484,65
1459,66
1517,65
1269,60
1338,63
1347,61
1430,65
1402,64
1424,64
1259,60
1284,60
1283,61
1421,63
1437,65
1457,64
1512,66
1234,58
1348,61
1251,56
1465,65
1361,64
1228,59
1281,61
1294,61
1415,64
1224,58
1348,63
1344,61
1354,62
1358,63
1414,64
1414,64
1280,60
1275,60
1389,64
1280,59
1243,58
1459,65
1396,63
1345,62
1172,56
1315,62
1283,62
1355,63
1371,62
1305,61
1224,59
1323,61
1373,62
1336,60
1399,64
1303,61
1388,62
1361,61
1342,60
1393,64
1386,65
1218,57
1420,64
1339,60
1499,67
1342,62
1449,64
1452,66
1435,64
1284,61
1302,61
1268,56
1348,62
1275,60
1281,59
1323,62
1365,63
1314,61
1314,61
1514,65
1501,65
1168,57
1429,63
1306,60
1276,61
1395,64
1556,68
1387,64
1372,64
1411,64
1328,61
1349,61
1393,61
1285,61
1392,64
1529,68
1236,59
1293,60
1419,63
1331,63
1275,62
1264,61
1491,66
1413,64
1401,63
1336,60
1339,62
1360,63
1339,62
1448,65
1405,62
1291,61
1423,66
1206,56
1244,60
1275,58
1309,61
1258,57
1332,63
1390,62
1274,57
1348,63
1343,63
1382,63
1576,68
1304,60
1294,61
1400,64
1151,58
1306,61
1358,63
1362,62
1401,65
1303,59
1453,66
1390,64
1390,62
1353,61
1410,64
1194,59
1297,61
1424,66
1345,63
1227,57
1337,63
1376,63
1253,59
1305,62
1336,62
1372,62
1455,64
1486,67
1495,66
1332,63
1327,60
1353,63
1433,63
1448,64
1321,61
1307,61
1377,63
1353,62
1458,65
1480,66
1248,58
1376,63
1307,62
1411,65
1484,64
1258,60
1461,66
1359,61
1269,59
1319,60
1479,66
1328,61
1309,60
1336,62
1354,63
1316,61
1350,63
1368,63
1369,63
1327,61
1467,65
1307,62
1329,61
1234,58
1341,62
1327,61
1424,64
1447,64
1420,63
1374,65
1331,60
1285,59
1325,61
1489,67
1266,61
1281,60
1388,63
1409,61
1314,63
1277,62
1429,63
1325,60
1450,65
1433,64
1437,64
1462,66
1324,61
1304,60
1471,64
1304,62
1422,64
1300,62
1340,61
1391,63
1344,62
1454,64
1149,54
1455,63
1504,66
1248,59
1340,61
1260,58
1305,61
1289,59
1097,56
1363,62
1276,59
1370,63
1410,65
1432,65
1314,62
1375,64
1317,62
1381,62
1357,62
1429,66
1221,59
1383,63
1311,60
1335,62
1587,68
1404,65
1305,62
1484,66
1503,68
1331,62
1464,66
1327,61
1282,61
1538,69
1431,65
1521,67
1441,64
1442,66
1391,65
1472,65
1274,59
1313,61
1359,62
1302,62
1449,65
1380,62
1384,62
1447,63
1536,67
1442,64
1360,63
1475,66
1309,61
1353,64
1481,66
1315,60
1368,64
1294,60
1468,66
1333,62
1378,65
1568,67
1515,68
1428,62
1233,60
1425,66
1426,64
1218,57
1428,64
1343,62
1387,63
1557,69
1347,62
1472,66
1528,68
1397,62
1342,62
1544,69
1359,60
1409,65
1434,64
1435,63
1503,68
1532,67
1300,60
1433,66
1330,61
1414,63
1514,67
1290,62
1398,64
1330,62
1563,67
1364,64
1231,60
1457,64
1528,66
1473,64
1384,63
1270,60
1347,60
1377,62
1517,67
1478,66
1492,67
1359,63
1440,65
1361,63
1460,66
1356,62
1503,67
1502,68
1455,66
1473,66
1450,66
1459,64
1254,61
1377,64
1437,62
1296,63
1351,63
1383,64
1443,66
1427,64
1356,63
1475,67
1380,64
1390,64
1485,65
1350,63
1385,64
1461,63
1428,65
1394,63
1370,61
1447,65
1498,66
1332,62
1462,65
1445,65
1262,60
1422,64
1384,63
1403,64
1342,63
1354,62
1263,59
1479,66
1427,63
1336,61
1310,61
1442,65
1263,60
1433,65
1301,61
1435,64
1472,67
1502,67
1330,61
1497,67
1319,63
1485,66
1381,63
1441,65
1276,59
1508,66
1449,65
1389,62
1362,62
1495,67
1271,61
1467,63
1462,67
1349,62
1523,68
1354,61
1330,62
1315,61
1370,64
1371,62
1281,60
1376,63
1286,62
1372,63
1508,67
1472,64
1339,62
1580,70
1337,62
1309,61
1358,61
1412,64
1421,63
1407,63
1527,67
1331,60
1289,62
1485,65
1455,66
1501,67
1380,65
1373,63
1455,65
1491,65
1413,65
1362,63
1332,61
1441,66
1331,60
1400,65
1314,60
1436,64
1260,61
1489,65
1366,62
1421,65
1323,62
1456,65
1298,62
1387,65
1278,62
1540,67
1252,60
1381,62
1457,64
1496,67
1334,61
1490,66
1361,64
1433,65
1407,63
1396,66
1488,66
1295,62
1406,62
1416,63
1396,64
1456,66
1321,62
1409,64
1356,64
1515,66
1434,64
1554,69
1429,66
1392,63
1323,63
1312,62
1438,64
1335,64
1310,62
1339,62
1488,66
1464,66
1473,67
1345,62
1505,67
1408,65
1396,63
1365,63
1588,68
1530,68
1332,62
1343,61
1390,63
1382,64
1397,64
1497,66
1304,61
1423,64
1425,63
1450,66
1199,56
1294,61
1211,58
1414,64
1485,67
1619,69
1413,64
1276,62
1433,64
1344,62
1322,63
1454,66
1423,65
1341,61
1385,62
1347,61
1382,63
1472,67
1322,62
1425,65
1354,62
1426,65
1323,63
1470,65
1246,59
1390,63
1439,66
1383,65
1376,61
1265,60
1387,63
1423,65
1418,63
1218,60
1241,60
1325,62
1475,66
1432,66
1418,64
1448,65
1465,65
1334,63
1415,65
1527,68
1450,64
1386,63
1566,69
1404,63
1270,62
1353,64
1554,68
1442,65
1374,61
1338,60
1531,68
1410,65
1419,66
1440,66
1412,63
1274,62
1374,62
1464,66
1257,59
1354,63
1377,64
1384,63
1409,64
1416,65
1314,62
1321,62
1376,63
1390,63
1484,67
1432,65
1320,61
1322,61
1399,64
1366,62
1394,64
1433,65
1384,65
1555,68
1392,63
1390,64
1371,62
1324,62
1517,67
1499,66
1411,63
1432,65
1462,65
1318,64
1361,63
1403,62
1406,65
1587,69
1368,64
1463,65
1404,63
1352,63
1388,64
1285,61
1255,61
1318,61
1456,66
1311,62
1392,63
1343,64
1433,64
1403,65
1375,63
1538,67
1469,67
1289,60
1254,59
1324,61
1405,65
1255,59
1482,67
1375,64
1433,62
1334,62
1344,63
1258,59
1489,65
1346,61
1374,64
1443,65
1447,66
1338,63
1346,62
1512,66
1173,56
1451,66
1351,62
1392,65
1323,61
1377,62
1509,65
1399,64
1254,60
1339,64
1424,64
1249,56
1359,62
1414,63
1387,65
1335,64
1452,66
1396,65
1397,64
1492,66
1411,65
1394,63
1349,61
1450,65
1365,63
1431,66
1479,66
1427,64
1315,61
1284,57
1442,65
1400,64
1456,66
1436,64
1342,62
1276,60
1416,66
1411,64
1263,59
1469,66
1371,64
1451,65
1414,63
1401,62
1409,63
1343,62
1279,62
1503,68
1502,67
1385,62
1405,64
1343,62
1345,64
1365,62
1520,68
1429,64
1129,57
1468,66
1457,66
1194,58
1401,64
1332,62
1537,68
1571,68
1421,65
1410,64
1366,64
1343,63
1461,66
1535,66
1450,65
1546,68
1350,62
1378,64
1222,59
1320,62
1379,63
1414,64
1420,62
1416,65
1373,64
1395,63
1501,67
1352,64
1450,66
1415,64
1269,61
1474,66
1484,67
1362,65
1531,68
1521,66
1374,63
1529,66
1288,62
1305,61
1428,64
1307,59
1273,60
1413,63
1435,64
1552,68
1397,63
1294,61
1250,57
1297,62
1230,57
1356,63
1345,62
1479,65
1421,61
1314,61
1499,68
1310,61
1343,61
1467,67
1395,63
1415,63
1466,67
1385,64
1518,68
1364,62
1451,66
1548,67
1438,66
1335,61
1377,64
1401,63
1288,61
1414,63
1476,66
1280,61
1372,65
1308,61
1468,65
1458,65
1401,65
1332,61
1554,69
1429,63
1439,64
1249,59
1426,65
1441,66
1238,58
1388,61
1454,65
1446,65
1286,59
1514,65
1138,56
1380,63
1325,63
1453,66
1316,63
1458,65
1524,67
1502,64
1546,66
1345,61
1405,64
1403,62
1465,63
1196,59
1272,61
1355,61
1364,64
1529,68
1640,70
1321,61
1360,63
1331,60
1426,65
1424,65
1243,61
1356,64
1373,63
1530,68
1544,69
1352,63
1494,64
1289,60
1508,66
1520,66
1503,68
1380,63
1584,69
1410,63
1388,64
1563,69
1411,65
1414,61
1453,66
1337,61
1445,66
1372,63
1352,63
1572,70
1520,65
1428,64
1347,62
1250,57
1397,64
1309,61
1547,67
1376,64
1305,61
1461,66
1540,65
1441,64
1291,60
1384,64
1435,64
1335,62
1434,64
1267,61
1329,61
1460,67
1329,62
1520,66
1537,66
1422,64
1348,61
1524,65
1343,62
1336,61
1417,64
1421,63
1432,64
1422,65
1300,60
1381,64
1333,63
1305,59
1346,61
1471,66
1325,62
1348,62
1284,60
1427,65
1493,67
1468,66
1320,62
1383,62
1340,62
1389,64
1328,62
1515,67
1346,61
1402,64
1451,65
1391,61
1406,64
1319,61
1441,64
1395,61
1311,62
1300,60
1427,65
1511,66
1371,63
1248,57
1465,65
1377,64
1453,65
1373,63
1549,68
1356,64
1392,65
1269,59
1354,63
1453,65
1501,67
1397,64
1387,63
1454,66
1400,63
1232,59
1457,66
1376,64
1345,62
1472,67
1323,62
1421,63
1360,63
1388,64
1570,69
1393,65
1391,64
1432,67
1282,59
1480,66
1315,61
1334,61
1482,65
1314,60
1358,62
1434,63
1430,63
1378,64
1432,64
1316,61
1363,63
1424,65
1443,65
1350,62
1306,61
1338,61
1332,62
1370,64
1482,67
1386,61
1404,64
1433,66
1515,67
1314,61
1381,64
1379,64
1442,66
1420,65
1427,65
1312,61
1337,61
1435,65
1540,67
1456,64
1405,65
1426,64
1328,63
1348,61
1270,60
1352,63
1331,61
1304,62
1379,64
1482,66
1311,60
1447,65
1269,60
1356,63
1356,63
1319,61
1381,63
1390,63
1455,65
1434,64
1557,69
1403,64
1480,66
1310,61
1376,62
1367,61
1513,67
1493,66
1407,65
1308,61
1317,61
1415,64
1263,61
1489,67
1330,61
1369,63
1343,62
1338,61
1392,62
1385,63
1388,63
1357,62
1466,65
1402,64
1503,66
1354,62
1493,66
1379,62
1215,58
1459,66
1303,61
1433,64
1450,65
1387,63
1446,64
1221,57
1337,63
1500,67
1593,68
1424,64
1481,66
1457,66
1518,67
1414,63
1349,61
1586,68
1301,62
1416,64
1401,64
1343,62
1433,65
1474,65
1582,69
1347,63
1384,62
1460,66
1416,64
1383,63
1262,58
1389,62
1488,66
1482,66
1403,64
1462,66
1561,69
1509,66
1455,67
1330,62
1397,63
1314,61
1490,65
1368,62
1316,60
1391,64
1359,61
1509,66
1544,66
1549,68
1418,64
1429,65
1434,64
1431,66
1431,65
1232,58
1458,67
1244,59
1406,65
1390,64
1308,61
1348,62
1428,63
1262,58
1330,62
1436,65
1434,65
1411,63
1452,64
1373,63
1366,61
1364,64
1457,65
1373,63
1390,62
1284,61
1313,62
1375,62
1493,66
1489,66
1401,63
1424,64
1435,64
1484,65
1401,64
1354,63
1297,60
1385,63
1318,61
1296,62
1320,62
1423,66
1327,62
1331,63
1371,63
1373,65
1351,62
1332,62
1379,63
1289,61
1280,60
1410,64
1385,63
1433,65
1413,63
1386,65
1346,61
1492,67
1478,67
1351,61
1286,59
1374,64
1512,68
1244,58
1516,66
1292,60
1490,66
1459,65
1247,58
1333,61
1252,58
1473,65
1407,63
1288,60
1539,68
1431,65
1317,60
1501,66
1322,63
1523,68
1430,65
1255,58
1249,60
1479,66
1468,66
1419,64
1317,62
1385,63
1349,62
1463,65
1247,59
1509,66
1350,61
1437,65
1343,61
1350,64
1276,58
1332,61
1501,67
1408,65
1525,67
1389,63
1358,63
1245,59
1569,69
1493,65
1325,61
1289,60
1277,61
1319,62
1372,63
1416,65
1367,61
1459,64
1381,63
1543,67
1414,62
1319,61
1402,62
1309,61
1348,61
1329,62
1418,64
1296,60
1550,68
1294,62
1579,69
1457,66
1310,60
1482,67
1299,61
1296,61
1420,64
1281,61
1385,63
1462,66
1378,62
1374,65
1338,61
1457,66
1478,66
1470,67
1412,64
1422,65
1565,68
1281,61
1383,62
1409,65
1439,64
1533,67
1277,60
1399,64
1436,66
1479,65
1332,61
1462,66
1361,62
1344,60
1314,62
1273,61
1400,63
1414,62
1317,62
1449,64
1420,64
1558,69
1398,64
1359,63
1430,64
1324,62
1308,61
1405,64
1348,62
1328,61
1498,68
1441,65
1566,67
1406,65
1326,60
1302,62
1440,63
1379,63
1408,65
1389,64
1391,63
1343,61
1380,63
1350,62
1411,64
1470,65
1441,64
1399,63
1333,61
1399,65
1378,65
1275,59
1474,64
1406,64
1467,66
1375,62
1531,69
1467,65
1299,63
1312,63
1449,65
1336,61
1467,64
1400,63
1261,59
1390,63
1184,56
1390,63
1551,66
1320,61
1220,58
1518,69
1345,63
1352,61
1542,67
1239,61
1254,57
1149,57
1493,67
1370,63
1418,63
1412,64
1386,65
1417,65
1281,58
1360,65
1351,63
1289,59
1454,64
1296,60
1279,60
1526,68
1443,63
1387,62
1178,56
1370,64
1275,61
1493,66
1419,62
1410,64
1363,63
1481,67
1446,66
1251,58
1404,64
1449,64
1566,68
1464,65
1578,70
1472,64
1422,65
1262,61
1531,67
1321,62
1376,62
1435,66
1371,62
1515,68
1304,61
1295,62
1491,68
1538,68
1303,61
1471,65
1571,69
1408,64
1378,60
1410,65
1370,62
1487,67
1319,60
1367,62
1285,61
1453,66
1498,67
1354,64
1386,64
1336,61
1416,65
1451,65
1381,63
1446,64
1602,69
1337,60
1348,61
1456,67
1414,64
1414,64
1370,63
1432,65
1425,63
1334,62
1544,67
1447,64
1266,59
1329,60
1455,64
1408,62
1490,68
1418,64
1519,67
1522,68
1304,59
1374,61
1355,63
1319,60
1452,67
1444,66
1371,63
1380,64
1420,64
1559,68
1363,63
1457,63
1509,67
1233,60
1564,67
1378,63
1366,62
1396,63
1366,61
1267,60
1196,58
1359,61
1360,62
1417,64
1338,62
1287,60
1476,66
1414,66
1479,65
1359,60
1336,62
1391,63
1435,65
1332,62
1314,61
1301,61
1524,66
1392,63
1448,65
1431,65
1529,68
1326,61
1443,65
1457,65
1351,63
1373,62
1349,61
1424,65
1332,62
1445,65
1429,64
1435,65
1316,61
1401,63
1313,62
1440,63
1435,65
1356,62
1353,64
1383,64
1428,64
1382,64
1279,61
1346,63
1446,65
1391,62
1450,65
1403,63
1355,62
1318,62
1392,62
1417,65
1394,64
1406,64
1406,64
1466,65
1404,64
1458,65
1463,67
1416,66
1485,66
1408,65
1428,64
1345,61
1401,65
1402,64
1355,62
1452,66
1428,63
1437,65
1455,67
1494,64
1321,61
1417,65
1291,62
1284,58
1440,63
1461,64
1391,62
1549,69
1291,62
1317,62
1494,68
1466,64
1455,63
1582,69
1498,67
1336,61
1394,63
1437,65
1289,60
1586,68
1346,63
1355,63
1253,60
1509,67
1526,68
1325,60
1451,66
1246,60
1213,59
1471,66
1556,68
1357,62
1341,63
1483,67
1517,68
1380,65
1316,62
1403,63
1410,65
1583,70
1425,64
1375,63
1337,61
1471,65
1280,59
1539,67
1584,66
1357,63
1334,62
1299,61
1487,66
1335,63
1583,67
1207,56
1439,65
1432,64
1297,61
1426,65
1269,59
1434,65
1329,62
1310,60
1248,59
1208,57
1405,63
1387,63
1331,61
1450,65
1307,61
1290,61
1476,65
1290,59
1372,61
1535,66
1464,65
1475,66
1469,66
1201,57
1404,62
1467,65
1605,70
1461,66
1541,66
1448,64
1542,67
1505,68
1556,67
1306,61
1344,62
1300,62
1345,62
1437,65
1478,66
1304,62
1166,56
1311,61
1336,61
1329,59
1363,62
1380,64
1505,66
1477,64
1332,61
1504,67
1412,64
1406,64
1541,69
1445,65
1397,64
1429,64
1341,63
1521,67
1479,66
1379,64
1382,63
1310,60
1511,67
1436,65
1389,63
1453,66
1419,64
1417,64
1247,58
1308,61
1514,66
1376,63
1309,61
1270,59
1310,61
1505,67
1420,64
1410,63
1284,60
1369,61
1413,64
1355,62
1445,65
1301,62
1442,65
1423,65
1381,64
1302,61
1295,61
1376,63
1304,62
1489,67
1558,68
1456,66
1335,62
1435,66
1285,60
1413,64
1568,67
1247,58
1138,56
1381,63
1422,64
1548,69
1360,64
1323,61
1412,62
1256,59
1504,67
1404,63
1504,65
1512,67
1353,62
1311,61
1480,66
1380,63
1502,66
1399,64
1391,63
1421,64
1390,63
1559,68
1487,67
1470,67
1418,60
1309,60
1381,64
1445,64
1465,65
1461,66
1393,64
1460,65
1450,65
1431,65
1528,68
1312,60
1318,61
1331,62
1448,66
1296,60
1383,64
1511,66
1334,61
1356,60
1505,67
1311,61
1426,65
1275,61
1411,66
1440,66
1409,65
1547,69
1436,64
1293,61
1423,63
1376,64
1418,65
1448,64
1574,69
1422,66
1573,68
1301,61
1488,66
1612,71
1495,68
1432,65
1386,63
1530,68
1499,66
1428,66
1427,65
1373,64
1541,67
1302,62
1392,64
1476,65
1422,64
1443,65
1448,64
1528,66
1394,63
1536,68
1413,64
1393,65
1407,64
1430,63
1416,65
1415,64
1457,67
1549,68
1366,64
1376,63
1570,68
1326,62
1522,68
1553,68
1392,64
1396,64
1278,61
1485,65
1476,67
1382,64
1371,62
1320,60
1284,60
1433,65
1436,65
1417,65
1448,65
1397,61
1427,64
1317,62
1442,64
1415,63
1424,63
1307,61
1358,62
1440,65
1325,62
1377,63
1384,63
1416,65
1425,66
1454,64
1491,67
1205,58
1520,68
1412,63
1491,66
1365,64
1431,66
1511,68
1530,69
1391,64
1365,64
1384,64
1443,65
1419,66
1352,61
1429,65
1295,63
1392,64
1464,65
1474,65
1446,65
1483,66
1272,62
1237,60
1487,67
1491,65
1398,61
1476,66
1462,66
1320,62
1399,63
1381,63
1363,62
1382,64
1480,64
1199,57
1256,59
1426,66
1524,68
1504,67
1371,61
1290,61
1403,64
1419,65
1526,67
1454,65
1341,61
1343,60
1423,64
1488,66
1463,67
1450,66
1514,69
1287,62
1393,62
1378,64
1494,67
1352,62
1520,68
1257,58
1517,68
1262,59
1474,65
1335,63
1490,68
1317,63
1484,66
1471,66
1446,66
1523,67
1381,64
1441,64
1422,64
1388,64
1451,66
1372,63
1553,69
1378,64
1418,65
1330,62
1431,65
1271,59
1408,64
1285,60
1459,66
1334,62
1344,61
1235,59
1443,66
1567,70
1446,67
1502,66
1526,67
1278,60
1259,61
1478,65
1588,68
1431,66
1413,64
1549,67
1486,67
1479,66
1500,67
1443,65
1321,61
1296,62
1353,62
1436,63
1330,63
1401,64
1519,68
1525,66
1462,66
1575,70
1531,67
1344,61
1287,59
1507,64
1379,64
1352,61
1237,60
1487,65
1499,67
1477,67
1436,65
1470,66
1383,63
1430,64
1254,59
1516,67
1358,63
1477,65
1339,62
1260,60
1377,62
1512,66
1351,60
1484,66
1406,64
1609,70
1321,63
1350,62
1412,63
1452,64
1490,65
1468,66
1528,67
1212,59
1462,66
1300,61
1322,61
1427,66
1540,69
1431,63
1340,62
1474,65
1470,66
1458,67
1464,67
1561,67
1299,58
1416,64
1528,68
1231,60
1333,62
1364,63
1337,62
1436,65
1443,64
1501,68
1379,62
1420,64
1488,67
1410,63
1492,66
1481,66
1355,61
1315,62
1566,68
1351,62
1453,65
1441,66
1369,63
1521,68
1453,65
1365,62
1446,65
1450,63
1567,69
1303,59
1434,64
1455,65
1430,64
1289,60
1398,63
1561,70
1346,61
1479,66
1536,67
1451,63
1507,68
1355,63
1353,63
1467,67
1415,66
1511,67
1369,64
1376,63
1525,66
1639,71
1568,69
1311,61
1482,68
1477,66
1448,67
1501,68
1352,62
1362,63
1508,66
1353,63
1412,62
1450,65
1438,65
1479,66
1280,60
1262,60
1277,61
1418,64
1310,61
1284,60
1490,67
1489,65
1503,68
1467,67
1485,65
1365,63
1347,62
1587,67
1492,67
1506,67
1370,64
1388,65
1210,58
1352,63
1463,64
1461,66
1437,63
1420,64
1421,63
1532,66
1486,68
1232,60
1531,69
1449,65
1460,67
1487,67
1431,64
1432,65
1535,68
1306,60
1347,61
1369,62
1250,59
1512,66
1433,65
1488,66
1330,62
1262,60
1415,64
1398,63
1236,59
1346,61
1545,68
1446,65
1504,68
1405,64
1465,65
1387,65
1292,62
1508,66
1358,63
1475,64
1434,64
1553,69
1438,63
1382,63
1412,63
1483,67
1371,64
1508,68
1258,58
1525,68
1439,65
1552,67
1479,66
1255,59
1463,66
1479,67
1473,66
1450,65
1363,62
1512,67
1461,66
1469,64
1377,63
1490,65
1376,63
1465,65
1412,65
1502,66
1343,61
1391,64
1539,68
1496,68
1298,62
1333,63
1502,67
1462,66
1331,62
1421,64
1191,58
1226,57
1544,69
1551,67
1369,64
1369,63
1373,62
1515,66
1486,66
1494,66
1485,67
1432,65
1487,65
1402,63
1349,62
1310,60
1567,69
1267,61
1511,67
1394,61
1522,66
1301,60
1520,66
1577,70
1389,64
1343,60
1288,61
1371,63
1410,65
1579,68
1492,66
1496,66
1222,59
1383,64
1469,66
1538,68
1399,64
1525,67
1401,65
1578,67
1414,65
1438,65
1504,67
1382,63
1465,66
1369,64
1411,63
1375,63
1422,66
1106,56
1460,66
1388,64
1464,65
1544,65
1467,66
1442,64
1385,64
1435,64
1451,65
1259,62
1391,63
1415,64
1423,63
1363,62
1490,67
1379,64
1473,63
1355,62
1345,60
1462,66
1454,66
1522,68
1409,64
1504,66
1501,68
1507,68
1374,60
1436,66
1507,67
1510,68
1456,65
1430,65
1347,61
1427,65
1269,59
1329,60
1389,65
1430,65
1243,58
1390,64
1502,67
1610,68
1287,60
1336,62
1303,61
1420,64
1340,62
1452,65
1349,62
1554,70
1393,62
1292,61
1381,63
1496,66
1447,64
1378,63
1495,68
1572,70
1532,67
1389,64
1425,63
1453,66
1430,65
1446,65
1522,67
1290,60
1428,63
1438,64
1545,67
1564,68
1443,64
1525,69
1419,64
1342,63
1325,62
1291,60
1494,64
1498,68
1429,66
1533,67
1342,61
1470,65
1562,69
1504,68
1474,65
1414,63
1391,64
1358,63
1405,64
1388,64
1473,67
1580,69
1481,65
1543,68
1570,69
1302,61
1382,63
1310,58
1269,60
1532,65
1323,63
1380,63
1243,58
1347,61
1568,69
1469,65
1381,63
1445,66
1460,65
1519,67
1533,68
1375,61
1346,62
1495,66
1482,66
1486,67
1520,66
1370,64
1282,61
1340,62
1491,66
1388,63
1361,63
1529,67
1487,68
1297,61
1378,64
1442,65
1409,65
1442,65
1564,68
1457,65
1518,69
1255,59
1284,59
1485,67
1405,64
1377,64
1438,65
1420,65
1392,63
1518,69
1266,60
1461,62
1483,65
1396,63
1421,63
1420,66
1412,64
1476,65
1359,63
1481,64
1458,64
1611,69
1293,60
1398,63
1388,64
1534,67
1355,63
1411,63
1400,64
1371,62
1381,63
1343,60
1437,65
1404,64
1523,69
1500,66
1481,66
1491,66
1393,63
1333,63
1427,65
1602,68
1438,66
1471,66
1462,66
1409,64
1330,62
1465,66
1365,63
1468,65
1488,66
1318,61
1376,63
1471,67
1416,62
1480,64
1413,64
1392,64
1440,66
1539,69
1452,66
1406,64
1564,69
1440,65
1363,62
1590,69
1486,67
1313,60
1522,68
1497,66
1474,66
1423,63
1474,68
1434,66
1333,61
1485,65
1401,65
1422,65
1441,65
1305,62
1568,69
1292,60
1468,63
1423,64
1448,65
1299,61
1423,64
1363,63
1413,64
1327,63
1407,64
1528,67
1370,60
1517,66
1296,61
1374,65
1414,65
1435,64
1376,62
1397,64
1515,66
1421,64
1341,61
1411,65
1362,63
1537,68
1539,68
1394,63
1372,63
1270,60
1393,63
1451,64
1352,61
1584,69
1556,69
1317,63
1315,62
1298,61
1535,67
1475,67
1494,65
1390,63
1570,69
1425,65
1431,65
1419,66
1573,69
1405,64
1437,65
1510,68
1471,65
1332,61
1284,60
1329,63
1352,62
1371,63
1356,63
1496,67
1340,61
1486,65
1257,58
1434,64
1436,65
1182,57
1363,63
1477,65
1536,68
1472,68
1332,62
1472,67
1313,61
1369,63
1486,66
1348,62
1425,64
1477,65
1305,61
1426,65
1507,65
1380,62
1495,66
1443,66
1157,57
1353,62
1421,63
1502,66
1481,66
1500,67
1385,63
1383,64
1414,66
1357,60
1401,64
1107,55
1548,68
1408,64
1480,65
1420,66
1156,56
1320,61
1521,65
1432,65
1331,61
1421,64
1332,61
1468,66
1443,65
1267,60
1366,63
1427,65
1162,59
1372,62
1384,62
1447,64
1403,65
1368,62
1517,66
1464,64
1486,67
1451,65
1465,66
1420,65
1464,63
1465,67
1479,65
1381,62
1461,65
1424,63
1393,64
1382,62
1481,67
1253,59
1322,63
1312,61
1415,65
1428,64
1492,66
1430,64
1468,67
1306,61
1436,65
1386,64
1626,71
1515,66
1558,69
1526,66
1397,63
1485,67
1500,67
1477,65
1548,66
1347,62
1573,68
1405,64
1528,67
1204,55
1417,65
1453,65
1368,63
1437,65
1439,65
1392,62
1459,65
1364,63
1423,63
1404,62
1380,63
1525,67
1424,64
1308,62
1317,60
1547,68
1497,67
1353,62
1596,69
1389,64
1317,63
1406,64
1360,62
1423,64
1388,64
1383,64
1404,64
1531,68
1362,63
1231,60
1407,64
1464,66
1602,69
1470,66
1455,64
1337,62
1438,64
1475,66
1422,64
1625,69
1459,66
1418,64
1440,65
1484,66
1521,68
1385,64
1433,63
1324,61
1426,64
1443,64
1520,67
1329,61
1533,69
1332,63
1392,62
1357,65
1364,64
1455,65
1322,61
1386,64
1458,65
1339,62
1258,59
1389,63
1411,65
1559,69
1460,65
1470,66
1503,67
1446,65
1443,66
1190,58
1341,62
1480,67
1428,65
1335,62
1365,61
1389,63
1499,65
1518,68
1534,68
1377,62
1446,66
1455,66
1600,70
1417,63
1605,68
1536,67
1269,60
1454,67
1392,65
1363,61
1487,65
1442,65
1326,63
1483,63
1366,64
1325,62
1413,66
1431,64
1265,61
1334,61
1449,64
1467,66
1432,64
1418,65
1440,65
1477,66
1389,63
1585,69
1407,64
1418,65
1443,65
1452,65
1507,65
1274,61
1393,64
1412,63
1410,64
1504,66
1407,64
1405,64
1326,60
1532,67
1305,61
1409,63
1487,67
1580,70
1372,62
1367,62
1561,69
1380,64
1380,63
1283,62
1364,62
1472,65
1354,62
1338,62
1269,58
1415,63
1313,63
1442,65
1472,66
1261,59
1414,65
1359,64
1403,64
1480,66
1329,60
1447,66
1476,66
1374,63
1345,62
1419,63
1395,64
1497,68
1529,64
1464,64
1346,61
1551,68
1503,69
1391,63
1311,60
1346,62
1668,72
1439,65
1258,60
1236,57
1337,61
1507,67
1447,64
1224,58
1412,64
1392,63
1253,60
1371,62
1496,67
1473,66
1313,60
1212,58
1371,62
1526,65
1384,65
1404,64
1271,60
1313,61
1428,66
1411,62
1299,60
1404,63
1481,67
1622,70
1310,60
1294,60
1496,67
1425,65
1342,61
1555,69
1422,62
1511,65
1460,65
1195,58
1176,56
1262,60
1531,68
1190,57
1550,67
1462,65
1306,61
1396,63
1269,61
1422,65
1367,64
1577,69
1417,63
1429,65
1374,63
1335,62
1501,66
1587,68
1477,65
1518,67
1356,64
1379,63
1374,61
1415,64
1411,64
1276,61
1479,67
1246,60
1418,64
1267,59
1631,70
1472,65
1568,69
1533,68
1475,65
1189,56
1455,65
1449,65
1436,66
1334,62
1349,63
1321,61
1299,61
1340,63
1504,66
1483,66
1357,64
1341,61
1320,61
1185,55
1466,66
1374,63
1227,60
1338,62
1394,63
1382,64
1375,62
1282,59
1369,62
1397,64
1325,62
1291,61
1506,66
1438,64
1298,58
1408,62
1365,63
1300,60
1285,60
1425,65
1554,69
1266,60
1307,60
1513,66
1522,68
1539,68
1380,64
1485,66
1298,62
1555,67
1304,61
1275,60
1416,64
1491,66
1320,60
1272,59
1536,68
1448,64
1395,66
1349,63
1487,67
1345,63
1364,62
1421,65
1487,64
1405,62
1541,65
1390,63
1360,64
1461,65
1510,67
1373,64
1526,67
1407,64
1392,65
1458,64
1575,69
1408,65
1444,65
1446,64
1485,66
1215,57
1477,66
1609,68
1555,67
1342,63
1322,62
1514,67
1432,62
1153,56
1365,63
1501,66
1294,60
1523,67
1525,68
1414,64
1457,67
1420,64
1523,67
1593,70
1434,66
1339,62
1482,66
1406,63
1207,60
1408,63
1472,67
1479,66
1400,64
1304,61
1336,62
1491,67
1523,68
1234,60
1280,61
1494,67
1435,63
1421,63
1421,62
1499,65
1351,63
1253,59
1406,65
1311,60
1480,65
1338,60
1446,63
1405,62
1451,66
1300,62
1517,65
1436,66
1465,65
1375,62
1358,62
1515,68
1388,63
1495,68
1421,62
1394,62
1663,71
1347,62
1279,61
1420,65
1500,63
1295,62
1519,67
1232,58
1467,66
1433,64
1286,60
1348,62
1471,65
1412,65
1328,62
1549,69
1424,65
1294,61
1564,68
1458,65
1331,62
1423,64
1272,61
1410,64
1416,65
1292,61
1261,58
1344,59
1397,63
1417,63
1256,60
1397,63
1272,60
1426,65
1421,65
1541,69
1380,60
1417,64
1424,65
1336,61
1329,60
1342,61
1470,64
1326,61
1452,66
1345,62
1351,63
1185,57
1397,65
1471,66
1340,62
1411,65
1521,67
1354,63
1266,59
1439,62
1525,66
1479,66
1401,64
1506,67
1466,65
1379,64
1476,68
1235,58
1308,62
1427,65
1403,64
1519,66
1489,66
1508,68
1394,64
1318,61
1528,67
1482,66
1221,59
1240,56
1465,66
1398,62
1412,65
1346,61
1190,56
1402,63
1217,58
1409,63
1384,62
1563,69
1329,60
1451,67
1388,63
1592,70
1243,59
1417,63
1405,61
1399,64
1603,70
1439,63
1364,63
1325,63
1336,63
1210,59
1381,64
1351,61
1375,64
1563,69
1332,62
1293,62
1472,65
1515,68
1438,63
1376,63
1515,68
1362,64
1419,65
1411,64
1362,63
1329,63
1483,64
1509,67
1434,66
1544,68
1427,65
1353,63
1411,64
1417,64
1424,64
1456,64
1493,65
1411,64
1598,70
1264,58
1187,56
1393,64
1445,65
1413,65
1387,64
1371,63
1372,62
1328,61
1324,61
1439,64
1259,59
1387,63
1336,60
1310,62
1458,67
1491,66
1265,60
1365,64
1406,60
1359,63
1463,66
1525,67
1360,63
1408,64
1499,67
1381,62
1451,65
1536,67
1191,59
1434,64
1487,66
1438,65
1328,62
1397,63
1535,67
1345,62
1394,63
1476,65
1491,67
1418,64
1343,61
1363,61
1483,66
1387,62
1503,68
1373,63
1440,65
1144,55
1332,61
1416,64
1305,60
1290,61
1391,63
1365,62
1448,63
1208,57
1377,63
1489,66
1352,61
1467,66
1408,65
1324,61
1381,64
1453,65
1373,64
1402,64
1632,70
1332,63
1343,61
1437,65
1417,64
1504,66
1359,62
1380,64
1356,63
1386,64
1382,63
1423,62
1492,66
1251,60
1414,64
1446,65
1508,68
1329,62
1370,62
1348,64
1399,64
1284,59
1270,59
1370,64
1316,62
1305,60
1381,63
1368,62
1416,63
1531,68
1351,61
1412,63
1365,62
1454,64
1432,64
1480,65
1447,65
1388,62
1482,66
1382,64
1416,65
1313,62
1477,65
1400,63
1452,66
1481,66
1459,66
1365,63
1384,62
1407,64
1386,64
1425,65
1463,65
1601,67
1475,64
1431,64
1401,65
1345,64
1374,62
1397,65
1449,64
1312,61
1357,64
1309,60
1228,58
1316,62
1383,63
1411,63
1434,64
1364,62
1709,72
1466,66
1371,61
1584,68
1380,64
1667,72
1315,61
1520,65
1578,66
1341,61
1353,60
1460,65
1523,66
1359,63
1491,66
1352,60
1596,70
1427,63
1574,67
1446,64
1381,62
1526,66
1495,66
1422,65
1550,67
1429,63
1333,59
1386,63
1415,63
1458,66
1519,67
1684,71
1504,67
1419,63
1450,66
1335,61
1643,68
1538,67
1249,61
1605,70
1500,66
1300,60
1528,66
1345,61
1375,62
1471,66
1313,61
1515,66
1566,67
1676,72
1532,67
1428,63
1587,68
1609,70
1476,65
1640,71
1572,68
1533,67
1386,63
1434,63
1417,64
1369,62
1401,60
1408,63
1608,69
1527,66
1464,65
1464,66
1518,67
1403,62
1549,68
1429,64
1464,67
1390,62
1337,61
1615,68
1262,58
1502,66
1436,64
1381,63
1370,61
1388,60
1571,69
1358,63
1456,64
1526,68
1275,60
1476,66
1488,67
1523,68
1454,65
1486,65
1515,69
1543,69
1488,67
1385,65
1400,63
1418,65
1282,59
1490,67
1292,60
1468,66
1394,63
1504,66
1474,65
1465,64
1354,63
1383,63
1402,62
1487,65
1474,66
1400,63
1422,63
1446,64
1489,66
1404,63
1293,59
1280,59
1542,68
1360,63
1503,66
1415,64
1412,65
1458,63
1414,64
1541,66
1339,62
1565,68
1303,61
1483,65
1487,66
1552,68
1370,62
1316,61
1383,64
1356,62
1466,66
1358,64
1398,65
1360,62
1284,61
1395,63
1429,64
1492,65
1552,67
1454,65
1370,62
1375,64
1327,62
1461,62
1497,62
1285,61
1283,59
1268,59
1251,61
1469,64
1310,61
1441,66
1444,65
1535,69
1283,59
1479,66
1431,64
1470,65
1536,65
1516,64
1398,64
1376,60
1463,65
1213,57
1564,68
1340,62
1373,63
1448,65
1442,62
1492,66
1496,65
1372,64
1597,67
1372,62
1288,59
1464,64
1451,64
1267,59
1381,63
1648,71
1363,61
1345,60
1373,63
1469,65
1397,64
1407,64
1296,60
1520,67
1552,69
1408,64
1530,68
1472,66
1498,65
1445,66
1474,64
1464,64
1317,61
1427,63
1277,59
1449,64
1393,62
1555,68
1367,64
1261,60
1491,66
1367,62
1428,65
1289,59
1379,63
1388,63
1488,66
1324,60
1287,61
1357,62
1521,66
1483,65
1387,64
1370,61
1579,68
1363,61
1506,67
1334,61
1366,62
1279,59
1582,69
1614,69
1468,65
1387,63
1263,59
1365,63
1365,62
1332,61
1474,65
1465,65
1574,68
1413,62
1517,67
1379,63
1383,64
1451,65
1579,69
1493,67
1569,68
1483,65
1468,66
1483,65
1544,68
1481,65
1307,61
1461,65
1391,62
1300,61
1588,69
1456,64
1640,71
1538,68
1239,58
1311,60
1392,62
1519,66
1557,68
1360,62
1500,68
1463,67
1375,64
1478,66
1340,62
1401,62
1487,67
1475,68
1426,64
1492,67
1343,61
1347,61
1228,57
1351,58
1457,66
1410,65
1448,63
1401,62
1489,66
1454,64
1474,66
1474,66
1525,66
1398,63
1510,68
1496,66
1516,67
1324,61
1405,63
1405,61
1457,66
1500,67
1410,63
1423,65
1370,63
1584,70
1502,67
1348,62
1419,64
1486,65
1387,63
1431,64
1433,65
1428,64
1548,65
1401,65
1535,68
1501,65
1418,63
1538,68
1481,65
1482,66
1482,65
1372,60
1387,63
1391,62
1493,66
1475,66
1329,61
1521,66
1498,67
1412,64
1354,62
1460,64
1375,64
1342,62
1380,62
1444,65
1495,67
1514,66
1248,58
1454,66
1512,67
1481,67
1256,60
1434,64
1598,69
1583,66
1459,65
1649,71
1387,64
1498,65
1278,61
1468,64
1588,69
1641,69
1439,66
1434,62
1559,68
1478,67
1394,61
1399,63
1457,65
1432,64
1411,62
1372,63
1205,58
1562,69
1339,59
1496,66
1466,63
1426,64
1351,61
1463,66
1451,64
1617,70
1529,68
1361,63
1399,62
1444,65
1413,62
1369,62
1392,63
1416,64
1509,67
1412,63
1321,61
1377,62
1388,63
1324,62
1476,65
1450,66
1487,68
1258,59
1558,66
1381,64
1454,65
1554,68
1374,62
1555,66
1235,60
1285,61
1501,66
1381,63
1487,66
1376,61
1372,63
1374,63
1346,61
1363,64
1299,60
1393,63
1444,64
1488,67
1245,60
1416,63
1274,59
1156,55
1397,65
1340,61
1408,64
1528,67
1372,63
1365,62
1303,61
1476,66
1280,61
1237,58
1400,63
1493,66
1393,61
1536,68
1331,63
1463,64
1537,68
1284,59
1457,65
1420,64
1351,62
1605,69
1474,65
1342,61
1468,66
1652,70
1554,67
1208,57
1297,59
1219,58
1495,65
1455,66
1366,62
1422,63
1371,64
1485,65
1446,64
1336,63
1343,59
1379,62
1432,64
1515,66
1410,62
1577,66
1493,66
1416,63
1236,57
1291,58
1292,59
1449,66
1388,61
1350,61
1443,65
1510,66
1391,63
1340,61
1509,66
1459,64
1423,65
1393,63
1579,69
1442,64
1302,61
1273,60
1356,62
1519,67
1390,63
1319,61
1378,62
1481,66
1515,67
1590,69
1591,69
1489,64
1548,69
1361,63
1524,67
1499,65
1493,66
1429,65
1354,62
1367,63
1447,65
1447,65
1508,66
1410,62
1324,61
1350,61
1588,69
1540,68
1526,67
1485,64
1410,64
1437,66
1468,64
1452,66
1460,66
1405,62
1377,63
1462,64
1313,58
1504,65
1516,66
1570,69
1594,67
1409,62
1324,60
1514,69
1405,62
1503,66
1557,68
1355,60
1401,64
1472,66
1335,60
1570,68
1476,66
1314,60
1323,62
1496,66
1514,67
1503,65
1502,65
1307,60
1458,65
1232,59
1412,63
1415,64
1539,68
1291,59
1375,62
1351,63
1455,63
1324,60
1504,65
1579,69
1436,64
1377,64
1392,64
1532,68
1439,66
1362,64
1424,64
1290,58
1432,65
1539,68
1461,65
1309,62
1462,63
1436,65
1550,67
1474,66
1322,62
1400,63
1426,64
1469,67
1291,57
1642,68
1510,67
1390,62
1515,66
1512,65
1438,63
1306,60
1496,65
1681,72
1522,66
1346,63
1512,67
1590,69
1391,62
1389,63
1408,64
1574,68
1459,64
1457,63
1408,63
1191,57
1334,61
1538,68
1643,70
1314,62
1154,57
1519,65
1513,67
1418,63
1376,64
1541,68
1379,63
1439,64
1481,65
1391,63
1656,70
1532,68
1500,67
1280,59
1601,69
1632,70
1446,65
1486,64
1401,63
1440,62
1507,66
1334,61
1479,65
1479,66
1469,64
1381,64
1235,56
1569,68
1436,64
1502,67
1561,68
1535,68
1413,62
1309,60
1259,59
1417,65
1667,70
1319,62
1538,68
1462,64
1430,66
1478,65
1524,67
1580,69
1450,66
1528,67
1500,67
1393,64
1450,65
1516,66
1300,59
1464,65
1677,71
1444,65
1413,65
1541,68
1490,66
1524,66
1434,65
1339,61
1391,63
1453,65
1336,62
1675,71
1369,61
1653,71
1588,68
1526,67
1469,66
1422,63
1446,65
1469,66
1503,67
1460,66
1502,66
1550,67
1489,65
1475,66
1516,66
1457,65
1448,63
1289,61
1505,66
1521,65
1172,57
1407,63
1413,66
1606,69
1479,65
1456,65
1413,63
1570,68
1325,60
1422,64
1388,64
1326,60
1234,59
1470,64
1215,59
1452,66
1504,63
1407,63
1575,69
1224,56
1481,65
1469,67
1483,66
1543,68
1427,61
1483,67
1480,65
1547,68
1234,56
1644,69
1328,62
1520,66
1384,62
1275,59
1411,65
1347,62
1444,64
1445,64
1343,62
1475,63
1530,68
1434,65
1360,63
1585,69
1472,65
1344,61
1654,69
1394,63
1310,59
1467,64
1331,59
1385,63
1461,67
1531,66
1431,64
1527,67
1373,62
1414,63
1399,62
1408,63
1387,62
1537,68
1417,62
1438,65
1506,67
1523,67
1463,64
1424,66
1571,69
1687,72
1434,66
1458,64
1422,63
1383,64
1442,66
1481,65
1637,70
1484,65
1379,63
1463,65
1372,62
1391,64
1594,69
1535,67
1478,66
1371,62
1464,66
1462,65
1382,64
1453,64
1560,69
1370,64
1290,58
1477,65
1336,63
1275,59
1442,62
1329,61
1373,62
1500,67
1449,64
1567,67
1660,70
1507,64
1457,65
1394,63
1521,67
1623,70
1297,60
1313,61
1420,64
1431,63
1337,60
1381,60
1425,63
1308,60
1415,63
1626,69
1415,64
1561,68
1366,63
1452,63
1506,66
1511,67
1435,64
1392,64
1472,66
1406,63
1452,64
1458,65
1584,69
1463,67
1262,58
1308,61
1272,60
1509,65
1416,64
1419,63
1394,63
1402,63
1455,65
1376,62
1610,69
1447,65
1217,58
1551,68
1456,65
1355,61
1277,61
1441,65
1461,65
1419,65
1558,67
1516,65
1389,63
1350,60
1643,71
1474,67
1445,63
1637,68
1400,61
1509,64
1258,57
1250,59
1606,68
1374,61
1274,60
1517,67
1562,68
1527,66
1394,62
1314,61
1485,66
1606,70
1348,61
1292,60
1433,64
1459,66
1355,61
1482,64
1263,56
1354,63
1335,62
1652,71
1547,68
1402,62
1372,64
1560,68
1334,62
1370,63
1461,63
1415,63
1470,64
1305,60
1427,64
1325,61
1560,69
1480,65
1330,61
1516,65
1342,62
1579,68
1464,66
1290,61
1400,65
1386,64
1378,62
1497,65
1428,64
1410,63
1424,63
1415,62
1559,68
1412,63
1481,65
1432,63
1420,62
1504,67
1369,63
1483,65
1514,67
1627,70
1490,67
1505,67
1548,68
1411,63
1539,67
1589,69
1597,68
1428,65
1433,66
1433,63
1428,64
1394,65
1467,64
1426,64
1503,67
1518,67
1521,66
1424,65
1316,60
1539,67
1523,66
1549,68
1323,62
1433,64
1616,68
1420,64
1505,66
1622,69
1493,67
1451,65
1476,66
1457,64
1420,64
1365,61
1265,60
1420,64
1503,68
1360,62
1311,59
1458,66
1401,64
1501,65
1511,66
1391,62
1417,64
1370,62
1367,62
1453,65
1576,68
1395,64
1538,66
1467,66
1370,63
1447,65
1516,66
1436,65
1256,58
1391,64
1499,65
1409,63
1346,62
1505,66
1431,66
1556,68
1471,66
1427,64
1426,62
1525,67
1494,66
1520,68
1285,60
1393,62
1366,60
1328,63
1355,62
1398,63
1477,67
1584,68
1496,65
1553,65
1629,70
1418,63
1507,67
1438,65
1543,66
1398,63
1333,61
1369,61
1466,65
1518,68
1359,61
1402,63
1392,65
1437,62
1310,61
1377,62
1542,68
1552,68
1445,64
1361,62
1449,63
1478,66
1285,58
1403,62
1442,65
1416,65
1413,63
1387,63
1490,67
1389,64
1355,62
1507,65
1488,66
1598,71
1204,56
1389,63
1419,63
1527,66
1480,66
1518,66
1474,64
1448,65
1409,63
1340,61
1515,68
1508,65
1360,62
1579,68
1374,62
1430,65
1338,62
1348,63
1347,62
1479,66
1421,64
1478,66
1353,62
1633,71
1454,64
1420,62
1413,63
1453,64
1388,63
1481,65
1541,69
1445,65
1438,66
1418,64
1392,61
1530,69
1572,69
1413,62
1578,67
1584,68
1426,64
1395,64
1567,67
1504,65
1379,62
1297,61
1448,65
1667,72
1410,64
1461,66
1462,66
1355,62
1468,66
1525,67
1678,70
1505,67
1391,62
1400,63
1429,64
1508,66
1645,70
1532,67
1444,64
1671,72
1455,64
1304,60
1425,65
1315,61
1408,66
1430,65
1486,65
1313,61
1374,61
1663,72
1477,65
1485,65
1524,67
1391,64
1479,65
1320,62
1324,62
1545,68
1569,68
1321,63
1394,64
1448,65
1427,61
1467,66
1549,68
1386,64
1479,65
1471,65
1330,59
1269,59
1360,61
1479,65
1308,61
1471,62
1436,64
1388,64
1392,63
1420,63
1489,65
1567,69
1481,67
1348,63
1285,61
1464,65
1529,67
1416,63
1427,64
1491,66
1432,64
1378,63
1587,69
1278,59
1336,61
1520,66
1262,60
1360,61
1528,68
1340,59
1438,64
1436,65
1547,69
1406,64
1531,66
1353,62
1482,65
1470,64
1313,61
1291,59
1374,62
1421,64
1495,66
1505,66
1379,65
1395,64
1705,72
1459,64
1287,62
1399,64
1553,68
1449,66
1470,65
1566,67
1395,63
1611,70
1720,73
1320,62
1436,64
1450,64
1537,66
1455,66
1487,67
1502,67
1657,71
1327,61
1375,63
1477,65
1556,69
1542,68
1644,71
1464,67
1591,70
1451,66
1524,66
1503,66
1536,67
1366,63
1313,60
1516,67
1501,65
1564,69
1402,64
1347,62
1427,65
1581,67
1441,66
1584,68
1519,67
1320,60
1345,64
1562,67
1543,67
1354,64
1438,64
1654,71
1462,66
1502,67
1591,69
1416,66
1463,67
1581,69
1458,66
1365,64
1467,67
1537,67
1308,61
1428,63
1515,67
1355,61
1370,64
1528,67
1478,65
1539,67
1548,69
1383,63
1370,63
1493,65
1430,65
1587,68
1383,64
1515,66
1523,67
1274,61
1578,69
1444,65
1311,60
1423,64
1458,64
1474,65
1311,62
1412,64
1476,67
1421,66
1464,66
1434,65
1469,65
1407,63
1576,69
1509,67
1462,65
1318,63
1420,65
1365,62
1428,63
1487,66
1632,71
1453,67
1471,65
1378,63
1562,68
1401,65
1237,61
1379,63
1405,62
1402,63
1416,66
1466,66
1447,65
1444,64
1367,62
1412,65
1359,63
1392,64
1365,63
1427,63
1428,66
1426,65
1453,66
1540,66
1510,67
1512,67
1676,70
1425,64
1248,59
1477,66
1587,68
1568,68
1418,63
1453,66
1417,64
1442,64
1599,70
1449,64
1510,66
1656,70
1605,69
1411,64
1456,66
1503,67
1371,64
1461,66
1589,68
1422,65
1551,69
1561,69
1518,67
1542,67
1480,64
1396,62
1649,71
1568,69
1435,64
1570,68
1389,65
1445,65
1361,61
1497,66
1561,69
1355,64
1403,63
1514,68
1412,64
1366,64
1416,64
1368,61
1503,67
1418,65
1693,73
1675,72
1477,63
1525,66
1435,64
1532,67
1573,68
1459,66
1399,63
1311,61
1274,60
1406,64
1482,65
1464,64
1414,65
1470,64
1441,65
1533,67
1429,65
1423,66
1387,65
1270,60
1428,65
1529,65
1341,62
1467,63
1565,69
1388,63
1547,68
1505,65
1457,64
1357,61
1311,60
1382,62
1417,64
1381,64
1421,64
1360,64
1399,64
1380,63
1299,59
1452,62
1548,67
1513,66
1475,65
1379,63
1344,62
1529,67
1544,68
1437,65
1374,62
1399,63
1225,58
1556,69
1428,66
1448,66
1546,67
1511,67
1550,70
1429,65
1536,67
1315,62
1384,65
1375,65
1304,61
1288,61
1593,68
1601,68
1488,66
1438,66
1405,66
1459,66
1434,65
1453,67
1429,61
1529,67
1394,63
1653,71
1412,62
1504,67
1412,64
1389,63
1360,61
1329,64
1490,66
1651,71
1551,67
1500,66
1427,63
1301,61
1593,69
1445,65
1407,65
1293,63
1566,70
1459,65
1401,65
1320,62
1481,67
1338,63
1386,63
1528,68
1557,69
1401,64
1448,66
1340,62
1464,67
1511,67
1355,62
1465,65
1561,68
1520,68
1482,63
1549,67
1339,62
1407,63
1501,65
1391,63
1546,66
1462,63
1498,67
1364,62
1506,67
1460,65
1527,67
1420,65
1431,64
1397,63
1383,63
1633,71
1572,67
1354,64
1559,67
1298,60
1490,67
1395,62
1453,65
1400,64
1394,63
1501,66
1470,66
1380,63
1438,65
1561,68
1221,59
1406,64
1550,67
1259,60
1550,67
1368,62
1403,64
1343,61
1495,65
1529,66
1476,65
1313,62
1425,64
1491,67
1452,66
1358,63
1463,64
1362,62
1320,61
1639,69
1500,67
1375,61
1547,69
1403,65
1493,66
1434,65
1453,65
1433,65
1524,67
1470,66
1371,64
1550,68
1477,66
1542,69
1477,66
1465,64
1416,62
1301,60
1450,65
1427,64
1469,66
1477,65
1395,64
1389,62
1287,59
1401,65
1369,60
1403,63
1577,68
1507,65
1614,70
1441,65
1457,64
1441,64
1571,69
1530,67
1496,66
1272,62
1488,66
1277,58
1472,67
1336,61
1422,64
1529,67
1346,63
1575,69
1463,66
1536,67
1575,68
1563,67
1632,71
1425,64
1397,63
1463,65
1316,61
1301,62
1628,70
1342,62
1545,68
1416,63
1295,60
1443,67
1466,66
1483,67
1408,65
1534,66
1430,64
1372,63
1401,64
1344,63
1494,66
1538,68
1502,66
1312,60
1232,59
1318,59
1434,66
1405,63
1526,67
1405,64
1647,72
1309,60
1355,63
1534,66
1607,70
1595,68
1477,67
1363,63
1576,67
1472,66
1447,65
1496,65
1666,69
1400,64
1488,67
1450,65
1346,62
1329,62
1412,63
1562,67
1439,63
1444,64
1546,68
1375,61
1509,67
1452,66
1418,65
1458,64
1427,64
1471,67
1456,65
1354,61
1486,65
1270,61
1541,67
1471,64
1273,57
1739,73
1398,63
1569,68
1530,67
1484,67
1373,61
1394,63
1548,68
1485,65
1489,67
1461,67
1568,69
1459,65
1506,67
1430,65
1572,67
1470,66
1383,63
1355,63
1580,68
1542,66
1356,62
1374,64
1473,66
1324,64
1548,68
1527,68
1261,59
1443,64
1463,66
1567,69
1453,67
1371,62
1518,65
1385,63
1392,61
1505,67
1448,64
1416,64
1428,64
1597,70
1442,66
1453,65
1252,61
1487,67
1424,66
1694,72
1509,66
1433,66
1454,67
1439,64
1559,68
1434,63
1485,67
1555,68
1522,66
1456,64
1507,67
1488,67
1415,63
1560,68
1325,60
1556,66
1442,65
1332,60
1472,66
1442,65
1405,63
1477,66
1341,62
1364,62
1507,65
1454,65
1359,60
1480,65
1397,61
1442,65
1393,63
1439,62
1577,70
1443,62
1478,68
1499,67
1289,61
1396,65
1411,63
1384,63
1483,66
1421,64
1507,68
1390,61
1473,66
1541,68
1391,65
1435,64
1511,65
1375,63
1452,66
1313,61
1540,68
1480,66
1338,63
1530,68
1532,67
1497,64
1488,67
1511,67
1610,68
1460,63
1442,65
1441,64
1425,64
1477,66
1453,65
1472,66
1429,63
1330,61
1317,61
1534,68
1451,65
1433,66
1531,67
1441,65
1613,69
1455,63
1382,63
1365,62
1396,64
1629,70
1514,66
1567,70
1465,66
1575,69
1564,68
1380,63
1458,65
1479,66
1456,66
1581,68
1360,63
1436,65
1507,66
1399,64
1363,63
1463,67
1397,62
1265,59
1516,66
1542,68
1511,65
1428,63
1529,69
1409,64
1250,59
1572,67
1300,60
1622,70
1425,64
1300,59
1269,61
1352,61
1500,66
1418,64
1591,70
1477,66
1384,63
1507,68
1502,67
1480,66
1350,62
1429,66
1399,65
1499,64
1351,64
1451,64
1405,65
1603,69
1474,64
1323,60
1424,64
1523,68
1455,66
1579,69
1359,62
1455,65
1426,62
1453,66
1362,64
1487,65
1454,64
1318,62
1353,62
1443,64
1374,62
1386,62
1406,64
1424,65
1335,63
1424,63
1401,63
1309,62
1349,62
1617,70
1549,67
1262,62
1625,70
1453,63
1469,64
1430,63
1375,61
1259,59
1446,65
1570,69
1305,62
1477,64
1484,66
1625,70
1322,61
1329,62
1524,67
1462,64
1545,70
1309,61
1503,66
1413,62
1399,63
1467,66
1499,66
1641,70
1417,64
1560,68
1496,66
1384,63
1596,69
1573,68
1309,62
1473,66
1479,67
1373,63
1358,63
1413,62
1502,67
1368,63
1305,61
1635,69
1324,60
1545,67
1658,70
1356,60
1273,60
1477,65
1428,65
1474,66
1322,61
1439,63
1360,63
1499,66
1487,67
1440,65
1658,71
1423,65
1261,60
1395,63
1342,60
1455,66
1412,63
1468,65
1597,69
1553,67
1388,63
1359,63
1533,66
1333,60
1351,62
1521,65
1375,62
1427,64
1429,62
1456,65
1447,64
1507,65
1421,62
1312,64
1373,63
1420,65
1440,64
1591,70
1495,66
1426,65
1406,63
1502,66
1462,65
1395,63
1364,62
1486,66
1342,61
1369,62
1582,69
1421,63
1141,54
1332,61
1449,65
1422,64
1520,66
1367,64
1403,63
1387,64
1523,67
1473,66
1361,64
1338,62
1344,62
1485,67
1447,63
1358,62
1386,65
1425,64
1473,66
1454,66
1477,65
1472,66
1301,62
1546,68
1426,64
1170,58
1444,65
1304,58
1462,65
1511,67
1365,62
1519,67
1383,65
1373,63
1506,67
1421,63
1543,67
1448,66
1452,66
1412,64
1583,69
1523,67
1503,68
1407,62
1414,63
1471,65
1571,69
1477,66
1427,63
1345,62
1440,65
1267,59
1280,60
1419,63
1520,67
1472,65
1495,67
1243,60
1462,66
1544,68
1402,63
1418,64
1405,66
1330,63
1591,69
1459,65
1418,65
1276,61
1517,66
1452,63
1455,64
1349,62
1388,64
1428,64
1337,62
1434,64
1428,65
1504,65
1342,62
1442,67
1553,68
1441,64
1490,67
1392,67
1462,67
1279,60
1341,62
1388,63
1403,64
1451,66
1499,65
1393,63
1438,64
1573,68
1437,63
1346,62
1537,68
1365,62
1414,64
1352,60
1428,65
1543,67
1455,64
1485,67
1478,65
1405,64
1471,65
1516,65
1336,63
1417,64
1330,63
1454,64
1549,68
1423,66
1222,56
1516,67
1518,65
1268,59
1478,66
1634,69
1367,64
1586,67
1517,65
1403,61
1318,62
1435,65
1530,67
1461,65
1425,64
1485,64
1323,61
1385,64
1410,65
1544,66
1555,69
1473,67
1429,65
1584,67
1388,63
1469,65
1425,66
1492,65
1414,64
1401,64
1557,67
1400,63
1625,70
1453,67
1436,65
1475,67
1427,64
1474,65
1513,68
1420,65
1588,69
1404,63
1532,64
1461,65
1384,61
1476,65
1472,66
1554,67
1492,67
1504,69
1331,62
1456,65
1524,67
1554,68
1384,63
1475,66
1490,66
1497,66
1412,64
1476,66
1393,62
1552,68
1638,69
1517,68
1309,61
1351,64
1310,61
1290,58
1489,64
1354,63
1573,67
1485,66
1449,66
1497,67
1450,67
1386,63
1485,66
1480,65
1570,68
1448,63
1393,61
1365,61
1373,64
1555,67
1463,65
1624,68
1444,64
1469,65
1234,61
1340,64
1548,68
1581,68
1427,64
1593,67
1498,66
1403,65
1273,60
1560,68
1532,66
1477,64
1414,64
1658,69
1528,65
1440,66
1455,65
1423,64
1446,63
1446,66
1609,69
1561,68
1461,66
1500,65
1581,68
1505,67
1372,63
1460,67
1575,69
1610,68
1335,61
1395,61
1487,67
1405,63
1515,68
1318,61
1446,67
1411,62
1385,63
1433,65
1539,67
1400,63
1293,61
1261,62
1517,67
1394,64
1435,63
1444,65
1568,68
1421,64
1446,64
1535,68
1438,65
1312,61
1355,62
1571,68
1360,63
1442,65
1567,69
1453,65
1490,67
1452,66
1527,67
1376,64
1556,68
1495,66
1317,62
1406,63
1511,68
1473,66
1360,64
1582,69
1339,61
1456,64
1433,63
1350,63
1537,69
1413,64
1314,62
1363,62
1307,58
1591,69
1426,64
1302,61
1266,61
1533,66
1437,66
1512,66
1381,63
1567,68
1421,64
1594,68
1446,64
1382,63
1414,65
1265,61
1372,62
1578,70
1542,66
1513,67
1435,63
1598,68
1521,66
1588,69
1448,66
1591,69
1414,65
1597,70
1506,67
1567,69
1554,68
1283,60
1356,63
1383,64
1467,64
1423,65
1386,64
1546,67
1563,68
1542,66
1361,64
1420,64
1437,64
1372,64
1511,66
1316,61
1608,70
1456,66
1383,64
1440,66
1361,62
1256,59
1354,63
1600,68
1276,61
1377,65
1462,65
1557,66
1588,68
1307,61
1421,63
1368,63
1486,68
1327,60
1537,66
1426,66
1410,64
1402,65
1392,64
1567,69
1327,60
1408,65
1401,61
1430,63
1300,62
1472,65
1497,65
1393,64
1685,69
1534,68
1331,61
1402,62
1420,63
1437,65
1497,66
1334,62
1545,67
1409,64
1617,69
1402,63
1399,63
1454,66
1517,67
1438,64
1247,59
1465,66
1215,59
1355,64
1419,64
1328,63
1429,64
1463,66
1462,67
1417,64
1478,66
1403,64
1492,68
1568,68
1415,63
1374,62
1588,68
1430,66
1376,64
1408,63
1520,65
1310,60
1413,64
1498,66
1328,62
1495,66
1325,60
1270,61
1273,59
1457,63
1401,63
1468,65
1589,69
1365,62
1447,64
1443,64
1430,63
1346,62
1378,65
1381,64
1492,65
1509,66
1491,68
1601,70
1400,63
1387,64
1425,64
1442,65
1271,61
1634,70
1515,64
1249,62
1425,65
1530,68
1567,68
1444,65
1320,59
1294,59
1540,68
1411,64
1301,59
1223,58
1349,63
1343,63
1489,67
1427,65
1562,68
1470,64
1433,67
1439,64
1448,64
1522,65
1360,63
1392,64
1376,63
1471,65
1534,66
1350,63
1455,63
1544,68
1531,67
1497,65
1324,62
1524,67
1367,63
1414,65
1564,68
1313,62
1340,61
1452,66
1456,63
1571,69
1318,61
1437,65
1550,67
1347,62
1294,61
1513,66
1485,68
1343,63
1343,64
1433,63
1285,61
1343,61
1403,64
1466,65
1450,66
1451,65
1454,64
1360,63
1555,67
1498,65
1455,66
1495,65
1403,64
1482,67
1369,65
1665,70
1365,65
1540,67
1458,66
1514,66
1502,68
1455,67
1430,63
1316,60
1548,66
1435,65
1408,64
1630,71
1490,66
1444,65
1443,66
1478,66
1375,62
1324,61
1417,65
1502,68
1529,66
1470,66
1466,65
1238,60
1499,66
1351,63
1476,66
1618,68
1488,66
1418,66
1487,66
1430,64
1519,66
1535,67
1289,60
1665,71
1256,61
1518,67
1363,63
1583,69
1565,68
1332,61
1451,64
1574,68
1517,68
1645,70
1398,64
1513,68
1426,64
1339,62
1403,64
1405,63
1484,66
1573,66
1537,67
1383,66
1526,67
1641,68
1668,71
1323,61
1387,65
1365,62
1484,66
1355,62
1330,62
1378,65
1487,65
1397,64
1467,65
1616,70
1411,63
1417,63
1524,68
1355,62
1442,64
1321,61
1360,63
1450,65
1570,68
1461,66
1545,65
1591,67
1436,65
1614,67
1476,66
1492,66
1496,67
1421,63
1641,71
1516,68
1544,68
1504,66
1588,68
1372,64
1475,67
1401,64
1479,67
1357,63
1524,68
1511,66
1441,66
1533,67
1371,63
1404,62
1450,64
1310,61
1408,64
1515,67
1500,66
1578,70
1421,62
1516,66
1339,62
1501,65
1452,64
1488,67
1413,64
1440,65
1455,64
1424,64
1526,66
1510,67
1398,62
1528,65
1535,68
1419,64
1567,67
1538,69
1530,66
1462,66
1370,64
1541,66
1574,67
1443,66
1501,66
1576,68
1386,63
1513,66
1357,61
1413,66
1641,70
1578,70
1274,57
1507,66
1403,65
1331,63
1425,62
1337,61
1514,67
1362,62
1311,59
1403,65
1317,60
1410,63
1383,62
1503,67
1501,67
1619,71
1542,68
1537,68
1493,66
1526,68
1296,60
1489,67
1519,67
1515,67
1501,67
1353,61
1483,64
1556,68
1434,64
1442,65
1366,63
1458,66
1450,66
1395,63
1357,63
1370,62
1435,65
1460,66
1552,65
1496,66
1404,64
1394,62
1534,67
1568,66
1440,65
1325,60
1544,67
1474,65
1515,67
1531,68
1346,61
1511,66
1407,64
1409,65
1360,64
1470,66
1332,62
1453,66
1574,68
1509,66
1631,70
1501,67
1413,64
1421,64
1431,65
1439,66
1435,65
1537,68
1527,67
1382,64
1453,65
1419,63
1480,64
1599,69
1441,63
1384,64
1249,59
1270,60
1460,67
1426,63
1599,68
1550,69
1596,68
1381,62
1421,65
1354,63
1542,67
1349,61
1357,63
1534,69
1390,63
1277,60
1392,61
1360,63
1573,69
1560,67
1489,66
1488,66
1486,66
1401,65
1530,67
1365,64
1605,70
1472,66
1446,65
1362,62
1483,67
1517,67
1244,59
1536,64
1555,66
1370,63
1442,65
1507,67
1365,61
1247,60
1394,64
1281,62
1479,65
1453,65
1435,64
1337,61
1339,63
1410,63
1415,64
1445,64
1220,59
1309,59
1315,60
1556,68
1485,66
1457,64
1539,67
1573,68
1640,70
1584,70
1486,65
1523,67
1392,62
1451,65
1444,65
1358,63
1432,64
1354,62
1462,65
1441,63
1247,59
1409,62
1464,66
1411,64
1531,67
1536,68
1389,62
1328,62
1510,68
1223,60
1453,65
1479,67
1440,65
1341,61
1451,66
1456,65
1291,61
1380,62
1458,66
1647,71
1359,63
1534,66
1575,69
1365,61
1358,63
1467,66
1444,65
1522,68
1341,63
1301,62
1334,64
1440,64
1451,65
1479,65
1402,64
1581,68
1482,67
1487,68
1527,67
1464,65
1561,69
1303,61
1419,65
1485,65
1435,66
1441,66
1597,69
1627,69
1569,67
1552,68
1638,69
1406,63
1504,65
1413,65
1439,63
1279,62
1429,62
1478,63
1540,68
1456,65
1452,64
1483,67
1302,62
1443,65
1301,61
1431,65
1418,63
1497,68
1466,65
1377,63
1383,62
1340,62
1402,63
1496,66
1437,64
1495,65
1446,63
1556,68
1463,66
1465,65
1400,64
1515,68
1414,64
1310,60
1412,63
1436,64
1384,63
1612,68
1459,65
1673,71
1476,65
1438,65
1393,64
1530,67
1322,62
1418,63
1553,65
1353,64
1509,65
1321,60
1337,60
1600,70
1537,68
1329,62
1394,62
1496,67
1358,64
1549,68
1312,61
1484,65
1477,66
1519,66
1523,67
1450,65
1414,62
1331,62
1451,63
1469,64
1450,63
1336,62
1503,67
1487,66
1552,68
1240,62
1431,63
1483,67
1385,65
1349,62
1619,70
1352,63
1323,62
1350,63
1491,68
1375,61
1360,61
1560,66
1358,62
1379,64
1257,61
1475,65
1443,65
1462,65
1521,67
1359,63
1469,66
1377,60
1448,63
1554,66
1346,62
1479,65
1507,68
1284,60
1531,69
1428,64
1579,67
1520,66
1486,66
1324,60
1546,67
1537,67
1337,62
1311,62
1563,66
1456,65
1421,66
1620,69
1528,67
1413,64
1457,65
1473,64
1445,65
1539,66
1426,65
1539,69
1409,64
1387,63
1486,66
1241,59
1415,63
1451,66
1493,65
1350,62
1472,67
1314,61
1568,68
1583,68
1411,63
1537,67
1550,68
1455,65
1506,67
1654,69
1412,64
1500,67
1513,66
1428,63
1349,62
1351,60
1569,68
1416,64
1579,67
1362,60
1460,65
1374,62
1439,65
1609,70
1460,66
1376,64
1342,61
1454,67
1347,63
1434,65
1358,62
1497,66
1586,68
1459,63
1472,66
1361,62
1535,67
1516,66
1347,64
1466,66
1493,64
1455,64
1458,65
1487,65
1428,65
1450,64
1406,65
1449,64
1368,65
1489,65
1322,60
1604,69
1478,66
1447,66
1345,63
1466,64
1516,68
1458,66
1531,69
1505,64
1327,64
1290,61
1410,62
1542,67
1444,65
1412,64
1428,64
1296,60
1344,62
1389,62
1387,64
1523,67
1446,65
1435,64
1448,64
1456,67
1430,63
1499,65
1544,67
1364,62
1393,65
1375,63
1466,64
1588,70
1427,64
1520,65
1279,59
1530,65
1436,65
1477,66
1530,66
1488,64
1253,59
1523,68
1317,62
1550,67
1396,65
1332,60
1199,58
1428,66
1487,66
1371,64
1454,65
1501,66
1595,69
1391,62
1562,69
1279,59
1397,64
1398,64
1449,64
1491,67
1409,65
1427,65
1470,66
1387,65
1563,69
1336,62
1351,63
1489,66
1494,64
1487,67
1407,64
1442,63
1511,68
1445,63
1488,65
1602,68
1376,62
1532,69
1429,64
1467,66
1453,65
1485,66
1447,66
1555,66
1512,68
1626,68
1473,63
1434,64
1499,66
1572,68
1372,63
1505,67
1510,67
1558,68
1206,57
1495,67
1269,60
1370,65
1322,62
1420,63
1365,62
1472,66
1430,64
1422,66
1560,68
1392,64
1318,60
1429,65
1377,62
1380,63
1564,67
1413,64
1325,61
1400,64
1392,63
1416,64
1507,67
1501,67
1335,62
1591,68
1424,66
1544,68
1533,67
1692,73
1345,63
1335,64
1441,65
1342,61
1320,60
1455,66
1457,65
1383,63
1330,60
1565,69
1498,66
1370,64
1491,64
1394,63
1439,64
1587,68
1359,61
1402,65
1449,64
1398,64
1351,63
1579,69
1369,63
1542,67
1346,61
1223,59
1488,67
1548,67
1321,62
1394,65
1598,69
1474,65
1439,66
1366,63
1458,65
1532,67
1508,67
1415,63
1377,63
1400,63
1417,63
1308,60
1381,62
1498,66
1357,62
1361,63
1342,63
1539,66
1594,70
1387,63
1417,64
1555,68
1609,69
1470,66
1348,62
1476,66
1627,70
1469,66
1438,65
1544,69
1442,65
1353,62
1548,67
1403,63
1488,65
1470,67
1334,63
1500,64
1498,65
1427,64
1313,61
1253,59
1531,68
1421,64
1422,65
1443,66
1393,64
1447,64
1605,68
1286,60
1327,62
1399,64
1576,66
1529,66
1520,68
1372,64
1547,68
1647,70
1577,67
1300,62
1433,64
1491,66
1171,56
1444,65
1404,63
1441,64
1294,60
1412,63
1341,62
1586,68
1607,69
1257,59
1397,61
1515,67
1443,65
1414,63
1444,65
1522,66
1395,63
1308,60
1381,63
1540,67
1424,64
1389,63
1499,64
1346,62
1373,63
1462,66
1432,64
1539,67
1460,65
1375,62
1540,67
1401,63
1370,61
1380,63
1406,64
1482,66
1327,62
1489,67
1538,68
1366,63
1247,58
1449,65
1387,62
1325,62
1505,67
1526,65
1503,66
1652,70
1411,64
1294,62
1515,67
1322,62
1596,70
1366,62
1560,70
1413,65
1374,63
1434,64
1494,66
1303,60
1338,63
1553,68
1333,61
1481,65
1346,64
1364,63
1335,60
1524,67
1379,65
1367,63
1600,68
1504,66
1391,64
1539,67
1345,63
1379,64
1371,62
1561,68
1432,66
1490,66
1276,59
1451,65
1484,65
1382,63
1427,66
1403,64
1658,72
1637,70
1372,63
1388,62
1501,66
1352,62
1527,65
1453,66
1425,65
1330,60
1316,63
1484,67
1442,64
1244,58
1385,63
1477,66
1489,66
1571,68
1354,62
1465,64
1582,69
1350,61
1551,67
1483,64
1456,66
1493,66
1419,65
1523,69
1532,67
1547,68
1346,62
1412,63
1534,68
1384,64
1445,66
1389,63
1370,62
1344,63
1508,67
1526,68
1449,64
1555,68
1362,64
1439,64
1532,66
1406,63
1372,64
1581,69
1405,65
1331,61
1367,61
1475,66
1357,61
1428,63
1599,69
1394,64
1401,63
1305,62
1470,67
1429,63
1382,63
1306,61
1455,63
1371,64
1379,63
1398,64
1470,66
1336,63
1256,59
1550,69
1382,62
1458,64
1448,65
1396,63
1447,66
1302,61
1494,64
1435,65
1503,65
1485,63
1389,64
1498,65
1434,64
1573,68
1285,59
1500,67
1478,67
1432,63
1387,63
1445,66
1407,63
1346,64
1435,64
1285,61
1347,63
1419,64
1505,67
1420,64
1473,66
1456,64
1393,63
1298,61
1352,59
1501,66
1583,67
1585,70
1452,67
1404,64
1441,67
1460,65
1429,65
1447,65
1358,63
1337,62
1411,64
1635,70
1452,64
1430,65
1472,65
1482,67
1387,64
1389,61
1525,67
1491,65
1347,61
1492,66
1555,68
1235,60
1443,66
1370,64
1365,61
1388,62
1327,62
1414,62
1434,63
1481,64
1387,61
1511,66
1341,61
1514,67
1507,65
1437,64
1515,67
1515,68
1360,64
1586,68
1284,61
1304,60
1561,68
1429,66
1358,64
1335,63
1550,66
1578,69
1386,64
1356,63
1418,63
1419,65
1532,68
1453,65
1628,71
1399,62
1446,65
1317,62
1417,65
1518,67
1358,60
1401,64
1480,67
1473,66
1302,61
1366,62
1456,67
1426,64
1415,65
1454,66
1459,65
1579,69
1250,59
1375,63
1334,61
1376,62
1424,63
1370,63
1366,63
1461,65
1342,64
1544,69
1359,63
1475,65
1470,65
1551,68
1471,64
1450,63
1381,62
1599,69
1367,63
1413,64
1351,62
1354,62
1469,65
1417,65
1277,60
1473,65
1571,69
1410,64
1561,68
1507,67
1358,63
1273,61
1496,66
1440,64
1456,66
1400,65
1330,60
1404,63
1526,65
1612,68
1446,64
1521,67
1310,61
1523,66
1560,69
1392,64
1485,66
1418,65
1467,66
1448,65
1685,71
1514,67
1429,64
1460,66
1256,60
1429,64
1418,63
1402,62
1332,63
1423,65
1439,66
1375,64
1615,69
1384,63
1392,66
1282,62
1413,64
1475,65
1421,64
1357,63
1409,63
1366,62
1306,60
1494,67
1389,63
1504,67
1571,69
1468,66
1532,67
1477,65
1351,62
1350,65
1317,61
1368,63
1461,65
1416,65
1508,67
1495,66
1502,67
1539,66
1522,68
1510,67
1397,65
1370,63
1397,64
1473,65
1426,64
1422,63
1445,64
1428,65
1370,64
1487,66
1429,65
1496,66
1550,69
1355,61
1363,64
1476,68
1438,62
1265,60
1296,61
1473,65
1539,66
1383,63
1448,65
1473,65
1493,65
1388,63
1556,67
1478,66
1450,66
1431,65
1495,65
1467,65
1504,67
1691,72
1619,70
1401,64
1302,61
1500,66
1542,67
1268,60
1505,66
1367,62
1552,66
1319,62
1421,63
1519,67
1582,68
1386,63
1470,66
1483,67
1332,62
1549,67
1519,67
1408,64
1456,65
1384,63
1562,68
1570,69
1359,60
1436,64
1243,61
1398,65
1326,61
1474,68
1276,59
1546,66
1349,63
1386,64
1458,66
1531,65
1439,65
1383,64
1353,63
1297,61
1368,64
1311,60
1354,63
1522,67
1351,64
1574,69
1474,65
1347,63
1538,66
1479,66
1461,65
1548,68
1342,60
1376,63
1369,63
1514,65
1537,67
1545,67
1454,65
1392,62
1409,63
1447,63
1325,61
1589,68
1433,66
1454,65
1504,67
1517,65
1459,66
1448,64
1549,67
1315,61
1455,65
1606,69
1458,65
1291,61
1502,65
1579,66
1435,65
1404,65
1324,62
1486,65
1440,64
1262,59
1395,63
1422,62
1372,63
1242,60
1464,64
1332,63
1427,63
1521,68
1543,67
1493,66
1551,68
1398,62
1363,64
1406,64
1483,65
1357,64
1488,67
1461,65
1429,65
1363,63
1409,65
1375,62
1226,59
1370,65
1500,65
1351,64
1365,64
1354,62
1527,67
1434,65
1288,59
1373,63
1431,65
1358,62
1291,61
1328,61
1424,64
1520,68
1361,64
1375,63
1487,65
1356,62
1326,61
1491,66
1527,67
1332,60
1462,66
1459,65
1525,65
1441,65
1425,63
1552,68
1350,62
1487,67
1486,65
1376,62
1461,66
1520,68
1397,65
1424,65
1503,65
1386,63
1490,67
1366,64
1503,65
1356,64
1397,63
1424,65
1460,64
1421,62
1472,65
1473,64
1388,64
1294,60
1449,64
1463,66
1502,66
1424,65
1407,64
1465,65
1568,67
1539,67
1355,62
1490,64
1499,67
1367,62
1428,65
1506,65
1564,69
1386,63
1341,61
1332,63
1380,62
1548,68
1463,65
1319,62
1318,60
1567,67
1375,63
1487,66
1454,65
1331,63
1500,67
1311,59
1313,63
1381,62
1340,61
1458,66
1553,69
1433,63
1437,65
1442,64
1574,69
1317,63
1504,66
1496,66
1390,63
1425,64
1510,67
1519,67
1464,64
1412,64
1473,66
1501,65
1381,65
1482,66
1407,61
1387,64
1516,66
1441,63
1321,61
1434,65
1421,64
1399,63
1526,67
1480,64
1447,65
1389,65
1350,62
1304,62
1454,66
1410,65
1295,61
1432,65
1428,64
1326,62
1430,63
1563,68
1444,66
1458,66
1355,62
1442,65
1535,69
1380,61
1561,69
1496,67
1440,65
1384,63
1549,67
1433,65
1298,60
1378,63
1590,69
1476,66
1347,61
1449,66
1474,66
1358,61
1309,62
1631,70
1334,62
1411,62
1481,65
1412,64
1424,65
1521,67
1548,68
1530,66
1435,64
1370,63
1542,68
1540,66
1467,66
1355,61
1573,68
1406,64
1440,65
1459,64
1410,64
1433,66
1261,60
1462,65
1478,67
1695,72
1358,63
1334,61
1442,67
1453,64
1343,62
1283,61
1494,67
1265,60
1414,64
1413,65
1326,62
1479,66
1433,64
1354,63
1398,64
1282,60
1499,66
1504,67
1262,59
1515,67
1333,63
1325,60
1427,65
1354,63
1399,64
1318,60
1331,63
1466,65
1572,67
1286,60
1476,67
1488,65
1540,67
1376,63
1464,65
1608,70
1520,67
1575,69
1296,62
1596,67
1553,69
1335,63
1257,59
1359,62
1315,61
1338,61
1447,65
1417,65
1583,70
1447,66
1518,68
1436,65
1366,63
1493,65
1488,66
1450,66
1386,63
1384,61
1324,62
1442,63
1528,68
1487,66
1398,65
1426,64
1340,63
1421,64
1519,67
1287,62
1447,63
1309,59
1434,65
1381,62
1323,61
1481,66
1477,65
1500,67
1603,69
1392,65
1306,60
1362,62
1404,64
1434,64
1438,65
1321,59
1318,62
1397,64
1476,66
1449,66
1540,67
1423,63
1502,68
1350,62
1383,64
1435,64
1424,64
1457,66
1458,66
1438,64
1458,66
1382,63
1412,62
1348,62
1505,66
1407,63
1386,63
1347,62
1569,68
1466,65
1502,65
1456,65
1369,62
1446,64
1450,66
1552,67
1436,62
1304,61
1401,62
1464,66
1436,66
1408,63
1457,65
1368,63
1286,60
1480,66
1409,62
1490,66
1480,66
1372,63
1502,67
1475,66
1631,70
1412,65
1401,64
1502,67
1487,64
1368,63
1412,63
1427,64
1522,67
1455,66
1556,68
1529,67
1382,64
1474,65
1456,65
1394,63
1449,66
1423,65
1386,63
1362,61
1546,68
1490,66
1375,64
1505,67
1548,67
1418,65
1506,66
1373,64
1403,65
1362,63
1634,69
1520,68
1396,64
1525,67
1394,62
1370,64
1455,65
1426,64
1572,68
1480,65
1288,60
1497,64
1284,61
1418,65
1467,66
1466,66
1314,61
1663,69
1365,62
1486,66
1368,63
1472,66
1412,64
1566,68
1343,63
1418,65
1349,61
1568,68
1449,64
1329,63
1513,67
1568,69
1412,65
1346,62
1444,64
1438,65
1367,61
1452,64
1302,62
1484,64
1372,63
1436,63
1458,67
1401,64
1342,62
1473,66
1423,64
1324,61
1480,65
1423,63
1480,65
1155,56
1356,63
1513,69
1437,65
1614,70
1533,67
1469,66
1436,65
1516,67
1486,65
1395,64
1438,64
1396,64
1466,65
1361,63
1453,65
1213,59
1573,68
1450,66
1600,69
1480,66
1353,63
1427,64
1370,64
1315,62
1317,60
1353,61
1578,69
1328,60
1471,65
1311,62
1488,67
1356,62
1453,65
1407,65
1562,68
1504,65
1510,67
1318,62
1395,63
1447,63
1504,67
1449,65
1341,63
1370,63
1515,68
1398,63
1388,65
1341,62
1263,58
1548,67
1305,62
1532,68
1414,64
1427,64
1602,68
1433,64
1326,62
1570,69
1522,67
1483,65
1377,62
1496,67
1365,65
1381,63
1313,61
1542,67
1410,62
1536,68
1398,64
1457,66
1462,65
1367,62
1651,70
1381,64
1408,63
1476,66
1276,60
1366,64
1466,66
1307,62
1314,62
1417,64
1193,57
1537,67
1397,64
1401,63
1377,63
1520,67
1346,62
1519,68
1292,62
1504,67
1530,67
1393,64
1562,68
1334,62
1548,69
1439,66
1316,61
1220,58
1339,60
1569,68
1302,61
1618,70
1349,62
1373,63
1417,65
1266,60
1425,64
1564,69
1524,67
1324,63
1372,64
1468,65
1575,69
1518,67
1379,62
1460,65
1326,62
1346,64
1339,62
1451,66
1517,67
1458,65
1435,65
1424,63
1444,66
1467,64
1441,66
1549,68
1414,64
1351,62
1554,68
1534,68
1311,61
1369,63
1463,66
1559,68
1477,63
1591,67
1517,66
1527,65
1430,65
1502,65
1549,66
1465,65
1339,62
1536,67
1515,67
1364,63
1424,64
1363,63
1547,68
1481,67
1427,63
1705,70
1547,69
1563,68
1376,62
1343,63
1482,65
1492,66
1305,61
1473,65
1359,63
1355,64
1480,65
1479,66
1382,61
1483,66
1466,65
1277,59
1377,63
1434,64
1542,67
1595,69
1495,67
1421,66
1529,67
1398,63
1373,62
1552,66
1504,67
1296,60
1596,68
1451,66
1335,61
1363,62
1254,61
1559,69
1221,60
1436,64
1514,66
1450,64
1426,64
1443,65
1456,66
1434,63
1440,65
1558,67
1489,67
1384,62
1479,67
1476,67
1415,64
1436,66
1502,67
1346,64
1399,64
1388,62
1474,66
1348,63
1372,63
1429,65
1544,67
1482,67
1515,66
1501,65
1455,65
1373,63
1406,62
1352,60
1253,60
1585,68
1491,65
1618,69
1465,65
1521,67
1523,68
1457,64
1562,68
1468,65
1378,64
1434,64
1419,64
1440,65
1466,67
1276,62
1450,64
1511,67
1592,69
1334,62
1570,67
1497,65
1490,66
1415,63
1284,59
1439,66
1441,64
1445,65
1337,61
1424,65
1462,65
1432,64
1377,63
1433,65
1348,62
1337,63
1558,68
1323,62
1416,65
1484,65
1433,64
1259,60
1300,61
1283,57
1452,64
1545,68
1165,57
1479,67
1523,66
1550,67
1412,64
1358,62
1376,63
1498,66
1329,60
1388,63
1445,64
1383,62
1510,67
1269,61
1562,68
1634,69
1354,62
1369,62
1606,70
1378,63
1417,65
1415,63
1694,71
1582,69
1423,64
1577,68
1249,59
1385,62
1503,67
1436,66
1447,64
1455,64
1612,69
1393,63
1557,68
1519,68
1498,64
1406,64
1436,64
1488,64
1287,61
1486,65
1550,67
1377,62
1512,68
1545,67
1436,64
1484,65
1413,64
1456,66
1377,63
1536,68
1392,61
1437,63
1445,66
1433,64
1222,59
1490,65
1493,67
1350,62
1587,67
1301,61
1274,60
1429,64
1420,64
1483,67
1474,65
1447,67
1440,66
1672,72
1538,68
1402,65
1436,65
1500,67
1377,62
1497,67
1461,64
1512,68
1571,67
1486,65
1485,66
1454,65
1418,64
1424,63
1326,60
1472,67
1435,65
1531,67
1553,67
1590,69
1456,66
1524,66
1518,67
1510,66
1439,63
1386,65
1488,66
1496,67
1436,65
1325,63
1547,68
1345,63
1517,66
1460,66
1396,63
1557,67
1417,63
1356,63
1368,62
1366,63
1459,66
1394,64
1409,65
1581,69
1372,62
1395,64
1395,62
1455,64
1497,66
1541,68
1312,60
1608,68
1409,62
1585,68
1377,63
1380,63
1292,62
1358,63
1335,63
1384,64
1419,64
1379,62
1493,66
1436,63
1424,64
1493,67
1256,59
1394,62
1447,64
1485,66
1502,67
1598,70
1578,68
1542,68
1252,57
1357,62
1225,59
1633,69
1437,65
1551,66
1431,63
1326,61
1479,66
1541,67
1433,66
1358,62
1311,61
1460,66
1306,61
1584,68
1359,62
1492,66
1386,61
1418,64
1227,59
1347,64
1565,68
1462,66
1450,65
1487,66
1514,67
1403,63
1364,61
1343,61
1180,54
1515,66
1425,65
1403,63
1469,65
1510,68
1540,67
1346,62
1453,66
1445,66
1550,68
1418,67
1339,63
1643,72
1222,60
1387,63
1438,64
1562,67
1533,67
1379,62
1608,69
1394,63
1425,65
1524,65
1424,65
1213,59
1394,64
1536,69
1337,62
1437,62
1305,62
1393,65
1304,60
1390,63
1466,64
1507,67
1301,62
1496,67
1431,63
1428,64
1491,67
1339,61
1650,70
1510,65
1347,64
1478,66
1533,67
1356,61
1407,64
1551,69
1302,62
1570,68
1466,63
1620,71
1300,61
1465,65
1447,64
1438,65
1468,65
1550,68
1392,63
1377,61
1567,68
1534,68
1478,66
1552,68
1453,64
1440,65
1543,66
1375,62
1411,64
1484,66
1412,64
1454,64
1413,64
1441,66
1393,64
1360,61
1412,64
1425,64
1475,66
1512,67
1324,60
1262,60
1468,66
1486,66
1323,61
1547,68
1323,61
1448,64
1379,63
1412,64
1473,66
1596,70
1489,67
1415,63
1514,66
1459,65
1347,62
1497,65
1534,68
1508,65
1445,66
1556,67
1409,63
1382,64
1376,62
1381,63
1484,66
1434,64
1355,62
1531,68
1465,64
1500,66
1469,65
1408,62
1460,64
1394,62
1479,64
1457,65
1458,65
1281,59
1472,67
1411,64
1507,67
1536,68
1384,63
1414,65
1565,69
1363,62
1478,65
1322,61
1601,69
1388,63
1493,65
1606,68
1471,66
1433,65
1605,70
1413,63
1495,66
1492,65
1368,61
1577,67
1459,65
1541,66
1341,61
1215,58
1493,64
1395,63
1478,65
1412,63
1552,68
1439,65
1340,61
1496,67
1497,66
1604,69
1470,65
1480,67
1376,63
1443,66
1347,59
1400,64
1412,64
1470,65
1310,62
1501,67
1459,65
1414,64
1366,62
1395,64
1478,66
1466,65
1499,64
1315,62
1366,62
1400,63
1258,59
1519,66
1552,68
1310,60
1422,65
1413,63
1497,66
1452,65
1306,61
1443,66
1497,66
1564,67
1417,65
1432,66
1453,63
1497,65
1370,64
1351,63
1498,66
1338,63
1601,69
1411,63
1366,62
1344,64
1538,66
1299,59
1332,60
1449,64
1507,67
1437,64
1469,64
1308,61
1446,66
1542,67
1411,64
1529,68
1450,65
1471,66
1390,64
1475,65
1423,65
1479,66
1358,62
1399,64
1474,67
1549,68
1568,70
1411,64
1313,61
1478,66
1504,67
1303,62
1349,61
1433,64
1590,69
1535,67
1360,63
1411,64
1478,65
1393,63
1436,64
1558,68
1389,63
1233,59
1298,60
1512,67
1406,64
1377,61
1420,64
1437,64
1437,64
1490,66
1446,65
1420,63
1524,68
1522,67
1490,67
1463,66
1415,63
1348,61
1572,68
1444,64
1640,71
1407,64
1159,56
1404,65
1377,63
1521,66
1457,65
1445,66
1510,67
1606,69
1524,67
1512,67
1468,66
1457,66
1449,65
1556,69
1333,62
1473,66
1574,67
1512,67
1400,64
1405,64
1496,64
1486,65
1504,66
1472,64
1406,63
1450,65
1361,62
1555,69
1474,64
1529,68
1403,64
1265,60
1494,66
1491,66
1312,62
1489,64
1368,63
1553,67
1365,64
1441,65
1327,63
1429,64
1535,65
1410,64
1501,68
1394,63
1473,65
1478,66
1573,69
1556,68
1332,62
1326,61
1467,66
1322,61
1466,65
1494,66
1635,69
1188,59
1336,61
1319,62
1605,70
1394,65
1504,67
1557,70
1377,62
1506,66
1492,67
1595,69
1583,67
1404,61
1530,66
1364,61
1409,63
1440,63
1231,58
1374,62
1458,65
1447,64
1352,63
1428,64
1433,65
1466,65
1578,68
1370,62
1480,67
1275,59
1500,67
1495,67
1515,67
1646,69
1430,65
1416,64
1393,64
1398,63
1425,64
1503,66
1421,63
1428,65
1273,60
1474,65
1370,63
1543,69
1474,66
1499,65
1521,67
1503,66
1521,67
1582,68
1336,62
1468,65
1549,68
1440,64
1405,64
1515,67
1541,67
1540,66
1415,64
1498,67
1502,66
1360,63
1370,61
1339,62
1491,65
1373,62
1447,65
1558,67
1540,69
1303,61
1287,62
1497,65
1519,66
1447,66
1636,69
1292,61
1493,65
1490,65
1310,63
1305,60
1316,61
1404,62
1563,68
1444,66
1450,62
1359,62
1318,62
1468,65
1438,64
1491,65
1503,67
1343,63
1563,67
1410,63
1411,65
1450,64
1572,68
1341,62
1350,62
1281,59
1432,64
1428,65
1329,63
1394,64
1405,63
1407,63
1390,64
1504,65
1325,62
1409,63
1513,66
1320,59
1476,66
1316,61
1406,64
1406,63
1382,63
1201,58
1423,64
1425,64
1412,64
1388,61
1485,65
1529,68
1367,62
1462,67
1429,65
1484,66
1515,66
1541,68
1329,61
1443,64
1576,69
1545,67
1508,67
1563,67
1530,66
1461,66
1498,66
1513,66
1486,66
1277,60
1409,63
1590,67
1423,65
1465,67
1456,65
1430,64
1540,68
1320,64
1500,66
1327,61
1421,64
1358,62
1466,65
1341,63
1588,69
1550,69
1393,62
1515,67
1494,66
1467,65
1451,66
1478,66
1445,63
1495,65
1468,65
1365,61
1375,63
1352,63
1315,61
1464,66
1495,67
1477,66
1236,58
1348,64
1422,64
1204,57
1514,67
1452,65
1388,64
1391,63
1534,66
1345,62
1385,63
1577,69
1583,68
1508,66
1349,61
1391,64
1446,64
1570,69
1550,67
1283,60
1472,66
1416,65
1295,60
1472,65
1522,68
1590,70
1526,67
1391,64
1467,65
1429,65
1303,63
1361,64
1535,67
1261,60
1505,66
1397,63
1457,65
1368,62
1433,64
1461,65
1492,66
1523,66
1431,64
1343,60
1448,65
1562,67
1528,68
1324,62
1235,60
1553,69
1563,67
1392,63
1350,63
1349,63
1537,68
1553,67
1356,63
1535,68
1538,68
1472,65
1395,63
1382,63
1470,65
1416,64
1259,62
1543,67
1654,69
1508,65
1401,65
1561,69
1440,66
1435,65
1318,61
1285,60
1409,64
1593,69
1497,65
1412,63
1429,63
1554,67
1467,65
1356,62
1334,62
1419,65
1485,68
1456,66
1295,61
1414,63
1605,70
1480,67
1381,62
1407,64
1437,65
1502,67
1538,68
1506,67
1664,71
1321,62
1349,63
1154,57
1415,62
1482,66
1422,65
1377,63
1506,67
1360,63
1452,63
1455,66
1597,67
1367,65
1490,67
1510,67
1352,63
1419,64
1277,62
1592,69
1363,63
1460,65
1539,68
1565,67
1285,62
1408,63
1488,64
1451,64
1247,60
1391,62
1355,63
1500,65
1371,63
1525,67
1469,65
1460,65
1433,64
1472,64
1400,67
1481,66
1420,63
1597,69
1683,72
1393,63
1484,65
1485,68
1365,63
1360,62
1439,64
1416,64
1370,64
1378,63
1495,65
1337,59
1492,67
1503,65
1245,59
1560,68
1608,68
1471,66
1391,62
1560,69
1326,60
1313,61
1429,65
1549,67
1607,68
1415,64
1440,65
1425,65
1578,68
1382,63
1432,64
1469,64
1515,67
1286,61
1243,59
1361,62
1374,63
1392,63
1491,66
1438,64
1395,63
1343,62
1475,65
1384,63
1506,66
1397,64
1515,67
1421,63
1415,64
1515,66
1381,62
1424,66
1297,61
1498,67
1434,65
1309,62
1433,64
1482,66
1377,63
1499,67
1464,65
1440,65
1592,68
1394,64
1649,70
1353,63
1434,64
1456,65
1523,68
1509,66
1347,61
1397,62
1398,65
1486,65
1437,64
1350,63
1509,65
1487,66
1451,63
1453,67
1388,62
1418,64
1399,63
1473,67
1469,65
1454,66
1220,58
1389,64
1359,63
1471,65
1523,66
1357,63
1495,66
1425,66
1350,63
1307,61
1353,63
1458,65
1461,64
1474,66
1357,62
1455,65
1387,64
1480,66
1640,71
1406,64
1469,66
1465,65
1454,65
1364,62
1316,61
1287,61
1450,64
1331,63
1395,62
1357,63
1366,63
1520,67
1446,63
1479,66
1492,67
1461,65
1565,69
1435,64
1457,65
1243,59
1394,62
1413,63
1491,67
1333,62
1490,64
1396,64
1458,65
1272,61
1415,63
1497,66
1427,65
1221,60
1281,61
1359,65
1357,62
1364,61
1590,67
1316,63
1485,64
1454,66
1529,66
1479,65
1433,64
1377,63
1286,60
1529,65
1580,68
1334,64
1522,68
1433,65
1492,66
1562,67
1369,64
1390,64
1338,63
1538,68
1519,67
1384,63
1558,68
1390,66
1388,65
1289,60
1383,65
1457,66
1449,65
1351,64
1477,65
1450,64
1262,61
1624,71
1528,66
1415,64
1414,62
1355,63
1382,63
1637,71
1445,65
1615,70
1323,60
1349,62
1532,68
1425,65
1537,65
1432,64
1555,69
1486,65
1483,65
1547,68
1443,66
1545,66
1352,64
1551,68
1391,62
1479,65
1525,68
1411,64
1426,64
1605,68
1491,66
1494,67
1379,64
1456,65
1406,65
1434,65
1518,68
1470,64
1405,63
1379,65
1449,64
1507,67
1463,65
1538,67
1542,67
1425,64
1522,67
1459,67
1470,65
1270,62
1278,60
1561,68
1439,64
1594,69
1491,66
1460,67
1376,61
1295,62
1475,66
1365,62
1461,66
1383,62
1562,68
1695,70
1410,64
1388,64
1426,62
1319,63
1394,63
1360,61
1491,65
1455,66
1488,65
1488,66
1430,64
1462,63
1429,64
1384,63
1554,67
1435,65
1538,66
1369,63
1492,66
1360,62
1335,61
1379,63
1527,67
1547,66
1538,66
1438,64
1400,63
1326,62
1499,65
1458,66
1513,67
1411,64
1462,65
1522,67
1482,65
1288,59
1482,65
1451,66
1377,65
1529,68
1467,66
1271,62
1628,70
1404,63
1377,62
1289,58
1430,65
1428,65
1393,63
1435,64
1249,60
1299,59
1322,61
1639,71
1389,64
1443,64
1354,62
1556,68
1462,65
1398,63
1416,63
1593,68
1509,68
1468,67
1305,62
1598,68
1415,64
1317,62
1418,64
1365,64
1356,63
1483,66
1504,66
1552,68
1385,63
1472,65
1363,64
1491,66
1473,65
1460,66
1249,60
1478,66
1497,67
1493,66
1318,60
1429,65
1293,62
1392,64
1517,64
1417,65
1393,64
1351,61
1376,62
1467,64
1620,69
1424,65
1346,62
1513,65
1347,63
1578,68
1561,69
1380,64
1390,64
1369,63
1371,63
1406,63
1517,66
1261,59
1523,65
1411,65
1307,60
1581,69
1296,60
1424,65
1495,67
1463,66
1410,64
1394,64
1417,64
1497,65
1450,65
1320,61
1508,66
1587,67
1393,63
1470,66
1484,66
1305,61
1533,69
1471,65
1362,64
1561,68
1503,65
1403,63
1337,63
1380,63
1480,64
1234,59
1463,66
1336,62
1368,63
1279,61
1482,65
1374,64
1391,64
1463,64
1385,64
1380,61
1506,65
1496,66
1427,63
1463,67
1413,64
1370,63
1252,58
1349,63
1436,63
1541,67
1479,66
1426,63
1289,60
1403,64
1376,62
1403,64
1390,64
1464,65
1368,63
1358,63
1338,63
1374,63
1360,64
1320,61
1456,65
1436,62
1537,68
1591,69
1234,58
1446,65
1361,64
1450,65
1343,61
1303,60
1464,65
1334,63
1594,68
1319,62
1339,63
1474,66
1432,64
1390,64
1389,64
1379,64
1418,64
1227,58
1415,62
1365,62
1426,64
1325,62
1535,68
1244,58
1385,63
1436,63
1561,68
1562,66
1422,66
1362,63
1438,64
1370,62
1264,60
1655,72
1385,62
1455,65
1465,64
1460,67
1294,61
1616,69
1484,67
1443,65
1609,69
1316,61
1340,62
1503,67
1350,61
1470,64
1479,65
1429,64
1340,63
1536,68
1636,70
1409,63
1331,61
1439,63
1331,62
1429,63
1160,58
1363,63
1313,61
1375,64
1416,64
1462,63
1370,61
1330,61
1372,62
1427,64
1384,64
1339,62
1458,66
1422,64
1592,69
1472,65
1540,67
1396,63
1403,64
1386,62
1468,66
1384,62
1355,61
1447,64
1342,62
1452,66
1474,65
1475,66
1433,65
1433,64
1461,67
1331,62
1452,64
1554,67
1490,66
1450,66
1450,65
1447,65
1541,67
1537,67
1485,66
1386,62
1501,66
1435,64
1380,63
1391,62
1451,65
1383,63
1429,64
1325,63
1463,66
1347,61
1287,60
1305,61
1494,67
1463,67
1571,69
1442,64
1557,69
1457,65
1514,66
1392,65
1550,68
1357,63
1489,66
1523,68
1421,64
1422,65
1475,66
1599,70
1412,65
1423,63
1452,64
1327,59
1426,63
1456,66
1283,60
1317,61
1534,67
1527,65
1499,67
1526,66
1428,65
1425,65
1576,69
1395,65
1430,64
1505,68
1485,66
1403,65
1520,66
1409,64
1458,66
1430,64
1441,64
1585,69
1488,65
1558,68
1433,63
1524,67
1448,66
1412,65
1378,64
1429,65
1500,64
1545,68
1426,64
1503,66
1426,64
1370,61
1510,67
1705,73
1451,65
1296,62
1482,66
1282,60
1370,64
1510,68
1205,57
1654,71
1363,62
1496,67
1351,64
1384,65
1401,63
1348,62
1429,64
1441,64
1504,66
1401,64
1521,66
1346,60
1438,65
1455,66
1414,63
1250,59
1425,64
1528,68
1435,63
1333,62
1450,65
1464,66
1443,66
1382,64
1449,66
1419,64
1470,66
1563,69
1323,62
1297,60
1429,64
1422,63
1522,64
1476,65
1490,65
1528,65
1322,61
1429,64
1403,63
1339,60
1224,59
1477,65
1470,66
1587,69
1366,62
1450,64
1570,69
1551,67
1412,62
1431,66
1466,66
1601,70
1316,62
1349,62
1462,66
1364,63
1251,60
1524,67
1420,65
1361,63
1354,63
1393,63
1670,72
1384,63
1462,64
1458,64
1440,66
1458,66
1608,70
1374,64
1459,66
1326,60
1233,59
1366,63
1489,67
1425,65
1252,60
1424,63
1484,68
1365,60
1336,62
1526,68
1491,65
1616,69
1571,68
1528,68
1490,67
1274,60
1325,60
1437,65
1391,64
1362,63
1418,62
1617,70
1514,67
1490,67
1410,63
1550,68
1559,69
1586,67
1373,63
1460,64
1468,65
1416,60
1526,67
1399,64
1540,67
1412,63
1469,65
1412,64
1452,63
1423,64
1300,60
1524,67
1323,62
1416,65
1364,62
1631,71
1285,60
1458,64
1440,65
1440,66
1399,65
1254,61
1476,66
1294,61
1490,64
1406,63
1185,57
1390,63
1485,67
1562,68
1491,65
1428,64
1504,66
1349,63
1334,64
1472,65
1526,68
1428,65
1477,65
1465,65
1488,64
1305,59
1444,64
1353,62
1395,64
1548,67
1464,65
1604,69
1448,64
1233,57
1473,66
1302,61
1413,64
1375,63
1243,59
1432,65
1415,65
1378,62
1558,68
1346,62
1487,64
1507,66
1462,65
1456,65
1407,64
1433,64
1450,65
1482,67
1423,65
1500,66
1437,64
1417,64
1374,61
1374,62
1238,59
1447,66
1581,68
1445,65
1502,67
1583,68
1280,61
1407,64
1457,64
1352,62
1379,64
1533,67
1562,67
1423,64
1555,68
1386,61
1343,62
1571,68
1279,61
1483,66
1658,70
1346,61
1560,68
1345,62
1460,66
1518,68
1472,64
1365,62
1446,66
1461,65
1371,62
1489,66
1457,66
1490,66
1527,66
1363,64
1316,61
1408,62
1552,69
1299,62
1383,63
1473,66
1424,64
1447,66
1473,65
1318,63
1407,65
1438,65
1450,66
1322,63
1566,69
1406,64
1405,64
1412,64
1453,65
1401,62
1494,64
1475,66
1355,63
1310,60
1492,66
1383,63
1441,65
1381,63
1526,68
1190,58
1323,61
1267,62
1350,63
1431,65
1508,65
1372,63
1497,65
1386,63
1535,67
1362,62
1339,62
1398,64
1505,65
1506,67
1582,69
1549,68
1500,67
1477,66
1287,60
1527,67
1442,63
1360,63
1449,65
1559,68
1294,60
1387,62
1364,63
1328,62
1323,62
1387,63
1352,62
1470,66
1362,63
1516,67
1507,64
1423,66
1382,64
1372,64
1509,65
1440,64
1314,61
1481,65
1389,63
1430,64
1440,64
1372,62
1369,62
1419,64
1533,68
1469,65
1394,64
1354,60
1423,64
1357,62
1441,65
1397,64
1355,63
1375,62
1498,65
1590,70
1355,61
1356,63
1323,62
1422,64
1423,64
1358,62
1452,66
1423,64
1424,65
1332,61
1362,64
1340,63
1285,60
1276,63
1407,64
1444,65
1511,67
1319,60
1539,69
1324,61
1263,60
1521,67
1475,65
1537,69
1296,58
1386,64
1519,67
1522,66
1312,62
1390,63
1338,62
1298,61
1473,65
1507,67
1484,66
1370,63
1356,62
1391,63
1513,66
1480,66
1428,64
1587,69
1344,63
1400,63
1411,63
1454,65
1455,64
1398,63
1479,64
1335,61
1331,63
1406,63
1402,64
1408,63
1471,65
1376,62
1501,64
1454,65
1452,64
1362,61
1478,65
1438,64
1381,64
1370,62
1425,63
1408,62
1435,65
1417,64
1625,70
1385,63
1460,65
1310,60
1433,64
1324,61
1529,66
1516,66
1481,65
1323,62
1637,70
1456,66
1346,61
1372,62
1334,61
1430,63
1589,67
1463,65
1501,66
1619,69
1506,65
1328,60
1430,66
1418,65
1425,65
1298,60
1541,67
1477,67
1426,63
1382,64
1698,71
1491,66
1328,61
1409,65
1386,63
1467,66
1450,66
1457,62
1517,66
1362,63
1432,65
1589,69
1466,66
1390,66
1439,64
1502,66
1568,68
1427,63
1402,63
1186,57
1491,66
1277,60
1445,65
1386,63
1639,71
1410,64
1476,66
1528,67
1474,65
1587,70
1324,62
1415,64
1543,66
1356,62
1498,67
1579,68
1607,70
1551,68
1366,63
1394,64
1455,64
1427,66
1380,63
1493,68
1312,59
1477,65
1286,61
1549,66
1433,64
1249,59
1432,64
1483,65
1398,65
1485,65
1481,65
1494,66
1434,65
1436,65
1531,65
1437,64
1534,68
1492,66
1531,66
1537,69
1401,62
1305,60
1444,66
1430,65
1448,65
1538,68
1334,63
1495,66
1507,64
1384,65
1359,63
1371,62
1193,57
1309,62
1372,63
1377,64
1383,62
1534,68
1477,66
1421,63
1484,67
1432,64
1376,62
1312,62
1432,62
1422,63
1511,65
1480,66
1270,61
1427,63
1508,66
1429,63
1455,66
1329,62
1489,64
1234,57
1449,65
1511,65
1419,65
1542,69
1418,64
1361,63
1416,64
1517,68
1351,62
1369,63
1398,64
1467,67
1314,61
1389,65
1365,64
1417,64
1512,66
1427,64
1482,67
1494,67
1401,64
1412,64
1448,67
1453,66
1293,61
1391,64
1276,58
1489,67
1236,58
1290,60
1338,62
1511,65
1384,64
1384,64
1405,64
1450,65
1451,62
1482,64
1334,61
1445,65
1442,64
1434,64
1371,64
1514,66
1455,65
1493,67
1454,65
1507,67
1439,65
1578,69
1401,62
1388,62
1605,68
1575,69
1500,67
1536,69
1391,64
1419,65
1398,64
1504,64
1488,67
1506,66
1337,63
1445,65
1479,66
1330,62
1419,65
1447,63
1440,64
1355,64
1503,66
1468,65
1448,63
1541,68
1461,65
1274,59
1584,69
1523,66
1438,66
1426,64
1319,61
1455,66
1306,61
1372,61
1452,66
1584,68
1432,65
1571,69
1403,64
1300,63
1565,67
1417,64
1528,67
1571,69
1436,64
1342,62
1638,70
1345,61
1227,60
1545,66
1563,67
1460,66
1431,66
1359,63
1290,61
1421,62
1529,66
1403,62
1360,63
1527,67
1459,65
1501,67
1382,63
1316,61
1408,64
1442,66
1348,63
1530,66
1592,69
1530,66
1457,66
1597,68
1491,66
1378,62
1506,67
1465,66
1574,68