1402,66
1293,63
1472,70
1398,66
1545,72
1507,71
1485,71
1462,68
1537,73
1507,69
1443,68
1487,69
1468,71
1584,72
1532,71
1460,71
1523,73
1554,71
1435,69
1346,69
1461,68
1467,70
1343,65
1491,68
1550,73
1555,73
1584,74
1624,73
1524,71
1403,67
1329,66
1585,71
1382,68
1483,71
1517,71
1655,72
1467,70
1611,71
1542,72
1553,72
1602,75
1571,71
1613,74
1634,74
1579,73
1478,73
1457,69
1621,75
1483,72
1637,73
1541,72
1514,70
1622,73
1451,70
1492,71
1531,71
1378,68
1570,71
1502,73
1523,70
1670,75
1664,73
1572,72
1571,73
1484,67
1592,74
1483,69
1574,73
1586,74
1594,72
1457,70
1613,75
1490,69
1506,68
1501,70
1604,72
1418,70
1341,65
1513,71
1481,71
1550,73
1585,73
1596,72
1552,71
1609,73
1575,72
1391,68
1653,74
1573,70
1772,77
1725,75
1830,79
1532,69
1778,77
1474,65
1817,78
1592,71
1681,74
1522,68
1450,66
1827,77
1544,66
1760,75
1571,67
1747,75
1680,72
1599,70
1728,72
1515,68
1738,75
1693,74
1566,71
1450,65
1750,74
1716,72
1675,74
1684,74
1630,69
1713,73
1576,72
1571,72
1755,75
1754,75
1498,65
1708,73
1485,67
1804,78
1578,71
1637,75
1711,75
1685,73
1495,66
1618,72
1624,73
1806,78
1635,72
1724,72
1725,75
1396,64
1588,71
1321,61
1710,74
1827,78
1469,64
1846,79
1621,68
1452,65
1610,69
1647,73
1762,74
1671,72
1831,78
1670,72
1816,78
1657,71
1604,71
1881,79
1582,70
1505,68
1532,69
1761,77
1829,78
1786,76
1665,74
1691,74
1581,70
1717,74
1609,71
1588,70
1417,66
1566,70
1696,71
1703,73
1806,76
1596,69
1592,68
1584,72
1428,66
1850,79
1642,70
1639,67
1792,77
1531,69
1697,75
1402,64
1623,72
1623,70
1631,71
1689,73
1710,74
1742,75
1830,79
1625,71
1683,72
1706,74
1726,74
1748,76
1626,72
1739,73
1802,78
1563,67
1692,74
1433,65
1565,70
1531,70
1685,73
1434,67
1806,77
1673,74
1631,71
1427,66
1586,69
1792,77
1800,75
1667,72
1748,75
1724,75
1742,73
1534,68
1551,69
1559,71
1703,75
1572,66
1624,72
1474,69
1613,70
1396,65
1580,70
1701,73
1703,74
1544,72
1764,74
1599,72
1724,74
1721,74
1847,78
1805,78
1679,72
1561,67
1680,74
1649,73
1459,67
1526,66
1614,70
1683,74
1742,75
1701,73
1706,73
1442,68
1620,72
1819,77
1689,72
1738,74
1574,71
1551,70
1706,74
1612,71
1574,69
1822,79
1662,73
1733,75
1860,79
1734,75
1482,67
1477,67
1482,68
1822,79
1501,64
1728,75
1786,75
1819,78
1622,73
1715,73
1664,74
1515,69
1638,74
1529,67
1729,75
1644,72
1556,70
1743,73
1641,71
1731,74
1629,71
1577,71
1710,76
1594,71
1540,68
1511,68
1542,66
1472,66
1850,78
1489,68
1670,73
1869,78
1665,74
1895,79
1818,78
1580,71
1595,71
1782,78
1604,72
1621,71
1547,69
1730,75
1544,71
1688,75
1774,76
1365,65
1647,73
1786,76
1652,73
1783,78
1694,73
1607,71
1469,65
1607,71
1744,75
1723,74
1832,78
1796,78
1722,75
1669,76
1557,69
1503,68
1580,68
1824,77
1655,73
1674,72
1502,67
1549,69
1812,78
1595,71
1794,76
1576,70
1537,70
1726,75
1874,80
1825,78
1776,75
1695,74
1836,79
1654,73
1728,73
1652,72
1611,71
1697,73
1412,65
1862,78
1679,75
1845,79
1761,75
1828,79
1813,77
1501,64
1723,73
1395,65
1768,77
1811,77
1494,67
1724,74
1549,70
1729,73
1872,80
1556,70
1622,71
1677,72
1576,70
1599,69
1526,69
1673,74
1667,71
1737,76
1764,73
1636,71
1710,75
1654,72
1757,77
1454,66
1784,76
1562,71
1449,66
1575,70
1674,73
1832,78
1759,75
1760,76
1711,72
1457,68
1663,73
1632,72
1648,74
1626,70
1535,70
1602,72
1732,75
1374,66
1765,76
1813,77
1610,70
1785,77
1512,71
1620,74
1563,70
1707,74
1810,75
1504,69
1672,74
1549,70
1423,68
1390,65
1545,69
1537,68
1583,70
1884,78
1492,67
1656,71
1628,73
1586,69
1574,69
1638,73
1872,80
1805,77
1695,72
1660,71
1801,77
1548,69
1890,77
1623,72
1505,68
1631,72
1673,73
1514,68
1621,73
1696,72
1746,74
1630,72
1709,74
1598,73
1777,76
1625,70
1835,77
1790,77
1651,71
1631,71
1575,68
1555,69
1667,73
1662,70
1688,72
1724,73
1842,79
1624,73
1654,72
1627,72
1717,73
1493,68
1714,75
1508,69
1637,70
1782,78
1589,70
1816,76
1790,74
1657,74
1690,71
1853,79
1832,76
1845,79
1679,73
1492,68
1697,75
1748,75
1789,75
1450,66
1678,72
1766,76
1521,70
1653,74
1543,68
1745,76
1672,71
1833,77
1597,71
1641,70
1705,72
1764,77
1710,77
1668,73
1709,74
1775,77
1797,77
1668,72
1593,70
1651,70
1604,70
1772,76
1608,71
1730,72
1641,72
1525,69
1679,74
1547,68
1614,73
1791,77
1498,66
1773,74
1639,73
1741,74
1672,74
1534,70
1782,75
1685,74
1651,72
1776,76
1472,69
1522,69
1746,76
1837,75
1623,70
1613,71
1731,74
1524,69
1685,72
1633,71
1621,71
1712,74
1843,79
1724,74
1611,67
1777,78
1629,72
1674,73
1527,67
1675,72
1667,73
1464,69
1715,74
1628,73
1690,72
1673,73
1567,67
1679,73
1631,72
1554,69
1411,64
1493,63
1844,78
1605,71
1716,74
1506,68
1810,76
1578,70
1497,68
1605,70
1736,74
1720,73
1540,71
1657,73
1761,76
1538,70
1791,77
1406,65
1622,73
1798,78
1528,71
1861,79
1667,72
1717,73
1649,73
1643,72
1641,74
1844,78
1628,73
1638,72
1679,74
1772,75
1671,71
1542,68
1750,75
1520,69
1495,69
1705,74
1653,72
1850,78
1872,80
1818,78
1771,75
1646,73
1728,75
1789,76
1735,76
1605,72
1841,78
1713,74
1644,72
1661,72
1730,74
1559,70
1447,66
1713,75
1727,76
1722,75
1525,70
1721,75
1595,71
1780,76
1739,74
1633,73
1633,71
1499,68
1572,68
1544,70
1850,79
1620,71
1707,72
1553,67
1680,74
1803,77
1678,74
1593,71
1756,77
1876,80
1829,79
1815,78
1590,71
1649,71
1672,74
1729,75
1643,70
1723,73
1655,73
1714,73
1608,72
1690,72
1684,72
1604,70
1425,65
1549,70
1665,74
1690,73
1786,75
1614,72
1768,77
1712,74
1819,78
1676,73
1537,67
1664,73
1608,71
1514,66
1705,73
1411,67
1708,74
1796,75
1614,72
1823,78
1499,68
1817,77
1658,72
1671,72
1617,71
1628,70
1532,70
1655,73
1631,71
1480,66
1588,71
1693,73
1887,80
1564,68
1671,71
1696,75
1824,77
1455,68
1645,73
1440,64
1833,78
1691,73
1489,68
1591,69
1674,73
1694,72
1802,75
1452,66
1774,77
1562,73
1671,73
1746,75
1616,73
1777,76
1498,69
1655,72
1545,69
1549,70
1845,78
1699,75
1735,74
1620,70
1551,69
1799,76
1723,74
1591,70
1440,69
1826,77
1479,67
1726,73
1589,70
1894,79
1443,66
1650,72
1642,70
1779,77
1730,73
1399,66
1582,69
1491,67
1710,74
1764,75
1645,72
1732,75
1765,75
1675,74
1790,76
1688,74
1791,76
1567,70
1632,72
1820,76
1805,77
1650,71
1650,70
1698,74
1587,69
1846,78
1823,74
1504,69
1718,75
1940,79
1743,72
1817,77
1722,74
1713,73
1537,70
1597,70
1622,72
1760,76
1521,65
1740,75
1607,69
1785,76
1712,75
1773,74
1614,70
1827,78
1629,73
1623,72
1682,73
1679,71
1653,72
1439,66
1513,69
1783,78
1439,65
1719,75
1697,74
1437,69
1839,79
1409,65
1675,70
1706,72
1627,73
1588,70
1574,69
1625,72
1576,70
1768,76
1833,78
1414,64
1716,75
1568,70
1689,74
1628,71
1637,71
1506,69
1653,73
1547,67
1767,76
1727,71
1602,71
1543,68
1646,71
1585,70
1694,75
1707,72
1573,69
1611,70
1848,79
1838,79
1763,75
1667,73
1629,71
1433,63
1652,73
1717,73
1647,72
1733,74
1610,71
1538,71
1684,74
1640,73
1437,65
1661,71
1637,70
1548,69
1655,72
1498,68
1661,74
1722,74
1612,73
1830,78
1526,69
1664,72
1829,78
1847,80
1634,73
1558,69
1761,73
1722,74
1707,75
1692,73
1486,67
1385,65
1677,73
1823,77
1428,64
1292,65
1707,74
1502,66
1560,71
1834,79
1574,72
1742,74
1656,73
1610,70
1535,70
1790,78
1787,75
1698,73
1762,76
1485,67
1543,70
1602,72
1648,73
1818,76
1519,68
1592,71
1613,71
1685,73
1533,66
1402,65
1725,75
1841,78
1847,80
1790,76
1623,70
1577,72
1702,75
1744,74
1634,72
1583,69
1672,74
1517,69
1696,74
1572,68
1698,74
1610,72
1552,69
1612,68
1508,68
1598,69
1589,68
1447,68
1716,73
1780,78
1706,74
1594,71
1780,78
1658,70
1690,74
1772,77
1841,80
1524,69
1556,67
1545,67
1551,68
1637,73
1455,68
1766,76
1633,71
1830,78
1522,68
1736,77
1547,69
1559,67
1691,74
1452,66
1518,68
1825,79
1774,75
1460,66
1602,72
1655,70
1581,68
1494,70
1503,70
1545,70
1871,78
1386,60
1588,70
1536,69
1628,72
1711,74
1593,72
1679,74
1546,69
1484,68
1679,73
1677,73
1441,65
1686,74
1677,75
1694,72
1728,75
1712,75
1585,69
1714,72
1758,74
1633,71
1769,77
1708,74
1566,69
1458,65
1668,73
1832,77
1710,73
1452,66
1851,79
1612,72
1743,75
1690,74
1510,67
1599,72
1615,72
1593,70
1532,70
1836,77
1748,75
1715,75
1725,77
1561,69
1640,72
1641,74
1822,79
1579,70
1550,69
1754,76
1720,76
1675,74
1672,73
1643,71
1664,74
1631,73
1784,74
1631,72
1852,81
1677,75
1511,67
1758,75
1587,72
1863,80
1733,76
1617,69
1605,73
1610,69
1570,72
1721,76
1633,73
1442,68
1482,67
1664,75
1565,72
1683,75
1804,75
1522,66
1450,67
1835,79
1484,69
1792,77
1664,74
1679,76
1582,71
1417,66
1716,77
1641,72
1672,73
1574,70
1741,77
1696,74
1491,71
1749,77
1473,68
1407,65
1400,64
1694,73
1499,67
1604,73
1616,72
1549,69
1522,71
1540,71
1522,66
1822,79
1802,79
1636,72
1419,67
1635,77
1810,77
1676,74
1793,77
1850,81
1842,78
1722,75
1745,77
1607,72
1583,72
1744,77
1795,80
1662,74
1660,74
1628,75
1771,78
1656,75
1376,65
1568,70
1843,80
1630,73
1542,73
1754,75
1509,68
1482,66
1645,74
1616,72
1458,65
1476,67
1607,72
1704,77
1656,72
1740,75
1596,73
1534,66
1536,71
1465,67
1757,77
1603,72
1473,68
1676,74
1647,74
1584,71
1349,64
1769,79
1691,74
1659,74
1394,67
1804,78
1313,61
1679,75
1620,73
1703,76
1859,80
1543,69
1590,69
1656,75
1681,76
1716,78
1579,69
1818,79
1490,67
1634,71
1784,78
1718,72
1593,70
1500,65
1674,74
1617,70
1519,66
1543,70
1608,71
1654,72
1541,69
1638,72
1725,77
1623,73
1610,71
1692,73
1527,72
1744,78
1576,72
1503,68
1749,78
1528,70
1702,72
1564,70
1409,66
1529,70
1585,74
1674,74
1632,70
1666,72
1652,73
1705,75
1613,74
1680,73
1694,76
1512,67
1464,67
1780,76
1679,75
1621,74
1674,75
1640,74
1735,76
1707,75
1542,69
1545,71
1713,74
1687,73
1617,72
1651,70
1503,71
1559,69
1528,71
1696,73
1792,78
1644,73
1609,70
1555,70
1668,74
1701,77
1569,71
1682,75
1732,78
1543,68
1706,75
1804,80
1497,65
1509,69
1595,73
1547,73
1606,72
1642,72
1618,71
1794,79
1776,78
1721,75
1834,80
1543,68
1717,78
1565,71
1531,70
1632,74
1661,75
1930,82
1544,68
1780,78
1675,75
1738,77
1564,70
1576,71
1636,73
1666,73
1725,78
1820,80
1676,73
1658,71
1606,70
1703,73
1797,75
1442,66
1537,71
1807,79
1559,72
1529,70
1645,73
1756,77
1499,66
1476,69
1820,79
1714,75
1655,72
1557,70
1670,74
1788,77
1575,73
1542,70
1790,78
1741,76
1774,78
1703,75
1824,77
1755,78
1412,66
1542,68
1742,77
1844,80
1563,69
1637,72
1524,70
1721,74
1763,75
1644,72
1823,79
1867,79
1479,69
1789,77
1608,72
1753,78
1762,78
1732,76
1493,70
1798,78
1829,80
1795,79
1658,75
1729,77
1646,74
1535,71
1647,72
1776,75
1619,73
1809,80
1378,65
1908,82
1519,68
1656,73
1887,80
1407,67
1676,75
1599,72
1917,82
1906,82
1582,68
1872,80
1873,81
1615,74
1556,70
1745,75
1712,77
1847,79
1624,73
1527,71
1839,79
1637,73
1493,68
1718,75
1889,80
1513,70
1527,70
1556,70
1759,76
1794,76
1842,80
1623,74
1832,78
1761,78
1655,72
1729,76
1666,72
1780,79
1671,73
1641,69
1698,73
1555,72
1649,73
1578,71
1576,72
1649,71
1712,77
1779,78
1687,76
1612,74
1777,78
1764,75
1678,73
1857,80
1781,77
1990,80
1776,77
1793,79
1676,75
1887,80
1485,68
1699,72
1701,73
1643,72
1702,77
1687,74
1833,80
1485,69
1593,72
1763,78
1661,74
1708,73
1726,78
1784,76
1573,72
1731,72
1675,72
1781,77
1710,78
1757,74
1689,75
1749,77
1719,76
1605,72
1735,76
1836,79
1892,80
1780,78
1675,73
1685,73
1775,76
1471,66
1713,77
1683,76
1597,73
1753,76
1564,70
1722,75
1505,69
1618,71
1820,78
1464,66
1777,78
1550,70
1753,78
1755,76
1809,79
1607,71
1831,78
1745,77
1457,65
1597,73
1451,64
1765,76
1492,66
1597,73
1699,75
1682,72
1690,77
1890,82
1439,68
1621,73
1494,69
1727,78
1708,76
1759,76
1692,75
1551,71
1617,75
1516,71
1747,75
1715,76
1729,76
1815,79
1522,69
1744,76
1553,70
1745,78
1786,76
1667,75
1649,74
1692,76
1476,68
1625,75
1747,79
1524,70
1705,76
1459,68
1890,82
1808,79
1470,70
1755,78
1767,77
1496,67
1522,72
1814,76
1742,79
1863,80
1591,75
1775,79
1630,70
1685,75
1661,73
1662,74
1607,74
1868,82
1588,71
1504,70
1407,68
1748,77
1564,69
1431,66
1767,78
1646,76
1840,79
1430,65
1674,74
1868,82
1820,77
1537,71
1802,80
1875,82
1592,70
1502,68
1557,69
1693,74
1802,80
1429,65
1590,73
1798,79
1672,75
1727,75
1688,76
1611,70
1594,72
1746,76
1646,73
1598,73
1667,75
1624,74
1709,78
1732,77
1657,74
1569,70
1702,77
1818,78
1694,75
1647,76
1811,78
1574,70
1577,71
1632,74
1595,71
1576,72
1868,82
1734,77
1773,77
1718,73
1650,75
1785,78
1609,73
1713,72
1629,71
1744,76
1561,72
1467,65
1825,79
1849,81
1649,71
1630,71
1653,75
1816,81
1774,76
1606,73
1690,75
1523,70
1559,71
1661,73
1741,77
1482,69
1561,70
1695,74
1527,70
1556,71
1773,78
1566,71
1674,77
1550,71
1782,77
1667,75
1790,78
1663,75
1886,83
1866,82
1783,80
1722,75
1774,80
1557,73
1710,75
1766,78
1742,76
1776,78
1654,75
1551,71
1661,76
1686,76
1591,72
1749,79
1526,72
1820,81
1654,74
1651,72
1658,75
1728,77
1712,76
1774,79
1859,81
1862,82
1793,78
1725,76
1707,76
1687,76
1743,76
1618,74
1649,73
1936,84
1652,73
1579,72
1696,75
1651,72
1743,77
1483,68
1547,72
1931,83
1740,75
1876,79
1586,69
1821,79
1768,77
1868,79
1744,77
1539,69
1631,74
1685,77
1642,76
1874,81
1753,77
1712,77
1661,76
1608,74
1744,76
1778,77
1702,74
1758,77
1542,69
1816,77
1682,74
1660,75
1753,75
1768,79
1708,76
1749,77
1765,75
1745,78
1755,77
1789,78
1715,75
1924,82
1884,80
1590,74
1714,75
1467,68
1869,81
1559,73
1734,77
1682,74
1746,77
1545,69
1872,82
1788,77
1899,80
1909,81
1640,73
1606,72
1774,75
1734,77
1817,80
1760,76
1744,76
1647,75
1535,71
1665,76
1779,78
1758,77
1778,77
1866,82
1590,72
1730,76
1782,77
1864,82
1592,72
1738,78
1712,75
1628,73
1727,75
1712,76
1731,76
1615,70
1629,73
1710,76
1616,72
1756,77
1544,69
1651,75
1741,73
1938,84
1542,68
1725,77
1702,73
1551,70
1564,71
1727,77
1665,73
1885,81
1499,68
1688,72
1656,73
1918,81
1605,71
1772,77
1936,83
1640,74
1550,71
1900,81
1581,68
1867,82
1528,70
1567,71
1547,73
1629,72
1674,74
1946,84
1776,78
1540,70
1754,77
1607,72
1834,81
1581,72
1808,80
1700,75
1614,73
1668,73
1794,74
1712,76
1648,73
1867,80
1853,80
1912,83
1656,74
1852,78
1451,69
1626,74
1627,74
1811,81
1678,76
1765,77
1596,71
1767,77
1700,76
1780,78
1807,79
1847,79
1788,79
1715,75
1811,80
1868,81
1803,80
1708,75
1573,73
1631,74
1604,72
1753,78
1747,75
1760,76
1769,77
1725,76
1616,71
1685,76
1690,75
1599,72
1855,79
1902,82
1774,77
1700,76
1893,81
1525,68
1664,71
1573,70
1771,77
1769,78
1846,77
1736,77
1409,66
1735,77
1916,84
1788,79
1719,77
1790,78
1614,73
1483,66
1842,79
1596,72
1532,72
1736,78
1649,76
1686,75
1757,77
1586,71
1780,78
1637,74
1375,64
1670,74
1784,79
1888,80
1683,75
1592,74
1611,73
1614,73
1745,77
1679,77
1795,78
1752,77
1724,76
1785,79
1573,71
1750,76
1890,81
1921,83
1935,81
1669,74
1942,84
1764,77
1860,81
1718,76
1750,78
1763,76
1582,68
1561,70
1693,74
1628,72
1562,72
1740,78
1776,79
1636,75
1544,71
1449,71
1634,72
1546,71
1919,84
1759,77
1692,74
1886,82
1789,75
1619,70
1564,74
1754,76
1630,74
1708,76
1668,75
1734,77
1761,78
1717,77
1668,75
1830,79
1619,70
1745,78
1924,82
1793,78
1594,73
1771,76
1480,69
1748,78
1757,78
1761,77
1856,81
1810,79
1726,76
1738,77
1692,75
1456,68
1691,76
1839,79
1679,75
1680,75
1814,81
1838,81
1756,77
1700,75
1623,72
1605,74
1724,77
1690,74
1621,74
1507,70
1750,78
1814,80
1396,65
1759,77
1848,79
1671,75
1698,77
1629,75
1624,73
1705,76
1920,84
1845,81
1662,75
1652,75
1822,81
1606,75
1671,71
1806,79
1647,72
1568,71
1744,78
1536,71
1668,72
1782,75
1736,76
1881,79
1682,77
1516,70
1759,77
1783,75
1816,80
1743,78
1783,78
1764,77
1806,79
1751,78
1872,81
1623,75
1640,74
1612,71
1479,69
1829,79
1714,75
1718,76
1524,69
1713,76
1771,77
1630,72
1764,79
1682,75
1639,72
1580,68
1621,72
1783,77
1896,82
1788,78
1553,70
1701,77
1802,80
1685,72
1818,81
1864,79
1765,77
1699,76
1727,78
1653,73
1631,73
1663,73
1738,77
1713,76
1817,75
1886,83
1777,77
1648,73
1637,73
1736,75
1750,78
1783,79
1766,79
1769,78
1701,76
1723,76
1783,78
1509,69
1677,74
1803,79
1778,76
1812,79
1821,81
1685,72
1565,71
1648,74
1714,75
1571,71
1491,71
1721,77
1777,77
1572,70
1614,73
1787,78
1847,79
1853,79
1513,69
1759,77
1695,75
1550,72
1796,77
1691,76
1770,77
1698,76
1745,77
1886,83
1720,75
1839,79
1899,82
1437,68
1820,79
1618,74
1675,76
1772,78
1882,81
1634,70
1693,76
1678,75
1590,72
1705,75
1719,75
1785,78
1669,72
1917,84
1721,76
1721,77
1651,73
1906,82
1689,74
1713,74
1636,75
1627,74
1793,78
1940,84
1691,73
1803,80
1649,75
1664,74
1867,82
1721,77
1437,67
1680,75
1631,73
1597,71
1709,72
1645,75
1730,77
1584,70
1701,77
1840,77
1668,73
1703,78
1755,77
1718,75
1664,74
1789,79
1548,72
1747,77
1589,72
1573,72
1583,69
1659,74
1673,74
1654,76
1760,78
1680,74
1716,77
1457,69
1800,81
1911,83
1763,77
1591,73
1637,73
1862,81
1829,80
1526,70
1666,75
1584,71
1706,77
1616,72
1704,73
1653,74
1812,77
1865,80
1541,72
1531,67
1593,72
1874,79
1682,75
1661,75
1905,81
1787,77
1661,75
1678,75
1740,76
1895,82
1732,76
1765,78
1824,79
1746,78
1640,76
1671,72
1668,73
1858,80
1851,80
1875,81
1885,81
1553,71
1752,78
1658,76
1720,73
1821,79
1894,83
1819,77
1698,74
1536,71
1583,73
1672,74
1497,68
1889,83
1580,72
1751,77
1880,81
1691,76
1735,79
1617,75
1817,78
1756,77
1721,75
1863,82
1932,84
1754,78
1799,79
1837,82
1718,76
1809,81
1524,68
1621,75
1770,78
1627,74
1684,76
1578,71
1653,76
1723,76
1692,75
1615,70
1828,81
1651,74
1664,75
1609,73
1676,74
1835,81
1553,70
1464,69
1891,81
1796,76
1944,81
1757,79
1619,75
1683,76
1887,80
1339,63
1594,73
1744,78
1698,77
1698,74
1731,78
1756,78
1576,70
1685,75
1894,82
1760,79
1584,69
1711,77
1831,81
1825,79
1688,74
1665,75
1808,78
1683,76
1349,64
1601,74
1841,79
1831,79
1805,79
1791,75
1743,77
1829,80
1652,72
1796,80
1717,76
1463,66
1581,70
1555,72
1720,77
1576,72
1681,74
1921,84
1624,75
1652,74
1511,67
1759,77
1856,81
1783,78
1538,71
1865,82
1811,81
1734,77
1682,77
1746,76
1800,78
1754,78
1753,77
1873,82
1607,74
1690,73
1800,78
1792,79
1694,76
1757,77
1770,79
1848,79
1732,77
1823,79
1590,75
1679,75
1651,74
1783,77
1649,75
1534,69
1724,74
1809,80
1837,79
1742,77
1817,80
1834,80
1768,77
1778,75
1557,70
1621,72
1878,83
1782,77
1797,81
1746,77
1657,77
1665,76
1780,77
1663,75
1851,80
1952,82
1839,80
1822,80
1712,74
1740,78
1626,73
1553,69
1424,65
1726,78
1714,76
1583,71
1625,71
1779,78
1507,71
1691,76
1859,80
1861,82
1843,80
1671,76
1689,75
1629,72
1833,80
1843,79
1837,79
1664,75
1675,75
1904,82
1665,72
1701,76
1766,78
1616,75
1626,75
1654,71
1733,77
1769,77
1724,76
1772,79
1556,70
1663,75
1746,76
1612,73
1678,75
1653,73
1745,75
1700,75
1618,75
1784,80
1645,72
1689,76
1626,72
1664,73
1668,76
1791,79
1773,78
1600,71
1780,77
1744,79
1815,80
1902,82
1662,74
1605,75
1599,71
1752,77
1601,71
1672,74
1748,78
1533,70
1676,77
1495,70
1861,82
1731,76
1767,76
1728,76
1855,82
1688,75
1707,75
1632,72
1810,79
1693,74
1862,81
1630,74
1744,78
1743,77
1691,78
1904,82
1792,76
1837,82
1720,77
1645,73
1747,77
1587,73
1580,71
1852,82
1761,77
1763,77
1504,70
1602,72
1855,80
1710,76
1669,73
1921,82
1740,77
1686,75
1650,75
1942,83
1903,83
1699,73
1707,75
1834,77
1524,69
1773,79
1833,81
1510,66
1847,80
1751,78
1830,78
1859,80
1902,82
1896,81
1828,81
1777,80
1688,76
1569,71
1788,76
1667,73
1829,81
1674,74
1775,79
1658,72
1659,75
1628,73
1968,85
1709,75
1544,71
1740,78
1769,78
1719,77
1958,84
1741,79
1726,76
1753,76
1601,72
1630,76
1645,72
1589,73
1709,74
1681,73
1622,72
1655,73
1699,75
1654,72
1896,80
1450,68
1948,83
1528,70
1555,70
1930,83
1632,74
1801,73
1836,80
1607,73
1644,75
1653,74
1743,77
1538,72
1497,66
1764,77
1813,80
1665,73
1822,80
1607,74
1538,69
1637,74
1813,80
1494,68
1791,80
1596,73
1703,73
1735,76
1455,67
1560,71
1647,75
1769,78
1828,81
1741,76
1804,78
1790,79
1921,82
1877,81
1537,70
1735,76
1738,78
1739,78
1651,72
1617,70
1953,82
1705,76
1728,77
1602,73
1548,74
1724,78
1732,75
1852,80
1675,76
1581,72
1516,71
1528,72
1891,81
1748,79
1814,77
1799,81
1747,77
1745,77
1617,73
1704,76
1522,69
1794,77
1717,76
1519,70
1571,73
1628,74
1678,74
1759,78
1739,75
1776,79
1669,76
1715,75
1835,80
1834,80
1430,65
1683,75
1810,75
1685,75
1692,76
1612,73
1751,77
1911,81
1822,78
1871,82
1669,75
1705,74
1736,77
1823,78
1518,69
1839,80
1776,77
1458,69
1716,76
1645,74
1769,78
1923,82
1712,75
1803,77
1571,72
1761,77
1618,73
1469,69
1611,73
1640,73
1802,80
1754,76
1650,76
1682,72
1701,76
1560,69
1787,78
1833,80
1564,71
1785,78
1487,71
1607,73
1619,73
1690,76
1842,79
1367,65
1853,82
1716,76
1720,77
1686,74
1833,79
1799,78
1828,77
1789,78
1798,78
1760,78
1884,82
1821,78
1652,73
1647,72
1789,78
1689,75
1879,82
1652,72
1648,73
1598,72
1889,82
1512,69
1504,71
1791,77
1716,76
1811,79
1676,73
1593,72
1797,78
1598,75
1707,77
1665,75
1761,76
1650,72
1567,72
1368,65
1784,79
1833,80
1900,83
1763,78
1738,77
1756,76
1702,77
1774,79
1733,77
1675,75
1699,77
1759,76
1590,72
1553,71
1611,72
1697,76
1660,74
1547,72
1757,77
1474,66
1655,74
1649,74
1627,75
1819,80
1683,75
1740,78
1688,76
1607,72
1840,82
1672,75
1433,65
1827,80
1660,75
1925,84
1689,75
1866,80
1845,82
1547,67
1629,69
1658,74
1797,79
1854,81
1739,78
1558,68
1710,78
1634,74
1772,78
1744,78
1707,75
1798,79
1672,75
1636,71
1876,81
1778,76
1722,76
1915,82
1636,74
1583,72
1616,72
1712,76
1821,79
1715,76
1717,76
1792,77
1562,72
1725,76
1592,73
1696,76
1590,72
1520,69
1638,74
1655,75
1684,74
1671,76
1868,78
1583,70
1464,68
1814,80
1735,76
1621,73
1882,82
1582,72
1725,77
1622,71
1695,75
1775,79
1759,77
1876,82
1759,78
1817,80
1789,77
1608,72
1911,84
1755,78
1732,78
1574,72
1741,76
1396,65
1710,76
1683,75
1789,79
1802,79
1666,75
1648,73
1860,78
1745,76
1720,77
1553,72
1983,82
1869,81
1657,73
1700,75
1698,76
1748,79
1791,79
1639,74
1878,83
1776,76
1745,76
1560,74
1591,73
1581,72
1799,79
1653,74
1501,73
1658,75
1573,71
1860,82
1546,71
1735,76
1528,71
1871,80
1859,82
1906,80
1545,70
1757,78
1771,78
1760,79
1643,72
1918,83
1737,75
1660,75
1472,70
1900,84
1788,77
1895,82
1563,69
1820,78
1685,74
1807,79
1710,77
1827,81
1758,77
1712,77
1565,72
1668,75
1857,80
1725,78
1718,77
1498,70
1727,75
1637,72
1549,67
1782,79
1602,74
1841,80
1660,72
1755,76
1856,81
1747,76
1775,79
1836,81
1752,77
1569,71
1520,68
1735,76
1825,80
1609,74
1752,79
1567,72
1498,68
1699,75
1761,77
1684,75
1715,76
1890,82
1715,78
1655,76
1724,76
1834,80
1673,75
1968,85
1755,76
1623,75
1678,73
1682,74
1921,82
1596,72
1866,82
1712,78
1697,74
1755,78
1638,73
1611,74
1790,80
1677,74
1748,76
1573,70
1686,76
1419,69
1693,76
1563,71
1701,76
1563,72
1838,81
1626,74
1754,76
1854,80
1660,72
1645,74
1596,73
1822,81
1687,74
1614,75
1694,77
1753,77
1739,77
1732,77
1858,79
1822,81
1704,75
1744,77
1513,69
1762,78
1824,80
1550,71
1575,71
1788,78
1768,77
1475,69
1774,79
1638,73
1721,76
1706,77
1879,80
1652,75
1968,85
1670,74
1776,80
1697,76
1768,77
1902,82
1671,76
1853,81
1908,81
1602,71
1737,76
1832,81
1670,75
1793,80
1720,78
1811,76
1684,75
1357,64
1502,71
1710,77
1650,74
1776,80
1733,76
1459,68
1787,78
1790,78
1741,72
1934,82
1836,80
1793,79
1676,73
1676,75
1657,74
1719,77
1590,71
1675,75
1561,71
1816,78
1541,70
1678,72
1666,75
1740,75
1772,77
1837,79
1842,80
1892,80
1732,77
1682,75
1708,78
1704,76
1533,70
1548,72
1703,74
1833,80
1720,74
1772,79
1418,66
1826,79
1645,75
1921,83
1663,75
1797,80
1495,69
1731,78
1656,74
1577,72
1707,76
1717,77
1854,80
1809,79
1919,82
1832,79
1706,74
1861,81
1644,76
1846,80
1886,82
1859,79
1826,79
1508,70
1678,74
1662,74
1533,73
1643,74
1838,79
1551,70
1775,78
1773,75
1744,79
1828,79
1581,72
1592,72
1727,77
1646,75
1568,73
1671,73
1414,67
1448,65
1652,75
1702,75
1838,78
1837,79
1592,71
1660,73
1665,73
1751,77
1828,80
1639,74
1628,77
1705,76
1768,78
1674,72
1587,70
1679,75
1636,75
1685,75
1688,76
1752,78
1482,67
1590,71
1860,82
1731,75
1898,82
1836,79
1875,80
1739,76
1703,77
1850,81
1718,75
1659,75
1759,78
1585,72
1680,75
1608,74
1721,75
1565,73
1817,79
1430,65
1626,74
1640,75
1603,73
1529,71
1860,81
1665,76
1507,68
1735,77
1716,76
1688,75
1641,72
1672,76
1765,80
1702,78
1854,78
1556,71
1633,75
1710,75
1824,81
1702,76
1577,73
1651,72
1683,74
1716,76
1807,79
1819,77
1877,80
1803,80
1631,74
1847,81
1853,80
1618,72
1879,77
1769,77
1461,69
1733,76
1657,73
1520,70
1752,78
1590,74
1918,82
1937,84
1713,78
1600,72
1777,76
1610,73
1586,74
1723,75
1682,74
1774,77
1618,76
1937,84
1936,82
1668,75
1821,79
1528,72
1783,79
1659,74
1490,70
1938,83
1802,78
1709,75
1768,77
1708,76
1805,79
1728,74
1756,77
1561,73
1813,78
1764,77
1796,79
1582,72
1848,81
1670,74
1731,77
1626,75
1841,77
1673,75
1742,75
1798,79
1736,78
1587,71
1638,73
1674,75
1650,70
1565,71
1838,82
1656,75
1587,72
1768,79
1830,80
1592,74
1618,71
1806,77
1611,73
1733,78
1781,77
1697,76
1751,76
1788,79
1886,83
1783,80
1658,73
1783,77
1759,74
1631,71
1829,79
1750,77
1741,74
1913,83
1745,77
1750,76
1773,79
1725,77
1810,79
1739,76
1767,78
1706,76
1656,75
1722,75
1767,77
1616,75
1487,71
1789,77
1604,70
1742,77
1780,79
1686,74
1743,77
1470,68
1548,70
1708,76
1799,79
1674,75
1770,78
1760,77
1756,78
1553,70
1761,79
1766,78
1767,77
1656,73
1606,74
1595,71
1745,75
1790,78
1848,78
1678,75
1731,77
1689,76
1626,75
1853,82
1768,78
1862,80
1749,76
1968,85
1844,82
1736,77
1782,76
1692,75
1750,79
1700,76
1805,79
1776,77
1811,79
1763,73
1691,75
1869,82
1612,74
1913,83
1765,76
1738,74
1776,78
1804,79
1835,79
1749,78
1785,79
1613,75
1806,78
1802,79
1846,82
1666,76
1713,72
1576,74
1574,71
1631,73
1774,76
1850,80
1670,73
1752,75
1699,74
1801,79
1923,84
1704,75
1804,80
1753,77
1950,84
1649,74
1670,74
1464,70
1813,79
1762,78
1461,68
1724,75
1638,70
1818,77
1886,82
1746,76
1639,72
1530,70
1691,75
1820,79
1590,75
1852,81
1630,73
1800,79
1657,74
1645,74
1709,77
1684,74
1567,67
1543,70
1956,84
1788,79
1724,77
1616,74
1854,81
1690,72
1688,75
1825,79
1803,78
1656,74
1691,76
1493,71
1726,76
1822,81
1660,75
1580,71
1577,70
1874,80
1629,73
1626,73
1554,71
1818,80
1720,74
1818,78
1642,72
1875,78
1667,71
1720,76
1664,74
1922,83
1787,78
1816,80
1517,68
1437,69
1680,74
1665,74
1825,80
1682,77
1585,74
1726,77
1761,78
1589,73
1707,75
1573,72
1669,73
1781,77
1684,74
1726,78
1624,71
1636,72
1637,73
1686,74
1750,77
1760,80
1547,69
1966,85
1813,81
1871,83
1689,75
1676,74
1649,74
1521,71
1798,79
1785,78
1912,82
1579,71
1704,75
1877,81
1608,74
1966,85
1792,77
1893,82
1665,74
1851,81
1664,73
1659,73
1962,85
1756,77
1713,76
1697,75
1849,80
1739,77
1633,72
1778,77
1269,61
1713,75
1903,83
1649,74
1618,72
1694,74
1724,76
1757,78
1742,76
1589,70
1520,70
1748,76
1805,77
1710,76
1792,79
1785,77
1748,77
1681,74
1915,82
1668,75
1787,77
1638,72
1798,80
1573,74
1631,72
1717,75
1605,70
1714,74
1829,81
1858,80
1538,68
1848,81
1693,77
1473,69
1570,73
1820,78
1722,76
1739,78
1727,77
1705,75
1730,74
1627,75
1707,74
1633,72
1795,78
1703,73
1717,76
1825,79
1676,75
1697,76
1850,81
1519,72
1814,77
1849,81
1561,71
1475,69
1816,78
1548,71
1730,77
1726,78
1549,70
1694,75
1838,80
1606,72
1564,70
1622,71
1828,76
1633,75
1672,75
1885,80
1794,79
1663,75
1819,80
1675,72
1807,77
1593,72
1538,69
1736,77
1672,73
1816,77
1883,81
1771,79
1526,68
1669,76
1467,70
1628,72
1692,73
1892,83
1641,74
1528,71
1742,77
1606,71
1687,75
1572,74
1471,70
1570,70
1766,78
1768,78
1700,76
1698,76
1630,71
1760,76
1751,76
1815,78
1884,83
1645,77
1796,79
1713,75
1701,75
1837,80
1639,73
1699,73
1484,69
1564,71
1724,74
1933,83
1647,75
1928,82
1642,72
1702,76
1755,78
1687,73
1555,70
1730,77
1803,79
1498,68
1765,76
1782,78
1690,74
1634,70
1739,77
1762,76
1956,85
1496,70
1836,81
1677,78
1627,75
1577,68
1546,70
1692,73
1784,79
1670,75
1661,72
1674,74
1824,76
1533,71
1723,75
1802,77
1564,70
1798,80
1755,79
1679,73
1730,77
1769,78
1783,80
1715,76
1562,71
1672,73
1769,80
1644,75
1792,78
1717,75
1697,75
1880,83
1605,72
1694,76
1757,73
1812,81
1841,81
1891,81
1512,70
1662,75
1709,72
1735,75
1686,75
1856,78
1467,70
1847,82
1482,67
1748,79
1876,81
1486,70
1762,78
1582,71
1708,77
1579,70
1597,73
1630,73
1453,68
1667,71
1805,78
1643,73
1747,77
1743,78
1668,74
1633,70
1561,72
1764,79
1619,76
1847,82
1686,76
1787,79
1773,77
1580,74
1733,77
1700,75
1760,78
1776,79
1611,72
1608,71
1611,71
1685,74
1592,70
1645,73
1798,77
1415,68
1787,77
1755,77
1722,75
1560,73
1802,78
1812,79
1669,74
1574,72
1731,77
1661,74
1865,79
1875,82
1594,71
1742,77
1814,80
1659,73
1530,73
1610,73
1777,77
1824,81
1576,70
1634,71
1743,77
1693,74
1500,68
1819,79
1607,72
1833,80
1683,75
1522,69
1610,72
1890,80
1580,71
1739,77
1666,75
1806,78
1768,80
1485,66
1624,74
1866,81
1520,68
1775,76
1643,74
1696,76
1791,78
1608,73
1891,82
1467,67
1635,74
1670,75
1638,75
1753,79
1444,68
1774,77
1753,75
1700,75
1956,85
1665,75
1772,78
1925,84
1653,74
1732,74
1680,73
1630,74
1954,85
1767,79
1610,72
1650,74
1761,78
1950,83
1658,75
1600,70
1793,78
1599,70
1593,73
1728,76
1678,74
1522,66
1811,77
1810,79
1734,76
1645,71
1722,77
1702,75
1670,74
1641,75
1605,71
1804,76
1653,73
1786,80
1635,73
1500,68
1714,74
1621,74
1796,77
1641,73
1680,74
1571,71
1568,71
1721,74
1634,71
1712,75
1767,77
1742,76
1682,75
1761,78
1586,72
1622,72
1634,73
1567,69
1754,77
1652,73
1895,81
1727,76
1517,69
1801,79
1737,78
1642,74
1362,64
1838,82
1634,74
1915,83
1890,83
1689,77
1685,76
1731,76
1761,76
1568,72
1758,77
1548,69
1775,76
1661,75
1535,68
1757,78
1721,77
1603,72
1754,79
1682,74
1675,75
1745,76
1707,76
1814,80
1671,74
1596,74
1860,76
1768,78
1769,78
1582,72
1677,75
1876,82
1696,76
1722,77
1621,73
1810,77
1677,74
1641,72
1757,77
1407,67
1742,77
1877,83
1786,78
1800,78
1817,77
1555,72
1691,74
1759,76
1659,74
1683,75
1752,78
1706,76
1832,81
1818,81
1544,72
1621,69
1719,76
1791,77
1613,73
1785,78
1738,75
1851,80
1741,78
1800,78
1728,76
1818,78
1751,78
1624,74
1861,81
1606,73
1706,77
1750,74
1731,76
1731,75
1670,73
1565,71
1800,79
1558,70
1387,64
1799,78
1716,75
1481,67
1765,77
1715,72
1627,71
1857,81
1816,80
1736,75
1736,76
1402,67
1808,78
1706,76
1732,79
1810,79
1641,75
1640,72
1931,82
1656,74
1711,77
1737,75
1773,79
1690,75
1767,79
1688,75
1766,78
1616,74
1714,77
1628,73
1804,79
1693,75
1587,71
1813,79
1631,74
1734,78
1568,72
1761,78
1601,70
1822,80
1529,68
1544,71
1814,78
1479,67
1541,71
1785,76
1604,72
1772,79
1762,78
1850,80
1586,71
1809,80
1712,75
1623,72
1628,72
1597,72
1853,82
1615,71
1544,69
1905,83
1525,71
1614,73
1688,74
1763,77
1553,70
1868,79
1644,74
1682,74
1744,78
1861,83
1776,78
1715,73
1664,74
1655,73
1678,76
1736,75
1709,75
1685,75
1766,78
1443,67
1689,76
1683,73
1649,75
1761,76
1644,76
1632,74
1935,82
1453,64
1541,72
1948,82
1935,79
1748,77
1684,76
1638,75
1709,76
1650,73
1699,75
1728,76
1511,69
1784,78
1626,73
1642,71
1694,74
1788,79
1662,75
1765,79
1593,69
1743,77
1555,71
1638,73
1760,77
1462,67
1676,75
1613,74
1834,80
1468,66
1830,78
1848,81
1675,76
1586,69
1426,64
1675,75
1577,70
1856,80
1536,68
1674,73
1624,72
1853,80
1905,83
1662,75
1631,74
1726,76
1766,75
1817,79
1743,75
1651,77
1544,70
1529,68
1799,79
1777,77
1609,72
1724,77
1446,66
1830,80
1731,78
1725,77
1638,72
1726,77
1632,75
1479,69
1654,72
1690,76
1617,71
1755,78
1617,72
1622,73
1766,78
1626,74
1585,73
1778,77
1691,76
1703,74
1488,70
1706,74
1881,83
1843,81
1533,70
1657,75
1651,73
1566,72
1586,75
1727,74
1794,77
1870,82
1862,79
1800,79
1665,74
1538,73
1735,77
1813,78
1430,68
1801,76
1553,72
1875,82
1738,78
1613,74
1659,73
1770,76
1750,76
1561,72
1510,68
1778,80
1692,76
1622,73
1689,75
1741,78
1677,74
1665,74
1802,78
1624,72
1796,79
1655,73
1769,76
1790,79
1883,80
1737,77
1879,80
1806,80
1622,74
1898,83
1597,72
1690,73
1749,76
1737,75
1506,71
1684,75
1803,79
1801,76
1774,76
1639,74
1698,76
1517,71
1690,75
1716,75
1636,73
1738,77
1594,73
1738,78
1720,76
1672,76
1743,79
1701,75
1621,75
1894,82
1683,73
1635,74
1714,76
1537,70
1695,76
1674,75
1719,78
1771,77
1914,80
1767,78
1584,72
1773,78
1707,73
1620,72
1724,77
1571,70
1748,79
1579,72
1572,71
1726,75
1801,79
1533,71
1671,75
1699,73
1659,76
1541,71
1664,72
1848,80
1819,81
1546,70
1772,79
1577,70
1954,85
1570,71
1825,77
1469,68
1744,77
1776,78
1685,74
1598,73
1689,74
1733,76
1845,79
1772,78
1847,79
1631,73
1648,75
1758,78
1764,77
1734,75
1526,66
1870,82
1595,74
1784,80
1551,71
1462,68
1796,79
1667,75
1726,77
1860,82
1521,70
1573,70
1551,73
1750,71
1685,77
1532,71
1686,75
1894,82
1885,80
1722,77
1688,74
1707,75
1676,75
1781,77
1584,72
1779,76
1509,67
1889,76
1682,74
1874,83
1568,70
1537,69
1559,71
1834,79
1716,75
1831,78
1829,82
1767,80
1501,69
1698,75
1783,78
1724,78
1773,78
1625,73
1665,74
1644,72
1713,76
1553,69
1793,80
1968,85
1619,71
1847,78
1834,80
1731,75
1723,77
1563,73
1721,76
1750,77
1630,73
1759,76
1516,67
1473,70
1614,71
1603,73
1895,82
1618,71
1956,85
1688,75
1659,74
1711,76
1675,75
1662,74
1745,77
1840,80
1643,73
1735,75
1796,80
1775,79
1855,79
1807,77
1463,67
1687,76
1630,71
1667,73
1867,80
1454,66
1744,75
1752,77
1501,71
1706,73
1824,80
1774,76
1754,76
1821,81
1357,63
1721,78
1657,75
1831,81
1858,82
1643,75
1652,71
1765,79
1849,81
1758,77
1693,76
1684,75
1814,81
1742,78
1647,73
1657,74
1842,79
1644,75
1652,74
1775,78
1642,73
1578,70
1835,79
1697,73
1756,78
1490,70
1841,79
1634,74
1539,73
1512,71
1656,76
1610,72
1544,71
1637,74
1879,83
1638,76
1764,78
1672,76
1819,79
1809,79
1557,71
1597,73
1668,74
1754,77
1789,77
1860,80
1792,78
1629,74
1611,72
1835,81
1784,76
1663,72
1610,73
1751,78
1728,75
1839,82
1633,71
1641,74
1745,77
1659,76
1659,75
1820,76
1761,78
1821,80
1751,78
1757,78
1786,78
1578,70
1830,82
1454,64
1704,75
1753,75
1415,66
1736,76
1655,71
1649,73
1566,71
1807,79
1564,70
1666,72
1598,71
1586,74
1705,77
1475,68
1706,75
1767,78
1589,70
1896,82
1633,76
1742,77
1733,78
1787,73
1514,68
1585,72
1776,78
1819,78
1807,78
1794,77
1576,70
1781,77
1637,73
1702,77
1829,79
1620,74
1735,79
1856,81
1667,74
1608,74
1746,77
1581,71
1742,78
1729,77
1636,75
1756,77
1662,72
1716,75
1731,75
1617,72
1684,74
1602,73
1569,71
1704,74
1632,74
1515,70
1625,71
1573,71
1454,69
1710,75
1752,77
1762,77
1870,80
1857,79
1632,73
1699,77
1652,71
1704,75
1681,76
1617,74
1942,84
1828,80
1482,68
1547,69
1814,79
1796,79
1569,72
1744,79
1769,77
1634,71
1857,81
1621,72
1801,79
1517,67
1634,73
1671,76
1406,67
1809,80
1670,76
1814,77
1752,78
1548,70
1825,80
1747,77
1859,79
1857,80
1833,79
1637,74
1810,80
1509,68
1835,81
1502,70
1674,74
1576,73
1617,73
1669,71
1617,74
1787,78
1760,77
1714,75
1569,71
1769,80
1627,73
1960,84
1545,67
1375,64
1795,79
1899,81
1650,71
1546,70
1684,76
1691,77
1565,70
1762,77
1837,81
1788,80
1705,77
1785,79
1905,83
1668,76
1576,70
1619,71
1599,73
1579,70
1768,78
1666,75
1824,80
1559,69
1589,70
1800,78
1582,74
1679,74
1832,80
1512,69
1349,66
1676,74
1685,73
1687,75
1699,78
1779,78
1664,74
1749,78
1774,78
1660,72
1424,66
1802,80
1665,74
1598,71
1578,72
1635,76
1556,69
1619,73
1796,77
1838,79
1612,73
1822,79
1813,80
1743,76
1516,70
1737,75
1978,85
1651,74
1552,71
1575,71
1675,74
1653,75
1571,71
1841,80
1668,75
1769,79
1658,77
1797,79
1874,82
1620,74
1737,77
1619,76
1566,69
1692,76
1530,69
1627,74
1609,73
1736,74
1652,74
1670,75
1647,72
1766,80
1765,79
1690,74
1636,74
1781,77
1825,80
1587,73
1709,77
1741,77
1616,73
1820,81
1560,69
1515,71
1705,76
1649,76
1693,76
1662,74
1848,81
1548,71
1646,72
1745,77
1688,76
1499,67
1741,78
1703,77
1856,82
1781,77
1683,75
1781,78
1766,79
1776,78
1746,77
1651,76
1740,73
1834,79
1670,74
1709,77
1697,73
1782,77
1730,78
1621,73
1570,72
1479,66
1462,68
1656,75
1713,75
1764,78
1632,74
1735,76
1835,80
1594,70
1944,82
1691,77
1837,80
1755,74
1902,82
1693,76
1577,73
1670,73
1767,75
1615,69
1713,76
1547,69
1700,76
1813,79
1795,78
1615,73
1709,76
1787,79
1595,72
1722,74
1640,73
1577,70
1672,74
1494,69
1794,79
1677,76
1711,76
1853,81
1741,78
1778,78
1494,70
1481,68
1729,75
1646,72
1716,76
1624,73
1685,75
1818,77
1604,74
1764,78
1827,82
1790,79
1700,76
1629,71
1675,76
1735,77
1668,72
1676,74
1781,78
1728,77
1659,74
1891,80
1693,75
1675,77
1455,66
1731,74
1768,77
1701,75
1776,77
1668,77
1645,76
1684,75
1597,71
1767,77
1712,77
1670,74
1520,69
1586,73
1645,76
1411,64
1762,73
1535,69
1685,77
1590,74
1825,81
1739,78
1633,76
1704,76
1670,74
1660,75
1550,69
1644,73
1745,77
1704,74
1563,72
1748,76
1825,81
1510,71
1844,80
1746,74
1826,80
1626,74
1751,78
1757,76
1676,74
1701,74
1731,78
1557,71
1639,73
1457,69
1870,82
1590,71
1926,83
1684,73
1852,80
1798,80
1554,73
1560,74
1752,78
1688,75
1667,73
1821,79
1528,68
1669,73
1439,68
1707,76
1880,82
1833,80
1645,74
1628,73
1927,83
1676,73
1818,79
1598,70
1733,77
1874,82
1746,77
1857,82
1539,69
1788,76
1760,78
1691,77
1472,70
1593,73
1912,82
1718,77
1743,76
1628,74
1748,79
1485,71
1806,76
1680,75
1634,76
1473,67
1716,75
1672,73
1805,79
1894,80
1661,77
1846,82
1720,74
1522,69
1764,76
1668,72
1725,77
1741,77
1726,77
1447,68
1809,79
1599,72
1940,83
1687,73
1682,75
1704,74
1710,76
1733,76
1581,69
1794,76
1761,78
1608,72
1752,76
1756,77
1680,75
1636,74
1720,75
1751,79
1488,66
1635,72
1764,76
1702,76
1624,73
1655,73
1756,76
1764,76
1719,77
1602,71
1721,76
1713,76
1724,77
1734,77
1697,78
1639,74
1624,74
1660,71
1688,75
1727,75
1760,79
1626,73
1820,80
1697,74
1585,69
1713,73
1810,81
1595,72
1755,77
1788,79
1595,72
1867,81
1704,75
1516,67
1744,79
1632,74
1718,76
1688,76
1623,73
1756,79
1791,78
1665,76
1590,72
1650,74
1841,78
1782,78
1584,72
1742,76
1633,71
1539,69
1691,76
1421,66
1827,80
1678,73
1481,69
1824,77
1726,77
1729,76
1632,74
1739,76
1806,78
1735,77
1615,70
1772,78
1852,80
1709,78
1615,72
1635,74
1640,73
1765,74
1721,77
1637,73
1830,78
1553,69
1799,77
1643,72
1497,68
1598,70
1794,79
1893,82
1775,78
1537,70
1727,74
1732,76
1539,69
1508,70
1770,77
1758,79
1481,67
1582,73
1706,77
1547,70
1493,70
1617,71
1774,80
1770,75
1631,74
1673,76
1493,67
1684,76
1513,69
1762,79
1784,78
1580,73
1736,76
1595,67
1747,78
1715,75
1621,72
1558,73
1611,74
1638,73
1687,75
1624,73
1754,78
1596,70
1935,84
1831,78
1641,72
1830,79
1682,76
1877,81
1752,77
1835,79
1891,83
1839,81
1708,75
1840,80
1721,76
1586,73
1595,71
1874,81
1710,77
1650,74
1704,77
1755,77
1764,79
1630,72
1653,72
1521,70
1792,76
1908,82
1726,76
1959,85
1815,80
1917,84
1703,75
1665,73
1599,73
1528,70
1800,80
1725,74
1783,78
1551,72
1787,78
1954,85
1954,85
1809,78
1449,68
1759,79
1659,74
1802,79
1676,76
1776,79
1909,80
1616,73
1582,71
1773,77
1487,70
1655,74
1762,78
1597,73
1710,74
1622,73
1631,74
1773,79
1476,70
1589,73
1638,75
1683,75
1660,75
1653,74
1652,73
1643,71
1806,80
1808,80
1757,76
1742,77
1576,71
1635,75
1767,79
1587,70
1547,70
1458,70
1671,77
1777,77
1711,77
1500,68
1712,77
1836,80
1879,81
1770,76
1742,78
1612,71
1602,73
1771,78
1632,72
1819,79
1840,80
1625,71
1755,77
1801,80
1584,71
1602,71
1478,67
1750,78
1691,73
1794,79
1642,71
1591,71
1626,72
1626,72
1505,69
1732,75
1608,73
1730,76
1607,73
1742,77
1652,73
1634,74
1684,75
1789,77
1870,82
1735,77
1645,75
1538,70
1865,82
1692,76
1816,81
1802,80
1654,71
1739,76
1837,81
1443,70
1786,79
1676,72
1693,75
1621,73
1738,75
1798,80
1852,78
1671,76
1802,79
1736,75
1750,74
1697,76
1727,75
2015,84
1507,70
1570,71
1677,72
1716,76
1657,73
1662,72
1711,77
1691,77
1543,72
1518,71
1800,78
1647,75
1537,71
1722,77
1767,78
1356,63
1831,80
1494,67
1760,78
1454,68
1511,70
1552,71
1833,80
1662,75
1630,74
1731,77
1602,75
1686,77
1644,72
1665,74
1618,69
1527,68
1686,75
1789,76
1739,76
1710,77
1682,75
1615,75
1561,73
1647,73
1754,76
1513,70
1810,81
1769,76
1806,78
1561,69
1509,70
1585,74
1631,72
1644,73
1784,78
1596,72
1407,65
1667,75
1694,77
1722,74
1725,79
1512,68
1773,79
1514,72
1724,76
1716,76
1716,77
1815,77
1866,80
1590,73
1849,80
1671,75
1818,78
1567,72
1701,76
1750,78
1567,73
1599,74
1549,70
1554,70
1859,80
1786,78
1766,77
1769,76
1781,77
1897,82
1697,77
1817,79
1671,73
1619,74
1617,70
1878,80
1668,73
1483,69
1787,75
1743,78
1748,76
1739,78
1606,71
1644,76
1687,73
1824,79
1805,79
1832,81
1800,78
1690,73
1782,77
1811,76
1839,80
1725,78
1450,67
1579,71
1624,71
1580,72
1743,77
1709,75
1531,71
1760,73
1822,79
1714,74
1808,80
1684,75
1717,74
1791,81
1802,78
1629,73
1688,77
1696,73
1599,71
1714,73
1628,70
1785,76
1672,76
1862,81
1612,76
1956,83
1707,76
1974,85
1763,76
1702,77
1839,81
1847,81
1800,79
1701,75
1702,76
1737,75
1682,77
1605,73
1833,79
1653,75
1697,74
1607,73
1861,80
1681,75
1766,78
1815,79
1621,72
1541,70
1672,75
1736,76
1651,70
1449,66
1620,73
1662,74
1645,73
1612,74
1767,77
1626,73
1805,77
2001,84
1436,67
1811,78
1632,74
1740,78
1528,72
1598,72
1674,73
1826,79
1623,73
1774,79
1348,66
1680,75
1837,80
1663,74
1886,82
1448,66
1574,69
1719,77
1716,76
1772,78
1672,74
1777,79
1715,76
1673,73
1766,77
1639,76
1808,79
1817,80
1682,74
1914,82
1693,75
1609,70
1657,74
1726,78
1718,76
1814,79
1709,75
1867,81
1672,74
1852,81
1709,76
1629,73
1614,72
1523,69
1656,71
1683,76
1683,75
1572,71
1657,74
1695,76
1757,75
1603,73
1856,80
1741,74
1948,84
1524,70
1728,77
1805,80
1730,76
1552,69
1694,76
1881,83
1680,74
1774,77
1753,77
1675,72
1664,74
1643,72
1587,71
1696,75
1784,78
1497,69
1627,72
1701,77
1676,76
1565,71
1686,73
1786,78
1716,75
1680,75
1562,70
1907,81
1740,77
1819,79
1515,67
1674,72
1866,80
1642,72
1565,70
1695,72
1541,69
1768,77
1631,72
1861,82
1833,78
1609,74
1711,75
1902,82
1702,74
1816,79
1713,77
1820,81
1731,78
1879,82
1724,76
1687,75
1703,77
1674,76
1609,70
1708,76
1538,66
1487,66
1763,77
1853,80
1562,71
1609,72
1815,79
1639,73
1692,75
1806,79
1626,72
1817,80
1852,82
1722,75
1643,71
1716,77
1879,81
1729,79
1752,77
1519,69
1794,79
1551,72
1736,74
1732,74
1755,77
1706,76
1437,65
1598,74
1774,78
1822,80
1642,72
1784,77
1678,75
1548,70
1773,80
1775,79
1731,78
1626,73
1824,80
1659,73
1626,71
1688,75
1873,81
1587,72
1722,76
1674,76
1757,76
1732,79
1674,74
1614,72
1881,79
1849,79
1658,76
1678,74
1681,73
1790,80
1677,76
1806,78
1505,68
1539,71
1771,79
1803,79
1740,74
1862,80
1732,75
1680,74
1919,82
1632,74
1710,74
1716,77
1725,76
1772,78
1547,69
1865,80
1621,73
1701,78
1818,79
1760,77
1786,77
1658,72
1528,69
1760,77
1626,74
1629,71
1711,73
1687,76
1798,78
1664,75
1697,76
1701,76
1793,79
1721,76
1749,78
1723,77
1700,77
1590,72
1839,80
1621,73
1599,72
1685,77
1720,77
1701,75
1714,76
1655,74
1778,78
1766,79
1731,76
1632,75
1651,75
1724,75
1581,71
1724,76
1613,74
1664,77
1762,80
1865,81
1816,80
1611,73
1719,76
1732,77
1613,73
1716,76
1778,79
1602,74
1642,74
1757,77
1822,79
1675,73
1801,78
1805,78
1721,77
1819,79
1601,74
1832,81
1807,80
1608,75
1520,69
1680,76
1560,71
1537,71
1585,73
1804,79
1738,78
1582,73
1890,83
1682,76
1566,69
1820,79
1779,79
1615,73
1635,74
1662,72
1505,68
1673,75
1512,67
1564,72
1785,77
1521,69
1563,71
1830,78
1723,76
1812,78
1630,72
1554,70
1636,75
1810,80
1889,81
1702,76
1755,78
1693,74
1519,67
1737,78
1428,67
1626,75
1639,72
1570,73
1717,75
1678,77
1738,74
1665,76
1693,76
1801,76
1691,77
1641,73
1545,71
1878,80
1715,76
1689,75
1763,78
1696,71
1644,75
1693,74
1655,75
1611,73
1639,74
1654,74
1833,81
1810,80
1739,75
1785,78
1532,68
1730,75
1663,74
1587,72
1626,74
1794,78
1733,76
1655,73
1764,79
1818,81
1497,67
1792,76
1687,74
1680,75
1669,73
1556,72
1654,74
1716,74
1858,80
1872,83
1786,77
1429,64
1620,73
1816,79
1726,77
1638,76
1775,77
1862,82
1779,78
1733,78
1693,77
1480,69
1820,80
1573,69
1853,79
1706,78
1591,74
1620,72
1646,70
1813,79
1676,75
1531,68
1708,75
1852,81
1817,77
1841,81
1739,77
1557,70
1851,81
1775,77
1785,80
1414,69
1606,68
1772,77
1647,74
1700,75
1776,76
1628,73
1535,72
1492,69
1742,78
1869,80
1710,75
1586,71
1628,72
1649,73
1794,80
1631,71
1856,79
1851,83
1852,81
1703,75
1773,79
1751,76
1473,71
1572,72
1711,76
1919,84
1568,70
1589,72
1774,77
1677,74
1686,76
1738,78
1765,76
1731,73
1826,81
1610,72
1569,69
1790,80
1881,81
1668,72
1625,74
1505,70
1931,82
1667,74
1511,70
1643,76
1464,66
1897,83
1822,78
1793,77
1892,83
1877,80
1806,78
1577,72
1670,73
1685,76
1737,77
1709,77
1574,72
1518,66
1758,77
1657,73
1643,71
1790,77
1709,76
1654,75
1798,79
1716,76
1653,76
1838,82
1786,79
1882,82
1746,77
1850,81
1676,76
1735,77
1805,78
1782,79
1743,75
1529,67
1669,73
1603,70
1896,79
1775,79
1567,73
1962,85
1863,81
1616,74
1743,77
1728,76
1489,69
1550,71
2016,86
1768,77
1744,77
1727,75
1936,84
1641,72
1691,74
1759,75
1782,78
1597,70
1813,81
1672,75
1454,68
1732,77
1635,74
1717,76
1685,74
1450,68
1730,76
1704,75
1819,79
1540,70
1731,76
1697,77
1713,76
1656,74
1774,77
1798,77
1776,78
1814,79
1736,78
1867,82
1857,80
1869,79
1806,79
1851,81
1794,80
1749,78
1822,80
1285,61
1635,73
1787,79
1543,71
1526,71
1631,73
1772,79
1806,81
1953,84
1686,74
1848,80
1847,81
1565,72
1607,70
1871,82
1797,79
1609,72
1835,79
1677,75
1868,80
1492,67
1731,76
1829,81
1404,67
1784,79
1758,79
1456,69
1545,70
1713,74
1665,73
1726,74
1859,81
1695,76
1368,62
1687,76
1851,79
1726,77
1640,72
1507,70
1565,68
1843,80
1553,70
1665,76
1799,81
1675,73
1321,62
1710,77
1770,78
1799,77
1764,78
1788,79
1845,78
1723,75
1642,73
1981,85
1793,79
1480,70
1704,77
1701,75
1557,70
1900,80
1709,76
1662,75
1660,74
1678,74
1707,76
1660,75
1718,74
1812,80
1618,72
1571,73
1734,76
1676,75
1670,74
1685,76
1927,84
1603,72
1751,77
1659,73
1820,79
1800,78
1783,79
1795,79
1798,77
1657,74
1789,79
1590,72
1857,80
1572,69
1616,75
1804,79
1634,73
1945,84
1821,79
1900,81
1606,73
1594,70
1751,77
1425,68
1789,78
1704,74
1815,79
1763,78
1879,80
1593,71
1938,83
1784,78
1346,63
1640,71
1766,77
1753,79
1672,75
1429,68
1636,75
1839,80
1609,66
1742,75
1629,75
1803,78
1665,75
1866,81
1549,71
1824,79
1810,76
1805,80
1728,78
1810,79
1752,78
1639,74
1666,72
1594,71
1755,79
1632,72
1728,76
1684,74
1420,67
1592,73
1783,77
1927,82
1879,82
1497,67
1625,72
1543,69
1742,77
1524,69
1947,84
1538,70
1708,74
1602,73
1743,75
1756,78
1671,75
1554,71
1716,75
1748,77
1557,70
1704,77
1601,71
1727,75
1733,77
1680,76
1765,77
1667,74
1421,66
1735,75
1489,67
1990,84
1694,74
1633,71
1658,73
1645,75
1641,75
1765,78
1556,72
1872,82
1622,71
1732,78
1757,75
1721,75
1571,68
1753,75
1813,78
1489,67
1911,82
1874,80
1802,80
1568,72
1582,70
1891,83
1863,80
1593,74
1694,77
1703,76
1746,77
1478,70
1553,71
1817,80
1758,78
1682,75
1793,78
1783,78
1364,63
1743,75
1610,71
1499,68
1728,77
1795,78
1939,84
1662,70
1840,81
1677,70
1929,84
1605,71
1609,70
1765,76
1650,75
1651,75
1691,75
1735,78
1989,83
1621,73
1793,79
1675,74
1484,66
1753,76
1811,79
1800,77
1741,76
1705,73
1745,75
1777,79
1614,74
1854,83
1851,82
1698,74
1691,74
1853,80
1482,66
1569,71
1771,78
1899,83
1770,78
1898,81
1733,73
1857,79
1732,78
1500,71
1557,70
1740,76
1731,75
1726,79
1900,83
1687,77
1779,79
1833,80
1721,75
1770,79
1901,81
1629,71
1891,80
1813,80
1823,80
1467,66
1781,80
1829,80
1492,69
1646,77
1753,76
1469,66
1685,73
1543,68
1616,72
1813,80
1557,73
1708,74
1812,78
1690,77
1698,76
1677,73
1705,77
1664,74
1776,77
1777,79
1638,75
1883,80
1907,83
1538,71
1643,74
1812,78
1852,79
1592,72
1831,80
1778,76
1729,78
1698,76
1851,81
1778,76
1604,74
1761,77
1773,78
1905,83
1767,75
1713,78
1817,80
1723,76
1718,76
1741,77
1715,76
1703,75
1855,79
1652,74
1508,70
1761,77
1740,79
1732,76
1507,69
1489,70
1872,82
1781,77
1465,68
1707,77
1825,80
1527,71
1610,71
1535,69
1782,80
1883,80
1449,68
1679,74
1330,59
1738,75
1819,77
1778,77
1651,74
1479,68
1497,69
1636,75
1701,74
1783,78
1862,81
1748,79
1475,68
1812,79
1836,80
1715,78
1542,72
1457,64
1620,73
1808,79
1623,72
1617,75
1497,67
1464,65
1814,80
1827,78
1490,69
1698,72
1875,80
1462,66
1539,73
1727,76
1507,67
1776,77
1783,80
1656,73
1649,74
1493,67
1802,80
1578,71
1869,79
2016,86
1824,78
1555,71
1795,80
1606,72
1618,72
1867,83
1663,73
1734,76
1814,79
1815,80
1684,74
2022,86
1411,63
1830,81
1658,74
1684,76
1868,81
1779,79
1709,76
1666,73
1623,74
1932,83
1731,75
1772,79
1712,78
1459,66
1708,77
1623,70
1524,68
1702,75
1481,66
1863,82
1529,70
1708,75
1633,75
1800,78
1819,79
1607,71
1623,75
1524,71
1459,66
1716,76
1588,73
1914,82
1422,66
1346,63
1776,76
1563,70
1586,71
1841,80
1700,74
1700,77
1672,72
1667,74
1438,66
1464,69
1626,72
1836,81
1634,72
1747,77
1721,77
1737,77
1612,73
1693,74
1552,70
1711,77
1878,83
1793,77
1680,74
1591,71
1857,82
1816,79
1591,71
1491,67
1717,74
1607,74
1828,81
1733,75
1639,75
1633,73
1779,79
1754,77
1722,76
1832,80
1598,71
1729,76
1837,81
1718,76
1720,79
1765,76
1693,75
1707,73
1745,74
1817,77
1619,73
1775,77
1903,81
1909,83
1563,70
1746,77
1933,83
1938,82
1677,75
1931,81
1792,79
1715,76
1505,70
1847,82
1900,81
1776,79
1833,79
1590,70
1879,82
1864,75
1640,70
1671,75
1814,79
1653,76
1778,77
1511,68
1719,77
1416,63
1519,70
1841,79
1722,76
1730,78
1829,78
1700,77
2016,86
1527,69
1693,74
1783,80
1860,81
1738,74
1813,78
1747,78
1397,62
1613,71
1686,74
1841,80
1981,84
1634,72
1704,76
1678,77
1927,82
1775,78
1797,79
1619,73
1804,77
1396,64
1763,80
1710,75
1728,78
1635,71
1620,71
1930,84
1589,71
1625,75
1757,77
1714,74
1838,82
1601,72
1828,79
1709,74
1621,70
1790,77
1698,75
1901,82
1854,79
1673,73
1677,75
1853,81
1491,70
1808,79
1744,77
1657,76
1680,73
1572,70
1523,71
1760,77
1527,69
1427,65
1717,73
1778,80
1471,66
1552,71
1832,80
1453,68
1686,74
1612,73
1676,74
1631,74
1824,79
1737,76
1888,80
1815,79
1937,81
1729,77
1783,79
1613,74
1614,75
1682,75
1888,82
1713,78
1774,76
1680,74
1618,71
1665,75
1650,70
1560,69
1884,82
1559,70
1868,80
1592,71
1618,74
1736,76
1854,80
1674,76
1634,73
1848,81
1875,80
1723,75
1555,70
1897,80
1803,78
1671,73
1610,70
1808,79
1521,71
1629,69
1688,76
1744,77
1694,75
1744,78
1777,78
1684,72
1735,78
1811,81
1449,68
1634,74
1542,70
1728,75
1615,75
1571,73
1500,69
1610,73
1839,80
1731,78
1685,76
1805,80
1525,69
1577,74
1555,71
1637,76
1646,74
1609,71
1562,71
1710,76
1841,80
1797,78
1801,79
1867,81
1564,71
1885,81
1624,73
1654,73
1835,81
1644,72
1704,77
1888,81
1586,71
1862,81
1360,64
1669,74
1656,74
1672,75
1668,73
1729,76
1539,69
1682,72
1743,73
1664,74
1802,80
1564,68
1890,82
1660,74
1807,79
1603,72
1808,80
1787,80
1605,70
1763,79
1642,72
1556,69
1758,77
1664,75
1610,73
1787,78
1585,74
1970,84
1605,72
1571,70
1774,77
1533,69
1692,76
1880,82
1858,80
1541,69
1719,76
1685,73
1734,76
1851,81
1877,82
1728,78
1653,72
1810,80
1808,78
1827,81
1848,81
1711,73
1782,74
1622,73
1579,72
1785,77
1858,79
1597,71
1771,77
1784,80
1628,72
1708,74
1835,78
1758,76
1837,81
1766,77
1823,81
1688,77
1907,83
1743,75
1840,80
1758,78
1552,70
1794,80
1722,78
1854,79
1655,74
1883,79
1672,73
1757,77
1850,81
1892,82
1681,76
1688,75
1813,79
1778,77
1840,79
1788,78
1863,77
1751,75
1868,80
1587,70
1773,78
1828,80
1849,80
1639,74
1755,78
1596,71
1619,74
1509,71
1871,81
1669,74
1667,75
1834,79
1746,78
1692,76
1822,80
1628,74
1537,72
1654,72
1743,77
1465,69
1909,82
1689,76
1688,75
1694,75
1866,80
1764,77
1599,72
1580,72
1437,65
1948,84
1649,76
1744,77
1813,78
1782,78
1604,72
1588,70
1791,78
1788,78
1644,74
1639,74
1651,74
1739,76
1544,71
1862,81
1601,71
1855,79
1972,83
1861,80
1777,79
1667,72
1724,75
1758,74
1760,78
1737,76
1874,81
1752,77
1706,76
1707,73
1595,71
1760,76
1714,76
1734,77
1721,78
1657,74
1707,75
1578,72
1742,77
1672,76
1592,72
1498,69
1817,78
1744,77
1773,78
1631,72
1675,74
1665,74
1353,66
1775,80
1833,80
1447,65
1692,76
1887,81
1494,66
1719,79
1659,75
1875,82
1744,77
1713,74
1742,79
1747,74
1608,70
1674,76
1706,76
1630,74
1701,73
1717,76
1569,71
1811,80
1708,74
1643,76
1805,79
1439,65
1694,75
1641,72
1582,69
1837,80
1575,71
1762,78
1630,72
1841,77
1562,70
1473,68
1709,74
1787,80
1847,80
1745,76
1451,65
1579,70
1567,71
2003,83
1647,72
1730,78
1831,81
1855,81
1461,69
1661,76
1601,71
1443,65
1849,82
1585,72
1685,74
1570,71
1983,85
1752,77
1807,79
1559,69
1668,75
1551,71
1698,73
1612,71
1691,74
1877,82
1570,72
1535,68
1642,74
1744,76
1749,77
1758,78
1881,81
1888,82
1603,70
1660,75
1628,74
1476,66
1785,77
1819,77
1742,77
1648,76
1721,75
1835,78
1970,85
1860,82
1977,85
1693,72
1673,75
1840,81
1820,80
1646,72
1520,71
1565,73
1790,78
1725,77
1769,76
1843,80
1799,76
1827,79
1763,77
1825,81
1655,77
1662,74
1637,75
1690,76
1372,66
1716,75
1703,77
1753,79
1568,73
1806,79
1656,75
1490,68
1652,74
1677,74
1683,75
1831,79
1644,71
1755,78
1700,76
1818,80
1484,70
1625,75
1755,80
1654,73
1716,75
1833,82
1764,79
1829,81
1798,79
1643,71
1580,73
1771,78
1794,77
1683,72
1754,76
1893,81
1472,67
1556,72
1572,72
1665,73
1877,81
1753,77
1774,76
1511,67
1634,71
1739,78
1743,76
1663,73
1817,81
1733,73
1381,66
1853,81
1768,78
1931,83
1752,77
1897,82
1867,82
1631,72
1526,71
1782,78
1660,74
1776,78
1448,66
1753,78
1792,77
1588,71
1753,77
1528,72
1488,68
1788,78
1643,71
1836,79
1814,77
1820,80
1764,78
1688,76
1642,74
1789,78
1898,82
1599,74
1698,77
1879,80
1598,71
1582,70
1607,73
1613,72
1663,72
1842,81
1534,72
1680,74
1807,78
1560,69
1384,61
1628,69
1713,75
1601,70
1837,81
1813,81
1732,77
1741,78
1821,80
1783,79
1762,76
1685,75
1754,75
1676,75
1701,75
1585,73
1615,73
1534,71
1715,77
1849,80
1793,79
1740,76
1949,84
1771,79
1527,67
1738,77
1878,81
1504,67
1793,79
1868,82
1708,74
1607,72
1758,75
1841,78
1499,70
1885,81
1728,77
1803,76
1755,77
1647,73
1672,75
1690,74
1630,72
1674,75
1599,71
1866,81
1669,73
1650,74
1742,78
1678,74
1843,80
1715,74
1990,85
1751,75
1614,74
1702,78
1908,83
1651,75
1706,76
1945,82
1839,80
1700,74
1487,69
1813,76
1803,80
1402,66
1838,79
1536,70
1789,75
1855,82
1632,69
1560,71
1638,71
1927,82
1473,70
1755,77
1710,76
1411,64
1647,75
1848,79
1564,68
1596,72
1673,76
1744,75
1815,80
1697,76
1766,78
1708,74
1900,81
1631,72
1732,76
1829,80
1762,78
1527,70
1541,68
1547,70
1638,73
1843,79
1925,84
1755,77
1819,81
1501,66
1734,78
1751,77
1560,73
1837,81
1466,69
1714,77
1622,72
1696,76
1781,79
1644,74
1724,75
1852,80
1738,77
1668,74
1841,80
1768,76
1641,74
1850,82
1912,80
1779,78
1772,78
1686,71
1725,77
1694,76
1715,75
1753,77
1741,74
1610,71
1611,72
1704,75
1642,73
1862,82
1693,77
1588,70
1693,75
1705,76
1695,76
1913,82
1481,69
1875,82
1622,73
1463,70
1668,74
1783,77
1730,75
1741,79
1714,77
1664,76
1732,75
1945,84
1815,80
1594,72
1801,78
1656,74
1807,78
1756,77
1666,73
1586,71
1684,73
1530,71
1607,71
1851,81
1606,73
1714,75
1592,73
1543,72
1763,77
1548,71
1582,71
1612,72
1653,71
1853,79
1917,82
1725,75
1641,76
1890,83
1558,71
1510,66
1779,80
1691,77
1899,80
1630,73
1641,74
1693,72
1707,77
1554,71
1544,70
1812,78
1512,71
1821,80
1873,82
1560,68
1589,71
1513,67
1767,79
1553,69
1632,73
1810,81
1687,75
1700,74
1746,79
1627,72
1765,77
1686,75
1806,77
1490,69
1642,72
1593,73
1916,81
1821,77
1766,79
1740,76
1679,73
1827,82
1624,75
1832,79
2018,86
1406,66
1612,70
1771,76
1689,76
1829,80
1558,72
1745,76
1775,77
1606,72
1762,79
1669,75
1587,70
1754,75
1745,77
1730,77
1701,76
1609,72
1842,80
1556,69
1660,75
1642,74
1937,83
1663,71
1737,76
1472,67
1854,78
1716,76
1619,72
1523,69
1655,74
1848,80
1694,76
1871,80
1544,69
1748,78
1703,72
1509,70
1521,70
1773,77
1699,76
1851,79
1665,75
1802,79
1891,80
1904,83
2016,86
1799,79
1714,75
1838,80
1719,78
1760,77
1692,75
1745,79
1669,73
1787,77
1654,72
1423,66
1699,76
1692,73
1533,72
1917,82
1773,78
1677,76
1679,74
1840,80
1490,72
1534,68
1854,79
1847,81
1756,76
1573,73
1792,78
1889,82
1818,79
1792,79
1636,74
1681,72
1398,66
1797,80
1747,77
1875,81
1529,71
1656,73
1820,81
1832,81
1730,77
1895,82
1744,79
1743,76
1744,78
1774,77
1676,74
1724,74
1823,77
1653,72
1603,71
1767,77
1799,77
1601,70
1829,78
1770,79
1531,68
1570,70
1760,78
1659,75
1604,74
1646,75
1776,77
1621,70
1392,65
1897,82
1683,75
1715,75
1704,76
1747,76
1615,72
1618,70
1705,76
1567,69
1513,68
1681,76
1631,72
1739,75
1630,74
1837,80
1799,78
1628,72
1670,75
1745,74
1751,78
1688,74
1657,73
1762,77
1722,76
1621,72
1883,80
1505,71
1588,71
1608,71
1785,78
1564,69
1557,71
1592,73
1587,73
1642,74
1697,73
1447,66
1614,71
1912,82
1738,76
1728,78
1812,80
1751,77
1812,79
1853,79
1768,79
1568,72
1794,79
1753,75
1608,73
1755,77
1900,81
1677,75
1282,60
1703,78
1739,75
1713,75
1900,81
1762,77
1353,62
1677,77
1704,77
1733,75
1809,79
1650,75
1693,77
1723,77
1749,73
1743,75
1815,81
1790,79
1827,79
1726,73
1694,76
1689,77
1626,69
1599,73
1589,72
1612,73
1722,74
1774,77
1790,78
1831,80
1566,71
1866,82
1535,67
1683,74
1687,75
1498,70
1668,77
1702,78
1806,79
1421,65
1737,79
1736,75
1595,70
1634,72
1804,77
1540,72
1748,77
1631,74
1760,76
1743,79
1806,80
1625,72
1623,71
1667,77
1630,71
1549,69
1732,77
1958,84
1682,73
1645,77
1810,78
1668,76
1952,84
1699,75
1609,73
1795,79
1880,81
1779,77
1685,76
1616,72
1671,74
1716,76
1777,79
1844,81
1655,75
1590,70
1687,74
1572,73
1754,75
1687,75
1738,76
1623,75
1700,74
1816,80
1772,80
1683,75
1873,82
1741,77
1786,76
1860,81
1600,71
1655,74
1511,71
1861,81
1832,79
1616,72
1786,75
1474,66
1867,82
1706,74
1784,79
1738,76
1538,69
1699,75
1804,79
1619,70
1868,82
1526,72
1615,73
1783,79
1816,81
1737,78
1792,80
1825,79
1633,74
1729,77
1804,76
1559,72
1806,79
1725,75
1865,79
1750,76
1783,78
1473,67
1791,77
1804,79
1565,71
1678,76
1676,73
1717,75
1550,72
1808,79
1952,82
1784,79
1822,78
1856,82
1700,75
1696,76
1819,78
1876,81
1544,65
1859,81
1506,68
1649,71
1653,72
1665,74
1675,75
1822,79
1810,77
1701,75
1832,79
1597,72
1584,74
1776,79
1710,75
1698,75
1604,74
1714,74
1545,72
1686,77
1559,71
1733,73
1791,80
1687,75
1622,73
1699,76
1624,72
1878,80
1784,79
1779,79
1822,78
1864,81
1860,80
1934,84
1559,68
1765,77
1448,67
1652,72
1639,74
1590,69
1332,62
1745,78
1900,82
1729,75
1768,78
1699,75
1780,77
1899,80
1824,79
1858,81
1740,78
1591,70
1734,75
1657,74
1835,79
1776,79
1640,74
1668,75
1668,73
1926,83
1723,76
1532,70
1827,79
1959,84
1709,76
1555,68
1537,69
1644,73
1740,76
1814,79
1774,77
1670,75
1599,74
1864,81
1861,80
1737,74
1628,74
1823,79
1572,69
1558,69
1538,68
1572,68
1789,80
1784,78
1612,73
1645,72
1555,68
1700,73
1756,77
1895,83
1692,74
1665,73
1812,81
1780,78
1591,74
1858,79
1649,74
1698,76
1700,74
2016,86
1675,76
1745,76
1655,72
1756,76
1628,72
1816,78
1883,80
1696,75
1803,78
1724,76
1654,73
1756,77
1683,76
1838,81
1650,73
1747,76
1681,73
1816,80
1680,75
1949,83
1600,72
1717,77
1891,82
1659,76
1789,78
1645,74
1677,74
1657,70
1540,72
1768,77
1809,80
1619,73
1887,83
1701,73
1530,71
1589,71
1711,77
1665,71
1757,76
1551,71
1596,72
1758,77
1849,79
1676,75
1697,74
1664,72
1820,80
1910,82
1759,77
1580,70
1493,66
1658,73
1757,76
1642,73
1498,69
1866,81
1560,70
1690,76
1697,75
1824,80
1663,75
1679,74
1676,74
1571,71
1725,79
1710,76
1625,73
1776,76
1830,78
1926,84
1954,83
1911,81
1745,76
1574,70
1763,77
1604,69
1757,77
1829,81
1510,72
1643,73
1569,72
1645,76
1738,78
1751,75
1503,70
1736,76
1680,74
1793,78
1691,76
1500,69
1814,80
1566,68
1911,83
1808,78
1692,74
1703,73
1473,68
1683,73
1979,84
1729,74
1585,71
1691,74
1627,71
1721,75
1756,76
1806,74
1640,73
1694,72
1805,79
1701,74
1595,70
1814,81
1717,77
1793,79
1696,74
1698,74
1848,78
1801,78
1797,79
1689,73
1872,81
1868,81
1552,70
1876,82
1535,69
1735,76
1867,79
1698,77
1873,81
1730,75
1738,76
1591,72
1707,72
1824,81
1898,80
1622,72
1697,74
1613,69
1616,73
1671,75
1843,78
1552,71
1776,79
1746,77
1706,73
1904,82
1787,79
1676,74
1564,68
1515,68
1569,69
1721,76
1649,75
1736,77
1551,71
1857,80
1579,73
1522,69
1806,79
1551,72
1739,74
1730,77
1733,71
1699,74
1648,73
1908,80
1855,81
1636,75
1914,82
1642,71
1709,74
1673,72
1432,68
1458,70
1828,75
1476,66
1811,77
1422,64
1547,69
1790,80
1735,73
1630,72
1832,81
1760,77
1731,76
1553,71
1659,70
1824,81
1688,74
1531,68
1600,69
1507,67
1797,79
1588,71
1769,77
1598,73
1835,80
1665,74
1791,79
1626,71
1731,76
1708,77
1739,75
1741,77
1731,76
1882,82
1829,79
1630,74
1675,75
1689,75
1767,76
1677,72
1524,69
1568,71
1729,78
1699,76
1678,74
1643,74
1893,81
1841,79
1704,77
1859,79
1729,76
1707,75
1799,78
1741,76
1789,80
1658,73
1680,75
1583,68
1585,69
1801,79
1825,80
1700,75
1684,74
1755,77
1493,70
1796,77
1694,75
1754,78
1607,73
1607,72
1713,75
1775,80
1647,71
1563,71
1734,75
1694,75
1913,82
1758,75
1715,73
1680,74
1637,72
1741,76
1559,68
1838,79
1619,71
1764,78
1851,81
1678,74
1887,81
1800,78
1567,70
1865,79
1760,78
1894,81
1682,74
1630,73
1650,74
1667,75
1499,68
1821,79
1730,77
1626,74
1727,76
1684,76
1530,68
1668,70
1679,77
1720,74
1747,77
1682,73
1821,79
1643,75
1670,73
1600,73
1730,77
1599,74
1920,80
1583,71
1698,72
1858,78
1433,64
1777,78
1589,70
1790,78
1682,73
1819,80
1712,76
1671,74
1822,80
1903,82
1910,82
1718,76
1553,71
1639,73
1765,78
1799,77
1815,80
1697,77
1612,74
1706,75
1666,72
1650,76
1480,65
1343,65
1721,77
1826,79
1687,75
1849,81
1629,72
1848,80
1478,66
1656,74
1547,68
1697,75
1849,80
1761,77
1955,84
1933,84
1544,67
1939,83
1786,78
1745,78
1754,76
1890,83
1782,77
1749,76
1676,73
1744,75
1960,82
1732,78
1918,81
1549,69
1634,72
1725,76
1626,73
1752,75
1559,69
1673,75
1834,80
1566,72
1765,76
1561,72
1434,66
1614,72
1599,70
1520,70
1741,76
1866,81
1675,76
1678,75
1724,76
1722,75
1842,80
1949,84
1541,71
1770,80
1608,72
1772,78
1679,74
1764,79
1825,79
1879,82
1883,81
1699,73
1637,73
1755,78
1741,75
1865,81
1806,79
1773,76
1832,79
1607,72
1628,74
1359,64
1729,77
1893,83
1935,84
1714,74
1748,73
1835,79
1832,79
1842,80
1680,77
1662,75
1431,67
1763,75
1793,80
1554,71
1813,80
1689,75
1909,81
1856,82
1782,78
1711,74
1607,73
1762,77
1786,79
1695,75
1685,74
1701,74
1788,78
1695,75
1658,71
1698,74
1846,79
1766,80
1710,78
1776,77
1732,77
1646,75
1584,68
1618,72
1719,76
1736,75
1633,72
1875,80
1518,67
1644,73
1666,74
1721,74
1595,72
1703,77
1737,76
1657,76
1548,71
1515,68
1710,73
1808,80
1929,82
1711,76
1655,72
1866,81
1815,80
1801,79
1614,73
1799,78
1780,78
1590,72
1882,81
1771,78
1909,82
1532,68
1719,75
1711,74
1679,75
1800,78
1636,72
1576,70
1795,80
1967,84
1760,77
1920,80
1769,79
1696,73
1499,66
1453,69
1763,77
1713,75
1762,78
1574,71
1863,82
1885,82
1683,77
1706,74
1862,81
1508,70
1884,81
1578,70
1860,81
1736,78
1669,74
1656,75
1686,76
1734,76
1916,83
1768,76
1551,72
1707,76
1685,74
2018,86
1776,79
1723,76
1561,71
1552,67
1711,76
1892,83
1746,77
1743,74
1706,75
1737,75
1643,73
1665,74
1867,82
1799,78
1808,80
1794,80
1568,72
1592,70
1651,73
1289,60
1689,75
1647,74
1645,76
1734,77
1793,77
1458,68
1772,81
1740,74
1566,71
1770,78
1786,79
1604,69
1825,80
1602,72
1754,78
1936,83
1611,74
1697,72
1597,73
1721,76
1743,76
1925,82
1669,73
1729,73
1817,79
1957,84
1564,70
2020,86
1864,82
1645,75
1792,77
1687,75
1903,83
1651,74
1597,73
1842,82
1809,78
1952,83
1843,82
1817,78
1562,70
1587,73
1708,73
1631,70
1849,81
1775,80
1375,63
1746,76
1813,79
1499,69
1728,76
1749,77
1638,72
1756,78
1745,76
1817,80
1775,78
1803,80
1794,80
1817,75
1642,73
1545,66
1736,76
1469,68
1492,69
1589,72
1824,79
1623,74
1691,76
1720,76
1827,79
1745,77
1713,76
1720,78
1819,79
1673,76
1499,67
1820,80
1869,81
1660,74
1606,75
1491,70
1887,82
1680,73
1710,77
1679,75
1802,78
1633,74
1780,79
1746,75
1699,73
1759,76
1875,82
1706,78
1794,79
1718,76
1780,78
1862,80
1671,75
1839,80
1738,78
1623,75
1646,73
1699,76
1740,76
1691,74
1795,78
1591,72
1819,80
1663,73
1776,77
1653,75
1742,75
1598,73
1780,78
1790,79
1689,74
1783,79
1536,71
1708,73
1796,80
1897,80
1580,71
1875,80
1705,77
1743,76
1608,74
1619,73
1829,79
1552,70
1840,81
1615,71
1838,81
1669,73
1743,77
1840,78
1764,77
1567,72
1611,73
1956,83
1600,74
1659,75
1636,73
1893,82
1818,78
1807,80
1650,70
1773,78
1732,78
1517,68
1631,73
1756,78
1542,71
1697,73
1328,62
1817,80
1565,72
1832,80
1870,82
1846,80
1752,76
1724,74
1666,71
1748,76
1867,82
1998,85
1645,73
1714,75
1479,68
1809,77
1750,76
1772,79
1580,72
1574,73
1691,76
1622,72
1706,77
1668,74
1759,75
1740,78
1820,79
1649,74
1854,82
1524,69
1667,73
1682,76
1648,75
1788,77
1646,74
1556,73
1607,71
1810,79
1891,81
1688,76
1788,76
1969,83
1737,77
1727,76
1691,75
1576,71
1633,72
1961,83
1634,73
1596,69
1600,72
1719,77
1888,82
1666,73
1862,79
1785,79
1763,77
1765,77
1429,66
1975,85
1687,74
1813,78
1531,70
1790,77
1488,69
1756,77
1570,71
1671,74
1763,76
1774,78
1725,77
1813,80
1827,79
1712,78
1820,77
1751,77
1798,78
1764,77
1780,80
1610,69
1670,73
1707,76
1709,75
1778,79
1818,80
1961,83
1880,80
1487,69
1793,77
1462,67
1789,77
1749,77
1837,78
1829,78
1786,78
1676,76
1904,82
1625,72
1719,76
1490,69
1828,81
1788,80
1641,74
1782,78
1759,77
1811,78
1485,68
1803,80
1868,81
1476,65
1572,71
1825,78
1777,77
1886,81
1611,72
1706,73
1839,79
1597,71
1792,77
1776,78
1790,77
2021,85
1635,74
1414,62
1622,72
2001,85
1722,76
1785,78
1795,79
1747,78
1597,69
1598,71
1756,78
1665,74
1758,80
1633,74
1978,85
1835,79
1670,72
1767,77
1608,73
1734,75
1589,74
1741,76
1770,78
1818,77
1869,82
1826,80
1545,70
1723,77
1757,77
1754,78
1632,73
1605,68
1707,76
1742,77
1802,78
1893,82
1745,77
1753,78
1725,76
1834,81
1546,70
1818,81
1697,75
1800,80
1633,74
1842,81
1664,74
1648,71
1667,72
1820,79
1826,80
1644,73
1719,75
1821,80
1609,70
1611,74
1732,76
1729,75
1713,74
1663,72
1636,71
1857,81
1717,78
1642,73
1836,81
1712,75
1667,74
1689,74
1509,72
1669,74
1813,79
1717,74
1780,80
1818,78
1633,73
1773,77
1593,73
1440,65
1767,78
1647,74
1777,77
1844,81
1841,78
1635,71
1819,80
1751,78
1366,67
1785,77
2016,86
1743,76
1907,82
1805,80
1896,81
1708,75
1743,78
1716,77
1804,79
1714,77
1569,71
1446,63
1733,75
1697,75
1740,74
1603,73
1581,71
1776,78
1643,71
1575,70
1753,77
1912,82
1815,80
1620,75
1733,76
1618,72
1794,79
1575,71
1626,71
1672,74
1913,81
1906,82
1809,77
1702,73
1662,75
1779,78
1749,76
1522,68
1746,78
1593,69
1740,78
1851,79
1861,80
1940,82
1756,77
1730,77
1572,73
1860,82
1496,67
1536,69
1716,76
1901,81
1706,76
1852,82
1967,84
1801,79
1713,75
1642,72
1640,74
1591,70
1722,77
1356,63
1645,72
1617,73
1994,84
1741,78
1766,77
1493,68
1634,73
1627,74
1831,79
1833,81
1679,75
1652,72
1667,76
1786,77
1611,69
1519,66
1690,75
1793,78
1865,81
1717,75
1865,80
1569,72
1607,73
1655,72
1644,74
1833,80
1615,73
1760,77
1525,71
1744,77
1674,75
1704,76
1604,71
1780,78
1846,81
1547,73
1637,72
1648,76
1716,77
1686,72
1918,83
1776,77
1688,74
1655,73
1752,76
1786,77
1809,79
1793,79
1670,73
1836,80
1780,77
1855,80
1717,77
1811,81
1939,84
1884,83
1582,73
1709,76
1394,66
1510,67
1931,84
1600,73
1690,74
1714,74
1738,74
1789,79
1814,79
1734,74
1858,79
1711,75
1600,72
1855,81
1513,69
1696,76
1603,73
1832,78
1771,78
1649,70
1552,70
1789,78
1870,81
1612,72
1663,74
1716,75
1757,76
1567,71
1795,77
1717,75
1788,79
1757,77
1834,81
1840,79
1805,79
1780,80
1674,71
1672,74
1768,77
1851,80
1807,80
1560,69
1755,77
1558,69
1521,68
1794,79
1784,80
1732,76
1682,73
1754,74
1699,75
1737,75
1777,78
1799,78
1701,75
1564,71
1515,69
1686,74
1687,74
1738,76
1682,77
1928,83
1559,69
1592,73
1915,83
1674,75
1805,79
1720,75
1434,66
1727,78
1699,76
1694,74
1779,75
1769,78
1668,76
1464,67
1845,79
1776,76
1616,73
1739,77
1814,79
1790,76
1928,84
1703,77
1705,77
1799,78
1604,73
1692,75
1740,77
1711,73
1829,80
1798,75
1851,82
1757,79
1780,78
1665,75
1704,71
1695,76
1763,76
1757,78
1492,70
1609,72
1726,76
1819,79
1555,72
1748,76
1560,71
1625,73
1709,77
1712,77
1802,79
1768,78
1729,78
1832,80
1878,83
1746,74
1638,72
1649,70
1809,79
1572,71
1723,75
1787,79
1863,81
1447,69
1672,77
1776,78
1778,76
1693,74
1724,75
1648,75
1672,73
1685,74
1685,75
1803,78
1548,71
1819,80
1730,77
1756,79
1867,83
1691,75
1594,73
1894,81
1576,74
1866,81
1939,84
1480,70
1749,77
1663,77
1728,76
1841,80
1693,78
1717,74
1758,73
1697,76
1434,64
1643,74
1596,70
1751,78
1633,73
1528,70
1607,72
1747,79
1840,80
1597,74
1748,76
1779,76
1785,78
1660,75
1967,84
1804,79
1700,74
1569,71
1704,77
1577,73
1561,70
1535,70
1689,76
1650,74
1497,69
1724,77
1903,81
1582,69
1518,71
1636,70
1675,73
1564,67
1778,78
1645,73
1500,70
1725,77
1709,74
1886,80
1738,75
1553,70
1740,75
2005,83
1614,73
1608,74
1927,81
1862,80
1801,79
1481,66
1654,73
1573,72
1827,77
1704,74
1658,74
1580,67
1615,73
1609,72
1775,79
1794,80
1573,71
1755,78
1428,66
1933,83
1725,78
1561,71
1698,76
1777,78
1592,73
1676,75
1682,75
1886,82
1633,76
1748,78
1693,76
1655,75
1527,70
1650,75
1746,77
1617,71
1715,76
1828,79
1516,70
1637,74
1776,79
1774,80
1498,70
1776,77
1602,72
1861,81
1948,82
1827,80
1831,81
1818,80
1664,74
1484,67
1737,74
1763,77
1522,70
1649,76
1810,79
1723,76
1714,75
1868,79
1827,78
1777,79
1694,73
1890,81
1865,81
1885,81
1653,76
1501,68
1608,72
1725,77
1576,72
1606,69
1862,80
1403,67
1517,68
1971,85
1717,76
1668,75
1738,76
1842,80
1785,79
1748,78
1816,78
1783,79
1783,77
1584,73
1750,79
1737,76
1823,78
1743,75
1652,73
1642,76
1727,75
1741,75
1839,79
1749,77
1920,82
1788,78
1839,81
1597,73
1655,75
1682,74
1669,74
1716,77
1662,76
1670,74
1846,81
1666,75
1549,71
1412,64
1865,79
1496,67
1644,73
1561,72
1643,72
1621,74
1568,72
1833,79
1694,74
1775,75
1670,74
1773,79
1864,82
1882,82
1780,77
1644,73
1703,75
1727,75
1691,74
1693,76
1714,72
1704,77
1701,76
1733,76
1831,78
1671,75
1871,80
1784,79
1739,76
1651,72
1823,79
1762,78
1808,78
1680,74
1552,71
1664,71
1644,73
1850,80
1669,74
1665,74
1642,74
1698,76
1707,75
1863,82
1745,77
1604,72
1594,70
1500,69
1623,73
1484,67
1648,74
1723,76
1542,68
1519,70
1745,79
1643,72
1768,78
1832,79
1657,74
1712,75
1745,75
1724,75
1902,82
1788,76
1643,75
1707,76
1738,79
1815,78
1817,79
1745,77
1592,70
1732,74
1742,76
1795,80
1739,78
1782,76
1692,76
1849,80
1726,79
1716,75
1784,78
1730,75
1591,70
1799,76
1797,78
1787,79
1632,74
1554,70
1440,67
1688,75
1769,75
1618,72
1818,80
1856,79
1754,74
1523,68
1712,73
1803,76
1525,68
1628,74
1796,78
1623,71
1705,76
1646,71
1591,73
1675,73
1844,81
1900,83
1714,76
1718,74
1472,69
1901,82
1787,79
1554,69
1632,74
1602,73
1940,81
1625,73
1575,73
1638,74
1676,75
1840,80
1768,74
1967,85
1758,78
1632,74
1548,68
1431,66
1539,70
1924,82
1814,80
1751,78
1513,65
1669,74
1515,69
1609,70
1664,73
1746,78
1736,77
1721,76
1746,76
1887,78
1715,75
1661,71
1562,72
1755,77
1910,82
1650,75
1737,76
1714,78
1768,75
1477,68
1608,72
1803,77
1775,78
1692,75
1898,83
1866,80
1648,74
1669,75
1695,77
1543,71
1644,75
1716,76
1684,76
1707,76
1881,83
1754,77
1694,75
1583,71
1755,75
1692,74
1622,71
1732,77
1541,70
1694,75
1665,74
1804,80
1569,68
1510,68
1775,78
1699,79
1832,78
1691,76
1689,73
1805,80
1708,76
1669,73
1843,80
1821,80
1769,77
1710,76
1662,75
1816,79
1604,73
1735,75
1659,73
1686,73
1600,73
1461,66
1819,80
1858,82
1539,72
1816,79
1683,73
1657,73
1898,82
1656,73
1908,79
1597,73
1508,71
1904,80
1843,81
1547,72
1821,80
1725,77
1803,79
1595,71
1568,71
1671,75
1683,75
1621,73
1450,64
1840,80
1702,74
1418,64
1756,78
1737,75
1798,79
1818,79
1500,69
1895,81
1825,78
1755,77
1753,79
1701,76
1739,77
1716,76
1781,79
1884,79
1611,72
1482,65
1881,80
1869,84
1689,75
1779,79
1748,75
1888,80
1906,83
1812,80
1658,74
1666,76
1469,68
1777,79
1825,81
1812,81
1718,77
1704,76
1859,82
1522,67
1849,82
1584,73
1746,76
1617,73
1789,82
1579,72
1735,76
1774,78
1722,78
1787,79
1726,76
1702,72
1475,66
1761,75
1866,80
1743,78
1765,78
1698,74
1913,81
1519,69
1875,80
1340,67
1792,77
1714,75
1525,68
1825,78
1856,79
1849,81
1621,72
1758,75
1740,77
1945,83
1680,75
1684,75
1713,76
1767,76
1660,74
1757,77
1781,78
1754,76
1756,77
1736,78
1711,75
1768,76
1749,76
1462,67
1728,78
1705,75
1563,69
1709,77
1800,80
1687,74
1676,74
1659,70
1473,66
1649,74
1651,75
1808,81
1701,74
1834,79
1576,70
1678,76
1850,80
1662,73
1687,74
1893,82
1694,76
1857,80
1850,82
1596,73
1573,71
1720,76
1885,82
1673,73
1649,72
1744,75
1730,75
1653,72
1897,80
1812,79
1526,72
1777,78
1802,79
1704,76
1422,64
1847,79
1938,83
1894,83
1671,74
1666,74
1497,67
1619,72
1622,71
1868,80
1784,79
1788,79
1752,78
1747,77
1705,76
1680,74
1743,75
1774,78
1678,76
1718,77
1504,71
1616,74
1737,77
1781,77
1704,78
1676,75
1606,72
1516,70
1731,76
1811,79
1633,73
1776,77
1683,76
1895,81
1695,75
1623,72
1731,77
1851,81
1721,74
1825,81
1886,83
1735,77
1651,72
1743,76
1802,77
1438,65
1860,82
1412,66
1627,74
1655,75
1695,74
1508,67
1762,76
1778,79
1760,77
1724,74
1894,81
1712,74
1881,83
1909,82
1700,76
1964,84
1720,76
1662,74
1734,75
1734,77
1789,79
1860,80
1571,69
1854,80
1655,74
1677,77
1500,68
1693,72
1933,82
1724,77
1667,75
1676,75
1782,77
1816,81
1542,69
1865,81
1675,71
1748,75
1704,73
1572,69
1758,77
1649,75
1701,76
1792,77
1854,82
1706,72
1783,79
1901,82
1781,77
1786,78
1781,77
1769,74
1645,72
1397,63
1704,76
1689,76
1628,76
1538,72
1494,65
1533,68
1754,77
1705,75
1660,73
1841,80
1519,66
1820,77
1877,82
1567,70
1967,85
1503,71
1723,74
1800,79
1802,79
1660,73
1630,69
1727,78
1817,81
1862,79
1644,71
1839,79
1562,70
1848,79
1730,75
1762,75
1734,77
1750,75
1562,73
1889,83
1786,80
1731,77
1868,81
1855,80
1955,82
1685,74
1568,69
1701,76
1628,69
1603,72
1695,75
1679,74
1705,75
1725,77
1559,71
1915,83
1811,80
1660,73
1833,80
1716,75
1597,71
1950,83
1557,71
1697,74
1646,73
1889,81
1712,76
1641,74
1608,68
1562,74
1700,76
1823,79
1900,83
1785,77
1816,78
1713,74
1584,72
1711,74
1987,85
1986,84
1864,81
1697,78
1720,77
1535,70
1808,79
1860,81
1691,72
1752,78
1715,77
1865,81
1864,81
1799,78
1588,72
1701,76
1811,77
1745,76
1764,78
1545,72
1817,80
1663,75
1870,81
1558,71
1628,75
1542,69
1825,78
1564,68
1756,76
1675,74
1581,69
1540,69
1785,80
1713,76
1573,73
1598,71
1716,75
1805,79
1632,74
1611,71
1596,69
1907,82
1658,76
1642,72
1600,74
1580,72
1794,79
1557,69
1675,76
1581,70
1873,81
1879,80
1701,75
1755,74
1646,72
1526,67
1861,80
1765,78
1629,71
1690,75
1864,82
1446,65
1799,79
1697,77
1377,65
1698,75
1839,81
1713,76
1733,75
1679,76
1849,81
1698,73
1693,74
1704,75
1593,72
1759,78
1729,75
1860,77
1801,78
1642,69
1907,81
1751,79
1888,81
1795,77
1668,73
1533,70
1813,79
1624,73
1613,74
1547,71
1799,79
1603,73
1725,76
1597,72
1652,77
1755,75
1606,72
1705,73
1601,72
1679,75
1831,79
1596,72
1781,78
1653,70
1734,74
1624,72
1701,75
1561,73
1687,74
1626,70
1688,71
1873,81
1865,81
1664,74
1687,74
1812,80
1505,68
2016,86
1667,73
1690,76
1914,82
1598,72
1688,77
1911,82
1878,80
1715,78
1734,75
1788,78
1757,77
1945,81
1489,68
1532,72
1753,75
1632,73
1746,78
1895,80
1694,77
1783,80
1764,78
1805,79
1633,73
1601,73
1628,73
1934,80
1852,82
1708,76
1617,74
1880,82
1756,77
1849,79
1680,71
1629,72
1724,75
1626,71
1645,75
1776,78
1659,72
1848,80
1821,80
1564,71
1855,83
1615,73
1787,79
1647,72
1743,78
1857,81
1558,71
1642,73
1608,73
1727,77
1833,81
1540,70
1801,79
1586,73
1831,80
1588,72
1610,69
1998,85
1539,68
1663,76
1766,78
1831,80
1685,75
1740,73
1523,68
1778,77
1684,72
1699,76
1659,75
1906,82
1622,73
1738,78
1736,77
1695,74
1726,76
1734,78
1587,73
1578,70
1754,77
1778,79
1677,73
1569,72
1747,75
1502,72
1901,81
1932,84
1675,75
1798,80
1721,77
1701,75
1745,75
1749,76
1757,78
1346,64
1764,76
1520,71
1873,82
1793,77
1698,77
1763,79
1591,72
1724,75
1589,68
1729,75
1832,79
1747,78
1601,74
1654,75
1696,73
1652,74
1451,66
1740,76
1744,77
1512,68
1785,77
1853,80
1839,79
1727,78
1785,79
1662,75
1647,75
1842,81
1695,75
1636,75
1643,75
1560,69
1575,72
1746,77
1755,77
1648,74
1711,79
1577,71
1499,70
1893,80
1446,67
1871,81
1791,78
1871,80
1861,80
1788,77
1574,71
1536,70
1954,85
1761,78
1680,76
1805,81
1623,75
1625,72
1675,76
1672,74
1606,72
1712,74
1840,79
1549,69
1629,74
1555,69
1763,79
1576,72
1808,77
1889,82
1969,85
1672,74
1651,74
1523,68
1638,75
1733,75
1670,74
1697,75
1660,74
1807,79
1853,80
1590,69
1627,71
1684,75
1715,78
1636,74
1907,82
1609,71
1728,78
1644,74
1799,77
1842,80
1484,67
1774,78
1666,74
1716,76
1709,76
1366,61
1622,73
1570,71
1593,72
1784,80
1772,76
1440,68
1573,71
1602,72
1764,79
1771,77
1661,73
1911,82
1783,76
1740,76
1614,74
1852,80
1629,72
1873,79
1521,68
1721,75
1825,78
1645,74
1683,74
1848,79
1565,71
1891,81
1691,75
1544,68
1579,71
1851,79
1792,78
1629,74
1545,71
1742,76
1900,81
1745,76
1713,77
1666,73
1785,79
1801,80
1652,73
1739,73
1910,82
1801,77
1918,83
1606,70
1843,80
1793,78
1890,83
1707,74
1821,79
1936,81
1566,71
1610,71
1709,75
1594,72
1721,76
1551,68
1557,69
1538,67
1524,68
1778,79
1802,79
1779,79
1878,81
1800,79
1788,80
1584,72
1867,81
1681,75
1601,71
1619,73
1727,78
1561,73
1718,76
1549,70
1796,79
1633,73
1735,75
1896,82
1631,74
1552,68
1628,72
1787,77
1612,68
1919,83
1739,77
1806,79
1811,77
1836,81
1758,77
1798,78
1518,70
1590,73
1522,70
1550,69
1711,75
1802,76
1623,70
1775,78
1780,78
1744,76
1980,83
1849,80
1755,78
1936,84
1747,78
1894,82
1829,79
1631,73
1589,72
1954,84
1865,82
1667,74
1759,76
1563,69
1793,77
1765,79
1779,79
1556,69
1577,72
1647,76
1674,71
1561,70
1729,77
1794,78
1752,77
1351,63
1950,84
1717,78
1709,73
1731,78
1628,73
1496,69
1682,76
1785,79
1730,75
1537,70
1673,75
1558,73
1870,80
1615,73
1779,78
1796,78
1651,73
1596,71
1929,81
1582,71
1827,81
1656,74
1965,85
1645,73
1692,74
1768,76
1699,75
1733,74
1591,70
1585,73
1726,76
1640,72
1587,71
1697,75
1752,76
1992,85
1749,79
1722,77
1834,78
1817,79
1569,70
1694,74
1719,75
1778,78
1589,71
1595,69
1367,64
1760,77
1611,73
1646,75
1693,75
1726,76
1928,83
1944,82
1711,74
1770,78
1647,75
1448,70
1781,78
1605,74
1580,70
1571,72
1590,71
1533,71
1741,77
1918,83
1599,75
1768,78
1706,75
1827,81
1636,76
1697,76
1718,76
1699,76
1858,82
1575,72
1477,70
1866,80
1488,68
1880,80
1617,73
1745,76
1779,78
1836,81
1785,75
1719,76
1721,77
1705,73
1670,75
1616,75
1652,73
1654,72
1649,73
1645,72
1761,78
1647,74
1695,77
1464,66
1877,82
1616,74
1665,76
1787,77
1571,70
1640,75
1807,79
1834,80
1712,76
1773,76
1705,76
1498,70
1846,79
1738,76
1822,81
1806,75
1508,69
1863,78
1836,80
1683,73
1595,71
1623,73
1829,79
1717,76
1777,79
1775,77
1690,74
1821,81
1731,77
1776,80
1713,75
1640,72
1734,79
1809,75
1690,77
1838,79
1705,77
1696,75
1781,80
1782,78
1840,81
1839,79
1837,81
1503,70
1793,78
1838,80
1536,71
1865,82
1811,79
1824,80
1518,72
1605,72
1530,69
1759,79
1668,70
1931,84
1677,75
1834,81
1645,74
1538,70
1764,79
1772,78
1766,77
1823,80
1550,69
1559,72
1508,67
1644,74
1620,72
1853,81
1379,64
1735,76
1733,79
1733,76
1833,81
1832,81
1847,82
1462,70
1469,71
1738,78
1687,74
1690,74
1910,83
1855,80
1693,75
1670,74
1651,72
1774,76
1645,71
1725,76
1712,75
1874,81
1704,75
1494,67
1798,80
1829,79
1606,72
1738,76
1671,74
1701,76
1788,78
1702,75
1375,63
1626,74
1629,74
1825,80
1580,73
1785,80
1718,76
1735,76
1653,70
1778,79
1833,78
1476,68
1790,78
1898,82
1690,73
1817,78
1732,76
1762,79
1696,75
1724,74
1772,76
1847,80
1533,70
1600,71
1883,81
1456,64
1657,75
1558,73
1671,75
1714,75
1739,77
1724,78
1802,79
1781,77
1820,79
1765,74
1750,77
1768,75
1708,74
1512,69
1580,70
1603,74
1786,78
1556,67
1875,81
1543,69
1715,73
1560,69
1621,72
1574,70
1813,78
1558,71
1808,79
1744,75
1719,74
1659,72
1648,74
1766,76
1528,70
1867,80
1666,73
1874,80
1707,76
1656,75
1811,78
1776,77
1519,69
1815,78
1769,77
1963,85
1748,76
1705,75
1831,79
1455,66
1541,69
1813,77
1730,76
1656,75
1771,74
1591,72
1705,76
1895,81
1491,71
1633,73
1783,76
1785,79
1800,79
1752,78
1511,70
1665,72
1621,72
1711,75
1883,81
1648,74
1599,72
1601,73
1794,79
1528,69
1683,74
1571,70
1688,78
1883,82
1928,84
1740,78
1731,76
1778,78
1715,77
1915,81
1657,72
1642,74
1717,76
1859,82
1732,75
1726,75
1815,81
1720,76
1990,84
1731,77
1893,81
1666,73
1552,67
1714,75
1827,79
1794,79
1722,77
1708,76
1729,76
1532,71
1653,73
1699,72
1779,75
2015,85
1721,77
1697,75
1783,79
1685,73
1486,66
1793,78
1900,81
1500,70
1708,76
1735,74
1760,74
1627,73
1399,67
1812,79
1596,75
1876,81
1570,72
1660,73
1706,73
1565,72
1762,78
1644,75
1745,75
1683,74
1659,73
1752,79
1712,77
1634,71
1619,73
1898,81
1657,74
1647,75
1548,71
1801,78
1785,82
1793,79
1840,80
1736,74
1622,72
1710,76
1678,71
1606,72
1868,82
1758,78
1468,67
1829,79
1871,80
1868,80
1680,76
1784,80
1646,76
1961,84
1709,77
1610,71
1664,74
1702,75
1808,79
1786,76
1582,72
1577,72
1854,80
1599,74
1686,78
1722,76
1766,79
1537,73
1614,74
1669,72
1741,76
1590,70
1782,79
1807,77
1911,81
1755,79
1650,72
1633,73
1530,67
1801,79
1698,72
1505,68
1749,75
1591,72
1837,80
1577,71
1718,74
1508,71
1707,75
1818,80
1584,73
1919,82
1829,80
1656,74
1467,67
1529,70
1801,79
1666,73
1594,72
1827,80
1754,76
1814,76
1628,74
1656,74
1638,72
1580,72
1727,76
1491,68
1747,76
1650,74
1776,77
1663,73
1604,70
1544,70
1530,70
1766,77
1647,72
1645,74
1547,70
1811,78
1645,74
1803,77
1814,79
1800,80
1754,76
1563,71
1965,85
1690,77
1698,74
1648,72
1693,74
1622,73
1567,72
1773,75
1748,78
1663,74
1650,74
1783,77
1816,78
1791,79
1835,81
1387,66
1659,70
1518,69
1665,75
1474,67
1605,73
1593,73
1507,68
1721,78
1765,77
1740,77
1588,72
1824,80
1642,74
1549,67
1718,76
1824,79
1812,80
1665,73
1603,75
1778,79
1449,66
1603,73
1719,76
1996,85
1699,77
1769,78
1760,76
1855,81
1732,76
1807,77
1813,79
1693,77
1510,66
1761,77
1773,79
1510,69
1753,78
1694,74
1810,81
1870,82
1799,75
1962,84
1861,80
1517,68
1598,73
1607,74
1802,76
1639,73
1737,77
1613,73
1739,77
1860,80
1774,76
1428,65
1543,71
1668,73
1583,71
1776,78
1764,75
1602,72
1618,69
1618,74
1782,79
1643,74
1798,79
1888,82
1683,75
1727,76
1744,77
1706,77
1584,71
1646,72
1676,76
1617,70
1896,83
1739,77
1782,76
1747,74
1826,80
2030,86
1733,77
1782,77
1800,78
1729,74
1891,82
1865,80
1695,73
1702,76
1756,76
1777,78
1640,73
1538,68
1679,75
1654,76
1525,68
1455,64
1761,75
1882,83
1876,81
1793,77
1567,73
1733,75
1650,76
1760,77
1826,80
1610,74
1853,80
1588,71
1844,82
1653,74
1675,73
1567,72
1750,78
1604,75
1525,71
1667,72
1621,73
1732,77
1628,72
1427,67
1683,74
1561,71
1664,73
2010,84
1868,81
1629,76
1751,76
1877,81
1658,74
1708,74
1469,68
1702,75
1834,81
1809,79
1738,75
1561,67
1779,79
1714,75
1615,73
1691,77
1735,77
1563,69
1584,72
1590,72
1792,78
1787,78
1513,71
1697,74
1684,72
1887,81
1557,72
1728,77
1774,75
1595,70
1614,74
1883,83
1769,78
1743,77
1509,69
1908,80
1668,74
1733,77
1742,76
1756,78
1666,71
1618,74
1687,73
1601,73
1736,78
1841,81
1783,79
1614,72
1710,77
1844,80
1558,71
1632,73
1769,79
1787,78
1773,76
2002,85
1814,79
1965,83
1732,76
1732,76
1578,71
1838,80
1447,66
1489,68
1769,78
1642,73
1653,75
1619,73
1878,82
1723,76
1411,69
1806,79
1681,73
1709,77
1531,70
1739,76
1808,79
1481,67
1739,77
1759,79
1787,74
1733,77
1613,71
1871,82
1647,73
1790,79
1651,74
1915,83
1867,79
1611,72
1534,70
1543,73
1692,74
1619,72
1587,72
1932,83
1680,74
1648,73
1843,79
1714,76
1751,74
1846,81
1677,73
1757,76
1560,70
1833,79
1682,73
1622,75
1574,72
1618,71
1713,74
1905,81
1627,70
1570,70
1843,80
1732,76
1833,81
1875,81
1457,64
1778,78
1716,76
1728,72
1600,73
1513,67
1639,73
1613,69
1735,76
1861,80
1543,71
1579,71
1558,70
1620,72
1752,76
1662,76
1559,69
1690,76
1720,76
1731,74
1814,80
1654,73
1713,76
1717,74
1934,84
1977,85
1699,73
1589,69
1608,71
1712,75
1603,72
1759,79
1652,70
1720,77
1848,81
1860,83
1541,71
1775,77
1746,76
1874,79
1660,73
1933,83
1608,73
1648,73
1680,74
1624,71
1611,73
1836,81
1654,71
1670,76
1510,71