1469,62
1652,69
1507,64
1432,63
1324,60
1418,60
1374,59
1711,71
1664,67
1464,64
1667,68
1529,66
1476,63
1759,74
1597,67
1661,70
1575,67
1761,74
1682,69
1687,69
1329,58
1690,69
1408,60
1702,72
1603,69
1682,70
1538,63
1622,67
1486,63
1550,64
1431,59
1443,59
1605,66
1622,65
1476,63
1429,63
1767,74
1657,68
1539,63
1723,72
1390,58
1648,70
1726,72
1486,63
1762,73
1474,63
1503,61
1473,61
1655,69
1751,74
1657,71
1615,67
1624,69
1597,66
1426,60
1742,72
1538,64
1634,67
1592,68
1589,68
1520,64
1528,65
1644,70
1709,73
1677,71
1352,59
1589,67
1733,70
1587,66
1492,63
1475,61
1563,66
1493,62
1691,71
1722,70
1751,74
1628,68
1470,61
1676,70
1609,67
1646,67
1384,61
1490,64
1384,61
1639,69
1386,60
1566,67
1479,64
1596,68
1697,72
1573,68
1561,65
1489,63
1591,67
1659,70
1659,68
1742,73
1497,66
1652,70
1520,65
1688,70
1433,60
1662,69
1411,59
1436,63
1453,61
1475,64
1555,65
1626,68
1652,70
1705,70
1547,66
1618,70
1700,72
1496,64
1599,68
1520,65
1508,65
1536,63
1457,61
1496,64
1680,68
1508,64
1751,74
1577,68
1619,68
1645,70
1490,63
1698,72
1728,73
1539,66
1655,71
1453,62
1569,67
1728,72
1672,70
1686,71
1578,66
1568,67
1494,63
1558,67
1751,74
1605,68
1472,62
1597,69
1589,69
1751,72
1665,69
1339,57
1705,72
1524,66
1413,60
1658,68
1653,70
1530,65
1388,61
1367,59
1441,63
1570,66
1670,72
1586,68
1546,65
1560,65
1751,74
1550,65
1571,67
1492,63
1615,69
1518,64
1584,66
1628,66
1373,60
1589,68
1751,74
1732,72
1670,71
1541,66
1654,69
1388,61
1631,68
1555,67
1484,64
1674,70
1477,64
1640,71
1451,63
1408,60
1703,72
1592,70
1646,69
1698,72
1313,57
1374,60
1736,72
1531,65
1349,60
1637,71
1616,68
1664,72
1723,71
1686,72
1493,64
1688,70
1677,72
1648,70
1636,69
1660,70
1540,65
1679,71
1703,71
1554,66
1691,72
1505,64
1606,69
1737,73
1697,71
1596,68
1600,65
1716,71
1592,70
1635,68
1492,63
1552,66
1619,68
1700,72
1732,72
1585,68
1442,63
1751,74
1583,67
1657,69
1700,69
1572,68
1636,70
1685,70
1706,72
1614,69
1379,59
1549,64
1600,67
1704,72
1671,71
1578,66
1513,65
1759,74
1617,70
1513,65
1494,64
1363,59
1576,66
1425,63
1531,65
1514,65
1478,63
1651,71
1620,70
1705,72
1708,72
1675,71
1491,63
1686,71
1620,69
1574,67
1646,70
1638,68
1631,68
1680,71
1670,70
1687,71
1475,62
1742,73
1468,62
1704,72
1625,66
1580,68
1603,68
1722,72
1610,69
1558,67
1442,63
1734,73
1749,72
1736,73
1486,63
1486,65
1581,67
1621,69
1761,74
1587,67
1485,65
1651,69
1618,68
1577,69
1591,67
1497,64
1536,65
1494,64
1698,72
1601,67
1575,67
1664,70
1711,72
1593,64
1481,64
1673,72
1621,67
1759,72
1561,68
1675,71
1528,66
1700,72
1759,74
1418,61
1666,71
1418,62
1576,68
1467,64
1704,72
1762,73
1678,71
1616,69
1589,69
1504,66
1693,72
1370,61
1554,65
1590,67
1550,66
1590,68
1515,64
1518,64
1645,69
1645,70
1749,74
1644,71
1472,61
1753,74
1701,71
1473,63
1702,71
1558,67
1649,70
1600,70
1694,72
1613,68
1705,72
1495,63
1501,61
1688,71
1391,60
1480,64
1558,67
1749,74
1383,60
1686,71
1583,64
1581,66
1629,69
1749,74
1566,66
1749,74
1677,72
1582,66
1794,74
1496,63
1506,64
1533,67
1612,68
1654,71
1683,70
1350,62
1576,67
1719,72
1611,67
1447,60
1655,68
1747,74
1481,64
1431,61
1712,70
1414,60
1575,65
1739,73
1573,65
1340,61
1614,67
1578,69
1719,73
1759,74
1659,68
1654,70
1315,59
1536,64
1692,71
1651,69
1541,66
1490,66
1440,62
1090,50
1652,71
1606,66
1435,62
1293,59
1701,72
1702,72
1660,69
1641,69
1712,73
1640,69
1627,68
1709,73
1434,59
1709,73
1637,69
1468,65
1634,70
1611,68
1380,60
1723,72
1679,71
1459,63
1622,66
1639,71
1371,59
1594,69
1740,73
1470,63
1684,71
1739,73
1751,74
1434,59
1391,60
1584,67
1646,68
1733,73
1684,71
1511,64
1552,65
1463,63
1401,61
1605,67
1623,66
1705,73
1667,71
1673,71
1761,74
1547,66
1738,73
1556,64
1682,70
1684,72
1594,67
1516,64
1749,74
1599,67
1599,67
1515,64
1625,66
1442,60
1547,64
1677,70
1540,65
1431,63
1474,63
1568,67
1489,62
1452,63
1608,68
1581,67
1526,65
1563,66
1471,63
1586,67
1612,70
1705,70
1513,64
1692,72
1459,63
1701,72
1657,70
1593,68
1589,66
1745,72
1516,63
1350,57
1618,65
1655,72
1507,62
1580,67
1718,71
1520,65
1546,64
1622,69
1721,72
1657,71
1610,70
1736,71
1736,72
1454,63
1518,64
1594,69
1453,62
1525,65
1739,73
1690,71
1527,64
1726,72
1572,65
1481,61
1639,67
1374,59
1470,63
1724,72
1580,64
1699,71
1572,65
1578,67
1589,67
1438,61
1791,74
1674,72
1719,72
1441,63
1571,67
1737,73
1482,65
1569,66
1736,73
1747,74
1644,71
1464,63
1494,64
1467,64
1590,65
1545,67
1511,65
1564,68
1463,63
1503,64
1702,72
1653,71
1453,60
1497,66
1726,71
1527,65
1556,65
1618,70
1738,72
1526,67
1684,71
1713,71
1704,69
1554,65
1492,64
1587,66
1550,65
1614,67
1648,68
1730,72
1608,71
1644,70
1397,62
1488,64
1551,66
1559,65
1513,64
1510,63
1615,69
1620,66
1602,67
1676,71
1484,63
1753,73
1649,71
1601,67
1553,69
1552,66
1776,74
1745,72
1656,71
1556,65
1738,73
1490,63
1603,68
1609,67
1396,60
1649,70
1304,59
1679,69
1790,72
1650,70
1549,64
1531,62
1747,74
1566,66
1512,64
1432,61
1428,65
1738,72
1626,70
1694,71
1438,62
1640,69
1450,64
1749,74
1644,68
1582,67
1506,66
1651,70
1498,64
1566,67
1684,71
1454,63
1747,72
1765,74
1631,70
1641,70
1677,69
1440,61
1557,65
1747,74
1748,73
1623,70
1537,66
1555,66
1445,63
1706,72
1694,72
1691,71
1561,65
1715,71
1607,68
1622,70
1621,66
1505,65
1626,70
1409,60
1495,63
1728,72
1700,70
1751,74
1684,71
1619,68
1544,67
1719,73
1458,64
1432,62
1697,71
1758,72
1579,65
1626,67
1445,60
1479,64
1602,69
1393,61
1615,69
1546,67
1597,66
1629,68
1635,71
1611,67
1575,66
1711,70
1686,72
1441,62
1481,63
1737,73
1696,69
1409,62
1683,72
1715,72
1571,66
1453,62
1534,65
1550,65
1642,71
1749,72
1601,67
1365,60
1384,61
1452,62
1573,66
1757,74
1656,70
1687,71
1570,68
1719,73
1624,68
1758,74
1669,68
1441,61
1642,68
1467,62
1695,71
1706,73
1573,67
1678,71
1762,73
1678,70
1607,67
1364,60
1434,63
1704,72
1723,71
1707,71
1450,62
1757,74
1650,69
1747,74
1444,62
1683,72
1736,73
1747,74
1431,61
1404,64
1564,66
1638,71
1634,69
1397,60
1767,73
1442,63
1678,72
1554,65
1574,67
1502,65
1470,62
1665,69
1747,74
1633,69
1431,60
1668,71
1588,69
1308,54
1537,63
1456,62
1528,65
1689,71
1590,67
1517,64
1659,69
1456,62
1403,61
1653,70
1581,67
1627,70
1470,63
1514,66
1646,70
1676,70
1564,66
1586,66
1699,72
1403,62
1661,71
1531,63
1534,63
1648,69
1627,68
1348,60
1612,69
1745,73
1664,70
1568,66
1470,62
1629,71
1740,73
1676,70
1747,74
1688,71
1656,69
1515,64
1496,63
1536,63
1630,67
1706,69
1587,66
1683,71
1633,67
1747,72
1232,56
1750,73
1725,74
1457,64
1478,66
1448,62
1513,66
1366,60
1432,61
1655,71
1496,64
1644,71
1575,67
1583,69
1651,71
1367,60
1655,70
1646,71
1628,67
1439,62
1439,62
1381,59
1448,61
1599,69
1622,68
1725,74
1578,69
1717,70
1594,66
1402,61
1457,61
1503,64
1539,66
1564,66
1594,67
1636,71
1693,71
1725,74
1553,68
1647,70
1668,72
1435,61
1754,74
1608,70
1538,66
1566,67
1653,68
1510,63
1447,62
1600,66
1708,73
1611,69
1676,71
1445,63
1513,68
1582,66
1497,63
1619,67
1710,73
1710,72
1396,61
1606,66
1509,64
1630,70
1580,66
1423,61
1519,66
1708,72
1701,72
1465,64
1595,68
1631,71
1640,71
1478,63
1517,68
1749,74
1611,70
1624,68
1411,62
1533,65
1401,62
1514,63
1354,58
1689,71
1601,66
1630,68
1552,67
1495,65
1651,69
1591,65
1669,73
1694,72
1473,64
1495,63
1559,67
1580,67
1687,72
1394,60
1753,74
1494,62
1551,65
1420,62
1632,69
1404,61
1583,66
1678,70
1616,71
1604,70
1480,64
1709,73
1624,68
1560,67
1618,71
1494,64
1437,61
1643,69
1482,65
1524,64
1578,68
1419,61
1701,72
1564,68
1535,65
1705,70
1513,63
1451,61
1616,69
1725,74
1627,67
1393,61
1676,72
1441,63
1462,66
1702,71
1461,64
1414,62
1648,71
1663,70
1572,67
1679,71
1718,73
1449,64
1718,73
1509,64
1679,71
1553,67
1420,61
1649,69
1539,66
1459,63
1548,65
1606,70
1699,72
1308,56
1596,70
1695,72
1484,65
1670,70
1431,61
1408,63
1597,67
1485,63
1447,62
1640,69
1579,67
1699,72
1414,61
1457,63
1445,62
1539,66
1683,69
1513,65
1672,72
1779,73
1419,62
1667,71
1346,60
1749,74
1464,63
1585,64
1612,70
1686,72
1547,65
1654,69
1548,64
1707,71
1698,69
1502,65
1634,68
1489,63
1692,70
1631,68
1672,71
1685,73
1520,65
1647,70
1630,70
1455,62
1697,72
1729,74
1632,69
1721,73
1749,74
1691,71
1725,74
1476,65
1658,71
1723,74
1472,63
1629,68
1451,63
1717,72
1625,70
1436,64
1632,68
1379,61
1616,69
1648,71
1540,63
1583,67
1723,73
1704,72
1408,62
1671,70
1493,63
1596,68
1456,61
1398,60
1527,67
1557,67
1723,74
1392,61
1533,66
1534,64
1590,69
1678,72
1523,64
1456,63
1576,67
1716,71
1498,64
1416,61
1723,74
1748,72
1637,68
1561,65
1525,64
1452,61
1621,71
1479,63
1489,60
1571,68
1560,66
1630,69
1606,68
1567,64
1319,58
1684,71
1518,63
1317,61
1729,73
1736,73
1630,69
1659,70
1667,70
1692,71
1581,66
1731,73
1586,66
1574,66
1696,73
1659,70
1740,72
1724,73
1645,70
1502,64
1731,74
1624,70
1601,70
1516,68
1747,73
1548,66
1434,61
1663,70
1674,71
1639,69
1645,70
1772,74
1659,70
1617,67
1545,68
1718,73
1588,70
1558,64
1456,60
1608,68
1497,63
1725,74
1435,63
1624,67
1597,68
1632,69
1614,66
1568,65
1494,63
1506,63
1581,66
1691,72
1593,69
1556,67
1723,74
1504,65
1651,70
1623,70
1491,64
1747,74
1518,65
1298,59
1685,73
1386,61
1544,64
1575,67
1723,74
1616,70
1356,58
1631,71
1439,61
1685,73
1723,74
1723,74
1511,64
1591,65
1617,68
1459,64
1353,60
1458,62
1428,63
1480,65
1518,65
1691,71
1541,67
1546,65
1567,66
1656,72
1457,63
1438,63
1518,64
1635,70
1533,64
1641,70
1622,70
1341,58
1372,61
1660,71
1710,73
1723,74
1507,64
1645,70
1714,73
1723,74
1603,68
1637,69
1708,73
1584,65
1601,68
1453,62
1617,68
1469,62
1506,65
1728,73
1604,68
1644,70
1521,66
1453,63
1750,74
1662,71
1479,63
1317,57
1645,71
1502,64
1749,74
1696,70
1419,60
1711,73
1559,67
1575,69
1614,69
1587,67
1600,67
1477,63
1525,67
1612,67
1727,73
1497,65
1648,70
1675,71
1690,71
1615,68
1479,62
1637,67
1517,63
1380,60
1513,63
1646,70
1706,72
1609,68
1748,74
1389,61
1493,66
1479,66
1715,73
1644,69
1718,72
1714,73
1499,64
1540,63
1529,64
1665,70
1680,73
1498,63
1587,66
1523,67
1460,63
1607,69
1505,63
1466,62
1657,71
1598,66
1648,70
1431,62
1464,63
1746,73
1623,68
1495,61
1533,63
1517,67
1661,72
1493,64
1725,73
1464,63
1651,70
1752,74
1549,66
1723,74
1466,62
1525,64
1656,72
1497,64
1525,64
1464,62
1532,67
1696,72
1321,59
1660,69
1563,67
1708,72
1534,67
1687,73
1540,66
1380,60
1605,68
1338,59
1720,73
1422,61
1596,68
1469,63
1520,65
1551,67
1576,68
1514,65
1548,66
1684,73
1627,70
1556,66
1540,64
1604,68
1719,72
1374,59
1573,67
1662,70
1471,63
1608,69
1515,64
1683,72
1731,74
1673,69
1745,74
1668,71
1549,66
1646,67
1476,64
1310,57
1613,69
1660,68
1651,71
1613,68
1741,74
1628,68
1372,60
1535,66
1487,65
1577,67
1690,70
1486,64
1491,63
1617,69
1637,70
1592,70
1723,74
1478,63
1400,63
1450,62
1657,71
1723,74
1606,68
1570,66
1711,73
1628,69
1711,73
1668,71
1488,64
1602,67
1589,68
1723,74
1638,69
1636,67
1658,72
1742,73
1693,73
1553,66
1441,64
1708,72
1675,71
1518,67
1465,63
1698,71
1599,68
1490,64
1508,64
1480,65
1692,69
1671,73
1690,71
1339,59
1317,57
1536,66
1571,69
1518,67
1548,65
1571,68
1556,65
1429,61
1658,71
1633,67
1492,65
1647,69
1683,72
1544,64
1737,72
1586,66
1606,68
1645,69
1503,64
1643,69
1531,63
1526,67
1491,63
1563,68
1627,69
1671,71
1694,72
1529,67
1677,70
1629,68
1591,67
1690,72
1608,68
1667,72
1622,70
1537,66
1670,73
1543,65
1731,74
1723,74
1502,64
1651,69
1633,69
1462,63
1518,65
1437,64
1716,74
1702,72
1411,64
1646,68
1543,68
1667,68
1522,66
1626,69
1434,63
1695,73
1675,69
1605,67
1716,74
1453,65
1676,73
1553,66
1631,70
1626,70
1631,71
1472,63
1749,72
1531,65
1543,66
1592,67
1572,66
1706,72
1546,65
1500,66
1592,68
1672,71
1692,71
1506,65
1475,64
1417,61
1609,69
1663,71
1585,67
1705,72
1441,63
1514,64
1737,74
1605,68
1538,66
1710,74
1546,67
1573,68
1687,71
1623,69
1572,66
1382,60
1563,65
1445,62
1614,67
1530,65
1433,61
1582,68
1544,65
1712,73
1646,71
1415,64
1686,72
1658,70
1460,63
1612,68
1645,71
1704,72
1457,62
1654,70
1551,67
1504,63
1634,71
1527,66
1503,65
1557,64
1719,73
1663,71
1474,65
1559,66
1675,72
1415,62
1644,72
1383,60
1629,69
1526,65
1570,65
1636,69
1463,64
1494,62
1539,66
1523,65
1477,65
1547,67
1586,68
1589,69
1748,74
1384,60
1643,70
1519,66
1570,67
1509,67
1451,63
1707,73
1392,61
1513,65
1649,71
1618,70
1341,60
1579,69
1440,61
1705,73
1675,73
1609,68
1455,64
1644,69
1435,61
1714,74
1530,66
1701,73
1546,67
1604,68
1713,74
1539,67
1378,60
1709,73
1638,71
1443,64
1642,69
1533,63
1553,68
1673,69
1556,68
1701,71
1726,72
1532,65
1680,71
1499,65
1443,63
1684,72
1643,71
1542,64
1698,72
1495,64
1675,66
1641,71
1600,66
1576,66
1642,70
1547,69
1557,67
1718,73
1643,68
1705,72
1620,71
1417,62
1496,64
1722,73
1568,68
1544,66
1572,66
1710,74
1677,73
1678,71
1406,61
1496,65
1452,63
1473,63
1457,63
1659,71
1640,71
1704,73
1299,60
1650,70
1478,65
1537,66
1527,68
1546,69
1646,70
1551,64
1386,60
1652,72
1607,67
1623,69
1440,62
1545,66
1534,66
1621,68
1550,67
1495,65
1642,70
1718,73
1577,66
1588,69
1528,69
1428,61
1435,63
1558,67
1583,69
1539,67
1702,71
1465,64
1722,73
1645,69
1525,65
1595,67
1557,65
1721,73
1606,67
1709,72
1544,67
1553,66
1298,58
1636,70
1546,66
1527,67
1526,66
1650,71
1401,60
1659,71
1537,66
1667,71
1684,73
1542,67
1519,67
1506,64
1386,59
1502,65
1732,74
1485,65
1710,74
1579,68
1448,64
1653,72
1737,73
1675,71
1730,73
1370,59
1567,67
1519,65
1503,64
1631,69
1660,73
1613,70
1521,67
1705,73
1688,72
1637,70
1720,74
1542,66
1478,67
1607,69
1416,62
1710,74
1372,60
1475,64
1517,65
1609,69
1557,67
1600,69
1524,66
1579,68
1588,70
1674,73
1686,70
1408,63
1419,60
1728,74
1546,64
1283,60
1470,62
1675,72
1470,65
1411,63
1730,73
1508,64
1450,64
1512,67
1617,69
1706,74
1438,62
1474,64
1704,74
1325,61
1690,71
1567,64
1704,74
1375,61
1622,71
1672,72
1446,62
1668,73
1468,63
1702,74
1682,72
1740,74
1676,71
1689,73
1356,58
1618,72
1660,72
1452,60
1655,70
1549,66
1497,66
1702,74
1450,64
1508,66
1553,66
1496,65
1565,68
1702,74
1454,64
1585,69
1599,68
1550,66
1489,64
1634,72
1706,74
1623,69
1698,74
1504,66
1511,65
1522,66
1498,67
1487,65
1700,74
1650,69
1432,62
1538,66
1702,74
1629,70
1570,68
1466,63
1451,65
1569,69
1689,73
1584,69
1612,70
1576,67
1605,69
1467,64
1605,70
1580,66
1425,63
1634,71
1593,67
1673,73
1551,66
1438,64
1585,70
1620,71
1664,70
1661,71
1679,73
1459,63
1679,72
1631,70
1412,62
1387,60
1691,73
1702,74
1698,74
1557,66
1369,61
1534,66
1411,60
1349,59
1515,62
1529,68
1581,67
1636,71
1450,63
1626,69
1511,64
1577,66
1514,66
1683,73
1631,70
1515,66
1419,63
1395,59
1610,70
1443,61
1653,72
1528,67
1432,62
1652,72
1672,73
1487,66
1331,58
1628,69
1722,74
1677,73
1496,63
1632,72
1352,59
1422,64
1371,61
1467,64
1613,70
1443,64
1503,66
1725,74
1539,68
1498,64
1596,69
1690,72
1552,66
1440,64
1372,61
1501,64
1722,74
1484,65
1685,73
1607,68
1550,68
1382,60
1681,72
1567,66
1408,64
1397,62
1552,66
1491,66
1524,67
1632,72
1535,65
1658,71
1486,64
1593,70
1671,71
1507,65
1468,63
1500,66
1685,72
1668,73
1375,63
1666,73
1557,68
1560,66
1536,66
1421,63
1634,69
1497,66
1599,70
1613,67
1555,68
1722,74
1693,73
1475,64
1689,73
1292,57
1413,62
1442,62
1579,67
1614,68
1668,70
1411,61
1612,69
1366,59
1559,65
1698,74
1632,70
1395,60
1557,65
1634,69
1696,73
1488,64
1542,66
1557,66
1690,74
1546,70
1694,74
1661,73
1557,64
1601,68
1578,69
1415,61
1667,69
1588,68
1553,67
1602,70
1701,73
1536,65
1546,66
1549,67
1616,69
1751,74
1507,68
1690,74
1687,72
1698,73
1627,72
1513,66
1474,64
1501,65
1721,73
1651,71
1464,63
1566,68
1522,66
1722,74
1594,68
1434,62
1414,62
1558,68
1668,72
1323,59
1541,67
1678,73
1484,65
1657,73
1669,72
1634,70
1581,69
1640,70
1708,74
1728,74
1669,73
1514,65
1721,72
1594,70
1655,71
1512,67
1563,66
1343,60
1587,67
1613,71
1503,67
1691,72
1384,63
1708,74
1550,68
1464,64
1401,63
1672,72
1461,65
1707,73
1531,66
1609,68
1502,65
1697,72
1553,67
1643,69
1636,70
1579,69
1424,62
1457,61
1608,72
1521,62
1615,69
1656,72
1579,68
1592,69
1456,62
1704,74
1344,61
1635,71
1517,68
1515,66
1666,73
1600,70
1599,70
1353,59
1654,71
1549,67
1684,71
1626,72
1624,68
1647,70
1639,69
1677,73
1506,64
1586,67
1506,63
1528,65
1616,69
1399,62
1532,66
1495,66
1621,70
1720,73
1478,65
1517,65
1510,68
1530,68
1635,70
1683,72
1614,68
1513,65
1600,67
1697,73
1689,72
1511,66
1696,74
1644,72
1518,67
1506,65
1552,67
1612,68
1397,61
1306,60
1637,70
1371,61
1530,66
1672,73
1528,67
1590,70
1588,69
1652,70
1538,66
1665,72
1550,67
1656,70
1699,74
1640,70
1267,59
1551,68
1544,66
1666,73
1465,61
1512,64
1580,69
1525,67
1549,68
1579,69
1679,73
1555,68
1517,65
1487,64
1376,62
1494,64
1619,72
1440,63
1392,61
1497,66
1379,60
1498,66
1526,67
1472,64
1662,72
1690,74
1625,70
1601,69
1559,68
1316,59
1516,65
1677,73
1480,66
1517,66
1505,66
1494,65
1646,70
1692,74
1683,72
1571,69
1712,72
1466,61
1531,66
1589,70
1493,63
1438,63
1640,71
1701,73
1482,65
1559,67
1532,64
1571,66
1541,69
1425,62
1481,65
1575,69
1609,70
1498,65
1670,71
1540,68
1509,64
1472,65
1501,66
1453,63
1638,71
1518,66
1686,73
1442,65
1435,65
1422,61
1488,64
1391,63
1541,66
1658,73
1498,66
1624,71
1561,66
1490,63
1558,68
1403,62
1460,64
1553,66
1468,63
1690,74
1523,67
1636,71
1552,66
1517,66
1696,71
1494,66
1690,74
1560,68
1445,63
1533,67
1402,62
1532,65
1463,63
1699,74
1575,67
1690,74
1711,73
1331,60
1452,64
1469,66
1658,71
1483,67
1688,74
1343,64
1512,66
1491,64
1688,74
1679,72
1550,69
1472,65
1437,63
1442,65
1584,66
1472,66
1639,70
1629,70
1654,71
1537,68
1345,58
1662,73
1593,69
1720,74
1647,69
1678,71
1546,65
1356,58
1581,69
1664,72
1688,74
1668,72
1335,57
1484,65
1518,65
1663,72
1537,68
1419,62
1576,68
1572,67
1415,62
1586,71
1584,67
1603,70
1641,70
1523,66
1620,71
1466,67
1680,74
1505,65
1680,74
1554,68
1492,65
1501,66
1651,72
1530,67
1589,70
1583,68
1413,61
1452,65
1717,73
1671,73
1516,67
1624,71
1418,63
1507,68
1274,58
1561,66
1432,62
1667,70
1658,70
1503,64
1456,66
1379,61
1551,70
1640,72
1404,62
1551,68
1483,67
1461,67
1686,73
1607,70
1723,73
1620,71
1583,69
1684,74
1410,62
1409,63
1637,71
1563,68
1513,66
1585,68
1388,60
1675,74
1633,70
1608,72
1675,74
1639,73
1448,64
1492,67
1533,69
1458,63
1488,64
1655,72
1484,70
1477,64
1554,70
1452,61
1646,74
1536,70
1558,71
1354,59
1533,68
1387,60
1646,74
1630,73
1650,74
1566,70
1519,69
1582,68
1525,67
1568,70
1421,68
1363,60
1355,61
1488,66
1570,67
1418,63
1575,72
1621,72
1488,66
1573,69
1610,72
1439,63
1669,74
1662,72
1481,68
1387,62
1564,70
1428,60
1573,69
1328,59
1527,67
1519,67
1541,70
1552,70
1543,67
1483,63
1524,67
1661,74
1462,66
1526,69
1529,68
1624,70
1517,67
1619,72
1356,59
1477,67
1667,74
1621,71
1654,72
1646,74
1460,66
1657,74
1415,64
1621,72
1545,69
1582,70
1452,64
1445,66
1525,68
1608,73
1510,67
1580,69
1454,67
1498,67
1525,69
1650,73
1580,71
1447,66
1620,71
1650,72
1553,71
1554,68
1529,68
1301,59
1611,69
1439,63
1629,73
1476,67
1574,71
1469,65
1460,63
1642,71
1631,73
1526,69
1637,73
1417,62
1574,71
1538,69
1603,71
1460,66
1458,68
1516,68
1449,63
1623,73
1515,66
1475,66
1657,74
1371,59
1389,62
1593,72
1385,63
1488,66
1548,68
1312,61
1410,63
1511,66
1414,64
1593,72
1525,69
1457,62
1440,65
1451,66
1544,69
1509,68
1665,74
1497,67
1337,61
1436,65
1496,65
1698,74
1533,68
1416,62
1521,66
1579,69
1595,70
1504,67
1607,72
1630,72
1564,72
1641,72
1667,74
1526,69
1546,70
1456,63
1481,65
1623,71
1340,63
1581,71
1619,70
1439,67
1623,70
1644,74
1539,69
1323,60
1444,67
1523,65
1622,72
1483,64
1494,68
1458,68
1504,69
1385,64
1590,71
1483,67
1350,59
1301,59
1570,70
1447,63
1675,74
1587,69
1259,58
1156,56
1457,65
1633,73
1660,73
1517,66
1626,70
1508,66
1417,62
1537,68
1528,68
1683,74
1646,73
1563,70
1321,63
1585,71
1631,73
1458,64
1551,68
1543,67
1498,68
1533,68
1459,64
1357,61
1604,72
1516,70
1597,72
1585,72
1619,72
1478,68
1361,60
1617,71
1587,69
1631,73
1540,69
1530,71
1416,61
1483,67
1572,71
1504,66
1590,69
1422,64
1528,67
1521,66
1522,68
1527,68
1410,64
1593,71
1457,67
1364,63
1549,68
1665,72
1499,68
1644,74
1584,72
1451,64
1529,68
1476,66
1461,66
1525,68
1604,72
1636,73
1608,69
1512,68
1486,64
1555,67
1642,73
1616,73
1525,67
1522,69
1404,63
1607,70
1618,72
1523,68
1503,67
1438,65
1310,61
1627,73
1550,70
1521,66
1646,74
1361,65
1472,68
1529,70
1493,66
1312,59
1387,63
1572,69
1574,72
1475,66
1552,70
1506,67
1578,69
1566,70
1423,66
1586,71
1585,69
1654,73
1454,66
1671,73
1608,72
1519,66
1615,72
1407,61
1425,63
1492,68
1438,64
1588,71
1495,67
1654,74
1480,65
1606,68
1440,64
1405,64
1516,69
1646,74
1396,63
1514,70
1517,66
1561,71
1674,74
1553,69
1585,73
1613,71
1644,74
1633,71
1416,64
1566,72
1611,72
1510,68
1644,74
1541,66
1395,64
1496,65
1492,67
1504,69
1665,74
1553,70
1424,65
1634,74
1525,68
1470,66
1318,59
1346,59
1520,68
1652,74
1493,66
1516,67
1464,69
1480,65
1616,72
1587,73
1399,63
1584,70
1652,72
1652,74
1530,68
1510,67
1484,68
1433,64
1339,61
1504,66
1539,69
1480,68
1452,63
1429,64
1666,73
1542,69
1550,70
1461,67
1593,68
1476,67
1486,66
1518,66
1559,71
1573,70
1385,64
1448,65
1563,71
1513,69
1414,64
1471,66
1392,62
1427,65
1346,58
1354,60
1565,69
1612,70
1421,64
1604,71
1345,62
1532,68
1470,64
1479,65
1645,74
1685,74
1545,69
1617,73
1530,66
1433,66
1638,74
1337,60
1360,63
1410,65
1435,66
1420,63
1556,68
1609,73
1562,69
1652,74
1657,74
1617,72
1662,74
1390,65
1499,67
1572,71
1433,66
1427,64
1617,73
1364,63
1634,74
1508,69
1643,73
1587,72
1418,63
1450,66
1645,74
1634,74
1474,63
1270,58
1418,64
1538,69
1642,74
1378,61
1551,69
1636,72
1525,70
1397,62
1656,74
1445,63
1549,69
1289,58
1475,64
1359,62
1491,68
1483,69
1373,60
1641,74
1374,62
1508,64
1448,64
1409,64
1627,74
1574,71
1425,65
1637,73
1528,67
1422,67
1317,61
1460,66
1621,72
1529,69
1366,62
1598,72
1455,68
1561,71
1505,67
1640,73
1307,59
1475,66
1550,72
1422,62
1470,66
1488,67
1410,64
1409,61
1500,67
1599,73
1590,71
1542,68
1581,71
1579,71
1553,70
1475,68
1571,72
1602,69
1549,68
1443,63
1618,72
1548,68
1561,71
1549,70
1311,59
1646,72
1481,69
1555,67
1608,72
1574,71
1444,64
1493,68
1442,66
1540,70
1631,73
1518,65
1515,66
1506,69
1462,64
1488,67
1577,67
1467,68
1653,74
1282,59
1631,72
1579,72
1585,72
1440,65
1447,65
1438,64
1522,68
1344,61
1593,72
1512,69
1388,62
1461,65
1627,74
1555,69
1358,64
1598,73
1609,73
1470,67
1527,68
1364,62
1603,70
1431,65
1627,74
1660,75
1642,74
1525,69
1506,67
1499,67
1645,74
1395,65
1519,70
1646,74
1683,75
1562,72
1530,69
1566,69
1387,64
1597,71
1574,71
1520,68
1420,65
1391,64
1470,67
1372,64
1383,60
1513,66
1480,67
1599,73
1415,65
1357,62
1676,74
1664,74
1625,73
1584,72
1234,56
1667,74
1538,69
1625,73
1548,70
1552,71
1567,72
1578,71
1547,72
1513,68
1608,72
1656,75
1570,71
1600,72
1519,67
1510,67
1614,71
1670,74
1517,67
1461,64
1581,71
1356,63
1614,72
1503,66
1571,69
1446,68
1627,73
1565,70
1656,75
1626,74
1491,68
1538,72
1519,68
1470,67
1618,72
1494,65
1512,69
1541,71
1650,73
1639,73
1633,74
1399,64
1500,67
1597,71
1444,64
1601,72
1565,70
1602,70
1483,66
1648,74
1579,69
1517,67
1458,69
1478,67
1597,73
1628,74
1516,68
1441,64
1612,72
1671,74
1488,68
1590,71
1512,63
1621,73
1632,73
1444,66
1576,70
1556,71
1479,65
1511,68
1656,75
1349,62
1633,74
1533,69
1574,72
1573,73
1665,74
1568,71
1618,73
1455,67
1509,68
1375,63
1663,73
1494,68
1446,65
1634,73
1548,71
1662,74
1654,75
1543,70
1597,74
1573,70
1601,72
1628,74
1528,69
1269,60
1613,74
1498,69
1657,73
1656,75
1641,74
1622,74
1691,76
1732,77
1730,77
1603,73
1555,70
1614,69
1567,71
1384,60
1504,64
1579,70
1444,64
1716,74
1675,75
1705,73
1653,72
1519,67
1520,68
1634,74
1412,64
1403,64
1611,71
1503,65
1678,74
1590,72
1409,66
1730,77
1564,67
1462,65
1556,70
1293,61
1708,76
1601,72
1746,76
1552,69
1411,67
1563,71
1730,77
1659,75
1676,74
1728,77
1404,61
1432,66
1520,69
1432,64
1514,70
1458,64
1732,77
1420,63
1479,65
1341,59
1424,63
1720,73
1541,68
1604,72
1555,69
1724,77
1605,71
1469,65
1473,64
1533,67
1419,66
1432,65
1309,60
1728,77
1550,66
1632,74
1481,66
1695,76
1691,75
1449,67
1623,70
1458,66
1643,74
1484,68
1471,68
1535,68
1520,67
1664,73
1671,74
1717,76
1593,72
1654,74
1449,67
1556,68
1388,66
1670,75
1586,70
1630,72
1511,67
1625,73
1661,72
1482,68
1724,77
1504,67
1535,70
1428,66
1525,66
1646,74
1575,70
1594,70
1626,73
1440,65
1720,77
1710,75
1683,74
1571,69
1488,65
1583,70
1389,61
1663,74
1592,69
1688,74
1611,71
1538,71
1523,67
1601,74
1607,74
1494,68
1594,71
1548,69
1643,74
1563,72
1705,75
1448,64
1533,68
1614,72
1714,76
1700,76
1620,72
1610,73
1598,72
1320,64
1558,71
1728,74
1586,72
1457,63
1714,77
1427,66
1521,70
1408,63
1473,65
1560,69
1582,69
1595,72
1507,67
1482,66
1625,74
1485,66
1562,68
1670,75
1553,68
1665,73
1718,77
1719,77
1278,60
1556,70
1686,71
1698,76
1584,70
1609,73
1327,62
1683,76
1569,71
1578,71
1570,70
1708,74
1595,71
1591,71
1520,70
1579,69
1641,74
1444,65
1720,76
1668,75
1433,63
1643,74
1404,61
1751,76
1645,74
1718,75
1673,75
1673,72
1596,70
1283,61
1596,68
1628,70
1706,76
1533,68
1584,71
1666,75
1392,64
1538,70
1532,68
1664,77
1487,68
1648,76
1613,73
1619,72
1664,77
1466,69
1605,73
1523,70
1539,70
1603,71
1570,74
1514,71
1440,68
1565,70
1605,71
1486,67
1664,77
1587,74
1705,76
1483,71
1629,75
1658,76
1587,74
1678,72
1592,74
1565,73
1598,71
1472,70
1395,65
1638,74
1554,72
1565,70
1500,70
1718,76
1554,71
1449,70
1666,77
1654,76
1619,76
1578,74
1599,73
1570,75
1637,76
1588,72
1462,70
1349,63
1621,74
1580,74
1684,77
1732,76
1628,73
1658,76
1564,71
1567,70
1684,72
1445,68
1673,74
1520,72
1527,71
1670,77
1618,74
1612,76
1559,71
1655,76
1649,75
1722,77
1588,72
1597,75
1664,77
1564,74
1332,64
1629,76
1790,77
1600,69
1630,73
1326,62
1651,75
1671,75
1285,61
1620,75
1413,64
1604,73
1552,72
1578,71
1470,68
1553,70
1570,72
1602,72
1587,73
1593,73
1626,73
1515,72
1659,76
1633,73
1434,67
1516,71
1553,73
1432,66
1602,68
1569,72
1664,77
1637,73
1602,73
1649,75
1757,79
1462,66
1628,71
1584,71
1713,78
1594,72
1620,72
1518,65
1624,74
1617,75
1728,76
1617,72
1483,68
1728,78
1646,71
1706,76
1498,69
1682,76
1603,72
1506,69
1504,68
1646,73
1749,78
1616,69
1736,78
1597,75
1755,79
1753,79
1590,74
1638,75
1631,71
1679,76
1426,68
1642,74
1745,78
1655,75
1722,78
1738,78
1674,75
1729,75
1571,71
1488,67
1561,71
1668,72
1596,73
1652,76
1706,76
1598,75
1609,75
1540,70
1685,77
1624,73
1574,71
1697,78
1712,78
1639,74
1586,72
1813,78
1659,72
1586,71
1600,70
1692,73
1634,76
1653,72
1670,72
1699,78
1565,67
1618,72
1548,70
1548,69
1658,74
1639,74
1718,77
1663,73
1672,76
1680,74
1607,74
1504,68
1580,69
1707,77
1608,74
1533,70
1564,72
1660,74
1707,77
1680,75
1665,73
1623,74
1552,71
1578,69
1503,66
1410,66
1650,76
1564,70
1569,70
1546,68
1753,79
1565,68
1534,70
1651,77
1678,75
1759,79
1753,79
1651,75
1582,72
1645,75
1606,69
1568,72
1605,73
1698,76
1609,74
1679,76
1594,70
1504,69
1838,79
1596,71
1703,77
1700,76
1694,76
1724,77
1575,68
1551,66
1738,77
1556,69
1627,72
1665,72
1499,69
1578,72
1724,79
1707,77
1797,80
1626,73
1763,79
1797,76
1680,76
1587,70
1570,70
1692,75
1657,75
1579,69
1765,77
1683,75
1595,72
1675,75
1759,79
1735,78
1813,78
1532,70
1633,72
1638,74
1772,79
1712,73
1694,75
1618,70
1687,77
1766,78
1518,69
1591,71
1529,70
1723,74
1596,73
1556,69
1711,77
1700,75
1536,70
1797,80
1766,78
1658,75
1807,80
1756,77
1801,80
1706,73
1648,72
1717,77
1791,79
1661,73
1694,76
1747,76
1715,75
1777,76
1797,80
1659,73
1469,65
1641,72
1795,80
1593,71
1760,76
1546,70
1779,79
1774,78
1640,75
1588,70
1547,71
1451,65
1424,64
1763,77
1634,75
1503,67
1704,78
1777,79
1658,72
1547,70
1669,74
1648,74
1513,69
1495,67
1498,68
1757,77
1795,80
1627,75
1649,71
1730,76
1723,75
1698,75
1798,78
1777,79
1674,74
1513,69
1706,77
1530,70
1553,71
1733,77
1795,80
1739,77
1737,77
1662,74
1620,71
1583,70
1601,72
1672,77
1771,79
1675,75
1562,70
1684,74
1610,73
1754,78
1795,80
1666,75
1579,69
1672,75
1761,78
1524,68
1819,78
1597,72
1645,72
1707,74
1766,78
1580,70
1769,79
1686,75
1779,79
1801,80
1414,65
1587,69
1842,78
1559,72
1696,74
1538,69
1662,73
1700,76
1645,76
1566,72
1594,73
1578,70
1609,73
1530,69
1795,80
1737,75
1517,67
1696,74
1812,80
1586,70
1799,80
1555,70
1621,73
1661,74
1802,79
1696,75
1648,71
1572,71
1755,76
1691,75
1637,73
1753,76
1600,71
1770,79
1700,76
1669,77
1693,71
1665,73
1714,77
1651,74
1654,75
1513,69
1814,79
1762,79
1604,73
1706,72
1548,70
1690,76
1567,72
1545,68
1571,68
1775,78
1752,77
1795,80
1725,76
1783,79
1753,78
1757,77
1648,74
1636,72
1497,66
1509,68
1688,74
1554,71
1621,71
1632,71
1646,71
1754,78
1662,73
1720,73
1795,80
1734,78
1768,78
1748,76
1762,77
1816,79
1739,75
1655,72
1648,74
1559,70
1538,69
1628,73
1751,79
1664,72
1766,78
1658,73
1598,69
1740,78
1715,76
1671,71
1696,76
1699,76
1756,77
1740,76
1672,76
1771,78
1799,80
1776,76
1735,79
1526,68
1747,78
1565,68
1621,73
1676,75
1597,72
1516,70
1547,71
1448,65
1678,74
1592,70
1559,71
1794,78
1700,74
1623,70
1508,68
1664,74
1588,72
1770,79
1752,76
1685,76
1575,71
1527,68
1761,78
1725,75
1730,75
1706,75
1684,72
1586,70
1795,80
1713,77
1732,77
1535,68
1797,80
1681,74
1510,69
1617,73
1652,72
1508,67
1672,72
1682,75
1730,78
1617,73
1644,73
1629,74
1701,75
1562,69
1596,72
1570,68
1675,72
1685,72
1777,78
1781,79
1791,80
1504,68
1479,69
1763,76
1396,66
1604,72
1711,74
1659,75
1519,65
1648,73
1700,76
1764,79
1432,63
1683,74
1638,74
1612,70
1606,73
1604,72
1763,79
1485,67
1562,71
1640,74
1555,71
1734,75
1644,71
1658,72
1618,72
1483,68
1667,76
1702,76
1532,66
1562,70
1691,76
1676,73
1557,73
1599,73
1588,72
1675,75
1681,77
1731,77
1660,75
1765,79
1793,80
1607,74
1636,73
1695,77
1727,77
1678,76
1566,70
1624,71
1595,71
1669,75
1753,79
1546,68
1728,77
1680,76
1639,73
1507,66
1791,80
1717,78
1723,77
1629,71
1404,64
1688,73
1657,74
1580,71
1654,76
1763,78
1693,74
1447,68
1463,67
1673,76
1743,76
1474,67
1683,75
1590,73
1561,70
1685,74
1737,74
1452,64
1679,75
1726,78
1694,76
1657,75
1733,77
1713,78
1731,78
1559,71
1786,78
1531,69
1584,71
1530,68
1679,74
1711,77
1735,77
1771,77
1606,70
1752,75
1660,74
1684,76
1777,80
1697,77
1610,73
1712,76
1673,74
1721,76
1521,65
1645,73
1624,71
1646,73
1728,79
1745,78
1644,73
1667,72
1576,70
1736,79
1715,77
1586,70
1672,73
1494,69
1601,72
1737,78
1596,73
1721,78
1716,77
1511,70
1578,72
1549,69
1485,67
1526,69
1536,68
1763,79
1752,78
1467,67
1702,75
1712,74
1691,75
1781,78
1589,70
1777,80
1763,77
1609,73
1692,74
1585,69
1682,77
1430,67
1669,75
1735,78
1630,74
1620,72
1549,70
1791,80
1775,80
1696,77
1638,74
1500,69
1727,78
1765,80
1531,71
1531,70
1650,72
1732,79
1427,64
1294,60
1609,72
1732,79
1778,80
1769,80
1508,72
1458,68
1524,70
1669,73
1573,71
1763,80
1788,77
1565,70
1485,69
1730,78
1596,72
1518,70
1629,74
1673,74
1534,70
1599,70
1593,75
1616,72
1589,73
1660,76
1612,72
1660,74
1474,70
1683,78
1465,68
1613,72
1574,71
1574,72
1675,74
1477,69
1450,68
1765,79
1485,68
1736,78
1463,67
1737,78
1763,80
1557,68
1678,76
1784,79
1528,68
1763,80
1747,79
1759,80
1759,78
1662,76
1739,79
1567,72
1556,72
1600,71
1727,75
1665,77
1524,71
1731,77
1514,70
1693,77
1761,80
1715,74
1587,71
1636,75
1664,75
1732,76
1666,72
1583,71
1697,73
1629,75
1738,78
1675,77
1532,67
1643,72
1703,75
1636,76
1576,71
1659,74
1577,71
1646,73
1656,76
1573,70
1634,74
1529,70
1730,78
1626,70
1652,75
1657,76
1754,79
1622,74
1711,72
1687,78
1663,74
1703,78
1606,71
1623,75
1665,75
1637,73
1690,76
1625,74
1732,75
1593,70
1797,78
1721,79
1779,78
1776,79
1609,73
1661,74
1759,80
1737,79
1693,75
1590,71
1747,79
1711,78
1518,70
1585,71
1401,65
1693,78
1555,67
1479,67
1592,70
1570,70
1637,70
1605,71
1813,77
1730,79
1606,70
1546,69
1624,74
1480,68
1739,79
1759,80
1759,80
1635,71
1647,74
1597,72
1355,65
1418,66
1653,73
1499,68
1730,79
1672,73
1601,72
1730,78
1460,67
1430,66
1700,78
1734,78
1394,64
1637,75
1732,75
1630,73
1661,72
1302,63
1788,79
1649,74
1556,71
1616,72
1743,78
1684,77
1711,77
1824,80
1769,75
1679,76
1651,75
1671,76
1710,75
1670,74
1734,79
1795,76
1680,75
1746,79
1593,72
1658,72
1403,67
1759,80
1409,65
1611,72
1795,80
1731,78
1583,71
1579,73
1722,78
1318,62
1597,71
1504,69
1428,67
1691,76
1521,71
1579,73
1717,78
1550,71
1714,75
1606,73
1712,77
1663,74
1651,75
1450,65
1720,78
1574,70
1607,72
1664,75
1609,71
1659,72
1653,74
1478,67
1625,75
1751,80
1669,76
1715,79
1660,75
1519,72
1659,73
1745,76
1754,79
1625,75
1642,70
1563,68
1597,71
1656,73
1753,80
1493,69
1690,73
1742,79
1699,77
1667,75
1738,79
1497,68
1700,77
1731,77
1700,77
1682,75
1320,60
1751,80
1530,68
1751,80
1741,78
1711,78
1688,77
1750,78
1714,78
1702,74
1695,74
1671,76
1526,68
1708,77
1635,74
1699,78
1529,65
1738,79
1594,68
1715,76
1738,79
1601,73
1698,75
1729,79
1497,66
1662,74
1569,71
1721,74
1750,79
1578,70
1554,66
1601,73
1590,73
1703,78
1395,61
1664,75
1556,72
1694,74
1751,80
1674,73
1687,77
1750,79
1636,74
1642,74
1639,76
1556,68
1619,73
1750,79
1523,68
1735,78
1680,77
1608,72
1739,78
1415,66
1419,67
1617,73
1486,66
1536,69
1611,72
1536,69
1498,67
1714,76
1757,80
1442,66
1570,71
1630,73
1659,76
1618,75
1683,77
1693,72
1750,77
1620,73
1704,77
1602,70
1584,69
1567,72
1688,77
1738,79
1738,79
1685,79
1577,69
1751,80
1397,62
1644,72
1540,71
1554,69
1727,79
1585,75
1751,77
1644,76
1674,73
1588,71
1782,77
1633,76
1611,70
1558,70
1641,73
1603,72
1557,71
1672,77
1698,75
1670,74
1484,66
1605,75
1552,70
1366,62
1632,76
1526,69
1735,79
1724,77
1433,67
1841,79
1646,71
1651,73
1565,71
1701,75
1583,72
1499,69
1715,77
1691,75
1597,70
1815,80
1748,79
1690,76
1709,75
1744,79
1737,79
1699,73
1514,69
1519,71
1737,79
1695,76
1726,76
1444,66
1591,72
1721,76
1575,72
1518,66
1736,78
1695,74
1600,75
1574,73
1726,78
1723,75
1732,79
1607,73
1744,77
1835,81
1478,67
1698,77
1722,75
1619,74
1612,72
1747,79
1752,78
1764,78
1643,73
1835,81
1536,71
1835,81
1776,77
1745,77
1649,74
1761,80
1519,68
1835,81
1605,73
1766,78
1600,72
1845,80
1533,69
1712,73
1710,76
1741,78
1305,61
1538,68
1658,72
1692,75
1560,72
1733,75
1697,74
1567,70
1797,78
1617,72
1648,74
1619,75
1542,69
1648,76
1596,72
1627,74
1604,70
1507,67
1622,73
1718,75
1659,73
1710,73
1621,71
1544,67
1648,73
1841,81
1835,81
1837,81
1490,67
1690,74
1553,71
1641,74
1672,77
1649,73
1738,77
1555,69
1605,71
1546,68
1627,72
1702,75
1753,76
1707,75
1672,75
1811,78
1661,73
1536,69
1605,70
1747,77
1792,79
1639,73
1534,68
1552,70
1535,69
1664,74
1746,77
1835,81
1583,72
1449,66
1613,70
1654,71
1599,69
1623,71
1544,68
1559,71
1769,78
1567,71
1789,79
1720,79
1646,73
1635,71
1460,68
1835,81
1715,75
1766,78
1788,79
1651,70
1601,71
1588,71
1744,76
1583,70
1702,72
1673,74
1645,75
1514,68
1459,67
1674,74
1719,76
1800,79
1669,74
1838,80
1719,76
1644,74
1576,70
1685,77
1683,74
1504,65
1793,79
1831,81
1632,73
1667,73
1693,72
1831,81
1705,77
1437,66
1558,70
1772,78
1825,78
1799,80
1649,74
1547,67
1806,79
1779,79
1699,77
1498,70
1550,71
1807,79
1612,70
1615,72
1756,75
1831,81
1698,76
1815,78
1572,69
1831,81
1605,70
1741,74
1833,81
1724,75
1535,69
1565,71
1635,70
1580,70
1768,78
1435,65
1464,65
1703,74
1587,71
1793,79
1660,73
1516,69
1759,79
1773,77
1530,68
1764,78
1750,76
1701,74
1702,76
1692,77
1673,74
1601,71
1807,80
1547,71
1793,80
1709,76
1686,75
1613,73
1833,81
1751,77
1694,76
1755,77
1827,81
1442,66
1766,79
1640,73
1806,80
1812,80
1453,65
1645,75
1827,81
1773,79
1783,78
1714,76
1609,72
1809,80
1511,67
1541,69
1520,69
1544,69
1487,70
1614,72
1550,68
1718,76
1745,76
1576,69
1566,72
1540,69
1705,75
1550,70
1434,64
1833,81
1540,71
1551,71
1798,80
1638,72
1586,71
1631,72
1503,68
1823,79
1827,81
1613,71
1773,79
1758,78
1733,76
1483,66
1582,72
1310,62
1474,70
1806,80
1599,71
1628,71
1748,78
1782,79
1608,73
1590,74
1800,79
1594,71
1833,81
1743,77
1827,81
1736,77
1781,79
1821,80
1763,77
1654,74
1506,67
1648,74
1732,77
1577,71
1700,75
1651,75
1702,75
1625,71
1700,75
1811,79
1669,75
1643,73
1842,79
1712,74
1636,74
1680,75
1652,73
1757,77
1451,67
1801,79
1814,80
1827,81
1647,72
1551,69
1762,77
1548,72
1653,71
1706,76
1806,79
1827,81
1643,75
1838,80
1702,76
1605,71
1575,70
1475,67
1514,69
1591,70
1726,77
1657,76
1633,74
1799,79
1558,71
1796,77
1427,67
1535,73
1554,69
1641,75
1581,72
1596,71
1796,79
1749,80
1719,75
1516,68
1775,76
1553,69
1829,81
1675,73
1659,73
1695,75
1612,72
1605,72
1735,76
1573,70
1751,77
1779,77
1870,81
1731,75
1834,78
1464,67
1551,71
1789,77
1671,73
1650,74
1611,71
1580,70
1576,71
1827,81
1563,71
1505,69
1776,79
1569,71
1697,76
1580,71
1570,70
1339,65
1539,70
1691,75
1577,71
1619,71
1548,70
1681,73
1739,76
1788,78
1615,71
1634,73
1642,75
1841,80
1753,77
1459,68
1689,75
1684,75
1678,73
1735,76
1774,79
1735,76
1797,79
1678,76
1636,73
1424,62
1615,74
1571,73
1770,76
1498,67
1831,81
1639,75
1822,80
1507,69
1767,77
1603,71
1554,72
1703,73
1800,80
1480,68
1681,77
1696,77
1481,67
1728,76
1617,70
1827,81
1611,73
1688,74
1581,72
1798,80
1516,68
1788,79
1478,69
1621,74
1617,70
1628,72
1580,66
1700,77
1451,67
1670,73
1488,68
1590,72
1563,71
1666,74
1702,78
1793,80
1687,73
1600,73
1784,79
1641,75
1705,76
1806,80
1474,66
1546,69
1728,74
1589,74
1510,71
1631,72
1802,77
1853,80
1721,78
1814,79
1572,71
1698,75
1550,71
1693,76
1502,69
1262,62
1783,78
1358,62
1640,70
1701,75
1556,70
1756,75
1476,67
1596,71
1683,75
1608,71
1699,75
1684,75
1521,67
1673,74
1756,76
1793,80
1702,76
1399,60
1705,75
1827,81
1805,80
1810,79
1521,69
1830,80
1833,81
1719,75
1504,69
1489,71
1741,77
1497,68
1727,76
1739,76
1831,81
1758,78
1821,79
1807,79
1681,74
1475,66
1723,77
1502,68
1548,70
1470,64
1719,75
1679,74
1598,71
1605,71
1637,75
1778,76
1518,69
1499,70
1753,80
1692,75
1670,74
1536,72
1727,77
1556,72
1693,74
1574,72
1817,80
1798,78
1537,68
1757,75
1434,65
1429,67
1710,78
1780,79
1618,74
1796,80
1613,73
1553,72
1676,75
1674,74
1356,63
1726,77
1705,75
1766,79
1742,77
1686,76
1742,76
1676,76
1839,80
1598,71
1800,79
1592,73
1581,71
1400,66
1561,72
1580,71
1742,78
1597,72
1805,80
1391,66
1551,71
1471,66
1831,81
1577,70
1355,64
1528,68
1437,66
1619,70
1636,70
1784,77
1620,73
1665,75
1817,80
1612,72
1599,73
1506,68
1661,72
1594,74
1512,68
1775,78
1478,67
1818,79
1520,69
1764,76
1545,67
1400,65
1411,65
1721,74
1676,74
1546,69
1791,79
1800,80
1563,70
1821,81
1717,76
1681,77
1648,76
1825,81
1622,74
1679,75
1771,80
1707,77
1821,81
1784,78
1837,81
1542,71
1601,74
1418,65
1464,69
1705,76
1593,73
1637,74
1829,81
1603,72
1637,74
1774,80
1757,78
1823,81
1821,81
1650,74
1616,73
1861,81
1680,75
1733,78
1634,72
1829,81
1534,67
1758,78
1767,79
1841,81
1810,80
1664,75
1556,69
1567,70
1665,76
1776,79
1697,75
1717,75
1744,79
1689,73
1606,72
1593,70
1574,69
1578,69
1775,77
1482,69
1695,73
1691,76
1754,79
1821,81
1535,70
1644,74
1704,78
1798,80
1790,79
1769,79
1814,80
1650,74
1762,80
1794,80
1757,78
1821,81
1419,67
1588,72
1652,73
1830,80
1569,73
1361,62
1784,80
1786,77
1565,72
1819,81
1757,77
1708,76
1599,73
1803,80
1560,73
1781,79
1631,70
1591,71
1736,78
1450,66
1643,73
1825,81
1819,81
1597,72
1656,73
1620,70
1609,72
1416,66
1474,68
1759,80
1825,78
1819,81
1363,64
1844,80
1713,78
1649,74
1658,74
1672,75
1747,77
1761,78
1796,80
1555,71
1723,77
1454,67
1819,81
1579,70
1762,77
1542,71
1542,70
1692,75
1745,77
1748,77
1798,80
1599,73
1770,79
1626,71
1638,75
1739,77
1515,70
1387,64
1766,78
1527,69
1774,79
1382,62
1712,75
1730,77
1565,73
1819,81
1803,80
1634,74
1699,75
1806,77
1713,76
1777,78
1657,74
1414,67
1641,72
1562,72
1825,81
1718,77
1745,78
1604,72
1732,77
1522,70
1598,73
1778,79
1639,73
1803,78
1759,78
1478,66
1630,73
1568,73
1611,74
1584,70
1718,76
1712,74
1460,68
1750,78
1473,67
1573,71
1482,69
1817,81
1409,64
1819,81
1518,70
1803,80
1816,79
1793,79
1646,74
1662,76
1814,80
1819,81
1604,70
1580,70
1351,64
1420,67
1393,65
1570,69
1549,73
1643,76
1637,71
1777,80
1814,79
1661,75
1819,81
1594,70
1791,80
1831,81
1744,77
1502,70
1567,71
1640,73
1467,67
1739,78
1774,77
1686,75
1627,72
1651,76
1473,67
1764,78
1674,75
1800,80
1657,76
1735,78
1559,70
1710,76
1549,69
1674,72
1835,81
1713,78
1620,72
1526,68
1704,76
1701,77
1599,70
1768,79
1616,73
1497,69
1614,74
1648,73
1723,77
1817,81
1384,65
1653,73
1733,76
1717,79
1379,63
1474,70
1683,75
1491,70
1630,73
1601,74
1766,77
1637,70
1657,74
1655,74
1573,73
1486,69
1725,78
1660,72
1619,73
1763,78
1449,66
1872,81
1700,78
1661,76
1575,71
1798,80
1783,80
1592,72
1566,70
1793,78
1719,76
1476,68
1650,75
1710,76
1671,74
1605,73
1617,73
1526,67
1815,80
1643,74
1692,76
1532,71
1574,73
1795,79
1503,68
1461,68
1562,72
1633,73
1665,73
1655,73
1590,71
1800,79
1471,69
1621,72
1477,66
1672,74
1662,76
1689,75
1712,78
1752,77
1771,78
1769,77
1693,77
1514,69
1690,76
1583,72
1841,81
1573,71
1636,74
1724,77
1626,72
1807,80
1351,66
1746,79
1691,76
1694,75
1711,78
1627,73
1708,76
1603,74
1776,79
1660,74
1522,70
1821,81
1724,76
1371,64
1793,79
1747,77
1562,70
1819,81
1638,74
1763,78
1772,80
1740,79
1618,74
1490,69
1482,66
1739,80
1640,72
1438,65
1618,72
1490,68
1773,78
1817,81
1563,70
1719,73
1465,67
1759,80
1723,77
1744,77
1735,77
1451,68
1558,67
1553,71
1560,71
1800,79
1636,73
1796,79
1767,78
1587,73
1814,80
1437,65
1706,74
1747,74
1645,74
1657,72
1746,78
1808,79
1742,78
1599,72
1682,75
1738,77
1567,70
1471,68
1712,78
1485,69
1817,81
1556,70
1802,80
1532,69
1791,80
1655,75
1596,72
1826,79
1582,71
1654,74
1622,74
1495,70
1810,80
1392,66
1672,77
1761,79
1350,63
1819,81
1605,73
1708,78
1594,73
1661,75
1624,73
1664,75
1825,80
1632,73
1581,71
1609,73
1638,75
1781,80
1743,80
1817,81
1495,67
1722,74
1525,68
1675,77
1479,68
1589,71
1577,72
1612,72
1604,72
1498,70
1729,77
1544,70
1597,72
1696,77
1707,74
1669,74
1817,81
1825,81
1685,77
1696,75
1621,74
1625,72
1584,70
1675,73
1719,77
1822,80
1624,72
1609,71
1607,68
1807,79
1833,81
1736,75
1567,69
1541,70
1775,79
1561,70
1570,71
1817,81
1575,71
1777,80
1659,74
1769,80
1683,76
1545,69
1528,73
1795,78
1819,81
1661,73
1635,73
1596,71
1744,76
1652,73
1819,81
1657,77
1630,75
1471,68
1756,77
1504,69
1580,72
1627,75
1591,72
1725,75
1659,75
1668,75
1579,72
1733,77
1657,75
1672,73
1573,70
1761,79
1593,71
1666,75
1330,63
1459,69
1662,73
1809,80
1716,77
1677,76
1599,71
1642,73
1539,71
1584,73
1678,75
1473,69
1617,74
1665,75
1738,77
1578,71
1774,79
1746,78
1613,73
1614,74
1718,78
1483,68
1437,66
1670,75
1703,74
1448,69
1741,80
1863,81
1703,76
1463,71
1645,71
1586,71
1534,73
1595,72
1652,72
1639,74
1691,78
1665,75
1566,74
1727,78
1547,74
1764,78
1511,69
1540,72
1805,80
1817,81
1738,78
1771,79
1567,72
1515,67
1819,81
1721,77
1718,77
1698,74
1692,76
1662,75
1628,73
1592,73
1735,80
1648,76
1560,73
1491,70
1755,77
1683,77
1720,78
1702,76
1562,72
1719,74
1380,65
1684,75
1454,68
1608,70
1598,73
1821,81
1686,76
1537,68
1634,75
1742,78
1655,75
1434,65
1705,75
1650,73
1441,68
1573,69
1618,73
1469,67
1796,79
1661,77
1701,77
1552,70
1628,75
1577,72
1640,73
1777,80
1796,80
1582,72
1804,80
1617,73
1587,73
1610,73
1656,74
1660,74
1658,75
1680,77
1614,72
1740,76
1714,77
1658,74
1516,69
1684,76
1522,72
1467,68
1474,67
1483,66
1784,79
1693,75
1437,65
1620,71
1395,66
1533,71
1715,74
1729,76
1574,70
1679,74
1518,70
1596,72
1806,79
1385,65
1778,78
1609,76
1674,76
1536,70
1819,81
1513,69
1610,73
1688,76
1691,76
1721,78
1612,73
1721,76
1491,69
1705,77
1650,74
1572,71
1381,64
1665,75
1593,74
1756,78
1566,73
1617,73
1508,68
1763,78
1589,74
1364,64
1460,69
1718,77
1801,80
1812,80
1679,74
1432,68
1761,78
1821,81
1821,81
1802,80
1819,81
1599,72
1592,72
1767,78
1746,77
1518,69
1434,68
1775,79
1546,72
1631,72
1618,75
1598,71
1865,80
1430,68
1629,74
1413,66
1819,81
1628,75
1521,70
1524,70
1539,71
1637,73
1577,74
1574,72
1805,80
1660,73
1418,69
1509,68
1447,69
1608,74
1578,72
1711,77
1783,79
1604,72
1578,73
1817,81
1589,73
1769,78
1665,74
1580,72
1669,75
1771,78
1679,73
1674,72
1410,67
1565,70
1765,78
1439,68
1564,71
1561,73
1635,72
1563,69
1695,75
1554,71
1751,78
1817,81
1705,77
1612,71
1616,73
1562,69
1718,77
1674,74
1674,74
1581,71
1667,73
1665,76
1764,79
1673,75
1727,76
1651,74
1561,70
1702,77
1676,74
1701,75
1817,81
1817,81
1599,73
1726,75
1789,80
1829,81
1628,73
1701,75
1679,75
1520,70
1579,72
1655,75
1524,68
1682,75
1683,76
1658,76
1721,77
1544,71
1746,78
1819,81
1666,75
1549,70
1726,79
1566,70
1649,72
1606,70
1614,72
1796,80
1722,78
1593,73
1743,80
1796,80
1735,76
1555,72
1794,80
1817,81
1468,68
1658,74
1615,73
1619,73
1683,70
1843,81
1378,65
1595,72
1528,72
1677,76
1709,77
1668,74
1811,80
1633,73
1616,74
1620,70
1499,67
1700,75
1589,71
1772,80
1557,71
1679,74
1770,78
1699,77
1493,70
1667,76
1544,72
1540,71
1430,69
1809,80
1746,78
1504,71
1733,76
1763,78
1655,75
1515,70
1647,74
1545,70
1458,66
1575,73
1552,69
1482,67
1703,77
1823,80
1835,81
1817,81
1652,75
1835,81
1529,70
1758,77
1776,79
1637,74
1597,70
1456,66
1673,75
1710,77
1647,74
1618,73
1720,78
1613,71
1767,77
1584,72
1567,71
1667,75
1763,78
1446,68
1769,77
1767,79
1606,73
1637,74
1743,77
1580,74
1683,75
1789,77
1667,72
1563,69
1674,75
1801,80
1595,72
1672,73
1748,77
1750,78
1711,76
1682,75
1637,74
1586,72
1817,81
1591,74
1631,74
1758,79
1749,80
1778,79
1763,78
1784,79
1800,80
1759,77
1611,71
1656,74
1700,77
1666,75
1756,78
1745,78
1493,69
1572,71
1698,76
1760,78
1765,78
1422,64
1717,75
1670,70
1740,78
1763,78
1798,80
1646,74
1645,72
1713,76
1631,73
1558,71
1703,75
1775,79
1802,80
1586,73
1487,67
1840,77
1792,79
1558,71
1573,70
1631,73
1773,78
1821,80
1463,67
1472,69
1763,78
1712,76
1521,70
1783,80
1810,80
1720,77
1637,73
1603,73
1594,71
1539,68
1748,78
1841,81
1640,75
1697,76
1763,79
1639,73
1687,78
1528,67
1577,71
1600,73
1561,71
1817,81
1669,75
1753,76
1734,77
1717,77
1492,70
1635,73
1773,78
1668,74
1664,75
1608,72
1498,70
1566,69
1587,71
1741,77
1719,74
1806,80
1518,68
1730,78
1550,69
1664,74
1819,81
1634,72
1450,67
1846,81
1783,80
1714,77
1466,68
1586,72
1780,79
1738,77
1749,77
1779,80
1634,73
1789,80
1819,81
1750,78
1705,75
1800,79
1699,74
1783,80
1570,71
1740,76
1780,78
1626,73
1614,73
1749,78
1788,79
1750,78
1563,73
1475,70
1825,80
1771,79
1473,69
1817,81
1573,68
1656,75
1582,73
1692,77
1749,78
1610,74
1626,73
1641,74
1579,72
1507,70
1428,65
1537,73
1475,65
1743,76
1821,81
1745,78
1719,75
1743,80
1576,73
1664,75
1685,76
1639,73
1798,80
1571,73
1784,79
1597,74
1783,78
1664,75
1638,77
1712,77
1595,69
1721,76
1716,76
1764,78
1647,75
1438,65
1826,80
1509,70
1817,81
1717,74
1586,73
1753,77
1660,74
1743,78
1763,78
1714,75
1776,79
1442,65
1654,72
1615,72
1767,77
1702,76
1505,72
1569,72
1658,72
1545,70
1547,72
1578,71
1658,75
1736,77
1817,81
1437,66
1435,67
1726,76
1564,71
1662,73
1650,73
1536,73
1603,73
1738,78
1513,72
1533,71
1701,75
1618,72
1817,81
1527,72
1574,71
1554,70
1817,81
1511,71
1663,75
1755,77
1584,71
1582,70
1657,73
1753,77
1819,81
1670,75
1817,81
1533,70
1736,78
1616,73
1733,77
1525,71
1802,78
1819,81
1766,78
1714,74
1667,72
1694,76
1719,76
1693,75
1819,81
1717,76
1718,77
1611,71
1591,71
1721,76
1530,70
1541,67
1672,74
1669,76
1586,73
1509,71
1640,71
1746,76
1577,70
1529,70
1645,75
1557,72
1622,72
1534,68
1553,73
1868,80
1751,79
1833,81
1512,67
1662,75
1734,78
1800,79
1685,75
1597,74
1521,70
1485,68
1656,76
1774,79
1446,69
1560,70
1635,73
1536,72
1785,79
1749,78
1777,80
1609,76
1704,76
1781,80
1628,74
1793,79
1677,75
1409,67
1599,72
1543,70
1625,73
1630,73
1525,71
1751,78
1602,74
1799,80
1670,73
1601,71
1646,75
1639,74
1681,74
1544,70
1776,79
1646,72
1738,78
1640,74
1516,70
1746,76
1776,80
1763,78
1620,74
1636,74
1633,75
1595,71
1639,75
1774,79
1752,78
1665,74
1582,73
1643,76
1562,70
1546,70
1560,71
1773,79
1543,70
1775,79
1615,73
1570,72
1702,76
1798,80
1418,66
1668,74
1681,75
1598,73
1737,77
1779,80
1616,73
1610,75
1751,78
1562,70
1664,77
1763,79
1751,79
1779,80
1817,81
1695,76
1469,67
1644,72
1526,68
1642,74
1831,81
1678,75
1737,78
1544,72
1688,73
1589,72
1690,75
1479,65
1611,72
1500,70
1493,69
1743,77
1775,79
1603,73
1656,74
1609,73
1684,76
1631,73
1678,75
1564,71
1556,70
1557,72
1339,63
1803,80
1529,69
1817,81
1521,72
1817,81
1827,81
1591,71
1791,79
1753,77
1798,80
1745,78
1579,70
1681,73
1803,80
1547,70
1568,73
1817,81
1723,77
1532,72
1708,76
1822,80
1787,80
1770,79
1642,73
1635,75
1786,79
1549,71
1638,72
1764,79
1668,74
1764,77
1776,79
1628,73
1551,73
1730,77
1664,75
1580,71
1652,73
1742,77
1649,75
1818,80
1640,72
1704,76
1663,76
1495,70
1696,76
1701,75
1693,75
1703,74
1564,72
1619,71
1488,68
1756,77
1597,75
1825,80
1758,79
1741,80
1720,75
1645,73
1406,67
1647,74
1634,75
1714,75
1821,81
1694,76
1583,72
1666,74
1782,79
1613,72
1623,71
1608,73
1592,73
1594,73
1843,81
1817,81
1665,73
1707,78
1515,70
1500,66
1595,73
1787,80
1689,74
1817,81
1712,77
1693,76
1654,74
1677,73
1640,75
1692,75
1762,79
1645,73
1621,75
1671,75
1619,73
1661,76
1570,71
1499,66
1521,68
1618,72
1779,80
1800,80
1416,66
1595,73
1372,67
1821,81
1755,78
1767,78
1769,79
1511,69
1596,73
1716,77
1634,74
1819,81
1700,76
1797,80
1762,79
1629,72
1536,71
1489,69
1739,76
1596,70
1592,71
1649,76
1668,74
1633,76
1549,71
1524,69
1816,80
1767,79
1563,70
1649,73
1817,81
1626,74
1689,73
1472,68
1559,72
1761,79
1529,71
1426,65
1581,71
1810,80
1682,74
1512,68
1701,78
1744,78
1657,74
1682,76
1579,72
1586,72
1773,79
1395,63
1532,70
1694,76
1823,81
1704,77
1467,66
1809,80
1678,74
1646,73
1556,72
1794,80
1655,71
1505,68
1522,69
1572,71
1594,71
1821,80
1817,81
1240,62
1541,71
1790,79
1729,76
1771,79
1799,80
1521,68
1489,67
1731,78
1686,75
1629,72
1653,74
1819,81
1663,76
1584,72
1775,78
1646,74
1611,74
1587,72
1477,69
1749,78
1560,70
1619,74
1666,74
1667,73
1763,79
1695,75
1753,79
1655,75
1514,68
1546,71
1502,69
1802,80
1796,80
1646,75
1754,77
1623,75
1609,73
1633,75
1598,74
1595,75
1674,75
1555,71
1819,81
1348,64
1553,72
1642,76
1817,81
1783,78
1590,73
1688,77
1767,79
1522,70
1805,80
1405,66
1745,78
1709,78
1731,79
1541,72
1601,73
1819,81
1662,75
1811,80
1654,77
1807,80
1702,75
1732,79
1685,78
1613,74
1764,79
1576,73
1781,78
1508,68
1745,80
1449,68
1759,75
1503,69
1779,80
1805,80
1677,76
1731,76
1555,72
1670,74
1474,67
1698,76
1643,71
1740,79
1741,77
1631,74
1475,68
1712,78
1510,68
1744,79
1719,75
1548,73
1474,71
1634,74
1693,74
1819,81
1819,81
1529,71
1809,80
1750,78
1608,73
1745,78
1717,77
1801,80
1560,71
1648,73
1510,67
1421,68
1740,79
1715,76
1605,72
1829,81
1823,80
1704,76
1765,79
1817,81
1759,77
1371,64
1614,72
1525,68
1627,72
1725,78
1565,71
1632,72
1535,70
1390,67
1744,76
1639,74
1567,71
1853,80
1594,71
1647,74
1629,74
1798,80
1771,77
1782,78
1591,73
1496,68
1532,70
1733,76
1712,79
1794,80
1741,76
1817,81
1634,74
1800,80
1647,73
1635,73
1574,72
1659,75
1634,72
1785,80
1702,76
1669,75
1786,78
1687,74
1588,73
1581,73
1752,78
1745,79
1818,80
1719,73
1401,66
1631,71
1664,74
1803,80
1491,68
1392,66
1758,76
1669,74
1566,71
1663,74
1684,75
1503,71
1663,74
1574,70
1606,73
1584,72
1636,78
1465,70
1761,78
1561,71
1468,68
1801,80
1567,69
1817,81
1583,73
1655,72
1584,73
1588,71
1469,68
1566,68
1701,76
1731,76
1727,77
1524,71
1639,73
1603,73
1724,77
1817,81
1761,79
1717,75
1593,71
1636,70
1484,68
1594,72
1550,71
1433,64
1698,74
1503,72
1817,81
1626,73
1729,78
1647,73
1817,81
1735,75
1775,79
1645,75
1661,75
1557,71
1589,73
1736,76
1783,79
1597,72
1817,81
1753,79
1598,72
1762,79
1617,74
1763,79
1608,74
1710,74
1761,79
1595,74
1546,67
1470,68
1625,76
1593,70
1595,74
1623,75
1664,74
1547,69
1783,77
1578,72
1803,80
1707,77
1439,68
1521,72
1728,77
1723,77
1597,73
1634,76
1757,78
1641,75
1456,70
1672,75
1727,75
1529,69
1558,71
1793,78
1414,66
1753,79
1552,70
1778,78
1680,74
1508,71
1704,75
1604,70
1504,70
1464,69
1559,70
1577,70
1547,72
1739,78
1710,76
1682,74
1486,68
1592,74
1648,73
1661,73
1657,74
1801,80
1809,80
1633,73
1541,71
1728,77
1683,75
1746,78
1354,65
1743,77
1529,71
1586,71
1547,69
1352,65
1546,70
1614,72
1596,70
1761,78
1598,72
1789,79
1775,79
1744,78
1794,80
1548,71
1606,73
1744,77
1706,75
1703,77
1621,74
1599,71
1749,77
1638,73
1646,74
1635,73
1646,75
1740,79
1641,73
1816,80
1737,78
1751,77
1434,67
1767,79
1592,74
1753,79
1651,73
1736,78
1631,73
1420,68
1770,78
1654,75
1524,69
1485,68
1556,72
1591,72
1817,81
1728,77
1713,77
1630,73
1555,70
1508,69
1631,74
1615,73
1722,77
1765,79
1714,74
1644,74
1564,71
1569,68
1657,73
1802,80
1535,70
1802,77
1712,77
1588,72
1796,80
1435,68
1687,75
1685,75
1685,76
1807,80
1583,73
1485,69
1802,79
1663,75
1504,70
1586,72
1787,80
1702,76
1495,68
1564,72
1584,72
1569,71
1812,80
1560,70
1685,75
1822,80
1487,68
1421,67
1605,70
1527,69
1782,80
1519,70
1750,79
1776,79
1461,67
1442,67
1636,73
1605,72
1675,76
1778,79
1740,78
1465,70
1363,64
1506,71
1628,74
1744,79
1720,77
1629,74
1472,66
1544,70
1603,74
1715,77
1658,76
1701,78
1556,71
1722,76
1785,78
1664,76
1747,78
1789,78
1497,67
1823,81
1607,74
1572,72
1418,66
1578,70
1645,74
1758,78
1800,79
1590,71
1756,77
1729,77
1688,74
1467,68
1684,75
1775,79
1605,73
1594,72
1578,72
1547,67
1538,69
1817,81
1382,63
1555,73
1642,74
1530,70
1754,79
1791,79
1817,81
1737,78
1657,74
1769,79
1554,70
1704,77
1610,74
1693,74
1806,80
1460,68
1504,69
1523,72
1690,74
1738,77
1655,74
1532,71
1475,69
1469,69
1796,80
1806,79
1527,70
1607,72
1599,75
1509,68
1754,79
1510,68
1601,72
1652,75
1817,80
1543,72
1698,76
1614,72
1576,73
1567,72
1580,71
1595,74
1777,78
1631,70
1736,78
1805,80
1666,74
1467,67
1819,81
1750,77
1565,71
1705,77
1612,72
1655,75
1767,79
1812,80
1554,69
1630,73
1574,72
1423,66
1784,79
1565,68
1670,75
1549,70
1553,69
1556,72
1597,71
1497,72
1800,80
1562,70
1702,77
1512,69
1754,77
1726,75
1724,78
1632,73
1552,68
1574,74
1589,72
1682,75
1676,73
1632,75
1355,60
1756,78
1823,80
1524,71
1518,70
1719,78
1546,70
1783,79
1399,65
1636,74
1572,72
1739,78
1665,73
1817,81
1663,74
1397,65
1779,80
1817,81
1696,76
1406,68
1713,76
1551,71
1390,64
1356,64
1496,67
1459,66
1670,73
1659,73
1677,77
1630,71
1560,73
1637,71
1705,76
1589,72
1590,70
1733,76
1791,78
1843,81
1547,72
1621,73
1703,77
1761,79
1688,76
1627,75
1745,76
1669,74
1510,69
1683,78
1696,75
1753,80
1627,75
1654,74
1516,72
1558,71
1806,79
1634,75
1821,81
1752,77
1576,73
1821,81
1646,74
1608,72
1714,76
1751,78
1508,71
1718,78
1571,72
1645,73
1579,71
1817,81
1546,70
1651,74
1764,79
1756,79
1639,76
1633,74
1610,75
1568,70
1688,77
1739,78
1481,71
1558,69
1588,69
1821,81
1668,75
1807,78
1600,71
1564,71
1506,70
1614,74
1418,65
1648,75
1494,70
1512,68
1507,67
1421,69
1683,76
1445,67
1680,75
1805,80
1424,65
1572,73
1735,78
1564,71
1653,75
1622,73
1752,78
1665,75
1699,76
1731,76
1631,74
1530,71
1671,74
1658,75
1502,69
1705,73
1816,80
1659,73
1640,73
1718,77
1622,74
1696,75
1664,74
1536,70
1686,75
1631,75
1717,77
1621,73
1758,79
1682,76
1826,79
1817,81
1442,66
1643,72
1757,78
1817,81
1471,66
1500,68
1490,71
1572,72
1498,68
1600,69
1817,81
1777,79
1557,70
1794,80
1614,74
1572,73
1537,70
1603,71
1591,75
1646,69
1618,73
1500,68
1606,72
1447,67
1630,72
1750,78
1458,65
1773,79
1689,76
1800,80
1496,68
1439,67
1568,69
1670,74
1655,76
1780,77
1807,80
1480,69
1559,70
1734,77
1620,72
1743,78
1764,78
1833,81
1505,70
1756,77
1695,74
1645,76
1478,69
1770,77
1736,79
1611,73
1712,74
1589,73
1591,74
1526,70
1657,72
1817,81
1670,74
1678,77
1586,71
1519,68
1440,66
1790,79
1754,79
1619,74
1741,76
1601,71
1618,75
1733,75
1608,72
1505,69
1759,79
1717,76
1576,74
1697,74
1488,69
1597,72
1819,81
1679,77
1745,77
1677,73
1841,81
1619,71
1635,74
1625,74
1780,80
1649,73
1585,72
1620,74
1659,75
1817,81
1758,77
1587,73
1607,74
1766,79
1483,69
1650,72
1769,78
1784,79
1722,77
1402,66
1572,70
1711,78
1727,77
1589,74
1819,81
1747,80
1595,73
1678,72
1740,76
1367,65
1503,69
1601,72
1563,71
1593,72
1604,71
1610,73
1652,78
1561,72
1491,68
1686,75
1573,69
1817,81
1797,80
1817,81
1439,69
1612,72
1796,80
1540,72
1637,73
1450,68
1721,78
1458,69
1647,74
1656,74
1704,76
1515,72
1548,70
1632,74
1818,80
1812,80
1773,78
1785,78
1821,81
1542,72
1829,80
1810,80
1651,73
1679,73
1800,80
1467,67
1445,65
1749,76
1782,79
1613,70
1688,75
1728,77
1756,79
1573,73
1564,69
1769,79
1621,75
1466,69
1740,78
1799,80
1595,72
1763,79
1677,76
1770,79
1814,80
1726,77
1589,73
1492,70
1817,81
1632,71
1558,72
1802,80
1496,70
1422,67
1768,78
1649,73
1613,73
1673,73
1573,74
1348,64
1572,74
1670,76
1528,71
1600,72
1799,80
1578,74
1794,79
1772,80
1446,69
1649,73
1800,80
1730,77
1817,81
1693,76
1529,71
1527,70
1658,74
1790,78
1485,67
1709,74
1609,73
1584,75
1671,75
1613,71
1521,71
1788,80
1484,69
1736,77
1546,70
1521,69
1646,74
1502,69
1813,80
1758,79
1521,69
1698,77
1803,80
1556,69
1786,78
1558,71
1608,70
1477,71
1642,74
1684,74
1710,76
1496,70
1755,74
1819,80
1735,77
1515,71
1605,73
1808,79
1760,79
1604,72
1502,69
1641,75
1507,69
1845,81
1650,75
1534,70
1614,73
1608,74
1809,80
1769,78
1585,70
1827,81
1710,75
1465,68
1521,69
1559,74
1768,78
1504,69
1414,64
1602,74
1671,76
1753,78
1464,69
1503,68
1619,76
1714,75
1561,72
1609,73
1501,70
1629,75
1798,79
1779,78
1634,73
1735,77
1691,76
1599,72
1512,69
1700,76
1716,76
1487,69
1466,66
1517,68
1639,74
1673,75
1542,69
1540,70
1718,77
1605,73
1799,79
1754,78
1563,71
1537,70
1617,74
1565,72
1697,76
1560,72
1771,77
1821,81
1537,71
1488,67
1487,68
1637,73
1564,69
1634,74
1598,73
1711,77
1492,69
1817,81
1655,75
1569,72
1598,71
1543,70
1529,71
1645,72
1842,81
1448,65
1524,71
1616,74
1690,74
1557,71
1684,75
1655,74
1709,77
1779,80
1731,78
1772,79
1397,68
1821,81
1680,74
1528,70
1677,76
1598,73
1817,81
1828,78
1806,80
1630,73
1810,80
1758,78
1780,79
1806,78
1831,81
1604,73
1746,79
1609,74
1585,73
1578,71
1818,80
1580,70
1691,75
1512,68
1603,73
1823,81
1404,66
1587,72
1686,74
1798,78
1410,65
1563,69
1672,76
1708,76
1606,72
1821,81
1668,75
1776,78
1677,75
1436,68
1410,69
1566,70
1602,73
1503,70
1503,69
1823,81
1500,67
1594,72
1613,72
1592,70
1583,74
1719,76
1479,68
1767,78
1777,80
1564,71
1599,71
1544,68
1618,72
1532,73
1710,77
1711,75
1749,78
1726,75
1679,74
1798,80
1644,71
1823,81
1577,69
1731,78
1730,76
1600,72
1768,78
1479,68
1801,79
1623,72
1819,81
1486,68
1835,81
1532,67
1717,75
1824,80
1646,75
1786,80
1761,78
1657,73
1619,71
1547,72
1491,71
1598,75
1805,78
1700,76
1745,79
1438,66
1528,72
1625,73
1571,69
1666,74
1714,76
1613,74
1820,80
1546,70
1739,78
1583,71
1457,65
1620,74
1617,73
1616,72
1601,74
1597,74
1734,77
1449,67
1626,73
1784,78
1695,77
1504,67
1637,74
1620,71
1758,77
1580,69
1565,70
1793,79
1530,72
1648,73
1501,70
1656,75
1550,70
1754,78
1545,72
1566,72
1693,76
1743,79
1787,80
1776,79
1467,67
1690,76
1704,76
1644,73
1701,78
1737,78
1664,74
1619,73
1545,70
1575,71
1605,74
1706,75
1629,73
1448,67
1673,74
1489,69
1776,80
1621,73
1717,77
1578,72
1636,73
1508,68
1722,77
1505,70
1686,77
1776,79
1796,80
1447,68
1608,73
1394,65
1398,63
1600,73
1574,70
1552,68
1501,69
1810,80
1771,78
1605,72
1601,75
1764,77
1716,77
1414,67
1641,75
1638,74
1510,67
1817,81
1821,81
1662,75
1727,79
1571,70
1721,77
1561,71
1446,66
1468,64
1823,81
1819,81
1672,73
1571,72
1817,81
1552,71
1817,81
1684,74
1641,71
1799,80
1600,73
1590,72
1780,80
1706,75
1800,80
1645,75
1521,69
1426,68
1493,67
1818,79
1742,77
1645,75
1758,78
1805,80
1564,73
1705,78
1823,81
1660,73
1691,75
1658,73
1595,72
1645,75
1571,71
1573,70
1747,78
1514,69
1542,69
1712,75
1449,66
1543,71
1684,74
1612,74
1493,71
1556,73
1754,78
1481,68
1653,74
1601,74
1812,80
1765,79
1820,80
1667,76
1781,80
1734,78
1649,74
1559,71
1572,71
1455,68
1540,69
1671,75
1819,81
1451,67
1654,73
1659,75
1712,76
1784,80
1549,70
1498,69
1673,74
1684,73
1659,75
1603,72
1817,81
1789,79
1630,74
1481,70
1482,67
1621,73
1754,77
1817,81
1782,80
1419,65
1510,68
1844,81
1762,78
1737,77
1841,81
1639,73
1606,73
1623,72
1838,79
1694,76
1556,68
1493,68
1803,80
1747,78
1682,76
1796,79
1756,78
1648,69
1625,72
1620,73
1715,74
1651,75
1781,76
1431,70
1646,72
1638,75
1497,68
1584,71
1616,70
1699,75
1690,76
1629,71
1817,81
1517,68
1678,75
1504,70
1604,71
1823,80
1735,77
1798,79
1557,69
1636,74
1564,70
1618,72
1615,73
1660,74
1783,79
1504,69
1499,72
1606,72
1707,74
1471,70
1707,74
1639,74
1601,72
1497,70
1697,76
1668,74
1749,78
1634,75
1815,79
1504,71
1587,70
1659,76
1667,76
1743,77
1584,74
1677,74
1480,67
1749,78
1690,76
1690,76
1718,77
1802,79
1430,66
1460,69
1718,75
1617,71
1648,75
1772,80
1604,73
1825,80
1690,76
1796,80
1544,70
1589,73
1486,68
1766,78
1817,81
1640,73
1652,74
1477,67
1510,69
1555,71
1598,72
1807,80
1711,78
1758,79
1572,71
1805,80
1613,73
1775,79
1500,67
1698,75
1766,78
1574,73
1552,72
1827,80
1664,76
1538,69
1819,81
1798,78
1867,80
1756,78
1759,79
1761,79
1676,73
1698,76
1505,69
1777,79
1670,76
1833,80
1817,81
1608,71
1693,75
1618,72
1575,74
1632,71
1685,75
1615,73
1624,74
1804,80
1588,71
1653,74
1591,71
1487,66
1626,74
1614,75
1645,74
1606,72
1821,81
1569,73
1479,67
1803,79
1742,76
1754,77
1617,74
1817,81
1744,78
1546,70
1568,70
1781,79
1669,75
1671,74
1612,73
1564,71
1576,72
1508,69
1573,72
1782,80
1465,67
1681,74
1769,78
1768,78
1651,74
1474,69
1427,67
1775,79
1584,70
1432,67
1803,80
1688,77
1517,72
1562,72
1649,75
1692,76
1707,74
1520,70
1525,70
1462,69
1471,70
1842,81
1589,74
1825,80
1536,73
1618,72
1555,71
1681,76
1626,75
1621,72
1598,72
1423,66
1643,74
1638,74
1692,77
1697,75
1828,77
1535,67
1626,74
1526,67
1823,81
1714,77
1796,80
1531,71
1693,75
1723,77
1666,73
1748,76
1759,78
1577,71
1805,80
1743,77
1592,72
1650,74
1529,70
1871,82
1568,70
1793,77
1659,75
1687,77
1690,76
1802,78
1582,71
1677,76
1725,76
1560,72
1649,74
1672,75
1624,75
1713,74
1566,72
1612,71
1881,82
1871,82
1801,79
1382,66
1882,81
1524,70
1661,76
1654,75
1649,73
1593,70
1414,66
1737,78
1649,74
1461,66
1762,79
1704,75
1664,74
1671,75
1742,79
1524,70
1819,80
1591,71
1457,64
1790,79
1503,69
1673,74
1713,77
1687,77
1571,69
1789,79
1746,75
1645,74
1457,67
1592,72
1642,72
1538,72
1514,70
1551,69
1790,78
1558,73
1563,73
1788,78
1732,78
1640,72
1577,73
1613,71
1655,76
1646,73
1702,76
1512,68
1520,68
1748,79
1620,73
1619,74
1654,74
1604,71
1763,79
1589,71
1498,72
1657,73
1493,68
1611,74
1871,82
1799,80
1799,80
1620,73
1851,81
1871,82
1750,77
1568,70
1654,74
1557,71
1856,81
1719,76
1627,74
1508,67
1761,76
1528,71
1475,68
1671,72
1875,82
1612,72
1556,72
1745,78
1555,71
1717,78
1657,74
1575,74
1560,70
1749,76
1795,80
1498,70
1859,81
1696,75
1819,80
1807,80
1437,64
1635,74
1620,73
1610,75
1623,73
1727,78
1600,73
1709,77
1654,75
1865,81
1626,73
1585,73
1871,82
1565,72
1634,73
1559,71
1760,78
1762,78
1883,82
1730,77
1571,73
1425,66
1809,80
1680,75
1610,72
1761,76
1530,70
1598,71
1599,73
1840,81
1603,74
1599,72
1618,70
1737,78
1522,69
1761,77
1797,80
1771,79
1683,76
1765,79
1610,73
1710,74
1762,78
1598,71
1625,75
1548,72
1572,73
1779,79
1771,78
1479,68
1597,71
1655,75
1412,66
1638,74
1520,70
1861,81
1608,69
1717,75
1776,79
1481,68
1565,70
1626,72
1722,78
1538,70
1579,71
1441,67
1495,69
1846,81
1678,75
1683,76
1769,79
1720,78
1577,72
1862,81
1647,74
1871,82
1699,75
1871,82
1791,79
1447,68
1490,65
1533,68
1508,68
1592,71
1704,75
1488,65
1696,76
1451,67
1871,82
1569,70
1747,76
1833,81
1660,74
1805,79
1542,72
1545,71
1607,74
1756,78
1744,78
1785,79
1760,79
1475,67
1632,73
1596,72
1662,75
1814,78
1656,74
1871,82
1803,80
1514,69
1590,71
1697,75
1507,69
1587,73
1730,77
1871,82
1482,65
1562,74
1840,81
1608,73
1696,75
1508,68
1789,79
1583,71
1871,82
1763,79
1556,69
1720,76
1638,73
1588,67
1799,80
1742,77
1832,80
1603,74
1539,69
1690,75
1557,71
1493,68
1620,74
1772,79
1574,68
1805,79
1735,75
1599,72
1845,81
1744,77
1530,70
1662,73
1565,71
1522,70
1446,64
1712,76
1670,73
1646,74
1576,72
1543,71
1879,82
1645,73
1653,73
1545,70
1758,78
1861,81
1510,69
1890,82
1676,75
1521,68
1732,76
1873,82
1641,75
1612,72
1690,76
1637,72
1648,73
1585,71
1544,70
1556,69
1600,75
1669,76
1774,78
1593,71
1601,70
1548,67
1472,66
1636,73
1568,72
1682,77
1794,80
1643,74
1752,76
1804,78
1610,73
1597,69
1751,76
1751,80
1826,80
1725,76
1375,65
1871,82
1637,74
1686,74
1569,72
1518,69
1807,79
1784,79
1652,69
1733,77
1730,78
1733,78
1559,69
1779,79
1829,78
1678,74
1467,67
1665,75
1808,79
1654,74
1611,71
1671,74
1698,72
1760,78
1654,74
1481,66
1664,73
1798,79
1690,75
1560,67
1788,75
1701,77
1642,73
1479,67
1591,71
1626,72
1674,73
1603,71
1495,67
1770,78
1819,80
1705,75
1608,70
1764,79
1779,78
1708,77
1602,73
1602,72
1623,73
1711,74
1690,76
1590,73
1610,72
1785,80
1450,66
1559,71
1445,67
1871,82
1650,75
1760,79
1883,82
1857,81
1812,79
1583,69
1834,80
1612,72
1595,70
1775,79
1589,73
1638,72
1510,69
1584,68
1671,76
1733,77
1849,81
1589,70
1618,71
1502,69
1781,78
1804,79
1523,70
1467,67
1550,68
1597,71
1542,68
1871,82
1369,64
1797,78
1640,73
1730,77
1511,69
1751,77
1777,79
1861,81
1492,67
1579,70
1821,79
1676,75
1684,73
1675,75
1747,80
1670,72
1750,79
1690,75
1684,75
1871,82
1777,79
1560,72
1684,76
1475,67
1550,71
1881,82
1687,77
1601,72
1490,68
1585,71
1756,78
1711,75
1589,72
1444,66
1556,71
1806,80
1516,70
1502,67
1736,76
1583,72
1711,76
1837,81
1641,75
1695,76
1668,76
1823,80
1489,67
1715,76
1776,78
1583,73
1627,74
1665,71
1743,77
1785,80
1753,78
1824,78
1510,67
1571,70
1656,76
1760,78
1564,73
1606,70
1634,71
1740,77
1795,80
1562,71
1820,80
1748,78
1587,72
1517,70
1814,80
1779,79
1380,64
1732,78
1655,73
1746,77
1658,74
1729,78
1574,67
1787,76
1652,76
1796,80
1534,70
1777,79
1669,73
1646,74
1827,80
1444,66
1562,74
1838,81
1798,80
1821,80
1733,78
1810,80
1835,81
1746,78
1752,78
1743,78
1637,74
1451,66
1719,73
1739,78
1516,68
1639,72
1625,74
1527,70
1689,74
1704,74
1726,77
1770,78
1658,75
1694,76
1638,74
1761,79
1758,79
1569,72
1453,65
1597,71
1871,82
1657,70
1702,77
1619,74
1686,76
1608,71
1653,74
1672,76
1788,80
1653,74
1634,73
1871,82
1658,76
1765,79
1849,81
1641,73
1644,75
1488,67
1779,78
1727,77
1663,75
1661,74
1851,80
1613,71
1502,70
1734,77
1701,77
1509,70
1824,78
1756,77
1647,74
1605,69
1432,66
1828,80
1873,82
1648,76
1814,78
1644,72
1773,79
1503,68
1848,81
1708,78
1873,82
1795,79
1730,76
1591,73
1507,68
1667,75
1754,78
1731,78
1605,72
1644,74
1615,72
1664,75
1588,72
1711,76
1516,68
1517,69
1578,68
1655,74
1689,76
1459,65
1809,80
1571,72
1489,70
1873,82
1778,79
1665,73
1505,69
1714,75
1863,81
1590,72
1785,79
1716,77
1628,73
1871,82
1524,71
1627,75
1633,74
1839,81
1723,77
1723,78
1806,79
1754,77
1682,76
1591,70
1662,74
1737,75
1654,73
1778,79
1721,76
1725,77
1424,65
1607,72
1542,69
1706,77
1472,68
1632,73
1448,67
1605,70
1600,74
1829,79
1549,70
1810,80
1593,71
1395,66
1674,73
1527,68
1445,67
1790,80
1493,67
1497,67
1609,73
1713,77
1691,73
1799,80
1555,70
1606,72
1734,76
1504,66
1474,71
1657,74
1750,77
1821,79
1712,77
1773,76
1719,76
1572,70
1733,77
1770,79
1574,73
1838,81
1642,73
1700,75
1653,75
1461,67
1607,73
1663,75
1579,71
1764,79
1656,74
1762,77
1592,70
1477,66
1505,70
1578,69
1534,70
1787,78
1871,82
1713,77
1482,68
1474,69
1859,81
1720,77
1518,69
1879,82
1518,70
1712,76
1478,69
1656,74
1715,76
1831,81
1834,80
1561,70
1586,74
1556,72
1695,76
1738,76
1800,80
1626,71
1586,71
1805,80
1573,70
1557,69
1797,79
1676,75
1805,80
1478,67
1600,69
1530,68
1684,75
1584,68
1773,79
1767,78
1506,69
1769,79
1645,74
1714,77
1633,73
1870,81
1591,73
1745,77
1574,70
1738,76
1806,79
1543,70
1411,63
1851,81
1881,82
1871,82
1535,70
1824,79
1547,68
1743,77
1729,79
1611,74
1799,80
1871,82
1764,77
1833,81
1799,80
1648,74
1659,75
1639,72
1618,73
1810,80
1571,70
1641,74
1731,75
1814,80
1530,69
1721,76
1632,72
1632,72
1593,73
1662,73
1732,76
1587,72
1513,70
1607,72
1622,74
1570,71
1869,82
1554,70
1687,76
1747,76
1873,82
1584,73
1669,75
1816,80
1828,81
1485,69
1683,75
1551,70
1585,71
1787,79
1690,75
1444,67
1683,74
1561,72
1788,80
1467,69
1637,75
1447,67
1797,80
1624,72
1823,80
1676,73
1678,75
1365,64
1527,70
1577,72
1727,77
1771,79
1476,68
1633,73
1606,72
1869,82
1877,82
1597,70
1728,76
1674,76
1633,72
1750,77
1599,71
1871,82
1871,82
1670,73
1770,78
1734,77
1495,69
1674,74
1758,77
1657,74
1549,69
1828,80
1506,67
1681,76
1531,70
1792,78
1412,66
1652,75
1641,73
1756,78
1676,76
1746,74
1835,81
1585,73
1648,74
1628,75
1767,77
1568,69
1530,67
1597,72
1715,77
1869,82
1810,80
1685,77
1827,81
1835,80
1653,74
1759,78
1779,78
1861,81
1565,71
1766,79
1507,69
1790,78
1820,80
1450,65
1586,72
1508,68
1761,76
1653,74
1624,72
1806,80
1645,74
1537,69
1679,73
1483,68
1684,74
1579,70
1869,82
1665,74
1787,79
1670,71
1847,81
1439,69
1617,71
1527,70
1523,68
1634,74
1815,80
1480,68
1765,77
1419,65
1768,79
1669,75
1631,71
1707,76
1696,77
1677,75
1525,70
1450,67
1667,75
1678,73
1763,78
1593,73
1592,70
1724,77
1879,82
1724,79
1827,81
1803,80
1778,79
1589,70
1827,79
1803,80
1701,76
1784,77
1664,75
1598,72
1502,67
1624,75
1642,75
1736,77
1691,75
1475,69
1529,70
1799,80
1795,79
1801,78
1809,79
1577,72
1707,73
1473,65
1805,78
1533,71
1821,80
1662,75
1634,74
1791,79
1711,76
1777,78
1828,81
1734,78
1808,79
1427,65
1719,77
1702,75
1498,66
1580,71
1526,71
1411,67
1708,75
1832,79
1570,72
1561,69
1832,78
1605,75
1700,77
1605,73
1829,79
1560,71
1613,72
1841,78
1654,73
1653,75
1729,77
1854,80
1500,67
1756,79
1837,81
1629,72
1869,82
1759,78
1799,78
1676,74
1565,70
1721,77
1794,79
1684,77
1575,70
1854,81
1741,78
1756,78
1521,69
1516,68
1524,70
1579,69
1721,77
1647,74
1702,75
1625,71
1577,71
1856,81
1553,69
1871,82
1714,77
1765,79
1723,77
1647,75
1672,75
1643,73
1709,75
1788,79
1540,68
1576,72
1656,73
1707,77
1634,72
1742,77
1871,82
1641,73
1476,67
1692,75
1639,72
1827,81
1795,79
1740,74
1665,76
1592,72
1736,78
1548,70
1801,78
1697,76
1827,81
1743,76
1790,79
1847,81
1470,67
1738,76
1519,68
1869,82
1589,72
1711,76
1600,71
1747,78
1359,62
1676,73
1705,77
1700,74
1820,80
1715,78
1858,81
1754,78
1797,79
1808,80
1651,74
1800,78
1754,78
1660,75
1503,70
1827,81
1871,82
1594,71
1869,82
1574,71
1661,74
1530,67
1622,73
1531,70
1837,81
1715,75
1527,67
1680,76
1869,82
1533,69
1726,77
1781,80
1739,77
1726,77
1572,72
1737,75
1756,76
1789,79
1543,70
1619,74
1811,79
1360,63
1737,77
1561,71
1751,77
1688,76
1793,80
1869,82
1827,81
1509,68
1588,72
1570,71
1715,77
1629,72
1829,79
1779,79
1512,69
1797,79
1762,78
1590,72
1533,69
1750,76
1747,78
1502,70
1783,79
1571,70
1708,76
1832,81
1422,64
1737,78
1690,71
1655,75
1552,68
1773,78
1586,71
1609,72
1687,73
1797,80
1799,80
1724,75
1659,73
1658,73
1739,76
1483,67
1764,79
1630,73
1800,80
1832,81
1444,68
1755,77
1677,74
1657,73
1576,71
1644,72
1869,82
1793,79
1758,77
1854,81
1715,76
1757,77
1578,70
1703,77
1770,79
1751,77
1765,77
1678,75
1849,81
1604,71
1869,82
1709,77
1834,81
1618,72
1520,70
1557,72
1763,77
1808,80
1661,74
1657,71
1872,81
1767,76
1756,77
1584,72
1716,75
1543,69
1875,82
1588,70
1826,81
1793,80
1617,74
1652,74
1769,79
1535,70
1799,79
1825,80
1454,67
1781,79
1526,68
1558,70
1683,76
1783,80
1634,75
1632,73
1706,77
1503,70
1719,77
1796,79
1681,76
1587,72
1689,74
1802,77
1640,73
1873,82
1602,70
1663,76
1814,80
1673,74
1592,69
1733,77
1700,77
1627,73
1352,62
1469,69
1602,73
1703,77
1801,78
1574,73
1612,72
1704,76
1711,77
1638,72
1818,79
1586,70
1748,78
1733,77
1704,75
1423,67
1710,77
1783,78
1516,69
1745,78
1774,79
1473,68
1712,76
1709,77
1483,66
1808,80
1604,70
1734,79
1759,79
1595,73
1487,68
1666,74
1372,64
1615,73
1665,74
1563,73
1574,72
1638,74
1827,80
1838,81
1813,79
1689,76
1792,79
1742,76
1460,67
1677,73
1794,80
1492,67
1526,70
1722,79
1588,68
1478,69
1783,78
1759,77
1465,70
1801,80
1516,67
1790,79
1707,76
1499,69
1708,74
1741,77
1573,72
1774,79
1818,81
1561,67
1533,70
1677,74
1869,82
1713,74
1803,80
1724,77
1729,76
1575,69
1869,82
1810,80
1816,80
1798,79
1854,81
1601,71
1369,62
1727,77
1655,75
1817,79
1632,72
1844,81
1547,71
1601,71
1762,76
1709,76
1721,74
1727,78
1809,78
1508,69
1761,78
1758,79
1634,73
1827,81
1828,81
1869,82
1674,74
1715,76
1546,68
1639,71
1668,74
1623,71
1647,72
1817,80
1720,78
1612,73
1802,79
1709,77
1541,70
1774,78
1723,76
1864,81
1728,78
1798,79
1310,62
1639,72
1414,67
1645,71
1723,77
1869,82
1679,76
1648,71
1533,72
1751,77
1697,76
1724,77
1716,75
1691,76
1415,64
1781,78
1518,69
1719,74
1578,71
1834,80
1605,69
1837,81
1651,74
1585,72
1618,72
1638,74
1807,78
1590,71
1549,72
1593,73
1758,77
1536,68
1702,74
1750,78
1582,72
1797,80
1693,75
1810,80
1709,75
1709,75
1604,71
1601,72
1676,76
1590,73
1722,78
1854,81
1892,81
1646,73
1787,79
1706,79
1817,80
1389,66
1446,69
1628,72
1672,75
1827,81
1782,79
1693,76
1538,70
1748,78
1747,80
1688,75
1690,76
1517,69
1722,77
1559,68
1695,77
1686,75
1638,73
1729,77
1619,73
1542,70
1679,76
1787,79
1680,76
1544,69
1566,71
1754,78
1620,73
1593,72
1742,77
1542,70
1815,80
1694,75
1840,80
1780,79
1675,75
1822,81
1564,69
1659,73
1869,82
1801,80
1800,80
1646,73
1780,80
1646,75
1729,75
1525,68
1674,72
1875,82
1652,74
1422,67
1621,73
1751,78
1837,81
1451,68
1771,77
1729,76
1605,72
1379,63
1615,73
1804,79
1684,72
1513,68
1555,70
1780,78
1869,82
1531,70
1542,70
1641,71
1715,75
1479,68
1738,77
1726,76
1704,75
1869,82
1869,82
1812,80
1601,71
1792,80
1627,72
1690,77
1674,75
1755,78
1453,68
1522,68
1476,67
1746,77
1588,69
1736,78
1742,77
1848,80
1716,77
1657,72
1794,79
1564,72
1785,80
1520,68
1550,69
1575,70
1544,70
1461,66
1869,82
1811,80
1836,81
1611,70
1600,69
1577,71
1744,78
1700,76
1840,81
1815,79
1801,80
1757,78
1693,76
1840,81
1846,81
1664,75
1555,70
1499,67
1840,79
1750,77
1755,79
1460,66
1805,78
1869,82
1798,79
1786,79
1439,66
1816,80
1504,69
1551,71
1650,73
1586,71
1661,75
1617,73
1841,80
1574,70
1711,77
1585,73
1625,71
1608,71
1761,78
1455,66
1868,82
1640,73
1612,73
1562,70
1658,74
1706,76
1599,69
1671,75
1576,73
1671,75
1725,77
1766,78
1810,79
1880,82
1843,80
1443,69
1603,74
1868,82
1833,80
1682,75
1522,69
1752,77
1708,76
1823,80
1784,78
1657,74
1506,69
1537,71
1818,79
1779,78
1706,74
1837,81
1768,78
1631,72
1806,79
1888,82
1713,76
1540,69
1655,73
1427,67
1606,71
1795,79
1565,71
1484,69
1539,68
1742,76
1876,82
1684,74
1619,75
1835,80
1779,78
1768,79
1559,71
1652,75
1582,70
1665,74
1832,80
1567,71
1500,69
1791,79
1670,75
1779,78
1681,77
1666,74
1533,73
1736,76
1718,76
1733,77
1840,80
1864,82
1845,80
1821,80
1863,81
1825,80
1823,78
1692,76
1443,67
1757,78
1548,70
1788,79
1731,78
1511,69
1744,78
1718,75
1701,75
1765,79
1662,75
1781,77
1630,73
1761,78
1878,82
1695,75
1903,80
1449,67
1809,79
1823,82
1654,75
1820,81
1686,75
1612,74
1517,69
1653,74
1677,75
1793,81
1439,68
1813,81
1827,82
1772,80
1687,75
1506,68
1660,76
1797,79
1608,73
1738,78
1744,75
1702,77
1697,77
1555,70
1624,76
1733,79
1423,65
1484,69
1777,80
1792,81
1849,82
1745,78
1558,70
1684,75
1538,72
1513,68
1703,74
1823,82
1483,67
1478,69
1674,75
1693,74
1785,80
1823,82
1801,80
1839,82
1728,79
1596,74
1733,78
1811,81
1563,70
1434,67
1639,74
1708,78
1656,73
1662,74
1528,72
1787,81
1761,79
1550,69
1508,69
1624,73
1714,77
1752,80
1796,80
1763,79
1585,70
1593,72
1809,81
1653,75
1775,78
1684,74
1722,77
1608,75
1784,80
1738,77
1571,71
1754,80
1745,77
1730,79
1835,82
1688,77
1776,80
1626,74
1827,82
1523,71
1572,71
1738,79
1791,80
1435,67
1823,82
1833,82
1706,78
1543,69
1422,65
1707,78
1755,80
1572,75
1450,68
1680,74
1518,68
1592,71
1674,76
1651,77
1658,76
1724,77
1785,79
1403,66
1446,64
1741,79
1825,82
1582,74
1825,81
1810,80
1683,76
1648,74
1765,78
1631,74
1581,69
1631,75
1601,73
1787,81
1644,74
1664,75
1742,79
1823,82
1629,74
1832,80
1726,79
1464,68
1702,78
1793,80
1825,82
1823,82
1697,77
1626,75
1647,76
1541,68
1555,70
1676,73
1674,76
1684,77
1645,72
1609,74
1543,71
1612,73
1617,72
1492,70
1652,75
1706,77
1701,78
1733,78
1773,78
1728,79
1839,82
1529,70
1715,79
1588,72
1666,75
1706,79
1616,74
1747,79
1771,78
1829,82
1706,77
1726,76
1661,71
1529,70
1667,76
1549,71
1425,66
1544,71
1825,80
1602,72
1432,69
1623,71
1675,73
1821,82
1839,82
1739,78
1415,67
1826,82
1551,72
1749,79
1661,74
1740,76
1729,77
1729,78
1760,80
1628,74
1669,75
1663,75
1676,76
1641,76
1745,78
1790,80
1821,82
1749,79
1825,78
1596,73
1771,80
1871,81
1589,73
1415,67
1518,69
1634,72
1792,81
1569,70
1752,76
1605,72
1628,74
1691,76
1753,77
1526,70
1753,80
1477,70
1555,70
1662,74
1783,81
1526,69
1505,71
1733,77
1613,74
1806,80
1746,79
1778,79
1547,69
1738,78
1847,82
1540,70
1613,75
1758,77
1649,75
1821,82
1253,60
1758,80
1667,73
1663,76
1576,73
1806,81
1703,78
1821,82
1706,77
1703,78
1746,79
1647,76
1736,79
1660,75
1739,79
1711,79
1332,62
1821,81
1517,69
1780,79
1821,82
1723,78
1421,66
1577,74
1676,75
1578,72
1598,75
1821,82
1781,79
1807,79
1791,78
1537,72
1617,75
1605,72
1688,74
1687,75
1730,76
1499,68
1673,75
1796,79
1628,72
1829,82
1494,69
1714,78
1690,77
1514,69
1836,81
1848,81
1801,80
1642,74
1578,73
1608,71
1826,79
1645,75
1611,74
1689,75
1633,74
1739,78
1687,77
1710,77
1589,71
1573,72
1817,79
1386,66
1823,82
1821,82
1778,80
1763,78
1801,81
1507,68
1714,76
1667,75
1545,70
1747,79
1519,71
1753,79
1657,74
1531,69
1749,77
1633,74
1586,72
1625,74
1591,71
1679,75
1716,76
1829,82
1706,77
1604,73
1781,80
1574,72
1837,82
1595,73
1650,73
1715,78
1576,72
1702,75
1731,77
1799,80
1564,68
1788,80
1732,78
1688,77
1727,77
1694,76
1604,74
1665,76
1291,60
1800,80
1802,81
1822,81
1635,74
1808,81
1801,81
1840,80
1624,74
1600,74
1752,79
1507,67
1713,77
1779,81
1507,70
1628,76
1621,75
1740,78
1827,82
1765,77
1426,67
1536,70
1827,82
1597,73
1788,81
1593,72
1559,73
1639,76
1739,79
1734,77
1673,76
1836,81
1781,80
1603,72
1537,70
1742,79
1672,76
1749,79
1693,74
1795,81
1629,75
1596,72
1633,75
1439,67
1823,82
1561,72
1739,79
1541,72
1595,73
1634,76
1783,80
1562,70
1454,67
1705,75
1591,72
1732,79
1624,76
1506,68
1738,78
1849,82
1617,73
1569,74
1625,76
1549,71
1547,70
1456,68
1645,74
1788,79
1767,79
1565,72
1821,82
1619,74
1562,71
1835,80
1655,76
1839,82
1700,76
1684,75
1600,75
1915,83
1573,69
1832,79
1773,77
1797,77
1587,74
1718,73
1881,81
1535,69
1727,77
1867,79
1686,73
1452,67
1547,70
1824,80
1830,80
1748,78
1542,65
1803,76
1705,74
1633,73
1749,77
1697,76
1698,76
1627,70
1651,74
1362,64
1664,72
1471,67
1859,79
1725,77
1804,78
1668,73
1847,79
1568,71
1770,78
1540,67
1894,81
1847,77
1683,72
1643,71
1728,75
1705,77
1756,75
1839,80
1584,70
1598,69
1738,76
1891,82
1913,82
1673,75
1759,75
1602,73
1919,83
1886,81
1781,77
1844,81
1508,67
1575,72
1600,72
1426,65
1760,75
1718,76
1647,73
1710,74
1543,70
1543,71
1877,80
1717,76
1814,79
1493,69
1931,82
1884,81
1580,71
1620,71
1897,81
1775,75
1833,81
1798,77
1747,78
1585,72
1862,80
1930,83
1875,81
1608,71
1584,68
1679,73
1658,74
1749,75
1786,79
1539,71
1843,81
1830,79
1751,76
1691,75
1644,73
1756,79
1548,68
1854,82
1640,70
1814,80
1627,73
1758,76
1703,76
1799,77
1437,66
1820,79
1832,80
1915,83
1832,80
1642,74
1759,77
1690,76
1785,78
1693,76
1809,77
1830,80
1833,80
1582,71
1867,80
1767,77
1631,73
1829,78
1882,80
1553,70
1617,72
1796,78
1608,73
1831,80
1828,79
1853,80
1578,71
1849,81
1814,80
1806,79
1929,81
1780,77
1494,69
1873,82
1689,73
1833,80
1679,71
1915,83
1754,78
1921,81
1915,83
1687,75
1591,71
1859,81
1671,76
1828,81
1827,80
1730,77
1825,80
1725,74
1862,80
1584,70
1770,77
1852,81
1894,83
1635,72
1685,74
1361,62
1842,81
1737,76
1894,83
1592,70
1906,82
1413,65
1737,78
1897,79
1723,76
1729,75
1685,76
1732,77
1669,74
1712,77
1734,77
1762,76
1601,73
1709,77
1615,72
1778,79
1816,81
1715,76
1666,73
1666,73
1915,83
1675,76
1795,77
1768,77
1613,74
1792,79
1756,79
1805,78
1733,78
1890,79
1702,76
1753,77
1763,78
1828,80
1708,77
1525,70
1678,74
1624,74
1774,76
1843,80
1624,70
1649,74
1672,75
1708,76
1625,74
1690,76
1643,74
1605,72
1675,73
1757,78
1814,79
1631,73
1729,75
1778,77
1643,72
1648,76
1774,77
1873,82
1806,79
1504,68
1432,66
1689,74
1624,74
1717,77
1834,79
1778,78
1814,79
1639,73
1817,80
1848,81
1807,79
1708,76
1736,77
1728,75
1625,72
1634,71
1750,78
1717,77
1747,75
1564,70
1894,83
1553,69
1902,83
1650,72
1794,79
1583,72
1604,70
1733,77
1760,79
1640,75
1537,70
1746,76
1772,78
1500,69
1724,76
1705,75
1896,83
1845,80
1739,76
1909,83
1742,77
1894,83
1887,81
1727,75
1718,75
1631,73
1881,82
1613,73
1696,73
1818,80
1589,73
1744,77
1458,66
1646,72
1879,82
1512,68
1783,78
1819,81
1702,75
1526,68
1724,78
1793,78
1586,70
1407,65
1691,73
1629,73
1831,78
1702,77
1533,67
1871,82
1590,71
1926,83
1774,77
1709,77
1629,73
1722,78
1697,75
1758,76
1898,83
1431,63
1762,79
1892,83
1858,82
1523,70
1625,74
1716,77
1587,71
1885,81
1533,70
1638,72
1625,73
1671,76
1725,79
1703,77
1803,80
1892,83
1706,77
1637,75
1603,73
1750,78
1637,73
1651,73
1549,68
1774,76
1699,75
1719,77
1788,78
1635,74
1547,68
1608,71
1634,73
1734,79
1845,80
1838,79
1837,81
1777,77
1755,77
1798,79
1704,74
1774,76
1819,76
1788,78
1796,79
1917,83
1757,77
1737,77
1509,70
1769,78
1594,69
1828,78
1862,82
1799,80
1737,78
1752,79
1643,75
1709,76
1830,81
1643,74
1596,73
1763,78
1649,74
1830,80
1649,74
1575,71
1721,77
1725,73
1906,83
1506,70
1702,76
1802,80
1640,71
1902,82
1680,74
1814,79
1699,78
1810,80
1702,75
1791,79
1567,68
1737,75
1718,74
1654,72
1652,71
1654,72
1617,72
1668,76
1868,82
1778,78
1878,81
1628,71
1591,70
1580,69
1708,75
1657,76
1809,79
1907,83
1739,78
1746,77
1939,82
1731,78
1679,74
1864,82
1581,71
1858,81
1678,76
1793,76
1685,75
1892,83
1620,71
1484,64
1639,75
1765,79
1731,78
1638,71
1768,78
1691,76
1786,77
1557,68
1696,77
1657,72
1812,79
1790,79
1829,80
1658,74
1672,75
1722,77
1491,67
1892,83
1776,78
1603,72
1884,80
1841,81
1623,71
1623,73
1854,82
1649,73
1566,70
1693,74
1778,79
1633,74
1897,81
1539,69
1701,77
1405,65
1579,70
1894,83
1557,70
1626,71
1581,72
1629,73
1780,79
1734,78
1800,79
1617,74
1631,73
1848,82
1736,74
1657,76
1841,80
1789,80
1754,77
1879,82
1752,76
1709,74
1811,80
1645,76
1822,81
1817,80
1738,77
1783,78
1533,68
1653,75
1392,66
1848,79
1710,75
1802,81
1752,79
1661,74
1614,72
1819,81
1706,75
1683,76
1733,77
1829,81
1550,70
1793,78
1885,82
1871,82
1785,79
1616,73
1667,75
1778,79
1758,76
1913,83
1896,83
1845,81
1664,76
1702,76
1775,78
1535,68
1714,77
1548,72
1682,73
1839,80
1707,76
1876,83
1593,71
1735,78
1635,75
1796,79
1753,78
1880,81
1766,77
1742,78
1793,76
1737,76
1751,76
1750,77
1814,81
1576,70
1574,73
1759,77
1482,65
1496,69
1770,76
1642,74
1830,81
1780,80
1646,72
1780,79
1771,75
1850,81
1734,79
1643,73
1880,83
1449,67
1857,82
1776,80
1554,71
1585,73
1802,81
1539,70
1628,75
1522,70
1621,72
1789,79
1740,78
1629,73
1829,82
1838,82
1716,76
1734,78
1568,71
1579,71
1590,71
1759,79
1834,80
1849,81
1775,78
1687,73
1692,74
1686,76
1782,78
1642,70
1791,79
1844,82
1743,75
1669,76
1592,71
1872,83
1842,82
1591,73
1695,77