1484,65
1457,64
1490,63
1465,63
1398,61
1440,61
1444,64
1442,60
1224,56
1396,62
1433,63
1229,55
1401,61
1268,58
1553,66
1372,64
1441,62
1425,60
1598,69
1380,63
1357,61
1391,62
1569,66
1525,68
1458,64
1505,64
1458,64
1459,65
1407,64
1470,65
1338,60
1419,63
1611,67
1415,64
1339,60
1423,63
1404,63
1406,65
1420,62
1429,65
1409,62
1623,68
1495,66
1441,62
1452,63
1487,65
1425,63
1386,63
1557,68
1487,65
1492,66
1461,64
1513,68
1389,63
1489,66
1461,62
1435,64
1320,60
1432,62
1383,64
1579,67
1609,69
1486,66
1387,62
1472,65
1560,69
1502,68
1457,65
1387,62
1532,67
1490,66
1340,61
1382,59
1456,65
1429,66
1296,60
1512,66
1521,66
1455,62
1287,61
1462,66
1368,62
1446,65
1485,65
1521,68
1495,64
1243,59
1450,65
1462,63
1474,63
1380,62
1458,66
1521,65
1511,66
1486,66
1429,63
1474,65
1434,66
1360,63
1563,68
1480,67
1461,63
1585,68
1323,62
1521,67
1329,61
1402,64
1463,63
1431,63
1400,64
1366,60
1483,67
1541,66
1413,63
1598,66
1466,65
1533,65
1587,67
1323,58
1363,61
1397,63
1360,61
1443,66
1354,60
1315,59
1543,69
1538,68
1445,63
1401,63
1384,64
1389,59
1340,60
1288,58
1451,64
1383,64
1360,61
1382,61
1312,61
1448,60
1328,59
1401,62
1531,67
1399,63
1357,60
1466,65
1357,61
1468,62
1334,59
1523,67
1397,64
1406,63
1451,64
1539,65
1260,57
1570,67
1527,64
1340,60
1451,61
1348,59
1482,65
1426,61
1308,60
1338,61
1403,61
1392,63
1511,64
1381,62
1402,64
1480,64
1319,59
1343,59
1329,58
1402,60
1559,69
1435,62
1353,61
1479,66
1500,67
1529,65
1419,64
1363,61
1608,70
1427,64
1396,63
1524,64
1480,65
1325,61
1565,67
1468,66
1492,65
1345,63
1522,66
1541,66
1532,65
1477,61
1300,59
1533,68
1508,67
1428,64
1493,65
1395,62
1434,62
1426,62
1600,68
1470,63
1554,67
1473,62
1416,65
1464,66
1443,63
1412,64
1446,66
1451,66
1533,66
1459,64
1548,69
1365,59
1575,68
1522,67
1433,62
1487,67
1390,62
1250,56
1512,65
1570,66
1426,65
1467,67
1519,64
1464,64
1414,64
1468,65
1487,65
1420,63
1412,64
1427,65
1488,64
1501,64
1412,63
1428,65
1428,66
1466,64
1332,59
1322,57
1386,65
1575,69
1400,63
1530,65
1520,67
1414,63
1396,62
1435,63
1451,62
1381,62
1405,62
1457,64
1412,65
1459,64
1449,67
1581,70
1259,58
1611,71
1649,69
1453,66
1520,65
1517,67
1648,69
1416,67
1425,61
1337,59
1415,63
1611,71
1447,63
1442,65
1463,64
1347,64
1570,67
1500,66
1599,66
1479,65
1401,62
1432,63
1365,60
1516,65
1621,70
1560,65
1511,68
1352,62
1442,65
1510,65
1486,63
1501,64
1600,68
1473,65
1504,65
1548,68
1416,63
1485,63
1326,59
1333,60
1533,66
1448,65
1555,66
1336,61
1413,65
1324,61
1406,64
1508,65
1531,66
1456,64
1477,65
1505,67
1397,62
1557,69
1609,71
1579,68
1533,69
1537,68
1570,67
1523,66
1375,63
1614,69
1605,69
1572,68
1327,59
1582,68
1639,70
1488,66
1674,72
1644,69
1509,63
1564,70
1475,64
1436,65
1420,62
1535,68
1564,66
1607,71
1448,66
1474,63
1433,64
1572,68
1568,66
1505,67
1502,64
1410,62
1484,66
1392,62
1486,66
1623,69
1438,62
1452,64
1479,66
1496,67
1408,62
1410,63
1488,65
1570,66
1592,67
1395,62
1548,68
1491,67
1445,64
1418,62
1501,67
1527,63
1607,70
1406,63
1452,64
1510,67
1494,65
1597,70
1526,67
1450,63
1539,67
1545,69
1657,70
1608,69
1426,66
1651,71
1445,64
1530,68
1405,64
1458,66
1466,64
1295,59
1518,66
1553,64
1439,64
1353,60
1593,70
1503,66
1297,60
1525,66
1498,67
1592,69
1604,70
1526,66
1450,64
1480,65
1703,68
1430,63
1571,69
1605,67
1564,69
1478,66
1580,70
1603,68
1511,66
1503,66
1766,72
1624,69
1536,67
1336,60
1474,67
1435,64
1418,63
1418,61
1579,68
1482,65
1468,64
1476,65
1406,64
1425,65
1447,66
1672,70
1536,66
1510,66
1449,69
1572,68
1612,72
1525,69
1605,71
1455,69
1484,68
1543,68
1588,69
1566,67
1516,68
1529,68
1539,67
1484,67
1486,67
1533,67
1373,63
1452,66
1549,68
1542,69
1465,65
1473,64
1483,66
1548,67
1668,74
1449,66
1416,64
1491,68
1432,65
1472,67
1443,66
1532,68
1614,71
1486,65
1596,70
1560,70
1676,72
1461,67
1579,69
1316,64
1412,66
1423,65
1506,70
1407,64
1591,69
1519,70
1566,68
1404,62
1642,71
1565,70
1466,69
1422,65
1474,64
1510,68
1535,69
1420,65
1493,67
1468,67
1331,62
1540,69
1676,75
1638,72
1543,70
1540,68
1636,71
1478,69
1540,70
1537,69
1591,75
1446,68
1612,73
1572,72
1572,69
1532,69
1432,70
1523,72
1560,71
1528,70
1575,74
1496,70
1507,69
1502,69
1403,69
1589,73
1578,75
1503,71
1480,68
1471,71
1616,73
1457,70
1600,74
1403,68
1395,67
1600,74
1514,70
1576,74
1354,69
1556,73
1439,68
1533,72
1495,70
1466,68
1542,73
1531,73
1488,68
1237,63
1461,68
1405,66
1656,76
1582,71
1480,71
1401,67
1595,72
1541,73
1589,72
1563,74
1522,69
1640,75
1605,74
1511,72
1642,76
1576,73
1558,72
1595,75
1617,76
1847,79
1572,74
1544,73
1579,72
1674,73
1525,71
1467,67
1659,76
1649,74
1617,74
1542,71
1624,74
1556,68
1573,73
1618,72
1609,75
1614,75
1625,73
1488,70
1748,76
1609,74
1662,75
1547,73
1590,73
1661,75
1531,71
1510,70
1541,74
1696,76
1507,70
1711,75
1643,75
1521,70
1597,73
1593,71
1651,75
1629,72
1714,77
1497,71
1620,75
1668,76
1533,72
1560,72
1767,78
1473,70
1584,74
1457,67
1563,71
1527,72
1567,75
1690,75
1543,72
1439,66
1500,72
1640,76
1714,76
1611,74
1644,76
1596,75
1503,70
1531,71
1634,76
1610,71
1622,73
1562,71
1787,79
1560,70
1722,77
1459,69
1699,75
1626,72
1611,74
1553,72
1559,72
1742,76
1726,79
1681,75
1550,72
1668,75
1631,73
1638,73
1807,78
1713,77
1584,75
1756,78
1838,80
1713,72
1783,76
1632,73
1599,70
1619,71
1543,70
1683,75
1732,77
1650,75
1587,71
1588,72
1767,79
1686,75
1525,71
1601,72
1672,74
1700,77
1739,76
1705,75
1694,75
1674,75
1751,78
1689,75
1637,75
1709,75
1647,72
1760,77
1533,70
1663,72
1754,78
1618,71
1627,74
1828,78
1659,74
1864,81
1646,74
1714,76
1627,72
1653,73
1537,71
1723,74
1855,79
1552,71
1675,74
1757,75
1795,75
1609,73
1581,73
1621,72
1775,75
1872,82
1712,76
1601,74
1692,76
1582,72
1702,76
1665,73
1669,73
1802,78
1765,76
1713,74
1853,80
1779,77
1840,79
1876,79
1650,74
1847,80
1774,78
1669,75
1752,77
1598,72
1573,69
1690,76
1729,75
1790,78
1662,76
1679,73
1825,80
1616,74
1651,74
1747,76
1770,78
1727,75
1619,73
1658,75
1626,72
1627,73
1754,77
1636,72
1729,73
1616,74
1787,77
1793,78
1742,76
1749,77
1717,76
1779,77
1793,75
1580,72
1768,77
1760,79
1777,78
1692,75
1661,73
1583,72
1760,77
1755,77
1737,76
1766,76
1725,77
1676,75
1570,72
1585,73
1717,76
1628,75
1757,77
1856,81
1807,78
1816,80
1614,74
1829,80
1589,73
1698,75
1656,74
1724,73
1598,73
1780,78
1827,79
1759,76
1721,75
1760,77
1647,74
1793,78
1673,75
1773,77
1761,79
1922,81
1603,72
1602,72
1565,72
1584,73
1812,80
1727,76
1765,76
1602,72
1706,76
1702,76
1698,76
1817,80
1698,75
1716,76
1678,74
1745,78
1652,73
1618,71
1791,78
1809,76
1736,77
1675,72
1692,75
1578,72
1716,75
1672,75
1683,74
1738,76
1683,76
1747,76
1594,70
1739,76
1843,78
1676,75
1676,75
1693,77
1687,76
1742,76
1859,81
1795,78
1799,79
1636,74
1633,73
1576,72
1676,76
1577,73
1663,75
1589,73
1593,71
1882,81
1800,79
1667,72
1692,76
1627,74
1614,70
1688,76
1738,75
1835,79
1771,77
1709,77
1792,78
1700,76
1827,81
1552,71
1597,73
1702,73
1626,74
1606,74
1724,76
1731,75
1816,80
1832,80
1707,75
1748,77
1728,77
1733,77
1714,76
1650,73
1440,67
1785,76
1730,77
1631,71
1748,79
1518,70
1512,69
1607,71
1678,76
1790,76
1679,73
1809,78
1654,74
1565,69
1739,77
1719,76
1663,74
1661,72
1610,74
1800,80
1530,69
1694,77
1706,75
1934,82
1648,72
1794,79
1718,76
1711,76
1511,69
1678,77
1705,75
1680,72
1790,78
1818,78
1723,74
1663,71
1770,77
1539,69
1604,73
1636,73
1630,73
1665,76
1649,75
1627,74
1618,73
1775,79
1894,82
1606,73
1472,69
1671,75
1942,81
1779,76
1666,75
1681,75
1786,76
1710,76
1634,74
1619,73
1778,79
1779,76
1574,73
1823,80
1665,74
1624,73
1876,82
1714,74
1762,77
1806,79
1622,73
1588,73
1722,77
1730,76
1695,76
1706,75
1761,77
1689,76
1729,78
1668,74
1687,76
1763,78
1651,74
1756,75
1778,78
1797,79
1608,74
1851,81
1659,75
1649,74
1763,79
1804,78
1704,77
1805,79
1787,77
1752,77
1832,80
1693,75
1626,75
1592,71
1646,75
1568,72
1638,74
1753,77
1551,73
1627,74
1618,71
1753,78
1751,75
1649,75
1573,74
1752,78
1558,73
1754,76
1807,78
1734,75
1719,75
1665,74
1640,74
1861,77
1668,74
1698,77
1762,75
1784,77
1501,72
1739,74
1665,74
1692,75
1614,74
1654,73
1747,79
1868,80
1578,71
1752,78
1695,74
1635,75
1731,76
1707,76
1766,76
1567,72
1619,72
1592,71
1736,75
1686,75
1772,78
1611,74
1850,80
1648,75
1659,69
1663,76
1717,75
1697,74
1733,77
1543,71
1739,74
1636,72
1640,73
1745,77
1817,81
1714,79
1698,74
1591,72
1762,77
1602,72
1826,79
1741,76
1776,77
1704,76
1646,73
1550,70
1548,72
1879,80
1705,76
1702,77
1619,72
1842,80
1746,77
1607,72
1690,76
1699,76
1662,74
1727,76
1702,75
1661,74
1780,76
1729,76
1680,74
1515,70
1688,76
1671,73
1741,79
1606,73
1744,77
1761,77
1714,75
1773,79
1644,74
1773,76
1777,77
1651,73
1741,77
1557,72
1755,74
1771,80
1581,72
1751,77
1483,70
1700,76
1659,75
1730,75
1527,67
1528,69
1643,74
1852,79
1719,76
1787,79
1710,77
1650,76
1586,69
1739,77
1826,80
1654,73
1625,71
1848,78
1579,75
1690,76
1654,73
1725,77
1601,70
1793,77
1636,73
1570,68
1773,78
1671,74
1738,75
1566,71
1653,74
1824,79
1638,75
1743,77
1512,69
1624,73
1608,74
1682,74
1787,79
1725,75
1718,77
1671,74
1717,77
1607,73
1617,70
1818,79
1476,68
1611,72
1692,75
1763,77
1744,77
1577,73
1700,77
1772,79
1713,76
1546,71
1805,79
1605,72
1829,79
1655,72
1620,73
1760,76
1804,79
1677,72
1717,75
1709,76
1630,73
1733,76
1712,76
1515,70
1718,77
1606,73
1652,74
1718,75
1735,77
1779,79
1673,74
1469,68
1774,79
1723,78
1746,75
1819,79
1727,77
1673,74
1680,75
1667,76
1576,73
1758,78
1652,72
1698,76
1556,69
1715,77
1622,74
1575,71
1607,73
1819,79
1600,72
1911,82
1767,79
1725,77
1674,76
1789,76
1663,73
1764,76
1576,70
1700,77
1614,76
1663,73
1555,69
1688,74
1678,75
1760,77
1696,76
1771,79
1405,66
1631,74
1476,71
1464,68
1642,74
1585,73
1729,76
1734,77
1794,78
1637,76
1807,79
1649,74
1655,76
1734,77
1737,77
1682,74
1771,77
1710,75
1602,72
1689,76
1521,72
1664,74
1554,71
1717,76
1703,76
1835,78
1657,74
1694,76
1740,78
1754,79
1762,78
1596,73
1878,80
1502,69
1670,74
1804,78
1489,70
1784,78
1620,72
1653,73
1674,72
1595,73
1731,76
1903,80
1584,74
1740,78
1603,75
1834,79
1672,75
1672,76
1746,77
1817,79
1626,72
1700,72
1671,76
1664,75
1775,77
1613,71
1621,72
1727,77
1660,73
1757,76
1588,72
1718,75
1677,75
1712,76
1648,73
1668,74
1733,77
1620,73
1761,76
1738,77
1628,73
1674,76
1718,74
1682,74
1829,79
1787,79
1674,74
1673,73
1713,75
1738,77
1613,73
1734,77
1632,72
1709,76
1805,79
1593,70
1601,71
1769,79
1731,76
1945,83
1908,81
1760,77
1840,80
1758,80
1777,77
1711,75
1794,78
1834,79
1440,67
1689,75
1670,75
1742,75
1609,73
1691,75
1693,75
1764,78
1739,76
1801,78
1947,83
1529,70
1666,75
1685,74
1719,74
1762,76
1630,73
1599,69
1553,71
1507,68
1615,73
1682,74
1649,73
1627,69
1764,75
1598,72
1872,79
1504,69
1660,73
1693,72
1828,80
1721,75
1510,70
1561,73
1755,77
1684,72
1708,75
1755,78
1719,73
1751,75
1696,75
1773,77
1587,71
1689,74
1824,80
1827,79
1773,76
1737,75
1659,73
1628,72
1650,73
1570,74
1578,71
1762,77
1605,72
1623,74
1650,73
1770,77
1572,72
1701,74
1563,70
1550,71
1698,77
1579,70
1789,77
1764,78
1788,77
1614,73
1724,77
1568,69
1573,70
1742,76
1672,75
1784,78
1634,74
1725,76
1620,73
1775,77
1727,75
1630,72
1719,75
1694,76
1818,79
1576,72
1714,76
1739,76
1638,72
1762,78
1663,74
1703,75
1784,76
1753,77
1716,74
1712,76
1723,75
1809,78
1671,73
1583,71
1710,77
1736,75
1616,73
1689,72
1651,75
1755,76
1805,77
1785,76
1709,77
1713,73
1662,74
1847,78
1770,78
1797,79
1894,82
1736,76
1799,78
1685,72
1592,72
1660,73
1644,72
1625,74
1710,76
1695,73
1592,73
1791,76
1715,77
1727,75
1725,74
1761,78
1754,77
1645,72
1698,75
1741,77
1669,73
1747,77
1879,78
1626,73
1714,75
1656,74
1846,81
1661,75
1543,70
1712,75
1754,76
1793,76
1680,75
1651,73
1716,76
1694,73
1820,80
1785,77
1595,73
1723,76
1636,72
1611,74
1713,74
1801,76
1768,76
1716,76
1863,79
1636,72
1731,76
1739,76
1916,83
1905,81
1696,76
1774,77
1808,76
1714,77
1913,82
1742,77
1574,73
1635,74
1788,78
1719,77
1669,75
1846,81
1735,76
1849,81
1836,80
1840,78
1695,73
1815,78
1706,75
1711,76
1682,75
1694,77
1763,76
1745,75
1697,75
1716,76
1695,75
1699,76
1705,75
1626,74
1689,76
1776,76
1556,69
1716,74
1682,75
1745,77
1716,75
1877,79
1546,73
1555,71
1678,74
1748,77
1684,75
1611,70
1693,76
1747,77
1756,78
1662,74
1624,74
1634,73
1688,75
1720,76
1747,79
1786,78
1725,75
1615,75
1621,70
1880,79
1833,79
1801,76
1582,71
1732,76
1726,79
1765,76
1788,78
1546,71
1785,78
1728,77
1502,67
1734,74
1705,74
1562,71
1732,78
1731,77
1705,74
1723,75
1688,76
1617,74
1525,69
1678,75
1755,78
1662,75
1615,72
1962,82
1781,78
1599,73
1751,76
1644,72
1739,75
1786,79
1636,73
1634,74
1623,74
1661,73
1566,71
1773,76
1562,72
1629,73
1776,77
1706,75
1692,76
1607,72
1680,76
1768,79
1755,77
1634,75
1563,70
1762,77
1556,72
1724,78
1666,73
1907,80
1765,78
1681,74
1867,81
1712,73
1680,74
1594,74
1810,80
1623,73
1742,78
1594,71
1663,73
1814,79
1653,75
1714,75
1673,73
1653,74
1713,75
1708,77
1755,76
1744,77
1766,77
1518,71
1694,73
1733,77
1600,73
1712,78
1819,79
1726,76
1648,74
1851,78
1688,76
1600,73
1772,76
1692,75
1691,75
1709,76
1856,80
1851,79
1704,77
1808,80
1840,81
1648,75
1723,76
1709,76
1633,74
1612,73
1582,70
1708,74
1691,76
1592,73
1725,76
1503,70
1709,74
1551,71
1644,76
1875,81
1513,72
1798,75
1533,73
1767,76
1615,73
1842,80
1769,77
1781,77
1636,72
1766,79
1862,81
1628,74
1654,73
1693,74
1791,78
1834,79
1688,75
1784,76
1609,71
1710,74
1699,76
1763,76
1757,77
1750,77
1838,77
1695,76
1580,75
1630,72
1656,75
1752,75
1561,70
1616,73
1830,80
1565,69
1808,79
1784,76
1662,74
1731,77
1664,74
1607,73
1555,72
1739,76
1641,75
1827,81
1747,76
1615,73
1770,77
1684,74
1604,72
1634,72
1786,78
1720,78
1621,72
1693,76
1714,76
1799,76
1715,76
1811,78
1740,73
1622,73
1624,72
1637,74
1723,76
1642,74
1705,76
1670,75
1653,74
1654,74
1597,73
1657,74
1725,77
1716,75
1734,78
1551,70
1569,71
1758,79
1849,80
1789,79
1879,79
1729,76
1734,77
1836,78
1660,76
1707,76
1685,75
1635,73
1586,73
1784,79
1749,77
1787,79
1662,75
1739,77
1811,78
1717,76
1644,73
1636,73
1651,74
1608,74
1844,80
1725,76
1662,73
1735,75
1699,76
1711,73
1672,74
1936,83
1699,74
1437,68
1627,71
1771,78
1698,75
1678,76
1693,74
1704,77
1592,75
1768,78
1503,69
1785,76
1569,70
1762,77
1756,76
1563,75
1664,76
1706,78
1571,71
1680,77
1706,77
1823,79
1771,76
1683,77
1528,73
1752,77
1644,72
1762,78
1639,71
1692,75
1784,78
1665,76
1863,82
1656,75
1875,80
1741,77
1732,74
1757,77
1588,73
1627,72
1710,75
1851,79
1824,78
1810,77
1762,78
1753,78
1665,76
1816,80
1606,74
1686,74
1695,74
1647,74
1696,76
1769,79
1521,71
1730,78
1545,71
1731,77
1703,76
1842,80
1653,72
1704,76
1709,74
1705,76
1706,74
1805,78
1760,77
1698,74
1770,78
1672,75
1762,77
1876,81
1766,77
1655,75
1551,70
1850,80
1532,71
1641,73
1838,78
1566,73
1684,73
1591,70
1753,78
1634,74
1723,75
1704,74
1684,75
1691,75
1838,78
1556,72
1627,74
1823,80
1764,76
1790,78
1684,75
1752,75
1675,75
1717,74
1699,75
1709,77
1649,73
1610,72
1701,74
1755,79
1648,73
1750,78
1569,72
1826,80
1626,73
1660,74
1670,73
1677,73
1825,80
1743,77
1831,81
1800,80
1647,75
1815,79
1708,75
1617,74
1652,74
1727,76
1737,76
1624,72
1704,74
1676,72
1869,81
1623,73
1801,78
1715,76
1801,78
1552,72
1836,79
1842,80
1503,67
1735,76
1764,76
1677,75
1818,79
1714,76
1650,76
1653,73
1773,77
1593,69
1663,75
1548,70
1674,74
1728,76
1674,75
1836,80
1626,73
1620,74
1570,74
1851,81
1761,79
1738,76
1710,75
1877,80
1746,75
1696,76
1808,80
1672,76
1758,77
1616,70
1648,73
1633,74
1719,76
1725,76
1515,71
1708,76
1784,77
1688,75
1758,77
1654,75
1759,75
1859,82
1729,77
1644,74
1696,74
1715,77
1760,75
1558,71
1722,76
1932,81
1788,76
1806,77
1653,73
1700,72
1643,74
1757,76
1687,73
1746,75
1735,73
1665,75
1693,75
1640,75
1746,77
1701,75
1647,74
1659,76
1598,74
1599,72
1778,78
1693,74
1672,73
1660,73
1748,75
1533,67
1817,81
1649,71
1717,77
1796,78
1671,74
1727,76
1568,70
1696,77
1705,75
1676,75
1827,80
1833,80
1492,71
1701,75
1679,73
1798,79
1896,80
1849,80
1730,77
1666,74
1823,79
1808,79
1742,76
1653,72
1642,74
1724,75
1671,75
1617,71
1709,77
1563,70
1746,78
1823,79
1794,77
1741,77
1762,75
1672,75
1656,75
1694,74
1688,76
1671,75
1752,79
1757,77
1694,75
1658,72
1655,74
1722,74
1710,76
1831,77
1812,75
1731,74
1626,71
1763,77
1822,81
1688,75
1777,77
1833,78
1647,73
1747,77
1927,82
1671,74
1673,74
1854,80
1676,75
1558,71
1760,78
1612,72
1699,75
1684,74
1640,75
1884,82
1746,75
1638,75
1681,77
1630,71
1734,77
1581,69
1705,76
1830,78
1775,78
1596,72
1571,71
1867,79
1787,78
1684,74
1672,74
1584,74
1725,75
1579,72
1703,75
1536,70
1766,78
1668,73
1614,75
1646,75
1721,76
1706,74
1804,77
1836,79
1716,76
1659,74
1706,77
1633,73
1458,68
1722,77
1599,74
1634,71
1660,72
1830,80
1767,78
1778,78
1721,75
1658,75
1816,79
1632,75
1886,81
1705,75
1661,74
1663,72
1600,72
1792,79
1728,73
1662,73
1715,75
1838,80
1787,80
1557,71
1667,75
1585,74
1740,78
1663,74
1676,75
1695,77
1780,78
1654,73
1735,77
1736,77
1743,76
1784,79
1784,76
1664,76
1826,77
1773,75
1651,74
1724,76
1603,72
1682,75
1756,79
1674,74
1712,77
1785,77
1577,70
1721,76
1640,72
1610,74
1706,75
1771,78
1696,75
1756,78
1816,80
1724,76
1739,74
1643,74
1790,79
1839,79
1749,75
1682,73
1630,74
1570,71
1631,73
1920,81
1783,78
1682,77
1777,79
1628,72
1659,73
1744,78
1735,79
1789,78
1779,77
1692,76
1545,73
1641,74
1803,76
1912,81
1711,73
1772,78
1687,76
1882,83
1742,77
1745,78
1638,74
1639,75
1678,77
1611,70
1646,75
1757,78
1836,80
1508,71
1756,79
1547,73
1669,75
1767,80
1638,74
1761,77
1707,77
1753,79
1702,76
1737,77
1648,75
1795,81
1747,79
1619,74
1839,81
1791,80
1829,81
1510,72
1529,70
1729,78
1664,75
1691,78
1536,74
1639,76
1696,77
1595,72
1785,77
1716,77
1666,74
1688,76
1728,78
1618,74
1750,77
1799,78
1600,74
1691,75
1680,76
1802,80
1695,78
1725,78
1611,75
1744,78
1677,76
1638,74
1647,75
1863,80
1581,73
1596,70
1711,78
1773,78
1746,78
1710,77
1687,77
1570,73
1700,77
1578,72
1667,77
1792,79
1807,80
1672,75
1749,79
1857,81
1752,74
1735,78
1682,74
1741,79
1740,77
1714,77
1683,76
1687,76
1726,78
1646,75
1606,72
1719,79
1721,77
1763,78
1753,77
1597,74
1703,76
1800,79
1651,74
1724,79
1631,72
1773,80
1550,72
1793,78
1791,80
1600,74
1701,76
1608,71
1787,78
1640,74
1786,78
1745,77
1687,76
1692,77
1724,78
1762,77
1584,75
1539,73
1663,75
1644,77
1746,79
1663,75
1797,77
1731,76
1585,73
1806,78
1565,73
1600,74
1620,75
1570,73
1675,76
1745,79
1689,74
1706,76
1667,74
1724,78
1680,76
1703,78
1684,73
1625,74
1662,76
1856,82
1755,77
1615,72
1669,73
1569,73
1775,78
1757,80
1671,75
1655,75
1567,72
1759,79
1550,72
1673,75
1606,75
1667,77
1666,77
1751,79
1606,74
1856,82
1723,78
1493,73
1703,74
1682,76
1745,79
1677,73
1708,73
1754,79
1848,81
1704,77
1618,74
1594,74
1726,78
1535,71
1838,79
1680,77
1783,77
1696,77
1892,83
1797,79
1738,79
1789,80
1616,75
1822,80
1724,77
1650,77
1798,80
1805,80
1591,75
1652,74
1701,76
1649,76
1777,79
1818,79
1834,80
1661,74
1671,76
1745,78
1568,72
1756,78
1768,79
1791,80
1669,77
1577,74
1615,73
1796,80
1799,79
1804,78
1723,78
1666,76
1614,75
1774,80
1608,74
1746,79
1744,79
1733,77
1775,77
1798,78
1670,75
1782,79
1751,77
1595,73
1726,76
1683,76
1679,74
1806,79
1653,75
1624,72
1821,81
1689,76
1718,76
1830,81
1624,73
1827,80
1742,78
1785,80
1852,80
1862,79
1570,71
1660,74
1640,76
1730,79
1772,76
1728,79
1642,74
1780,77
1836,80
1610,72
1625,73
1462,70
1695,75
1634,73
1586,75
1745,79
1705,77
1679,78
1722,77
1578,70
1751,78
1679,77
1627,74
1773,79
1706,74
1686,77
1783,80
1624,77
1777,79
1578,73
1636,76
1759,78
1620,76
1777,78
1784,80
1771,79
1613,74
1662,75
1655,75
1779,79
1610,72
1740,77
1653,74
1676,76
1808,79
1706,75
1702,77
1557,74
1727,78
1653,76
1672,78
1800,80
1728,76
1771,79
1609,75
1673,75
1678,74
1570,72
1598,75
1740,78
1699,78
1888,82
1727,78
1815,81
1664,73
1607,73
1657,76
1663,77
1501,71
1613,73
1664,76
1714,76
1747,77
1633,73
1869,81
1555,74
1573,73
1778,79
1719,77
1669,73
1739,80
1724,77
1618,74
1687,77
1656,78
1711,77
1665,74
1717,77
1807,77
1704,76
1751,77
1558,72
1813,81
1760,78
1802,79
1880,83
1584,74
1735,77
1709,77
1662,75
1635,77
1820,79
1560,73
1827,80
1721,75
1779,80
1817,80
1598,74
1688,78
1636,76
1712,77
1737,78
1796,78
1718,77
1574,72
1832,82
1682,75
1723,78
1704,75
1658,75
1536,73
1772,79
1834,81
1826,80
1727,74
1740,79
1667,76
1725,77
1710,78
1721,78
1652,76
1747,78
1654,75
1554,73
1741,78
1647,76
1765,79
1738,78
1784,79
1706,76
1556,72
1628,75
1828,80
1623,74
1769,79
1761,80
1705,79
1814,80
1645,75
1717,78
1597,74
1753,78
1662,75
1795,79
1714,78
1643,75
1668,76
1725,77
1672,76
1808,79
1709,77
1651,76
1746,78
1671,77
1745,78
1735,78
1769,78
1710,77
1721,75
1717,77
1768,80
1608,75
1754,80
1643,77
1634,73
1744,79
1635,75
1769,78
1746,77
1593,74
1593,73
1731,79
1637,75
1545,75
1711,75
1718,78
1620,71
1755,77
1708,76
1714,78
1708,79
1644,76
1801,79
1677,76
1851,82
1850,81
1687,76
1682,76
1812,80
1707,76
1780,79
1641,76
1656,72
1636,74
1766,80
1764,77
1719,79
1733,77
1627,76
1567,73
1732,78
1745,78
1742,77
1493,70
1688,76
1623,75
1614,76
1681,77
1714,78
1696,77
1804,80
1718,77
1816,78
1690,75
1648,78
1786,79
1792,79
1716,78
1872,81
1612,71
1805,78
1844,80
1697,77
1776,80
1649,76
1850,81
1577,74
1687,78
1707,77
1798,79
1638,73
1799,78
1669,76
1770,79
1674,76
1643,76
1739,76
1544,70
1586,73
1676,78
1676,77
1839,82
1762,79
1730,77
1680,76
1580,73
1567,73
1562,72
1760,79
1602,74
1732,76
1611,76
1752,78
1892,82
1650,75
1632,70
1578,70
1666,77
1787,79
1677,76
1676,78
1672,75
1600,73
1846,81
1836,82
1657,75
1751,80
1633,75
1686,75
1731,77
1506,71
1631,76
1714,78
1864,80
1676,75
1695,77
1735,74
1574,75
1664,75
1706,77
1920,83
1768,79
1592,76
1747,79
1738,77
1719,79
1728,79
1741,77
1677,76
1699,79
1843,82
1709,76
1752,79
1927,82
1643,75
1726,78
1842,82
1708,77
1815,79
1752,78
1809,82
1911,83
1796,79
1674,77
1696,74
1733,77
1638,75
1439,69
1718,77
1713,77
1720,76
1868,82
1846,80
1620,74
1834,81
1732,77
1677,74
1740,77
1695,78
1656,76
1736,77
1622,76
1697,77
1682,78
1727,77
1832,81
1694,77
1804,79
1736,77
1783,79
1588,75
1797,80
1692,77
1745,78
1625,77
1714,78
1754,79
1789,78
1744,76
1819,80
1656,76
1740,76
1690,77
1707,76
1650,76
1629,75
1654,74
1680,77
1749,78
1747,76
1678,78
1698,77
1679,77
1674,77
1543,75
1716,79
1712,79
1777,78
1736,78
1783,80
1826,77
1688,76
1755,78
1671,76
1622,75
1686,77
1716,78
1650,77
1620,72
1679,74
1734,79
1631,76
1806,80
1689,76
1718,78
1650,75
1699,77
1763,79
1856,82
1713,77
1653,74
1764,77
1653,75
1772,80
1546,70
1573,72
1702,75
1722,78
1685,76
1642,75
1609,71
1811,81
1844,82
1758,79
1726,77
1654,76
1738,78
1817,81
1760,79
1722,75
1794,78
1715,79
1672,74
1694,77
1726,79
1618,74
1891,82
1892,82
1740,78
1795,80
1703,75
1740,78
1747,77
1665,74
1739,77
1556,74
1708,77
1785,79
1748,79
1804,81
1659,76
1764,80
1657,74
1753,78
1720,78
1811,78
1781,79
1700,76
1711,77
1803,80
1635,72
1560,74
1691,75
1666,76
1854,82
1515,72
1733,76
1585,75
1821,81
1643,75
1754,78
1644,73
1604,72
1584,75
1624,75
1798,80
1725,78
1643,76
1639,75
1723,76
1816,79
1816,80
1610,75
1809,78
1783,78
1667,77
1692,79
1794,80
1635,75
1722,78
1619,75
1778,79
1762,76
1725,76
1654,74
1662,75
1726,76
1687,74
1894,83
1898,83
1793,80
1845,81
1646,74
1583,74
1738,80
1703,77
1738,79
1515,73
1777,80
1696,76
1700,79
1610,75
1726,79
1698,78
1643,76
1766,79
1834,80
1741,77
1748,78
1797,80
1756,78
1720,76
1633,75
1810,79
1717,76
1735,80
1745,78
1663,75
1629,76
1660,76
1881,83
1684,75
1672,76
1683,78
1629,76
1720,75
1674,77
1747,77
1791,81
1616,76
1742,79
1524,70
1736,79
1668,76
1770,79
1744,78
1609,74
1564,71
1616,76
1861,82
1744,79
1725,79
1690,77
1903,83
1815,79
1854,81
1661,77
1715,77
1731,77
1764,81
1595,71
1756,79
1698,78
1833,79
1820,81
1668,76
1635,76
1797,79
1866,80
1673,75
1704,77
1599,75
1750,78
1704,76
1671,73
1726,77
1705,78
1702,76
1780,77
1673,77
1593,72
1638,77
1497,69
1830,81
1730,77
1765,80
1725,77
1718,77
1695,77
1764,76
1641,77
1764,79
1727,80
1723,78
1639,75
1831,81
1757,79
1674,77
1739,76
1662,74
1749,77
1791,79
1622,74
1661,77
1768,79
1689,78
1660,76
1718,78
1647,76
1815,81
1593,71
1661,76
1772,79
1680,77
1618,77
1592,76
1511,71
1723,77
1802,81
1733,76
1647,79
1450,68
1486,70
1731,78
1604,74
1639,76
1581,73
1736,79
1731,78
1829,81
1775,79
1744,79
1707,78
1641,74
1675,76
1742,78
1734,80
1616,74
1607,70
1757,80
1744,79
1619,74
1652,76
1705,78
1717,73
1813,79
1732,76
1620,74
1749,79
1718,78
1647,75
1632,76
1731,77
1773,79
1731,77
1672,75
1726,78
1715,78
1766,78
1820,80
1721,76
1846,82
1624,75
1799,80
1780,81
1655,77
1610,73
1782,80
1689,76
1727,77
1749,80
1689,78
1590,74
1651,74
1715,78
1623,73
1879,83
1713,78
1708,78
1605,75
1589,74
1681,78
1792,80
1748,75
1790,78
1710,75
1703,76
1611,73
1739,78
1631,75
1663,73
1723,77
1533,70
1739,79
1589,70
1731,77
1656,75
1765,78
1590,72
1742,78
1735,78
1603,75
1646,72
1729,79
1752,76
1879,82
1636,74
1619,75
1606,73
1777,80
1720,78
1598,75
1626,75
1810,80
1543,72
1777,80
1694,76
1737,79
1653,76
1802,78
1673,78
1732,78
1726,79
1695,76
1744,77
1737,79
1679,75
1646,76
1639,75
1542,71
1548,76
1581,72
1605,73
1549,72
1746,78
1743,77
1736,77
1797,79
1608,71
1702,77
1663,76
1776,79
1765,79
1598,72
1836,81
1694,76
1683,77
1512,69
1807,78
1732,78
1447,69
1513,71
1617,75
1675,75
1776,81
1616,75
1734,78
1741,78
1519,70
1781,77
1526,71
1805,79
1694,78
1714,78
1701,74
1658,76
1579,70
1923,83
1710,79
1754,78
1724,76
1567,73
1541,73
1692,75
1588,74
1719,78
1668,74
1536,68
1915,83
1584,75
1576,72
1520,69
1461,70
1622,76
1776,77
1597,73
1586,73
1722,78
1734,76
1636,76
1584,74
1832,80
1598,73
1715,76
1671,74
1838,82
1552,73
1677,75
1732,78
1613,74
1618,73
1754,77
1753,77
1690,78
1774,80
1742,78
1841,81
1619,75
1769,78
1669,77
1664,77
1728,77
1631,74
1614,76
1681,78
1735,75
1648,76
1702,77
1820,78
1624,73
1621,74
1609,74
1621,74
1686,76
1645,75
1689,75
1770,79
1604,71
1545,71
1644,72
1810,80
1750,78
1660,77
1796,80
1757,78
1464,67
1559,72
1667,77
1727,78
1599,72
1830,80
1723,78
1514,70
1607,75
1749,79
1582,73
1641,76
1769,80
1532,70
1671,77
1625,75
1696,77
1515,71
1658,75
1656,76
1685,76
1678,76
1556,74
1728,79
1741,77
1788,80
1783,76
1794,80
1660,76
1641,77
1767,77
1595,74
1820,80
1587,73
1593,74
1677,75
1690,76
1612,75
1481,69
1546,74
1585,75
1741,78
1698,77
1649,76
1577,72
1508,70
1720,76
1546,72
1739,78
1573,74
1699,78
1703,77
1543,73
1766,80
1720,79
1735,79
1662,76
1667,77
1634,76
1716,74
1544,73
1684,76
1634,76
1625,75
1642,76
1630,76
1684,77
1700,77
1780,79
1779,78
1698,76
1657,76
1802,80
1519,72
1596,73
1686,77
1428,70
1599,73
1681,75
1570,73
1683,76
1614,73
1768,78
1502,71
1668,76
1668,74
1730,78
1816,80
1603,75
1787,77
1667,74
1716,78
1817,82
1687,75
1611,73
1665,77
1677,75
1718,78
1572,73
1660,75
1651,74
1682,76
1570,72
1727,78
1648,75
1734,77
1821,81
1613,76
1700,76
1736,75
1664,76
1766,78
1625,73
1818,80
1591,74
1772,80
1728,78
1581,73
1680,75
1601,74
1575,71
1589,72
1580,72
1611,73
1791,78
1682,73
1648,73
1930,85
1617,75
1721,74
1536,71
1642,76
1605,75
1727,78
1698,78
1694,75
1547,73
1562,72
1701,77
1745,78
1688,74
1714,78
1597,74
1689,77
1824,82
1699,77
1860,82
1728,78
1588,73
1575,71
1601,77
1939,84
1714,76
1728,79
1587,72
1575,71
1598,73
1680,76
1776,80
1490,71
1589,73
1667,75
1690,78
1653,76
1584,74
1661,73
1793,79
1647,76
1759,79
1725,77
1617,74
1725,77
1669,76
1798,78
1497,72
1601,75
1631,77
1607,75
1656,77
1752,76
1542,72
1741,79
1799,81
1778,79
1617,75
1753,76
1701,79
1640,77
1846,82
1790,80
1675,79
1515,73
1681,75
1690,77
1684,75
1749,75
1690,77
1525,72
1734,77
1822,81
1657,74
1664,76
1523,71
1760,78
1796,78
1713,79
1707,77
1655,73
1773,79
1688,77
1683,77
1615,76
1707,77
1741,79
1800,81
1634,75
1631,76
1673,77
1473,71
1614,75
1594,76
1624,73
1713,77
1690,77
1713,76
1666,76
1728,79
1690,76
1682,77
1567,75
1667,77
1727,77
1703,79
1650,77
1699,77
1657,73
1466,67
1761,79
1645,74
1617,76
1593,73
1707,76
1521,71
1667,76
1694,74
1853,83
1657,76
1751,79
1653,76
1678,77
1586,71
1785,81
1625,75
1652,76
1557,70
1698,76
1640,75
1643,76
1848,83
1693,79
1757,78
1602,74
1734,77
1758,80
1624,77
1636,76
1809,80
1631,74
1652,74
1626,75
1863,82
1741,80
1599,75
1754,80
1491,68
1683,78
1702,76
1672,76
1649,77
1581,74
1531,73
1641,75
1634,75
1702,79
1579,74
1658,75
1786,80
1667,74
1665,77
1702,80
1670,75
1614,75
1627,77
1862,83
1572,71
1693,75
1631,76
1675,77
1686,74
1535,72
1645,75
1671,77
1602,76
1768,81
1664,76
1790,78
1773,81
1616,75
1697,78
1622,75
1607,75
1673,76
1614,75
1694,77
1604,75
1511,70
1615,75
1652,77
1733,80
1865,83
1792,81
1831,83
1768,81
1623,74
1816,81
1771,81
1687,77
1479,69
1707,79
1716,76
1791,80
1717,77
1903,83
1553,73
1609,73
1566,74
1668,73
1590,75
1716,79
1609,73
1545,72
1680,76
1740,77
1752,79
1685,75
1700,78
1569,72
1830,82
1755,80
1734,79
1672,76
1644,74
1743,80
1691,77
1611,74
1838,82
1560,71
1672,78
1656,76
1772,80
1827,82
1651,77
1712,77
1741,79
1687,77
1537,71
1713,78
1795,78
1767,79
1784,79
1579,72
1805,80
1788,82
1803,81
1687,77
1648,75
1563,72
1681,78
1692,76
1517,74
1741,78
1662,75
1689,76
1651,74
1672,75
1691,75
1617,75
1840,83
1730,77
1822,80
1697,77
1767,80
1633,72
1832,82
1696,76
1611,74
1633,75
1895,84
1764,80
1642,75
1672,75
1595,71
1687,77
1715,78
1677,75
1711,80
1626,75
1700,76
1748,81
1678,79
1710,80
1675,76
1618,74
1644,74
1833,80
1610,73
1780,80
1544,70
1634,76
1648,74
1760,78
1882,82
1811,80
1611,73
1759,78
1717,79
1577,75
1840,83
1590,73
1496,74
1573,74
1887,81
1663,74
1752,77
1554,73
1754,81
1734,78
1661,77
1727,79
1617,77
1846,83
1635,74
1669,78
1736,79
1707,78
1648,75
1655,73
1644,75
1641,75
1763,80
1663,77
1659,75
1765,78
1557,73
1705,79
1673,76
1754,79
1779,77
1792,81
1666,77
1840,81
1696,76
1378,67
1741,79
1652,80
1647,75
1839,82
1764,80
1652,75
1774,80
1506,73
1633,76
1522,71
1649,76
1634,77
1784,79
1724,78
1700,75
1712,77
1537,71
1663,75
1589,73
1702,78
1457,69
1873,84
1710,79
1540,73
1597,74
1810,81
1630,73
1677,78
1512,73
1675,73
1617,73
1762,80
1563,73
1781,79
1684,77
1610,76
1494,72
1676,78
1627,74
1758,77
1792,82
1878,83
1528,70
1521,70
1810,81
1661,74
1611,78
1678,76
1612,74
1612,72
1750,80
1598,71
1728,79
1555,74
1716,79
1569,73
1533,74
1736,79
1721,76
1658,76
1600,73
1578,72
1595,74
1694,77
1827,78
1714,78
1539,69
1686,76
1658,78
1595,72
1626,77
1578,75
1716,77
1613,75
1721,77
1669,76
1723,76
1790,81
1644,75
1694,78
1807,81
1676,75
1677,75
1708,76
1663,73
1626,76
1747,78
1722,78
1635,77
1629,74
1712,79
1789,79
1792,80
1738,78
1781,81
1766,80
1671,77
1734,77
1805,82
1722,76
1559,72
1766,81
1472,71
1858,82
1711,79
1694,75
1593,72
1682,75
1672,77
1527,73
1623,75
1601,73
1744,79
1628,76
1735,77
1724,80
1722,80
1600,74
1776,81
1698,75
1721,79
1709,77
1889,84
1742,79
1628,75
1757,79
1501,74
1583,69
1684,78
1576,73
1649,75
1688,78
1717,77
1595,74
1580,75
1649,76
1747,78
1613,75
1628,76
1551,73
1806,82
1460,70
1768,80
1851,80
1705,77
1562,74
1559,71
1650,76
1654,74
1893,84
1610,74
1570,73
1559,73
1594,73
1769,78
1704,78
1681,75
1697,75
1757,80
1815,80
1508,70
1828,80
1587,73
1711,79
1547,71
1805,81
1486,72
1741,76
1673,77
1693,76
1766,79
1633,74
1707,79
1687,76
1654,74
1755,79
1594,75
1799,78
1760,79
1676,78
1708,77
1623,75
1724,79
1789,81
1745,78
1678,75
1748,79
1654,77
1886,83
1719,79
1714,80
1684,78
1668,76
1677,78
1754,79
1726,78
1689,76
1668,76
1656,74
1628,74
1654,76
1591,73
1697,75
1638,77
1581,75
1648,74
1708,78
1760,79
1594,75
1738,79
1755,77
1486,69
1737,77
1662,77
1687,75
1617,75
1796,77
1717,79
1850,81
1827,81
1574,74
1654,76
1681,76
1712,78
1490,69
1684,79
1689,77
1746,79
1697,78
1551,75
1706,77
1609,73
1609,71
1691,77
1776,80
1699,76
1864,83
1744,79
1649,76
1722,79
1708,76
1542,73
1676,76
1668,76
1766,81
1615,76
1741,79
1485,68
1781,80
1848,80
1738,77
1548,72
1767,80
1733,77
1595,73
1715,76
1643,75
1719,75
1791,78
1662,76
1644,75
1700,78
1820,81
1720,79
1817,80
1651,75
1637,76
1611,75
1732,79
1624,74
1620,75
1566,74
1653,76
1681,76
1698,75
1822,81
1680,78
1496,68
1528,70
1618,75
1756,79
1813,81
1613,76
1829,79
1651,72
1666,77
1733,78
1734,80
1539,72
1596,72
1605,74
1632,77
1578,76
1594,72
1611,74
1765,78
1686,75
1822,80
1601,74
1556,71
1609,75
1593,72
1730,80
1611,74
1662,75
1799,81
1517,72
1718,76
1693,74
1612,76
1834,81
1684,77
1541,69
1514,72
1642,76
1679,76
1591,75
1764,78
1545,75
1775,81
1721,77
1638,76
1771,79
1697,78
1782,78
1693,77
1480,70
1604,75
1771,79
1739,79
1655,76
1603,75
1750,79
1712,77
1611,73
1637,74
1754,78
1502,68
1707,77
1710,80
1616,75
1570,73
1653,77
1626,75
1698,76
1676,78
1634,76
1589,70
1797,79
1632,76
1737,80
1624,72
1819,82
1743,80
1675,78
1706,79
1762,78
1668,76
1682,75
1687,77
1675,76
1543,72
1595,75
1616,74
1692,76
1616,75
1716,79
1758,76
1631,74
1635,73
1593,71
1517,70
1749,79
1787,79
1662,74
1608,74
1663,76
1732,79
1670,75
1541,72
1684,79
1812,82
1545,73
1549,72
1705,78
1661,76
1738,78
1657,76
1651,74
1542,72
1687,78
1399,70
1608,71
1659,74
1732,75
1671,77
1496,71
1637,76
1649,73
1683,77
1617,74
1523,73
1633,74
1548,72
1624,73
1781,77
1705,75
1756,77
1754,78
1665,76
1677,76
1569,72
1819,83
1677,77
1790,81
1593,75
1596,71
1574,71
1502,74
1587,70
1728,77
1686,76
1633,75
1499,72
1615,72
1656,77
1578,71
1574,71
1729,76
1746,77
1644,76
1531,75
1806,81
1865,84
1562,73
1726,78
1545,72
1573,75
1706,76
1597,74
1589,75
1744,79
1762,80
1581,73
1693,79
1582,73
1628,75
1912,85
1458,69
1789,80
1681,76
1649,75
1878,84
1660,75
1561,75
1762,79
1836,82
1656,74
1555,71
1705,78
1713,77
1617,76
1787,80
1620,77
1737,80
1425,67
1561,75
1726,80
1620,76
1622,77
1538,73
1662,78
1584,74
1700,79
1503,71
1646,75
1741,77
1673,77
1562,74
1580,72
1454,70
1615,76
1741,77
1573,74
1474,68
1623,75
1627,74
1646,74
1779,80
1633,73
1816,82
1566,71
1886,83
1654,76
1741,79
1749,78
1550,72
1645,75
1622,76
1836,83
1662,75
1668,76
1668,74
1734,80
1676,76
1681,78
1651,77
1754,80
1827,82
1653,74
1679,78
1709,75
1683,77
1690,77
1789,83
1704,78
1716,79
1604,75
1669,76
1537,74
1680,76
1726,80
1752,80
1733,76
1663,75
1494,71
1836,83
1579,72
1645,77
1600,73
1643,75
1697,77
1500,69
1594,73
1727,78
1726,79
1721,80
1805,81
1637,75
1805,81
1632,75
1457,71
1671,77
1613,74
1724,79
1691,77
1440,69
1562,75
1773,79
1727,80
1741,78
1636,77
1628,77
1620,76
1704,78
1675,74
1641,74
1583,74
1597,75
1574,73
1665,77
1580,76
1765,79
1674,78
1601,73
1628,75
1777,81
1816,81
1671,77
1618,74
1617,73
1678,76
1684,76
1618,76
1713,77
1766,80
1708,76
1753,81
1754,78
1584,74
1608,72
1654,76
1802,82
1677,76
1491,71
1524,72
1648,77
1668,78
1585,74
1738,80
1619,75
1573,72
1599,75
1726,76
1611,76
1743,78
1566,75
1714,77
1715,78
1532,72
1750,79
1755,79
1678,76
1524,70
1620,72
1722,79
1756,78
1680,76
1778,81
1665,75
1686,77
1707,75
1784,76
1717,77
1837,82
1444,67
1665,77
1746,80
1601,72
1711,78
1626,72
1670,76
1733,78
1701,79
1633,73
1563,72
1645,77
1746,81
1753,79
1780,77
1818,82
1656,75
1778,81
1642,72
1675,74
1522,72
1688,78
1639,76
1627,76
1626,77
1538,71
1783,80
1629,76
1580,71
1812,77
1577,71
1738,79
1855,82
1702,79
1676,75
1808,81
1685,78
1802,81
1690,77
1761,78
1674,74
1663,77
1558,73
1496,72
1644,73
1663,77
1833,79
1768,78
1618,75
1687,78
1901,83
1638,76
1573,75
1698,77
1696,75
1673,77
1593,74
1772,81
1571,71
1608,74
1628,77
1702,76
1694,76
1482,70
1691,78
1699,79
1578,73
1795,80
1561,74
1774,78
1784,81
1571,74
1729,79
1624,77
1734,79
1621,74
1735,77
1680,77
1635,73
1723,77
1628,74
1625,77
1616,77
1723,78
1738,79
1681,78
1766,82
1691,77
1659,75
1908,85
1661,76
1579,73
1691,76
1653,76
1676,76
1727,78
1639,76
1828,83
1781,80
1697,75
1740,79
1654,76
1666,76
1588,73
1759,78
1731,81
1778,79
1645,78
1767,79
1731,79
1829,82
1717,80
1643,77
1641,77
1664,77
1606,75
1760,79
1647,77
1595,73
1653,75
1726,77
1578,75
1610,74
1674,75
1758,80
1703,77
1569,70
1689,75
1624,76
1614,76
1738,79
1699,76
1674,75
1515,72
1742,79
1758,79
1867,81
1569,71
1784,80
1459,68
1718,79
1694,80
1650,77
1691,76
1411,68
1580,73
1673,77
1633,76
1759,80
1792,80
1720,78
1663,73
1707,79
1747,79
1706,79
1550,73
1742,77
1842,81
1604,72
1702,79
1732,79
1653,74
1604,75
1741,79
1781,80
1686,78
1767,79
1723,77
1796,79
1672,75
1636,76
1749,78
1670,76
1676,76
1654,78
1702,80
1805,81
1581,74
1684,76
1741,79
1791,78
1655,75
1700,76
1605,76
1744,79
1651,75
1715,77
1698,76
1751,78
1711,78
1573,73
1703,79
1607,73
1758,79
1696,75
1675,76
1732,78
1634,75
1730,79
1658,76
1634,72
1747,81
1548,71
1873,84
1700,77
1758,79
1695,78
1668,78
1631,76
1557,70
1693,76
1688,76
1705,78
1838,82
1716,78
1865,83
1750,80
1690,76
1853,81
1871,83
1840,81
1694,76
1709,78
1700,77
1780,80
1594,75
1636,75
1760,79
1854,80
1760,79
1700,75
1699,76
1637,75
1578,75
1801,81
1450,73
1635,76
1668,77
1747,78
1721,78
1729,79
1716,78
1599,76
1485,71
1714,77
1605,74
1601,72
1780,81
1637,77
1701,79
1561,72
1596,72
1743,80
1741,77
1593,74
1615,70
1573,75
1550,72
1681,78
1699,77
1491,71
1535,72
1609,75
1575,73
1683,76
1723,79
1705,78
1715,78
1583,73
1616,73
1662,76
1680,77
1672,78
1699,75
1716,77
1601,72
1745,79
1741,78
1682,77
1655,77
1815,81
1572,74
1724,78
1619,74
1617,73
1686,78
1588,74
1434,67
1663,76
1631,72
1715,79
1665,75
1618,77
1519,72
1586,74
1750,80
1714,77
1728,81
1645,74
1787,82
1656,76
1640,75
1687,76
1659,76
1733,79
1719,77
1679,77
1470,73
1608,75
1634,76
1619,74
1597,75
1580,73
1744,77
1810,81
1667,76
1720,77
1569,72
1664,77
1733,80
1688,77
1751,79
1669,77
1585,72
1724,78
1636,77
1762,80
1614,74
1775,79
1652,75
1663,77
1546,74
1639,75
1586,73
1567,74
1684,75
1737,78
1702,77
1767,82
1712,77
1556,73
1688,75
1840,82
1892,84
1607,74
1674,76
1682,77
1666,77
1866,82
1654,74
1529,73
1714,76
1786,81
1703,75
1706,78
1671,76
1662,78
1888,83
1815,80
1719,79
1586,74
1706,76
1662,76
1650,75
1627,73
1765,79
1608,71
1701,75
1566,72
1739,79
1694,78
1591,77
1722,79
1648,75
1737,79
1667,75
1555,74
1690,79
1756,80
1675,76
1910,85
1667,79
1697,79
1569,73
1657,74
1751,80
1593,73
1729,79
1868,84
1651,74
1537,72
1852,84
1690,77
1862,81
1588,75
1609,77
1617,75
1613,72
1639,76
1660,76
1683,75
1701,79
1757,79
1648,75
1629,74
1808,80
1650,76
1730,79
1553,74
1694,78
1630,77
1596,73
1716,79
1792,79
1566,72
1641,74
1750,81
1672,78
1773,81
1619,73
1722,78
1779,80
1646,75
1585,75
1724,79
1684,78
1719,78
1638,75
1711,76
1760,78
1691,78
1545,71
1697,78
1616,75
1720,78
1741,79
1609,75
1810,80
1784,81
1628,75
1705,78
1609,74
1583,74
1806,82
1857,84
1628,75
1719,78
1863,84
1832,79
1557,72
1649,77
1589,76
1862,81
1743,79
1623,74
1636,74
1655,78
1666,75
1815,82
1666,76
1651,76
1508,68
1521,71
1702,75
1732,79
1695,77
1768,80
1598,73
1527,72
1710,78
1635,74
1750,79
1655,75
1744,79
1440,71
1800,79
1668,76
1764,80
1610,74
1677,78
1613,74
1684,78
1615,73
1474,72
1702,79
1663,75
1769,81
1512,71
1854,82
1749,81
1732,77
1788,80
1679,77
1788,81
1527,69
1605,76
1523,73
1771,79
1557,73
1807,79
1897,84
1754,80
1626,77
1668,74
1722,81
1663,76
1604,74
1634,76
1638,76
1576,74
1754,78
1705,77
1802,81
1738,78
1732,78
1758,80
1678,77
1714,79
1697,74
1640,74
1743,77
1550,73
1790,81
1534,72
1662,75
1693,78
1652,77
1613,73
1647,74
1689,74
1547,73
1741,80
1762,79
1643,78
1688,77
1530,75
1669,78
1782,81
1757,80
1674,74
1800,78
1569,73
1793,78
1586,75
1583,72
1697,75
1600,75
1673,75
1638,76
1645,75
1709,79
1893,82
1657,75
1617,72
1797,81
1706,77
1600,74
1635,76
1606,76
1607,74
1766,79
1587,76
1607,73
1612,72
1731,76
1638,74
1661,75
1584,72
1693,77
1677,76
1564,74
1687,75
1581,75
1630,75
1654,75
1730,78
1581,73
1676,76
1826,83
1632,74
1751,78
1788,81
1753,79
1604,75
1663,75
1765,80
1659,76
1758,77
1580,73
1797,81
1737,77
1641,76
1618,75
1700,76
1743,79
1708,78
1719,77
1713,77
1619,75
1787,81
1680,74
1557,74
1553,72
1916,83
1720,80
1777,80
1809,79
1643,77
1652,75
1780,81
1854,80
1746,79
1792,79
1652,78
1660,76
1727,78
1653,76
1509,70
1538,72
1806,82
1722,77
1697,77
1668,78
1705,78
1655,75
1660,79
1736,79
1698,77
1614,75
1583,71
1698,78
1815,78
1713,75
1745,77
1663,75
1660,76
1737,80
1562,72
1579,73
1763,80
1565,74
1770,79
1670,76
1749,77
1762,79
1603,75
1626,75
1642,73
1572,74
1623,75
1650,75
1763,78
1538,72
1655,76
1786,81
1647,76
1683,79
1831,83
1645,77
1601,73
1773,80
1730,78
1713,79
1780,81
1693,76
1569,74
1664,75
1734,75
1654,75
1559,71
1656,78
1585,74
1698,78
1865,84
1701,78
1578,71
1680,77
1596,74
1691,77
1634,76
1821,81
1922,84
1478,72
1808,82
1704,77
1786,81
1549,73
1567,72
1701,76
1519,72
1831,83
1727,77
1829,82
1738,80
1647,75
1730,79
1723,76
1729,76
1569,75
1736,77
1747,81
1552,74
1697,76
1810,82
1658,77
1646,74
1648,77
1774,80
1539,72
1559,73
1793,81
1720,77
1579,71
1691,78
1807,83
1796,81
1758,79
1817,81
1519,69
1713,77
1766,80
1781,81
1781,82
1601,74
1760,76
1577,74
1789,80
1873,83
1668,77
1744,79
1793,81
1646,79
1799,79
1646,72
1789,80
1907,85
1614,75
1805,80
1727,79
1809,78
1663,78
1835,81
1808,80
1511,70
1668,77
1560,73
1640,74
1701,77
1716,78
1681,76
1776,80
1554,72
1720,77
1768,80
1823,81
1627,74
1706,76
1807,81
1893,84
1735,80
1864,82
1703,78
1743,78
1761,80
1688,75
1757,76
1697,77
1670,75
1723,76
1617,72
1691,77
1791,77
1831,81
1498,70
1725,77
1718,77
1682,76
1685,75
1794,80
1670,78
1696,78
1802,80
1749,76
1841,79
1609,74
1716,79
1846,83
1727,75
1666,74
1891,81
1721,77
1812,78
1728,77
1761,78
1653,76
1787,79
1873,83
1677,76
1771,79
1603,74
1730,74
1729,79
1643,76
1602,73
1815,79
1606,70
1704,77
1800,80
1597,70
1561,70
1708,79
1831,80
1744,75
1821,79
1687,78
1666,77
1574,72
1629,74
1723,77
1694,76
1617,74
1562,71
1639,77
1698,79
1694,76
1723,77
1773,76
1620,72
1656,75
1808,80
1727,78
1776,80
1631,75
1736,77
1711,77
1641,75
1652,76
1769,81
1796,81
1785,80
1738,78
1569,74
1817,79
1549,71
1806,80
1717,77
1562,73
1700,79
1651,76
1733,75
1720,76
1513,72
1615,70
1732,75
1776,79
1747,77
1666,75
1712,77
1594,73
1876,82
1585,74
1590,72
1547,74
1660,76
1625,75
1724,79
1604,73
1651,75
1631,72
1674,78
1892,82
1715,78
1760,77
1792,80
1669,77
1791,80
1636,75
1606,73
1686,75
1699,76
1727,76
1832,79
1670,76
1686,77
1727,80
1689,77
1572,70
1714,75
1661,75
1673,77
1611,75
1543,70
1585,72
1814,79
1659,76
1653,75
1616,74
1744,79
1606,74
1673,76
1615,72
1573,70
1780,79
1760,81
1737,77
1757,78
1819,79
1563,73
1665,74
1706,77
1747,79
1801,80
1760,76
1732,79
1621,74
1799,80
1774,80
1628,72
1768,77
1557,72
1573,73
1588,75
1737,80
1682,76
1790,79
1652,74
1698,75
1744,79
1609,72
1793,80
1737,76
1854,83
1618,74
1702,77
1664,72
1798,80
1559,71
1742,79
1536,71
1685,75
1742,79
1736,78
1733,77
1726,79
1798,79
1728,76
1570,73
1641,78
1599,75
1656,74
1650,74
1517,72
1718,76
1813,80
1591,72
1574,71
1778,80
1685,76
1700,76
1799,79
1706,76
1658,75
1672,76
1796,79
1841,82
1706,76
1752,76
1627,74
1692,77
1739,80
1744,77
1706,75
1695,75
1612,75
1559,72
1772,78
1680,76
1598,72
1685,76
1766,79
1674,77
1791,80
1601,71
1584,74
1666,78
1639,74
1887,81
1771,80
1728,76
1694,77
1829,81
1764,77
1794,77
1709,73
1771,77
1745,78
1720,76
1599,74
1630,75
1766,79
1713,78
1697,74
1741,77
1814,80
1667,75
1730,77
1793,78
1703,75
1555,71
1679,78
1786,81
1571,73
1703,76
1768,76
1477,68
1847,82
1766,78
1674,76
1658,76
1730,78
1701,77
1798,81
1667,76
1589,74
1755,79
1614,74
1688,76
1686,77
1730,77
1772,77
1717,79
1646,76
1707,75
1659,74
1759,77
1660,74
1742,78
1648,75
1775,79
1714,75
1748,78
1658,77
1668,74
1736,78
1838,83
1686,78
1639,75
1699,77
1629,73
1693,75
1702,77
1795,79
1709,76
1930,82
1868,80
1674,77
1767,81
1648,73
1698,76
1711,78
1639,76
1846,82
1696,79
1878,82
1772,81
1611,73
1579,71
1690,75
1750,80
1648,75
1704,77
1598,73
1547,71
1780,79
1639,75
1619,75
1737,75
1637,74
1713,76
1577,74
1650,75
1517,73
1544,72
1699,78
1670,74
1746,78
1588,73
1757,77
1674,77
1708,76
1749,78
1584,71
1715,75
1801,80
1673,74
1598,75
1608,71
1667,76
1600,72
1704,78
1593,73
1687,77
1690,77
1583,73
1776,78
1692,77
1621,72
1774,78
1673,77
1696,76
1692,77
1710,78
1850,81
1737,77
1682,76
1693,76
1776,78
1637,74
1739,79
1733,78
1808,77
1700,76
1859,80
1798,81
1618,74
1764,77
1585,71
1792,79
1458,68
1758,80
1730,78
1576,73
1598,72
1758,80
1776,79
1638,75
1526,72
1645,75
1762,80
1785,76
1683,79
1684,77
1884,82
1678,75
1729,77
1804,79
1626,76
1604,73
1646,74
1608,74
1729,74
1703,76
1571,73
1673,76
1510,69
1737,76
1658,75
1587,73
1550,74
1768,80
1730,75
1774,80
1777,80
1664,75
1668,75
1641,73
1850,82
1738,77
1915,85
1668,76
1732,77
1830,81
1656,73
1633,75
1626,74
1721,77
1501,70
1745,81
1565,74
1626,74
1640,75
1848,81
1646,74
1728,79
1735,76
1543,71
1754,77
1771,79
1792,77
1718,76
1806,80
1737,78
1786,80
1781,80
1568,71
1640,76
1541,73
1645,74
1765,80
1661,76
1730,76
1816,80
1767,79
1670,77
1718,79
1652,75
1608,75
1613,74
1727,79
1866,81
1475,69
1547,71
1667,78
1669,76
1747,78
1594,74
1777,77
1740,79
1890,82
1666,76
1530,71
1784,78
1818,83
1739,79
1670,75
1678,75
1837,83
1666,74
1816,81
1793,80
1713,74
1796,81
1692,75
1692,75
1711,79
1558,72
1677,76
1666,76
1608,72
1698,77
1675,78
1679,77
1637,75
1616,72
1705,75
1633,72
1741,78
1674,76
1688,78
1574,72
1616,73
1874,84
1655,75
1627,76
1659,73
1583,72
1776,79
1799,78
1682,75
1744,79
1706,78
1667,77
1688,75
1738,79
1705,78
1594,74
1667,78
1731,76
1702,78
1685,74
1843,83
1832,79
1777,76
1675,75
1652,75
1712,78
1850,82
1583,72
1695,79
1617,74
1734,79
1795,80
1731,77
1618,74
1627,72
1739,78
1759,77
1670,75
1720,78
1542,69
1779,80
1588,72
1728,78
1813,82
1713,78
1765,79
1537,73
1706,79
1675,76
1725,78
1635,77
1704,75
1632,76
1630,74
1540,71
1784,77
1754,77
1617,77
1636,75
1576,71
1756,77
1603,74
1651,73
1516,72
1658,73
1742,78
1635,77
1717,76
1508,72
1610,73
1692,75
1809,80
1646,74
1645,72
1642,74
1583,73
1672,73
1701,76
1674,76
1643,74
1574,73
1813,81
1724,77
1739,79
1777,78
1567,70
1774,77
1712,78
1785,78
1589,70
1678,74
1722,79
1779,81
1753,78
1525,68
1767,80
1791,81
1685,77
1595,74
1801,80
1696,75
1641,75
1671,76
1663,74
1708,76
1654,77
1709,75
1656,74
1645,72
1685,77
1631,74
1759,78
1779,79
1620,73
1701,79
1798,80
1691,73
1722,77
1716,78
1767,79
1867,82
1757,79
1785,80
1545,71
1744,77
1746,79
1572,69
1556,71
1561,74
1662,77
1585,71
1528,71
1772,78
1601,74
1606,75
1782,80
1772,79
1718,76
1809,81
1611,76
1758,80
1805,77
1648,75
1831,83
1711,78
1634,73
1590,72
1618,73
1579,76
1644,77
1791,81
1602,74
1796,79
1628,72
1819,82
1646,73
1712,79
1722,75
1713,77
1640,74
1662,75
1677,76
1901,83
1861,81
1726,77
1689,77
1614,74
1833,81
1662,77
1691,76
1573,73
1655,76
1601,74
1636,76
1716,78
1717,78
1773,79
1670,72
1534,70
1498,69
1560,72
1631,74
1635,76
1584,74
1563,72
1748,77
1759,78
1537,71
1661,76
1772,79
1671,75
1586,73
1511,68
1766,79
1617,73
1668,76
1695,77
1671,74
1766,79
1654,74
1716,76
1820,82
1776,79
1694,76
1866,84
1679,75
1727,78
1848,78
1708,75
1596,75
1778,77
1527,71
1671,78
1611,73
1677,73
1704,79
1673,76
1682,77
1536,72
1713,77
1673,78
1686,75
1490,71
1535,71
1749,77
1629,75
1618,73
1754,78
1675,73
1651,74
1723,78
1790,80
1745,78
1781,81
1794,79
1710,79
1728,76
1607,75
1497,73
1630,75
1753,77
1778,79
1710,76
1712,78
1743,78
1760,79
1679,76
1585,75
1728,77
1740,77
1844,81
1791,76
1739,80
1617,75
1704,79
1728,76
1807,81
1826,80
1695,78
1794,81
1624,76
1668,74
1601,72
1732,79
1595,76
1713,77
1704,74
1553,70
1713,75
1648,77
1898,83
1591,71
1774,80
1702,79
1846,81
1772,79
1647,75
1552,72
1803,79
1582,73
1730,78
1685,76
1699,75
1828,81
1557,70
1624,73
1713,78
1719,76
1572,74
1727,77
1833,82
1707,76
1828,80
1728,79
1689,78
1838,80
1693,76
1702,77
1575,73
1634,74
1627,74
1676,74
1702,77
1634,76
1797,80
1640,75
1676,76
1631,76
1666,76
1572,72
1759,77
1776,80
1662,77
1786,78
1561,74
1772,77
1685,77
1723,80
1575,74
1705,77
1826,82
1658,72
1663,76
1694,75
1682,74
1851,81
1781,79
1555,70
1688,74
1747,77
1778,80
1600,74
1644,73
1615,72
1784,80
1553,73
1788,80
1885,84
1696,76
1783,80
1764,76
1747,79
1614,73
1664,77
1633,76
1819,80
1841,81
1738,77
1874,83
1755,80
1632,73
1780,78
1673,74
1600,73
1772,79
1714,77
1665,76
1785,79
1778,79
1665,75
1823,80
1813,82
1599,72
1627,75
1626,72
1762,78
1782,80
1871,81
1741,76
1788,81
1820,81
1727,79
1667,76
1603,73
1574,73
1717,80
1811,80
1539,73
1566,74
1673,77
1566,71
1461,66
1708,78
1575,72
1664,76
1755,78
1655,73
1724,79
1790,80
1611,73
1847,81
1569,72
1598,70
1453,70
1692,75
1636,74
1812,78
1810,81
1604,74
1637,74
1682,76
1810,81
1612,74
1571,73
1673,76
1611,71
1730,77
1672,73
1692,76
1631,74
1677,77
1632,75
1645,74
1648,75
1586,75
1626,76
1747,78
1686,76
1752,79
1609,75
1608,75
1709,78
1677,77
1747,77
1526,72
1607,71
1682,77
1816,81
1633,74
1602,74
1784,78
1751,80
1687,75
1689,73
1768,80
1713,77
1788,78
1755,80
1717,76
1635,73
1510,70
1756,78
1760,77
1754,79
1651,74
1764,79
1803,80
1804,81
1789,81
1747,79
1651,72
1610,75
1813,81
1794,80
1617,74
1685,78
1702,77
1727,78
1650,76
1650,77
1648,76
1774,79
1715,77
1709,77
1732,77
1776,78
1845,79
1705,74
1636,75
1617,74
1605,70
1615,76
1851,82
1670,76
1615,73
1752,77
1542,69
1712,77
1598,72
1688,77
1653,75
1683,78
1663,74
1587,73
1736,77
1824,80
1572,71
1619,71
1710,73
1629,74
1587,73
1686,75
1737,76
1699,78
1679,76
1582,71
1687,76
1686,78
1699,77
1684,75
1891,83
1728,76
1655,74
1701,78
1577,70
1517,72
1690,76
1609,72
1768,77
1691,77
1551,71
1774,78
1634,75
1554,71
1733,77
1745,79
1659,71
1590,73
1772,79
1672,76
1660,76
1718,81
1602,75
1721,78
1767,79
1717,78
1712,77
1555,69
1694,75
1783,80
1694,73
1667,74
1807,79
1663,76
1659,77
1839,80
1697,77
1671,73
1534,73
1680,78
1722,78
1694,77
1652,74
1699,77
1760,76
1621,75
1738,77
1773,79
1819,81
1794,79
1720,77
1661,76
1728,79
1729,78
1755,77
1593,72
1646,77
1548,73
1614,73
1713,76
1711,75
1643,73
1744,77
1615,75
1877,84
1676,76
1510,70
1703,75
1663,75
1785,80
1852,82
1672,75
1659,73
1797,81
1821,80
1561,72
1758,80
1474,69
1702,79
1681,75
1656,77
1516,69
1590,74
1768,79
1639,73
1782,80
1691,77
1560,72
1604,73
1615,73
1864,81
1711,79
1737,79
1818,79
1772,79
1685,75
1733,77
1860,82
1655,75
1838,79
1742,79
1633,74
1884,83
1701,76
1751,78
1686,74
1650,75
1790,80
1707,76
1626,72
1783,79
1674,77
1731,80
1766,79
1648,73
1786,78
1771,80
1580,71
1601,74
1701,78
1778,77
1541,73
1599,72
1599,75
1629,74
1834,81
1685,74
1821,81
1674,74
1775,80
1685,78
1768,77
1679,77
1785,80
1706,79
1735,79
1734,75
1625,75
1644,72
1764,80
1766,78
1724,76
1695,80
1815,80
1839,81
1662,77
1622,74
1711,77
1629,74
1661,76
1837,82
1580,71
1802,82
1656,77
1814,79
1715,79
1666,75
1796,80
1479,71
1622,75
1739,78
1663,73
1840,81
1410,66
1672,75
1735,79
1773,82
1745,78
1757,79
1635,76
1635,72
1596,69
1636,75
1697,77
1782,81
1725,76
1591,75
1652,76
1502,73
1747,77
1887,84
1723,78
1582,72
1595,73
1874,81
1743,77
1801,79
1749,77
1652,76
1767,75
1715,78
1613,77
1633,73
1748,78
1421,66
1771,80
1663,72
1657,73
1572,73
1698,75
1773,81
1720,78
1758,79
1659,74
1593,72
1659,76
1574,72
1582,74
1759,79
1668,74
1772,79
1820,78
1604,72
1704,76
1789,79
1761,77
1784,80
1885,82
1612,73
1651,74
1719,78
1663,73
1780,80
1783,80
1646,73
1636,78
1626,73
1754,76
1609,73
1692,74
1766,77
1590,72
1787,80
1673,73
1635,72
1559,72
1693,74
1607,74
1588,70
1700,77
1662,75
1725,76
1738,78
1588,73
1720,77
1676,77
1830,81
1730,79
1679,75
1678,77
1762,77
1765,79
1834,80
1742,75
1784,78
1751,79
1656,76
1783,79
1648,75
1635,76
1668,78
1564,71
1620,72
1746,77
1695,73
1743,77
1710,78
1712,80
1712,77
1856,83
1660,73
1709,78
1557,74
1700,77
1652,77
1683,76
1601,72
1765,78
1706,75
1790,82
1750,78
1716,78
1657,75
1819,80
1721,78
1650,75
1693,75
1684,76
1630,75
1648,77
1830,81
1720,77
1917,85
1800,80
1524,70
1672,76
1699,77
1653,75
1640,75
1657,73
1618,76
1746,79
1703,77
1809,78
1593,73
1771,79
1632,76
1515,69
1716,76
1759,79
1808,80
1574,72
1544,71
1699,76
1690,76
1797,79
1609,75
1700,77
1772,78
1726,76
1859,81
1595,70
1698,76
1599,73
1678,75
1735,78
1713,78
1648,74
1813,77
1676,74
1614,74
1740,78
1591,72
1756,79
1725,78
1777,81
1694,75
1547,72
1701,73
1769,79
1688,75
1588,69
1786,80
1790,78
1743,78
1739,77
1798,80
1534,70
1684,77
1642,74
1754,81
1521,72
1562,72
1842,83
1837,79
1599,74
1714,79
1567,70
1718,77
1579,73
1688,77
1542,70
1660,74
1701,77
1666,75
1645,75
1684,75
1611,74
1702,78
1558,71
1779,80
1678,74
1664,77
1619,75
1729,76
1643,74
1651,75
1481,71
1653,74
1654,73
1708,78
1816,79
1624,73
1663,77
1643,76
1789,79
1713,77
1639,74
1702,76
1616,76
1791,80
1863,84
1747,79
1645,75
1749,78
1628,73
1709,79
1604,73
1689,77
1685,76
1843,82
1703,78
1689,74
1702,77
1616,75
1727,77
1722,78
1688,78
1714,79
1630,77
1670,75
1718,75
1580,73
1709,78
1756,77
1540,73
1763,80
1630,77
1867,84
1710,77
1699,78
1736,77
1611,71
1798,79
1776,80
1721,78
1698,78
1557,71
1706,76
1691,79
1563,71
1827,79
1616,73
1733,79
1723,76
1784,76
1681,76
1787,80
1773,80
1731,79
1651,74
1600,73
1642,73
1637,74
1614,73
1779,79
1676,76
1567,72
1676,75
1667,76
1691,77
1802,81
1637,74
1635,77
1604,74
1806,80
1689,77
1645,77
1761,80
1662,74
1732,78
1797,81
1723,80
1727,75
1659,76
1722,76
1652,73
1686,78
1618,71
1639,72
1557,72
1690,77
1587,74
1731,79
1510,68
1787,80
1716,75
1703,78
1617,74
1703,77
1826,80
1722,79
1789,80
1724,75
1725,78
1696,76
1684,78
1704,77
1719,77
1778,78
1463,68
1637,75
1683,77
1786,80
1633,72
1685,76
1667,76
1483,69
1690,77
1689,74
1628,74
1667,77
1739,80
1774,76
1683,77
1656,77
1628,76
1625,74
1808,78
1606,72
1684,75
1558,73
1695,78
1697,77
1742,78
1706,78
1698,79
1716,77
1718,78
1751,78
1762,79
1710,78
1654,77
1604,74
1736,79
1717,79
1781,79
1705,78
1694,75
1755,79
1794,80
1705,76
1564,72
1605,73
1588,72
1825,81
1723,77
1694,75
1715,77
1715,77
1465,69
1692,75
1839,82
1796,80
1589,73
1751,79
1724,77
1696,78
1681,73
1632,75
1824,80
1627,74
1821,79
1632,73
1727,74
1716,78
1594,75
1757,77
1741,79
1653,78
1776,80
1703,76
1784,79
1787,81
1713,77
1718,77
1654,77
1837,79
1632,72
1658,75
1658,74
1767,80
1562,71
1601,71
1737,78
1788,80
1792,80
1693,76
1617,73
1753,79
1649,72
1818,79
1785,78
1694,77
1767,77
1797,81
1670,78
1806,79
1728,76
1733,78
1579,73
1527,73
1691,74
1802,81
1647,74
1622,73
1653,75
1635,73
1736,78
1756,80
1701,77
1722,77
1649,76
1783,78
1535,72
1620,73
1610,75
1767,81
1727,76
1774,80
1725,77
1620,72
1660,77
1812,82
1758,80
1611,76
1774,80
1567,71
1593,71
1689,77
1748,78
1796,78
1707,76
1603,75
1580,74
1701,76
1722,78
1676,74
1668,77
1541,73
1569,70
1743,79
1683,76
1725,79
1746,78
1769,80
1554,70
1547,71
1651,76
1757,77
1837,83
1739,79
1718,77
1724,77
1584,71
1684,77
1723,76
1759,78
1701,75
1624,75
1709,77
1671,74
1654,76
1619,73
1688,77
1731,78
1577,71
1732,79
1559,74
1730,77
1837,79
1663,76
1674,76
1787,80
1653,72
1783,79
1791,78
1728,78
1700,76
1695,77
1738,76
1638,75
1769,77
1713,79
1890,84
1487,70
1541,71
1838,81
1807,81
1633,75
1807,79
1746,80
1672,76
1629,75
1658,74
1782,76
1605,75
1673,74
1690,76
1643,75
1585,75
1688,74
1552,73
1628,77
1617,73
1763,80
1786,80
1687,74
1529,72
1710,77
1733,77
1680,75
1671,73
1685,76
1710,76
1696,78
1754,81
1891,81
1657,73
1761,79
1658,73
1636,74
1534,70
1681,77
1775,79
1788,79
1799,79
1700,76
1679,75
1622,72
1683,76
1810,80
1693,78
1856,82
1734,76
1714,79
1674,76
1786,79
1580,73
1753,79
1754,77
1673,76
1628,76
1655,74
1732,76
1705,76
1624,75
1701,76
1624,76
1732,77
1866,83
1712,76
1686,76
1736,78
1639,72
1717,78
1635,76
1669,75
1707,74
1668,76
1688,76
1727,78
1810,82
1615,75
1769,80
1711,77
1797,79
1589,73
1692,77
1562,72
1697,78
1634,73
1701,76
1642,72
1716,78
1726,77
1709,75
1697,73
1732,76
1755,80
1557,72
1541,70
1615,76
1700,77
1781,78
1714,78
1767,76
1606,72
1665,74
1744,80
1738,77
1764,76
1628,76
1663,77
1677,78
1639,74
1761,79
1762,78
1776,79
1749,76
1866,83
1739,76
1604,72
1692,77
1757,76
1776,80
1666,76
1492,68
1698,77
1842,80
1616,75
1538,68
1735,76
1702,78
1805,78
1738,78
1704,77
1588,75
1688,75
1594,73
1677,75
1681,75
1590,75
1595,71
1746,80
1744,78
1611,73
1773,79
1560,72
1759,77
1619,73
1674,72
1725,77
1628,74
1652,75
1828,81
1704,76
1729,77
1707,76
1824,80
1701,79
1850,81
1638,74
1676,78
1657,75
1648,72
1803,81
1757,79
1808,78
1688,76
1685,77
1597,74
1649,75
1658,77
1645,72
1657,75
1766,78
1676,78
1712,77
1842,81
1563,73
1614,75
1628,73
1853,81
1693,74
1706,79
1613,74
1670,77
1579,72
1638,74
1669,76
1644,72
1662,76
1696,77
1615,71
1729,78
1708,73
1785,80
1693,78
1692,76
1746,79
1599,75
1715,77
1706,76
1671,77
1735,74
1670,73
1625,75
1751,75
1621,75
1646,74
1739,79
1612,75
1842,77
1541,73
1572,72
1767,80
1675,74
1888,82
1642,74
1726,79
1566,74
1648,73
1649,76
1701,75
1667,76
1718,78
1622,76
1635,74
1719,77
1632,75
1624,74
1848,82
1868,82
1631,74
1868,82
1672,75
1665,75
1794,79
1677,76
1676,77
1685,76
1743,78
1596,74
1649,76
1821,80
1770,80
1644,76
1683,76
1761,79
1876,81
1659,76
1762,78
1689,74
1820,80
1743,78
1682,76
1675,75
1874,80
1708,76
1713,78
1692,76
1675,78
1632,73
1699,77
1718,75
1649,72
1586,70
1579,73
1719,78
1800,79
1834,79
1920,81
1925,81
1795,81
1682,76
1713,79
1687,77
1647,74
1854,81
1774,79
1626,74
1727,78
1581,74
1517,71
1760,78
1825,81
1698,76
1506,72
1746,76
1635,75
1750,78
1760,80
1803,80
1759,79
1840,80
1707,76
1536,71
1750,81
1648,74
1801,80
1712,76
1757,76
1714,75
1621,74
1747,76
1826,81
1694,76
1720,78
1615,74
1784,79
1700,76
1726,76
1587,71
1568,73
1556,71
1612,72
1640,74
1748,77
1707,78
1796,81
1777,79
1668,75
1836,80
1681,76
1657,78
1675,75
1588,73
1738,77
1698,77
1792,78
1698,77
1666,76
1763,77
1639,72
1758,79
1741,77
1653,75
1731,75
1634,72
1769,78
1763,77
1613,73
1705,78
1863,83
1790,79
1801,77
1654,77
1735,77
1655,74
1644,75
1679,77
1719,75
1592,74
1709,76
1736,77
1586,72
1773,79
1607,73
1794,81
1602,73
1810,79
1780,78
1641,73
1844,79
1671,76
1697,76
1742,76
1604,74
1615,74
1665,75
1783,80
1740,78
1783,79
1690,74
1705,76
1762,78
1688,77
1532,70
1645,73
1825,80
1758,79
1763,76
1775,80
1730,75
1557,71
1680,73
1625,74
1575,73
1602,76
1754,79
1747,77
1601,72
1679,76
1646,74
1442,68
1639,77
1734,80
1810,78
1826,78
1540,72
1693,77
1623,75
1672,77
1710,77
1686,75
1667,77
1581,73
1693,76
1717,76
1651,75
1783,79
1682,75
1712,78
1770,77
1663,74
1588,74
1783,79
1737,77
1640,76
1667,76
1616,75
1629,74
1804,78
1747,80
1664,75
1840,80
1767,79
1660,76
1741,78
1718,76
1766,81
1740,78
1678,77
1712,75
1690,78
1674,74
1741,78
1857,81
1747,77
1732,78
1601,72
1619,76
1689,74
1743,77
1804,81
1731,79
1674,75
1719,77
1886,84
1672,74
1736,80
1647,73
1553,71
1751,79
1655,75
1704,75
1671,76
1684,76
1591,73
1829,81
1572,71
1825,80
1640,76
1519,70
1743,78
1790,79
1734,79
1728,78
1690,74
1764,76
1798,81
1641,77
1846,82
1750,79
1720,78
1792,80
1627,75
1648,74
1721,77
1561,72
1587,72
1750,78
1702,77
1589,73
1792,80
1798,80
1639,73
1666,76
1645,76
1825,79
1692,77
1806,80
1641,76
1697,77
1835,81
1766,76
1750,77
1774,80
1861,82
1642,74
1636,74
1752,78
1647,75
1433,67
1805,82
1727,78
1714,77
1558,73
1716,76
1728,78
1740,77
1700,78
1683,76
1663,73
1728,76
1769,79
1670,74
1738,78
1724,78
1631,72
1765,79
1750,80
1657,77
1879,83
1662,74
1578,73
1605,73
1611,71
1821,80
1863,82
1757,77
1733,79
1712,75
1624,76
1855,80
1664,75
1816,79
1853,83
1656,76
1561,72
1739,79
1678,76
1731,76
1805,80
1836,81
1563,71
1660,74
1553,72
1649,73
1710,78
1559,71
1725,78
1876,81
1775,81
1676,76
1659,76
1485,70
1652,74
1873,82
1713,75
1660,74
1636,75
1625,74
1859,82
1742,77
1713,76
1813,81
1643,72
1660,77
1585,71
1715,75
1720,77
1689,77
1615,72
1696,77
1756,80
1809,80
1696,77
1665,75
1676,77
1713,76
1677,75
1606,72
1616,73
1604,73
1600,74
1703,78
1644,73
1738,80
1798,81
1646,75
1633,75
1594,74
1672,78
1795,80
1644,73
1770,79
1592,75
1547,71
1716,78
1724,78
1690,77
1725,77
1783,79
1755,77
1689,76
1883,82
1720,75
1510,70
1707,76
1777,78
1788,78
1626,75
1742,77
1619,72
1589,72
1765,78
1650,73
1755,79
1699,73
1604,74
1714,79
1680,76
1609,72
1673,78
1822,81
1628,72
1568,74
1689,76
1687,74
1729,76
1699,78
1584,71
1798,81
1698,76
1692,75
1661,71
1856,83
1545,69
1706,76
1723,77
1613,73
1638,74
1681,75
1655,76
1782,80
1636,73
1769,77
1672,75
1632,77
1763,78
1714,76
1714,76
1670,77
1583,73
1796,81
1548,71
1548,71
1650,76
1733,77
1788,79
1736,76
1710,77
1622,74
1695,77
1793,80
1762,77
1763,77
1604,75
1786,79
1579,72
1751,78
1673,76
1721,77
1703,77
1755,76
1708,75
1767,78
1729,78
1717,77
1720,76
1707,73
1619,74
1662,74
1723,76
1861,81
1732,77
1716,76
1772,79
1734,78
1563,69
1591,74
1717,76
1725,75
1565,72
1588,71
1797,80
1693,76
1604,74
1800,79
1769,78
1789,80
1619,73
1625,75
1702,76
1904,84
1522,71
1684,78
1688,77
1699,73
1671,77
1660,77
1505,71
1769,79
1665,77
1690,74
1784,80
1667,78
1899,82
1588,73
1585,75
1687,76
1706,77
1747,78
1702,77
1647,77
1551,72
1673,75
1696,76
1871,80
1717,76
1705,77
1801,80
1757,80
1755,80
1642,73
1708,78
1774,78
1797,80
1750,78
1802,77
1723,78
1673,76
1711,77
1557,70
1732,76
1699,76
1647,73
1778,79
1699,76
1752,79
1750,78
1678,78
1907,82
1720,76
1645,76
1822,81
1760,79
1678,75
1740,75
1709,74
1633,76
1786,80
1466,69
1619,72
1778,76
1673,75
1708,75
1637,75
1667,75
1480,70
1694,77
1697,74
1545,71
1712,76
1669,77
1621,73
1652,72
1692,75
1722,76
1656,77
1485,70
1708,79
1772,77
1638,75
1632,73
1694,77
1727,77
1753,75
1704,78
1739,78
1722,78
1651,74
1438,67
1714,77
1633,74
1747,76
1664,76
1712,78
1531,70
1742,77
1700,77
1684,75
1672,76
1748,76
1681,78
1740,79
1754,80
1628,74
1580,76
1714,77
1714,78
1766,78
1658,74
1706,78
1776,80
1647,76
1758,79
1696,77
1499,69
1683,73
1602,74
1546,74
1806,77
1633,73
1634,75
1825,80
1565,72
1747,79
1654,74
1653,74
1688,76
1660,77
1794,81
1695,76
1700,75
1547,73
1719,78
1609,74
1693,75
1590,72
1677,74
1869,84
1627,73
1767,78
1761,78
1643,76
1713,76
1788,81
1701,77
1742,76
1828,80
1688,77
1620,73
1841,82
1777,80
1654,74
1749,77
1778,79
1732,77
1793,79
1776,80
1801,81
1656,75
1733,79
1604,73
1776,79
1626,72
1633,74
1737,78
1774,78
1477,68
1653,73
1630,75
1624,76
1767,78
1864,80
1770,80
1644,71
1676,75
1691,77
1709,77
1684,74
1705,77
1640,74
1767,80
1761,78
1652,77
1667,73
1642,75
1651,75
1629,75
1636,74
1615,72
1604,75
1747,77
1548,72
1782,77
1689,78
1654,73
1677,74
1772,81
1727,76
1731,79
1705,76
1622,74
1758,78
1700,77
1695,74
1551,72
1612,75
1806,77
1661,75
1650,76
1643,75
1701,75
1546,73
1811,78
1733,79
1617,75
1711,77
1736,78
1533,71
1712,77
1663,76
1682,77
1838,80
1596,72
1696,78
1516,70
1644,74
1651,75
1686,75
1746,76
1674,78
1670,75
1625,72
1602,74
1808,81
1704,76
1589,76
1824,78
1737,78
1699,77
1696,75
1733,76
1655,73
1725,78
1686,77
1723,77
1720,76
1619,74
1602,70
1749,79
1610,72
1512,70
1636,75
1698,75
1657,75
1618,74
1684,76
1683,75
1664,76
1866,82
1646,75
1653,77
1692,76
1683,77
1636,72
1579,73
1652,75
1638,76
1597,76
1718,76
1625,72
1741,77
1611,71
1700,79
1705,75
1711,75
1687,77
1600,73
1750,79
1793,81
1682,76
1756,80
1665,76
1605,74
1627,74
1696,77
1656,74
1625,74
1561,70
1740,77
1768,78
1811,77
1711,76
1723,77
1571,71
1680,73
1690,75
1768,76
1593,74
1744,79
1589,73
1743,77
1689,77
1698,78
1733,79
1832,81
1694,76
1625,72
1686,77
1708,77
1651,76
1734,81
1708,77
1898,82
1713,77
1581,72
1718,78
1592,73
1806,81
1592,74
1654,76
1566,73
1588,72
1767,77
1546,69
1768,79
1660,73
1610,74
1802,78
1749,79
1767,78
1709,75
1846,83
1643,75
1764,80
1733,78
1750,78
1569,69
1770,78
1646,75
1605,75
1810,82
1742,78
1816,79
1730,76
1700,76
1581,74
1783,79
1712,77
1673,77
1752,77
1776,80
1643,73
1641,76
1668,75
1626,75
1540,71
1707,78
1776,80
1704,77
1625,73
1683,77
1771,78
1809,79
1758,79
1542,72
1715,79
1814,81
1713,77
1760,80
1804,81
1670,75
1695,73
1647,72
1719,78
1771,77
1759,79
1542,69
1640,75
1773,81
1673,75
1637,73
1702,78
1573,73
1759,77
1719,76
1744,78
1853,80
1671,76
1624,74
1694,78
1776,76
1850,81
1716,77
1660,76
1760,78
1651,74
1751,79
1651,75
1754,76
1798,80
1761,80
1657,74
1735,78
1724,78
1600,72
1693,76
1584,72
1847,82
1569,73
1742,77
1729,78
1795,80
1645,76
1733,79
1616,75
1599,72
1742,80
1572,73
1658,75
1490,70
1691,76
1789,80
1612,73
1702,76
1762,77
1813,81
1630,75
1496,72
1690,77
1611,73
1699,77
1794,79
1603,74
1557,75
1613,77
1893,83
1585,74
1674,74
1566,73
1656,76
1872,84
1678,78
1547,70
1645,76
1724,77
1745,80
1609,74
1688,79
1795,79
1690,76
1623,73
1827,81
1659,75
1590,72
1606,72
1651,76
1660,75
1722,78
1645,74
1685,75
1696,79
1697,75
1713,77
1747,79
1595,74
1797,79
1642,74
1679,79
1751,79
1728,77
1759,79
1691,75
1582,70
1719,78
1633,75
1622,74
1679,74
1723,78
1711,77
1668,76
1725,78
1824,79
1645,73
1737,78
1641,75
1659,75
1736,79
1725,79
1691,77
1666,75
1614,74
1718,78
1743,77
1693,76
1652,74
1682,76
1620,75
1480,69
1650,78
1685,75
1835,79
1586,72
1687,76
1730,77
1623,77
1652,76
1666,75
1639,75
1780,79
1698,77
1619,76
1599,74
1766,80
1601,75
1688,78
1585,71
1697,76
1716,79
1665,75
1752,80
1602,71
1695,77
1705,76
1735,76
1737,78
1761,78
1578,72
1596,75
1633,73
1697,77
1731,78
1675,78
1674,76
1755,76
1665,74
1622,76
1658,77
1579,74
1538,71
1667,76
1712,76
1837,81
1642,75
1671,75
1685,76
1738,77
1728,77
1709,77
1665,76
1655,74
1783,79
1654,72
1751,79
1548,71
1583,72
1825,81
1579,72
1670,75
1633,75
1720,77
1780,78
1706,78
1693,75
1647,75
1819,79
1587,74
1800,78
1683,77
1554,73
1636,75
1603,74
1685,77
1703,78
1772,78
1740,75
1626,73
1691,78
1748,79
1687,76
1816,77
1688,75
1787,78
1557,70
1719,77
1752,78
1771,78
1663,77
1682,77
1799,79
1633,74
1798,78
1869,82
1586,74
1687,75
1664,74
1631,74
1710,79
1675,78
1654,75
1853,81
1610,73
1708,75
1751,77
1549,70
1559,73
1623,74
1818,83
1722,79
1835,82
1592,73
1801,82
1633,75
1606,76
1827,81
1687,79
1782,81
1731,77
1675,76
1681,75
1687,75
1668,78
1733,75
1778,80
1804,78
1749,80
1780,81
1730,79
1663,76
1780,80
1707,79
1751,80
1704,77
1528,72
1737,79
1616,73
1720,77
1640,75
1760,79
1643,74
1763,78
1593,74
1555,71
1795,79
1686,77
1603,75
1614,72
1597,72
1724,76
1565,72
1708,77
1875,83
1684,77
1823,80
1939,82
1779,81
1783,79
1664,75
1735,74
1584,71
1574,70
1649,76
1757,80
1629,76
1771,80
1734,77
1739,79
1776,79
1637,75
1554,74
1805,80
1647,73
1737,77
1709,77
1705,76
1606,74
1773,80
1899,84
1744,80
1610,71
1685,76
1711,79
1587,73
1612,76
1861,82
1748,77
1702,79
1652,72
1714,77
1766,79
1618,72
1720,77
1728,74
1653,73
1660,75
1575,72
1677,76
1719,76
1585,75
1702,77
1858,83
1753,78
1631,73
1819,82
1644,74
1814,80
1744,76
1650,74
1773,80
1655,75
1728,77
1601,73
1795,81
1677,76
1662,75
1545,72
1578,71
1826,82
1676,78
1756,77
1659,75
1729,76
1655,77
1816,79
1790,79
1828,81
1722,77
1756,81
1835,83
1777,78
1684,73
1744,77
1651,75
1718,78
1641,73
1618,74
1693,77
1582,71
1638,75
1676,75
1640,74
1638,75
1727,77
1678,74
1606,70
1719,77
1658,77
1835,81
1750,77
1883,83
1671,77
1770,78
1684,77
1712,75
1753,77
1587,73
1630,75
1711,77
1688,75
1456,69
1702,77
1791,80
1611,75
1685,75
1705,78
1707,78
1810,81
1566,73
1634,72
1557,74
1689,75
1739,78
1705,79
1742,77
1627,72
1796,79
1676,77
1694,76
1710,77
1587,73
1658,71
1787,78
1653,74
1546,71
1753,79
1755,79
1838,83
1769,77
1720,75
1692,77
1659,76
1737,79
1499,70
1772,80
1737,79
1640,72
1752,78
1654,75
1661,75
1570,71
1672,73
1775,78
1817,81
1756,78
1765,80
1719,79
1741,79
1668,77
1555,70
1563,72
1526,71
1645,74
1583,74
1704,76
1811,78
1578,73
1693,76
1654,79
1729,78
1532,72
1795,81
1751,80
1710,75
1645,75
1585,70
1766,78
1679,77
1778,80
1630,74
1715,75
1666,75
1655,75
1657,75
1767,80
1690,78
1605,73
1793,82
1773,77
1762,80
1859,82
1617,75
1724,77
1724,77
1650,76
1809,81
1718,76
1694,78
1570,71
1680,77
1758,79
1743,77
1635,74
1703,78
1779,81
1620,77
1718,78
1718,77
1615,76
1619,75
1837,80
1556,72
1627,75
1543,73
1788,81
1856,79
1601,72
1723,78
1705,79
1730,76
1787,79
1687,73
1693,76
1573,73
1700,78
1788,81
1701,80
1701,75
1765,77
1898,81
1699,75
1754,79
1679,74
1770,80
1819,81
1727,80
1727,75
1754,80
1423,66
1625,72
1610,74
1653,74
1760,78
1613,76
1827,82
1626,74
1704,75
1663,75
1766,78
1778,80
1698,75
1601,72
1597,74
1651,75
1712,77
1589,74
1829,81
1711,79
1649,75
1646,70
1670,74
1779,79
1737,78
1513,68
1769,78
1705,77
1558,70
1616,73
1685,76
1821,80
1585,72
1757,80
1668,75
1560,73
1729,77
1639,77
1654,74
1790,76
1635,74
1688,75
1732,77
1744,77
1679,77
1761,78
1787,79
1714,79
1709,75
1572,73
1605,73
1606,75
1845,80
1582,72
1581,75
1792,80
1706,78
1849,81
1642,76
1624,74
1607,73
1692,76
1814,82
1784,80
1682,73
1744,77
1540,72
1670,76
1620,75
1737,78
1757,79
1640,76
1593,74
1769,77
1671,75
1831,82
1629,74
1605,74
1711,77
1716,78
1850,81
1661,75
1734,77
1855,82
1712,77
1717,78
1750,79
1623,75
1615,74
1548,70
1729,77
1738,77
1730,79
1827,81
1650,73
1790,79
1679,78
1610,74
1744,78
1594,75
1671,75
1605,74
1743,80
1822,81
1754,78
1804,79
1716,76
1870,82
1650,76
1856,82
1607,72
1661,74
1754,79
1476,69
1635,75
1755,77
1643,73
1674,73
1716,77
1789,81
1542,74
1688,75
1808,77
1682,75
1583,70
1719,80
1831,79
1685,76
1662,73
1627,75
1669,78
1703,76
1877,82
1677,73
1809,80
1797,78
1656,76
1606,75
1573,72
1812,80
1771,79
1686,76
1648,75
1749,79
1513,69
1681,75
1789,81
1713,76
1773,75
1636,76
1599,74
1798,80
1795,79
1909,82
1755,79
1659,75
1770,77
1843,81
1770,77
1710,76
1584,74
1765,79
1541,72
1790,78
1466,69
1773,79
1756,78
1630,75
1667,74
1711,75
1615,73
1729,77
1823,80
1686,77
1633,73
1763,80
1603,76
1656,74
1784,79
1732,76
1736,75
1755,77
1736,78
1608,73
1694,75
1608,74
1617,74
1663,76
1750,78
1733,79
1700,75
1702,78
1589,74
1580,73
1746,79
1732,78
1757,80
1633,73
1761,79
1523,70
1622,75
1701,75
1740,78
1901,82
1788,80
1680,75
1698,77
1704,78
1689,76
1766,78
1632,73
1679,76
1757,76
1727,75
1728,77
1689,77
1779,77
1823,81
1699,75
1675,76
1789,79
1762,79
1733,77
1780,81
1768,78
1654,74
1608,75
1692,77
1492,72
1779,80
1703,76
1664,74
1647,73
1742,75
1658,76
1728,75
1675,76
1587,73
1634,74
1707,76
1739,79
1756,79
1709,76
1534,71
1627,75
1623,74
1507,67
1711,76
1686,76
1642,76
1678,75
1683,77
1696,78
1760,80
1635,74
1594,74
1677,74
1580,72
1563,73
1602,75
1614,73
1667,74
1752,80
1805,79
1630,75
1751,79
1679,76
1692,76
1679,78
1706,76
1707,78
1769,78
1592,72
1747,79
1637,74
1541,71
1827,77
1764,78
1663,75
1678,75
1648,73
1655,73
1692,78
1775,81
1781,79
1606,74
1672,76
1598,73
1548,71
1643,76
1757,79
1798,80
1625,75
1771,78
1697,77
1745,75
1576,73
1767,78
1661,74
1569,74
1681,77
1706,76
1715,76
1621,76
1507,71
1655,76
1781,81
1728,78
1585,72
1675,76
1725,77
1658,75
1620,73
1609,74
1636,75
1748,77
1670,78
1725,77
1713,77
1785,80
1818,80
1703,75
1818,80
1765,77
1639,75
1790,78
1820,79
1559,72
1645,74
1593,73
1586,75
1688,76
1699,77
1740,79
1624,74
1619,74
1655,75
1757,78
1771,79
1738,79
1579,71
1558,72
1629,73
1652,72
1577,70
1668,76
1710,78
1785,78
1746,77
1719,78
1670,76
1680,75
1641,77
1746,80
1656,77
1739,79
1792,81
1479,69
1727,78
1773,79
1781,78
1702,76
1597,72
1766,78
1697,76
1689,78
1701,77
1688,76
1504,70
1587,72
1626,74
1760,79
1745,80
1714,77
1659,76
1708,76
1665,75
1611,75
1699,77
1704,78
1808,81
1702,76
1660,75
1632,74
1685,74
1611,69
1730,76
1844,82
1889,84
1540,72
1695,79
1577,71
1674,75
1856,81
1563,73
1859,82
1757,76
1819,80
1742,79
1676,77
1626,74
1709,75
1740,78
1597,72
1571,73
1678,72
1665,75
1656,77
1682,78
1856,80
1683,74
1737,80
1704,76
1677,75
1759,77
1703,75
1655,76
1836,81
1653,76
1684,77
1619,74
1730,79
1707,78
1699,77
1758,76
1656,75
1772,78
1654,73
1776,78
1584,73
1655,75
1646,76
1746,78
1537,70
1662,74
1405,66
1517,70
1709,79
1720,77
1638,74
1780,75
1659,76
1583,70
1783,80
1700,78
1611,75
1652,77
1695,76
1578,71
1705,77
1629,72
1640,75
1721,76
1807,79
1654,78
1608,75
1650,74
1699,77
1814,82
1727,76
1746,79
1710,77
1578,73
1670,75
1670,76
1780,79
1654,77
1767,77
1644,74
1569,71
1646,76
1619,73
1723,78
1821,81
1729,77
1604,74
1569,73
1780,80
1570,71
1762,77
1650,76
1667,75
1712,78
1714,78
1756,78
1822,83
1706,77
1766,79
1750,78
1614,73
1757,76
1820,81
1713,78
1671,76
1813,80
1795,77
1712,77
1683,76
1628,73
1718,78
1653,74
1770,81
1530,72
1621,72
1723,78
1628,75
1524,69
1622,73
1739,80
1685,76
1754,80
1672,75
1548,71
1749,77
1560,72
1738,79
1714,77
1697,78
1718,76
1732,76
1735,80
1712,76
1876,82
1678,74
1628,74
1655,72
1650,73
1727,76
1699,77
1505,70
1823,83
1656,76
1674,74
1682,75
1752,80
1740,78
1783,79
1731,75
1696,75
1648,74
1636,75
1721,77
1775,77
1691,76
1647,75
1551,72
1613,74
1635,73
1655,75
1737,77
1584,71
1683,76
1769,80
1722,79
1644,74
1661,76
1750,79
1725,77
1742,77
1665,75
1617,74
1712,80
1693,77
1861,82
1753,78
1711,76
1696,78
1669,74
1865,83
1770,79
1722,79
1594,75
1746,78
1738,79
1830,81
1618,73
1653,74
1516,71
1813,80
1672,77
1680,74
1931,85
1650,75
1547,74
1828,81
1720,78
1694,79
1530,72
1596,73
1761,78
1659,75
1656,75
1691,74
1742,77
1723,79
1675,75
1713,77
1744,77
1833,81
1652,75
1542,73
1616,74
1710,77
1813,80
1720,77
1608,75
1635,73
1732,78
1620,72
1857,81
1766,79
1579,72
1721,79
1695,76
1932,83
1640,75
1606,72
1792,79
1837,81
1916,84
1757,78
1526,72
1880,82
1742,79
1758,78
1732,80
1642,75
1774,79
1689,75
1659,74
1681,76
1569,73
1493,68
1684,78
1702,76
1537,73
1573,69
1653,76
1713,76
1660,75
1622,75
1680,74
1708,75
1617,73
1820,82
1641,76
1611,74
1640,75
1750,79
1669,77
1934,84
1875,82
1756,80
1736,79
1677,78
1771,79
1727,78
1602,74
1731,75
1562,73
1600,72
1671,76
1795,80
1703,77
1692,80
1715,79
1874,80
1713,79
1792,81
1809,80
1633,75
1607,73
1869,83
1823,81
1609,74
1670,74
1738,79
1761,80
1625,74
1769,79
1751,80
1749,79
1788,80
1764,78
1714,76
1754,79
1725,79
1700,79
1756,79
1763,79
1683,78
1720,78
1643,73
1637,74
1761,77
1792,80
1749,80
1799,80
1638,75
1622,74
1660,74
1665,74
1691,75
1563,72
1703,78
1768,80
1843,82
1588,74
1625,73
1717,77
1699,78
1727,80
1641,74
1676,77
1753,75
1644,74
1748,77
1636,75
1627,74
1849,82
1658,73
1610,72
1755,77
1654,73
1651,76
1664,76
1710,76
1645,76
1697,76
1618,73
1649,76
1568,73
1566,74
1708,76
1679,76
1620,72
1710,79
1638,76
1694,77
1635,74
1584,71
1688,77
1677,75
1629,74
1698,77
1679,73
1723,77
1726,77
1784,80
1754,79
1645,73
1673,77
1671,75
1661,78
1568,69
1770,79
1792,79
1679,77
1763,78
1683,74
1804,80
1682,76
1656,75
1832,83
1639,76
1697,79
1678,77
1770,78
1650,72
1831,81
1707,79
1612,73
1754,80
1853,81
1841,82
1630,73
1776,78
1600,75
1710,77
1668,75
1712,77
1549,71
1833,79
1627,75
1524,71
1563,70
1698,75
1778,81
1684,76
1616,74
1742,78
1703,75
1670,75
1647,76
1838,79
1701,75
1828,83
1659,75
1822,78
1704,78
1576,73
1702,75
1712,78
1707,75
1754,81
1683,74
1677,73
1644,76
1556,71
1596,72
1691,74
1902,82
1752,79
1646,76
1697,75
1737,78
1674,76
1617,73
1746,77
1647,74
1813,81
1670,74
1669,76
1730,77
1742,76
1670,74
1842,79
1755,79
1732,76
1614,73
1720,77
1823,81
1615,76
1655,77
1650,76
1674,74
1688,77
1862,82
1672,76
1659,74
1749,78
1503,70
1777,82
1738,78
1817,80
1740,75
1661,72
1618,75
1643,76
1682,75
1787,77
1798,79
1645,76
1720,75
1752,79
1821,81
1682,78
1831,78
1619,74
1804,81
1769,81
1621,73
1667,76
1732,78
1803,79
1584,72
1643,74
1835,79
1876,82
1693,78
1614,73
1741,76
1678,75
1845,81
1626,74
1794,80
1671,76
1749,79
1603,71
1603,72
1730,75
1624,74
1736,76
1733,78
1762,80
1585,74
1725,78
1833,82
1673,75
1651,77
1552,70
1675,75
1619,73
1688,77
1725,77
1899,84
1773,77
1812,81
1714,77
1649,75
1803,82
1608,75
1754,78
1642,75
1624,74
1732,77
1635,75
1629,76
1634,74
1714,76
1633,74
1553,72
1490,70
1701,75
1561,73
1788,79
1803,81
1530,70
1757,79
1771,80
1716,78
1761,79
1619,73
1596,75
1832,82
1832,83
1764,77
1778,76
1577,72
1714,77
1770,78
1779,79
1663,74
1677,77
1715,76
1592,73
1463,67
1782,81
1718,80
1777,78
1702,77
1697,77
1769,79
1740,78
1762,75
1705,78
1666,74
1674,76
1661,75
1582,75
1722,78
1747,76
1637,74
1746,78
1844,82
1697,74
1627,76
1746,79
1667,75
1551,71
1665,76
1580,74
1529,69
1778,80
1786,80
1672,76
1619,75
1690,78
1709,76
1666,74
1570,73
1564,72
1782,79
1639,76
1739,78
1579,72
1723,77
1717,77
1686,76
1669,76
1671,77
1626,74
1638,73
1655,73
1640,74
1685,76
1747,78
1454,68
1615,75
1599,75
1718,79
1655,75
1788,78
1663,75
1710,75
1611,73
1649,73
1786,80
1567,70
1629,75
1658,73
1576,72
1716,80
1767,77
1728,78
1767,80
1636,74
1716,74
1637,74
1742,74
1691,77
1775,78
1772,80
1807,79
1646,75
1646,74
1786,78
1655,77
1718,77
1752,78
1866,81
1623,71
1730,78
1731,79
1654,77
1676,75
1706,75
1665,77
1803,77
1616,76
1694,74
1804,81
1620,73
1645,73
1767,80
1604,72
1726,78
1711,78
1683,76
1676,73
1848,82
1722,74
1688,75
1691,79
1564,73
1759,78
1720,76
1673,75
1654,76
1725,77
1578,73
1610,74
1808,79
1695,76
1835,81
1713,76
1717,77
1641,73
1717,77
1624,75
1671,77
1704,75
1702,77
1679,74
1572,74
1685,75
1684,75
1564,72
1650,74
1674,75
1735,78
1655,76
1660,76
1599,75
1609,72
1717,76
1701,78
1712,78
1713,76
1595,75
1670,77
1674,76
1755,78
1722,79
1768,81
1743,76
1782,79
1629,75
1630,75
1786,80
1675,74
1761,79
1578,75
1728,76
1635,77
1713,76
1640,75
1521,71
1595,74
1558,72
1664,76
1663,72
1621,74
1772,79
1777,78
1783,80
1770,79
1705,76
1673,77
1668,74
1581,74
1682,77
1681,75
1678,75
1729,78
1615,72
1540,71
1549,68
1810,79
1749,77
1695,77
1719,74
1846,81
1604,73
1692,78
1651,75
1687,74
1715,77
1761,79
1792,80
1688,76
1837,81
1685,75
1672,76
1632,74
1656,76
1624,73
1666,75
1632,75
1822,79
1656,76
1746,78
1783,77
1721,78
1671,75
1647,73
1654,74
1644,76
1766,76
1658,76
1617,73
1704,76
1756,78
1722,77
1676,76
1616,76
1750,78
1696,77
1619,74
1628,74
1583,72
1728,78
1695,75
1730,78
1721,79
1582,72
1744,79
1774,79
1576,73
1705,76
1657,75
1606,76
1631,75
1813,79
1550,73
1611,75
1701,78
1602,75
1712,77
1714,76
1732,78
1697,77
1694,78
1705,74
1645,76
1659,75
1693,76
1677,76
1714,75
1617,73
1704,79
1721,78
1626,73
1637,76
1799,80
1650,75
1696,75
1548,71
1646,74
1754,79
1763,80
1796,81
1567,71
1566,74
1684,77
1663,75
1683,76
1596,73
1670,75
1845,80
1764,78
1724,77
1500,70
1709,72
1549,74
1664,76
1698,76
1679,77
1647,76
1752,77
1697,76
1730,76
1751,78
1672,76
1777,81
1585,72
1703,79
1689,76
1751,76
1651,76
1634,73
1707,78
1671,76
1811,77
1799,80
1632,73
1468,69
1720,75
1610,73
1617,77
1766,77
1579,74
1823,82
1626,72
1757,80
1585,75
1514,69
1750,77
1728,77
1842,81
1709,77
1689,75
1787,80
1639,75
1747,77
1786,80
1812,80
1724,78
1749,77
1516,69
1691,76
1778,78
1751,78
1720,76
1738,78
1597,75
1686,75
1623,73
1653,75
1600,72
1635,73
1644,76
1799,81
1759,80
1683,77
1620,74
1630,75
1716,76
1752,77
1723,76
1737,77
1735,77
1737,79
1622,75
1713,77
1738,78
1570,72
1736,78
1739,77
1545,73
1531,69
1524,72
1824,82
1558,72
1769,79
1732,76
1797,78
1677,75
1794,80
1504,70
1677,75
1866,82
1696,76
1793,80
1745,77
1746,78
1709,77
1856,83
1713,79
1851,83
1621,75
1677,75
1768,79
1675,76
1650,74
1744,74
1859,81
1823,79
1734,76
1642,74
1763,78
1557,74
1665,76
1649,76
1795,80
1627,73
1736,78
1547,70
1674,78
1696,75
1691,77
1672,75
1759,80
1574,73
1662,75
1534,74
1627,74
1706,76
1600,74
1550,72
1837,81
1779,80
1651,73
1751,77
1764,77
1698,76
1699,75
1647,77
1757,77
1648,75
1765,78
1805,81
1765,79
1629,75
1729,79
1708,77
1634,76
1711,79
1682,75
1747,78
1726,77
1796,79
1682,74
1646,75
1662,74
1586,73
1741,79
1729,76
1864,82
1611,75
1636,77
1517,71
1576,70
1810,78
1680,76
1706,74
1849,81
1662,77
1785,79
1611,76
1806,78
1617,74
1851,79
1747,80
1844,80
1712,76
1663,73
1545,70
1777,79
1722,80
1715,78
1717,78
1684,76
1824,81
1721,78
1613,75
1693,76
1771,82
1688,76
1738,78
1779,78
1635,73
1615,75
1623,72
1692,76
1673,76
1742,77
1718,77
1706,78
1705,75
1572,71
1573,73
1775,79
1640,75
1660,76
1646,74
1680,75
1697,78
1680,75
1668,75
1556,72
1575,74
1631,73
1695,74
1792,80
1493,67
1708,79
1631,71
1601,75
1662,74
1684,74
1642,77
1768,79
1699,77
1722,79
1553,73
1931,81
1811,81
1734,76
1619,72
1794,80
1818,81
1485,69
1774,80
1718,79
1595,72
1759,78
1670,75
1739,78
1642,74
1665,74
1703,77
1606,73
1559,72
1780,78
1675,74
1629,73
1683,78
1786,79
1666,77
1550,70
1747,79
1691,77
1805,81
1561,74
1681,78
1805,80
1755,77
1681,78
1617,75
1680,75
1639,75
1627,73
1671,75
1601,74
1779,79
1710,76
1681,73
1779,79
1801,80
1845,82
1633,75
1732,76
1757,79
1729,75
1543,73
1748,77
1690,77
1719,78
1645,76
1674,77
1694,75
1553,71
1841,82
1616,74
1673,77
1713,77
1751,75
1614,75
1579,74
1746,79
1663,77
1612,75
1612,73
1717,78
1662,77
1738,77
1565,71
1560,75
1741,77
1694,77
1737,76
1682,76
1585,71
1801,81
1642,74
1643,76
1725,78
1603,73
1666,76
1588,73
1736,79
1704,77
1840,81
1689,75
1744,77
1695,76
1693,74
1607,75
1641,74
1810,80
1503,69
1740,78
1634,72
1613,73
1726,78
1812,79
1667,74
1719,77
1651,74
1663,74
1534,72
1821,80
1671,76
1666,76
1795,80
1779,81
1725,79
1750,80
1676,75
1693,74
1595,72
1651,75
1706,78
1553,70
1639,73
1668,75
1730,75
1779,76
1834,77
1695,74
1837,82
1705,76
1662,76
1686,74
1787,80
1789,81
1793,79
1681,77
1750,80
1646,75
1690,76
1665,76
1874,82
1796,77
1740,77
1852,82
1711,76
1776,78
1850,83
1730,78
1874,81
1634,75
1655,76
1689,76
1729,75
1481,70
1444,68
1789,78
1769,79
1672,75
1719,77
1670,79
1841,81
1660,75
1767,81
1635,74
1635,75
1710,77
1781,80
1703,78
1566,71
1664,75
1712,75
1662,75
1684,76
1732,75
1591,73
1720,76
1485,70
1613,72
1631,72
1511,70
1650,74
1592,73
1859,81
1815,81
1529,72
1749,80
1647,74
1638,74
1794,79
1632,76
1675,75
1634,73
1801,80
1792,81
1727,79
1565,72
1675,75
1664,73
1615,72
1682,78
1620,72
1630,73
1710,77
1814,80
1724,76
1597,75
1671,74
1735,79
1758,78
1716,78
1544,72
1705,77
1587,75
1747,80
1722,78
1535,73
1864,83
1824,78
1865,83
1654,74
1923,85
1497,70
1874,84
1669,76
1808,81
1666,74
1600,76
1827,79
1793,79
1782,79
1580,73
1722,76
1610,73
1536,70
1584,72
1754,79
1818,79
1662,77
1915,82
1685,76
1625,75
1646,75
1708,74
1667,75
1552,73
1634,74
1770,78
1700,76
1678,76
1696,76
1807,79
1667,76
1540,73
1739,79
1637,75
1783,79
1821,83
1625,75
1627,73
1746,75
1462,70
1801,80
1759,76
1544,72
1663,73
1692,77
1673,74
1674,75
1653,73
1680,75
1701,77
1583,74
1721,79
1651,75
1609,71
1733,77
1809,80
1809,80
1797,82
1660,77
1851,82
1723,76
1826,81
1692,75
1656,77
1627,73
1691,76
1764,79
1709,76
1713,77
1689,74
1562,73
1691,75
1680,75
1658,74
1692,78
1726,77
1688,75
1742,77
1828,80
1657,77
1709,76
1592,73
1724,77
1627,72
1607,74
1556,72
1828,82
1831,80
1685,74
1838,80
1565,73
1809,78
1715,76
1602,73
1713,79
1699,76
1721,78
1670,76
1748,77
1555,70
1595,73
1882,81
1703,77
1605,74
1774,79
1767,76