1369,60
1457,65
1358,63
1396,65
1382,63
1369,65
1364,65
1308,63
1364,65
1434,66
1393,65
1415,66
1369,64
1393,64
1379,63
1422,66
1440,66
1374,64
1358,62
1358,61
1402,66
1435,66
1381,65
1315,62
1371,64
1408,65
1300,60
1223,60
1338,64
1277,61
1343,63
1323,60
1255,60
1343,63
1471,66
1446,68
1400,67
1394,61
1301,61
1494,68
1371,65
1389,64
1493,67
1380,66
1374,64
1346,58
1393,63
1421,64
1367,65
1387,64
1331,63
1416,66
1414,66
1477,68
1459,67
1446,68
1402,63
1406,64
1263,62
1371,64
1426,65
1414,66
1395,64
1376,62
1280,61
1445,67
1398,65
1265,61
1398,66
1378,64
1441,66
1446,68
1345,61
1325,61
1419,64
1404,63
1402,65
1429,65
1432,64
1349,60
1331,64
1418,66
1338,63
1344,62
1446,68
1387,63
1425,65
1369,65
1307,58
1334,63
1399,66
1396,65
1385,65
1263,61
1511,69
1516,68
1354,62
1382,62
1417,65
1333,60
1474,67
1379,63
1336,62
1365,64
1424,64
1390,63
1385,63
1382,64
1509,68
1474,65
1438,65
1461,66
1464,65
1442,67
1334,61
1467,67
1513,69
1435,65
1440,67
1469,67
1397,64
1392,64
1497,68
1459,64
1390,64
1417,64
1452,64
1407,65
1288,59
1397,64
1438,65
1428,66
1431,64
1383,64
1409,64
1423,65
1411,65
1463,68
1359,64
1378,60
1419,64
1511,69
1374,65
1355,63
1352,64
1337,61
1494,67
1493,67
1476,66
1458,65
1468,66
1438,67
1497,67
1365,63
1434,65
1382,63
1410,65
1481,67
1478,66
1484,66
1423,65
1407,64
1313,63
1393,66
1404,62
1498,67
1395,63
1394,64
1341,60
1412,63
1522,68
1452,66
1522,68
1530,68
1375,64
1321,63
1486,67
1237,58
1492,67
1490,67
1373,64
1378,65
1376,64
1471,65
1517,69
1427,65
1399,63
1347,61
1442,64
1466,66
1458,66
1367,65
1323,64
1468,68
1474,66
1388,63
1353,63
1437,66
1435,66
1475,67
1391,63
1400,64
1413,63
1309,59
1393,63
1465,67
1428,65
1428,65
1411,64
1392,63
1380,62
1336,62
1384,63
1402,65
1416,66
1294,62
1337,58
1617,68
1479,68
1417,64
1493,67
1427,65
1554,69
1275,57
1384,63
1311,61
1351,62
1438,65
1459,65
1360,62
1411,65
1476,65
1411,66
1488,66
1463,67
1422,65
1261,61
1415,65
1396,64
1443,67
1455,68
1430,66
1343,62
1485,66
1413,65
1412,65
1358,62
1436,65
1388,63
1377,61
1475,66
1408,66
1424,62
1391,65
1505,68
1405,66
1376,64
1282,61
1445,65
1360,63
1355,63
1402,65
1387,64
1427,64
1369,65
1511,69
1356,63
1427,65
1477,66
1376,62
1457,66
1426,65
1495,66
1498,65
1411,63
1411,67
1562,70
1412,65
1508,66
1450,67
1470,67
1400,63
1374,62
1460,63
1473,66
1431,65
1536,70
1376,64
1437,68
1437,67
1412,66
1493,69
1467,68
1440,64
1469,67
1389,62
1487,67
1487,67
1470,68
1471,68
1371,64
1476,67
1472,69
1518,68
1414,66
1472,67
1493,68
1464,66
1454,68
1434,67
1551,70
1447,66
1358,63
1464,67
1507,65
1546,70
1513,70
1445,68
1420,66
1456,68
1471,66
1525,69
1446,66
1489,68
1336,64
1463,68
1633,72
1629,71
1413,66
1582,70
1678,73
1569,69
1382,65
1489,68
1653,73
1618,73
1450,70
1433,68
1542,71
1555,71
1506,68
1600,73
1478,70
1480,69
1563,70
1587,72
1474,68
1629,73
1611,70
1537,70
1539,70
1658,74
1634,74
1467,67
1504,71
1434,67
1552,72
1372,65
1593,72
1440,67
1350,67
1500,70
1481,69
1530,70
1505,68
1433,67
1360,66
1555,72
1433,69
1607,72
1427,65
1433,69
1418,68
1652,73
1404,69
1389,67
1477,71
1437,68
1434,68
1512,70
1465,70
1491,68
1473,69
1398,65
1605,73
1401,66
1514,71
1365,64
1620,73
1385,68
1378,69
1440,68
1642,74
1525,73
1489,70
1332,63
1415,66
1469,70
1437,67
1510,66
1476,69
1472,69
1306,65
1627,74
1490,70
1420,69
1468,68
1516,71
1609,73
1485,69
1465,69
1595,74
1463,69
1555,71
1490,70
1428,69
1338,65
1438,69
1563,70
1569,73
1656,73
1555,72
1489,70
1483,68
1498,70
1449,66
1526,71
1526,72
1585,73
1457,69
1462,68
1413,68
1565,70
1451,70
1498,71
1566,73
1588,73
1535,72
1508,70
1386,66
1449,70
1393,66
1459,68
1593,73
1484,71
1531,71
1561,73
1537,71
1406,67
1405,68
1595,76
1592,71
1332,66
1672,75
1677,74
1429,67
1509,70
1341,66
1550,75
1533,73
1504,74
1589,73
1400,69
1529,73
1538,72
1432,69
1545,72
1411,67
1552,73
1452,69
1420,69
1598,74
1549,73
1608,75
1593,73
1463,72
1476,70
1504,72
1358,67
1483,72
1544,74
1337,65
1448,69
1437,71
1418,67
1354,67
1415,66
1519,71
1612,76
1546,73
1403,70
1542,73
1524,72
1533,73
1355,67
1399,65
1570,75
1568,71
1495,71
1523,75
1514,74
1341,66
1501,71
1440,71
1598,74
1542,74
1529,72
1547,73
1446,69
1512,71
1309,67
1582,74
1583,73
1597,76
1528,73
1500,72
1530,73
1595,76
1389,65
1587,73
1391,69
1548,72
1659,75
1492,72
1445,71
1354,66
1417,68
1532,73
1480,69
1413,69
1601,75
1627,73
1522,74
1541,72
1487,73
1440,70
1562,71
1556,71
1521,73
1611,76
1536,74
1499,72
1588,73
1517,74
1573,75
1461,72
1483,70
1714,79
1559,73
1582,73
1714,79
1498,71
1535,72
1600,76
1447,71
1499,73
1544,72
1383,68
1569,76
1491,72
1417,68
1501,72
1469,71
1535,73
1500,68
1475,72
1544,74
1602,76
1572,74
1695,77
1603,74
1657,77
1505,71
1592,74
1544,71
1283,66
1490,72
1638,78
1534,72
1654,74
1510,71
1359,67
1512,72
1688,78
1548,73
1512,72
1623,76
1683,78
1602,75
1518,72
1604,75
1644,77
1558,72
1576,72
1682,77
1655,76
1440,69
1509,74
1591,75
1569,74
1419,70
1496,70
1602,75
1645,74
1420,68
1373,70
1523,72
1721,79
1463,72
1422,68
1575,74
1522,72
1546,73
1544,72
1566,73
1567,75
1548,73
1716,79
1502,73
1455,69
1548,74
1596,75
1653,75
1468,71
1560,71
1506,73
1498,72
1522,71
1422,69
1628,77
1516,71
1492,70
1701,79
1528,73
1614,76
1492,69
1555,75
1440,67
1661,78
1395,67
1654,77
1425,70
1501,72
1488,73
1629,78
1445,69
1657,74
1638,76
1449,68
1429,68
1635,74
1555,74
1705,79
1493,70
1376,69
1500,73
1570,74
1569,76
1556,73
1571,72
1489,71
1714,78
1464,71
1503,70
1510,71
1627,76
1615,73
1661,77
1474,70
1365,67
1436,70
1483,67
1443,69
1433,70
1491,71
1482,70
1570,74
1508,71
1616,76
1479,72
1502,72
1433,72
1457,70
1522,71
1468,72
1459,69
1548,76
1533,73
1468,71
1513,72
1532,70
1511,72
1642,77
1400,67
1376,68
1750,76
1560,73
1530,71
1467,72
1383,69
1465,70
1600,74
1428,70
1686,78
1590,74
1629,77
1546,74
1498,72
1342,65
1584,73
1576,76
1548,72
1737,79
1452,71
1596,74
1458,70
1619,76
1472,70
1580,73
1479,69
1362,67
1416,69
1549,72
1479,69
1450,70
1505,71
1315,65
1544,73
1567,74
1620,76
1542,73
1690,77
1545,72
1544,73
1535,72
1675,77
1429,67
1667,78
1551,74
1488,70
1571,75
1401,69
1543,74
1720,79
1545,72
1582,74
1505,71
1537,70
1409,68
1562,73
1323,67
1624,74
1368,68
1551,74
1471,69
1619,76
1531,70
1664,78
1550,74
1514,72
1685,76
1534,74
1466,70
1604,76
1314,65
1586,74
1447,71
1538,74
1578,73
1509,71
1562,74
1389,67
1571,72
1347,67
1486,71
1494,71
1582,71
1552,73
1491,72
1411,68
1643,77
1560,75
1628,76
1506,71
1689,77
1573,73
1545,72
1543,72
1579,73
1458,71
1496,72
1532,73
1451,68
1568,74
1490,72
1497,71
1610,74
1486,71
1613,75
1628,75
1670,78
1563,73
1545,74
1560,74
1565,74
1505,71
1412,69
1550,73
1443,66
1549,71
1642,74
1500,73
1715,79
1604,73
1554,69
1730,79
1513,69
1453,70
1547,71
1607,75
1575,74
1371,68
1494,72
1421,70
1592,73
1475,71
1456,71
1488,70
1413,69
1433,69
1477,70
1678,78
1363,66
1657,76
1534,73
1510,73
1499,70
1462,70
1559,73
1591,74
1675,76
1516,72
1717,79
1590,75
1637,75
1459,70
1479,71
1545,73
1649,75
1560,74
1542,71
1628,74
1514,72
1531,72
1617,74
1451,71
1527,72
1603,75
1523,71
1632,75
1522,73
1311,64
1519,70
1563,73
1517,72
1432,69
1520,72
1640,77
1504,72
1551,73
1458,70
1477,71
1559,74
1485,71
1528,72
1483,70
1647,77
1464,70
1565,73
1514,73
1623,76
1431,69
1452,70
1672,77
1602,76
1472,69
1683,75
1571,73
1567,73
1684,78
1629,75
1465,70
1501,72
1577,74
1484,70
1467,69
1351,65
1618,76
1701,77
1411,69
1625,76
1532,74
1566,72
1442,69
1507,68
1620,76
1542,73
1575,74
1544,74
1507,70
1664,78
1478,71
1558,72
1562,74
1503,70
1437,69
1605,73
1505,71
1426,69
1462,69
1684,77
1415,69
1444,70
1382,68
1575,72
1610,76
1440,68
1598,74
1674,78
1497,70
1609,74
1519,74
1623,77
1522,70
1577,71
1560,73
1552,73
1466,70
1529,74
1449,69
1676,76
1616,73
1608,74
1607,76
1497,74
1588,76
1375,65
1647,73
1486,71
1577,74
1533,73
1448,70
1470,71
1618,71
1627,76
1455,72
1571,72
1605,75
1623,77
1372,68
1618,74
1574,74
1607,74
1632,75
1512,71
1463,72
1388,69
1481,70
1572,74
1525,71
1505,71
1641,74
1572,74
1436,70
1654,75
1534,73
1420,70
1357,66
1639,76
1478,72
1518,72
1651,77
1617,74
1400,66
1593,76
1413,69
1634,77
1521,71
1553,74
1500,71
1594,73
1434,68
1543,72
1465,70
1559,71
1478,70
1654,74
1451,68
1549,74
1272,64
1505,71
1452,67
1607,76
1418,67
1590,74
1605,73
1519,71
1385,67
1485,71
1439,71
1518,72
1513,71
1585,73
1556,74
1410,69
1415,69
1606,76
1720,77
1519,68
1503,69
1408,69
1514,72
1442,69
1540,72
1506,73
1676,77
1579,75
1519,72
1422,70
1464,66
1479,72
1480,68
1485,71
1526,72
1664,76
1507,71
1484,71
1488,72
1517,69
1503,70
1636,75
1620,73
1565,73
1471,70
1705,79
1582,73
1562,72
1514,72
1451,69
1532,74
1762,78
1588,74
1562,73
1622,76
1440,68
1506,71
1566,74
1400,68
1527,71
1626,76
1685,78
1291,66
1458,69
1527,73
1511,72
1603,76
1640,75
1591,75
1473,68
1673,78
1618,73
1564,75
1579,75
1469,73
1552,75
1514,72
1391,69
1526,71
1558,74
1493,72
1666,77
1497,70
1699,79
1612,75
1545,71
1553,72
1573,74
1637,77
1491,70
1568,73
1517,72
1497,72
1435,70
1506,71
1452,70
1541,74
1496,69
1584,71
1658,76
1559,74
1581,71
1354,68
1520,73
1559,74
1445,69
1657,78
1578,73
1627,77
1455,69
1498,71
1610,75
1626,76
1658,75
1434,70
1499,71
1557,74
1541,72
1525,73
1659,78
1439,69
1638,75
1596,74
1626,77
1485,70
1710,78
1624,75
1607,76
1554,72
1373,67
1673,76
1468,70
1440,72
1709,79
1630,75
1427,69
1621,74
1659,77
1574,73
1669,77
1412,68
1526,74
1608,75
1471,71
1582,73
1582,75
1548,72
1469,73
1397,67
1540,72
1571,72
1502,72
1693,79
1332,62
1455,67
1553,74
1509,71
1561,74
1551,72
1553,74
1411,69
1535,70
1568,73
1620,75
1477,70
1518,74
1441,70
1567,73
1593,74
1550,73
1514,72
1639,76
1615,75
1540,72
1586,72
1505,71
1596,75
1459,69
1532,73
1328,64
1638,77
1518,71
1511,71
1472,70
1654,77
1503,72
1553,73
1587,76
1412,71
1478,67
1663,78
1488,72
1532,69
1535,73
1486,74
1606,73
1654,76
1493,73
1523,75
1566,73
1544,74
1337,67
1614,76
1554,73
1685,77
1628,76
1565,74
1593,74
1585,75
1441,69
1541,73
1447,67
1435,70
1443,69
1689,79
1627,77
1561,72
1602,74
1608,77
1413,68
1483,70
1550,73
1605,75
1565,73
1534,75
1357,65
1653,78
1555,73
1599,73
1642,76
1436,70
1572,74
1345,66
1513,71
1507,73
1543,75
1562,75
1398,66
1231,63
1534,72
1491,70
1491,71
1461,71
1578,75
1535,73
1566,74
1530,72
1516,71
1460,70
1405,67
1522,72
1537,74
1530,72
1587,74
1614,75
1522,73
1635,76
1610,74
1421,67
1514,74
1421,68
1376,66
1676,78
1572,74
1643,77
1466,71
1417,70
1573,71
1423,70
1680,78
1376,68
1478,71
1584,74
1398,69
1592,75
1550,73
1563,73
1685,76
1476,73
1561,74
1480,71
1469,71
1628,76
1364,66
1600,75
1613,76
1576,76
1501,71
1499,69
1602,76
1590,74
1691,79
1627,75
1509,71
1549,70
1618,75
1518,72
1612,77
1514,71
1660,78
1480,70
1601,76
1553,72
1578,74
1516,71
1629,75
1549,71
1641,77
1357,66
1520,73
1619,74
1445,69
1414,68
1453,70
1535,73
1359,66
1507,72
1600,75
1644,77
1407,68
1598,74
1359,67
1511,70
1495,73
1521,73
1632,75
1556,73
1544,74
1506,72
1556,75
1550,74
1668,77
1525,72
1606,76
1498,72
1489,71
1552,73
1571,73
1526,73
1483,72
1573,74
1446,70
1581,74
1642,76
1532,72
1678,77
1633,76
1469,69
1491,71
1508,71
1551,73
1448,70
1554,74
1576,72
1589,74
1485,72
1623,74
1735,80
1579,72
1686,78
1549,74
1572,73
1433,69
1568,73
1567,73
1723,79
1563,72
1658,76
1662,76
1616,74
1599,73
1649,76
1432,67
1664,77
1545,73
1607,75
1497,71
1403,68
1504,72
1570,72
1570,74
1585,75
1630,75
1674,77
1382,66
1440,70
1558,71
1575,74
1558,72
1500,73
1564,74
1571,72
1643,77
1527,73
1503,71
1711,79
1509,71
1598,75
1643,76
1637,77
1513,72
1602,74
1618,75
1663,75
1586,73
1635,76
1717,79
1674,77
1508,71
1448,69
1638,75
1513,72
1538,70
1598,74
1533,72
1573,74
1515,74
1643,76
1707,79
1472,69
1632,76
1599,75
1601,75
1523,73
1580,72
1695,77
1557,74
1720,79
1595,75
1575,74
1422,69
1599,74
1527,72
1454,68
1566,72
1465,69
1632,75
1624,75
1464,69
1714,79
1548,73
1644,75
1516,71
1502,71
1536,69
1560,73
1327,64
1570,74
1634,77
1303,65
1481,70
1584,75
1472,67
1468,72
1491,71
1664,73
1596,76
1686,78
1429,70
1584,75
1748,80
1557,72
1696,76
1440,69
1739,80
1425,69
1640,75
1576,74
1648,77
1489,71
1537,71
1484,71
1450,71
1634,75
1719,80
1623,76
1521,72
1626,75
1626,77
1511,72
1616,77
1575,73
1560,73
1601,75
1456,68
1585,75
1497,72
1492,69
1629,76
1519,71
1382,66
1455,71
1519,70
1520,72
1526,72
1570,75
1582,73
1645,75
1538,74
1551,74
1399,65
1483,70
1678,78
1679,77
1585,75
1569,75
1662,78
1547,73
1585,75
1701,78
1518,71
1675,77
1727,79
1599,74
1508,71
1479,72
1656,78
1662,78
1543,72
1482,69
1615,74
1717,80
1657,76
1638,76
1454,70
1683,76
1687,75
1520,71
1495,71
1467,70
1616,77
1514,72
1471,70
1480,71
1683,78
1560,75
1663,77
1609,75
1434,70
1568,74
1655,76
1428,69
1506,70
1676,75
1437,69
1687,78
1514,73
1557,74
1416,68
1476,70
1623,76
1570,74
1435,68
1627,75
1497,70
1686,78
1520,71
1695,78
1545,75
1404,67
1498,72
1567,73
1599,76
1622,77
1376,67
1491,72
1524,70
1597,74
1525,70
1554,73
1517,74
1548,71
1657,78
1567,76
1571,74
1694,77
1707,79
1548,71
1525,72
1471,70
1553,72
1581,74
1432,69
1317,64
1441,68
1457,69
1573,74
1585,75
1494,73
1531,72
1599,71
1554,74
1710,80
1482,71
1547,75
1482,73
1482,73
1547,74
1544,73
1544,73
1673,76
1550,75
1556,72
1515,72
1606,76
1548,74
1790,80
1582,74
1573,73
1525,72
1678,78
1720,80
1521,71
1489,71
1435,69
1544,72
1721,80
1625,77
1493,71
1591,74
1576,74
1583,75
1516,72
1547,73
1409,68
1429,70
1497,72
1414,68
1542,75
1489,73
1647,78
1564,76
1653,77
1377,69
1450,72
1571,73
1614,76
1469,70
1504,70
1719,80
1654,77
1591,74
1583,75
1530,74
1415,71
1526,73
1583,76
1573,73
1424,68
1583,75
1672,78
1449,71
1632,78
1463,69
1687,79
1382,69
1511,74
1573,74
1607,76
1655,79
1668,77
1553,72
1685,79
1400,69
1478,70
1681,76
1722,80
1461,71
1545,73
1685,76
1584,75
1660,77
1585,72
1482,71
1436,68
1530,72
1681,79
1639,78
1451,71
1625,76
1645,75
1679,77
1520,74
1528,73
1475,72
1454,71
1681,79
1623,76
1548,75
1643,79
1575,76
1631,77
1512,72
1536,74
1535,73
1645,74
1627,76
1458,70
1654,77
1693,79
1418,69
1616,76
1461,72
1375,67
1347,67
1688,79
1595,75
1497,71
1576,75
1610,77
1475,72
1640,75
1682,78
1336,67
1465,71
1551,72
1544,73
1712,80
1359,68
1637,75
1532,74
1495,71
1426,71
1480,73
1411,69
1318,65
1698,78
1494,72
1526,71
1473,71
1392,71
1508,72
1665,78
1629,77
1538,73
1435,70
1623,76
1601,76
1411,68
1642,77
1565,74
1523,73
1560,75
1518,73
1309,68
1541,72
1521,73
1496,71
1477,71
1647,77
1541,74
1584,77
1423,70
1645,77
1661,77
1671,76
1478,71
1453,70
1466,71
1478,71
1596,76
1792,82
1656,78
1574,77
1518,73
1607,76
1733,80
1488,73
1524,72
1545,73
1626,77
1379,69
1487,72
1490,72
1649,77
1792,82
1471,72
1564,75
1621,76
1590,75
1781,81
1406,71
1475,70
1525,72
1533,74
1636,76
1595,75
1526,73
1732,79
1458,69
1689,77
1543,73
1504,73
1628,76
1500,72
1538,74
1699,76
1393,66
1773,81
1670,78
1578,72
1569,73
1579,76
1486,71
1769,80
1471,71
1643,77
1690,78
1451,71
1675,79
1590,74
1566,75
1490,74
1492,71
1385,68
1482,71
1430,71
1507,68
1660,78
1602,75
1524,74
1586,75
1577,74
1534,73
1439,71
1516,72
1457,71
1512,70
1511,71
1464,70
1773,81
1543,72
1497,68
1602,75
1512,71
1483,72
1633,76
1612,76
1674,78
1610,76
1421,70
1634,77
1536,72
1562,73
1655,76
1653,77
1534,73
1708,80
1449,71
1618,76
1665,77
1711,79
1542,73
1530,74
1420,71
1621,75
1629,77
1535,73
1531,74
1516,71
1730,80
1557,73
1612,75
1807,82
1476,71
1610,76
1533,72
1426,68
1644,76
1604,75
1590,74
1511,73
1701,78
1767,82
1452,70
1645,77
1402,68
1491,69
1524,73
1477,70
1559,74
1602,75
1424,69
1453,71
1668,76
1627,77
1531,71
1560,75
1362,66
1337,65
1489,71
1489,72
1532,74
1592,75
1545,74
1597,76
1626,76
1528,71
1549,73
1460,71
1611,75
1739,81
1531,71
1731,80
1709,78
1606,75
1573,75
1651,78
1723,81
1453,71
1646,76
1481,71
1598,76
1450,68
1606,77
1629,77
1421,70
1582,77
1465,71
1617,77
1344,64
1571,76
1319,66
1562,73
1394,71
1567,74
1555,74
1686,79
1540,75
1695,79
1453,71
1489,73
1508,74
1596,73
1387,67
1430,70
1476,71
1437,68
1667,77
1691,79
1704,79
1292,65
1727,79
1572,75
1689,78
1637,77
1314,66
1413,68
1607,75
1542,73
1571,74
1553,72
1525,74
1632,76
1336,67
1533,73
1709,78
1603,75
1510,73
1556,74
1687,78
1413,69
1514,73
1560,75
1601,76
1518,73
1582,75
1373,67
1429,70
1713,79
1497,71
1462,70
1540,74
1581,75
1391,69
1602,75
1586,75
1691,80
1396,69
1650,75
1535,74
1556,73
1467,71
1547,74
1443,70
1477,71
1743,80
1560,73
1544,72
1398,69
1526,73
1625,74
1468,69
1514,71
1270,65
1531,73
1562,73
1727,81
1449,71
1429,67
1608,74
1584,73
1439,71
1609,73
1510,72
1492,72
1484,72
1596,76
1595,76
1441,71
1571,74
1461,71
1528,72
1463,71
1567,74
1493,72
1686,79
1661,75
1524,71
1341,64
1402,68
1394,70
1430,69
1554,75
1539,73
1537,72
1600,75
1506,71
1660,77
1468,70
1522,74
1396,69
1657,76
1477,69
1368,66
1498,71
1539,69
1619,75
1415,70
1612,76
1584,74
1597,74
1681,77
1522,73
1700,80
1530,72
1566,74
1339,67
1636,75
1569,75
1710,80
1490,70
1537,75
1555,74
1536,73
1684,79
1456,71
1550,74
1337,66
1540,72
1419,71
1702,79
1508,73
1619,75
1532,71
1496,70
1571,74
1583,76
1590,73
1502,72
1562,76
1526,71
1464,70
1465,70
1489,69
1374,66
1521,72
1666,78
1474,71
1574,73
1607,77
1777,79
1469,70
1607,72
1560,75
1610,75
1553,73
1630,77
1679,79
1496,73
1476,71
1614,77
1514,72
1507,72
1465,69
1751,81
1675,76
1582,75
1500,72
1700,77
1532,72
1578,76
1703,79
1673,79
1427,69
1789,82
1490,71
1422,71
1547,74
1589,73
1585,75
1603,75
1620,76
1436,70
1524,75
1510,73
1441,69
1621,77
1682,77
1339,68
1631,76
1606,75
1595,75
1437,71
1513,73
1454,72
1593,76
1599,75
1625,76
1496,72
1723,80
1741,80
1463,70
1623,77
1689,80
1602,75
1506,71
1501,71
1669,77
1690,79
1447,72
1607,74
1576,75
1507,71
1640,78
1559,74
1618,77
1358,67
1522,71
1604,76
1471,72
1484,71
1552,73
1487,73
1563,75
1418,68
1525,72
1624,76
1496,70
1750,80
1505,73
1652,78
1543,73
1686,77
1484,72
1692,77
1638,77
1407,67
1524,73
1420,70
1660,76
1604,76
1353,68
1587,75
1687,78
1703,80
1410,69
1493,71
1490,72
1530,72
1460,71
1713,80
1649,78
1672,77
1653,77
1387,67
1401,70
1589,73
1477,70
1570,74
1656,78
1511,73
1681,78
1532,73
1604,76
1751,81
1521,71
1629,75
1625,74
1589,74
1567,74
1422,69
1689,79
1600,73
1585,75
1509,73
1401,68
1659,79
1577,74
1586,75
1504,72
1712,79
1458,68
1374,68
1698,79
1392,68
1527,73
1577,76
1524,74
1589,74
1466,72
1454,72
1584,75
1451,70
1588,72
1538,71
1566,75
1569,73
1414,70
1606,77
1592,75
1500,72
1564,74
1668,79
1542,72
1612,77
1668,78
1472,69
1558,74
1550,73
1704,77
1509,70
1603,74
1602,75
1496,72
1504,69
1410,68
1410,68
1577,74
1623,76
1431,69
1484,71
1365,67
1380,67
1576,74
1548,75
1612,76
1417,70
1472,71
1370,68
1539,74
1461,72
1535,74
1340,67
1703,79
1643,77
1560,73
1649,76
1619,75
1462,70
1517,73
1665,77
1404,69
1333,66
1765,82
1650,77
1493,72
1561,75
1533,71
1475,72
1459,72
1673,78
1581,76
1508,74
1630,76
1717,80
1515,73
1506,73
1463,71
1599,75
1421,70
1570,74
1400,69
1453,68
1527,74
1571,74
1488,72
1728,81
1412,67
1735,80
1475,72
1617,75
1411,70
1438,68
1541,75
1533,73
1474,71
1587,73
1453,70
1453,71
1618,77
1558,75
1699,80
1467,69
1785,82
1401,69
1618,74
1503,72
1488,72
1491,70
1500,73
1451,72
1489,70
1596,76
1577,74
1629,77
1510,74
1722,79
1479,70
1556,73
1617,74
1615,75
1581,73
1466,73
1637,76
1639,77
1682,79
1462,72
1679,77
1432,68
1593,75
1440,71
1484,70
1434,67
1402,66
1551,76
1659,77
1653,77
1588,73
1706,80
1609,75
1475,71
1568,71
1605,76
1508,73
1495,71
1595,75
1634,77
1409,68
1551,75
1520,71
1527,74
1670,77
1439,69
1484,70
1727,80
1550,72
1610,74
1582,75
1469,71
1652,77
1668,79
1488,70
1591,74
1640,76
1570,74
1461,70
1510,72
1734,80
1297,66
1557,73
1537,73
1628,76
1624,77
1390,70
1694,77
1560,75
1508,72
1510,72
1484,73
1505,71
1536,73
1552,75
1625,77
1605,75
1730,81
1521,72
1508,72
1349,65
1512,74
1622,76
1471,70
1463,68
1586,75
1415,69
1486,73
1711,79
1496,71
1581,73
1626,76
1672,77
1364,68
1616,77
1770,81
1379,67
1533,70
1499,73
1499,72
1360,69
1601,74
1646,79
1614,76
1571,74
1514,72
1588,74
1460,70
1654,76
1562,72
1467,72
1611,75
1714,79
1518,74
1383,67
1573,76
1621,78
1444,68
1663,78
1489,71
1499,71
1557,74
1626,78
1624,75
1648,76
1464,72
1525,70
1591,73
1476,71
1493,71
1337,64
1523,73
1509,70
1488,71
1620,77
1506,73
1536,72
1522,72
1604,75
1447,70
1632,75
1496,70
1583,74
1368,67
1384,69
1514,72
1534,73
1629,75
1665,76
1404,69
1700,77
1573,76
1465,69
1389,70
1582,75
1565,74
1731,80
1555,75
1567,74
1461,71
1591,71
1481,69
1631,74
1448,70
1660,76
1556,74
1584,75
1708,78
1697,78
1373,67
1666,77
1480,72
1410,70
1510,71
1599,76
1543,73
1522,73
1495,72
1497,71
1627,76
1659,78
1567,73
1539,74
1513,73
1507,73
1529,71
1548,71
1692,78
1638,77
1557,72
1442,70
1520,73
1499,73
1523,71
1458,71
1436,70
1635,77
1535,72
1594,77
1594,75
1619,74
1641,77
1611,77
1478,72
1497,73
1698,79
1618,76
1628,76
1568,75
1487,72
1531,73
1769,82
1429,70
1362,67
1442,72
1629,77
1506,72
1618,76
1481,71
1395,68
1712,79
1547,73
1467,68
1417,68
1611,75
1390,67
1569,75
1484,73
1720,76
1653,76
1543,72
1533,74
1744,81
1716,80
1458,69
1639,76
1482,69
1449,72
1506,72
1520,73
1623,75
1566,71
1664,77
1602,75
1642,77
1669,79
1481,70
1429,69
1663,78
1428,68
1489,73
1643,78
1595,74
1455,70
1447,69
1522,71
1560,74
1723,79
1700,79
1515,71
1413,68
1518,75
1477,69
1422,69
1497,74
1658,76
1620,77
1631,76
1588,75
1394,68
1572,74
1568,73
1539,74
1612,77
1501,71
1628,76
1533,72
1787,82
1696,80
1497,73
1355,67
1640,75
1514,71
1464,71
1570,75
1525,72
1599,73
1516,74
1531,75
1566,74
1494,72
1577,76
1392,67
1576,74
1605,76
1482,72
1651,76
1405,69
1580,77
1635,74
1540,72
1523,71
1402,68
1623,75
1435,67
1467,70
1464,72
1552,75
1561,74
1489,72
1655,75
1734,81
1687,79
1550,71
1586,76
1556,73
1639,78
1543,73
1541,71
1765,82
1432,69
1491,72
1531,74
1596,77
1431,70
1543,71
1490,71
1663,79
1397,68
1464,71
1738,81
1418,68
1710,77
1615,77
1658,77
1545,75
1694,77
1728,78
1503,71
1585,74
1603,77
1564,74
1580,76
1573,75
1675,76
1605,74
1558,75
1645,78
1390,68
1444,70
1639,77
1511,72
1444,69
1507,72
1504,70
1661,78
1401,69
1536,72
1462,71
1530,75
1640,76
1598,75
1621,76
1434,70
1506,73
1665,75
1520,73
1652,79
1468,71
1547,72
1378,69
1570,73
1622,75
1573,73
1529,72
1814,82
1436,71
1582,75
1488,70
1644,76
1620,75
1675,79
1563,75
1769,80
1588,75
1582,76
1542,73
1674,78
1389,66
1661,76
1456,71
1607,77
1504,71
1529,72
1590,74
1408,67
1464,71
1749,81
1511,71
1638,78
1632,75
1630,77
1642,75
1480,71
1486,71
1647,76
1611,78
1577,72
1512,70
1590,74
1503,72
1410,68
1547,71
1401,70
1439,70
1658,77
1490,72
1576,73
1574,75
1630,77
1463,70
1507,71
1530,73
1518,71
1474,71
1558,73
1547,73
1413,71
1602,75
1474,72
1688,76
1513,72
1527,74
1670,78
1545,71
1696,79
1677,79
1426,71
1645,76
1454,70
1602,76
1416,69
1470,71
1518,72
1533,73
1617,77
1584,74
1443,67
1570,75
1551,74
1509,71
1393,66
1574,75
1572,73
1537,73
1681,78
1520,73
1561,74
1421,70
1532,73
1558,72
1650,74
1524,71
1555,74
1561,74
1459,71
1606,73
1529,74
1564,73
1684,79
1572,74
1668,78
1587,75
1632,77
1513,74
1579,74
1493,70
1514,73
1442,69
1537,75
1441,69
1583,74
1661,76
1790,82
1416,66
1637,76
1457,71
1595,74
1419,69
1489,71
1430,69
1593,77
1600,73
1528,73
1405,69
1673,76
1539,73
1720,80
1518,72
1548,75
1449,69
1655,78
1524,72
1694,79
1684,79
1543,73
1561,73
1737,81
1621,76
1697,80
1658,76
1621,75
1612,75
1580,75
1514,73
1563,75
1595,73
1443,70
1587,75
1521,73
1646,77
1497,71
1695,80
1601,75
1512,72
1558,75
1461,71
1618,76
1664,78
1484,72
1693,79
1530,74
1715,81
1732,81
1384,69
1554,72
1435,71
1621,75
1479,72
1438,69
1550,74
1347,64
1524,72
1666,79
1685,78
1646,77
1461,71
1515,71
1443,70
1679,76
1391,68
1457,69
1496,73
1562,76
1518,73
1494,72
1602,74
1409,68
1375,69
1543,73
1558,72
1715,79
1485,72
1543,73
1547,72
1621,74
1530,74
1405,68
1393,69
1547,73
1495,72
1684,77
1480,71
1404,67
1590,76
1527,72
1542,75
1494,71
1720,79
1506,72
1485,70
1504,71
1470,71
1609,76
1464,70
1550,72
1561,74
1488,74
1619,77
1422,69
1631,76
1496,72
1566,74
1426,70
1618,76
1633,76
1487,71
1513,72
1581,75
1656,78
1567,74
1497,72
1606,75
1563,74
1630,76
1502,73
1559,74
1541,73
1666,79
1495,71
1615,77
1509,73
1549,73
1612,75
1544,73
1722,77
1595,75
1687,80
1509,73
1551,73
1565,74
1455,69
1518,73
1765,82
1657,78
1544,75
1667,77
1426,69
1432,70
1447,71
1604,75
1589,76
1440,70
1467,73
1723,79
1581,74
1661,76
1630,76
1565,74
1535,74
1325,66
1402,65
1558,73
1635,75
1773,82
1375,69
1422,68
1491,69
1611,74
1470,71
1409,70
1567,73
1692,77
1611,74
1576,74
1507,73
1610,77
1615,75
1545,72
1490,73
1590,73
1773,81
1533,73
1636,75
1383,67
1625,73
1631,76
1465,73
1539,74
1525,72
1487,68
1568,73
1609,78
1566,72
1500,72
1626,76
1540,71
1493,72
1681,77
1617,77
1535,72
1507,72
1522,70
1787,82
1552,73
1496,71
1555,72
1402,69
1545,70
1549,73
1531,74
1493,73
1777,81
1356,66
1455,70
1615,75
1646,76
1749,81
1538,75
1590,75
1367,68
1375,66
1445,69
1465,71
1701,81
1530,74
1488,73
1599,73
1598,74
1534,69
1673,77
1354,67
1704,79
1646,77
1708,78
1462,72
1498,72
1687,78
1575,73
1717,78
1613,77
1455,70
1642,77
1646,76
1495,74
1442,72
1479,73
1576,73
1579,75
1534,73
1499,72
1593,76
1506,74
1475,70
1617,74
1558,74
1664,78
1433,70
1454,71
1654,77
1607,75
1425,67
1508,69
1590,75
1538,72
1635,76
1616,76
1517,72
1615,77
1480,72
1595,75
1691,77
1366,66
1578,75
1522,73
1544,73
1554,73
1543,70
1531,73
1547,74
1593,74
1594,75
1580,76
1559,74
1626,76
1477,72
1616,75
1762,81
1608,75
1682,79
1529,73
1522,72
1583,75
1535,72
1581,76
1549,72
1593,74
1499,70
1596,73
1573,73
1539,71
1373,68
1498,73
1600,77
1623,75
1475,73
1693,79
1524,73
1532,74
1493,72
1590,75
1767,81
1572,74
1753,80
1648,76
1464,70
1713,81
1541,73
1443,70
1453,68
1582,72
1695,78
1623,74
1426,69
1457,71
1560,71
1479,71
1467,70
1699,77
1663,78
1462,69
1566,76
1715,78
1574,77
1638,76
1392,70
1737,81
1599,77
1729,80
1623,78
1614,75
1605,73
1637,75
1494,70
1762,80
1601,75
1668,76
1574,74
1476,71
1438,70
1751,81
1539,73
1599,75
1473,73
1763,81
1344,70
1508,72
1556,74
1400,70
1636,78
1441,72
1394,67
1702,80
1612,75
1651,78
1542,73
1688,78
1485,71
1471,72
1562,74
1541,73
1615,77
1446,70
1561,72
1550,73
1663,78
1698,78
1486,71
1485,72
1687,79
1710,79
1655,76
1412,68
1570,75
1567,75
1548,73
1481,70
1375,66
1686,78
1616,77
1413,70
1562,73
1624,78
1632,75
1453,68
1629,77
1354,66
1520,71
1590,72
1659,76
1644,76
1582,74
1566,74
1656,77
1472,72
1569,74
1636,76
1531,74
1383,68
1505,72
1620,78
1685,80
1558,74
1653,75
1635,76
1559,72
1688,79
1464,71
1451,70
1588,74
1553,75
1512,73
1541,71
1567,74
1413,70
1567,73
1558,73
1592,74
1455,70
1664,77
1533,71
1465,72
1491,71
1425,70
1570,73
1492,71
1413,68
1623,75
1678,79
1770,81
1583,75
1611,76
1567,76
1531,74
1594,73
1545,73
1442,69
1520,72
1478,72
1563,74
1538,73
1517,73
1443,68
1572,74
1598,76
1617,74
1660,78
1706,78
1461,69
1628,76
1694,77
1686,79
1504,70
1506,73
1531,73
1472,72
1455,70
1554,71
1550,73
1572,74
1673,79
1621,74
1466,70
1493,71
1502,71
1485,73
1515,73
1614,76
1554,73
1574,75
1500,72
1620,77
1670,77
1614,76
1534,72
1483,71
1444,69
1544,74
1553,75
1670,79
1456,70
1480,70
1695,79
1490,71
1585,75
1498,73
1594,77
1512,73
1503,71
1570,74
1606,75
1575,73
1558,76
1628,76
1709,80
1528,73
1493,72
1530,74
1496,72
1555,74
1583,76
1576,76
1492,72
1434,71
1364,66
1567,74
1574,74
1558,74
1529,73
1396,69
1543,71
1440,70
1649,78
1548,74
1751,79
1484,70
1506,69
1414,68
1473,72
1765,82
1521,73
1522,72
1637,75
1713,80
1535,71
1680,79
1449,71
1436,70
1561,74
1616,76
1491,72
1606,77
1779,81
1536,76
1572,74
1598,76
1548,73
1555,73
1572,73
1658,79
1494,71
1525,73
1344,67
1580,73
1575,74
1597,72
1455,68
1582,73
1485,70
1329,67
1447,70
1449,70
1438,70
1561,74
1376,68
1560,74
1455,71
1577,74
1478,70
1604,74
1573,75
1659,78
1536,73
1599,74
1653,77
1450,71
1487,70
1552,73
1571,73
1710,77
1506,72
1454,71
1392,70
1328,65
1460,72
1774,81
1713,79
1585,73
1689,79
1558,76
1605,76
1582,73
1593,72
1585,75
1375,67
1693,79
1571,72
1563,76
1512,72
1475,71
1446,70
1494,72
1442,70
1546,71
1633,77
1609,75
1495,71
1512,72
1600,76
1468,71
1541,70
1671,78
1652,75
1744,80
1529,72
1661,78
1517,69
1503,72
1398,68
1705,78
1550,71
1464,71
1502,72
1545,75
1530,73
1573,74
1757,81
1451,67
1596,76
1641,78
1656,78
1698,79
1629,76
1566,74
1507,70
1587,75
1598,73
1567,76
1663,78
1544,73
1542,73
1498,71
1559,73
1420,71
1675,78
1539,73
1682,78
1418,67
1633,76
1511,70
1598,76
1552,74
1533,73
1590,74
1612,77
1633,76
1489,73
1539,73
1561,73
1445,70
1622,77
1645,78
1489,74
1523,71
1661,75
1555,72
1532,72
1608,76
1580,75
1562,73
1568,73
1481,71
1654,77
1660,77
1592,76
1521,71
1720,78
1596,74
1564,74
1596,76
1516,72
1439,70
1661,76
1608,75
1469,70
1520,71
1442,70
1785,82
1390,69
1478,72
1658,78
1567,76
1526,73
1492,73
1495,70
1532,74
1535,73
1706,77
1582,77
1619,76
1573,74
1667,75
1570,75
1369,67
1449,72
1510,71
1630,74
1530,69
1718,79
1393,69
1561,74
1540,74
1479,70
1562,75
1450,70
1446,70
1405,70
1433,70
1525,73
1687,78
1452,68
1725,78
1583,75
1487,73
1451,71
1589,75
1470,72
1529,72
1415,70
1606,75
1594,74
1514,71
1503,71
1707,79
1575,76
1713,80
1582,74
1488,73
1500,71
1497,72
1544,72
1591,75
1537,71
1515,71
1596,74
1557,74
1570,73
1337,65
1544,72
1663,76
1694,78
1545,71
1480,72
1552,72
1549,74
1318,66
1567,72
1638,77
1494,71
1565,72
1519,72
1412,69
1546,74
1522,75
1648,77
1635,77
1571,75
1563,75
1765,82
1450,73
1454,71
1486,70
1496,72
1383,70
1378,70
1538,73
1448,70
1723,81
1648,77
1662,77
1413,67
1465,71
1527,73
1520,72
1581,76
1497,72
1502,73
1671,77
1462,70
1544,72
1683,78
1603,73
1686,78
1633,77
1678,76
1504,72
1592,74
1374,69
1644,77
1620,77
1601,75
1626,76
1568,72
1472,70
1483,72
1523,71
1688,80
1465,70
1450,70
1612,75
1587,74
1566,74
1520,72
1447,70
1596,75
1527,72
1530,71
1470,72
1505,72
1705,77
1519,72
1508,73
1535,75
1473,72
1402,68
1537,73
1684,78
1495,73
1345,67
1674,77
1644,76
1667,75
1434,68
1538,75
1500,73
1629,75
1498,72
1681,79
1646,76
1520,74
1436,69
1601,74
1665,79
1819,83
1548,74
1647,78
1552,73
1614,76
1514,73
1659,75
1560,73
1665,77
1712,77
1438,70
1484,71
1629,76
1684,78
1566,74
1501,73
1584,72
1612,75
1719,77
1619,76
1662,76
1579,74
1458,71
1747,80
1446,69
1630,75
1592,72
1553,74
1664,77
1587,75
1771,81
1682,79
1532,73
1559,73
1341,68
1675,79
1490,71
1419,68
1626,76
1564,72
1717,79
1443,67
1819,83
1649,78
1422,70
1618,76
1477,69
1599,74
1683,79
1640,76
1680,76
1443,70
1658,78
1686,76
1606,75
1520,72
1554,74
1511,73
1649,76
1510,71
1507,70
1516,72
1717,79
1734,80
1468,72
1558,73
1560,75
1640,74
1554,74
1632,76
1483,71
1577,73
1359,65
1387,67
1567,74
1532,73
1510,72
1391,70
1495,73
1529,74
1387,68
1622,76
1723,79
1608,75
1529,73
1668,80
1673,75
1737,79
1707,77
1368,68
1522,74
1568,76
1446,70
1530,73
1644,76
1549,75
1668,79
1667,78
1466,70
1625,75
1429,69
1456,72
1585,74
1542,72
1756,81
1421,70
1368,66
1500,72
1555,73
1571,75
1525,73
1513,74
1640,77
1694,78
1565,73
1565,72
1662,77
1660,75
1553,74
1464,69
1482,71
1603,73
1527,73
1488,72
1380,67
1688,78
1683,77
1627,77
1620,77
1580,75
1412,71
1448,70
1534,74
1459,72
1557,74
1609,76
1442,67
1653,76
1733,81
1507,74
1583,75
1668,76
1536,73
1729,80
1538,74
1728,76
1442,70
1756,81
1462,70
1451,70
1816,81
1670,77
1557,73
1628,78
1787,82
1820,81
1659,76
1742,81
1482,71
1655,76
1528,73
1513,74
1795,82
1425,69
1601,75
1720,78
1670,76
1663,77
1500,73
1807,82
1462,72
1625,76
1544,73
1684,77
1535,71
1597,74
1604,74
1570,74
1633,75
1487,71
1725,77
1568,74
1496,71
1545,74
1513,72
1340,68
1515,70
1698,80
1569,73
1523,71
1605,74
1627,76
1435,68
1596,74
1534,70
1696,79
1622,76
1568,74
1415,67
1561,74
1449,69
1433,68
1366,69
1617,74
1730,79
1569,73
1506,72
1781,81
1642,77
1606,74
1766,81
1619,75
1580,73
1434,69
1544,70
1671,77
1773,80
1601,75
1569,73
1475,70
1497,72
1778,80
1589,76
1513,73
1738,79
1756,80
1700,78
1610,75
1748,80
1655,78
1672,78
1476,73
1537,73
1589,74
1488,71
1540,73
1660,79
1700,79
1511,72
1518,71
1610,77
1727,79
1605,74
1494,70
1583,75
1460,72
1749,79
1673,77
1682,77
1512,72
1546,74
1703,76
1347,67
1567,73
1772,81
1518,70
1569,74
1575,73
1379,67
1737,80
1659,75
1312,65
1682,79
1582,73
1668,76
1362,67
1411,70
1653,78
1750,81
1623,77
1531,72
1637,76
1632,76
1706,77
1649,75
1523,72
1715,78
1709,78
1701,80
1381,68
1686,79
1508,72
1509,71
1629,77
1565,74
1819,83
1650,77
1723,78
1586,74
1557,73
1607,76
1614,76
1456,70
1662,76
1540,72
1652,77
1615,74
1755,81
1591,77
1725,80
1582,75
1502,73
1455,70
1465,70
1554,74
1438,70
1457,71
1626,76
1424,68
1706,77
1524,70
1744,79
1703,78
1833,83
1590,77
1544,72
1468,71
1552,73
1682,78
1685,77
1629,76
1438,71
1639,75
1474,72
1650,74
1660,75
1445,71
1610,75
1611,76
1607,77
1653,79
1565,73
1665,79
1516,72
1557,74
1535,74
1680,79
1782,82
1816,83
1560,73
1666,79
1479,70
1464,71
1822,82
1525,74
1798,82
1546,73
1697,79
1617,77
1550,72
1546,74
1621,77
1616,74
1550,73
1707,76
1696,77
1677,75
1450,70
1623,77
1530,74
1533,72
1480,68
1488,70
1569,72
1480,71
1496,69
1660,78
1559,73
1803,79
1420,67
1512,72
1623,75
1519,71
1690,79
1808,81
1473,71
1593,75
1476,70
1388,66
1801,82
1523,73
1638,74
1848,84
1561,72
1767,80
1730,78
1643,77
1501,69
1701,80
1693,78
1745,80
1655,75
1702,78
1552,74
1636,75
1460,69
1685,78
1462,70
1592,75
1583,71
1484,70
1321,66
1446,67
1575,73
1528,70
1737,81
1490,72
1523,70
1544,72
1582,74
1657,75
1798,82
1680,77
1617,75
1432,67
1671,76
1846,84
1684,77
1626,74
1506,72
1514,71
1506,72
1601,75
1627,76
1430,67
1763,79
1794,83
1541,75
1487,70
1432,68
1646,74
1460,69
1526,71
1644,77
1712,80
1419,68
1702,80
1629,75
1676,77
1570,75
1552,74
1481,72
1565,73
1586,76
1509,70
1599,75
1583,75
1707,76
1811,82
1705,79
1656,77
1589,75
1410,70
1598,75
1762,79
1537,73
1572,71
1734,79
1759,79
1886,82
1663,77
1447,68
1478,69
1689,77
1645,76
1695,79
1628,74
1719,79
1530,72
1657,76
1465,69
1697,78
1573,74
1657,77
1670,76
1414,68
1794,82
1702,78
1676,77
1643,76
1629,73
1514,69
1577,73
1619,76
1656,77
1570,71
1780,80
1759,78
1701,77
1534,71
1408,67
1421,71
1543,71
1800,82
1737,80
1541,73
1767,82
1731,80
1514,71
1482,70
1624,73
1470,69
1535,72
1701,76
1364,67
1532,72
1691,77
1459,71
1644,75
1708,79
1529,72
1679,80
1410,66
1682,77
1601,76
1486,71
1617,73
1478,68
1538,72
1553,70
1634,75
1575,72
1543,70
1534,71
1604,75
1393,67
1514,71
1779,80
1531,70
1675,77
1729,79
1722,78
1632,75
1809,83
1658,76
1769,77
1562,74
1643,74
1512,70
1546,72
1446,69
1547,71
1514,69
1488,71
1727,78
1565,73
1722,79
1396,68
1713,79
1674,76
1565,74
1407,69
1653,76
1625,73
1660,77
1462,69
1739,80
1585,73
1618,76
1627,74
1610,75
1470,70
1608,72
1444,70
1523,72
1553,71
1546,72
1585,74
1627,74
1595,73
1741,79
1671,78
1579,73
1598,73
1630,77
1559,73
1441,69
1543,70
1508,71
1660,76
1728,79
1632,75
1675,77
1795,82
1451,71
1761,79
1763,80
1614,77
1523,70
1667,75
1608,75
1526,74
1697,77
1522,71
1591,75
1684,79
1544,74
1576,72
1602,74
1677,74
1530,74
1548,73
1566,72
1679,78
1699,78
1638,75
1488,73
1518,72
1720,78
1554,74
1693,78
1554,71
1486,70
1707,79
1630,75
1633,76
1608,73
1516,72
1550,73
1616,77
1720,79
1607,76
1577,74
1614,75
1613,72
1681,74
1530,72
1486,71
1430,71
1634,77
1505,71
1457,67
1548,73
1566,72
1553,73
1718,79
1446,70
1454,71
1578,75
1573,75
1574,74
1564,74
1617,73
1670,77
1676,77
1624,77
1695,77
1502,71
1592,74
1633,76
1762,82
1439,69
1705,76
1487,70
1481,70
1594,74
1607,75
1724,80
1484,71
1569,71
1546,72
1534,72
1788,81
1486,71
1706,79
1568,73
1579,74
1731,80
1536,72
1718,78
1724,79
1549,72
1820,82
1616,74
1509,70
1493,72
1532,71
1514,71
1457,69
1802,83
1802,82
1546,74
1700,77
1576,75
1770,81
1575,73
1535,74
1649,78
1671,75
1461,69
1586,77
1723,79
1738,79
1626,74
1564,74
1556,72
1618,75
1852,84
1751,79
1732,78
1632,76
1745,81
1524,74
1695,74
1620,76
1574,75
1595,74
1450,68
1471,69
1619,73
1647,74
1692,77
1679,74
1797,80
1688,77
1671,76
1768,82
1544,74
1303,66
1619,75
1600,75
1611,75
1660,77
1610,75
1590,72
1457,68
1616,77
1599,73
1721,79
1418,69
1513,72
1698,78
1703,79
1636,76
1614,74
1505,73
1502,73
1657,74
1391,67
1409,68
1744,78
1771,80
1838,84
1592,74
1638,78
1584,76
1414,71
1621,75
1712,78
1750,81
1738,80
1623,76
1775,80
1729,81
1777,80
1348,65
1515,72
1569,73
1489,70
1488,71
1518,72
1812,83
1562,74
1624,76
1565,75
1698,79
1552,74
1640,76
1582,73
1526,73
1622,74
1649,74
1679,77
1439,70
1575,73
1677,76
1501,72
1728,79
1694,76
1643,75
1361,66
1711,76
1622,75
1613,75
1454,69
1646,75
1684,77
1631,74
1585,73
1621,73
1688,79
1678,76
1587,77
1467,71
1572,72
1555,70
1525,72
1571,73
1600,74
1482,72
1710,80
1529,71
1711,77
1648,77
1544,72
1508,71
1743,79
1540,72
1801,81
1615,75
1487,72
1718,78
1573,73
1512,71
1530,73
1633,75
1532,70
1601,74
1455,71
1546,72
1523,74
1505,71
1613,76
1594,76
1762,80
1694,80
1672,77
1427,69
1522,71
1547,72
1572,71
1745,80
1561,73
1692,79
1631,76
1555,73
1666,77
1555,72
1606,75
1499,71
1524,73
1585,71
1379,66
1590,74
1579,74
1734,80
1602,74
1699,79
1451,69
1512,68
1511,73
1676,77
1748,80
1763,80
1634,76
1519,71
1711,80
1463,71
1469,69
1696,76
1622,74
1649,76
1597,75
1519,71
1795,82
1798,82
1668,78
1784,81
1671,76
1434,70
1571,71
1574,75
1403,69
1646,76
1635,76
1717,80
1756,80
1505,70
1616,75
1607,74
1662,77
1584,74
1734,79
1503,72
1522,71
1666,75
1567,72
1564,71
1807,82
1438,70
1836,84
1703,78
1580,73
1675,75
1405,68
1482,72
1738,80
1506,71
1471,71
1532,72
1654,74
1778,82
1383,70
1734,79
1579,73
1524,72
1695,79
1712,78
1678,75
1526,69
1615,75
1557,73
1597,73
1669,74
1570,74
1571,72
1590,75
1657,77
1474,71
1577,71
1639,74
1675,78
1567,73
1718,77
1540,72
1438,68
1549,75
1397,68
1612,77
1649,75
1579,73
1421,67
1569,73
1713,78
1487,69
1533,73
1558,72
1570,73
1775,81
1711,80
1613,75
1502,73
1778,79
1527,71
1670,77
1551,73
1500,70
1701,78
1834,82
1582,72
1623,75
1636,74
1443,69
1751,78
1702,77
1534,71
1459,69
1630,77
1695,79
1529,71
1677,77
1453,69
1428,70
1653,77
1483,70
1513,73
1669,75
1485,68
1578,74
1598,73
1595,71
1481,70
1605,75
1499,68
1573,75
1611,75
1730,77
1565,73
1820,82
1707,79
1478,72
1514,72
1534,71
1466,70
1560,75
1736,79
1625,76
1576,75
1366,66
1758,82
1663,77
1623,76
1628,75
1590,73
1547,71
1541,72
1417,69
1549,73
1541,74
1496,70
1728,78
1510,71
1422,69
1718,75
1587,74
1591,72
1598,73
1578,74
1417,66
1508,71
1683,78
1682,78
1582,74
1670,79
1379,67
1443,70
1578,74
1600,74
1447,68
1565,74
1618,73
1786,81
1635,77
1702,78
1503,73
1542,71
1542,68
1488,70
1502,71
1628,76
1746,80
1499,73
1669,78
1371,67
1613,74
1602,75
1558,73
1430,68
1645,76
1575,72
1583,74
1743,80
1667,77
1769,79
1385,69
1473,70
1505,71
1737,81
1770,80
1609,75
1478,71
1425,67
1639,75
1662,73
1604,75
1724,79
1624,75
1662,77
1666,77
1611,73
1703,79
1568,74
1602,76
1550,74
1604,77
1582,75
1539,73
1521,73
1390,68
1658,77
1548,72
1654,77
1424,69
1625,74
1686,79
1604,74
1651,78
1724,79
1648,76
1428,68
1699,77
1653,75
1741,77
1582,73
1484,69
1777,80
1529,73
1613,73
1752,80
1670,77
1720,79
1660,77
1501,70
1521,71
1575,75
1720,80
1502,69
1383,67
1586,73
1509,72
1402,68
1556,74
1721,81
1727,80
1663,77
1572,74
1511,70
1724,77
1495,71
1594,73
1568,75
1436,68
1615,76
1435,69
1476,69
1603,74
1404,65
1787,79
1594,76
1555,73
1613,76
1703,77
1507,73
1608,77
1635,74
1722,80
1733,79
1707,77
1689,77
1696,78
1695,76
1627,74
1569,75
1507,71
1763,81
1463,69
1697,78
1500,72
1510,71
1765,80
1672,77
1458,70
1651,76
1595,76
1559,74
1454,71
1498,70
1639,76
1710,78
1760,79
1553,72
1537,71
1578,75
1682,77
1494,70
1667,79
1561,73
1535,73
1512,71
1543,73
1476,69
1475,71
1664,77
1564,74
1530,73
1836,84
1572,74
1536,73
1562,74
1511,72
1544,72
1549,73
1521,71
1571,74
1685,77
1651,75
1505,69
1676,78
1659,77
1578,75
1612,74
1497,70
1631,77
1596,75
1540,74
1778,79
1529,73
1721,79
1665,77
1604,75
1584,76
1567,75
1451,70
1543,73
1671,79
1488,69
1580,72
1465,70
1587,73
1671,78
1725,80
1552,72
1425,69
1444,71
1673,79
1550,73
1592,76
1622,73
1517,71
1381,68
1714,79
1562,73
1535,69
1612,75
1471,70
1613,77
1536,73
1707,77
1608,73
1559,72
1534,72
1645,76
1384,67
1647,77
1634,79
1511,73
1554,73
1711,79
1437,69
1486,72
1679,77
1562,73
1601,77
1722,77
1657,77
1594,77
1512,73
1564,71
1686,79
1543,72
1724,79
1526,74
1577,71
1557,74
1839,83
1516,73
1559,75
1595,73
1633,75
1632,77
1594,72
1614,76
1505,71
1666,77
1579,72
1701,79
1549,73
1646,75
1622,74
1497,72
1509,73
1689,77
1404,69
1554,72
1575,75
1609,72
1556,73
1604,75
1675,78
1582,74
1562,73
1790,80
1649,78
1552,73
1491,70
1602,74
1533,71
1633,76
1629,76
1650,76
1627,76
1744,80
1484,70
1456,68
1645,77
1638,78
1510,72
1623,73
1656,75
1672,76
1687,76
1561,72
1619,76
1533,74
1483,72
1557,72
1616,75
1821,83
1577,73
1601,73
1844,84
1488,71
1673,76
1768,82
1676,76
1576,75
1648,77
1666,73
1639,77
1852,82
1687,77
1765,82
1721,77
1686,78
1578,74
1607,73
1613,75
1459,70
1599,75
1385,67
1661,79
1653,76
1756,81
1577,73
1566,73
1525,73
1578,71
1499,71
1698,77
1489,71
1578,74
1836,84
1594,73
1662,78
1719,78
1583,71
1733,81
1805,83
1580,74
1555,73
1464,70
1587,76
1712,78
1664,76
1715,79
1488,70
1553,74
1508,69
1635,74
1773,82
1390,66
1656,75
1541,74
1575,74
1766,81
1593,75
1553,72
1763,80
1761,81
1529,73
1668,75
1409,69
1707,78
1537,71
1710,77
1568,74
1705,79
1477,69
1617,75
1618,74
1462,69
1672,78
1567,73
1674,77
1624,75
1637,75
1494,70
1624,77
1475,71
1511,72
1754,81
1738,79
1559,71
1648,77
1424,69
1565,73
1464,71
1664,78
1669,76
1497,71
1624,77
1425,68
1456,70
1677,77
1565,73
1483,68
1645,77
1640,76
1653,75
1505,71
1276,63
1562,74
1580,74
1751,80
1506,72
1676,76
1532,72
1664,75
1591,74
1553,73
1515,71
1515,72
1597,76
1507,74
1645,76
1576,74
1673,78
1568,72
1611,71
1623,77
1689,78
1563,74
1416,66
1580,73
1676,76
1514,71
1530,74
1541,74
1526,73
1528,74
1545,71
1578,74
1740,81
1527,73
1580,72
1813,83
1780,82
1737,78
1595,75
1411,71
1811,83
1669,78
1531,70
1807,81
1448,70
1702,78
1485,71
1638,74
1622,76
1760,80
1465,69
1608,74
1648,77
1525,71
1585,71
1442,70
1643,75
1454,68
1678,77
1476,72
1585,73
1464,71
1573,72
1650,73
1542,73
1584,75
1612,74
1548,73
1529,71
1539,73
1597,75
1651,78
1564,74
1649,77
1581,73
1602,75
1651,78
1524,71
1805,83
1648,74
1585,75
1812,83
1592,75
1588,75
1533,73
1553,73
1540,74
1657,77
1616,75
1678,76
1608,74
1700,79
1549,71
1484,69
1501,70
1455,71
1509,73
1670,75
1760,79
1760,81
1610,74
1594,77
1618,76
1672,77
1616,76
1679,76
1829,82
1531,72
1448,67
1362,66
1668,77
1575,72
1587,73
1610,74
1675,78
1511,72
1644,74
1594,72
1789,79
1659,77
1666,76
1638,73
1555,71
1537,71
1501,72
1747,80
1592,74
1681,77
1646,75
1643,75
1780,81
1713,78
1682,78
1649,78
1585,75
1751,82
1698,78
1768,79
1786,81
1646,77
1690,78
1499,70
1783,82
1570,74
1667,79
1563,72
1524,72
1648,77
1629,78
1603,74
1606,76
1707,80
1790,82
1694,77
1766,79
1623,75
1530,72
1490,71
1578,74
1461,69
1576,76
1653,74
1556,72
1640,77
1480,70
1606,75
1508,71
1766,80
1546,72
1756,80
1492,69
1823,83
1738,80
1787,82
1521,72
1817,82
1608,76
1743,80
1639,77
1607,74
1408,68
1554,70
1597,74
1371,67
1774,80
1714,78
1459,69
1647,75
1656,75
1513,73
1626,73
1456,70
1590,76
1534,72
1657,75
1674,76
1557,74
1490,71
1631,76
1563,72
1527,70
1622,76
1618,74
1742,81
1583,74
1612,72
1383,66
1720,78
1565,74
1600,73
1583,75
1495,73
1556,72
1599,74
1570,70
1591,72
1709,80
1610,76
1335,66
1496,70
1583,75
1661,78
1501,71
1466,69
1494,71
1628,76
1516,71
1650,75
1543,72
1538,72
1653,77
1622,74
1427,69
1599,74
1486,71
1715,79
1512,73
1737,80
1469,69
1661,76
1642,74
1596,75
1475,70
1444,71
1676,77
1554,74
1449,71
1626,75
1703,78
1539,73
1461,70
1563,72
1669,76
1513,74
1659,78
1756,81
1466,69
1581,71
1696,80
1836,84
1587,72
1409,69
1490,68
1458,71
1415,70
1634,78
1583,75
1584,74
1638,78
1500,72
1628,76
1689,78
1612,76
1524,71
1539,72
1423,69
1323,66
1620,75
1598,76
1563,73
1744,78
1665,76
1531,73
1697,78
1519,71
1763,77
1534,72
1481,71
1639,75
1519,74
1797,83
1530,72
1574,74
1409,69
1756,81
1740,79
1513,72
1617,75
1441,69
1488,72
1613,76
1479,70
1717,81
1594,75
1752,78
1754,81
1530,74
1642,75
1632,78
1653,76
1577,75
1544,73
1702,80
1632,77
1539,73
1494,72
1597,74
1701,78
1687,79
1455,70
1608,74
1737,80
1830,82
1604,73
1575,75
1654,77
1725,80
1757,80
1602,78
1518,73
1772,81
1756,80
1629,74
1836,84
1639,76
1732,77
1571,74
1406,69
1825,83
1436,71
1565,72
1527,72
1631,74
1610,76
1581,76
1479,69
1632,75
1652,77
1586,76
1702,79
1449,71
1552,74
1417,70
1589,75
1377,67
1616,75
1413,69
1844,84
1477,72
1708,77
1549,75
1682,77
1516,72
1498,69
1718,78
1706,78
1550,72
1576,74
1630,75
1770,80
1679,76
1673,77
1584,73
1508,71
1580,71
1512,74
1474,70
1565,71
1555,71
1511,72
1712,81
1451,68
1642,77
1844,84
1591,75
1592,74
1422,68
1643,73
1493,71
1457,70
1499,69
1378,68
1607,74
1616,74
1717,79
1599,75
1357,67
1439,70
1545,74
1542,74
1795,82
1506,72
1670,78
1620,72
1460,69
1451,70
1735,80
1510,72
1722,80
1665,76
1685,76
1622,76
1580,72
1472,68
1575,73
1414,67
1666,76
1464,69
1632,77
1611,74
1727,81
1625,75
1623,74
1636,76
1814,82
1449,69
1719,80
1601,74
1427,69
1534,72
1578,74
1629,77
1394,67
1449,69
1750,79
1653,77
1717,80
1690,78
1637,77
1802,82
1231,65
1569,72
1639,76
1550,73
1376,68
1354,66
1704,79
1640,77
1584,72
1508,73
1460,70
1742,80
1594,76
1584,74
1661,74
1591,74
1757,78
1802,81
1557,75
1585,75
1714,80
1478,69
1488,70
1553,73
1549,75
1487,70
1587,74
1727,80
1688,78
1355,67
1413,67
1673,78
1690,75
1550,72
1605,76
1647,76
1704,79
1759,81
1619,76
1619,77
1696,77
1599,74
1667,76
1519,70
1614,77
1386,67
1510,72
1692,78
1441,71
1641,74
1678,77
1471,70
1398,67
1609,75
1726,79
1467,71
1611,75
1666,75
1318,64
1691,77
1724,80
1660,75
1597,74
1511,72
1653,79
1491,72
1649,76
1683,79
1546,70
1716,80
1486,70
1558,74
1449,69
1559,71
1675,78
1792,83
1558,72
1570,75
1493,70
1592,76
1462,71
1356,67
1481,72
1538,72
1761,80
1466,71
1536,74
1697,78
1635,74
1576,74
1484,72
1697,78
1612,76
1576,75
1564,72
1615,75
1719,79
1524,73
1410,69
1590,74
1578,73
1452,68
1648,76
1600,77
1443,68
1746,79
1586,75
1767,80
1431,69
1508,72
1311,64
1492,71
1640,75
1499,73
1590,75
1715,81
1541,74
1632,76
1489,69
1536,71
1669,76
1503,70
1593,73
1516,71
1622,74
1674,75
1524,71
1651,76
1739,79
1700,78
1564,73
1805,83
1663,77
1607,72
1753,80
1804,83
1634,76
1698,77
1462,71
1691,78
1611,73
1575,74
1573,74
1407,70
1582,75
1637,75
1564,74
1580,74
1606,76
1667,77
1591,75
1526,72
1509,72
1602,76
1611,76
1537,74
1649,79
1589,75
1457,69
1653,77
1638,78
1616,76
1605,75
1556,71
1458,70
1470,72
1568,72
1630,74
1497,72
1514,71
1836,84
1585,74
1664,78
1757,80
1613,76
1652,76
1618,74
1816,83
1743,80
1528,73
1512,71
1570,75
1562,71
1552,74
1565,74
1394,68
1677,77
1561,72
1570,73
1496,72
1616,77
1459,69
1594,76
1723,79
1430,69
1579,73
1663,78
1553,73
1530,74
1488,70
1498,71
1620,74
1519,70
1624,76
1516,71
1836,84
1704,76
1569,73
1755,79
1640,77
1504,74
1683,78
1534,71
1452,71
1758,80
1544,74
1426,69
1629,75
1720,80
1555,73
1666,77
1718,78
1672,79
1639,78
1714,76
1599,73
1633,74
1757,81
1817,83
1565,75
1482,72
1671,78
1727,79
1593,74
1676,77
1764,80
1610,75
1617,75
1642,77
1685,77
1484,70
1633,76
1563,74
1627,76
1415,68
1658,77
1672,77
1649,77
1682,78
1799,80
1709,78
1533,71
1616,74
1486,71
1496,72
1417,70
1546,75
1377,67
1540,74
1737,80
1514,72
1564,73
1782,81
1468,69
1634,75
1505,71
1521,72
1435,69
1721,81
1575,74
1596,75
1771,81
1487,73
1594,76
1532,73
1552,74
1647,76
1664,79
1659,76
1609,74
1623,76
1632,77
1690,79
1749,82
1764,80
1706,77
1836,84
1651,77
1519,72
1481,71
1516,71
1516,73
1543,73
1713,78
1716,78
1451,70
1612,77
1807,81
1535,74
1392,70
1688,76
1493,72
1689,77
1618,73
1555,73
1635,75
1581,75
1616,76
1742,79
1447,70
1605,73
1704,76
1556,74
1548,73
1492,70
1624,77
1386,67
1722,77
1558,72
1787,82
1607,75
1627,74
1582,74
1647,77
1459,69
1509,70
1517,72
1695,78
1677,78
1525,72
1491,70
1560,73
1445,68
1680,77
1476,70
1577,74
1614,74
1661,76
1684,76
1591,75
1462,72
1546,74
1612,73
1631,75
1688,78
1701,80
1608,75
1584,73
1404,68
1591,74
1537,72
1550,73
1760,82
1500,72
1515,72
1614,77
1679,77
1571,75
1750,82
1710,78
1757,78
1381,68
1640,76
1366,67
1516,73
1680,76
1458,67
1691,76
1484,72
1460,69
1530,72
1643,76
1557,74
1463,71
1428,69
1575,75
1643,77
1751,80
1600,74
1555,74
1793,81
1656,77
1596,74
1411,68
1574,73
1538,73
1508,74
1411,70
1544,70
1450,71
1439,69
1523,73
1603,71
1626,76
1730,81
1500,71
1603,75
1532,73
1437,70
1621,76
1556,74
1642,77
1491,71
1557,74
1488,70
1643,73
1626,75
1537,74
1633,75
1692,77
1739,78
1572,74
1599,74
1510,71
1554,70
1486,71
1578,73
1610,75
1590,73
1486,70
1643,76
1382,68
1585,74
1628,75
1717,78
1560,74
1579,72
1594,75
1607,75
1620,75
1731,80
1657,75
1555,73
1702,78
1510,71
1738,80
1551,73
1734,81
1587,73
1695,78
1651,76
1823,81
1545,74
1591,74
1522,70
1516,72
1570,73
1489,72
1671,78
1577,76
1651,75
1585,74
1589,75
1538,74
1737,80
1585,72
1819,81
1691,76
1529,70
1670,76
1814,82
1560,76
1439,70
1636,75
1700,79
1759,80
1665,76
1542,73
1616,76
1443,69
1623,76
1572,74
1339,67
1666,79
1749,78
1534,72
1437,69
1618,75
1626,75
1436,69
1682,78
1612,77
1549,72
1691,78
1559,73
1447,71
1461,71
1647,75
1466,69
1607,74
1449,70
1665,79
1465,71
1561,74
1577,73
1461,69
1601,76
1684,79
1597,74
1667,73
1475,70
1655,77
1589,75
1521,72
1505,70
1592,74
1627,75
1664,77
1661,78
1608,75
1603,75
1836,84
1531,70
1754,80
1572,74
1662,76
1541,72
1717,79
1470,67
1653,76
1685,77
1416,71
1444,68
1660,75
1758,80
1656,78
1794,82
1727,79
1533,72
1642,77
1503,69
1600,74
1504,69
1530,72
1537,73
1645,75
1599,73
1531,71
1436,67
1544,74
1574,73
1495,71
1566,73
1684,78
1641,76
1625,75
1756,78
1664,76
1593,72
1549,73
1488,72
1546,73
1719,79
1477,71
1570,71
1463,71
1555,74
1679,79
1483,72
1565,73
1748,81
1419,68
1524,73
1696,79
1449,70
1570,74
1639,75
1735,78
1581,74
1511,70
1511,69
1558,76
1553,74
1679,78
1527,73
1485,72
1525,71
1581,77
1749,80
1560,76
1567,72
1663,77
1547,73
1597,73
1563,73
1363,65
1647,75
1732,78
1503,71
1697,79
1765,81
1628,76
1598,74
1604,75
1742,80
1458,71
1514,73
1461,69
1553,73
1596,75
1738,78
1654,78
1412,69
1606,74
1510,71
1630,74
1455,70
1630,76
1611,75
1800,82
1782,82
1537,72
1665,78
1421,68
1721,78
1544,73
1625,76
1512,70
1597,74
1486,74
1549,73
1570,75
1525,72
1578,76
1512,74
1598,74
1581,75
1540,70
1647,77
1486,71
1633,74
1687,77
1433,71
1608,73
1543,74
1548,74
1819,82
1597,70
1565,75
1593,72
1547,72
1605,74
1489,72
1509,71
1499,71
1486,71
1609,74
1793,83
1657,77
1632,75
1665,76
1486,72
1474,73
1469,71
1379,68
1606,74
1425,69
1756,79
1686,79
1478,69
1554,73
1743,81
1405,69
1538,73
1729,78
1597,76
1547,73
1698,78
1748,80
1577,75
1546,71
1584,76
1614,75
1594,74
1408,70
1749,82
1545,71
1490,72
1415,69
1580,74
1425,70
1743,79
1518,72
1634,75
1726,81
1702,76
1559,73
1601,74
1759,80
1652,76
1488,70
1510,71
1461,72
1710,78
1393,68
1821,83
1641,76
1481,69
1591,75
1660,77
1525,73
1647,78
1505,71
1642,76
1491,71
1674,77
1447,69
1520,72
1629,76
1480,72
1516,72
1680,77
1608,77
1477,69
1701,76
1657,78
1563,74
1496,72
1488,71
1603,76
1587,74
1626,76
1629,76
1704,78
1544,74
1432,68
1474,72
1661,79
1660,75
1534,73
1822,82
1555,74
1584,73
1346,66
1730,80
1564,72
1619,74
1330,65
1429,70
1724,77
1567,73
1405,67
1604,73
1495,72
1489,70
1489,70
1561,73
1543,71
1493,68
1765,81
1705,78
1641,76
1594,76
1859,84
1612,74
1590,74
1485,70
1559,75
1579,74
1501,71
1596,75
1691,78
1613,72
1628,78
1405,68
1720,80
1652,79
1726,80
1533,71
1797,82
1746,79
1527,72
1521,72
1840,82
1594,72
1550,74
1461,72
1654,77
1386,68
1475,71
1455,69
1609,75
1589,75
1610,77
1723,81
1409,69
1629,75
1655,75
1743,78
1668,79
1547,73
1532,73
1515,71
1595,75
1565,75
1520,70
1661,75
1482,70
1592,74
1593,75
1411,69
1499,70
1551,73
1630,76
1602,76
1784,80
1687,78
1599,75
1699,78
1481,71
1661,78
1836,84
1558,72
1584,74
1685,76
1509,72
1488,72
1651,77
1481,71
1479,72
1588,75
1634,74
1560,74
1521,71
1661,73
1662,75
1619,76
1485,72
1743,79
1618,75
1549,73
1533,73
1634,74
1282,64
1572,72
1631,73
1648,75
1471,72
1782,79
1717,77
1327,66
1526,73
1684,76
1697,77
1487,71
1545,71
1467,70
1533,73
1427,70
1675,77
1520,71
1606,75
1715,80
1568,74
1511,71
1638,78
1639,76
1620,76
1733,78
1455,71
1542,74
1606,75
1780,81
1704,77
1652,75
1479,69
1526,71
1470,69
1472,71
1585,72
1721,79
1663,76
1445,69
1395,67
1560,71
1650,74
1556,73
1632,74
1492,70
1511,71
1579,73
1571,73
1570,73
1524,74
1645,78
1727,80
1670,77
1669,77
1467,71
1675,78
1559,72
1753,81
1490,71
1558,74
1678,78
1624,75
1579,73
1534,71
1355,67
1622,75
1689,79
1544,73
1652,72
1786,83
1601,75
1469,69
1622,75
1447,68
1472,71
1600,73
1642,77
1463,68
1652,74
1728,79
1660,77
1526,72
1530,73
1615,75
1654,77
1628,75
1679,77
1809,82
1593,74
1523,73
1693,77
1435,69
1581,73
1855,84
1761,81
1362,66
1551,73
1331,65
1594,74
1645,76
1549,74
1519,72
1552,71
1585,73
1565,74
1659,77
1576,73
1614,75
1640,75
1562,74
1431,67
1435,69
1528,74
1596,74
1519,72
1533,73
1758,79
1434,69
1693,78
1704,78
1558,73
1606,74
1652,75
1584,73
1508,73
1738,79
1650,78
1592,75
1526,72
1361,66
1580,74
1836,84
1772,80
1472,70
1833,83
1618,77
1733,80
1642,76
1519,72
1501,70
1600,75
1622,76
1743,81
1510,73
1862,82
1513,70
1634,76
1660,77
1540,72
1614,76
1639,76
1601,74
1457,70
1348,68
1689,78
1669,78
1419,68
1471,69
1450,71
1583,77
1726,80
1386,68
1498,73
1773,81
1487,73
1488,71
1583,75
1592,72
1657,75
1679,79
1571,74
1503,71
1735,77
1536,72
1534,73
1640,76
1576,71
1511,73
1491,72
1453,70
1662,76
1563,74
1602,75
1470,72
1495,71
1702,77
1548,73
1469,71
1638,74
1486,71
1503,72
1603,75
1756,81
1775,79
1635,76
1719,80
1490,71
1756,80
1689,77
1635,77
1418,69
1673,77
1794,83
1666,78
1740,79
1653,77
1501,70
1613,75
1527,73
1543,73
1659,76
1532,75
1457,69
1740,80
1803,81
1348,67
1489,71
1518,71
1576,75
1477,72
1520,70
1774,81
1429,70
1647,76
1604,75
1322,67
1644,76
1728,81
1463,67
1661,76
1542,73
1667,75
1836,84
1626,73
1518,71
1705,77
1735,81
1632,77
1768,82
1569,75
1452,71
1476,68
1564,74
1422,69
1678,77
1692,76
1544,73
1631,73
1643,75
1637,76
1623,71
1750,79
1678,77
1520,71
1564,76
1626,75
1444,70
1520,73
1477,71
1569,72
1479,70
1639,76
1403,69
1530,71
1626,77
1591,73
1708,77
1515,73
1550,74
1582,74
1717,78
1576,75
1398,69
1571,74
1632,75
1563,76
1717,79
1595,76
1583,76
1532,72
1603,74
1689,78
1471,69
1448,72
1619,78
1447,71
1488,69
1774,81
1422,70
1568,73
1579,72
1555,71
1428,70
1514,72
1430,68
1688,76
1668,78
1760,79
1607,72
1672,76
1532,73
1642,77
1577,74
1586,76
1574,72
1556,73
1671,76
1566,73
1773,81
1496,72
1578,71
1598,75
1605,75
1534,72
1593,74
1702,77
1542,72
1671,78
1560,74
1439,69
1526,72
1559,75
1597,74
1579,74
1761,81
1634,72
1769,79
1602,73
1532,73
1428,71
1390,65
1541,74
1678,78
1557,72
1511,72
1519,71
1472,72
1661,75
1661,76
1587,76
1574,75
1378,66
1588,74
1647,78
1678,75
1539,73
1551,74
1399,68
1515,70
1773,81
1625,75
1642,75
1672,76
1619,76
1527,72
1703,78
1606,74
1617,76
1590,76
1523,72
1652,78
1552,74
1639,76
1678,75
1505,71
1575,75
1576,75
1636,77
1563,72
1445,68
1713,77
1664,75
1818,80
1659,76
1493,73
1504,69
1515,71
1644,75
1542,73
1646,75
1674,77
1646,79
1503,71
1681,80
1638,73
1562,73
1671,77
1804,81
1734,80
1668,76
1756,79
1603,75
1505,70
1689,76
1674,76
1588,76
1495,72
1592,74
1699,76
1595,74
1586,77
1516,73
1366,68
1647,76
1495,72
1613,75
1660,77
1472,70
1484,71
1624,74
1614,76
1516,71
1738,81
1589,76
1636,76
1798,81
1431,68
1598,74
1370,66
1645,77
1712,80
1844,84
1673,77
1513,71
1479,70
1479,72
1541,72
1741,81
1712,78
1848,84
1348,68
1749,79
1506,71
1475,69
1342,67
1442,71
1472,70
1704,76
1545,72
1532,72
1729,80
1536,72
1456,68
1489,72
1514,72
1538,72
1630,76
1587,74
1748,79
1653,77
1427,69
1489,69
1617,73
1586,73
1448,71
1752,82
1725,80
1628,76
1462,70
1561,74
1572,75
1634,76
1706,79
1541,72
1547,74
1522,72
1632,75
1649,77
1413,70
1489,72
1577,74
1570,74
1792,81
1665,77
1462,72
1479,71
1528,73
1726,78
1595,73
1626,75
1479,71
1413,68
1639,75
1469,71
1578,74
1774,80
1567,76
1640,76
1441,70
1594,76
1438,70
1525,74
1563,74
1614,76
1496,70
1387,64
1701,77
1503,71
1582,72
1523,71
1676,79
1517,73
1730,77
1638,75
1745,78
1475,72
1490,71
1453,69
1636,76
1707,78
1719,79
1523,74
1503,71
1599,76
1550,74
1540,73
1794,82
1596,74
1415,69
1625,75
1706,78
1628,76
1542,71
1542,73
1575,71
1523,71
1408,70
1602,73
1838,84
1581,74
1503,71
1708,79
1686,77
1452,69
1673,78
1546,73
1357,65
1638,77
1512,74
1517,72
1570,74
1550,73
1621,78
1530,71
1564,73
1698,76
1689,78
1286,64
1443,69
1698,75
1497,70
1543,74
1694,79
1584,72
1509,68
1574,73
1516,71
1695,78
1612,76
1586,75
1652,76
1808,82
1540,72
1664,76
1594,76
1567,74
1523,71
1761,81
1713,76
1535,72
1611,72
1608,76
1640,74
1524,70
1634,77
1618,73
1592,76
1464,71
1518,72
1433,69
1552,72
1684,78
1711,77
1749,80
1461,70
1726,78
1602,76
1655,75
1669,79
1487,72
1664,76
1502,72
1510,71
1479,71
1664,78
1543,74
1528,73
1610,75
1588,74
1787,81
1448,68
1467,71
1575,75
1579,75
1502,73
1421,70
1448,69
1608,75
1506,71
1664,77
1584,73
1579,74
1712,79
1752,78
1693,79
1615,76
1635,76
1750,81
1501,72
1792,83
1704,78
1707,78
1415,68
1536,72
1422,69
1635,76
1609,76
1565,76
1654,74
1574,75
1640,77
1652,76
1764,81
1466,70
1545,73
1676,75
1432,69
1542,72
1537,72
1567,74
1714,77
1700,77
1653,78
1530,72
1539,72
1403,68
1504,69
1638,77
1509,71
1535,73
1486,72
1491,73
1748,81
1501,70
1509,69
1465,71
1447,69
1589,74
1702,78
1630,75
1555,71
1509,72
1535,73
1471,70
1567,73
1701,79
1566,73
1714,79
1594,74
1503,72
1594,76
1612,76
1360,69
1534,72
1351,65
1718,78
1542,72
1488,71
1602,74
1664,78
1501,72
1440,69
1466,70
1617,73
1797,82
1562,73
1442,71
1459,71
1587,75
1597,75
1422,69
1678,77
1573,75
1548,69
1390,68
1606,76
1543,74
1711,80
1489,72
1602,75
1815,83
1808,80
1451,70
1706,76
1738,81
1511,72
1750,81
1678,77
1728,77
1445,72
1478,67
1483,72
1664,78
1424,69
1852,84
1670,76
1563,74
1527,74
1397,70
1412,70
1718,78
1700,78
1685,77
1724,78
1467,69
1592,74
1450,69
1531,72
1595,74
1527,74
1528,72
1677,78
1661,75
1454,70
1718,81
1724,79
1713,80
1362,67
1458,69
1755,80
1752,79
1616,76
1396,69
1593,74
1565,74
1543,72
1766,82
1662,77
1515,72
1593,75
1639,74
1618,74
1631,77
1543,73
1584,74
1718,78
1364,65
1470,69
1652,78
1712,80
1599,74
1640,76
1642,74
1562,72
1658,76
1593,75
1551,72
1484,70
1467,68
1619,77
1636,77
1437,70
1594,74
1580,73
1599,74
1651,76
1514,72
1686,78
1594,75
1417,70
1735,80
1663,76
1595,75
1706,81
1561,72
1836,84
1498,73
1627,78
1763,79
1422,69
1530,73
1654,75
1412,68
1608,75
1626,74
1461,71
1734,78
1599,76
1681,77
1566,74
1693,77
1470,71
1735,79
1559,72
1485,71
1500,70
1498,72
1545,73
1525,73
1687,77
1728,80
1737,80
1440,70
1476,71
1532,71
1452,71
1557,74
1715,79
1570,71
1537,71
1608,77
1614,76
1756,80
1380,67
1506,72
1624,75
1461,68
1647,77
1736,80
1705,80
1599,75
1723,78
1561,73
1838,84
1655,76
1611,74
1557,73
1687,78
1694,79
1527,73
1641,76
1709,79
1709,78
1490,71
1553,74
1380,66
1583,73
1404,69
1438,71
1535,72
1609,75
1628,76
1796,83
1691,77
1793,83
1604,75
1461,67
1674,76
1573,73
1498,70
1539,72
1438,70
1419,70
1556,73
1476,72
1640,76
1632,76
1531,72
1520,70
1581,74
1476,71
1455,73
1472,68
1470,70
1624,76
1644,76
1501,71
1513,70
1669,76
1674,75
1673,78
1442,69
1450,70
1717,78
1640,76
1634,74
1492,71
1568,73
1771,80
1501,69
1453,72
1559,72
1621,78
1375,65
1592,73
1724,80
1747,80
1532,71
1737,79
1686,77
1463,71
1601,76
1782,83
1561,74
1692,79
1523,73
1616,76
1470,72
1565,73
1551,73
1623,76
1645,77
1737,79
1485,71
1638,76
1525,72
1687,79
1534,71
1438,70
1445,70
1671,76
1512,74
1488,72
1638,75
1629,78
1481,71
1617,76
1575,73
1433,70
1628,74
1410,69
1567,73
1672,78
1452,71
1648,76
1460,69
1674,78
1720,79
1770,82
1443,71
1512,71
1587,73
1642,76
1788,82
1646,77
1643,78
1723,79
1538,74
1707,78
1592,76
1432,71
1604,75
1575,76
1720,78
1717,78
1607,74
1758,82
1548,73
1581,71
1713,78
1723,79
1744,82
1593,76
1747,79
1405,68
1625,75
1662,74
1560,75
1503,70
1534,72
1483,70
1728,78
1706,79
1522,74
1705,78
1314,66
1516,73
1792,82
1704,78
1636,78
1586,75
1707,79
1732,79
1708,77
1584,75
1530,73
1838,84
1652,77
1514,72
1589,75
1670,78
1668,76
1691,76
1479,71
1642,77
1657,76
1544,75
1677,79
1634,77
1688,78
1471,72
1485,70
1530,72
1566,74
1660,77
1705,76
1625,74
1654,77
1670,76
1745,79
1735,79
1582,76
1609,73
1535,72
1578,75
1556,72
1653,76
1627,76
1499,71
1467,70
1611,73
1472,71
1625,74
1569,73
1498,70
1669,75
1648,75
1734,80
1605,75
1577,75
1496,72
1727,79
1631,75
1574,72
1582,72
1661,77
1726,80
1717,80
1463,71
1589,75
1575,75
1645,77
1556,74
1511,72
1800,82
1523,73
1507,70
1719,80
1608,75
1511,71
1623,75
1542,73
1676,77
1697,78
1641,75
1578,75
1634,76
1657,78
1651,78
1637,76
1529,70
1542,73
1659,79
1614,73
1568,74
1560,74
1549,72
1477,71
1495,73
1715,79
1510,73
1479,72
1675,75
1326,66
1321,65
1575,75
1824,82
1753,81
1536,71
1710,76
1600,76
1524,72
1569,74
1597,75
1674,76
1691,77
1745,79
1478,68
1396,68
1452,71
1809,83
1640,77
1394,68
1819,83
1510,70
1707,79
1788,82
1797,79
1526,75
1702,78
1767,81
1565,74
1627,75
1675,78
1675,78
1653,79
1619,75
1562,73
1471,71
1667,75
1661,75
1671,79
1638,78
1830,83
1624,74
1668,77
1717,78
1591,76
1625,77
1670,77
1461,71
1681,77
1836,84
1719,77
1440,71
1508,72
1714,79
1582,74
1598,73
1459,69
1648,76
1694,77
1660,76
1708,80
1368,68
1517,72
1568,74
1733,78
1720,79
1427,68
1652,78
1538,72
1564,72
1672,78
1637,76
1726,78
1554,73
1702,76
1591,76
1393,66
1540,72
1346,66
1703,79
1634,75
1623,75
1745,79
1481,72
1551,71
1549,73
1690,78
1445,70
1684,76
1534,71
1399,70
1575,74
1477,69
1752,80
1435,69
1829,80
1544,72
1596,74
1557,73
1714,77
1500,71
1674,76
1751,80
1410,69
1640,78
1617,76
1525,73
1369,67
1581,74
1644,77
1661,77
1531,73
1502,71
1557,73
1637,75
1669,75
1609,76
1624,77
1585,74
1460,71
1428,68
1852,84
1424,69
1613,75
1634,75
1499,70
1667,77
1515,72
1460,71
1693,78
1428,68
1741,81
1612,76
1542,71
1777,82
1565,75
1445,71
1581,73
1560,76
1613,74
1496,71
1483,70
1501,71
1749,79
1448,69
1609,74
1573,73
1566,74
1530,72
1735,80
1676,78
1757,81
1703,77
1497,70
1759,81
1543,73
1596,73
1581,73
1566,71
1632,77
1567,72
1703,77
1513,71
1706,80
1417,69
1696,77
1732,79
1344,66
1607,73
1463,71
1605,75
1508,69
1390,67
1690,77
1584,75
1634,75
1674,76
1464,72
1595,76
1490,71
1563,72
1644,77
1532,72
1748,77
1548,73
1492,72
1369,67
1485,71
1459,70
1631,75
1729,78
1840,83
1547,72
1483,70
1629,74
1509,72
1837,83
1624,77
1611,73
1437,71
1525,71
1531,72
1586,74
1488,71
1568,75
1439,69
1490,72
1494,70
1715,77
1671,76
1840,84
1702,79
1460,70
1609,75
1646,79
1517,69
1570,73
1468,71
1725,81
1735,80
1434,70
1485,70
1508,72
1410,69
1511,71
1624,76
1734,79
1592,74
1504,72
1479,71
1507,73
1540,72
1748,80
1553,74
1401,70
1653,76
1505,70
1612,76
1665,78
1626,76
1580,73
1779,81
1623,73
1647,77
1616,75
1474,69
1606,76
1595,76
1707,80
1637,76
1590,74
1368,66
1624,76
1727,78
1496,72
1604,76
1723,78
1570,74
1754,80
1566,75
1579,74
1566,72
1603,73
1684,77
1578,76
1674,76
1673,76
1679,77
1522,71
1565,69
1746,77
1510,72
1704,78
1462,71
1409,67
1523,70
1680,77
1584,73
1579,74
1714,80
1619,76
1478,72
1660,77
1678,76
1529,72
1598,75
1622,75
1801,81
1569,73
1699,79
1605,74
1612,76
1628,78
1635,73
1530,74
1438,68
1516,71
1483,69
1459,69
1271,64
1668,78
1616,77
1642,76
1687,77
1475,69
1475,73
1705,77
1464,71
1552,72
1724,80
1679,77
1580,74
1452,69
1464,67
1677,74
1634,77
1759,80
1616,74
1564,71
1535,72
1600,74
1406,70
1772,81
1762,82
1850,81
1678,77
1654,77
1595,75
1504,73
1616,74
1771,83
1560,75
1397,69
1461,70
1679,78
1564,71
1469,69
1629,74
1733,80
1568,74
1627,75
1617,74
1715,78
1541,73
1668,74
1567,74
1618,75
1648,75
1667,79
1823,83
1709,79
1699,78
1434,71
1740,81
1589,73
1648,76
1600,74
1430,68
1412,68
1737,80
1426,71
1569,74
1694,76
1500,71
1749,81
1486,69
1760,81
1519,72
1786,82
1649,78
1521,74
1570,75
1634,77
1630,77
1523,73
1613,75
1763,79
1464,70
1556,74
1668,77
1445,69
1623,76
1501,71
1623,75
1668,77
1595,72
1460,71
1503,71
1670,74
1724,78
1571,74
1831,82
1731,81
1586,73
1635,76
1661,78
1758,79
1681,80
1461,72
1727,79
1344,68
1644,77
1642,78
1695,77
1484,68
1577,73
1533,74
1671,76
1548,73
1771,82
1531,73
1579,72
1603,73
1529,72
1840,84
1526,72
1615,73
1580,73
1686,77
1600,74
1734,79
1575,72
1558,73
1767,81
1664,76
1700,79
1645,76
1651,76
1602,75
1759,80
1621,77
1736,80
1637,76
1726,79
1636,76
1523,71
1438,67
1745,80
1687,77
1672,75
1680,77
1556,74
1641,76
1610,76
1746,78
1499,69
1603,73
1739,80
1600,74
1638,77
1512,73
1391,69
1698,77
1533,71
1720,78
1718,80
1708,78
1560,73
1491,71
1700,77
1651,77
1487,70
1664,74
1351,66
1610,76
1612,76
1565,74
1467,71
1773,80
1656,76
1533,72
1735,81
1575,74
1596,74
1344,65
1606,77
1432,68
1453,71
1722,76
1539,75
1424,69
1564,72
1457,68
1674,77
1506,73
1523,74
1506,72
1416,70
1708,77
1500,71
1726,81
1809,83
1495,71
1752,81
1559,74
1402,68
1729,76
1664,77
1767,82
1508,73
1631,75
1584,75
1612,75
1683,79
1836,84
1650,77
1651,78
1772,82
1501,73
1594,72
1439,70
1725,78
1481,72
1544,74
1555,71
1575,74
1764,82
1629,75
1478,70
1737,80
1720,80
1499,69
1675,77
1653,78
1486,71
1604,74
1427,69
1803,81
1477,70
1415,67
1337,66
1459,69
1518,73
1593,74
1524,72
1591,75
1516,70
1596,74
1454,69
1556,74
1601,75
1759,79
1673,77
1667,76
1583,74
1543,71
1601,76
1445,70
1572,74
1753,78
1588,73
1583,74
1714,78
1416,68
1610,74
1627,77
1636,76
1711,79
1606,75
1720,78
1710,80
1608,75
1606,75
1631,78
1432,70
1732,79
1637,76
1592,76
1792,82
1674,76
1580,74
1502,71
1622,75
1466,70
1344,67
1557,73
1403,69
1520,72
1662,76
1675,76
1265,65
1417,68
1592,75
1773,81
1440,70
1748,80
1365,67
1517,71
1590,75
1489,71
1672,76
1611,76
1427,69
1777,82
1553,75
1574,75
1458,70
1573,74
1768,80
1671,77
1550,74
1522,71
1619,75
1467,70
1608,76
1634,75
1622,74
1757,82
1647,78
1459,71
1764,82
1593,74
1771,81
1461,69
1788,80
1697,76
1474,69
1534,73
1575,74
1553,73
1707,80
1601,76
1609,73
1664,76
1586,75
1554,72
1680,76
1664,79
1656,75
1625,77
1762,79
1752,81
1707,81
1551,72
1630,76
1530,70
1548,71
1512,71
1709,78
1485,71
1669,79
1580,75
1570,74
1405,69
1565,73
1710,79
1638,74
1549,73
1644,74
1529,73
1508,72
1706,79
1562,73
1404,69
1532,72
1668,76
1679,78
1458,70
1509,73
1586,73
1599,74
1559,74
1570,73
1406,70
1633,77
1525,73
1817,83
1504,72
1610,75
1686,78
1722,80
1552,73
1527,74
1477,71
1732,80
1767,81
1793,80
1710,80
1467,70
1428,68
1578,74
1639,76
1728,77
1631,77
1722,76
1754,80
1592,76
1481,71
1725,77
1663,77
1646,76
1711,80
1471,70
1641,73
1757,81
1594,75
1544,74
1597,76
1483,69
1523,70
1611,73
1591,74
1660,75
1380,68
1657,76
1576,73
1646,77
1470,71
1591,74
1462,70
1584,73
1441,68
1453,69
1564,74
1443,68
1362,66
1391,67
1530,72
1685,79
1613,76
1646,77
1541,75
1410,68
1763,81
1649,77
1701,78
1705,78
1765,81
1458,69
1508,71
1514,72
1781,80
1642,78
1567,73
1525,72
1599,73
1668,79
1620,75
1544,73
1677,76
1815,83
1498,71
1408,69
1464,68
1477,69
1683,79
1764,78
1677,79
1536,74
1745,80
1653,78
1432,67
1568,73
1334,65
1673,77
1630,76
1664,77
1564,74
1739,80
1462,70
1618,74
1598,74
1576,74
1752,79
1574,73
1577,75
1637,75
1560,73
1564,74
1553,74
1627,76
1544,72
1813,83
1681,79
1683,77
1776,81
1610,75
1785,79
1542,71
1678,78
1551,72
1567,72
1619,74
1489,71
1587,75
1459,70
1367,68
1552,73
1678,76
1614,74
1462,70
1614,75
1464,70
1591,74
1476,70
1664,74
1587,73
1394,65
1562,73
1390,68
1514,72
1784,82
1506,69
1630,75
1582,75
1738,80
1693,78
1737,80
1543,73
1609,77
1623,74
1677,79
1678,76
1623,76
1680,78
1594,76
1379,70
1538,72
1575,75
1665,77
1740,80
1789,81
1465,69
1508,70
1651,77
1460,69
1723,80
1723,79
1572,73
1561,73
1675,76
1551,73
1598,75
1711,78
1511,72
1721,79
1642,76
1679,78
1641,72
1540,73
1572,73
1707,79
1604,74
1535,74
1343,66
1565,72
1531,72
1577,75
1676,78
1663,76
1372,68
1610,76
1674,78
1651,79
1713,77
1720,80
1601,76
1655,78
1631,73
1395,68
1601,74
1633,76
1746,78
1508,72
1533,73
1610,75
1526,70
1505,72
1750,81
1522,73
1631,76
1607,76
1641,75
1488,71
1797,81
1812,83
1577,74
1588,75
1438,70
1531,74
1742,81
1339,65
1492,69
1562,72
1473,70
1464,69
1512,72
1600,74
1725,81
1567,75
1460,68
1496,70
1377,68
1585,76
1569,75
1575,73
1693,79
1578,74
1470,70
1630,71
1609,74
1547,73
1510,71
1723,80
1397,69
1608,75
1665,76
1654,78
1450,67
1581,74
1759,82
1608,75
1732,81
1454,70
1481,70
1517,71
1669,76
1512,70
1528,73
1743,78
1455,69
1626,75
1605,75
1565,73
1586,74
1595,74
1740,79
1536,73
1517,72
1712,78
1519,73
1529,72
1725,80
1796,83
1699,79
1697,80
1709,77
1689,79
1527,72
1536,72
1759,80
1696,77
1539,73
1554,74
1530,75
1588,74
1627,76
1545,72
1703,76
1573,72
1703,81
1463,68
1396,68
1568,73
1488,71
1563,74
1630,76
1588,73
1636,76
1535,72
1627,76
1753,79
1654,76
1554,73
1554,73
1693,75
1622,74
1483,70
1691,80
1792,82
1636,75
1538,73
1593,73
1608,75
1691,79
1483,70
1532,73
1554,75
1645,75
1673,77
1685,76
1647,75
1780,79
1425,69
1503,71
1572,72
1539,76
1509,71
1763,81
1526,71
1403,69
1659,78
1698,77
1484,72
1516,72
1482,71
1665,77
1720,81
1597,73
1526,72
1666,79
1384,67
1846,84
1701,79
1606,75
1625,75
1519,74
1306,66
1636,75
1559,75
1470,71
1581,76
1577,73
1726,80
1512,73
1688,77
1522,71
1634,75
1689,78
1668,77
1636,73
1651,76
1644,78
1476,70
1727,80
1557,73
1656,77
1547,72
1659,78
1479,70
1576,74
1728,77
1752,78
1558,72
1703,79
1379,67
1726,79
1444,69
1606,74
1586,75
1681,79
1622,76
1452,69
1565,73
1589,76
1688,78
1773,80
1475,71
1577,75
1538,72
1575,76
1551,73
1496,71
1558,73
1610,74
1584,74
1523,72
1483,67
1539,74
1643,76
1590,74
1621,77
1643,76
1511,72
1846,84
1520,72
1809,81
1623,77
1430,70
1691,77
1553,72
1559,74
1448,71
1661,78
1629,76
1752,81
1783,81
1595,72
1544,72
1284,66
1551,72
1746,81
1541,73
1405,66
1662,78
1765,78
1633,75
1718,79
1640,77
1427,70
1577,75
1474,70
1625,75
1627,76
1511,69
1690,78
1573,74
1616,74
1540,73
1640,75
1523,71
1737,81
1775,81
1690,78
1707,79
1324,66
1713,79
1674,75
1485,69
1578,72
1543,74
1680,78
1660,75
1580,73
1342,65
1776,82
1365,68
1512,74
1590,75
1653,78
1475,69
1519,71
1617,77
1697,78
1447,70
1552,71
1787,82
1600,75
1570,75
1410,69
1553,71
1689,77
1571,74
1592,75
1549,73
1532,71
1756,78
1571,73
1606,73
1709,77
1648,74
1658,77
1440,70
1777,82
1487,71
1293,66
1494,70
1769,79
1529,73
1830,83
1516,72
1478,71
1488,71
1756,81
1463,72
1659,75
1575,74
1559,73
1508,72
1370,69
1633,75
1687,79
1713,77
1619,75
1507,70
1634,76
1621,75
1532,72
1646,76
1554,72
1642,78
1703,80
1695,80
1582,75
1466,70
1596,74
1628,77
1511,71
1771,80
1446,70
1669,78
1568,74
1637,75
1704,79
1534,71
1591,75
1413,71
1668,77
1589,72
1628,75
1620,77
1472,69
1583,75
1692,79
1685,77
1491,71
1575,72
1604,75
1439,69
1802,81
1526,72
1545,76
1587,75
1607,75
1495,70
1521,71
1718,78
1592,75
1550,73
1555,73
1602,75
1622,75
1468,71
1695,77
1545,72
1639,76
1781,79
1406,68
1380,68
1670,78
1537,70
1678,77
1620,74
1713,78
1527,71
1672,78
1663,76
1530,70
1588,73
1491,71
1689,77
1746,77
1726,80
1431,70
1537,73
1647,75
1637,76
1560,72
1688,78
1621,77
1401,65
1610,76
1510,72
1581,72
1654,77
1691,77
1644,76
1658,78
1589,72
1551,72
1553,72
1542,74
1623,76
1556,74
1707,78
1663,77
1502,69
1583,73
1604,76
1510,72
1589,75
1712,78
1617,75
1719,80
1699,79
1395,67
1536,71
1562,73
1661,78
1485,70
1592,75
1442,70
1536,72
1355,68
1534,73
1609,75
1399,69
1544,73
1693,79
1460,71
1531,74
1679,75
1545,73
1607,76
1563,75
1626,77
1551,74
1591,75
1747,79
1449,70
1406,69
1659,78
1582,72
1422,69
1559,75
1339,67
1524,72
1500,73
1664,77
1628,76
1579,75
1521,73
1631,76
1614,75
1753,79
1486,70
1695,80
1672,76
1636,77
1569,74
1613,76
1599,73
1667,76
1514,71
1532,70
1534,72
1748,79
1579,73
1572,74
1669,76
1733,79
1638,77
1667,78
1769,82
1627,76
1444,70
1600,74
1707,79
1573,73
1639,76
1608,75
1416,69
1722,78
1744,79
1414,67
1478,72
1706,77
1701,79
1719,79
1665,75
1746,80
1810,83
1670,77
1413,66
1393,69
1660,76
1532,75
1408,68
1481,70
1700,80
1555,73
1748,81
1575,75
1552,74
1738,79
1561,74
1666,77
1614,74
1515,74
1474,72
1610,75
1626,76
1741,80
1517,71
1536,74
1553,74
1619,76
1518,72
1600,74
1747,80
1742,80
1533,73
1805,82
1527,73
1836,84
1431,68
1608,75
1545,73
1688,76
1503,72
1698,79
1476,70
1740,80
1510,72
1636,76
1553,73
1721,80
1569,73
1704,79
1666,77
1388,69
1688,79
1331,65
1597,74
1762,81
1766,80
1520,73
1571,74
1647,76
1517,73
1504,71
1743,80
1597,75
1711,77
1672,76
1609,76
1389,68
1602,75
1556,73
1508,71
1487,69
1593,76
1609,75
1572,74
1664,76
1765,81
1593,75
1658,78
1448,70
1645,77
1671,79
1745,81
1537,74
1620,74
1724,78
1667,79
1824,83
1473,71
1567,75
1641,74
1737,77
1617,75
1633,78
1630,72
1601,74
1621,75
1666,77
1573,74
1515,73
1584,72
1449,70
1776,80
1573,74
1590,73
1588,74
1772,81
1511,72
1590,75
1576,73
1572,73
1702,79
1451,70
1649,74
1495,71
1650,75
1610,74
1579,74
1571,74
1566,73
1671,78
1485,71
1657,78
1711,80
1564,74
1778,81
1548,73
1723,79
1554,73
1711,78
1580,74
1601,73
1552,71
1702,79
1486,68
1700,77
1638,75
1485,72
1477,70
1606,77
1699,76
1757,82
1672,76
1568,73
1606,74
1635,76
1673,75
1556,73
1631,73
1527,72
1646,76
1640,74
1714,79
1658,75
1698,79
1652,76
1574,73
1759,78
1788,81
1532,72
1639,78
1537,73
1512,73
1636,76
1483,70
1475,69
1665,76
1608,74
1728,80
1628,75
1606,74
1682,78
1517,73
1557,72
1677,76
1702,77
1642,75
1670,76
1515,72
1509,70
1414,68
1726,78
1519,72
1482,72
1707,79
1486,71
1712,80
1673,77
1656,78
1747,79
1513,70
1668,76
1692,78
1748,79
1533,72
1479,70
1667,77
1617,77
1522,73
1686,78
1745,78
1614,75
1458,70
1505,72
1646,77
1413,67
1777,80
1652,77
1327,65
1627,74
1524,70
1777,82
1625,75
1408,68
1639,79
1632,76
1524,73
1437,69
1681,75
1781,81
1516,72
1748,81
1535,72
1636,76
1343,66
1498,69
1810,81
1562,73
1561,73
1633,76
1447,69
1484,71
1544,71
1669,79
1518,70
1600,73
1800,81
1545,73
1566,73
1608,74
1491,72
1520,72
1497,72
1517,70
1441,72
1467,71
1585,74
1591,75
1710,80
1617,73
1510,72
1728,80
1563,75
1865,82
1554,74
1654,77
1647,75
1436,71
1786,80
1725,79
1601,76
1758,80
1723,79
1446,71
1773,79
1573,74
1653,77
1645,78
1795,82
1678,78
1396,68
1292,64
1739,80
1689,78
1698,78
1707,76
1652,75
1599,73
1563,73
1655,76
1734,81
1531,74
1559,74
1596,74
1555,72
1537,73
1459,72
1597,74
1569,72
1654,75
1547,74
1555,74
1568,74
1416,69
1543,72
1542,74
1550,74
1559,72
1349,68
1487,71
1680,77
1633,76
1489,70
1514,72
1541,74
1769,82
1437,71
1723,79
1561,76
1415,68
1422,66
1461,69
1781,80
1610,75
1647,77
1722,76
1652,77
1672,76
1722,78
1538,71
1616,76
1521,71
1636,77
1661,76
1543,72
1612,74
1554,72
1602,74
1636,76
1378,69
1639,77
1597,74
1694,80
1570,73
1598,74
1486,73
1673,77
1469,70
1518,71
1694,76
1722,80
1448,70
1648,76
1551,74
1439,67
1434,68
1575,73
1471,72
1525,72
1506,70
1504,72
1387,67
1490,71
1705,78
1487,73
1667,76
1634,75
1476,70
1545,72
1558,74
1728,80
1629,75
1555,74
1578,74
1501,73
1547,74
1502,70
1609,75
1737,78
1597,74
1771,82
1556,74
1596,77
1604,75
1799,83
1710,80
1711,77
1617,75
1597,73
1617,75
1668,76
1720,80
1592,76
1404,66
1607,75
1632,75
1595,76
1533,73
1526,73
1592,73
1662,77
1607,74
1539,72
1540,72
1667,77
1713,77
1571,74
1651,75
1612,74
1549,72
1561,75
1561,74
1531,72
1456,70
1651,78
1552,71
1665,77
1509,70
1649,77
1399,70
1529,73
1571,73
1507,71
1583,75
1567,75
1535,72
1592,75
1611,76
1445,70
1550,74
1533,71
1580,74
1620,76
1602,75
1574,73
1684,76
1631,74
1534,73
1533,73
1483,70
1524,73
1556,73
1526,73
1479,70
1521,73
1529,73
1609,75
1631,76
1800,80
1627,75
1709,80
1577,72
1604,75
1585,75
1734,77
1529,73
1685,79
1682,78
1698,78
1725,78
1534,73
1572,73
1466,69
1565,73
1587,73
1406,70
1600,75
1565,73
1451,72
1671,78
1482,72
1599,74
1423,72
1506,71
1799,81
1429,70
1700,81
1713,79
1641,76
1514,73
1850,84
1507,69
1746,80
1522,73
1775,81
1741,78
1583,75
1410,71
1527,72
1519,70
1661,75
1656,78
1534,72
1577,74
1412,70
1393,69
1760,81
1448,69
1457,69
1634,76
1675,77
1418,68
1635,74
1503,72
1643,76
1646,76
1614,75
1665,79
1491,72
1449,69
1605,74
1536,75
1362,68
1673,76
1719,79
1508,73
1475,70
1640,77
1620,74
1707,77
1454,70
1508,71
1561,72
1526,74
1649,76
1598,75
1527,73
1462,71
1469,71
1482,72
1699,79
1789,82
1468,71
1711,78
1658,74
1649,77
1540,71
1650,77
1503,71
1490,69
1569,73
1575,74
1521,73
1475,72
1591,74
1546,70
1638,76
1663,77
1510,71
1434,71
1442,68
1714,78
1550,73
1545,71
1643,77
1593,74
1739,79
1600,73
1514,70
1693,77
1625,75
1652,77
1474,67
1500,71
1524,72
1494,73
1465,71
1604,74
1774,80
1560,73
1767,78
1555,73
1624,75
1496,71
1478,70
1405,69
1686,76
1473,71
1710,76
1596,75
1624,75
1699,79
1464,71
1592,74
1482,72
1554,74
1619,77
1442,69
1645,76
1690,78
1542,73
1411,68
1513,70
1708,80
1416,70
1753,79
1556,73
1582,74
1723,78
1538,74
1571,74
1612,74
1555,74
1646,75
1696,78
1431,71
1687,78
1505,70
1483,72
1715,80
1600,75
1799,82
1541,72
1604,76
1471,71
1545,73
1808,83
1471,69
1456,69
1584,73
1227,65
1676,77
1619,76
1551,73
1662,77
1741,80
1480,71
1749,78
1626,76
1611,75
1607,74
1707,78
1651,77
1742,79
1753,79
1631,76
1481,69
1537,73
1575,74
1613,78
1498,71
1550,73
1730,80
1712,79
1568,75
1627,74
1675,75
1639,75
1472,71
1520,72
1609,73
1647,77
1532,72
1804,82
1565,75
1451,71
1616,75
1586,73
1549,74
1550,74
1495,71
1772,81
1515,71
1448,69
1567,74
1423,68
1497,71
1631,77
1670,75
1485,71
1627,74
1475,70
1533,73
1561,71
1531,71
1728,80
1733,78
1590,73
1571,74
1412,68
1705,80
1694,76
1503,71
1641,77
1599,75
1354,66
1630,74
1554,71
1604,77
1594,75
1480,71
1460,71
1762,80
1583,74
1556,74
1577,73
1692,78
1652,76
1559,74
1858,84
1525,70
1549,73
1759,80
1531,74
1682,79
1569,73
1525,72
1752,82
1519,73
1647,77
1746,82
1653,79
1554,74
1537,72
1599,75
1779,82
1421,71
1526,71
1410,68
1406,66
1620,77
1576,75
1682,76
1661,77
1431,70
1607,75
1526,72
1610,76
1707,77
1716,79
1761,77
1570,75
1566,74
1610,74
1622,73
1541,71
1578,72
1625,75
1643,76
1451,72
1682,79
1462,70
1494,70
1398,68
1720,78
1530,73
1826,84
1656,76
1661,79
1549,73
1542,71
1482,69
1737,78
1459,72
1657,76
1566,72
1495,71
1677,79
1489,71
1649,77
1698,76
1583,73
1610,76
1522,73
1545,72
1489,69
1762,82
1650,76
1589,76
1697,78
1508,71
1588,76
1600,76
1520,71
1544,75
1575,74
1628,74
1500,70
1695,79
1634,77
1632,75
1526,71
1544,70
1360,65
1622,74
1522,71
1633,72
1711,80
1681,78
1604,74
1680,76
1525,72
1571,73
1674,79
1536,71
1769,82
1564,74
1481,70
1522,70
1642,77
1490,70
1583,75
1448,69
1454,70
1552,72
1703,81
1625,75
1569,75
1670,79
1651,75
1557,75
1661,74
1614,75
1590,73
1786,83
1475,70
1570,74
1675,78
1565,73
1506,72
1624,76
1663,78
1520,73
1513,70
1625,76
1554,73
1710,76
1586,75
1616,78
1519,69
1671,77
1524,72
1681,76
1455,69
1531,71
1722,78
1689,78
1597,72
1721,78
1646,75
1471,71
1801,82
1586,72
1503,70
1636,75
1526,74
1752,82
1614,76
1724,79
1624,78
1531,73
1594,75
1594,76
1503,71
1688,76
1552,74
1654,79
1630,76
1480,69
1462,71
1440,68
1501,71
1435,68
1413,68
1761,80
1573,73
1556,73
1564,72
1605,74
1552,73
1636,76
1490,72
1595,75
1452,71
1811,83
1497,70
1358,67
1516,72
1561,72
1376,66
1564,72
1487,69
1420,69
1563,74
1648,76
1691,79
1719,77
1606,74
1704,77
1561,73
1701,80
1448,69
1590,74
1582,72
1548,74
1603,77
1576,75
1501,72
1801,82
1455,68
1580,74
1619,75
1555,74
1496,71
1800,80
1543,72
1573,73
1731,80
1529,71
1727,77
1801,82
1752,81
1367,65
1507,74
1607,74
1731,79
1499,71
1651,75
1706,77
1423,67
1661,75
1535,71
1558,72
1592,74
1456,71
1664,78
1649,76
1738,77
1622,74
1643,78
1625,75
1738,79
1481,71
1549,73
1647,76
1614,75
1796,82
1569,73
1532,72
1411,67
1771,83
1588,74
1655,75
1762,80
1617,74
1521,70
1556,71
1419,69
1540,73
1828,79
1699,79
1510,70
1458,70
1709,78
1693,78
1499,70
1651,78
1628,76
1483,72
1757,82
1707,76
1739,78
1586,74
1703,77
1604,74
1612,73
1640,75
1795,81
1570,73
1459,67
1728,79
1504,71
1809,83
1754,81
1525,70
1498,71
1404,70
1548,72
1596,75
1558,74
1753,80
1624,75
1602,75
1463,70
1496,71
1769,82
1753,82
1538,70
1606,74
1601,74
1466,72
1523,72
1477,72
1618,76
1482,70
1635,75
1515,72
1774,82
1637,76
1648,74
1476,72
1626,75
1528,73
1522,73
1459,70
1571,74
1621,74
1666,77
1555,74
1775,80
1654,77
1658,76
1699,79
1631,73
1606,75
1614,75
1550,73
1509,74
1555,71
1522,72
1807,83
1547,72
1658,78
1528,70
1453,67
1788,83
1487,72
1589,73
1617,72
1492,71
1551,73
1676,77
1526,71
1609,74
1707,78
1615,75
1558,71
1668,78
1520,73
1752,78
1524,70
1828,84
1824,84
1484,70
1415,66
1648,75
1554,73
1756,80
1405,66
1634,74
1611,74
1527,71
1633,76
1578,73
1526,72
1552,73
1458,68
1476,69
1560,71
1622,75
1598,72
1529,71
1648,78
1642,76
1586,74
1382,67
1583,73
1565,73
1525,70
1730,80
1564,72
1576,71
1477,72
1659,80
1420,67
1633,74
1726,81
1752,82
1514,71
1379,68
1625,74
1581,73
1640,76
1542,72
1713,77
1599,75
1667,77
1435,67
1357,67
1546,74
1487,73
1687,78
1673,79
1592,76
1604,74
1614,75
1666,77
1658,75
1697,78
1560,73
1461,70
1572,74
1689,76
1581,75
1575,74
1660,76
1443,70
1537,72
1730,78
1471,70
1603,73
1736,77
1482,72
1478,70
1490,69
1620,75
1510,71
1528,73
1515,70
1633,78
1522,72
1565,73
1558,73
1470,70
1633,75
1701,78
1720,79
1704,75
1630,74
1631,78
1652,79
1788,83
1638,77
1554,74
1455,72
1775,82
1824,84
1563,74
1503,73
1473,68
1429,69
1596,76
1804,79
1568,74
1594,75
1489,73
1656,77
1647,76
1561,72
1674,76
1672,77
1809,81
1548,71
1533,72
1507,73
1625,75
1457,70
1726,80
1722,81
1496,72
1587,74
1609,75
1724,81
1715,79
1654,74
1624,76
1735,80
1550,72
1615,74
1587,75
1555,74
1648,77
1470,69
1687,76
1551,74
1468,69
1491,72
1520,72
1832,84
1527,71
1657,77
1552,73
1467,70
1470,69
1798,79
1548,73
1587,73
1616,74
1718,80
1578,74
1590,76
1618,75
1668,77
1512,71
1656,75
1540,69
1588,75
1625,75
1594,76
1566,74
1617,75
1538,72
1593,73
1569,75
1719,81
1482,71
1682,76
1564,73
1686,76
1673,77
1535,73
1587,74
1493,71
1539,72
1739,82
1457,71
1655,76
1555,72
1525,72
1541,72
1542,73
1817,83
1606,75
1460,69
1549,72
1580,74
1542,72
1606,74
1570,76
1621,77
1677,78
1768,83
1627,75
1456,71
1551,72
1604,74
1614,74
1402,68
1659,77
1638,74
1395,68
1724,79
1518,70
1499,70
1462,72
1368,66
1501,72
1509,72
1424,69
1624,76
1531,75
1495,72
1668,77
1629,78
1504,71
1573,75
1572,73
1544,74
1616,76
1562,75
1480,70
1615,76
1479,70
1498,70
1552,74
1541,73
1442,71
1566,73
1580,73
1436,68
1445,68
1500,71
1652,75
1559,74
1614,75
1526,72
1657,77
1527,73
1532,72
1570,74
1431,70
1613,77
1469,70
1708,78