1389,61
1344,60
1332,57
1361,57
1376,60
1456,63
1188,57
1451,61
1401,61
1450,63
1412,64
1304,59
1488,62
1490,64
1317,57
1460,62
1375,62
1470,63
1399,62
1430,63
1355,61
1561,65
1467,61
1347,61
1378,61
1431,61
1377,59
1387,60
1450,63
1425,60
1358,59
1359,57
1394,61
1370,58
1555,64
1504,61
1353,60
1476,63
1457,61
1412,60
1324,60
1245,56
1314,58
1436,62
1345,58
1416,64
1333,57
1422,59
1520,64
1352,60
1394,61
1442,62
1256,57
1478,61
1285,58
1390,59
1433,60
1371,61
1266,59
1538,65
1418,62
1370,60
1306,57
1407,60
1261,58
1510,66
1317,60
1441,63
1323,58
1495,65
1306,58
1536,64
1531,66
1490,64
1340,60
1492,64
1382,61
1468,63
1575,66
1615,66
1404,59
1346,58
1348,58
1460,63
1381,59
1277,58
1315,58
1394,59
1471,62
1519,64
1208,56
1314,61
1457,62
1366,62
1461,64
1465,63
1411,61
1436,61
1363,59
1439,64
1415,61
1311,59
1477,64
1383,61
1396,58
1295,59
1448,64
1278,55
1316,58
1324,59
1463,63
1434,62
1378,60
1384,63
1355,59
1336,60
1493,64
1412,61
1399,60
1306,56
1437,62
1445,65
1419,61
1341,59
1514,64
1296,57
1563,67
1403,61
1484,61
1376,60
1337,55
1539,62
1394,60
1319,59
1253,57
1487,64
1338,59
1463,62
1475,61
1334,57
1487,62
1469,60
1227,55
1459,62
1358,57
1490,62
1605,66
1399,59
1342,58
1291,56
1461,61
1345,60
1395,60
1447,62
1405,62
1503,63
1260,57
1567,65
1443,62
1281,57
1440,61
1345,58
1431,61
1456,62
1512,62
1488,63
1341,59
1540,67
1383,58
1450,62
1421,60
1364,58
1472,60
1446,61
1364,59
1469,63
1415,63
1445,62
1441,63
1512,63
1488,65
1420,61
1487,63
1364,58
1405,61
1430,62
1395,59
1449,63
1558,65
1421,61
1408,60
1337,59
1385,60
1451,62
1456,62
1390,60
1441,61
1466,63
1302,58
1475,62
1350,57
1518,63
1519,60
1430,59
1420,62
1401,59
1504,64
1592,64
1492,63
1312,58
1461,63
1452,63
1415,60
1324,60
1445,61
1353,59
1489,62
1446,60
1229,53
1464,62
1425,59
1314,58
1387,61
1512,61
1203,52
1610,65
1496,62
1531,65
1583,67
1432,60
1400,61
1337,60
1389,59
1420,61
1441,63
1419,60
1337,58
1410,62
1414,59
1438,60
1436,62
1395,59
1385,60
1563,66
1459,64
1494,62
1365,58
1299,57
1497,62
1291,59
1513,63
1533,64
1382,60
1432,60
1238,57
1398,60
1524,64
1289,55
1501,63
1335,59
1431,63
1408,60
1543,65
1560,65
1426,63
1498,64
1346,59
1494,65
1291,57
1346,58
1556,65
1358,58
1417,63
1442,61
1559,64
1520,64
1345,59
1410,62
1366,59
1364,58
1294,58
1293,57
1332,61
1461,63
1507,65
1288,58
1460,63
1387,60
1428,62
1317,57
1351,59
1469,62
1325,59
1498,60
1315,58
1339,58
1411,62
1510,65
1435,60
1501,63
1453,64
1425,61
1309,56
1361,57
1447,60
1420,61
1506,62
1172,54
1301,58
1358,59
1381,61
1467,61
1350,59
1278,56
1481,63
1339,58
1356,59
1453,62
1529,64
1386,62
1335,58
1578,65
1480,63
1349,57
1356,60
1477,63
1432,61
1461,63
1332,57
1273,56
1461,61
1452,61
1489,61
1484,62
1468,63
1365,59
1503,64
1489,61
1426,61
1461,64
1391,61
1435,61
1515,64
1515,65
1407,62
1381,61
1356,61
1398,61
1375,61
1471,65
1470,61
1408,60
1375,60
1424,60
1421,59
1594,66
1453,62
1457,61
1402,61
1296,57
1530,64
1481,64
1496,63
1447,63
1532,64
1436,60
1286,55
1390,62
1521,62
1247,55
1461,62
1483,61
1361,59
1494,62
1390,62
1543,65
1408,59
1353,58
1476,63
1452,62
1341,61
1355,60
1378,59
1407,60
1430,62
1358,61
1505,66
1466,63
1275,56
1400,60
1280,56
1430,59
1506,62
1449,62
1397,63
1472,62
1484,63
1336,60
1303,58
1405,60
1351,60
1559,63
1397,62
1468,62
1380,59
1350,60
1455,60
1489,64
1386,59
1562,64
1440,59
1177,52
1333,57
1478,62
1423,59
1498,63
1472,65
1294,59
1444,61
1453,64
1435,62
1407,61
1490,62
1414,60
1440,59
1377,61
1465,62
1416,61
1430,62
1424,61
1440,61
1563,65
1462,64
1369,60
1576,66
1454,65
1403,60
1435,62
1472,65
1425,59
1542,66
1459,62
1467,62
1351,59
1499,64
1391,60
1354,61
1414,62
1331,58
1533,63
1430,61
1462,62
1377,60
1332,58
1334,60
1508,63
1478,61
1489,64
1504,64
1532,63
1471,62
1401,60
1529,65
1290,57
1409,58
1417,62
1413,62
1370,61
1360,59
1456,61
1295,61
1440,62
1449,62
1230,55
1360,60
1433,62
1532,63
1349,61
1288,55
1362,60
1397,63
1316,59
1330,58
1354,60
1387,62
1494,64
1404,59
1457,61
1438,63
1433,62
1514,63
1498,63
1390,60
1368,58
1339,59
1522,64
1358,60
1415,61
1343,59
1354,60
1425,63
1515,65
1302,58
1425,61
1416,59
1320,58
1299,59
1450,61
1520,64
1381,60
1429,59
1478,65
1489,63
1304,59
1554,65
1357,59
1366,60
1541,66
1461,62
1395,58
1324,58
1539,64
1338,58
1394,61
1407,60
1306,58
1358,61
1436,62
1357,61
1316,60
1377,61
1464,63
1494,63
1308,57
1414,62
1289,56
1430,59
1207,53
1442,60
1332,58
1396,60
1473,63
1303,59
1423,61
1405,59
1390,59
1474,62
1501,65
1292,55
1419,59
1341,60
1463,63
1329,58
1447,61
1400,61
1416,63
1398,61
1387,61
1271,56
1404,60
1469,63
1511,62
1459,62
1468,63
1384,61
1481,61
1500,65
1330,58
1444,62
1309,59
1397,60
1352,58
1313,58
1503,63
1239,55
1483,61
1431,60
1403,60
1438,63
1392,60
1440,62
1458,62
1400,58
1401,61
1415,59
1476,61
1505,65
1518,64
1255,58
1439,63
1352,60
1529,63
1411,60
1487,64
1502,62
1428,62
1272,56
1392,60
1500,64
1469,61
1472,63
1443,62
1505,63
1506,63
1438,63
1295,57
1385,60
1332,58
1183,55
1564,65
1363,59
1380,62
1338,59
1497,65
1566,67
1491,63
1354,56
1492,63
1486,62
1353,58
1374,61
1427,61
1450,62
1338,57
1498,61
1476,61
1402,61
1448,62
1375,59
1438,61
1433,63
1347,58
1567,66
1310,55
1331,60
1482,64
1474,64
1491,63
1531,64
1447,62
1288,58
1421,63
1540,64
1442,62
1395,59
1432,62
1450,62
1543,64
1462,60
1457,64
1373,60
1460,62
1424,63
1435,62
1317,60
1586,66
1490,61
1520,63
1450,62
1333,58
1374,58
1357,58
1470,62
1250,58
1290,57
1472,63
1354,59
1430,60
1405,60
1405,60
1389,58
1333,60
1478,64
1403,61
1449,62
1422,59
1389,58
1445,61
1320,60
1437,62
1539,63
1382,61
1312,59
1297,56
1356,60
1358,60
1386,58
1515,63
1354,60
1498,63
1356,59
1478,62
1395,61
1343,58
1263,55
1484,61
1300,59
1382,58
1499,64
1418,61
1429,61
1318,58
1500,63
1500,65
1464,60
1460,63
1376,60
1397,60
1525,64
1414,60
1390,60
1314,57
1526,64
1501,63
1482,64
1611,66
1520,62
1516,62
1453,65
1280,59
1278,57
1439,61
1321,59
1385,61
1451,61
1581,66
1414,61
1474,62
1612,67
1358,61
1472,62
1415,60
1466,63
1490,62
1339,57
1386,61
1552,64
1519,63
1452,63
1528,65
1465,62
1394,59
1410,61
1347,58
1390,59
1338,58
1416,62
1373,60
1276,57
1393,61
1393,59
1595,64
1466,62
1311,58
1353,58
1362,60
1485,65
1300,57
1454,63
1478,60
1504,64
1378,60
1407,61
1603,66
1457,63
1408,61
1439,61
1315,57
1461,64
1494,64
1412,61
1457,63
1385,60
1284,55
1308,57
1359,58
1462,62
1369,60
1511,63
1499,64
1440,62
1439,62
1472,62
1373,60
1366,61
1479,63
1461,66
1382,61
1331,58
1462,64
1549,64
1393,60
1361,58
1362,60
1503,64
1338,60
1338,58
1354,58
1480,63
1407,61
1451,62
1437,58
1384,59
1340,58
1402,61
1504,63
1271,57
1517,64
1549,65
1536,65
1518,63
1391,59
1298,58
1384,59
1365,59
1481,62
1480,63
1517,64
1387,59
1329,55
1486,63
1464,60
1444,62
1439,61
1470,61
1305,60
1404,60
1298,57
1321,57
1413,61
1566,62
1391,61
1370,59
1469,61
1537,65
1335,58
1463,61
1356,59
1431,61
1558,66
1353,60
1610,66
1468,64
1497,62
1518,65
1416,61
1366,59
1508,65
1452,62
1476,62
1442,60
1353,59
1470,61
1415,60
1265,55
1594,67
1337,61
1393,59
1446,61
1438,61
1526,65
1381,62
1348,59
1414,58
1389,59
1611,66
1297,58
1377,61
1382,56
1429,61
1407,60
1347,59
1520,64
1436,60
1464,62
1353,59
1396,60
1372,60
1441,61
1357,61
1352,59
1505,63
1389,58
1440,61
1460,61
1497,61
1491,65
1438,60
1496,63
1451,63
1437,61
1446,62
1413,60
1481,63
1378,60
1465,62
1388,61
1352,60
1496,62
1377,61
1533,63
1505,64
1373,58
1445,62
1434,59
1291,58
1268,55
1402,60
1495,63
1468,63
1382,59
1511,64
1429,60
1418,62
1426,60
1502,62
1309,58
1400,60
1521,64
1188,52
1603,66
1560,66
1348,59
1373,61
1364,61
1385,61
1475,63
1426,62
1357,60
1261,55
1449,60
1410,61
1475,64
1268,55
1502,66
1485,63
1592,66
1385,61
1491,63
1488,62
1466,63
1408,61
1394,61
1510,64
1490,65
1320,57
1311,57
1401,58
1438,60
1454,63
1531,65
1426,62
1465,61
1344,57
1480,63
1475,63
1376,59
1524,63
1373,61
1313,58
1428,61
1397,61
1437,62
1396,62
1524,64
1458,63
1478,63
1435,62
1368,61
1429,61
1359,59
1401,61
1360,58
1381,62
1299,58
1325,58
1381,58
1377,60
1431,64
1386,61
1362,58
1467,62
1429,61
1423,60
1509,64
1640,65
1414,58
1369,60
1417,58
1427,61
1361,59
1428,61
1480,63
1500,63
1367,58
1439,62
1283,55
1398,61
1371,60
1443,62
1460,61
1404,63
1379,63
1376,59
1394,62
1376,60
1378,60
1467,63
1418,62
1516,64
1341,59
1385,59
1275,60
1407,60
1335,58
1465,61
1410,60
1271,58
1349,62
1356,57
1313,58
1367,61
1549,64
1388,62
1577,64
1562,64
1439,62
1337,58
1497,62
1373,59
1374,59
1342,59
1360,59
1395,61
1462,63
1308,58
1370,60
1495,61
1470,62
1365,59
1374,59
1445,59
1355,57
1501,62
1458,60
1450,60
1451,62
1323,57
1409,61
1460,64
1440,61
1483,62
1611,65
1396,58
1316,56
1454,62
1316,57
1466,63
1401,60
1384,59
1452,63
1505,63
1321,58
1439,63
1372,60
1318,58
1426,61
1328,59
1424,61
1364,59
1280,56
1356,59
1277,57
1433,62
1528,65
1344,59
1313,56
1525,64
1425,62
1243,57
1596,65
1320,59
1371,60
1534,65
1358,59
1490,63
1457,62
1354,59
1385,58
1348,59
1426,61
1433,60
1328,58
1387,59
1437,63
1339,57
1361,59
1350,57
1501,64
1502,62
1533,65
1438,61
1379,59
1379,60
1505,64
1498,63
1408,62
1334,58
1455,63
1385,59
1309,57
1392,61
1282,56
1470,63
1404,60
1300,58
1402,60
1479,61
1603,65
1350,58
1413,61
1440,61
1479,61
1410,60
1390,62
1407,61
1446,61
1364,59
1379,59
1317,57
1389,60
1229,56
1351,59
1418,61
1371,59
1456,62
1479,65
1501,63
1376,60
1352,57
1454,62
1481,62
1529,64
1468,62
1347,58
1410,63
1499,64
1330,59
1323,59
1316,60
1329,58
1524,65
1411,61
1280,59
1523,63
1403,61
1473,64
1411,60
1402,61
1427,61
1317,59
1405,58
1229,55
1378,61
1519,64
1476,62
1392,58
1358,58
1411,60
1493,63
1432,59
1605,66
1461,62
1446,62
1578,66
1486,62
1364,59
1402,59
1485,63
1515,62
1350,60
1473,63
1417,61
1319,57
1507,65
1321,60
1223,54
1403,61
1416,59
1400,59
1488,62
1498,63
1466,64
1417,60
1473,63
1448,63
1357,59
1438,64
1502,64
1512,64
1408,60
1523,65
1459,63
1328,56
1414,62
1312,57
1358,61
1513,64
1429,63
1516,60
1493,64
1367,59
1482,63
1316,58
1395,61
1404,59
1326,56
1468,61
1211,56
1524,64
1570,67
1456,61
1564,63
1460,63
1448,63
1491,63
1473,64
1270,57
1356,60
1415,59
1479,63
1479,61
1465,62
1403,60
1402,60
1395,59
1488,63
1398,61
1397,60
1514,64
1601,65
1309,59
1608,67
1537,65
1202,56
1309,56
1268,54
1349,56
1425,61
1374,59
1345,60
1403,61
1470,64
1396,62
1235,55
1473,63
1383,58
1428,60
1420,62
1397,61
1376,60
1531,63
1458,63
1543,63
1311,57
1341,58
1310,57
1348,59
1493,64
1446,62
1353,60
1233,54
1167,54
1395,59
1549,65
1523,65
1360,60
1466,61
1479,62
1423,61
1458,64
1341,58
1388,60
1337,58
1416,60
1423,62
1403,60
1386,61
1397,60
1417,60
1445,60
1432,60
1384,61
1464,62
1386,59
1358,61
1457,60
1412,61
1451,61
1416,60
1422,62
1505,63
1525,63
1591,65
1380,59
1443,63
1475,62
1431,58
1313,59
1401,61
1516,64
1415,62
1408,61
1267,56
1297,57
1407,62
1560,67
1356,60
1330,58
1419,61
1401,62
1417,61
1382,60
1408,61
1426,64
1303,56
1467,62
1317,60
1266,59
1342,58
1456,63
1313,58
1508,66
1537,64
1414,60
1296,57
1430,63
1417,62
1469,63
1258,57
1450,63
1411,61
1363,58
1470,61
1368,59
1502,63
1435,61
1369,59
1406,61
1408,62
1570,65
1338,59
1349,60
1426,60
1336,58
1424,61
1416,60
1558,65
1407,61
1511,64
1559,66
1501,63
1440,61
1412,62
1463,63
1427,62
1402,61
1486,63
1439,64
1385,60
1504,63
1382,59
1380,60
1420,62
1478,62
1381,60
1360,59
1364,59
1378,58
1237,55
1414,60
1392,60
1457,60
1521,64
1270,56
1350,58
1465,63
1411,61
1503,64
1393,60
1413,62
1450,61
1448,61
1461,60
1464,65
1315,57
1271,57
1395,61
1465,61
1418,61
1411,60
1429,59
1347,58
1579,67
1410,61
1414,60
1532,63
1430,60
1475,64
1393,60
1409,60
1339,58
1360,58
1527,67
1413,63
1270,58
1257,55
1306,60
1432,60
1422,61
1241,57
1504,65
1426,63
1412,63
1157,55
1348,59
1277,58
1303,58
1487,62
1363,60
1396,61
1446,63
1489,64
1300,60
1273,57
1205,55
1460,63
1232,55
1367,62
1316,60
1453,61
1517,64
1504,62
1374,61
1410,60
1494,63
1202,56
1491,63
1451,63
1278,59
1377,60
1348,61
1331,58
1269,57
1362,61
1183,56
1446,61
1339,59
1553,67
1299,58
1303,59
1452,63
1475,65
1412,64
1463,64
1536,62
1386,60
1544,64
1230,56
1330,59
1413,61
1498,66
1382,60
1272,58
1495,66
1227,57
1459,62
1485,64
1259,56
1411,62
1389,63
1285,58
1351,60
1372,61
1431,62
1446,63
1393,59
1334,61
1342,60
1333,59
1427,61
1374,60
1433,64
1558,66
1514,63
1422,61
1445,61
1365,60
1483,65
1346,60
1451,63
1396,62
1479,64
1484,62
1390,62
1373,62
1526,62
1268,60
1492,64
1411,60
1250,57
1345,60
1393,62
1308,60
1425,63
1352,59
1444,63
1305,58
1424,61
1495,63
1407,61
1397,62
1440,65
1361,59
1323,59
1364,60
1298,61
1285,59
1270,57
1269,58
1355,60
1398,63
1496,64
1420,63
1332,59
1356,61
1359,59
1165,55
1486,65
1413,63
1217,55
1355,62
1558,64
1482,64
1334,60
1360,62
1317,58
1559,64
1482,63
1357,62
1348,59
1290,57
1361,59
1381,63
1329,59
1343,59
1405,61
1286,58
1415,59
1449,63
1464,64
1420,62
1325,59
1354,59
1372,61
1163,57
1367,60
1289,59
1510,65
1303,58
1298,60
1362,62
1228,54
1319,58
1438,60
1420,61
1492,65
1282,58
1383,63
1365,58
1360,57
1231,54
1313,58
1262,59
1336,61
1366,61
1297,58
1386,59
1374,61
1234,57
1292,58
1324,61
1408,61
1372,59
1332,60
1372,63
1402,62
1327,61
1424,62
1472,63
1397,62
1518,63
1395,61
1325,59
1359,60
1286,59
1468,62
1346,60
1484,66
1378,63
1479,65
1325,58
1485,64
1248,55
1236,55
1370,63
1433,62
1328,56
1356,60
1431,62
1368,62
1314,60
1388,61
1358,61
1362,61
1249,57
1496,64
1402,63
1458,63
1312,59
1409,62
1331,60
1352,60
1360,61
1431,63
1343,59
1472,63
1439,63
1414,62
1457,62
1439,63
1389,61
1462,64
1439,63
1399,63
1541,65
1292,60
1471,63
1398,64
1485,63
1282,60
1343,60
1451,63
1337,60
1418,60
1348,61
1386,61
1381,60
1333,61
1457,63
1379,61
1378,60
1304,60
1321,59
1399,62
1335,59
1294,60
1396,62
1409,62
1458,63
1224,57
1391,61
1180,54
1306,60
1434,62
1290,57
1460,63
1382,59
1363,62
1375,62
1435,62
1290,57
1422,61
1323,59
1435,62
1433,62
1355,61
1334,61
1433,63
1495,62
1534,66
1308,60
1472,62
1349,60
1498,62
1418,61
1380,64
1466,63
1335,57
1308,59
1433,61
1228,57
1524,65
1363,60
1427,63
1245,56
1429,61
1271,58
1455,64
1375,60
1347,58
1375,60
1378,61
1443,62
1260,58
1307,59
1404,61
1327,59
1467,63
1367,61
1538,66
1264,57
1448,64
1361,58
1375,61
1330,55
1314,61
1432,63
1348,59
1251,55
1445,63
1256,57
1524,65
1350,59
1389,61
1340,59
1264,58
1281,58
1225,56
1410,62
1274,58
1319,59
1332,61
1489,64
1347,61
1351,59
1372,61
1441,61
1378,63
1362,61
1263,59
1386,60
1441,63
1330,61
1384,62
1365,61
1402,61
1338,59
1405,60
1201,57
1495,63
1400,62
1350,61
1443,63
1290,60
1372,60
1352,61
1316,60
1365,60
1469,61
1421,61
1508,65
1309,58
1305,59
1256,58
1364,63
1338,62
1417,63
1321,60
1355,60
1383,61
1345,60
1519,64
1324,59
1450,63
1425,62
1357,59
1345,61
1392,61
1277,58
1391,60
1379,60
1286,59
1376,59
1455,64
1199,56
1476,62
1404,59
1377,62
1458,63
1331,60
1326,60
1258,59
1368,60
1388,61
1321,59
1275,59
1446,63
1375,62
1331,60
1385,60
1413,63
1229,56
1370,60
1268,58
1272,59
1194,56
1440,63
1447,61
1224,55
1326,61
1254,57
1348,60
1375,60
1415,60
1351,62
1331,61
1398,60
1394,61
1277,57
1317,58
1472,64
1281,59
1439,64
1432,61
1437,62
1463,63
1356,62
1278,60
1335,61
1475,65
1318,59
1447,62
1350,60
1493,65
1442,61
1305,59
1370,62
1410,60
1396,59
1301,58
1289,59
1243,57
1318,59
1284,55
1303,60
1289,56
1263,58
1451,64
1486,65
1354,59
1314,60
1366,60
1429,63
1544,66
1374,62
1366,60
1328,62
1433,62
1397,60
1340,57
1485,64
1263,58
1397,61
1287,59
1283,58
1496,64
1516,65
1406,62
1417,61
1320,58
1388,60
1546,66
1370,61
1396,59
1333,58
1266,58
1265,58
1382,64
1358,60
1315,59
1364,61
1402,60
1381,59
1431,60
1321,59
1295,56
1383,62
1392,60
1556,66
1259,54
1412,60
1327,60
1289,57
1275,58
1413,60
1394,61
1378,61
1549,64
1478,62
1417,61
1258,58
1350,61
1258,58
1405,61
1363,61
1318,59
1581,66
1254,55
1390,61
1373,61
1416,63
1378,59
1322,59
1407,60
1386,60
1325,60
1493,64
1477,62
1522,64
1373,60
1428,62
1446,63
1362,58
1448,62
1375,61
1333,57
1267,59
1362,59
1504,63
1503,65
1240,57
1495,62
1256,60
1404,62
1385,62
1482,64
1419,61
1248,58
1487,64
1525,65
1352,59
1426,63
1437,62
1477,62
1190,56
1317,57
1315,59
1331,58
1380,61
1360,61
1464,63
1323,58
1423,62
1370,58
1410,62
1356,60
1372,60
1350,57
1470,64
1431,63
1359,62
1384,61
1389,62
1418,62
1415,61
1330,58
1411,62
1276,59
1350,60
1376,60
1304,58
1398,61
1534,65
1284,57
1377,61
1406,63
1342,57
1464,63
1387,62
1299,58
1259,56
1424,63
1309,57
1231,57
1439,63
1307,59
1225,57
1362,61
1350,59
1559,66
1271,58
1392,61
1344,59
1420,64
1403,61
1380,62
1253,55
1450,64
1294,58
1270,57
1394,63
1272,58
1275,61
1340,61
1347,60
1327,60
1454,63
1393,62
1435,62
1275,59
1359,59
1285,60
1455,65
1315,58
1233,56
1355,60
1287,56
1283,58
1424,61
1511,66
1396,61
1319,59
1250,58
1387,59
1435,62
1327,61
1375,62
1349,59
1282,58
1371,59
1412,62
1216,59
1548,66
1367,59
1452,61
1554,65
1392,61
1315,58
1427,61
1337,60
1504,64
1361,61
1410,60
1273,59
1303,60
1438,62
1352,58
1387,63
1225,55
1371,60
1314,60
1372,60
1314,58
1341,60
1225,55
1432,61
1274,58
1301,59
1509,65
1326,61
1400,61
1433,63
1381,62
1382,59
1254,56
1500,63
1343,60
1377,59
1435,62
1394,60
1388,60
1360,62
1408,64
1318,58
1241,56
1505,64
1234,58
1460,62
1365,61
1296,57
1335,58
1257,57
1327,59
1375,62
1284,57
1353,60
1500,62
1396,60
1587,68
1471,63
1362,61
1503,65
1363,60
1350,61
1271,59
1445,63
1388,61
1508,65
1364,60
1350,62
1347,60
1428,61
1365,61
1339,60
1396,63
1443,63
1371,61
1285,59
1424,64
1501,61
1423,62
1483,64
1316,61
1322,57
1301,57
1575,66
1320,58
1349,62
1381,60
1444,60
1385,61
1295,58
1409,62
1325,59
1393,61
1281,59
1340,59
1465,62
1469,64
1467,64
1297,59
1319,60
1267,57
1283,59
1320,60
1291,59
1404,63
1380,59
1415,63
1491,63
1579,67
1353,60
1367,62
1417,62
1482,62
1312,59
1338,61
1443,63
1363,62
1416,62
1438,64
1444,64
1381,62
1437,62
1330,60
1496,65
1309,60
1454,64
1220,57
1349,56
1503,64
1298,58
1304,58
1363,61
1373,63
1501,64
1476,63
1476,63
1337,59
1240,55
1305,58
1361,61
1457,63
1395,62
1395,62
1281,58
1286,58
1297,58
1429,62
1426,60
1281,58
1327,58
1349,61
1284,59
1405,62
1304,59
1397,62
1401,60
1348,61
1359,62
1309,61
1268,58
1415,60
1485,63
1532,63
1339,60
1436,63
1309,57
1407,59
1287,59
1357,59
1367,62
1347,61
1366,59
1423,62
1363,58
1355,60
1480,66
1469,64
1334,60
1415,62
1509,66
1298,60
1352,59
1502,65
1387,62
1380,62
1345,59
1144,55
1363,59
1470,63
1343,61
1432,63
1468,63
1437,63
1368,60
1399,62
1391,60
1524,64
1453,64
1442,63
1343,60
1400,64
1391,62
1201,55
1396,61
1451,63
1379,60
1316,58
1478,65
1345,62
1436,62
1331,59
1489,63
1369,60
1401,63
1341,59
1441,62
1386,62
1419,63
1460,63
1430,62
1534,66
1361,58
1182,55
1391,58
1406,60
1270,58
1406,62
1393,62
1301,60
1437,62
1288,56
1367,59
1344,60
1389,62
1279,58
1379,59
1262,58
1259,57
1318,60
1615,67
1279,58
1474,65
1336,59
1348,60
1326,58
1385,59
1384,60
1399,59
1303,60
1361,62
1269,57
1340,59
1266,58
1470,64
1562,64
1373,59
1431,61
1314,60
1398,61
1467,62
1377,61
1258,58
1204,56
1342,61
1466,64
1435,62
1490,64
1354,62
1501,63
1406,61
1264,58
1333,59
1452,64
1418,62
1503,63
1330,59
1482,63
1432,62
1454,65
1423,62
1494,63
1568,67
1360,59
1388,62
1357,59
1333,58
1337,57
1371,60
1325,61
1525,66
1345,61
1320,61
1372,62
1330,59
1423,61
1440,63
1357,61
1424,61
1476,62
1355,61
1424,64
1414,63
1305,59
1579,67
1363,58
1436,63
1386,60
1500,66
1249,57
1486,63
1441,64
1322,59
1358,58
1263,57
1423,62
1353,63
1243,57
1214,56
1393,62
1366,60
1365,60
1336,58
1317,58
1417,63
1366,59
1438,61
1503,65
1395,62
1173,56
1505,64
1448,61
1394,61
1326,61
1277,59
1549,66
1372,62
1430,63
1384,60
1389,62
1383,61
1339,58
1326,60
1429,62
1443,64
1393,62
1257,58
1323,60
1280,58
1294,61
1483,65
1318,60
1439,61
1288,59
1421,62
1337,59
1410,60
1390,64
1453,63
1525,66
1505,65
1437,64
1217,57
1356,59
1401,60
1426,60
1522,66
1467,64
1384,64
1457,63
1481,63
1340,59
1476,63
1255,57
1405,62
1463,62
1207,56
1191,56
1452,63
1326,58
1367,61
1325,58
1386,60
1364,60
1318,58
1418,62
1423,63
1444,62
1380,62
1310,59
1430,62
1254,57
1407,61
1435,61
1362,62
1458,63
1382,60
1443,61
1374,60
1243,58
1339,60
1500,65
1389,63
1381,60
1273,60
1370,62
1481,65
1425,63
1339,59
1283,56
1380,61
1189,56
1295,57
1308,60
1404,63
1517,65
1373,60
1414,62
1380,59
1328,60
1318,58
1436,63
1474,64
1253,57
1206,57
1558,66
1386,63
1248,58
1239,58
1378,59
1385,59
1409,60
1421,63
1418,63
1491,62
1457,64
1399,60
1402,62
1462,64
1340,60
1287,56
1336,61
1262,57
1232,58
1386,62
1441,63
1371,60
1286,59
1231,57
1495,64
1262,58
1431,62
1406,61
1333,61
1422,64
1181,57
1426,62
1326,59
1306,60
1393,61
1399,60
1321,58
1369,60
1280,57
1312,59
1369,60
1348,60
1382,61
1471,65
1552,65
1329,60
1198,55
1309,56
1261,58
1442,60
1319,58
1372,62
1438,64
1562,67
1398,62
1275,58
1300,59
1437,62
1394,63
1385,63
1264,59
1360,61
1435,64
1275,58
1291,58
1490,65
1317,59
1329,61
1261,58
1297,60
1436,62
1373,59
1295,60
1369,60
1320,60
1287,59
1365,62
1387,61
1379,64
1471,63
1538,65
1467,64
1344,61
1428,64
1313,59
1514,64
1424,63
1391,62
1334,59
1414,61
1302,58
1380,61
1348,61
1483,64
1308,60
1446,63
1493,64
1416,63
1375,62
1329,58
1473,63
1414,63
1277,59
1354,62
1401,60
1393,62
1490,63
1376,61
1468,64
1395,62
1371,61
1400,62
1414,61
1456,62
1394,61
1445,63
1323,61
1324,60
1370,62
1452,62
1305,60
1377,62
1312,56
1369,62
1326,60
1335,59
1388,61
1582,67
1450,64
1428,62
1319,60
1483,62
1419,62
1340,59
1303,58
1393,62
1368,59
1295,59
1293,58
1421,60
1432,61
1287,60
1384,63
1427,63
1530,64
1461,64
1377,61
1445,63
1435,62
1373,61
1328,58
1274,56
1513,64
1360,59
1377,61
1248,57
1284,58
1247,57
1350,57
1338,60
1464,63
1388,63
1362,60
1319,59
1410,62
1433,64
1336,62
1414,62
1345,58
1337,58
1353,60
1281,57
1341,58
1462,63
1291,58
1299,58
1402,59
1459,63
1415,62
1348,60
1307,58
1480,64
1439,62
1343,58
1296,59
1337,60
1286,61
1349,59
1482,64
1443,62
1360,63
1446,63
1357,61
1486,65
1191,56
1372,59
1358,61
1360,61
1431,65
1350,59
1238,57
1279,59
1241,57
1268,57
1350,60
1291,59
1381,61
1361,59
1363,58
1517,66
1264,58
1285,57
1442,64
1195,55
1416,61
1385,62
1390,62
1331,61
1348,61
1281,57
1270,57
1291,56
1429,62
1349,59
1411,64
1170,56
1553,65
1370,61
1490,64
1399,61
1246,57
1531,64
1324,61
1291,61
1345,60
1428,62
1367,60
1318,58
1463,64
1310,60
1389,60
1326,57
1324,60
1315,59
1400,61
1441,63
1335,60
1370,61
1378,60
1270,58
1384,61
1440,63
1438,62
1358,60
1279,59
1404,60
1397,62
1332,60
1450,61
1284,58
1379,62
1294,60
1457,62
1604,68
1301,59
1260,55
1187,55
1496,64
1418,62
1283,60
1427,63
1402,63
1348,61
1219,56
1333,59
1465,64
1489,64
1443,64
1386,62
1277,59
1283,59
1261,58
1359,59
1318,59
1326,57
1414,60
1478,64
1200,55
1424,63
1333,60
1414,62
1449,62
1360,61
1460,61
1432,62
1292,59
1398,60
1368,59
1470,65
1338,58
1194,57
1416,63
1385,62
1510,66
1407,62
1242,57
1368,62
1311,57
1324,57
1312,58
1364,58
1330,60
1346,58
1370,61
1271,60
1256,56
1405,61
1315,61
1494,64
1360,60
1426,62
1522,66
1356,60
1386,60
1315,58
1467,64
1446,63
1434,61
1389,62
1418,61
1382,62
1266,57
1485,63
1330,61
1256,57
1455,63
1287,56
1485,64
1438,64
1366,59
1437,63
1476,65
1387,60
1285,57
1401,62
1483,64
1360,59
1378,61
1392,59
1328,59
1258,60
1382,61
1358,59
1345,58
1327,59
1368,60
1376,61
1478,64
1265,56
1249,60
1416,62
1641,68
1241,57
1509,65
1238,56
1310,59
1354,61
1454,64
1355,60
1459,63
1396,62
1367,61
1489,63
1345,61
1338,59
1334,59
1376,61
1395,62
1365,60
1520,66
1264,56
1289,58
1441,61
1413,64
1366,60
1418,62
1372,62
1301,60
1342,59
1368,61
1258,58
1300,59
1553,64
1498,64
1257,58
1394,61
1477,63
1399,63
1449,63
1428,61
1357,61
1399,63
1486,65
1351,60
1382,61
1325,60
1385,62
1461,64
1312,58
1487,65
1368,60
1443,61
1452,65
1414,62
1404,61
1281,58
1329,58
1365,61
1406,62
1407,62
1484,65
1412,58
1391,61
1397,61
1318,59
1455,62
1405,60
1370,59
1372,60
1397,61
1390,59
1478,65
1152,54
1395,63
1365,61
1236,56
1278,58
1471,65
1441,62
1480,64
1415,62
1497,66
1448,64
1437,61
1435,61
1300,60
1296,59
1301,60
1324,60
1445,64
1292,60
1227,56
1225,58
1341,60
1559,66
1370,61
1292,59
1330,59
1350,60
1438,63
1376,61
1360,60
1296,59
1365,61
1399,59
1332,59
1460,62
1329,60
1426,61
1441,65
1397,60
1395,61
1349,61
1360,62
1302,58
1329,59
1388,61
1414,63
1510,64
1420,63
1333,60
1365,61
1486,63
1370,61
1408,63
1337,60
1364,62
1399,62
1326,61
1337,60
1449,62
1486,64
1323,61
1288,57
1489,64
1364,59
1356,59
1488,63
1320,58
1349,62
1496,65
1510,63
1435,62
1359,60
1376,62
1490,64
1343,58
1365,60
1261,56
1477,63
1369,61
1346,60
1349,61
1414,62
1396,60
1478,64
1408,60
1424,63
1380,60
1324,59
1464,62
1503,64
1297,59
1331,61
1346,62
1333,60
1444,62
1419,62
1438,64
1409,60
1513,65
1405,62
1421,61
1420,63
1374,62
1485,63
1346,59
1502,65
1352,63
1367,61
1501,64
1313,59
1302,61
1368,60
1450,62
1318,59
1337,58
1417,62
1337,61
1304,60
1353,60
1294,61
1364,61
1420,60
1408,61
1535,64
1425,62
1423,61
1350,61
1389,61
1482,63
1334,59
1367,60
1337,59
1215,57
1300,59
1352,60
1474,63
1388,61
1440,63
1402,63
1460,63
1418,63
1472,61
1216,56
1305,59
1383,61
1355,59
1369,59
1323,60
1387,60
1366,61
1356,61
1298,58
1430,61
1327,56
1457,62
1536,64
1319,59
1410,63
1449,62
1252,59
1551,66
1408,61
1249,57
1326,59
1388,61
1337,58
1389,61
1272,57
1348,61
1461,65
1398,62
1280,58
1336,61
1321,60
1348,61
1397,60
1312,58
1290,58
1312,60
1307,60
1482,64
1368,61
1367,61
1442,63
1140,52
1490,65
1341,61
1436,61
1363,60
1305,60
1454,61
1350,60
1456,63
1382,61
1269,58
1303,58
1266,57
1210,56
1257,57
1320,60
1434,63
1471,64
1409,60
1345,61
1191,56
1349,61
1306,60
1483,63
1283,57
1448,63
1222,56
1469,62
1223,58
1387,62
1401,61
1369,60
1501,62
1342,61
1479,66
1460,63
1443,63
1345,60
1311,60
1411,62
1380,59
1543,66
1308,60
1311,60
1503,64
1276,60
1444,63
1361,59
1334,59
1388,61
1298,58
1284,60
1324,60
1378,63
1621,68
1374,62
1314,58
1445,63
1586,67
1452,65
1435,62
1429,64
1318,60
1459,63
1362,61
1410,61
1357,61
1239,57
1478,63
1298,57
1540,67
1423,63
1369,60
1349,60
1314,58
1498,63
1392,62
1571,67
1387,63
1331,59
1509,64
1317,60
1367,59
1267,57
1342,60
1382,60
1367,60
1544,65
1458,63
1402,61
1354,60
1423,62
1431,63
1406,62
1413,63
1456,63
1290,58
1336,62
1359,61
1501,65
1296,57
1436,63
1451,64
1408,62
1328,61
1415,62
1313,58
1382,63
1574,68
1597,66
1375,59
1330,59
1399,61
1348,59
1361,59
1487,64
1450,62
1449,63
1320,60
1494,65
1356,57
1359,61
1360,59
1382,60
1490,63
1207,56
1450,63
1423,62
1335,61
1412,63
1374,60
1413,60
1533,64
1279,57
1595,66
1396,63
1338,59
1304,57
1534,67
1396,60
1285,58
1465,64
1395,62
1413,63
1461,64
1329,58
1457,62
1200,56
1522,63
1452,63
1372,61
1415,61
1402,60
1406,60
1341,59
1342,60
1256,58
1478,64
1310,57
1474,65
1464,64
1319,60
1552,67
1326,59
1412,61
1412,60
1359,60
1353,60
1349,62
1412,63
1386,60
1466,65
1391,63
1231,55
1511,65
1507,64
1368,60
1285,56
1349,59
1408,61
1410,62
1224,58
1379,59
1188,55
1448,63
1548,67
1438,62
1514,63
1392,62
1375,59
1357,61
1358,58
1507,62
1300,60
1325,60
1366,62
1428,63
1347,61
1375,61
1391,62
1334,59
1456,63
1451,62
1464,61
1308,59
1427,61
1308,60
1276,58
1525,66
1467,63
1406,61
1469,61
1220,54
1359,59
1334,57
1235,56
1532,66
1387,61
1272,59
1474,64
1465,64
1415,63
1358,61
1211,54
1339,59
1339,60
1466,62
1240,58
1236,58
1264,56
1458,65
1452,63
1425,63
1463,64
1370,60
1374,60
1389,64
1414,61
1407,62
1284,58
1359,62
1294,57
1438,61
1328,58
1293,57
1420,63
1360,59
1306,57
1512,67
1370,58
1267,58
1416,61
1476,63
1595,68
1382,63
1297,58
1542,64
1401,61
1407,62
1420,61
1480,65
1409,62
1429,60
1594,67
1315,59
1332,61
1263,56
1525,65
1349,61
1420,61
1387,59
1398,60
1448,63
1350,61
1479,64
1366,60
1350,60
1444,63
1237,59
1411,63
1329,58
1383,62
1374,61
1356,58
1394,61
1457,62
1438,62
1419,61
1460,64
1354,59
1355,61
1301,59
1408,62
1502,66
1457,65
1181,56
1302,58
1458,62
1557,66
1456,62
1226,56
1467,63
1504,66
1457,63
1390,62
1353,60
1366,60
1472,65
1387,58
1455,62
1407,61
1357,60
1460,62
1401,60
1344,60
1390,62
1304,58
1266,57
1465,64
1434,62
1416,62
1383,62
1419,62
1441,62
1223,55
1265,57
1473,65
1341,59
1205,55
1514,66
1440,63
1324,59
1357,60
1365,60
1453,63
1406,62
1368,62
1481,63
1461,63
1411,60
1276,54
1430,62
1283,57
1446,62
1362,58
1454,63
1508,65
1482,65
1369,59
1398,58
1348,59
1473,61
1321,57
1197,56
1379,61
1274,57
1386,60
1285,59
1385,62
1343,59
1271,58
1331,57
1304,59
1310,60
1239,56
1256,57
1272,58
1454,63
1414,62
1501,64
1288,55
1393,61
1472,63
1167,56
1418,63
1310,59
1499,64
1402,63
1405,60
1439,63
1368,62
1524,64
1391,61
1485,64
1450,63
1497,64
1356,58
1371,62
1364,60
1475,63
1325,59
1465,63
1335,58
1470,63
1468,64
1414,62
1432,59
1338,62
1529,62
1321,58
1505,64
1348,61
1480,64
1286,56
1396,62
1353,59
1166,53
1418,62
1341,60
1223,54
1356,60
1418,62
1330,56
1417,63
1337,59
1350,60
1361,60
1542,65
1483,62
1449,62
1266,57
1280,59
1465,64
1484,63
1414,60
1390,62
1345,60
1326,60
1475,64
1526,64
1337,61
1465,63
1407,61
1300,59
1397,61
1245,59
1365,61
1311,60
1454,62
1465,62
1418,61
1420,61
1456,63
1306,61
1444,64
1363,60
1259,55
1466,61
1404,61
1432,63
1285,56
1376,62
1331,58
1257,58
1334,57
1456,63
1452,63
1408,60
1414,63
1334,60
1365,60
1379,60
1315,59
1518,64
1499,65
1338,60
1316,60
1218,57
1492,64
1252,59
1389,62
1345,60
1502,64
1356,59
1362,62
1452,63
1326,60
1344,61
1407,60
1321,59
1273,57
1329,59
1405,63
1371,63
1520,63
1409,61
1307,57
1270,56
1382,62
1390,60
1263,57
1418,62
1392,62
1475,64
1432,61
1391,63
1429,62
1420,62
1320,60
1360,61
1402,63
1309,59
1332,59
1505,66
1469,63
1284,57
1187,56
1386,61
1281,58
1366,61
1498,66
1328,59
1325,60
1417,64
1393,60
1143,55
1319,59
1439,61
1376,62
1395,62
1458,63
1414,61
1413,61
1517,63
1311,60
1456,63
1276,58
1520,64
1289,59
1515,65
1319,61
1411,63
1370,59
1398,61
1357,62
1402,59
1382,61
1340,59
1474,62
1376,61
1285,59
1281,59
1345,58
1420,63
1405,61
1336,62
1375,60
1326,60
1181,56
1446,63
1331,58
1403,63
1365,60
1387,60
1226,57
1287,59
1244,57
1453,63
1476,65
1324,58
1312,58
1387,62
1399,60
1510,63
1442,62
1297,59
1400,61
1464,64
1323,58
1548,68
1325,56
1456,64
1285,59
1455,62
1325,59
1337,62
1407,62
1513,64
1357,58
1327,60
1350,61
1272,57
1402,62
1300,57
1519,64
1430,64
1379,60
1341,61
1403,63
1313,57
1419,60
1393,63
1489,64
1417,62
1467,64
1349,60
1471,62
1333,59
1414,62
1443,61
1391,63
1340,60
1349,59
1424,61
1465,61
1220,56
1421,63
1288,57
1458,61
1476,63
1219,56
1331,59
1468,64
1429,63
1548,64
1439,63
1326,58
1461,63
1376,61
1433,62
1475,62
1448,65
1386,62
1379,61
1368,61
1443,63
1437,62
1466,62
1316,58
1266,55
1330,59
1281,58
1294,58
1487,65
1455,62
1369,60
1410,64
1318,59
1401,62
1395,60
1441,62
1363,60
1183,56
1414,62
1273,58
1462,63
1478,63
1393,61
1525,67
1480,63
1468,64
1209,57
1420,62
1459,63
1454,60
1314,59
1334,59
1339,60
1450,64
1355,63
1517,64
1337,57
1405,62
1355,59
1354,61
1446,65
1356,60
1461,63
1333,61
1274,55
1393,62
1295,59
1315,58
1264,57
1400,62
1336,59
1429,62
1472,65
1347,61
1357,59
1421,64
1360,61
1324,57
1430,62
1166,54
1353,60
1299,59
1452,64
1352,59
1403,63
1267,57
1400,61
1452,62
1434,62
1280,56
1475,64
1451,61
1470,60
1431,62
1378,61
1343,60
1382,60
1525,65
1478,63
1444,64
1453,62
1562,68
1171,54
1356,58
1406,60
1385,62
1401,62
1546,66
1384,58
1352,60
1404,62
1467,65
1467,62
1364,61
1595,68
1455,64
1328,58
1389,61
1214,55
1310,59
1358,61
1480,65
1406,61
1415,60
1160,55
1448,63
1398,62
1503,65
1434,63
1488,65
1317,57
1242,57
1493,62
1398,61
1310,59
1398,60
1290,56
1422,63
1467,61
1391,59
1403,63
1505,66
1477,65
1345,60
1361,60
1252,57
1582,65
1352,58
1298,60
1469,62
1437,62
1311,59
1420,62
1505,64
1566,66
1484,61
1316,59
1399,61
1460,61
1339,60
1374,59
1433,64
1389,62
1396,60
1240,57
1434,60
1386,61
1485,64
1477,61
1551,66
1230,57
1467,62
1538,66
1396,60
1376,63
1405,60
1424,61
1481,62
1393,61
1471,62
1369,60
1426,62
1230,55
1191,55
1260,57
1336,58
1574,67
1405,61
1519,66
1301,59
1379,60
1370,61
1329,59
1439,61
1340,60
1317,61
1450,62
1482,65
1255,59
1491,63
1322,61
1447,63
1408,63
1573,63
1363,60
1410,61
1431,61
1416,61
1376,59
1317,59
1287,59
1369,60
1392,61
1474,63
1299,57
1388,62
1272,59
1444,63
1406,61
1298,59
1387,60
1425,60
1354,59
1386,59
1345,60
1375,60
1477,64
1443,62
1479,62
1388,60
1457,64
1352,59
1447,62
1515,63
1239,59
1379,59
1501,63
1394,61
1366,62
1353,57
1438,63
1381,61
1256,55
1471,66
1501,63
1418,61
1419,60
1315,59
1363,59
1348,59
1396,61
1376,61
1336,60
1471,63
1316,59
1401,61
1250,57
1356,58
1246,57
1503,65
1300,60
1423,61
1347,58
1361,61
1421,63
1329,61
1449,63
1529,67
1348,60
1525,64
1257,58
1405,62
1437,61
1372,63
1342,60
1455,64
1274,58
1410,61
1450,64
1335,60
1236,57
1402,62
1499,65
1184,54
1241,58
1531,66
1388,62
1164,54
1503,65
1335,59
1382,59
1298,59
1312,61
1314,58
1382,62
1399,64
1365,60
1347,58
1488,63
1442,63
1466,61
1432,60
1521,66
1343,60
1566,65
1302,59
1327,60
1374,61
1339,58
1381,62
1471,64
1521,66
1306,59
1437,63
1170,54
1400,62
1307,58
1480,63
1407,61
1352,57
1304,58
1337,61
1372,62
1380,59
1333,59
1257,57
1401,61
1338,59
1468,63
1394,61
1463,62
1347,60
1393,59
1526,65
1330,58
1516,62
1417,61
1478,63
1270,59
1323,57
1352,60
1312,59
1306,58
1274,57
1325,59
1459,61
1367,58
1345,57
1445,62
1390,60
1185,55
1509,62
1368,60
1462,64
1403,60
1426,62
1304,59
1353,62
1445,62
1450,61
1309,57
1385,61
1330,59
1390,62
1379,59
1536,65
1508,66
1449,63
1404,62
1461,62
1399,61
1548,65
1354,58
1349,59
1456,61
1433,62
1449,61
1284,59
1415,62
1375,62
1410,59
1309,60
1438,63
1418,62
1359,60
1305,59
1461,64
1470,65
1494,63
1308,60
1356,60
1481,64
1274,57
1411,61
1350,57
1410,61
1395,62
1415,62
1434,64
1495,64
1486,63
1255,56
1352,61
1326,60
1387,62
1271,57
1367,60
1376,59
1330,58
1255,58
1393,63
1525,65
1274,57
1350,59
1275,59
1371,60
1430,61
1268,58
1276,59
1413,62
1386,60
1505,65
1537,64
1358,58
1560,63
1454,64
1287,57
1233,54
1608,69
1336,62
1499,66
1442,61
1430,62
1405,62
1479,64
1431,62
1420,63
1336,59
1347,58
1339,58
1492,63
1416,62
1240,57
1446,64
1367,61
1274,58
1460,63
1489,64
1491,64
1524,67
1298,60
1499,66
1497,65
1302,56
1389,62
1395,62
1283,57
1411,59
1445,63
1465,62
1365,61
1444,64
1394,64
1389,62
1500,66
1385,62
1458,62
1508,65
1363,61
1401,63
1337,63
1401,61
1479,63
1530,65
1495,64
1498,66
1422,63
1392,61
1347,61
1279,59
1284,58
1514,68
1416,64
1381,61
1513,63
1514,66
1406,60
1422,62
1337,60
1280,58
1508,66
1477,65
1443,61
1352,60
1387,60
1307,58
1401,62
1275,55
1324,60
1526,66
1259,58
1233,57
1435,62
1441,63
1446,63
1430,61
1354,60
1234,56
1390,61
1174,53
1447,60
1331,60
1537,66
1382,61
1346,61
1377,60
1542,63
1309,56
1452,64
1513,63
1254,57
1373,61
1448,62
1536,65
1326,62
1328,59
1498,65
1364,60
1470,63
1287,58
1342,61
1376,60
1342,61
1390,59
1463,63
1465,64
1447,65
1409,62
1482,62
1277,59
1405,63
1436,63
1451,63
1503,64
1317,60
1386,62
1367,62
1458,66
1384,60
1403,59
1424,61
1444,64
1406,61
1284,56
1452,63
1325,59
1537,66
1403,63
1427,62
1398,60
1550,65
1350,61
1437,63
1281,58
1398,61
1465,66
1481,63
1323,59
1332,59
1345,59
1251,56
1266,57
1453,63
1336,60
1376,63
1268,58
1435,63
1339,62
1624,68
1433,62
1392,62
1405,64
1442,62
1475,65
1406,62
1227,58
1429,63
1340,60
1421,63
1416,62
1377,61
1284,60
1414,61
1300,60
1567,66
1309,59
1432,63
1393,63
1419,62
1297,59
1487,65
1505,63
1499,63
1401,63
1314,57
1472,64
1339,59
1445,64
1336,59
1272,59
1380,60
1381,61
1315,58
1433,61
1345,59
1428,63
1435,62
1564,67
1315,61
1232,57
1458,65
1438,64
1297,56
1463,64
1403,60
1479,66
1442,61
1445,63
1237,58
1385,62
1332,61
1330,61
1521,65
1186,56
1432,63
1599,66
1467,63
1372,59
1222,57
1480,65
1450,64
1388,63
1392,63
1377,60
1205,57
1472,63
1415,64
1419,63
1252,58
1323,60
1412,65
1467,65
1319,61
1415,62
1396,61
1460,65
1398,63
1204,56
1395,61
1433,62
1443,64
1224,55
1541,66
1230,58
1529,67
1368,61
1254,56
1568,67
1540,67
1368,61
1515,64
1342,60
1353,58
1440,61
1383,62
1326,59
1389,61
1221,59
1481,65
1352,62
1379,62
1468,63
1366,60
1426,62
1522,64
1507,66
1309,61
1308,60
1425,61
1448,63
1484,65
1328,59
1396,61
1262,57
1365,60
1277,60
1423,63
1452,63
1359,61
1332,60
1485,67
1404,62
1393,63
1243,56
1284,60
1434,65
1383,61
1346,60
1461,64
1421,62
1565,66
1437,62
1418,63
1255,57
1399,63
1328,60
1378,57
1503,63
1449,65
1283,57
1320,59
1308,58
1529,66
1394,61
1505,65
1590,66
1415,62
1481,65
1408,65
1504,64
1534,67
1379,61
1444,63
1317,59
1283,60
1508,66
1353,60
1231,54
1430,61
1287,56
1424,61
1496,66
1515,64
1424,65
1497,66
1374,61
1264,58
1475,64
1374,61
1327,59
1448,62
1501,66
1478,64
1358,60
1425,64
1490,66
1321,58
1346,59
1456,62
1335,60
1375,63
1312,60
1338,60
1264,59
1425,61
1492,65
1345,58
1333,61
1505,67
1385,63
1372,63
1503,66
1423,62
1361,60
1292,58
1366,60
1374,63
1490,66
1408,62
1369,59
1573,69
1441,62
1452,64
1383,61
1398,63
1347,60
1248,57
1398,62
1397,64
1483,62
1414,62
1361,61
1229,57
1470,61
1560,67
1252,57
1340,60
1425,62
1327,60
1288,56
1489,65
1474,65
1442,62
1338,59
1413,64
1292,58
1419,60
1304,60
1410,63
1447,64
1283,59
1430,60
1524,66
1494,62
1367,60
1309,59
1167,55
1325,60
1514,66
1350,60
1586,66
1399,61
1318,61
1459,64
1367,62
1323,61
1316,58
1440,64
1294,58
1415,62
1522,65
1283,59
1380,61
1210,58
1423,63
1497,63
1395,60
1347,59
1392,60
1397,61
1462,65
1376,61
1397,62
1470,63
1624,68
1545,66
1499,66
1265,57
1319,60
1375,62
1303,59
1433,63
1481,64
1359,62
1471,62
1339,59
1405,61
1419,63
1439,63
1392,61
1268,55
1453,65
1475,63
1407,62
1427,62
1355,62
1405,63
1551,67
1494,66
1467,65
1421,62
1370,62
1475,63
1364,61
1370,61
1368,59
1477,63
1527,65
1447,64
1476,65
1402,62
1462,63
1311,59
1398,63
1535,64
1424,63
1307,59
1492,64
1538,65
1261,58
1231,59
1360,57
1362,60
1430,61
1276,57
1379,62
1324,61
1427,62
1518,66
1462,65
1513,65
1412,63
1431,62
1424,62
1402,63
1536,67
1282,58
1473,63
1448,65
1441,62
1512,64
1435,63
1458,64
1364,61
1316,59
1426,62
1297,62
1503,65
1437,62
1388,61
1452,64
1416,60
1621,69
1436,64
1341,61
1468,65
1506,62
1166,56
1386,61
1350,60
1369,62
1475,62
1450,63
1456,62
1208,55
1276,59
1387,61
1322,56
1379,62
1403,62
1301,58
1442,64
1343,60
1435,64
1438,62
1545,64
1382,58
1312,58
1511,64
1543,67
1483,65
1428,62
1498,65
1409,61
1397,64
1516,65
1401,62
1528,66
1428,63
1384,60
1421,64
1347,59
1390,62
1289,60
1459,66
1481,63
1348,59
1326,59
1395,62
1465,64
1543,67
1428,62
1522,66
1298,58
1263,57
1424,60
1434,64
1354,59
1361,61
1383,59
1345,61
1487,64
1330,60
1314,59
1448,65
1381,60
1404,62
1359,61
1400,61
1388,63
1381,63
1206,57
1376,61
1322,59
1403,61
1407,64
1524,65
1444,64
1292,58
1452,61
1454,61
1342,60
1240,57
1265,58
1225,56
1483,63
1372,60
1321,60
1424,61
1358,58
1433,62
1273,59
1467,64
1540,66
1301,61
1456,63
1226,56
1559,64
1351,60
1429,61
1489,66
1338,56
1347,60
1386,60
1328,59
1348,61
1455,64
1508,65
1454,63
1476,65
1490,63
1172,56
1343,60
1328,59
1356,60
1304,59
1384,60
1435,64
1324,58
1343,60
1457,62
1465,64
1416,64
1387,61
1542,67
1484,65
1475,65
1644,67
1313,60
1380,62
1358,60
1436,65
1301,58
1409,64
1473,66
1453,63
1440,63
1546,66
1345,58
1313,61
1280,57
1378,61
1469,63
1284,57
1400,60
1440,64
1421,62
1421,62
1304,58
1508,63
1414,62
1334,60
1387,61
1382,61
1293,59
1367,63
1545,66
1403,61
1354,59
1427,63
1404,62
1414,63
1407,62
1394,61
1444,64
1468,63
1367,58
1372,59
1392,60
1381,62
1407,61
1346,60
1262,57
1294,58
1394,61
1247,58
1336,58
1394,63
1178,54
1465,65
1577,68
1315,59
1403,61
1429,63
1255,55
1405,62
1451,65
1370,60
1579,66
1465,62
1342,61
1603,69
1365,57
1462,62
1695,70
1404,62
1437,62
1549,64
1466,60
1451,62
1268,58
1469,62
1375,59
1400,62
1528,64
1461,61
1442,62
1393,61
1322,58
1375,60
1357,59
1374,61
1471,65
1315,57
1327,59
1494,62
1568,67
1299,58
1517,65
1327,58
1482,62
1475,62
1421,64
1334,61
1253,54
1559,62
1493,62
1442,62
1526,64
1410,60
1561,66
1343,57
1357,59
1435,61
1399,58
1434,61
1550,66
1315,57
1449,62
1391,60
1368,60
1478,63
1472,64
1576,66
1306,58
1396,62
1404,60
1355,59
1470,63
1506,63
1446,61
1437,62
1374,58
1564,66
1425,61
1336,61
1471,63
1324,59
1528,66
1474,62
1329,60
1272,56
1465,62
1349,60
1290,57
1328,60
1532,62
1407,62
1461,64
1260,58
1407,61
1463,64
1460,62
1668,68
1373,62
1372,58
1449,59
1313,58
1345,60
1522,65
1554,66
1311,54
1331,57
1509,65
1522,64
1482,63
1425,62
1475,64
1492,60
1382,60
1547,63
1415,62
1598,66
1407,59
1453,62
1360,62
1560,67
1481,64
1463,63
1278,56
1437,62
1465,62
1506,63
1339,58
1588,65
1453,64
1391,61
1425,62
1505,64
1401,59
1440,61
1506,66
1386,58
1419,62
1422,63
1403,61
1384,62
1314,58
1476,64
1561,66
1443,61
1487,63
1359,57
1325,59
1465,62
1380,61
1444,61
1422,61
1527,64
1454,62
1403,62
1296,56
1545,65
1415,61
1466,62
1413,62
1442,63
1396,62
1413,59
1465,62
1389,59
1414,61
1395,61
1362,58
1350,60
1575,68
1350,60
1394,60
1351,57
1483,62
1377,59
1428,61
1464,62
1370,61
1507,64
1368,61
1291,57
1357,60
1395,62
1417,63
1465,64
1404,61
1519,63
1512,63
1445,60
1422,62
1195,56
1372,60
1494,65
1400,61
1516,66
1506,62
1449,64
1416,64
1565,66
1326,59
1448,61
1388,61
1392,60
1448,62
1412,59
1446,66
1300,57
1298,58
1421,61
1520,65
1328,59
1496,63
1305,58
1356,58
1452,64
1330,59
1442,64
1600,68
1510,65
1346,58
1468,63
1385,61
1422,61
1495,66
1528,64
1485,63
1476,63
1315,59
1534,65
1465,59
1423,60
1431,62
1498,63
1391,60
1488,62
1534,63
1428,59
1298,57
1435,63
1555,67
1479,60
1430,62
1257,55
1274,57
1358,59
1432,59
1523,64
1609,66
1338,61
1480,63
1459,62
1456,63
1393,61
1472,62
1411,61
1437,64
1424,59
1567,67
1470,64
1428,62
1408,63
1483,62
1535,64
1320,59
1368,60
1310,58
1210,55
1406,60
1385,60
1464,61
1252,54
1320,59
1592,66
1440,65
1555,63
1393,61
1513,66
1478,65
1440,61
1560,68
1494,63
1409,62
1315,58
1173,53
1489,62
1404,61
1623,68
1326,59
1483,64
1404,60
1693,70
1443,61
1397,63
1371,59
1504,63
1492,62
1390,60
1349,58
1471,65
1343,57
1472,64
1503,64
1560,64
1458,60
1557,66
1453,63
1268,56
1379,59
1338,57
1406,60
1466,64
1393,61
1385,60
1413,61
1570,65
1543,63
1288,57
1225,55
1644,68
1466,63
1392,59
1378,60
1525,64
1432,62
1357,57
1499,64
1382,60
1396,62
1509,63
1571,65
1504,62
1438,62
1500,63
1476,64
1425,61
1487,62
1340,58
1409,59
1395,61
1426,61
1381,60
1243,57
1532,66
1326,59
1447,61
1529,65
1556,66
1407,61
1305,57
1575,66
1520,63
1391,61
1384,60
1458,64
1565,67
1178,54
1276,56
1524,66
1366,61
1388,60
1470,64
1287,58
1469,62
1456,62
1585,68
1518,62
1436,63
1541,62
1391,62
1225,55
1504,63
1467,63
1354,58
1503,64
1419,60
1347,59
1270,57
1534,66
1454,63
1673,66
1618,67
1487,63
1402,60
1403,62
1427,64
1462,62
1536,61
1597,66
1388,59
1498,63
1332,59
1437,60
1375,58
1479,63
1504,64
1462,62
1547,64
1392,60
1431,60
1529,61
1421,60
1516,64
1565,66
1281,55
1373,61
1522,63
1435,63
1355,59
1401,61
1418,62
1341,59
1452,61
1504,61
1456,63
1382,59
1434,61
1423,62
1451,61
1458,62
1447,63
1525,62
1574,63
1419,60
1398,59
1431,62
1481,61
1319,56
1562,65
1464,62
1383,59
1620,66
1468,60
1318,59
1460,60
1485,62
1346,62
1437,62
1702,69
1608,66
1516,62
1527,64
1342,56
1501,65
1411,62
1355,61
1502,65
1572,68
1533,65
1310,59
1444,60
1465,62
1387,58
1296,58
1446,63
1350,60
1547,63
1526,61
1317,59
1493,63
1425,60
1507,64
1538,65
1408,61
1405,60
1404,60
1511,64
1428,64
1405,60
1431,61
1518,63
1443,61
1373,58
1455,63
1529,65
1325,56
1313,58
1341,61
1544,63
1360,58
1394,59
1557,64
1352,58
1457,62
1457,62
1305,58
1338,59
1482,62
1448,62
1337,55
1510,65
1447,61
1594,65
1426,60
1432,62
1402,58
1417,62
1348,60
1423,62
1519,64
1378,58
1694,69
1337,59
1444,62
1394,60
1361,59
1273,56
1500,66
1541,63
1362,61
1406,62
1445,63
1380,57
1594,65
1489,63
1434,60
1549,62
1536,65
1593,65
1609,67
1322,59
1356,60
1454,61
1364,60
1344,58
1227,55
1451,63
1368,59
1533,61
1402,62
1387,59
1620,66
1445,63
1404,60
1686,68
1469,61
1422,62
1355,59
1508,64
1437,62
1344,59
1394,62
1385,63
1375,61
1281,57
1381,60
1463,63
1388,62
1255,57
1537,66
1377,60
1396,62
1411,60
1297,56
1442,62
1516,63
1489,63
1479,64
1381,59
1337,60
1399,60
1438,62
1407,61
1335,57
1330,60
1541,63
1600,66
1546,62
1507,66
1538,64
1477,61
1220,54
1538,67
1350,58
1465,62
1402,59
1481,62
1385,60
1415,61
1544,65
1531,64
1401,62
1579,66
1663,68
1408,58
1345,58
1414,62
1428,63
1384,59
1615,67
1448,61
1270,58
1540,66
1500,63
1203,55
1363,59
1407,61
1369,60
1441,61
1597,67
1456,62
1389,59
1340,58
1400,61
1359,60
1422,59
1363,60
1367,57
1391,59
1312,55
1509,64
1549,65
1310,57
1564,66
1407,62
1594,64
1484,61
1461,63
1288,58
1286,56
1483,63
1450,59
1326,60
1525,63
1540,64
1382,60
1463,62
1358,58
1282,57
1322,58
1348,59
1308,59
1608,66
1188,54
1484,62
1433,61
1265,57
1401,61
1339,59
1510,65
1461,63
1313,58
1477,63
1339,55
1508,63
1494,61
1300,57
1555,67
1436,62
1381,58
1344,59
1567,67
1431,61
1264,55
1492,65
1424,61
1546,63
1340,58
1324,59
1486,63
1652,69
1363,59
1347,58
1459,63
1405,62
1339,60
1393,60
1295,54
1271,55
1580,66
1306,58
1441,63
1471,63
1493,63
1383,59
1317,58
1320,57
1465,61
1443,62
1539,66
1549,65
1415,62
1405,61
1518,63
1246,56
1466,62
1467,62
1536,64
1462,62
1317,58
1288,58
1568,66
1383,58
1560,66
1442,61
1433,61
1469,64
1399,60
1577,63
1551,65
1433,63
1435,62
1313,58
1358,60
1410,64
1441,58
1471,63
1302,57
1338,59
1349,59
1311,56
1302,57
1479,63
1562,67
1294,56
1385,60
1459,62
1379,57
1340,59
1589,65
1431,60
1398,59
1313,58
1406,60
1415,61
1502,63
1516,64
1500,66
1426,63
1529,63
1529,63
1394,61
1479,63
1431,60
1445,62
1520,62
1462,64
1571,66
1480,61
1450,60
1248,57
1405,60
1358,57
1509,62
1193,55
1448,61
1277,59
1444,62
1469,63
1208,55
1393,58
1385,61
1432,61
1609,67
1396,61
1581,67
1467,64
1430,62
1437,63
1392,61
1408,59
1400,60
1462,63
1426,60
1491,64
1534,64
1728,70
1240,56
1552,65
1430,63
1384,61
1532,62
1263,57
1586,66
1418,62
1399,60
1586,68
1464,62
1275,56
1579,64
1596,66
1557,63
1386,59
1379,56
1452,62
1554,64
1340,57
1465,61
1483,63
1436,63
1458,64
1361,59
1430,63
1479,61
1523,64
1329,58
1502,66
1514,63
1341,59
1319,57
1484,64
1571,66
1420,60
1473,63
1520,64
1410,61
1507,65
1445,63
1270,56
1453,61
1435,62
1270,56
1453,64
1297,58
1498,64
1605,67
1601,67
1450,61
1475,63
1360,60
1556,66
1502,64
1208,55
1449,63
1409,62
1429,63
1415,60
1283,58
1309,57
1566,66
1377,61
1385,62
1447,64
1434,62
1370,60
1437,63
1484,64
1492,63
1403,58
1488,62
1555,64
1371,59
1571,65
1442,60
1528,65
1543,66
1473,63
1401,62
1389,60
1401,62
1471,63
1356,59
1454,63
1355,60
1372,60
1406,59
1347,56
1471,61
1357,57
1631,67
1387,59
1324,59
1508,63
1498,62
1434,60
1317,58
1553,64
1632,68
1463,63
1362,59
1415,59
1285,56
1506,64
1524,64
1389,60
1466,65
1676,70
1447,60
1460,61
1478,63
1235,56
1457,63
1338,60
1253,58
1453,62
1430,60
1416,62
1318,58
1528,63
1535,65
1381,61
1249,55
1405,59
1429,60
1315,58
1460,62
1200,55
1318,57
1530,64
1517,62
1394,61
1377,59
1394,60
1470,63
1485,62
1474,62
1627,67
1330,58
1372,60
1545,63
1457,62
1596,66
1407,61
1422,63
1524,64
1443,63
1537,66
1338,60
1430,62
1435,61
1486,63
1392,58
1581,68
1431,63
1406,63
1399,61
1304,59
1470,63
1394,61
1438,63
1341,57
1454,63
1478,63
1330,60
1482,62
1441,62
1305,59
1497,63
1270,56
1615,66
1516,63
1487,64
1248,55
1533,64
1561,66
1455,60
1467,63
1305,58
1504,65
1318,57
1302,58
1433,61
1582,65
1383,60
1312,57
1387,60
1287,58
1586,65
1541,66
1533,64
1346,60
1416,61
1547,65
1483,62
1397,61
1496,64
1390,61
1392,59
1584,64
1411,60
1541,66
1638,68
1576,66
1477,64
1500,64
1406,62
1464,62
1576,66
1502,64
1600,65
1452,63
1434,61
1562,64
1555,66
1471,63
1583,67
1441,63
1306,58
1340,59
1528,66
1553,65
1291,59
1398,61
1430,63
1404,60
1450,63
1415,62
1337,58
1287,58
1302,58
1460,63
1384,60
1428,61
1273,56
1461,63
1480,61
1583,65
1561,66
1311,58
1301,61
1495,63
1470,62
1510,63
1366,60
1560,66
1416,60
1523,65
1538,62
1339,57
1205,54
1592,64
1589,65
1424,61
1477,64
1481,64
1381,61
1281,55
1303,58
1335,58
1413,61
1428,61
1557,67
1396,61
1516,64
1474,62
1299,59
1456,62
1408,60
1693,69
1453,60
1421,63
1466,62
1449,63
1414,59
1385,60
1404,62
1368,59
1359,59
1471,63
1363,62
1521,64
1445,61
1394,61
1414,61
1440,59
1384,60
1325,59
1387,60
1447,62
1384,61
1377,59
1590,65
1534,63
1383,61
1256,57
1430,62
1381,61
1374,60
1527,65
1290,56
1489,65
1386,61
1311,57
1514,65
1321,58
1455,63
1473,62
1527,65
1451,62
1180,56
1319,57
1321,60
1401,60
1587,67
1618,67
1520,63
1520,65
1503,63
1492,63
1507,63
1419,61
1392,62
1380,60
1638,68
1565,65
1341,60
1524,66
1354,60
1292,59
1313,57
1578,63
1399,60
1654,67
1503,64
1338,58
1471,61
1286,55
1468,63
1330,61
1392,62
1224,56
1348,58
1617,68
1480,61
1545,63
1537,65
1376,60
1464,61
1379,59
1334,58
1491,63
1400,62
1292,58
1402,60
1515,64
1323,59
1252,55
1524,64
1266,58
1329,58
1387,59
1538,66
1472,63
1336,58
1480,65
1626,67
1381,59
1464,64
1569,65
1530,64
1365,58
1518,64
1470,63
1459,61
1377,58
1499,63
1391,59
1224,56
1424,61
1474,62
1327,59
1314,60
1306,59
1532,65
1462,63
1547,65
1596,67
1662,67
1471,63
1334,57
1466,62
1341,59
1470,63
1330,61
1509,65
1449,62
1424,62
1401,61
1525,65
1487,65
1454,63
1326,58
1443,63
1354,59
1424,61
1485,63
1517,62
1481,64
1477,63
1509,65
1479,59
1475,62
1547,63
1356,59
1561,65
1334,60
1535,62
1273,58
1464,65
1532,66
1508,65
1226,52
1324,59
1451,62
1490,63
1557,65
1540,66
1419,61
1364,61
1462,63
1309,58
1212,57
1611,67
1442,61
1421,59
1527,65
1372,60
1463,63
1512,64
1410,60
1528,66
1603,66
1302,60
1364,60
1227,56
1500,63
1540,64
1646,66
1507,64
1200,56
1350,60
1308,60
1373,59
1612,66
1544,66
1426,57
1423,61
1416,58
1338,59
1655,68
1429,61
1354,60
1486,63
1385,62
1357,61
1435,61
1385,59
1408,63
1542,64
1430,61
1512,64
1565,66
1370,61
1469,63
1418,61
1669,69
1597,66
1482,63
1314,57
1554,65
1193,53
1524,66
1264,57
1368,60
1336,58
1478,63
1268,56
1386,60
1552,66
1417,63
1343,61
1523,65
1508,64
1568,65
1268,57
1586,66
1528,64
1323,59
1504,64
1524,65
1432,62
1419,60
1436,60
1526,66
1303,59
1511,64
1389,61
1461,62
1370,61
1476,62
1484,63
1391,58
1429,62
1484,63
1455,63
1594,67
1611,68
1304,56
1348,59
1460,63
1583,66
1446,63
1603,66
1438,62
1403,60
1394,61
1458,62
1650,67
1570,67
1402,61
1348,60
1504,63
1401,60
1425,61
1399,62
1442,64
1511,64
1374,60
1396,61
1329,57
1480,63
1479,64
1401,62
1405,59
1255,57
1545,66
1494,63
1501,64
1285,57
1396,60
1489,64
1384,60
1661,68
1541,65
1548,65
1491,64
1366,59
1425,62
1351,60
1292,58
1398,62
1323,60
1379,61
1411,63
1420,59
1590,65
1339,59
1492,65
1495,62
1474,60
1292,58
1483,63
1446,63
1472,61
1323,59
1331,60
1476,64
1488,63
1522,65
1420,61
1587,66
1363,61
1473,64
1455,62
1432,61
1435,61
1432,61
1327,57
1335,55
1318,59
1502,64
1467,61
1343,59
1429,59
1528,65
1448,62
1491,62
1644,69
1542,65
1389,60
1457,64
1571,66
1595,65
1508,64
1376,59
1565,64
1514,65
1629,67
1387,59
1457,61
1592,65
1372,59
1449,60
1408,61
1459,62
1353,58
1463,63
1479,65
1411,60
1470,64
1439,62
1595,65
1503,63
1507,62
1353,58
1507,64
1446,61
1496,63
1590,67
1338,58
1453,61
1388,60
1300,58
1374,58
1355,59
1297,57
1523,64
1384,60
1334,59
1313,59
1338,60
1535,62
1391,60
1349,59
1369,62
1292,57
1546,64
1330,59
1469,61
1318,58
1372,60
1540,64
1418,62
1381,59
1438,62
1364,58
1415,60
1505,63
1522,64
1380,61
1537,65
1324,59
1511,61
1417,60
1421,62
1323,58
1650,69
1510,64
1395,61
1391,59
1303,57
1583,65
1249,56
1501,62
1564,67
1192,55
1296,56
1569,66
1396,60
1636,68
1578,66
1320,59
1352,59
1309,60
1584,67
1411,62
1558,65
1491,66
1530,65
1437,62
1410,62
1356,61
1368,58
1600,66
1437,62
1450,62
1264,57
1346,57
1487,64
1411,60
1488,64
1284,56
1395,61
1390,61
1389,60
1580,67
1237,57
1408,61
1626,67
1478,63
1329,58
1367,60
1481,64
1548,65
1300,57
1246,56
1370,59
1324,57
1577,66
1550,67
1554,65
1492,63
1319,57
1464,64
1527,63
1506,64
1491,65
1525,63
1257,56
1375,60
1207,54
1472,63
1339,60
1441,61
1556,65
1280,56
1505,64
1423,62
1264,57
1378,61
1377,58
1463,64
1564,65
1518,65
1355,57
1433,62
1558,64
1366,59
1466,60
1462,62
1325,59
1487,65
1364,60
1485,64
1493,65
1494,64
1435,61
1581,67
1607,66
1417,60
1544,65
1526,65
1344,58
1546,63
1317,58
1279,58
1352,61
1547,65
1418,60
1342,58
1501,64
1499,63
1468,65
1383,60
1448,61
1243,55
1395,60
1316,59
1371,59
1502,63
1438,62
1380,59
1615,67
1463,64
1480,64
1381,61
1576,66
1469,63
1482,62
1350,59
1502,62
1444,61
1496,66
1423,60
1294,58
1398,60
1276,54
1422,59
1562,64
1433,61
1241,55
1410,61
1539,64
1541,64
1434,62
1480,63
1490,64
1422,62
1350,59
1413,62
1549,66
1477,62
1590,66
1362,61
1527,65
1468,62
1409,62
1204,57
1420,63
1495,63
1447,63
1534,64
1389,62
1565,63
1288,57
1446,62
1557,64
1519,63
1283,59
1398,60
1499,64
1319,57
1487,63
1561,66
1520,64
1451,61
1410,61
1574,64
1308,57
1579,67
1377,59
1367,59
1640,68
1460,64
1472,60
1560,66
1395,60
1524,65
1558,66
1295,57
1322,61
1576,66
1459,62
1442,61
1462,60
1383,61
1516,65
1508,65
1465,63
1316,59
1298,60
1413,60
1432,62
1406,60
1382,58
1317,59
1484,61
1368,60
1518,64
1299,58
1366,58
1356,58
1629,67
1450,61
1371,60
1431,59
1524,64
1577,66
1383,59
1464,62
1543,66
1468,63
1529,63
1468,61
1546,62
1584,67
1332,59
1483,63
1436,61
1462,63
1527,64
1397,61
1292,58
1390,61
1680,67
1573,65
1388,58
1493,64
1368,61
1544,65
1356,60
1441,61
1601,65
1310,58
1568,66
1297,59
1448,63
1469,64
1518,65
1269,58
1525,63
1458,61
1609,64
1561,66
1442,59
1508,62
1440,62
1523,64
1355,58
1281,58
1453,61
1536,65
1303,57
1512,63
1453,63
1490,64
1505,65
1498,63
1525,62
1467,64
1372,60
1267,56
1403,59
1506,64
1527,63
1401,61
1370,59
1334,59
1525,63
1351,60
1450,62
1351,61
1569,66
1470,63
1230,56
1559,65
1262,55
1425,59
1350,59
1481,61
1455,62
1475,63
1401,60
1683,66
1406,61
1309,58
1270,56
1424,62
1319,58
1382,59
1397,59
1554,64
1312,57
1414,61
1527,66
1398,61
1376,60
1545,64
1394,60
1496,62
1489,63
1258,57
1499,64
1379,61
1420,60
1251,57
1411,62
1416,61
1271,56
1329,59
1643,69
1559,66
1320,59
1512,64
1464,62
1598,67
1324,58
1478,63
1377,59
1445,63
1525,64
1415,62
1400,61
1423,61
1468,63
1489,65
1448,63
1536,65
1596,66
1524,64
1268,55
1394,61
1313,57
1367,59
1539,64
1227,55
1418,62
1338,59
1511,63
1281,56
1406,59
1450,64
1430,63
1413,61
1445,63
1448,61
1579,66
1470,63
1446,60
1412,60
1508,62
1473,64
1487,62
1549,63
1457,62
1392,62
1443,62
1227,56
1410,62
1355,58
1324,58
1500,65
1460,63
1344,58
1318,58
1451,64
1428,60
1362,58
1421,62
1429,59
1339,58
1384,59
1326,59
1416,62
1644,68
1420,61
1617,68
1482,61
1362,60
1524,65
1451,61
1238,55
1420,61
1420,62
1451,64
1521,65
1536,63
1379,61
1346,61
1444,62
1303,57
1363,58
1393,60
1576,65
1483,63
1441,62
1334,57
1293,58
1522,65
1373,60
1468,64
1628,67
1630,65
1343,60
1396,61
1478,63
1538,64
1349,62
1482,62
1312,60
1437,60
1435,61
1532,62
1446,63
1479,64
1466,60
1562,65
1435,62
1424,60
1405,61
1429,60
1246,56
1391,60
1416,59
1483,63
1478,62
1443,62
1398,62
1400,60
1440,62
1383,59
1556,66
1334,60
1491,64
1268,57
1508,62
1368,61
1580,66
1419,61
1464,61
1442,62
1468,63
1380,59
1285,56
1595,66
1594,67
1484,62
1228,58
1460,62
1488,63
1437,62
1462,62
1357,59
1387,60
1228,54
1401,60
1388,59
1479,64
1512,65
1335,59
1275,58
1468,62
1417,62
1551,65
1384,61
1498,64
1608,66
1535,66
1564,66
1554,63
1465,62
1436,62
1378,60
1335,60
1505,64
1450,62
1599,65
1338,59
1578,64
1418,61
1354,59
1306,59
1607,67
1416,60
1424,59
1393,59
1360,60
1546,63
1527,64
1531,65
1592,64
1384,62
1497,65
1425,57
1394,62
1443,62
1414,59
1337,57
1348,59
1462,65
1459,62
1453,61
1516,64
1489,63
1350,60
1583,65
1388,61
1367,58
1521,65
1502,65
1509,63
1516,64
1283,55
1493,64
1447,63
1301,61
1431,62
1306,56
1497,64
1495,64
1511,65
1450,61
1407,61
1327,58
1514,64
1478,63
1388,61
1296,58
1329,60
1576,67
1549,65
1534,66
1378,60
1594,67
1375,60
1540,65
1371,59
1507,63
1556,65
1457,64
1583,66
1410,62
1442,62
1215,56
1334,56
1679,68
1518,64
1317,58
1353,58
1516,64
1569,65
1489,64
1440,62
1527,67
1429,60
1450,63
1428,63
1574,66
1296,58
1556,66
1463,64
1238,58
1551,63
1487,63
1330,59
1430,62
1417,61
1536,64
1328,57
1421,62
1307,59
1446,62
1545,64
1465,63
1399,61
1403,63
1273,57
1385,60
1345,59
1298,57
1481,63
1414,62
1410,61
1472,62
1384,61
1575,65
1313,59
1494,63
1427,62
1379,61
1423,62
1479,63
1460,63
1445,61
1314,58
1358,60
1596,67
1416,60
1596,66
1349,58
1426,63
1468,63
1250,56
1297,57
1352,59
1671,68
1446,62
1402,61
1389,61
1542,63
1376,60
1479,65
1491,64
1493,63
1605,66
1386,60
1493,62
1403,61
1245,56
1468,61
1551,67
1392,59
1302,60
1210,55
1286,57
1545,65
1377,61
1498,63
1287,55
1368,60
1539,65
1559,67
1352,60
1556,64
1363,60
1623,69
1501,64
1596,65
1391,61
1483,62
1483,63
1646,69
1532,66
1501,62
1524,63
1545,65
1492,64
1403,62
1470,62
1485,65
1520,65
1462,61
1312,59
1357,59
1485,63
1396,58
1447,61
1299,57
1413,61
1487,64
1334,58
1204,54
1490,63
1330,58
1558,65
1386,60
1371,61
1374,60
1378,60
1347,58
1327,59
1439,63
1348,59
1476,62
1628,69
1322,60
1504,64
1531,66
1475,62
1422,60
1318,58
1572,65
1466,62
1434,62
1458,62
1462,62
1593,64
1401,62
1518,64
1423,61
1352,59
1368,59
1422,62
1321,56
1468,63
1542,66
1382,60
1366,61
1277,59
1422,60
1518,65
1209,56
1445,65
1385,61
1513,64
1468,62
1512,66
1340,58
1420,61
1492,64
1181,54
1348,59
1453,63
1482,62
1486,62
1440,63
1455,64
1430,60
1401,61
1477,65
1251,56
1553,64
1323,58
1395,61
1534,63
1568,64
1349,57
1375,60
1485,61
1305,56
1611,67
1445,63
1406,61
1239,56
1420,61
1436,62
1466,62
1498,63
1472,64
1381,60
1486,64
1382,61
1491,62
1538,62
1488,63
1529,64
1458,62
1421,62
1364,60
1385,59
1284,59
1388,60
1379,61
1632,68
1451,63
1316,59
1596,65
1270,58
1535,65
1356,58
1442,62
1456,62
1596,65
1474,63
1540,66
1425,61
1325,57
1405,61
1273,58
1329,60
1582,65
1412,61
1467,62
1610,66
1446,62
1510,65
1485,64
1525,64
1299,58
1433,63
1488,61
1495,64
1232,56
1276,58
1238,56
1478,64
1185,55
1561,66
1656,67
1282,57
1545,66
1395,60
1503,63
1379,61
1503,64
1409,61
1486,63
1427,62
1391,61
1444,61
1613,67
1567,65
1472,63
1467,62
1304,57
1453,63
1429,62
1280,59
1426,60
1431,62
1440,60
1567,66
1242,58
1556,64
1431,63
1457,61
1261,56
1453,63
1520,64
1466,64
1407,61
1464,62
1338,59
1378,62
1403,62
1532,65
1337,59
1182,54
1379,59
1432,62
1496,63
1578,65
1461,64
1264,57
1489,61
1384,60
1591,65
1421,61
1564,65
1495,62
1404,61
1449,63
1418,61
1368,59
1453,61
1485,65
1650,67
1495,64
1548,66
1362,62
1438,63
1494,62
1525,63
1458,62
1615,66
1445,61
1316,59
1517,65
1507,66
1274,56
1358,60
1487,63
1501,63
1569,66
1378,58
1317,59
1508,64
1369,59
1490,62
1189,53
1558,68
1475,61
1683,69
1526,62
1434,62
1474,64
1450,62
1429,63
1382,60
1452,62
1560,66
1380,60
1424,62
1565,66
1449,61
1566,66
1377,60
1477,62
1568,65
1367,61
1249,56
1553,65
1514,65
1439,62
1433,61
1534,65
1495,63
1397,61
1515,64
1326,59
1307,57
1555,65
1223,56
1325,58
1673,69
1454,61
1348,59
1380,60
1595,65
1452,61
1533,65
1439,62
1525,64
1528,64
1579,64
1545,68
1466,61
1339,59
1411,60
1529,62
1360,60
1545,65
1501,63
1442,61
1569,66
1439,61
1611,67
1403,59
1449,61
1408,62
1569,64
1336,58
1433,62
1466,64
1431,59
1553,65
1473,63
1458,63
1547,64
1355,60
1404,61
1457,64
1398,61
1508,64
1462,65
1323,58
1445,60
1347,59
1444,62
1362,58
1545,64
1339,58
1397,61
1383,60
1457,62
1379,59
1360,56
1579,66
1316,58
1441,63
1366,59
1567,66
1543,65
1400,60
1537,66
1325,58
1335,61
1467,62
1524,63
1532,66
1563,66
1482,63
1328,55
1343,59
1431,61
1506,64
1461,62
1459,63
1464,62
1461,62
1454,63
1331,58
1307,59
1395,61
1372,59
1372,61
1499,64
1406,61
1300,59
1549,66
1416,62
1600,66
1334,58
1347,58
1447,63
1489,61
1301,58
1277,57
1592,66
1568,67
1380,61
1473,63
1296,58
1387,60
1541,63
1500,63
1466,61
1350,60
1262,56
1539,63
1388,58
1500,64
1471,62
1336,58
1540,65
1412,61
1435,60
1299,58
1287,59
1516,63
1533,65
1441,61
1559,65
1295,59
1312,59
1345,59
1366,59
1367,59
1435,60
1370,58
1347,58
1385,61
1574,67
1416,61
1452,62
1442,62
1517,64
1300,57
1511,63
1533,66
1420,61
1378,62
1334,58
1661,66
1300,58
1506,64
1338,59
1478,63
1506,64
1415,61
1593,66
1379,61
1257,57
1477,65
1459,62
1357,60
1491,63
1473,61
1316,58
1345,59
1473,62
1467,64
1411,61
1471,63
1425,62
1419,62
1407,61
1419,61
1546,65
1486,63
1342,61
1668,69
1290,57
1387,62
1512,65
1369,60
1504,63
1594,65
1542,66
1483,63
1475,64
1450,63
1450,62
1418,59
1382,59
1450,62
1414,61
1509,65
1493,63
1272,58
1393,62
1364,59
1372,60
1383,60
1444,61
1371,58
1384,58
1247,57
1444,63
1377,61
1422,61
1421,60
1329,58
1339,59
1527,66
1328,59
1548,66
1418,61
1431,62
1385,59
1457,62
1544,63
1481,63
1302,58
1444,63
1365,61
1433,62
1511,63
1502,64
1538,64
1509,63
1451,61
1353,59
1344,58
1538,65
1404,58
1506,64
1220,56
1268,57
1497,63
1462,62
1550,64
1325,58
1466,64
1468,62
1333,58
1478,63
1513,63
1352,60
1326,57
1410,60
1319,60
1357,59
1337,58
1345,59
1443,62
1396,63
1538,65
1512,65
1316,58
1614,67
1421,61
1465,62
1363,60
1527,66
1326,55
1389,60
1344,60
1514,64
1404,62
1410,60
1212,54
1386,59
1500,63
1515,64
1403,62
1413,63
1421,61
1224,55
1575,65
1424,60
1235,55
1319,57
1385,59
1388,61
1391,61
1433,62
1410,61
1420,61
1430,62
1313,58
1497,62
1444,60
1286,57
1330,58
1247,57
1302,57
1513,65
1413,61
1495,63
1354,58
1565,64
1427,62
1368,61
1455,64
1637,67
1440,61
1611,67
1359,60
1410,61
1453,60
1288,58
1490,65
1555,64
1143,53
1488,62
1270,58
1429,63
1494,61
1329,58
1398,62
1457,62
1513,65
1519,64
1446,62
1423,61
1450,62
1635,68
1605,67
1442,61
1483,64
1444,60
1508,63
1261,55
1638,67
1524,64
1468,63
1428,61
1504,63
1517,65
1410,61
1357,59
1576,66
1572,66
1675,68
1322,59
1327,59
1396,61
1445,63
1421,62
1445,61
1375,60
1540,64
1252,57
1515,64
1400,59
1374,60
1457,60
1375,60
1474,63
1545,67
1488,64
1326,60
1607,67
1438,63
1294,58
1394,61
1316,57
1509,65
1552,66
1549,66
1488,62
1333,58
1391,61
1622,68
1418,61
1472,64
1423,60
1306,58
1468,65
1555,66
1592,68
1395,61
1499,65
1504,63
1482,63
1473,63
1524,64
1492,62
1346,58
1603,66
1475,63
1325,60
1468,63
1380,60
1327,59
1392,60
1418,62
1534,65
1409,58
1404,62
1366,60
1510,63
1387,60
1263,56
1389,61
1460,63
1284,57
1537,65
1217,55
1560,65
1284,56
1585,65
1367,61
1379,59
1479,64
1400,59
1413,62
1379,60
1480,65
1379,61
1555,64
1467,61
1642,69
1318,58
1265,55
1414,61
1294,58
1389,61
1409,61
1281,57
1428,63
1483,64
1403,61
1514,64
1307,58
1558,66
1482,62
1430,61
1433,59
1575,66
1469,62
1267,54
1354,60
1364,58
1455,62
1406,60
1473,62
1402,60
1521,66
1303,60
1558,65
1333,59
1473,62
1570,66
1448,61
1287,57
1574,65
1448,64
1409,61
1473,61
1439,60
1238,54
1436,60
1466,65
1461,64
1346,60
1358,59
1518,64
1388,62
1327,59
1459,62
1439,61
1492,63
1493,64
1484,63
1559,65
1501,62
1557,65
1453,60
1577,67
1279,58
1484,63
1336,58
1347,60
1551,66
1598,68
1486,62
1401,60
1470,62
1482,62
1491,64
1561,65
1320,58
1564,66
1614,66
1547,66
1292,57
1514,65
1366,60
1404,60
1399,61
1459,62
1254,58
1547,64
1361,61
1320,58
1550,65
1338,58
1462,64
1191,54
1510,62
1303,60
1351,59
1387,62
1507,65
1377,60
1506,63
1395,60
1502,64
1235,56
1528,65
1432,61
1466,61
1454,63
1479,64
1376,59
1519,63
1313,57
1558,65
1464,64
1315,57
1596,65
1372,61
1541,62
1372,60
1409,61
1365,59
1419,61
1327,57
1524,64
1435,59
1403,60
1593,66
1321,59
1513,65
1473,63
1456,60
1564,65
1343,60
1623,68
1385,60
1453,64
1434,63
1531,64
1336,58
1507,62
1358,59
1198,56
1637,68
1464,62
1406,60
1426,61
1459,61
1433,61
1541,64
1518,65
1368,59
1410,62
1485,64
1453,61
1311,57
1633,68
1433,60
1433,60
1479,64
1481,65
1354,59
1284,58
1336,58
1368,61
1489,64
1308,58
1568,65
1559,66
1513,64
1570,65
1246,56
1499,65
1443,62
1482,62
1560,67
1415,63
1596,65
1590,67
1471,64
1521,64
1392,60
1455,62
1347,58
1528,66
1416,60
1334,59
1443,61
1461,62
1250,56
1469,64
1447,63
1352,61
1438,63
1346,58
1315,58
1399,62
1431,63
1628,69
1424,62
1335,59
1384,61
1426,61
1461,62
1485,64
1226,53
1345,57
1584,69
1411,60
1405,60
1412,62
1494,65
1398,60
1584,66
1463,60
1568,66
1616,68
1445,60
1409,58
1433,59
1526,65
1541,64
1218,54
1652,66
1537,63
1249,55
1571,66
1393,61
1588,65
1461,60
1357,58
1431,59
1451,62
1272,58
1424,62
1469,64
1459,63
1452,62
1496,65
1501,64
1333,57
1462,64
1450,63
1404,60
1435,62
1377,59
1452,62
1457,62
1492,64
1456,62
1412,62
1413,60
1392,60
1544,65
1438,62
1271,55
1610,67
1291,58
1279,57
1400,60
1441,61
1492,64
1474,65
1522,64
1324,56
1457,63
1367,59
1470,63
1392,63
1516,64
1379,59
1289,58
1496,62
1479,61
1396,60
1291,55
1496,65
1438,61
1534,64
1399,60
1340,59
1328,58
1335,59
1340,60
1382,61
1426,63
1384,58
1558,67
1303,56
1555,64
1568,66
1526,65
1480,64
1355,59
1314,58
1364,61
1445,63
1302,58
1447,62
1374,61
1424,62
1362,56
1482,62
1450,64
1514,64
1321,58
1503,63
1401,61
1376,61
1413,61
1427,61
1333,60
1503,63
1413,60
1481,60
1565,65
1486,63
1642,67
1496,65
1388,60
1542,64
1355,60
1549,66
1388,61
1472,63
1458,62
1482,64
1434,62
1350,62
1405,62
1467,62
1395,61
1315,61
1374,59
1429,62
1485,64
1708,70
1367,61
1256,57
1543,64
1279,58
1501,64
1258,56
1381,61
1284,57
1410,61
1579,67
1575,66
1570,65
1353,59
1374,59
1392,61
1327,60
1484,62
1360,59
1460,64
1379,62
1474,63
1432,63
1445,62
1412,61
1491,64
1352,58
1551,65
1453,63
1418,61
1232,57
1288,57
1360,61
1362,60
1377,60
1378,62
1409,59
1464,62
1406,61
1488,64
1510,64
1392,59
1410,59
1581,66
1383,61
1452,63
1577,67
1558,64
1554,67
1550,65
1441,60
1685,70
1522,63
1345,59
1501,64
1511,63
1411,62
1509,64
1418,63
1455,62
1345,58
1503,63
1502,62
1284,58
1315,58
1506,63
1305,60
1423,61
1444,61
1564,67
1366,60
1487,64
1490,65
1524,66
1501,64
1409,60
1370,61
1452,62
1426,60
1439,62
1348,57
1652,68
1585,65
1463,63
1436,63
1445,63
1161,54
1379,60
1361,60
1477,62
1523,64
1388,62
1474,62
1417,59
1122,53
1466,61
1344,59
1467,63
1359,60
1423,61
1536,63
1433,63
1471,61
1420,63
1534,63
1235,56
1490,65
1481,65
1377,59
1552,64
1513,62
1453,63
1320,59
1434,60
1473,62
1405,60
1303,59
1321,57
1522,65
1346,59
1466,63
1440,62
1277,57
1466,62
1304,57
1427,61
1398,61
1503,64
1389,59
1392,61
1549,64
1336,59
1402,63
1363,58
1421,62
1537,62
1494,62
1361,60
1381,61
1595,67
1565,65
1369,61
1437,62
1393,59
1552,65
1421,61
1341,59
1272,56
1599,66
1399,60
1477,64
1611,67
1545,65
1506,63
1399,60
1258,55
1475,62
1386,60
1439,61
1424,62
1488,65
1505,65
1347,58
1404,59
1317,56
1411,63
1341,58
1404,62
1412,60
1302,60
1493,63
1553,65
1340,61
1437,63
1287,58
1688,66
1396,63
1562,67
1450,63
1457,62
1460,60
1409,62
1445,61
1365,58
1425,60
1413,60
1609,66
1438,62
1561,65
1421,59
1409,62
1564,66
1370,59
1378,61
1553,64
1390,62
1505,64
1418,60
1547,63
1521,65
1395,59
1514,64
1400,60
1455,63
1260,56
1587,64
1495,64
1456,64
1451,62
1495,63
1369,61
1391,61
1293,59
1418,61
1388,60
1296,58
1493,64
1378,61
1308,58
1556,65
1520,66
1455,61
1578,65
1337,59
1434,62
1472,64
1336,58
1515,65
1300,59
1263,58
1377,59
1255,57
1368,60
1457,62
1448,62
1424,61
1495,63
1442,61
1391,62
1372,57
1595,68
1389,59
1317,57
1429,63
1385,60
1547,64
1298,56
1460,62
1423,61
1560,64
1467,60
1422,60
1340,58
1494,63
1365,60
1260,57
1368,59
1373,59
1467,62
1416,61
1426,59
1402,61
1462,61
1470,63
1576,67
1372,60
1384,61
1508,63
1444,63
1415,61
1432,62
1422,61
1514,64
1463,62
1485,62
1475,63
1495,64
1428,60
1536,66
1374,60
1469,63
1500,63
1374,60
1468,63
1458,62
1374,61
1301,59
1427,60
1434,62
1490,64
1533,64
1629,68
1536,64
1372,59
1370,57
1343,60
1363,61
1472,63
1482,64
1304,57
1565,65
1308,58
1373,60
1408,62
1433,64
1414,62
1631,67
1385,60
1553,66
1469,62
1480,63
1434,61
1443,61
1385,60
1299,57
1357,61
1508,61
1594,67
1435,59
1371,61
1535,64
1481,64
1599,66
1421,60
1367,59
1304,56
1402,61
1630,67
1357,61
1481,62
1419,62
1495,61
1517,63
1499,64
1320,57
1388,61
1392,61
1423,61
1465,63
1578,66
1271,58
1468,60
1550,63
1492,63
1374,59
1477,64
1229,55
1582,65
1487,65
1368,60
1499,61
1334,59
1441,61
1336,59
1528,64
1359,61
1476,63
1483,65
1473,64
1281,54
1487,64
1539,66
1623,67
1395,59
1538,64
1394,61
1406,61
1488,64
1356,58
1607,64
1573,66
1561,65
1400,61
1481,62
1447,61
1548,65
1576,65
1257,56
1387,62
1258,57
1421,60
1572,65
1681,70
1667,68
1462,62
1352,59
1471,64
1456,63
1454,62
1376,60
1427,60
1433,64
1459,62
1204,55
1389,59
1321,59
1472,65
1475,63
1421,62
1386,59
1489,62
1525,65
1408,63
1331,57
1438,63
1402,61
1404,62
1391,60
1467,61
1384,61
1351,61
1428,61
1542,65
1486,64
1310,60
1403,60
1381,61
1647,68
1432,62
1508,64
1402,62
1467,62
1438,63
1380,59
1444,63
1533,62
1524,64
1581,66
1332,59
1568,67
1470,62
1485,63
1454,61
1526,64
1561,66
1390,61
1352,61
1375,60
1366,60
1358,59
1270,57
1500,64
1471,64
1489,65
1410,62
1440,62
1365,61
1525,63
1408,60
1320,58
1332,60
1499,64
1437,61
1470,64
1329,58
1325,58
1513,64
1633,67
1507,63
1382,58
1410,60
1427,61
1477,64
1388,60
1477,63
1338,58
1501,64
1360,59
1290,57
1380,59
1492,64
1354,60
1415,61
1250,54
1459,62
1194,55
1523,63
1565,65
1469,62
1240,57
1416,63
1534,64
1249,54
1391,59
1480,63
1308,59
1466,64
1691,69
1567,65
1338,57
1595,66
1432,61
1469,63
1374,59
1316,59
1312,58
1435,60
1364,59
1591,66
1400,60
1425,62
1270,58
1531,64
1354,62
1515,63
1538,65
1543,66
1421,61
1335,58
1469,61
1498,63
1408,60
1417,61
1509,65
1331,58
1488,62
1301,57
1479,64
1395,60
1411,63
1384,61
1444,61
1527,65
1396,59
1492,66
1367,59
1447,63
1396,62
1632,65
1427,62
1314,59
1542,65
1566,66
1385,61
1591,67
1305,58
1421,58
1510,65
1408,60
1510,64
1519,65
1462,62
1260,56
1686,69
1619,66
1460,64
1374,59
1446,62
1386,61
1517,63
1325,60
1598,68
1472,63
1447,62
1373,60
1389,60
1340,58
1342,58
1398,60
1478,61
1400,61
1461,61
1461,63
1493,63
1535,64
1460,64
1561,65
1488,64
1366,59
1405,61
1205,55
1341,59
1369,60
1474,63
1507,65
1387,61
1423,63
1381,59
1481,63
1392,61
1342,58
1520,62
1450,63
1456,60
1472,62
1523,64
1452,63
1332,57
1430,61
1449,63
1339,60
1296,58
1477,60
1437,62
1550,63
1365,61
1547,65
1363,57
1504,65
1434,60
1515,64
1601,67
1505,63
1518,64
1340,60
1511,62
1521,62
1592,66
1431,62
1361,60
1305,56
1367,59
1311,60
1644,68
1512,64
1414,61
1369,59
1329,58
1370,61
1417,61
1512,61
1384,59
1499,63
1412,61
1504,63
1268,57
1477,63
1267,56
1494,65
1374,59
1192,55
1455,62
1565,66
1378,59
1399,61
1574,66
1420,61
1429,60
1413,60
1583,66
1428,62
1604,67
1573,64
1412,61
1492,63
1436,59
1388,61
1313,58
1448,63
1437,62
1419,63
1325,57
1449,61
1411,61
1534,63
1418,59
1297,57
1535,66
1415,61
1519,65
1248,56
1296,58
1566,65
1484,62
1472,62
1550,66
1415,61
1663,67
1380,60
1365,60
1428,59
1389,60
1527,64
1400,61
1554,65
1523,66
1331,59
1319,59
1416,62
1635,69
1504,62
1421,63
1347,60
1484,62
1364,60
1416,62
1444,62
1401,59
1487,63
1447,61
1382,60
1473,64
1340,59
1616,66
1668,69
1469,64
1473,64
1380,61
1552,66
1632,68
1251,56
1451,62
1459,63
1431,59
1509,64
1346,60
1397,62
1568,66
1517,63
1362,60
1583,66
1528,63
1353,59
1275,58
1598,67
1398,59
1389,59
1432,61
1567,65
1595,66
1439,62
1374,59
1490,64
1427,62
1392,60
1413,60
1388,59
1554,65
1389,60
1407,59
1555,65
1440,61
1595,67
1482,63
1573,67
1451,63
1318,58
1176,55
1384,60
1524,64
1520,63
1405,60
1508,64
1258,56
1409,61
1352,59
1395,61
1534,64
1262,56
1505,64
1390,60
1479,62
1481,64
1355,58
1349,58
1406,62
1509,64
1553,67
1487,63
1485,63
1519,64
1500,63
1636,66
1541,64
1588,65
1523,64
1499,64
1326,60
1557,67
1310,58
1406,60
1412,60
1417,59
1589,65
1534,64
1335,59
1617,65
1499,61
1387,60
1444,62
1542,65
1516,65
1444,62
1434,61
1479,65
1332,56
1462,64
1348,59
1331,59
1441,61
1335,57
1445,63
1444,62
1297,59
1456,62
1309,59
1530,63
1366,61
1425,62
1376,59
1583,68
1511,63
1446,62
1290,58
1566,66
1631,67
1557,66
1583,67
1493,62
1247,57
1592,65
1448,60
1520,64
1422,61
1208,54
1365,60
1524,65
1435,61
1312,60
1305,59
1342,60
1607,66
1521,65
1501,63
1389,60
1641,68
1603,67
1506,64
1440,61
1353,58
1354,60
1266,56
1488,63
1390,60
1501,64
1546,64
1488,64
1333,60
1471,61
1537,65
1452,62
1536,66
1493,62
1278,56
1549,66
1446,62
1501,62
1557,63
1567,64
1636,66
1530,64
1617,68
1479,62
1500,63
1460,63
1563,65
1499,63
1478,62
1443,62
1470,65
1563,65
1269,57
1579,66
1469,64
1301,57
1383,62
1345,60
1532,64
1516,65
1463,61
1351,60
1560,65
1403,60
1474,63
1463,62
1467,62
1510,66
1541,63
1339,59
1555,64
1391,60
1339,59
1562,66
1372,59
1406,61
1329,59
1463,62
1410,62
1469,64
1388,60
1361,58
1528,63
1461,63
1438,60
1456,61
1366,59
1472,61
1401,61
1241,55
1303,55
1379,61
1546,66
1447,62
1536,63
1434,63
1314,56
1575,66
1451,64
1454,63
1475,62
1409,61
1265,56
1363,58
1484,63
1583,67
1563,64
1333,59
1421,62
1506,66
1360,58
1394,60
1600,65
1345,60
1429,59
1422,62
1433,62
1455,62
1365,59
1436,61
1391,60
1383,62
1504,64
1414,62
1505,62
1295,56
1586,65
1565,66
1389,60
1349,61
1310,58
1485,63
1396,61
1355,60
1427,61
1527,64
1257,55
1422,61
1571,67
1341,58
1457,63
1412,62
1140,54
1400,60
1418,60
1377,59
1287,57
1545,64
1526,63
1563,65
1504,63
1482,63
1276,56
1597,66
1361,60
1595,66
1285,58
1465,63
1515,63
1493,64
1354,60
1372,59
1440,60
1451,62
1410,63
1442,61
1468,65
1526,64
1408,60
1588,65
1291,59
1431,62
1488,63
1259,54
1457,63
1475,63
1473,63
1439,62
1430,61
1414,60
1567,67
1492,64
1477,62
1573,65
1562,65
1396,61
1507,64
1361,59
1441,60
1417,58
1330,58
1283,58
1532,64
1459,64
1498,64
1487,63
1380,61
1453,62
1352,59
1457,63
1443,61
1350,59
1461,64
1292,58
1630,67
1297,58
1581,66
1413,61
1464,62
1420,59
1356,58
1447,62
1595,67
1253,58
1499,64
1492,64
1383,61
1508,63
1395,60
1480,61
1491,63
1360,61
1484,62
1472,63
1664,70
1517,64
1534,65
1376,61
1485,63
1449,63
1500,62
1548,67
1471,63
1511,65
1382,60
1341,59
1336,59
1472,65
1457,64
1318,57
1464,62
1440,62
1363,59
1334,58
1421,62
1500,64
1299,55
1379,61
1446,63
1437,63
1509,63
1379,59
1448,61
1446,62
1592,67
1338,61
1368,61
1571,66
1572,66
1378,61
1350,59
1336,61
1483,63
1394,62
1580,66
1446,63
1278,59
1336,60
1385,60
1380,62
1364,61
1562,65
1302,57
1565,66
1299,54
1302,59
1525,66
1508,64
1213,57
1441,61
1456,62
1355,60
1364,61
1313,57
1502,62
1554,68
1300,58
1570,64
1540,65
1131,54
1551,65
1449,64
1510,64
1452,62
1346,58
1585,66
1477,61
1395,61
1507,64
1378,59
1336,59
1524,61
1279,58
1290,58
1512,64
1475,63
1527,64
1536,65
1527,64
1377,58
1344,60
1457,63
1285,59
1523,66
1515,64
1470,63
1429,63
1409,61
1300,59
1312,61
1532,67
1525,64
1450,62
1368,58
1419,62
1362,61
1557,66
1501,64
1503,67
1391,60
1587,66
1292,59
1246,56
1428,63
1497,66
1472,62
1446,61
1287,57
1508,64
1321,60
1521,63
1479,63
1556,64
1419,60
1455,61
1340,60
1473,63
1448,61
1516,65
1330,58
1331,61
1505,64
1430,60
1538,63
1398,62
1485,61
1457,64
1479,64
1337,60
1399,60
1454,63
1400,60
1442,63
1355,60
1357,60
1393,60
1391,60
1343,59
1349,61
1416,62
1368,61
1562,64
1459,63
1372,59
1292,58
1575,67
1352,59
1514,64
1419,61
1445,63
1313,60
1439,62
1390,61
1292,59
1519,66
1361,61
1443,60
1264,56
1456,62
1364,58
1545,65
1472,62
1300,58
1511,64
1380,60
1253,57
1357,60
1412,61
1473,64
1559,65
1474,61
1443,63
1315,59
1340,60
1355,60
1371,59
1294,58
1356,59
1183,54
1419,61
1376,60
1299,59
1377,61
1448,62
1477,62
1524,63
1521,64
1524,64
1320,59
1523,65
1271,55
1427,62
1450,61
1360,59
1451,63
1437,63
1621,68
1399,62
1386,62
1659,69
1341,60
1368,58
1657,69
1428,61
1485,64
1444,62
1463,64
1488,64
1573,67
1384,60
1322,58
1583,67
1427,61
1438,64
1403,63
1604,67
1420,61
1566,67
1425,62
1446,61
1465,62
1374,60
1314,58
1413,63
1368,63
1408,60
1337,59
1392,61
1417,64
1423,62
1484,64
1446,63
1400,61
1450,63
1399,62
1345,59
1562,65
1545,65
1468,62
1423,63
1355,59
1493,62
1391,59
1357,61
1474,63
1459,60
1505,63
1536,63
1539,66
1402,61
1588,66
1535,65
1396,60
1266,56
1506,63
1397,61
1602,67
1586,67
1526,64
1520,64
1497,62
1566,66
1469,64
1503,63
1525,66
1530,65
1400,61
1321,59
1401,60
1522,66
1399,62
1384,61
1584,66
1361,60
1441,62
1427,62
1573,64
1547,66
1379,61
1482,64
1441,62
1508,64
1357,59
1590,64
1504,63
1309,58
1432,61
1622,67
1485,62
1337,60
1388,61
1449,63
1372,62
1512,64
1382,60
1292,58
1480,65
1507,66
1235,56
1271,58
1401,61
1585,65
1466,62
1450,62
1496,62
1457,62
1344,61
1440,64
1386,62
1583,64
1452,63
1368,60
1426,61
1423,63
1541,67
1423,60
1439,63
1380,58
1611,68
1364,59
1285,57
1459,64
1498,64
1387,60
1419,61
1626,64
1454,61
1321,60
1560,66
1272,57
1205,55
1435,63
1218,55
1463,64
1566,66
1421,61
1455,61
1471,62
1341,60
1485,62
1401,62
1452,64
1535,65
1286,59
1563,65
1426,61
1605,67
1397,61
1483,63
1483,63
1410,61
1481,64
1239,57
1440,62
1450,62
1356,60
1389,62
1520,64
1547,64
1466,64
1438,61
1517,64
1451,61
1591,67
1551,65
1315,60
1602,65
1333,60
1248,58
1590,67
1527,64
1279,57
1474,64
1501,64
1590,67
1337,59
1518,65
1230,54
1441,63
1464,61
1389,61
1357,60
1449,63
1489,66
1398,60
1622,67
1445,63
1522,64
1600,65
1387,61
1336,58
1384,62
1461,62
1381,61
1450,62
1544,64
1545,65
1566,65
1541,64
1335,57
1459,63
1279,56
1335,58
1497,63
1393,60
1298,56
1485,61
1506,63
1349,58
1340,59
1443,62
1459,63
1538,66
1349,60
1421,62
1492,62
1515,64
1560,67
1490,64
1430,62
1463,62
1444,61
1425,62
1332,59
1494,63
1403,64
1505,66
1305,58
1433,63
1539,65
1541,65
1418,60
1349,60
1550,64
1375,59
1324,59
1467,65
1435,61
1536,65
1354,56
1474,64
1405,61
1301,58
1530,66
1448,62
1440,63
1398,60
1550,66
1360,59
1386,60
1407,62
1361,60
1304,58
1614,67
1475,62
1441,61
1294,58
1561,65
1410,60
1534,63
1347,59
1271,58
1443,61
1506,65
1315,60
1478,65
1286,58
1704,69
1510,65
1539,64
1611,66
1509,64
1483,62
1557,66
1408,59
1517,64
1544,64
1530,66
1535,65
1207,55
1369,61
1396,61
1627,65
1333,58
1379,60
1205,56
1492,64
1411,61
1427,61
1251,57
1444,62
1615,68
1364,59
1448,61
1360,57
1376,59
1455,63
1417,59
1565,65
1434,62
1574,64
1478,62
1369,59
1588,67
1660,68
1408,60
1496,61
1456,62
1359,60
1496,64
1365,61
1488,64
1447,62
1389,61
1269,59
1553,67
1529,63
1347,59
1615,66
1372,57
1478,62
1533,66
1462,63
1440,63
1485,64
1448,61
1474,62
1404,62
1482,65
1443,62
1206,56
1375,60
1350,57
1310,59
1526,65
1399,60
1431,62
1379,60
1441,61
1248,56
1374,61
1430,63
1489,65
1496,65
1381,61
1483,63
1474,63
1407,61
1448,62
1373,61
1296,60
1505,64
1300,58
1277,58
1555,65
1392,61
1502,63
1473,62
1493,63
1429,63
1571,65
1404,62
1366,60
1333,58
1471,62
1265,57
1535,64
1520,65
1556,66
1290,59
1583,66
1385,58
1412,62
1360,59
1342,59
1273,56
1448,62
1483,62
1342,59
1379,61
1518,65
1347,60
1467,61
1503,65
1501,64
1368,60
1472,61
1579,67
1546,65
1433,62
1462,64
1439,62
1429,61
1500,65
1415,60
1471,61
1527,64
1360,57
1464,61
1438,61
1381,59
1471,64
1650,68
1412,63
1403,60
1485,64
1418,61
1426,62
1352,61
1413,63
1475,64
1450,61
1434,62
1338,56
1195,54
1336,60
1254,56
1626,68
1390,58
1368,59
1473,62
1414,61
1382,58
1490,64
1595,66
1582,66
1290,59
1398,60
1586,65
1352,62
1473,64
1505,62
1508,65
1447,63
1425,60
1457,63
1612,67
1278,58
1555,65
1376,59
1452,62
1497,64
1393,61
1435,62
1593,65
1511,65
1593,67
1487,64
1514,64
1486,63
1355,60
1646,67
1605,68
1405,62
1500,64
1551,67
1428,64
1321,58
1401,61
1294,59
1518,63
1530,66
1526,63
1548,67
1447,60
1571,67
1496,65
1513,65
1458,62
1365,61
1437,64
1694,68
1531,66
1413,60
1366,58
1336,58
1333,60
1431,60
1472,64
1269,59
1473,63
1347,58
1630,68
1386,62
1387,61
1496,66
1369,58
1278,58
1430,60
1415,62
1541,67
1255,55
1540,64
1415,61
1516,63
1521,65
1362,61
1504,66
1541,67
1329,60
1406,62
1488,64
1304,60
1530,66
1408,61
1505,64
1480,62
1406,61
1435,61
1370,61
1483,64
1478,61
1483,62
1367,60
1380,61
1443,63
1431,59
1287,57
1395,61
1512,64
1272,57
1555,65
1471,62
1410,63
1325,60
1364,61
1467,62
1442,61
1510,65
1566,68
1565,66
1571,66
1522,64
1546,64
1601,66
1406,59
1555,65
1470,63
1465,64
1507,64
1362,58
1515,66
1435,61
1500,62
1394,62
1346,60
1511,64
1414,60
1465,63
1358,59
1515,64
1611,66
1429,60
1389,63
1379,62
1450,64
1462,64
1469,62
1330,59
1460,62
1320,59
1442,63
1443,63
1489,64
1347,58
1311,58
1446,61
1513,63
1539,64
1525,66
1508,65
1480,64
1473,63
1326,60
1568,65
1299,57
1464,62
1321,60
1551,65
1534,66
1426,64
1556,67
1440,62
1502,63
1310,58
1478,63
1404,62
1443,61
1390,62
1554,64
1528,65
1244,57
1488,62
1507,65
1367,58
1418,60
1321,60
1617,66
1325,58
1459,64
1300,59
1373,60
1351,59
1461,64
1209,56
1535,67
1474,64
1311,58
1430,63
1481,63
1466,63
1285,56
1461,64
1443,63
1420,61
1313,58
1454,62
1483,63
1391,61
1579,67
1551,67
1435,63
1489,65
1661,68
1413,61
1451,63
1346,61
1673,68
1488,63
1438,60
1456,65
1276,57
1341,60
1421,60
1519,66
1427,61
1493,64
1597,66
1452,62
1587,66
1328,58
1357,60
1421,62
1449,61
1370,60
1440,62
1412,61
1610,68
1289,59
1473,62
1395,60
1464,64
1645,67
1457,61
1413,63
1419,62
1286,58
1363,60
1503,63
1486,64
1340,61
1297,58
1574,65
1506,62
1396,60
1257,58
1332,60
1384,58
1491,63
1465,61
1499,66
1318,57
1430,61
1455,65
1554,65
1425,62
1294,57
1386,60
1227,57
1542,64
1516,65
1379,61
1367,60
1461,63
1371,60
1494,63
1455,64
1412,61
1442,63
1528,65
1403,60
1284,56
1335,58
1477,62
1427,61
1476,65
1409,62
1489,63
1565,66
1541,65
1368,60
1436,61
1540,64
1425,61
1492,63
1539,63
1219,55
1297,57
1317,58
1355,60
1360,60
1511,64
1391,61
1425,61
1557,65
1451,63
1252,53
1535,65
1541,65
1649,69
1475,65
1316,59
1295,57
1356,61
1286,58
1283,57
1521,64
1245,57
1417,61
1333,60
1419,63
1424,63
1474,60
1446,64
1521,64
1388,60
1276,59
1476,61
1517,66
1505,65
1428,61
1550,64
1396,60
1337,60
1411,60
1384,61
1417,61
1419,62
1475,63
1512,67
1603,67
1413,62
1430,64
1548,66
1397,61
1440,62
1418,61
1330,59
1406,61
1538,66
1343,58
1410,61
1571,62
1426,60
1619,68
1455,63
1507,63
1469,63
1523,65
1489,63
1356,61
1403,59
1556,65
1518,64
1405,61
1475,62
1480,63
1477,63
1554,64
1471,64
1383,61
1327,57
1403,61
1425,64
1496,65
1550,63
1415,60
1495,62
1406,60
1183,55
1510,64
1393,60
1375,61
1432,62
1464,63
1394,60
1491,63
1543,66
1280,57
1527,65
1468,63
1407,62
1618,68
1420,62
1406,59
1406,59
1369,58
1502,65
1522,64
1257,56
1267,57
1529,64
1617,65
1291,57
1476,62
1362,59
1374,59
1556,67
1429,61
1455,62
1519,65
1474,64
1425,60
1556,67
1373,62
1328,57
1340,59
1428,61
1457,64
1538,64
1644,67
1475,64
1393,61
1580,67
1529,64
1455,61
1435,64
1446,62
1319,58
1433,62
1418,61
1438,61
1531,66
1570,66
1462,62
1484,63
1443,61
1473,62
1416,61
1305,58
1414,60
1523,65
1424,60
1482,63
1500,65
1423,62
1512,63
1551,64
1573,64
1379,60
1448,64
1369,62
1365,60
1410,59
1479,63
1609,67
1480,65
1305,60
1298,57
1461,64
1524,64
1438,61
1375,62
1392,62
1446,62
1318,57
1412,61
1413,61
1559,64
1454,63
1443,63
1508,63
1342,61
1495,64
1447,64
1602,65
1459,60
1314,59
1473,65
1326,59
1530,65
1565,67
1439,62
1462,61
1426,63
1549,65