1338,62
1344,63
1356,62
1344,63
1343,62
1347,62
1407,63
1308,61
1315,61
1344,63
1396,63
1381,64
1288,60
1439,66
1337,61
1358,63
1356,62
1406,62
1416,65
1411,65
1478,66
1431,65
1439,66
1327,62
1407,65
1248,61
1439,66
1335,63
1419,64
1464,66
1439,66
1457,67
1372,63
1385,62
1441,66
1455,67
1377,62
1423,64
1408,66
1455,67
1455,67
1409,64
1455,67
1372,64
1388,64
1455,67
1476,67
1462,66
1424,66
1411,64
1392,65
1390,65
1416,64
1297,61
1368,63
1287,61
1368,63
1421,66
1393,63
1411,66
1424,65
1324,62
1430,64
1455,67
1457,66
1388,62
1447,66
1442,66
1455,67
1381,64
1329,64
1431,64
1455,67
1343,63
1354,64
1455,67
1237,58
1358,62
1401,65
1321,61
1387,65
1285,62
1392,64
1432,66
1417,65
1305,60
1377,63
1373,63
1421,66
1394,63
1455,67
1381,65
1455,67
1349,63
1518,66
1457,64
1393,65
1455,67
1391,64
1396,64
1461,67
1288,60
1416,64
1439,66
1456,64
1347,62
1408,66
1444,64
1461,66
1455,67
1422,65
1428,65
1379,62
1343,62
1455,67
1441,66
1451,65
1455,65
1377,62
1376,63
1457,67
1349,63
1395,65
1418,66
1419,65
1389,63
1472,67
1445,66
1285,60
1465,66
1429,64
1455,67
1455,67
1465,64
1509,67
1444,66
1455,67
1334,61
1411,64
1421,66
1394,64
1379,65
1400,64
1275,61
1407,65
1405,65
1408,66
1482,67
1440,64
1472,67
1417,65
1455,67
1437,66
1402,62
1455,67
1439,65
1398,63
1389,64
1455,67
1426,65
1417,65
1391,64
1372,62
1455,67
1407,65
1429,65
1428,65
1401,63
1448,64
1463,67
1455,67
1387,64
1425,66
1445,66
1424,66
1463,65
1428,66
1341,63
1453,67
1365,64
1453,67
1453,67
1361,63
1453,67
1420,66
1417,65
1371,64
1453,67
1411,64
1481,66
1470,64
1441,67
1356,64
1423,66
1394,64
1441,67
1459,64
1399,65
1539,68
1503,68
1512,66
1503,68
1465,67
1534,67
1398,63
1394,61
1503,68
1543,69
1344,62
1501,68
1390,61
1494,66
1572,68
1395,64
1477,66
1273,61
1521,67
1334,61
1504,68
1403,65
1543,69
1501,67
1543,69
1428,65
1545,69
1518,67
1349,62
1510,68
1414,65
1543,69
1495,68
1413,64
1499,67
1543,69
1543,69
1521,68
1541,69
1553,69
1465,66
1541,69
1556,67
1452,65
1424,65
1448,66
1480,65
1541,69
1533,69
1442,65
1459,67
1363,62
1533,69
1529,69
1392,63
1502,67
1511,68
1395,63
1445,65
1486,66
1505,66
1336,63
1478,66
1500,68
1454,65
1333,60
1531,69
1551,70
1551,70
1498,68
1460,67
1529,69
1551,70
1588,70
1436,67
1426,65
1366,63
1523,69
1530,69
1486,68
1412,66
1336,64
1407,65
1551,70
1577,70
1338,63
1551,70
1431,65
1453,64
1508,67
1272,60
1443,64
1537,68
1496,68
1551,70
1506,67
1398,65
1563,70
1551,70
1388,64
1423,65
1510,69
1421,63
1551,70
1394,64
1380,64
1479,67
1530,68
1440,65
1399,64
1501,66
1565,70
1551,70
1507,67
1443,64
1236,56
1474,67
1588,69
1525,68
1592,71
1592,71
1524,69
1446,64
1592,71
1538,70
1489,65
1439,66
1524,69
1586,71
1586,71
1487,67
1506,68
1453,65
1555,67
1603,71
1619,71
1502,67
1532,69
1573,70
1421,65
1483,68
1619,71
1352,60
1474,67
1455,67
1438,63
1590,71
1499,67
1419,64
1570,70
1551,70
1586,71
1599,70
1465,66
1507,67
1492,68
1571,70
1508,68
1589,71
1570,70
1298,62
1531,69
1497,68
1314,62
1551,70
1619,71
1453,66
1319,60
1520,69
1549,68
1588,71
1488,67
1524,69
1457,65
1497,66
1561,70
1451,66
1574,70
1508,67
1511,67
1433,66
1469,65
1520,66
1643,70
1507,69
1586,71
1586,71
1402,64
1537,68
1475,66
1570,70
1586,71
1596,71
1517,68
1427,65
1524,69
1445,64
1367,65
1586,71
1459,64
1483,68
1586,71
1586,71
1469,67
1497,69
1507,68
1471,66
1470,67
1402,63
1443,64
1471,67
1586,71
1450,66
1586,71
1463,65
1462,65
1584,71
1584,71
1522,69
1514,69
1425,66
1600,70
1584,71
1582,71
1517,68
1483,66
1580,71
1601,70
1607,71
1457,66
1556,70
1580,71
1494,67
1499,68
1502,67
1526,68
1468,66
1544,68
1555,69
1468,68
1551,70
1515,69
1580,71
1526,69
1559,70
1472,66
1450,66
1494,68
1532,65
1484,67
1434,65
1578,71
1578,71
1494,67
1363,64
1392,64
1567,70
1513,67
1477,67
1578,71
1450,65
1498,68
1489,67
1599,71
1559,70
1444,63
1501,68
1561,69
1488,67
1487,68
1256,59
1534,67
1478,67
1408,64
1564,69
1588,71
1486,67
1445,66
1513,66
1551,70
1567,67
1569,70
1421,64
1576,71
1509,69
1280,61
1428,64
1576,71
1459,66
1522,68
1576,71
1571,70
1357,60
1576,71
1576,71
1584,71
1509,67
1504,68
1578,71
1470,67
1576,71
1450,67
1549,69
1402,64
1408,65
1551,70
1590,71
1576,71
1395,63
1504,68
1504,68
1444,66
1514,67
1448,67
1325,63
1580,71
1504,67
1431,65
1582,70
1347,63
1580,71
1216,58
1448,67
1620,72
1434,66
1595,71
1524,68
1576,69
1546,68
1562,69
1527,67
1620,72
1523,68
1620,72
1511,68
1620,72
1442,65
1531,69
1455,66
1512,68
1513,67
1499,68
1515,68
1583,71
1559,69
1434,65
1519,68
1421,63
1496,67
1317,59
1428,65
1359,62
1665,71
1620,72
1570,70
1620,72
1473,67
1583,71
1620,72
1618,72
1366,61
1618,72
1442,65
1408,64
1511,68
1618,72
1583,71
1519,69
1622,72
1505,67
1618,72
1609,70
1443,66
1618,72
1576,69
1548,69
1626,70
1572,71
1431,62
1618,72
1492,66
1622,71
1510,68
1532,68
1568,69
1491,67
1571,70
1532,69
1585,68
1430,66
1618,72
1616,72
1419,65
1557,70
1443,65
1616,72
1558,70
1556,70
1313,61
1463,66
1397,64
1420,64
1628,72
1589,71
1536,68
1593,71
1526,68
1601,71
1554,69
1616,72
1472,66
1579,70
1502,67
1616,72
1525,68
1577,70
1478,66
1599,71
1618,70
1503,67
1420,65
1632,72
1481,68
1548,68
1527,69
1598,71
1586,70
1517,67
1527,69
1342,62
1515,68
1542,69
1553,70
1655,72
1330,61
1593,71
1571,70
1616,72
1550,67
1567,69
1629,72
1459,65
1441,66
1469,67
1401,64
1616,72
1592,70
1418,64
1536,68
1592,69
1616,72
1480,68
1489,68
1560,70
1537,69
1402,64
1535,68
1462,65
1636,72
1614,72
1498,68
1449,65
1467,65
1638,71
1397,63
1577,71
1589,69
1538,68
1612,72
1559,69
1392,64
1550,70
1596,71
1478,66
1601,71
1485,68
1615,71
1485,68
1563,70
1394,64
1492,68
1612,71
1507,67
1349,62
1540,69
1557,70
1542,69
1618,72
1614,71
1557,69
1616,72
1612,72
1558,70
1614,72
1342,61
1475,67
1616,72
1391,61
1614,72
1532,68
1431,64
1612,72
1534,69
1593,70
1568,70
1558,70
1439,65
1612,72
1440,65
1426,65
1612,72
1550,70
1566,70
1440,65
1468,64
1614,72
1534,69
1612,72
1552,70
1608,70
1341,62
1409,64
1522,69
1612,72
1557,70
1564,70
1612,72
1455,65
1503,67
1614,72
1615,71
1457,66
1505,68
1638,71
1532,69
1590,70
1587,71
1341,62
1596,71
1612,72
1438,66
1531,68
1618,72
1453,65
1612,72
1436,65
1612,72
1612,72
1618,72
1571,70
1612,72
1601,71
1474,67
1595,71
1522,69
1229,58
1546,69
1660,73
1529,69
1450,66
1488,66
1531,67
1406,64
1558,69
1390,63
1573,67
1600,70
1511,68
1678,73
1385,63
1385,62
1378,62
1525,69
1629,72
1674,72
1413,64
1465,65
1560,68
1501,67
1519,68
1568,69
1580,69
1660,73
1381,64
1615,72
1547,68
1660,73
1658,73
1618,71
1433,62
1658,73
1658,73
1491,67
1700,74
1623,72
1455,66
1675,73
1534,67
1408,65
1675,71
1568,68
1607,70
1627,71
1694,74
1469,66
1394,65
1369,63
1463,65
1504,66
1552,68
1510,68
1702,73
1515,66
1566,68
1557,69
1366,63
1702,74
1431,65
1625,71
1640,72
1694,74
1552,68
1524,67
1364,63
1621,71
1585,69
1694,74
1432,63
1711,74
1630,72
1472,66
1669,72
1408,63
1500,67
1515,69
1632,71
1696,74
1574,69
1443,63
1626,71
1660,72
1460,67
1612,68
1660,73
1689,73
1692,74
1456,66
1616,71
1521,68
1631,70
1552,69
1625,71
1659,73
1600,69
1633,72
1692,74
1695,73
1683,73
1664,71
1690,74
1700,74
1609,70
1704,74
1690,74
1558,69
1694,73
1495,67
1660,73
1688,74
1636,71
1584,69
1650,73
1590,68
1678,73
1502,67
1644,71
1390,62
1552,69
1603,70
1470,66
1668,73
1436,64
1510,68
1551,70
1509,64
1346,62
1515,68
1691,73
1651,73
1631,72
1483,67
1564,69
1721,74
1688,74
1499,68
1690,74
1694,74
1641,72
1688,74
1590,71
1433,66
1715,74
1671,72
1623,71
1645,72
1584,70
1403,63
1547,69
1646,73
1690,74
1566,70
1368,64
1561,69
1584,71
1456,64
1673,73
1692,74
1417,65
1664,72
1617,71
1623,72
1382,62
1698,73
1622,72
1700,74
1636,70
1537,68
1563,69
1634,71
1633,72
1574,68
1533,69
1488,66
1639,72
1404,64
1583,70
1463,66
1668,71
1672,72
1577,70
1688,74
1602,71
1638,71
1574,68
1698,74
1638,71
1683,73
1637,72
1577,71
1700,74
1594,70
1679,73
1557,68
1526,67
1700,74
1568,70
1566,70
1696,74
1373,63
1618,70
1598,71
1624,70
1576,70
1654,73
1567,69
1577,69
1549,69
1517,68
1621,72
1658,73
1620,72
1664,71
1688,74
1653,70
1690,74
1557,67
1434,65
1523,66
1658,71
1428,65
1597,70
1434,65
1583,71
1532,68
1620,69
1529,69
1704,74
1631,72
1694,73
1664,73
1669,70
1688,74
1637,71
1465,66
1654,72
1600,71
1637,71
1567,69
1694,74
1725,74
1603,70
1388,64
1688,74
1647,71
1633,72
1617,71
1591,71
1690,74
1642,71
1650,73
1626,69
1688,74
1419,65
1629,72
1692,74
1624,72
1446,65
1554,68
1698,74
1688,74
1698,74
1702,74
1565,69
1652,73
1476,66
1568,70
1627,72
1694,74
1584,71
1555,69
1561,69
1565,67
1597,70
1655,73
1515,67
1399,65
1690,74
1688,74
1629,70
1521,69
1560,68
1475,65
1619,69
1654,72
1688,74
1642,71
1577,68
1658,73
1682,74
1690,72
1547,67
1682,74
1556,70
1451,66
1614,71
1671,73
1470,65
1407,63
1579,69
1659,71
1566,70
1686,74
1401,62
1569,69
1503,67
1686,73
1684,74
1690,74
1612,71
1613,70
1545,67
1692,74
1596,71
1619,69
1746,74
1474,65
1567,68
1567,70
1682,74
1636,73
1563,68
1686,74
1591,70
1496,66
1632,72
1632,71
1658,71
1684,74
1471,65
1381,64
1694,74
1436,65
1480,66
1670,73
1396,64
1682,74
1686,74
1616,71
1531,68
1523,65
1659,73
1646,73
1493,67
1684,74
1686,74
1688,74
1461,65
1594,71
1682,74
1532,69
1498,66
1471,64
1610,71
1606,71
1463,66
1682,74
1507,68
1564,68
1503,68
1682,74
1622,72
1628,69
1524,68
1532,67
1470,66
1433,65
1622,72
1682,74
1574,70
1490,66
1619,70
1623,72
1599,69
1604,69
1498,67
1682,74
1684,74
1638,73
1684,74
1557,67
1536,68
1535,68
1492,66
1682,74
1582,71
1484,67
1611,72
1494,67
1619,71
1684,74
1682,74
1659,71
1461,65
1675,73
1647,73
1675,72
1477,67
1684,74
1688,74
1663,72
1643,72
1452,66
1522,67
1420,65
1542,68
1468,65
1286,59
1578,70
1624,72
1684,74
1685,73
1682,74
1381,63
1563,70
1578,70
1692,74
1499,67
1439,65
1609,70
1667,73
1658,72
1684,74
1348,60
1495,67
1571,69
1698,73
1652,72
1476,67
1636,72
1548,66
1541,69
1589,69
1686,74
1692,74
1609,71
1641,72
1519,68
1492,66
1491,67
1688,74
1634,72
1640,72
1584,70
1721,74
1617,72
1721,74
1707,74
1692,74
1673,71
1692,74
1652,73
1558,70
1694,74
1664,73
1217,59
1682,74
1682,74
1682,74
1652,72
1554,67
1725,74
1638,72
1510,67
1592,71
1674,73
1690,74
1689,73
1619,72
1326,60
1698,74
1652,73
1682,74
1682,74
1684,74
1680,74
1641,70
1557,68
1682,74
1579,69
1569,70
1452,65
1686,74
1642,72
1507,67
1607,71
1680,74
1623,72
1602,68
1608,71
1680,74
1503,68
1634,72
1680,74
1570,69
1680,74
1608,70
1674,73
1479,66
1566,70
1680,74
1686,74
1640,72
1614,70
1473,66
1446,65
1409,65
1691,73
1690,74
1584,69
1608,70
1658,73
1506,67
1679,73
1642,73
1661,73
1460,65
1629,72
1365,64
1400,64
1638,73
1590,70
1644,73
1584,69
1614,72
1681,73
1558,67
1613,70
1589,69
1633,72
1682,74
1662,73
1463,65
1557,69
1458,66
1649,72
1638,71
1594,70
1584,69
1690,74
1536,68
1692,74
1688,74
1621,72
1678,71
1684,74
1578,69
1536,69
1574,70
1509,68
1322,62
1543,68
1632,71
1552,69
1629,70
1565,69
1514,68
1680,74
1458,66
1684,74
1680,74
1503,66
1694,74
1484,67
1625,71
1680,74
1652,72
1620,71
1585,70
1572,69
1473,66
1627,72
1680,74
1635,71
1688,74
1600,71
1489,64
1597,71
1680,74
1586,70
1416,65
1680,74
1506,68
1470,66
1458,67
1583,71
1682,74
1403,63
1592,71
1648,72
1685,72
1680,74
1627,71
1682,74
1682,74
1598,69
1595,71
1680,74
1556,64
1484,66
1705,74
1586,69
1584,69
1466,66
1534,67
1519,67
1610,68
1567,69
1680,74
1511,66
1586,68
1544,69
1472,65
1621,71
1613,71
1682,74
1558,67
1431,65
1565,69
1659,71
1553,69
1680,74
1533,69
1680,74
1694,73
1481,67
1565,70
1649,73
1406,64
1533,66
1645,71
1521,69
1671,72
1647,71
1688,74
1682,74
1588,70
1560,66
1508,67
1655,73
1505,63
1682,74
1424,62
1680,74
1572,69
1615,70
1653,72
1619,71
1653,72
1644,70
1583,71
1636,71
1694,74
1670,72
1518,68
1682,74
1550,69
1596,71
1558,66
1632,69
1571,69
1583,71
1606,71
1383,64
1662,71
1710,71
1489,67
1533,68
1443,66
1563,68
1651,73
1619,71
1511,66
1648,71
1603,68
1631,72
1698,73
1680,74
1509,68
1620,70
1686,72
1601,70
1680,74
1627,72
1499,65
1606,69
1648,72
1499,67
1618,70
1367,63
1684,74
1436,64
1687,72
1560,68
1602,72
1607,69
1561,68
1649,72
1680,74
1474,66
1435,66
1635,72
1607,70
1588,68
1661,71
1614,71
1489,67
1646,73
1585,68
1494,65
1680,74
1519,65
1558,70
1344,63
1500,65
1644,73
1440,66
1581,69
1423,65
1409,64
1571,69
1634,70
1680,74
1621,72
1644,73
1609,70
1623,72
1682,74
1494,66
1679,73
1611,71
1608,69
1630,70
1457,65
1593,71
1529,67
1380,63
1645,72
1543,68
1601,70
1662,73
1572,71
1432,66
1506,66
1338,63
1644,73
1668,73
1680,74
1607,70
1595,71
1355,62
1657,73
1634,72
1435,66
1704,73
1558,69
1702,71
1682,74
1657,73
1526,68
1565,70
1547,70
1680,74
1364,63
1663,70
1550,67
1684,74
1626,70
1444,64
1688,74
1423,64
1687,72
1694,73
1340,60
1677,73
1587,71
1575,69
1629,70
1458,67
1528,68
1479,65
1379,61
1680,74
1600,70
1606,72
1436,67
1656,72
1575,71
1554,67
1643,69
1588,70
1660,69
1406,64
1358,62
1643,71
1680,74
1452,63
1649,69
1428,63
1497,65
1610,70
1467,66
1604,70
1666,73
1655,73
1557,66
1397,64
1680,74
1698,73
1617,71
1590,71
1680,74
1565,67
1566,66
1578,69
1636,73
1686,74
1559,69
1409,63
1404,64
1614,70
1622,69
1580,70
1642,71
1676,72
1633,72
1587,69
1616,72
1680,74
1605,71
1544,69
1572,70
1469,65
1690,74
1680,74
1491,65
1485,66
1366,64
1619,72
1575,71
1321,62
1680,74
1492,68
1637,69
1680,74
1641,73
1589,69
1458,66
1680,74
1625,72
1678,71
1647,69
1549,69
1680,74
1508,68
1681,72
1492,65
1603,69
1508,65
1415,64
1565,69
1574,69
1582,71
1485,66
1458,66
1626,70
1680,74
1632,71
1695,73
1598,69
1382,64
1636,71
1680,74
1477,67
1612,70
1686,71
1600,69
1471,67
1596,70
1622,72
1680,74
1646,71
1593,69
1596,71
1480,66
1627,70
1373,63
1672,73
1625,69
1629,71
1466,66
1611,71
1555,69
1682,72
1711,74
1673,72
1350,61
1580,70
1698,73
1454,63
1593,69
1586,70
1590,69
1599,71
1602,70
1646,71
1287,62
1590,69
1647,69
1605,69
1671,72
1598,70
1547,68
1625,69
1627,70
1634,72
1647,73
1565,69
1621,71
1508,67
1686,74
1655,73
1605,70
1380,62
1680,74
1693,73
1680,74
1523,68
1589,71
1614,72
1526,66
1487,67
1680,74
1668,72
1574,70
1527,67
1622,70
1681,72
1279,60
1702,73
1509,66
1587,70
1680,74
1527,67
1681,72
1516,67
1646,72
1673,72
1516,68
1536,67
1477,64
1543,66
1677,73
1627,72
1462,66
1638,72
1556,69
1614,70
1489,66
1413,63
1618,71
1615,72
1423,61
1680,74
1399,64
1533,68
1587,71
1682,74
1634,72
1481,66
1597,70
1428,65
1646,71
1625,72
1455,64
1555,69
1399,64
1680,74
1519,68
1680,74
1557,68
1366,64
1518,67
1680,74
1590,71
1558,70
1680,74
1581,71
1536,68
1385,64
1479,66
1558,70
1607,71
1655,73
1680,74
1481,64
1598,68
1584,70
1688,74
1636,72
1489,66
1675,72
1657,73
1629,71
1664,73
1620,70
1623,70
1680,74
1337,62
1498,67
1456,65
1563,68
1619,71
1557,69
1650,72
1465,65
1680,74
1476,64
1587,70
1658,70
1698,74
1623,71
1546,67
1634,72
1607,69
1476,65
1686,74
1658,71
1530,69
1463,66
1597,70
1548,69
1531,68
1648,71
1584,70
1353,61
1688,74
1474,64
1462,66
1382,64
1582,70
1551,68
1680,74
1646,72
1676,73
1684,74
1553,68
1682,74
1458,66
1612,70
1668,73
1680,74
1621,71
1538,69
1460,65
1647,73
1593,71
1680,74
1657,72
1686,74
1623,72
1568,69
1548,68
1662,73
1578,70
1598,71
1537,68
1686,73
1477,66
1599,71
1565,69
1686,74
1500,67
1711,74
1586,71
1550,68
1593,70
1457,67
1663,73
1672,73
1449,64
1603,71
1626,70
1558,67
1619,72
1666,72
1692,74
1648,72
1546,67
1486,64
1680,74
1680,74
1684,74
1395,62
1510,68
1486,68
1582,69
1485,67
1619,72
1609,71
1584,70
1673,73
1684,74
1588,70
1659,73
1708,72
1680,74
1575,71
1514,68
1622,70
1680,74
1680,74
1594,70
1584,70
1654,72
1495,67
1534,69
1584,70
1680,74
1616,70
1645,72
1659,73
1584,69
1614,72
1381,63
1550,67
1680,74
1628,72
1669,72
1676,72
1508,67
1682,74
1513,68
1440,64
1500,67
1529,69
1474,67
1581,71
1556,68
1684,72
1642,71
1338,63
1678,74
1636,71
1533,68
1647,73
1678,74
1678,74
1570,70
1528,68
1657,72
1620,71
1581,70
1517,68
1678,74
1618,71
1288,62
1611,70
1672,73
1613,70
1607,71
1680,73
1575,69
1606,70
1688,74
1590,71
1588,71
1544,69
1422,65
1678,74
1634,72
1688,74
1424,65
1445,65
1559,70
1661,73
1436,65
1680,74
1620,71
1542,69
1680,74
1548,70
1480,67
1422,65
1476,66
1529,69
1634,72
1613,72
1360,62
1627,72
1678,74
1628,72
1642,72
1678,74
1670,73
1614,71
1338,62
1626,72
1472,65
1451,66
1636,71
1676,74
1633,71
1509,67
1676,74
1628,72
1597,70
1625,70
1503,66
1507,69
1359,63
1644,73
1363,64
1609,72
1570,69
1656,73
1621,72
1676,74
1594,70
1605,71
1629,70
1676,74
1676,74
1678,73
1487,68
1655,72
1669,73
1637,72
1642,72
1580,71
1644,73
1572,68
1600,72
1589,69
1460,67
1631,72
1676,74
1580,70
1579,70
1398,65
1569,69
1521,69
1613,70
1558,68
1638,70
1666,73
1426,64
1676,74
1682,74
1688,74
1676,74
1574,69
1633,72
1467,66
1583,69
1619,72
1311,61
1643,73
1641,71
1557,68
1719,74
1680,73
1673,72
1472,67
1618,71
1401,64
1673,73
1489,65
1682,74
1510,67
1686,74
1491,67
1561,68
1459,66
1678,74
1632,71
1635,72
1634,72
1515,68
1574,70
1638,69
1676,74
1535,68
1471,66
1662,73
1624,70
1627,71
1610,72
1526,69
1505,68
1627,71
1436,65
1594,71
1682,74
1618,71
1594,71
1637,72
1676,74
1673,73
1633,72
1533,67
1676,74
1708,74
1471,66
1653,72
1617,72
1629,72
1387,64
1574,71
1660,73
1530,69
1656,73
1490,64
1676,74
1639,71
1507,68
1415,65
1513,67
1604,71
1608,72
1381,64
1307,60
1602,72
1683,73
1632,72
1557,69
1527,67
1453,66
1698,72
1561,69
1585,70
1600,71
1649,73
1562,70
1568,70
1580,70
1589,71
1676,74
1621,70
1441,64
1663,73
1444,66
1499,67
1505,68
1678,72
1676,74
1643,72
1630,71
1564,69
1487,66
1610,70
1657,72
1626,72
1640,71
1655,72
1619,72
1648,73
1686,73
1684,74
1557,69
1498,68
1676,74
1606,71
1557,67
1552,69
1620,71
1676,74
1547,69
1468,65
1538,69
1656,73
1678,74
1525,67
1406,64
1619,72
1528,68
1700,74
1648,73
1654,73
1599,67
1678,74
1506,68
1541,69
1544,69
1450,64
1652,70
1591,70
1627,69
1416,65
1456,66
1676,74
1529,66
1521,68
1646,72
1506,68
1547,68
1604,69
1576,70
1678,74
1645,72
1670,73
1439,65
1565,68
1484,66
1471,66
1496,68
1433,66
1525,67
1678,74
1520,68
1520,66
1547,68
1670,73
1606,71
1656,73
1594,71
1600,69
1724,73
1632,70
1719,74
1646,69
1578,71
1359,63
1593,71
1573,70
1688,74
1611,71
1551,69
1613,69
1538,69
1690,74
1643,72
1595,70
1490,64
1710,73
1561,70
1601,71
1398,64
1625,72
1667,72
1633,72
1530,67
1495,65
1661,73
1647,72
1594,71
1623,72
1669,73
1620,72
1643,73
1688,74
1713,74
1482,66
1382,63
1533,67
1615,72
1503,68
1713,74
1571,70
1648,73
1431,64
1311,61
1538,68
1461,67
1688,74
1704,74
1676,74
1688,74
1664,73
1613,72
1575,70
1676,74
1470,66
1506,68
1431,65
1474,66
1510,68
1452,67
1583,70
1682,74
1676,74
1387,64
1618,72
1678,74
1482,67
1658,73
1668,72
1678,74
1516,67
1403,65
1680,73
1454,66
1482,67
1555,69
1678,74
1610,71
1642,73
1661,73
1635,71
1667,72
1596,70
1512,67
1437,65
1452,66
1646,70
1657,72
1544,69
1656,73
1551,70
1632,71
1423,65
1676,74
1347,62
1617,71
1614,72
1559,67
1462,67
1617,71
1553,70
1682,74
1623,72
1719,74
1583,70
1582,71
1646,71
1659,73
1650,72
1585,70
1671,73
1619,70
1596,70
1572,69
1468,65
1625,72
1438,66
1692,74
1676,74
1588,71
1653,73
1470,66
1652,72
1621,72
1676,74
1676,74
1676,74
1678,74
1587,70
1676,74
1630,72
1523,69
1564,70
1622,71
1638,73
1393,65
1640,71
1592,71
1572,69
1523,68
1506,67
1633,71
1361,64
1595,70
1678,74
1487,66
1633,72
1713,74
1669,73
1353,64
1520,67
1698,74
1676,74
1594,71
1528,69
1572,69
1636,71
1510,64
1487,67
1495,66
1598,70
1550,69
1660,71
1676,74
1676,74
1543,69
1557,69
1602,72
1557,70
1581,70
1476,67
1463,67
1524,68
1580,71
1529,67
1606,71
1516,67
1676,74
1628,71
1638,73
1676,74
1451,64
1615,69
1530,67
1558,70
1654,73
1700,74
1663,72
1690,74
1658,73
1680,74
1508,67
1401,64
1433,66
1648,73
1649,73
1584,69
1668,73
1398,62
1643,72
1511,67
1654,73
1676,74
1500,67
1555,70
1583,70
1650,73
1412,65
1682,74
1545,68
1676,74
1414,64
1528,66
1646,73
1496,65
1647,73
1250,58
1569,69
1670,73
1440,65
1660,73
1706,74
1639,72
1626,72
1631,71
1556,69
1450,65
1680,74
1274,61
1676,74
1676,74
1678,74
1676,74
1487,67
1460,67
1703,74
1676,74
1499,67
1666,73
1407,64
1689,72
1577,70
1321,62
1581,69
1606,71
1690,73
1415,63
1638,71
1719,74
1645,72
1523,68
1579,70
1456,66
1552,69
1626,72
1676,74
1561,69
1676,74
1512,67
1376,63
1440,65
1635,71
1677,73
1661,73
1682,74
1546,68
1407,61
1702,74
1549,70
1406,64
1656,73
1543,68
1674,73
1374,63
1439,65
1644,73
1556,66
1498,67
1378,64
1568,70
1627,71
1676,74
1680,74
1289,58
1557,69
1554,69
1524,70
1601,71
1634,72
1501,67
1662,73
1660,73
1481,67
1442,65
1568,67
1525,69
1635,71
1549,68
1626,72
1632,72
1530,67
1676,73
1565,68
1599,71
1676,74
1552,70
1687,73
1682,74
1361,64
1611,72
1548,70
1289,58
1491,68
1655,73
1443,65
1676,74
1658,73
1373,63
1399,64
1615,71
1533,68
1600,69
1566,70
1676,74
1676,74
1571,69
1546,70
1676,74
1653,73
1543,69
1584,70
1554,69
1721,74
1678,74
1610,71
1651,73
1680,74
1671,73
1505,68
1684,74
1682,74
1667,73
1525,68
1502,68
1557,69
1673,73
1412,64
1576,70
1421,63
1611,72
1594,71
1679,73
1511,69
1611,72
1440,66
1682,74
1447,65
1492,67
1573,70
1670,73
1676,74
1648,73
1537,69
1470,67
1529,68
1623,72
1676,74
1676,74
1353,61
1407,63
1556,67
1474,67
1351,62
1525,68
1558,70
1345,63
1574,67
1581,69
1676,74
1678,74
1458,65
1678,74
1512,68
1676,73
1676,74
1414,63
1536,70
1676,74
1424,65
1512,67
1654,73
1527,68
1470,67
1503,68
1474,66
1443,67
1623,71
1662,73
1682,74
1676,74
1604,70
1435,64
1658,73
1458,65
1676,74
1646,72
1690,74
1682,74
1619,71
1549,69
1400,63
1599,70
1680,72
1483,67
1473,67
1594,70
1565,66
1516,68
1541,68
1646,73
1492,67
1516,68
1635,72
1684,74
1315,60
1678,74
1396,63
1676,74
1589,71
1625,72
1597,70
1483,67
1669,72
1686,73
1569,70
1552,68
1659,73
1678,73
1341,63
1646,73
1676,74
1596,70
1607,70
1465,65
1423,64
1476,65
1515,67
1587,68
1380,63
1447,64
1638,72
1531,68
1635,72
1713,74
1629,72
1678,72
1643,73
1702,73
1611,70
1416,63
1673,73
1610,70
1418,63
1599,71
1676,74
1676,74
1495,68
1676,74
1587,70
1627,72
1485,68
1684,74
1538,68
1578,68
1672,72
1593,70
1676,74
1680,74
1632,72
1580,71
1419,64
1682,74
1623,70
1680,74
1362,63
1625,72
1608,70
1420,63
1653,70
1453,66
1449,67
1589,71
1541,68
1676,74
1580,67
1676,74
1421,67
1549,67
1624,70
1630,73
1472,66
1484,66
1676,74
1610,71
1486,66
1682,74
1479,67
1602,72
1658,72
1579,68
1637,72
1523,68
1643,73
1577,70
1493,67
1466,66
1623,70
1569,70
1676,74
1676,74
1650,73
1516,68
1626,71
1601,71
1526,69
1386,62
1506,66
1634,72
1513,65
1558,68
1571,69
1509,67
1676,74
1429,65
1546,70
1649,73
1402,62
1606,70
1575,69
1682,74
1578,69
1676,74
1574,70
1581,69
1381,61
1523,68
1664,72
1550,70
1516,68
1512,67
1634,71
1403,64
1336,61
1404,64
1578,69
1676,74
1619,71
1682,74
1609,70
1558,68
1581,69
1524,68
1680,74
1643,73
1467,67
1442,65
1576,69
1678,74
1636,71
1658,72
1555,68
1670,72
1680,74
1590,69
1515,67
1566,70
1580,69
1678,74
1542,69
1578,71
1562,68
1578,70
1676,74
1682,74
1676,74
1547,70
1643,71
1427,64
1472,66
1538,69
1660,73
1668,72
1402,63
1555,68
1506,64
1603,69
1516,68
1508,67
1676,74
1461,65
1678,74
1621,70
1484,66
1556,70
1573,69
1621,72
1565,67
1659,72
1590,71
1633,72
1732,71
1678,74
1586,69
1572,70
1672,72
1588,71
1629,71
1566,68
1646,73
1680,73
1654,73
1674,71
1684,74
1600,68
1420,65
1709,73
1418,63
1659,73
1535,66
1246,58
1676,74
1682,74
1613,70
1476,66
1631,71
1602,70
1488,68
1618,69
1653,72
1468,64
1456,64
1567,68
1618,71
1558,67
1598,69
1593,70
1523,68
1646,72
1227,59
1680,74
1668,71
1516,67
1678,73
1613,71
1428,65
1680,73
1549,65
1466,64
1627,71
1559,68
1702,73
1630,73
1694,73
1538,67
1651,73
1639,69
1482,67
1557,70
1680,74
1626,71
1676,74
1516,68
1676,74
1514,66
1676,74
1575,69
1528,69
1676,74
1380,60
1353,61
1611,69
1389,64
1629,72
1466,63
1676,74
1676,74
1649,73
1597,70
1676,72
1645,73
1340,63
1574,71
1530,68
1539,69
1703,74
1571,68
1640,73
1353,61
1639,71
1564,68
1481,67
1564,69
1626,72
1556,69
1324,62
1539,68
1669,73
1580,69
1553,68
1572,69
1703,74
1608,70
1507,68
1469,64
1670,72
1670,73
1504,68
1404,65
1656,72
1672,73
1589,71
1686,74
1471,66
1676,74
1471,66
1280,58
1583,70
1501,66
1423,63
1524,66
1615,72
1646,73
1508,68
1523,68
1646,73
1630,73
1380,64
1620,71
1355,64
1501,66
1594,71
1577,70
1470,64
1547,68
1555,66
1535,69
1626,72
1456,67
1696,74
1564,70
1585,70
1625,71
1676,74
1625,72
1676,74
1427,65
1670,72
1688,74
1539,68
1551,67
1620,71
1446,66
1525,68
1557,70
1624,70
1382,63
1538,68
1630,72
1550,67
1562,70
1558,69
1480,65
1585,70
1436,66
1676,74
1602,71
1540,70
1457,64
1508,68
1567,69
1676,74
1620,69
1619,69
1625,71
1676,74
1503,67
1688,74
1658,70
1664,72
1630,67
1658,72
1634,71
1556,69
1559,69
1671,73
1598,68
1621,72
1600,68
1359,63
1408,65
1520,67
1552,69
1360,64
1625,72
1443,67
1654,73
1632,72
1422,64
1567,69
1676,74
1464,66
1577,70
1643,71
1676,73
1648,72
1698,74
1656,73
1700,74
1537,68
1433,64
1676,74
1476,65
1515,67
1448,63
1682,74
1649,71
1663,70
1612,71
1624,70
1667,73
1669,73
1513,68
1645,73
1583,70
1589,69
1642,71
1654,71
1694,72
1655,73
1656,70
1430,61
1600,68
1594,72
1520,67
1574,68
1676,74
1431,66
1651,73
1661,72
1515,68
1625,72
1445,67
1680,74
1600,68
1664,73
1632,72
1552,69
1567,68
1633,72
1428,64
1422,63
1521,68
1447,64
1444,63
1510,67
1592,70
1529,64
1613,70
1456,66
1541,67
1588,69
1477,64
1645,71
1621,72
1637,71
1649,73
1527,68
1643,73
1334,62
1676,74
1678,74
1625,72
1439,65
1456,66
1405,65
1457,67
1539,69
1684,73
1584,70
1498,65
1490,67
1529,68
1662,72
1475,66
1645,73
1561,68
1438,64
1643,73
1500,66
1676,74
1676,74
1672,72
1529,69
1604,69
1534,69
1625,72
1755,74
1554,67
1555,67
1596,68
1598,72
1431,66
1525,70
1488,64
1656,71
1598,70
1505,64
1345,62
1597,69
1591,67
1678,74
1511,66
1410,65
1448,64
1638,73
1370,62
1375,64
1469,63
1526,67
1626,71
1432,65
1478,66
1525,67
1696,74
1594,71
1655,73
1731,74
1710,73
1529,68
1393,62
1422,63
1676,74
1401,62
1634,71
1676,72
1569,70
1627,70
1564,68
1404,61
1529,67
1509,66
1682,72
1474,64
1680,74
1676,74
1531,69
1686,73
1676,74
1596,69
1690,74
1590,71
1610,70
1431,65
1676,74
1576,70
1490,67
1597,71
1676,74
1573,70
1471,66
1634,72
1686,72
1598,71
1617,71
1477,68
1678,74
1641,72
1552,69
1676,74
1552,69
1685,72
1471,66
1666,71
1613,72
1615,70
1646,73
1318,61
1682,74
1582,69
1397,65
1678,72
1676,74
1654,73
1405,63
1537,68
1676,74
1614,68
1601,71
1525,68
1676,74
1516,68
1562,69
1537,69
1626,72
1618,72
1534,69
1676,74
1628,71
1679,72
1676,74
1644,73
1676,74
1694,73
1684,74
1570,70
1486,67
1587,70
1610,72
1617,70
1533,66
1676,74
1283,58
1514,67
1552,70
1664,72
1734,73
1558,66
1676,74
1507,67
1424,65
1545,69
1579,69
1630,73
1574,66
1550,68
1478,68
1497,66
1425,64
1678,74
1298,61
1565,70
1469,66
1623,72
1640,71
1416,65
1477,66
1613,72
1598,71
1596,69
1641,71
1626,73
1537,69
1692,73
1567,70
1612,71
1629,72
1498,67
1446,66
1684,74
1581,69
1572,69
1635,72
1396,63
1685,73
1595,71
1584,70
1676,74
1560,66
1569,70
1655,73
1678,74
1524,69
1599,70
1545,65
1413,64
1676,73
1649,73
1543,70
1458,65
1676,74
1454,66
1557,68
1450,63
1610,71
1503,67
1406,65
1518,67
1645,73
1528,67
1629,72
1374,62
1678,74
1678,74
1614,71
1600,71
1645,73
1533,69
1678,74
1448,64
1547,68
1676,74
1542,69
1676,74
1388,62
1534,68
1672,73
1510,68
1628,72
1528,69
1678,74
1578,69
1686,74
1576,70
1592,71
1458,66
1633,72
1680,74
1396,64
1629,72
1627,72
1658,73
1373,62
1534,69
1649,73
1593,67
1658,73
1556,70
1413,64
1563,68
1560,66
1636,71
1581,71
1647,73
1487,65
1532,68
1648,73
1636,69
1653,73
1407,65
1676,74
1515,67
1353,63
1538,68
1676,74
1461,64
1524,68
1683,69
1490,65
1610,72
1628,72
1682,74
1676,74
1481,68
1622,70
1657,73
1678,74
1463,65
1676,74
1473,66
1676,74
1635,72
1433,64
1658,73
1551,66
1676,74
1501,63
1494,66
1713,74
1479,66
1572,70
1477,66
1676,74
1587,68
1645,72
1627,72
1506,68
1592,71
1611,72
1559,69
1583,68
1486,65
1374,64
1452,64
1548,69
1541,67
1596,71
1640,73
1656,73
1667,72
1478,66
1368,63
1693,74
1654,73
1645,73
1613,72
1532,69
1680,74
1634,71
1678,74
1537,69
1525,69
1676,74
1676,74
1558,69
1538,69
1676,74
1618,72
1617,72
1678,73
1400,63
1520,69
1633,72
1680,74
1628,72
1659,72
1584,70
1393,65
1680,74
1576,69
1675,73
1513,66
1609,71
1649,73
1682,74
1639,72
1595,69
1648,71
1627,72
1399,65
1544,69
1550,69
1514,65
1484,65
1460,63
1569,70
1687,72
1611,68
1439,66
1657,73
1561,70
1616,67
1660,72
1523,68
1557,69
1527,68
1576,68
1612,71
1679,73
1456,65
1570,71
1628,72
1694,73
1628,71
1599,71
1676,74
1663,73
1631,71
1541,67
1453,66
1667,73
1677,73
1676,74
1532,69
1655,73
1559,70
1478,66
1601,70
1553,69
1604,69
1699,73
1552,67
1574,66
1660,73
1508,67
1585,70
1537,69
1584,70
1652,73
1649,72
1446,65
1680,74
1682,74
1389,62
1425,63
1653,73
1626,72
1676,74
1522,69
1649,73
1570,70
1676,74
1591,71
1537,67
1670,73
1652,71
1606,71
1594,71
1676,74
1647,73
1570,68
1659,72
1478,65
1607,68
1658,73
1678,73
1586,70
1635,72
1676,74
1654,73
1497,66
1600,71
1695,74
1336,61
1526,68
1669,73
1579,70
1659,73
1457,65
1693,74
1579,70
1629,72
1629,72
1422,65
1666,73
1660,72
1659,73
1457,65
1397,64
1659,73
1678,74
1599,71
1614,71
1258,56
1468,67
1336,61
1629,72
1327,60
1426,65
1474,67
1468,67
1594,71
1526,68
1676,74
1523,69
1474,68
1522,68
1676,74
1658,73
1660,73
1677,73
1590,70
1680,74
1474,67
1504,68
1582,70
1599,71
1676,74
1613,72
1612,71
1476,65
1678,74
1636,72
1690,73
1609,71
1383,64
1616,71
1618,71
1613,72
1317,61
1475,66
1537,69
1572,69
1671,73
1258,60
1540,69
1389,63
1694,74
1678,73
1604,71
1561,68
1609,72
1676,74
1647,73
1661,73
1604,72
1476,67
1319,63
1528,66
1676,74
1520,68
1509,69
1513,68
1538,69
1425,65
1521,68
1686,74
1414,64
1622,72
1527,67
1564,69
1619,72
1676,74
1631,72
1676,74
1570,68
1610,69
1653,73
1657,73
1676,74
1601,70
1422,63
1630,73
1680,74
1401,63
1506,64
1681,73
1595,71
1546,69
1620,72
1676,74
1534,69
1564,69
1655,73
1545,68
1402,65
1715,74
1566,71
1676,74
1594,71
1595,71
1362,64
1602,71
1607,71
1646,73
1474,67
1560,71
1559,70
1680,74
1568,67
1649,73
1531,69
1363,62
1529,67
1446,66
1598,70
1586,70
1577,68
1625,72
1658,73
1328,60
1591,71
1676,74
1621,72
1602,68
1676,74
1676,74
1634,72
1581,71
1362,63
1545,66
1483,67
1568,67
1676,74
1678,74
1676,74
1520,67
1479,64
1556,68
1676,74
1617,68
1582,71
1676,74
1517,66
1676,74
1555,70
1598,69
1612,71
1613,71
1594,71
1488,67
1559,70
1580,69
1458,66
1384,65
1582,71
1408,64
1615,71
1657,73
1687,73
1631,72
1713,74
1479,64
1456,63
1439,66
1444,64
1676,74
1468,64
1389,63
1508,67
1676,74
1526,68
1676,74
1495,66
1577,70
1410,64
1583,71
1471,67
1678,74
1680,74
1654,72
1569,69
1676,74
1648,71
1676,74
1624,71
1676,74
1676,74
1498,67
1678,74
1650,73
1464,65
1360,64
1488,67
1676,74
1350,62
1467,67
1649,73
1626,70
1689,73
1624,70
1643,72
1679,73
1394,63
1553,68
1599,71
1537,69
1418,65
1464,65
1678,74
1450,67
1676,74
1678,74
1298,60
1680,74
1642,72
1676,74
1643,72
1536,69
1623,72
1612,72
1730,74
1613,72
1553,70
1538,68
1471,67
1607,72
1676,74
1641,72
1469,66
1604,72
1678,74
1384,63
1607,72
1544,69
1449,66
1649,73
1654,73
1664,71
1678,74
1653,73
1620,71
1607,71
1682,74
1638,73
1678,74
1676,74
1678,74
1607,72
1323,62
1516,67
1631,72
1643,73
1652,73
1676,74
1700,74
1370,62
1488,67
1613,72
1676,74
1608,68
1516,67
1580,71
1663,73
1560,70
1433,65
1535,69
1700,74
1682,74
1548,68
1555,68
1146,56
1329,60
1561,69
1563,69
1678,74
1678,74
1579,70
1497,66
1682,74
1386,64
1558,68
1676,74
1579,70
1426,65
1526,69
1585,71
1576,69
1517,68
1546,69
1676,74
1508,67
1618,71
1680,74
1525,69
1408,64
1621,72
1676,74
1645,73
1680,74
1624,72
1457,64
1672,73
1676,74
1556,68
1634,72
1649,73
1653,73
1486,65
1608,71
1541,69
1643,73
1652,73
1502,67
1518,68
1676,74
1691,74
1462,66
1638,70
1487,67
1377,62
1514,68
1585,69
1646,70
1560,69
1676,74
1282,61
1431,66
1506,67
1509,69
1500,69
1688,74
1676,74
1676,74
1676,74
1633,71
1584,71
1425,65
1509,68
1462,65
1551,68
1388,64
1459,66
1677,73
1655,72
1495,67
1629,72
1507,67
1654,72
1594,69
1676,74
1574,70
1676,74
1500,66
1556,69
1556,70
1678,74
1582,70
1639,71
1600,70
1548,69
1533,69
1483,66
1615,71
1510,68
1667,73
1459,66
1676,74
1639,72
1483,66
1684,74
1622,72
1601,70
1550,68
1447,65
1650,73
1504,65
1658,73
1591,71
1585,69
1684,74
1680,74
1510,67
1614,72
1423,63
1472,68
1704,74
1486,64
1533,69
1646,73
1546,67
1526,69
1676,74
1649,72
1676,74
1333,63
1645,73
1715,74
1713,74
1486,68
1713,74
1650,72
1488,68
1612,70
1486,66
1585,68
1682,74
1497,68
1587,67
1445,63
1650,73
1680,74
1690,74
1450,64
1388,64
1549,70
1676,74
1618,71
1516,67
1576,70
1676,74
1487,66
1676,74
1451,66
1636,73
1686,74
1500,68
1558,70
1579,70
1676,74
1520,68
1649,73
1676,74
1601,68
1527,69
1615,72
1644,70
1487,67
1437,67
1324,61
1636,71
1570,66
1621,72
1413,66
1525,69
1608,69
1680,74
1676,74
1623,72
1661,73
1621,72
1514,68
1530,68
1562,70
1601,71
1479,66
1532,69
1522,69
1473,67
1598,71
1684,74
1549,70
1676,74
1636,72
1610,72
1527,69
1612,71
1676,74
1602,70
1487,68
1661,73
1682,74
1605,71
1682,74
1676,74
1530,68
1637,71
1598,71
1583,70
1452,66
1634,73
1511,68
1387,61
1525,69
1592,70
1676,74
1505,67
1580,70
1543,68
1410,65
1676,74
1690,74
1478,64
1381,63
1552,69
1659,73
1597,71
1682,74
1503,68
1624,72
1545,67
1598,69
1475,67
1489,67
1685,73
1684,74
1496,67
1494,67
1660,73
1582,71
1676,74
1680,73
1686,74
1523,67
1676,74
1676,74
1537,69
1552,67
1566,69
1690,71
1544,69
1680,74
1647,73
1455,65
1640,72
1432,64
1630,72
1629,70
1634,73
1482,66
1565,70
1461,67
1676,74
1401,66
1618,72
1569,70
1678,74
1469,67
1678,74
1607,71
1676,74
1533,69
1676,74
1667,73
1540,70
1676,74
1516,68
1330,63
1680,74
1606,71
1551,70
1676,74
1680,74
1497,68
1426,65
1664,73
1490,67
1665,73
1519,69
1664,72
1675,72
1676,74
1652,73
1597,72
1690,73
1595,71
1579,70
1676,74
1717,74
1521,68
1676,74
1619,71
1719,74
1518,69
1563,69
1464,65
1576,71
1464,66
1632,71
1488,68
1676,74
1530,66
1694,74
1572,70
1525,67
1633,72
1684,74
1677,73
1513,68
1747,74
1682,74
1620,72
1647,73
1620,72
1349,64
1686,74
1554,69
1676,74
1544,69
1675,73
1676,74
1680,74
1676,74
1427,65
1643,73
1550,70
1665,73
1680,74
1587,70
1502,67
1676,74
1590,70
1623,72
1651,73
1676,74
1596,71
1454,67
1406,65
1541,69
1648,73
1678,74
1615,71
1519,68
1677,73
1692,73
1560,70
1419,65
1655,71
1680,74
1677,72
1572,70
1668,73
1569,70
1556,69
1690,74
1676,74
1581,70
1676,74
1633,72
1664,73
1523,69
1469,66
1562,70
1676,74
1678,74
1438,66
1676,74
1500,68
1321,62
1671,73
1698,73
1678,74
1658,73
1469,67
1529,68
1303,60
1428,65
1659,73
1676,74
1667,73
1540,68
1669,73
1682,74
1625,72
1401,63
1393,65
1680,74
1375,64
1377,63
1584,71
1429,65
1470,68
1662,72
1657,73
1679,73
1564,70
1610,71
1751,74
1655,73
1594,70
1432,64
1473,65
1451,67
1676,74
1506,69
1684,74
1676,74
1530,68
1522,69
1653,72
1298,61
1465,66
1602,68
1572,69
1676,74
1676,74
1676,74
1616,70
1613,72
1382,62
1499,67
1317,60
1594,70
1698,74
1623,72
1534,67
1492,68
1457,65
1423,67
1276,60
1508,66
1458,65
1676,74
1425,66
1522,68
1663,72
1445,64
1678,74
1656,72
1542,68
1422,65
1568,69
1616,70
1449,66
1508,68
1638,69
1713,74
1570,71
1550,68
1676,74
1676,74
1485,66
1382,64
1596,70
1521,68
1367,62
1461,66
1676,74
1593,70
1634,73
1676,74
1612,70
1517,68
1452,65
1400,63
1651,72
1536,69
1537,67
1614,71
1645,71
1570,69
1620,71
1486,68
1530,65
1449,65
1509,68
1593,69
1680,72
1547,68
1428,64
1467,66
1313,60
1570,69
1436,63
1396,63
1415,63
1318,60
1572,67
1552,69
1609,71
1686,74
1524,68
1367,62
1588,70
1621,72
1613,69
1557,67
1676,74
1691,74
1589,68
1655,71
1647,73
1572,71
1433,64
1539,67
1487,67
1621,72
1684,74
1448,64
1481,66
1491,67
1519,67
1657,73
1514,67
1676,74
1655,71
1478,63
1516,68
1636,71
1454,66
1678,74
1605,71
1649,73
1328,59
1513,69
1521,67
1563,68
1397,64
1322,61
1630,71
1575,71
1386,63
1660,73
1588,71
1606,69
1571,70
1508,66
1313,61
1567,69
1663,71
1420,64
1581,69
1544,68
1587,70
1612,69
1628,69
1676,74
1672,73
1676,74
1682,73
1676,74
1678,74
1676,74
1521,66
1345,62
1415,64
1484,68
1473,65
1676,74
1515,68
1204,57
1653,71
1554,70
1479,68
1677,73
1257,60
1513,68
1603,71
1676,74
1613,70
1504,67
1511,66
1595,70
1371,62
1719,74
1676,74
1487,68
1519,67
1534,67
1542,69
1654,73
1532,69
1523,69
1648,73
1573,70
1404,64
1376,65
1528,67
1643,70
1563,69
1465,64
1594,70
1665,72
1498,68
1469,64
1653,72
1668,73
1582,71
1523,69
1676,74
1684,73
1263,59
1508,68
1655,71
1591,69
1469,66
1573,69
1676,74
1327,62
1448,65
1523,66
1433,64
1676,74
1339,63
1470,66
1427,65
1439,65
1682,74
1653,72
1576,71
1526,68
1571,70
1690,73
1676,74
1688,74
1651,73
1200,57
1676,74
1547,66
1651,72
1629,72
1620,69
1530,67
1653,72
1684,71
1676,74
1376,63
1513,68
1595,70
1299,60
1343,61
1608,72
1525,67
1443,65
1675,73
1676,74
1487,67
1478,66
1491,66
1485,66
1479,66
1636,73
1645,73
1676,74
1366,61
1492,68
1413,62
1545,70
1620,70
1393,63
1657,72
1522,68
1711,73
1676,74
1534,67
1563,69
1634,71
1676,74
1582,71
1417,66
1678,74
1676,74
1595,71
1595,69
1553,67
1546,70
1597,72
1640,72
1511,66
1631,72
1659,73
1386,64
1568,70
1719,74
1625,72
1676,74
1539,68
1620,72
1692,73
1602,70
1538,70
1500,67
1540,69
1592,72
1651,70
1345,63
1559,69
1518,65
1559,69
1543,67
1332,61
1537,66
1482,67
1321,61
1676,74
1416,64
1619,72
1439,66
1520,66
1627,70
1584,67
1476,69
1442,63
1435,66
1578,71
1455,65
1503,67
1712,73
1656,73
1385,63
1618,72
1467,66
1455,65
1252,60
1569,70
1461,66
1438,65
1367,63
1431,65
1462,65
1576,71
1509,65
1624,72
1688,73
1676,74
1619,71
1676,74
1657,71
1679,72
1568,69
1678,74
1553,69
1592,72
1614,71
1357,64
1515,68
1405,63
1551,70
1597,72
1676,74
1374,65
1563,70
1327,63
1632,70
1563,68
1581,69
1471,65
1562,70
1537,66
1569,69
1442,65
1553,69
1580,71
1646,71
1444,65
1580,68
1540,69
1427,65
1579,70
1469,65
1555,69
1530,67
1468,66
1488,66
1465,65
1306,60
1438,65
1526,67
1605,70
1522,67
1547,69
1476,66
1540,69
1713,74
1610,71
1554,70
1609,71
1597,70
1518,67
1462,64
1496,67
1488,66
1486,68
1634,71
1571,69
1688,73
1510,65
1474,66
1600,70
1576,69
1531,70
1678,74
1619,70
1676,74
1676,74
1627,69
1702,73
1459,66
1516,67
1506,66
1664,72
1643,73
1580,71
1506,66
1285,61
1521,67
1452,66
1650,73
1684,74
1615,72
1692,73
1650,71
1538,69
1654,73
1399,63
1643,73
1607,72
1285,61
1682,74
1678,74
1658,73
1474,67
1682,74
1542,69
1684,74
1665,72
1462,66
1621,72
1662,73
1568,69
1582,69
1534,68
1678,74
1676,74
1552,70
1677,72
1433,65
1644,72
1578,71
1478,66
1401,62
1676,74
1496,68
1489,67
1661,73
1678,74
1413,63
1469,67
1297,60
1618,72
1524,68
1676,74
1665,73
1481,68
1486,67
1268,60
1616,71
1553,69
1449,66
1678,74
1403,62
1548,69
1613,72
1575,71
1530,70
1480,66
1579,69
1651,73
1540,69
1680,74
1357,64
1601,68
1372,62
1676,74
1447,67
1674,74
1674,74
1674,74
1674,74
1395,64
1674,74
1495,67
1674,74
1565,70
1609,72
1682,74
1547,68
1384,63
1484,68
1499,67
1680,74
1609,72
1544,70
1389,63
1640,73
1545,67
1378,63
1594,70
1711,74
1456,65
1473,66
1676,74
1579,71
1580,70
1661,73
1666,73
1593,71
1557,70
1545,67
1676,74
1631,70
1352,62
1649,73
1674,74
1350,61
1608,72
1690,74
1438,67
1471,66
1568,70
1465,67
1529,68
1347,62
1445,67
1682,74
1570,70
1569,70
1495,68
1479,67
1379,63
1514,68
1674,74
1621,72
1470,67
1649,73
1518,68
1346,63
1715,74
1666,73
1417,65
1556,70
1565,70
1676,74
1457,65
1468,67
1636,73
1374,64
1558,70
1471,66
1715,74
1471,65
1290,61
1610,71
1471,66
1277,60
1365,62
1674,74
1636,73
1555,68
1638,72
1520,66
1565,68
1505,69
1491,67
1492,68
1600,72
1532,69
1662,72
1592,68
1674,74
1409,64
1621,72
1464,65
1676,74
1630,73
1524,69
1674,74
1622,72
1525,68
1655,73
1504,67
1571,70
1633,72
1676,74
1416,64
1485,67
1325,63
1590,72
1541,68
1664,73
1543,70
1650,73
1555,69
1577,71
1546,70
1477,66
1676,74
1469,65
1684,74
1467,65
1662,72
1684,74
1456,63
1379,64
1674,74
1690,73
1582,70
1590,70
1678,74
1499,67
1610,71
1680,74
1325,63
1597,71
1518,68
1682,74
1709,72
1481,65
1490,68
1552,70
1549,71
1614,71
1686,74
1415,63
1694,72
1684,74
1592,69
1493,68
1618,72
1325,63
1474,69
1684,71
1444,67
1639,72
1461,68
1385,63
1572,68
1626,72
1674,74
1512,67
1674,74
1599,71
1684,74
1674,74
1680,74
1674,74
1684,74
1512,68
1674,74
1293,61
1538,69
1662,73
1674,74
1513,67
1558,69
1674,74
1550,67
1432,64
1461,67
1538,70
1385,63
1525,68
1560,70
1503,68
1694,74
1532,69
1477,68
1676,74
1335,62
1665,73
1674,74
1560,70
1575,70
1478,68
1631,71
1581,69
1439,66
1674,74
1558,70
1654,73
1676,74
1678,74
1442,64
1500,68
1519,68
1632,72
1596,71
1688,74
1666,73
1509,68
1560,70
1447,67
1652,73
1475,68
1680,74
1476,69
1573,70
1674,74
1585,71
1463,68
1605,72
1644,72
1558,69
1674,74
1546,69
1611,69
1463,66
1582,69
1628,70
1682,74
1629,72
1488,66
1603,71
1631,69
1678,74
1618,71
1615,69
1680,74
1674,74
1525,68
1702,74
1676,74
1682,74
1526,68
1595,69
1684,74
1678,74
1498,68
1651,73
1510,68
1454,66
1519,68
1674,74
1655,73
1568,70
1647,73
1638,72
1690,74
1727,74
1464,65
1411,64
1341,61
1489,68
1666,73
1363,62
1409,64
1560,71
1682,71
1674,74
1530,67
1565,69
1488,67
1620,71
1521,69
1676,74
1622,71
1563,68
1531,67
1705,74
1707,72
1384,62
1711,74
1674,74
1524,69
1517,69
1629,72
1388,62
1631,71
1631,72
1628,72
1600,72
1674,74
1557,70
1405,64
1615,72
1674,74
1678,74
1676,74
1680,74
1648,71
1308,61
1530,67
1500,67
1341,61
1369,63
1674,74
1651,73
1560,69
1661,73
1483,66
1570,71
1563,70
1484,68
1452,64
1566,71
1656,73
1506,66
1583,69
1631,70
1618,72
1590,69
1672,74
1672,74
1493,67
1382,62
1491,68
1577,69
1632,72
1517,67
1383,63
1672,74
1514,67
1622,72
1436,65
1483,68
1612,72
1669,73
1491,68
1524,69
1490,67
1684,74
1680,74
1563,68
1604,69
1680,74
1301,61
1581,69
1674,74
1475,67
1503,68
1511,69
1672,74
1613,72
1674,74
1625,70
1503,68
1682,74
1522,68
1465,67
1511,68
1672,74
1505,66
1667,72
1540,69
1438,66
1494,68
1576,70
1447,67
1694,72
1622,72
1435,67
1678,73
1474,68
1665,73
1672,74
1542,69
1688,74
1711,74
1613,70
1653,71
1474,65
1554,70
1665,73
1676,74
1644,72
1678,74
1605,71
1641,73
1674,74
1686,74
1497,68
1660,73
1519,67
1589,71
1623,72
1597,71
1601,72
1682,73
1597,71
1425,64
1544,69
1423,66
1443,67
1553,68
1623,72
1517,67
1620,71
1532,69
1678,74
1519,69
1534,69
1409,66
1507,68
1657,73
1595,70
1605,70
1544,68
1577,67
1682,74
1582,70
1537,69
1570,70
1506,68
1382,62
1549,70
1650,73
1575,70
1611,71
1586,71
1552,69
1356,62
1664,73
1562,71
1562,71
1462,65
1630,72
1376,63
1436,65
1727,74
1651,73
1604,69
1314,59
1674,73
1492,68
1662,73
1517,66
1500,69
1522,69
1455,64
1564,68
1698,73
1491,68
1672,74
1444,66
1406,62
1511,68
1534,69
1583,70
1621,72
1574,71
1548,70
1555,70
1653,73
1415,66
1443,64
1335,62
1649,72
1528,69
1592,70
1459,66
1652,73
1397,64
1478,65
1574,67
1686,74
1614,72
1672,74
1674,74
1454,66
1639,73
1617,72
1524,68
1403,63
1580,69
1339,62
1638,72
1576,68
1641,73
1583,70
1601,72
1649,73
1664,72
1627,72
1622,71
1496,67
1475,66
1674,74
1527,69
1654,73
1526,68
1509,69
1548,70
1466,66
1536,69
1531,68
1502,69
1688,74
1636,71
1424,64
1639,70
1416,64
1555,69
1521,68
1307,61
1488,68
1690,74
1657,73
1596,72
1569,69
1580,69
1541,69
1600,71
1672,74
1548,70
1524,69
1591,71
1646,73
1472,65
1675,73
1584,71
1443,66
1618,70
1562,71
1459,66
1569,71
1643,73
1476,68
1555,70
1449,66
1555,68
1424,64
1676,74
1680,74
1546,69
1443,64
1530,68
1602,72
1423,65
1450,67
1482,67
1480,68
1321,63
1644,73
1527,66
1652,73
1563,70
1612,71
1448,66
1694,74
1713,74
1472,67
1526,67
1435,65
1649,70
1447,66
1494,68
1534,68
1678,74
1672,74
1569,71
1637,72
1645,72
1590,71
1454,66
1579,69
1351,62
1320,60
1474,67
1252,59
1547,70
1447,67
1583,71
1646,73
1625,72
1329,63
1586,71
1578,71
1676,74
1561,70
1613,72
1591,70
1620,71
1644,72
1622,71
1649,71
1641,73
1454,66
1658,73
1672,74
1617,72
1544,68
1571,71
1556,69
1672,74
1570,69
1558,69
1648,73
1672,74
1558,70
1597,71
1361,63
1604,69
1674,74
1547,70
1708,74
1600,72
1400,65
1684,74
1672,74
1672,74
1670,74
1672,73
1660,73
1542,68
1521,69
1670,74
1627,72
1580,68
1628,72
1588,68
1555,70
1654,72
1550,70
1672,71
1690,74
1654,70
1454,65
1447,65
1670,74
1674,74
1504,69
1489,67
1412,66
1670,74
1670,74
1476,67
1577,71
1478,67
1485,68
1420,64
1644,73
1670,74
1676,74
1670,73
1546,68
1547,70
1652,71
1564,69
1670,74
1702,74
1651,73
1463,67
1533,69
1478,65
1624,72
1635,69
1659,73
1476,67
1500,68
1331,63
1605,71
1508,68
1553,70
1502,67
1698,74
1633,73
1562,68
1552,66
1630,72
1558,69
1570,70
1504,69
1530,69
1672,74
1587,69
1678,74
1670,74
1579,71
1523,67
1498,68
1603,72
1674,74
1563,69
1488,67
1670,74
1431,66
1549,68
1291,60
1567,69
1669,73
1670,74
1466,66
1543,69
1682,74
1555,70
1650,73
1681,74
1670,74
1551,68
1454,66
1419,63
1520,69
1417,66
1596,70
1493,67
1366,63
1711,74
1411,64
1419,63
1670,74
1577,71
1518,68
1670,74
1660,73
1670,74
1588,67
1393,65
1526,69
1672,74
1555,69
1597,71
1567,71
1612,72
1382,64
1539,68
1587,69
1546,69
1672,74
1541,68
1639,73
1435,65
1545,69
1625,72
1702,74
1615,72
1670,74
1574,71
1585,68
1346,62
1496,69
1504,68
1558,68
1670,74
1608,69
1531,68
1627,72
1690,74
1645,73
1666,73
1356,63
1481,64
1482,65
1655,72
1676,74
1457,68
1663,73
1605,71
1678,74
1620,70
1707,74
1670,74
1616,71
1483,68
1604,71
1482,67
1531,68
1463,66
1599,72
1558,70
1585,71
1672,74
1432,64
1555,69
1585,67
1479,67
1584,71
1484,67
1644,73
1606,71
1533,70
1389,62
1535,69
1456,66
1637,73
1558,70
1517,68
1555,69
1591,71
1549,68
1528,68
1672,73
1510,65
1492,66
1545,69
1641,73
1479,67
1612,72
1453,65
1650,73
1670,74
1518,65
1403,65
1540,70
1354,63
1640,73
1618,72
1648,73
1672,74
1478,69
1512,68
1596,69
1627,69
1670,74
1629,72
1351,63
1624,70
1622,72
1530,69
1600,71
1588,71
1478,67
1521,69
1480,65
1682,74
1582,70
1597,68
1563,69
1614,72
1629,72
1599,72
1476,66
1682,74
1599,72
1660,73
1574,71
1382,64
1550,70
1601,72
1650,73
1548,70
1507,68
1545,69
1650,73
1618,72
1711,74
1342,63
1661,70
1578,71
1519,69
1617,72
1458,65
1645,73
1486,68
1652,73
1630,72
1527,68
1670,74
1569,70
1588,69
1657,73
1670,74
1626,72
1704,73
1653,73
1525,69
1707,74
1670,74
1555,68
1632,73
1493,66
1665,73
1609,71
1599,70
1478,69
1609,71
1348,63
1519,69
1457,66
1471,66
1323,62
1517,68
1550,70
1410,65
1690,74
1354,62
1312,61
1590,71
1314,60
1477,66
1468,66
1576,71
1499,67
1515,68
1598,71
1372,63
1381,63
1541,69
1574,70
1564,69
1648,73
1579,70
1410,66
1645,73
1617,72
1616,68
1704,73
1426,66
1670,74
1612,69
1464,66
1670,74
1670,74
1538,69
1570,70
1473,66
1612,72
1563,69
1555,66
1570,70
1674,74
1304,60
1511,69
1430,64
1478,69
1517,67
1518,69
1501,69
1653,73
1467,66
1563,70
1673,73
1645,71
1670,74
1578,71
1523,68
1580,70
1517,68
1639,73
1637,72
1661,73
1678,74
1476,67
1688,74
1587,71
1418,65
1628,73
1469,66
1694,74
1612,72
1600,71
1579,70
1556,67
1631,71
1456,66
1672,74
1670,74
1666,73
1446,63
1615,72
1501,68
1631,72
1625,72
1513,66
1599,72
1483,68
1517,67
1448,67
1512,68
1549,68
1630,71
1462,66
1365,63
1709,74
1502,67
1479,67
1428,64
1627,72
1549,68
1380,64
1684,74
1482,65
1578,71
1515,68
1568,69
1632,73
1590,70
1456,66
1599,72
1707,74
1636,72
1437,67
1634,73
1417,65
1711,74
1651,73
1643,73
1431,66
1530,68
1661,70
1707,74
1672,74
1550,70
1633,72
1576,70
1314,60
1622,71
1505,65
1612,72
1667,73
1481,67
1504,67
1670,74
1505,68
1417,66
1670,74
1448,66
1429,64
1552,70
1517,68
1614,71
1586,71
1493,66
1645,73
1438,63
1404,64
1458,64
1607,71
1670,74
1454,65
1651,73
1611,72
1574,70
1497,67
1423,65
1577,71
1435,66
1510,68
1711,74
1519,66
1670,73
1608,72
1340,61
1670,74
1613,72
1630,72
1547,70
1680,74
1678,73
1628,72
1546,68
1636,73
1394,63
1432,65
1563,69
1602,70
1587,71
1593,68
1425,67
1688,73
1674,74
1485,68
1400,63
1516,67
1492,68
1538,70
1435,66
1590,69
1654,71
1670,74
1672,74
1672,74
1690,73
1447,66
1448,67
1627,72
1580,70
1678,74
1670,74
1516,67
1457,65
1580,70
1672,74
1458,66
1566,71
1512,69
1596,71
1501,66
1491,68
1432,66
1414,65
1555,70
1655,73
1496,68
1711,74
1670,74
1536,68
1670,74
1571,70
1585,71
1666,69
1520,68
1570,70
1684,74
1680,74
1604,72
1612,72
1684,74
1424,65
1611,71
1581,71
1602,71
1664,72
1562,70
1608,72
1674,71
1402,64
1538,68
1383,64
1672,74
1670,74
1501,65
1707,74
1483,68
1678,74
1670,74
1674,73
1564,69
1540,68
1682,74
1648,70
1567,69
1432,63
1614,72
1670,74
1511,69
1672,74
1670,74
1670,74
1532,69
1663,72
1618,71
1549,68
1613,72
1517,69
1591,69
1656,73
1529,69
1438,65
1637,73
1627,72
1670,74
1617,72
1643,73
1427,66
1670,74
1342,61
1552,67
1498,68
1672,74
1468,67
1447,65
1456,65
1637,73
1707,74
1662,73
1559,71
1701,74
1590,71
1676,73
1670,74
1483,68
1631,72
1541,68
1641,73
1312,61
1548,66
1619,71
1593,71
1406,65
1494,68
1635,71
1654,70
1526,69
1503,67
1616,72
1678,74
1479,67
1568,71
1518,68
1418,65
1623,72
1704,71
1578,71
1528,67
1606,70
1559,70
1590,71
1670,74
1404,64
1470,69
1496,67
1674,74
1612,72
1618,72
1670,74
1429,64
1680,73
1658,73
1425,65
1533,70
1581,71
1670,74
1473,67
1590,71
1635,71
1660,73
1633,69
1590,71
1306,59
1570,71
1543,67
1678,74
1641,73
1533,66
1448,66
1519,68
1564,70
1538,66
1674,74
1550,69
1554,67
1594,71
1577,69
1633,69
1622,72
1542,69
1670,74
1360,61
1521,67
1523,68
1670,74
1564,70
1345,62
1529,70
1573,70
1651,71
1629,71
1674,74
1626,73
1633,73
1532,70
1590,71
1644,72
1672,74
1611,72
1481,67
1593,71
1680,74
1670,74
1676,74
1354,64
1674,74
1528,66
1644,72
1494,67
1450,66
1586,71
1660,73
1553,69
1455,67
1633,73
1670,74
1557,70
1588,71
1645,72
1569,68
1545,66
1599,72
1628,72
1608,71
1548,67
1411,66
1609,71
1552,70
1464,67
1522,69
1520,69
1504,67
1709,74
1460,67
1637,71
1670,74
1682,74
1519,67
1571,70
1612,72
1678,73
1437,66
1672,73
1641,73
1615,72
1386,64
1701,74
1634,72
1666,73
1612,72
1496,68
1670,74
1593,71
1670,74
1528,69
1588,71
1670,74
1674,74
1530,68
1547,69
1470,67
1642,70
1604,71
1526,69
1386,65
1560,68
1459,66
1529,69
1670,74
1614,72
1440,66
1558,70
1676,74
1658,73
1680,74
1562,70
1523,69
1474,68
1670,74
1449,66
1610,72
1491,68
1557,70
1497,67
1625,72
1670,74
1656,73
1561,70
1557,70
1387,62
1635,72
1656,73
1676,74
1676,74
1626,72
1432,65
1674,74
1713,74
1611,72
1658,73
1624,71
1643,73
1670,74
1674,73
1547,68
1316,63
1674,74
1519,67
1656,73
1639,73
1634,73
1620,72
1316,61
1645,72
1528,68
1575,70
1588,70
1670,74
1662,73
1443,66
1589,71
1632,72
1595,69
1455,65
1678,73
1514,68
1622,71
1634,72
1638,72
1556,70
1630,72
1601,71
1454,65
1586,71
1610,72
1439,65
1656,73
1617,72
1537,68
1527,68
1643,73
1571,70
1618,70
1670,74
1571,69
1413,64
1676,74
1495,67
1670,74
1570,71
1344,62
1392,64
1630,73
1652,73
1528,68
1513,69
1618,72
1568,70
1433,66
1627,72
1593,71
1582,71
1491,68
1654,73
1604,72
1453,66
1533,67
1437,66
1640,72
1491,68
1632,71
1571,68
1597,72
1589,68
1533,68
1646,73
1670,74
1578,71
1543,67
1626,71
1670,74
1485,67
1550,68
1557,68
1527,67
1672,74
1564,69
1670,74
1601,70
1561,67
1506,68
1638,72
1574,70
1676,74
1664,73
1594,71
1623,72
1642,73
1652,72
1600,69
1522,69
1672,74
1526,70
1644,73
1617,72
1410,66
1589,71
1630,72
1536,67
1529,69
1577,71
1663,73
1614,70
1670,74
1515,69
1670,74
1541,68
1548,66
1526,67
1491,68
1666,73
1670,74
1670,74
1626,72
1612,72
1669,73
1263,60
1674,74
1656,73
1641,73
1413,63
1514,68
1652,72
1497,67
1528,67
1581,71
1670,74
1670,74
1578,71
1512,69
1684,74
1611,71
1616,72
1672,74
1670,74
1599,71
1504,67
1579,71
1674,74
1533,69
1457,67
1568,70
1625,72
1621,71
1506,68
1417,66
1705,73
1625,72
1547,69
1610,72
1589,71
1670,74
1524,67
1618,72
1417,66
1513,67
1594,70
1528,68
1499,68
1534,68
1678,74
1317,62
1542,69
1639,73
1670,70
1435,66
1598,71
1398,63
1592,72
1670,74
1517,69
1670,74
1674,74
1670,74
1680,74
1607,72
1633,73
1664,73
1354,64
1565,70
1594,70
1540,69
1496,66
1453,66
1396,65
1661,73
1672,74
1493,68
1672,74
1608,72
1618,72
1581,69
1590,69
1466,66
1670,74
1655,73
1650,71
1488,66
1617,72
1670,74
1626,70
1521,69
1670,74
1603,71
1595,70
1561,70
1532,70
1532,68
1509,69
1615,71
1416,64
1580,71
1586,71
1694,74
1642,73
1676,74
1443,64
1676,72
1678,74
1555,70
1554,68
1680,74
1670,74
1642,72
1542,70
1583,71
1469,68
1678,74
1556,68
1410,63
1513,68
1452,65
1670,74
1674,74
1594,70
1647,73
1511,69
1523,69
1544,70
1628,72
1460,66
1556,68
1550,70
1688,74
1670,74
1646,73
1670,74
1636,71
1645,73
1670,74
1662,73
1670,74
1678,74
1657,73
1527,68
1452,65
1678,74
1583,70
1460,66
1350,64
1553,70
1661,73
1586,71
1641,73
1676,74
1504,68
1670,74
1692,73
1610,72
1452,67
1622,71
1666,72
1642,72
1549,69
1618,72
1537,70
1657,73
1423,66
1488,69
1617,72
1670,74
1674,74
1465,66
1615,71
1684,74
1496,68
1641,73
1505,68
1387,63
1568,69
1437,64
1313,61
1579,70
1562,70
1462,66
1484,67
1676,73
1656,71
1607,71
1343,64
1463,67
1670,74
1556,69
1539,67
1504,68
1545,69
1678,74
1453,67
1291,61
1670,74
1642,73
1684,74
1562,70
1670,74
1506,68
1633,73
1529,69
1657,73
1576,68
1617,72
1324,62
1542,68
1630,73
1590,69
1597,71
1309,61
1617,70
1614,72
1670,74
1604,69
1641,73
1543,69
1506,67
1670,74
1670,74
1422,66
1623,72
1678,74
1624,73
1618,72
1578,71
1532,67
1602,70
1670,74
1678,74
1580,70
1707,74
1593,71
1525,67
1281,61
1670,74
1594,71
1670,74
1491,68
1676,74
1581,71
1652,73
1524,68
1661,73
1539,69
1623,70
1624,73
1438,67
1670,74
1552,70
1519,68
1536,68
1464,66
1676,74
1259,60
1527,68
1606,71
1546,70
1513,67
1547,69
1634,73
1642,72
1518,69
1516,69
1624,73
1686,74
1632,73
1678,74
1648,73
1583,71
1682,74
1528,67
1544,70
1516,68
1444,66
1619,70
1593,71
1670,74
1541,69
1678,74
1541,70
1594,70
1648,73
1617,72
1628,72
1619,72
1652,72
1505,68
1672,74
1497,69
1670,74
1554,70
1464,66
1583,71
1517,68
1579,70
1670,74
1670,74
1468,64
1569,70
1678,74
1444,66
1444,67
1606,69
1592,70
1644,72
1497,67
1570,69
1362,63
1572,70
1670,74
1672,74
1430,63
1481,67
1510,68
1537,70
1583,71
1617,72
1610,71
1494,67
1667,73
1524,69
1691,74
1701,74
1614,71
1490,67
1602,70
1676,74
1488,65
1571,68
1639,73
1508,69
1526,70
1592,71
1332,63
1721,74
1556,69
1633,73
1590,70
1538,69
1591,70
1670,74
1589,71
1606,71
1439,65
1508,69
1532,69
1435,66
1641,72
1614,70
1505,69
1653,72
1682,74
1638,73
1593,71
1543,70
1358,64
1513,68
1672,74
1623,72
1610,72
1464,66
1630,73
1573,70
1674,74
1678,73
1618,72
1609,71
1581,71
1588,71
1434,67
1670,74
1578,70
1557,70
1668,73
1640,71
1489,67
1647,71
1581,71
1586,71
1420,66
1605,70
1680,74
1583,71
1433,66
1605,71
1484,67
1524,69
1670,74
1501,68
1561,71
1414,65
1508,69
1589,71
1680,74
1625,72
1361,62
1672,72
1505,68
1566,69
1670,74
1652,71
1533,70
1543,68
1656,73
1674,74
1526,69
1471,68
1587,71
1479,67
1508,67
1547,68
1560,71
1656,73
1521,68
1670,74
1595,71
1486,68
1610,72
1595,71
1544,70
1434,67
1623,72
1684,74
1437,64
1684,74
1574,69
1624,71
1676,74
1507,66
1676,74
1645,73
1637,72
1676,74
1609,72
1639,73
1599,70
1511,66
1529,68
1533,69
1416,63
1373,64
1670,74
1633,73
1456,66
1503,67
1670,74
1643,73
1596,71
1611,72
1532,69
1613,72
1392,63
1535,69
1568,69
1501,68
1676,74
1459,65
1302,59
1464,66
1625,72
1627,72
1567,69
1646,73
1437,65
1544,69
1493,68
1472,67
1482,68
1621,71
1354,63
1625,71
1711,74
1672,74
1635,72
1597,71
1709,74
1657,73
1397,64
1268,59
1251,60
1676,74
1639,73
1544,69
1516,67
1524,68
1670,74
1558,69
1625,72
1626,70
1405,65
1568,70
1392,63
1552,70
1670,74
1355,62
1659,73
1627,72
1670,74
1585,69
1519,67
1613,70
1588,71
1563,68
1342,63
1602,72
1438,66
1571,69
1521,69
1429,65
1523,68
1651,73
1625,72
1548,69
1619,70
1545,69
1672,74
1415,66
1569,70
1670,74
1605,72
1645,73
1684,74
1670,74
1516,68
1537,69
1641,73
1615,71
1524,68
1672,74
1355,61
1349,63
1537,68
1618,71
1557,70
1707,74
1675,72
1481,67
1670,74
1670,74
1459,67
1670,74
1670,74
1563,70
1670,74
1429,66
1678,74
1561,69
1374,64
1354,63
1670,74
1565,70
1579,71
1373,64
1637,73
1569,68
1364,64
1417,65
1552,69
1419,65
1662,73
1633,72
1352,62
1670,73
1680,74
1704,74
1582,69
1398,65
1647,73
1495,68
1585,71
1656,73
1550,70
1670,74
1451,67
1476,68
1570,70
1415,65
1630,72
1482,66
1678,74
1542,69
1484,66
1567,69
1571,69
1625,72
1569,70
1651,72
1561,69
1633,73
1654,73
1597,71
1636,73
1684,74
1501,67
1637,73
1702,74
1523,68
1410,65
1684,74
1530,67
1686,74
1336,63
1602,71
1341,64
1518,67
1414,65
1670,74
1607,70
1631,72
1615,72
1643,73
1630,72
1466,67
1529,69
1425,66
1631,72
1517,67
1670,74
1651,72
1606,71
1657,73
1350,62
1674,74
1663,73
1645,73
1676,74
1670,74
1496,67
1670,74
1635,72
1474,67
1615,72
1670,74
1556,70
1676,74
1503,67
1672,74
1668,73
1371,63
1617,72
1651,73
1393,64
1670,74
1481,68
1476,68
1643,72
1678,74
1456,67
1502,67
1619,70
1589,69
1594,71
1577,70
1249,60
1577,71
1670,74
1672,74
1579,71
1640,73
1581,71
1621,71
1441,66
1597,69
1670,74
1500,66
1616,72
1656,73
1552,70
1480,66
1387,63
1514,67
1599,70
1531,69
1429,66
1634,73
1530,68
1357,65
1540,68
1640,72
1537,70
1637,73
1468,68
1674,74
1350,61
1618,71
1682,74
1670,74
1638,72
1559,70
1573,70
1633,73
1574,70
1602,70
1631,72
1670,74
1446,65
1524,69
1678,74
1655,71
1670,74
1556,70
1650,73
1643,73
1630,73
1678,74
1567,68
1678,73
1457,66
1654,72
1335,62
1546,68
1678,74
1602,72
1597,69
1507,68
1682,74
1442,66
1468,68
1670,74
1483,66
1678,74
1642,73
1504,68
1670,74
1416,64
1670,74
1648,73
1359,62
1553,69
1571,69
1659,73
1523,69
1621,70
1591,71
1556,68
1672,74
1680,74
1572,69
1548,68
1456,65
1615,72
1586,71
1560,70
1407,65
1427,63
1262,59
1472,65
1670,74
1670,74
1612,72
1590,70
1682,74
1670,74
1309,60
1604,70
1561,70
1533,68
1672,74
1512,69
1469,67
1500,68
1482,68
1625,72
1583,70
1640,73
1633,73
1662,73
1587,71
1597,69
1504,68
1516,67
1613,72
1670,73
1630,73
1654,73
1539,69
1670,74
1391,64
1588,72
1661,73
1539,69
1678,74
1361,64
1587,70
1321,60
1382,64
1557,69
1670,74
1670,74
1500,67
1527,68
1696,74
1539,69
1467,64
1676,74
1592,70
1680,74
1351,60
1489,67
1674,74
1398,65
1480,67
1555,70
1595,71
1670,74
1592,72
1626,72
1492,68
1605,70
1588,71
1556,68
1565,70
1383,64
1473,66
1460,67
1674,74
1385,64
1453,66
1642,73
1676,74
1602,72
1640,72
1650,72
1405,65
1442,66
1609,72
1460,65
1670,74
1625,72
1631,72
1281,59
1623,72
1414,65
1655,73
1587,69
1610,72
1670,74
1533,68
1531,68
1659,73
1513,67
1588,70
1458,67
1525,69
1359,64
1670,74
1598,72
1633,72
1640,72
1670,74
1466,66
1688,74
1557,69
1596,71
1594,70
1609,69
1654,73
1621,72
1356,63
1423,66
1670,74
1348,63
1664,73
1574,69
1648,71
1637,73
1663,71
1666,73
1697,74
1663,73
1465,67
1395,64
1363,64
1561,70
1676,74
1674,74
1420,66
1582,71
1645,73
1410,65
1581,71
1621,72
1459,67
1625,71
1642,73
1612,71
1471,68
1530,69
1665,72
1670,74
1670,73
1660,71
1670,74
1595,71
1541,69
1670,74
1595,71
1490,68
1284,61
1670,74
1547,68
1586,69
1605,71
1569,70
1601,71
1478,67
1584,70
1383,63
1457,67
1611,71
1583,69
1406,64
1499,67
1596,70
1676,74
1568,69
1584,71
1544,69
1419,64
1676,74
1580,70
1435,64
1418,65
1548,69
1640,71
1520,68
1413,65
1658,73
1259,57
1516,67
1589,70
1670,74
1670,74
1406,63
1670,74
1501,68
1598,71
1670,74
1674,74
1736,74
1593,69
1426,65
1670,74
1635,72
1603,71
1540,69
1676,74
1643,73
1321,61
1670,74
1569,70
1337,63
1535,68
1542,69
1618,72
1670,74
1459,66
1580,69
1633,72
1392,64
1637,73
1569,70
1670,74
1660,72
1620,72
1646,71
1672,74
1528,69
1558,70
1450,63
1637,73
1596,71
1697,74
1670,74
1534,69
1670,74
1593,70
1309,61
1676,74
1553,69
1595,70
1432,64
1544,70
1678,74
1625,70
1337,62
1468,65
1429,66
1436,64
1639,71
1532,69
1559,69
1657,72
1561,68
1599,71
1670,74
1615,71
1393,64
1476,67
1391,64
1533,68
1465,66
1601,71
1670,74
1658,73
1373,64
1700,74
1578,70
1406,65
1486,66
1416,64
1538,68
1554,69
1670,74
1638,72
1595,71
1626,72
1623,72
1672,74
1556,71
1639,72
1540,69
1638,73
1521,68
1378,63
1655,72
1596,72
1606,72
1622,72
1297,61
1602,71
1639,73
1654,73
1467,66
1286,59
1540,69
1672,74
1489,66
1476,67
1664,73
1605,71
1642,73
1633,72
1672,74
1355,64
1638,72
1669,73
1557,69
1551,70
1552,69
1633,72
1539,69
1363,62
1700,74
1481,66
1580,70
1602,70
1529,69
1670,74
1596,70
1595,71
1590,72
1417,64
1491,67
1466,67
1637,73
1653,72
1678,74
1501,68
1686,74
1676,74
1568,69
1631,72
1364,62
1452,67
1490,67
1516,68
1521,68
1618,72
1262,60
1471,65
1530,69
1668,74
1654,73
1668,74
1637,73
1561,70
1313,59
1626,71
1438,66
1539,68
1660,73
1598,72
1651,72
1668,74
1656,73
1306,61
1457,65
1593,71
1348,62
1670,74
1692,73
1418,64
1613,71
1658,73
1550,68
1640,72
1400,65
1586,70
1583,71
1378,64
1640,73
1668,74
1497,68
1347,63
1666,73
1383,63
1682,74
1643,73
1146,54
1374,65
1670,74
1546,70
1674,74
1494,68
1480,66
1313,60
1453,67
1672,74
1584,71
1568,69
1489,68
1658,73
1635,73
1608,72
1509,67
1584,69
1674,74
1595,71
1636,73
1670,74
1428,66
1668,74
1513,68
1705,74
1635,73
1590,72
1527,69
1457,65
1482,67
1431,63
1527,68
1499,68
1616,71
1668,74
1674,74
1628,70
1636,72
1561,68
1272,60
1674,74
1668,74
1672,74
1542,69
1548,67
1604,72
1548,70
1613,70
1639,73
1571,70
1668,74
1631,73
1570,69
1315,60
1609,72
1462,65
1587,70
1431,64
1512,68
1523,69
1586,69
1621,72
1444,67
1577,71
1620,71
1552,70
1419,65
1517,68
1524,69
1572,69
1506,68
1505,67
1577,71
1379,64
1490,68
1528,69
1489,65
1642,73
1641,73
1612,72
1658,73
1560,68
1588,71
1670,74
1668,74
1629,70
1675,72
1419,65
1445,65
1497,67
1668,74
1445,67
1668,74
1524,68
1558,70
1670,74
1430,66
1561,69
1323,62
1621,72
1590,72
1645,71
1668,74
1301,61
1626,72
1491,67
1654,72
1609,71
1371,62
1668,74
1670,74
1403,64
1438,65
1654,73
1542,69
1534,69
1523,68
1591,71
1611,72
1550,70
1590,71
1532,67
1570,69
1394,64
1608,70
1690,73
1674,74
1528,69
1604,72
1676,74
1599,72
1591,71
1670,74
1469,68
1631,72
1668,74
1653,73
1655,73
1579,71
1583,71
1674,74
1645,71
1534,68
1453,67
1638,73
1509,68
1608,72
1344,64
1668,72
1672,74
1691,74
1629,72
1646,73
1670,74
1502,68
1672,74
1662,73
1596,71
1506,68
1650,73
1668,74
1680,74
1668,74
1486,68
1631,73
1672,74
1393,64
1613,72
1670,74
1723,74
1338,62
1520,69
1680,74
1668,74
1475,67
1547,70
1369,63
1456,66
1646,73
1711,74
1495,68
1595,72
1579,71
1638,73
1488,66
1668,74
1658,72
1464,66
1646,73
1517,68
1670,74
1486,68
1343,63
1621,71
1646,72
1618,71
1374,64
1654,71
1607,70
1498,67
1611,72
1493,69
1524,69
1569,69
1626,72
1584,70
1622,72
1566,70
1635,72
1545,69
1666,71
1610,71
1670,74
1618,72
1478,66
1672,74
1580,71
1477,68
1654,71
1654,73
1553,68
1532,68
1668,74
1668,74
1276,62
1508,67
1656,73
1540,66
1585,71
1668,74
1586,71
1589,71
1348,61
1558,70
1524,68
1418,64
1634,73
1617,71
1639,73
1653,73
1705,74
1541,69
1529,69
1681,72
1594,71
1635,73
1670,74
1481,67
1563,68
1583,70
1602,69
1247,59
1647,70
1591,71
1670,74
1555,68
1471,67
1466,68
1323,63
1571,71
1691,74
1367,63
1530,69
1676,74
1668,74
1462,67
1601,71
1655,73
1475,67
1672,74
1668,74
1572,69
1429,66
1299,61
1643,73
1563,68
1652,73
1557,70
1268,60
1569,69
1569,70
1519,68
1480,68
1627,72
1607,71
1639,73
1607,71
1550,70
1623,69
1668,74
1668,74
1646,72
1462,67
1526,69
1528,69
1599,71
1543,68
1582,71
1557,69
1691,74
1475,66
1672,73
1634,73
1621,72
1478,66
1613,72
1411,63
1596,71
1568,70
1539,69
1533,69
1654,73
1327,63
1650,73
1674,74
1408,65
1662,73
1623,72
1514,68
1705,74
1344,62
1498,67
1559,68
1421,65
1545,69
1526,69
1601,72
1554,69
1577,71
1611,72
1662,73
1672,74
1668,74
1507,67
1358,63
1626,71
1589,70
1568,71
1676,74
1584,70
1258,59
1597,70
1523,68
1627,72
1516,68
1557,67
1349,63
1652,73
1668,74
1594,70
1637,73
1509,67
1674,74
1668,74
1674,74
1610,71
1451,67
1668,74
1406,65
1618,72
1581,69
1542,70
1393,63
1398,65
1670,74
1506,66
1576,68
1586,71
1697,74
1587,71
1628,71
1675,72
1625,70
1523,68
1597,70
1559,68
1525,68
1524,69
1611,72
1621,72
1588,71
1668,74
1551,69
1604,72
1495,68
1320,62
1632,73
1605,69
1502,68
1676,74
1466,67
1512,67
1324,60
1674,74
1402,65
1678,74
1655,72
1508,68
1578,70
1661,73
1555,70
1678,74
1393,64
1512,67
1692,74
1668,74
1402,65
1436,66
1627,72
1324,62
1522,69
1553,70
1508,68
1571,68
1371,64
1672,74
1709,74
1655,73
1620,70
1570,70
1526,69
1641,72
1568,67
1580,71
1480,67
1410,64
1579,71
1445,66
1557,70
1452,66
1440,65
1595,72
1672,74
1639,73
1507,68
1519,69
1568,67
1467,66
1579,71
1467,67
1630,72
1525,69
1603,71
1523,69
1651,73
1341,61
1575,69
1510,67
1480,68
1557,70
1640,73
1454,64
1674,74
1544,70
1567,71
1626,72
1491,67
1672,74
1515,69
1364,64
1613,70
1387,64
1577,71
1498,67
1668,74
1668,74
1653,73
1596,69
1618,71
1523,69
1466,68
1587,71
1411,65
1531,69
1583,71
1570,68
1589,69
1682,74
1613,72
1594,69
1430,65
1431,63
1656,73
1402,65
1634,73
1494,67
1615,72
1446,65
1523,68
1668,74
1546,69
1265,61
1524,69
1668,74
1497,68
1670,74
1655,73
1548,68
1468,66
1618,72
1621,69
1626,71
1587,71
1476,66
1668,74
1543,69
1504,68
1346,62
1603,72
1623,72
1590,69
1609,72
1676,74
1458,66
1522,69
1324,60
1668,74
1557,69
1313,62
1654,73
1438,65
1410,64
1645,73
1574,69
1507,68
1492,67
1578,70
1668,74
1397,66
1600,71
1686,73
1498,66
1630,72
1599,69
1616,71
1580,71
1203,56
1485,67
1493,69
1672,74
1635,73
1625,72
1466,68
1658,73
1534,69
1670,74
1600,71
1568,70
1485,67
1328,60
1674,74
1668,74
1535,68
1456,65
1558,70
1510,68
1518,69
1668,74
1623,72
1670,73
1615,72
1557,70
1509,66
1595,71
1674,74
1693,74
1597,71
1668,74
1606,69
1387,65
1605,71
1501,68
1668,74
1602,70
1670,74
1644,71
1605,71
1552,68
1545,70
1498,67
1581,69
1668,74
1672,74
1437,65
1503,68
1546,69
1672,74
1613,72
1604,69
1578,70
1489,66
1408,65
1561,69
1668,74
1579,71
1627,70
1674,74
1408,64
1504,68
1636,73
1616,72
1668,74
1324,60
1650,72
1650,73
1450,67
1209,57
1564,69
1415,65
1630,72
1668,74
1705,74
1643,71
1405,65
1621,72
1539,69
1530,69
1554,69
1423,65
1617,71
1584,71
1606,70
1586,71
1406,64
1480,65
1604,69
1585,71
1559,70
1593,71
1411,66
1562,69
1593,71
1670,74
1488,67
1542,69
1741,74
1607,71
1654,73
1450,65
1444,66
1684,73
1670,74
1534,69
1631,72
1691,74
1340,61
1321,62
1503,67
1445,66
1550,69
1636,73
1563,69
1542,69
1561,69
1636,73
1509,67
1543,68
1597,71
1650,72
1627,71
1646,72
1691,74
1672,74
1607,70
1662,73
1321,63
1593,71
1666,73
1574,70
1517,68
1654,73
1584,71
1668,74
1625,71
1649,73
1571,70
1652,73
1668,74
1643,73
1670,74
1670,74
1626,72
1676,74
1504,68
1619,71
1547,70
1466,65
1229,59
1668,74
1639,72
1528,69
1411,64
1571,70
1440,64
1566,71
1616,72
1527,66
1668,74
1557,68
1552,69
1550,69
1528,67
1480,67
1567,70
1557,70
1668,74
1670,74
1502,69
1644,73
1534,69
1673,73
1453,65
1528,67
1557,70
1558,70
1641,73
1668,74
1668,74
1565,70
1447,66
1366,63
1633,72
1504,67
1557,69
1516,69
1463,67
1536,69
1358,61
1549,69
1337,63
1566,70
1670,73
1343,61
1619,71
1541,69
1641,73
1597,70
1548,68
1585,71
1334,62
1326,62
1303,62
1674,74
1541,70
1550,69
1596,71
1393,64
1605,70
1654,73
1540,68
1591,71
1625,72
1668,74
1644,73
1460,67
1635,72
1525,69
1451,67
1756,74
1670,74
1594,71
1302,62
1516,69
1518,66
1674,74
1661,73
1626,72
1577,70
1668,74
1592,71
1668,74
1668,74
1641,72
1643,73
1470,67
1593,71
1495,68
1496,67
1585,69
1396,62
1494,69
1499,67
1602,70
1506,67
1499,68
1346,62
1523,68
1464,67
1518,67
1670,74
1708,73
1362,62
1518,69
1585,71
1612,72
1587,69
1499,66
1530,69
1630,71
1518,68
1508,67
1464,66
1527,68
1459,67
1288,61
1608,71
1627,70
1411,65
1602,71
1668,74
1513,69
1441,65
1635,72
1369,62
1706,74
1604,70
1560,70
1138,56
1560,69
1437,65
1709,74
1574,71
1344,63
1643,73
1680,74
1394,64
1643,73
1680,74
1670,74
1521,69
1532,68
1673,73
1484,67
1670,73
1504,68
1676,74
1461,66
1683,73
1452,65
1554,70
1290,60
1670,74
1670,74
1558,70
1563,70
1466,66
1640,73
1586,71
1486,68
1570,70
1714,74
1662,73
1554,69
1479,67
1705,74
1670,74
1550,69
1575,69
1672,74
1641,73
1676,74
1527,69
1657,73
1614,70
1591,70
1614,70
1586,71
1586,71
1477,68
1688,72
1633,72
1526,69
1476,68
1410,64
1372,65
1668,74
1668,74
1676,74
1672,74
1560,69
1479,67
1668,74
1295,59
1584,71
1418,65
1518,67
1640,72
1608,70
1670,74
1605,71
1668,74
1594,71
1593,71
1546,69
1481,67
1663,73
1533,69
1668,74
1541,69
1602,72
1425,63
1562,70
1603,72
1705,74
1523,68
1444,66
1557,69
1526,69
1593,71
1509,67
1463,66
1370,65
1560,70
1668,74
1407,64
1584,71
1702,73
1338,61
1528,69
1499,68
1606,70
1668,74
1288,61
1626,73
1596,71
1547,69
1589,71
1487,67
1641,73
1544,69
1452,65
1542,68
1591,71
1406,65
1668,74
1585,71
1668,74
1496,67
1584,71
1449,66
1539,69
1528,69
1524,69
1654,73
1431,66
1435,64
1440,66
1509,66
1512,67
1645,73
1672,74
1603,71
1491,67
1607,71
1575,69
1558,68
1717,74
1597,71
1668,74
1507,67
1526,67
1607,71
1705,74
1668,74
1645,71
1495,67
1674,74
1707,73
1495,67
1445,65
1395,64
1627,71
1566,70
1643,73
1666,73
1565,70
1616,71
1489,66
1643,73
1662,73
1661,73
1497,67
1602,71
1672,73
1672,74
1668,74
1602,71
1649,73
1633,73
1242,59
1588,70
1662,73
1379,64
1477,67
1668,74
1668,74
1688,74
1668,74
1526,69
1565,68
1427,66
1466,67
1374,61
1338,62
1539,69
1676,74
1588,71
1513,67
1464,66
1672,74
1629,73
1660,73
1639,73
1378,63
1670,74
1599,70
1645,73
1495,68
1491,67
1602,71
1432,65
1415,64
1672,74
1668,74
1522,69
1517,68
1478,67
1599,71
1709,74
1592,71
1559,69
1570,71
1658,73
1592,71
1602,72
1613,72
1654,73
1670,74
1668,74
1641,73
1544,67
1431,64
1555,69
1670,74
1465,66
1670,74
1682,74
1670,74
1468,65
1407,65
1425,65
1404,64
1606,69
1614,70
1589,71
1658,73
1410,66
1609,71
1590,71
1670,74
1541,68
1656,73
1455,66
1328,61
1602,72
1547,70
1426,64
1563,70
1668,74
1672,74
1463,67
1670,74
1594,70
1593,71
1388,64
1521,69
1654,73
1608,72
1585,71
1499,68
1641,73
1558,69
1625,72
1676,74
1591,71
1404,65
1594,70
1591,71
1516,69
1668,74
1668,74
1668,74
1464,66
1672,72
1302,62
1585,71
1577,71
1348,62
1444,65
1423,64
1654,73
1546,69
1603,70
1562,69
1488,67
1515,68
1369,64
1548,69
1414,65
1570,70
1668,74
1459,66
1572,69
1412,65
1374,61
1476,67
1527,67
1658,73
1626,71
1595,71
1590,72
1623,71
1407,65
1499,68
1448,66
1668,74
1297,62
1507,68
1374,63
1547,68
1548,69
1552,70
1459,66
1333,61
1478,67
1549,68
1590,72
1559,70
1562,69
1287,61
1672,71
1474,67
1668,74
1626,72
1668,74
1660,73
1676,74
1452,65
1569,69
1428,64
1607,69
1630,72
1530,69
1624,70
1434,66
1549,69
1383,64
1670,74
1668,74
1650,73
1575,69
1578,70
1668,74
1461,65
1415,65
1497,67
1522,69
1612,70
1639,73
1656,73
1513,66
1433,67
1609,71
1480,67
1439,67
1618,73
1668,74
1668,74
1507,67
1482,67
1643,73
1515,69
1668,74
1573,69
1705,74
1589,71
1635,72
1525,67
1594,71
1637,73
1674,74
1635,72
1705,74
1592,71
1706,72
1466,66
1427,66
1271,59
1480,67
1343,61
1530,69
1585,68
1552,68
1607,72
1674,74
1505,67
1458,65
1448,66
1325,60
1646,73
1392,64
1601,71
1400,64
1668,74
1624,73
1557,69
1606,72
1353,62
1551,69
1542,69
1592,71
1707,74
1376,63
1459,66
1629,73
1528,69
1593,71
1434,65
1738,74
1668,74
1537,70
1487,68
1647,73
1474,66
1676,74
1674,74
1668,74
1605,69
1395,64
1328,63
1668,74
1612,72
1588,71
1668,74
1606,71
1670,74
1610,71
1668,74
1635,72
1676,73
1660,69
1378,65
1707,74
1668,74
1607,72
1466,67
1531,69
1549,69
1370,63
1629,72
1668,74
1674,74
1555,70
1428,66
1606,70
1275,60
1396,64
1613,72
1501,69
1562,70
1670,74
1577,69
1680,74
1595,71
1514,68
1427,64
1670,74
1535,69
1556,70
1668,74
1666,73
1662,73
1668,74
1609,72
1672,74
1601,71
1619,72
1672,74
1637,73
1541,69
1508,68
1672,74
1614,71
1670,74
1668,74
1391,63
1672,74
1596,71
1635,72
1668,74
1639,73
1668,74
1668,74
1631,70
1712,74
1472,66
1306,60
1705,74
1674,74
1668,74
1668,74
1622,72
1596,70
1557,69
1545,69
1363,62
1517,68
1639,73
1561,70
1428,64
1668,74
1488,67
1529,68
1487,67
1584,69
1660,73
1610,71
1576,70
1536,69
1598,70
1530,67
1491,67
1373,62
1526,68
1589,71
1502,68
1668,74
1654,73
1615,71
1682,74
1674,74
1594,70
1482,68
1614,71
1576,69
1357,62
1468,67
1637,73
1448,64
1668,74
1613,72
1668,74
1519,68
1552,69
1597,70
1647,73
1522,68
1659,72
1450,66
1547,67
1668,74
1607,72
1660,73
1676,74
1494,69
1451,65
1642,73
1592,71
1397,65
1670,74
1693,73
1483,66
1343,62
1526,69
1303,59
1378,63
1350,63
1424,65
1382,64
1425,65
1597,71
1399,65
1336,61
1417,63
1644,73
1591,71
1668,74
1379,62
1579,70
1619,72
1477,65
1629,72
1670,73
1497,67
1668,74
1386,64
1469,67
1674,74
1647,73
1553,69
1515,67
1638,73
1678,74
1709,74
1567,69
1670,74
1371,62
1628,72
1612,71
1476,67
1651,73
1668,74
1502,67
1668,74
1533,69
1611,69
1518,68
1601,70
1501,68
1593,70
1668,74
1416,64
1474,67
1668,74
1471,66
1519,68
1421,65
1579,70
1710,73
1668,74
1606,70
1625,72
1624,70
1581,71
1474,66
1674,74
1621,72
1530,69
1501,67
1338,62
1664,73
1550,69
1481,66
1564,70
1603,72
1571,70
1455,66
1648,73
1371,63
1620,71
1445,66
1410,63
1670,74
1466,66
1443,65
1310,62
1637,72
1676,74
1508,68
1668,74
1486,68
1475,67
1670,74
1588,69
1639,73
1701,74
1689,74
1670,74
1528,69
1438,64
1696,74
1649,73
1268,58
1668,74
1635,72
1536,68
1674,74
1384,63
1603,70
1436,65
1409,65
1313,59
1653,73
1623,72
1567,70
1505,68
1561,70
1632,73
1472,64
1419,64
1672,74
1620,70
1557,70
1623,72
1407,63
1422,65
1499,68
1513,68
1446,64
1368,63
1196,57
1344,62
1678,74
1584,71
1564,69
1452,66
1613,72
1625,72
1646,73
1530,69
1674,74
1541,68
1655,73
1670,74
1576,71
1631,73
1577,71
1661,71
1550,70
1672,74
1440,65
1352,62
1440,66
1668,74
1628,72
1599,70
1597,70
1505,68
1607,71
1422,66
1676,74
1670,74
1612,71
1650,72
1536,69
1607,71
1692,74
1490,68
1567,70
1335,62
1643,73
1518,67
1670,74
1437,65
1523,68
1428,65
1585,71
1624,72
1613,72
1414,65
1668,74
1579,69
1641,73
1661,73
1659,73
1457,67
1568,70
1654,73
1297,61
1697,74
1623,72
1602,69
1577,71
1621,72
1536,68
1426,65
1541,69
1568,70
1674,74
1328,60
1597,70
1516,65
1636,72
1440,65
1411,64
1668,74
1668,74
1420,64
1666,73
1493,68
1592,69
1529,68
1427,64
1559,68
1405,66
1439,64
1549,69
1668,74
1637,73
1468,65
1691,74
1588,70
1365,62
1412,65
1258,60
1503,68
1617,71
1636,72
1674,74
1531,68
1557,70
1672,74
1507,67
1491,68
1614,70
1591,69
1536,68
1560,71
1635,72
1508,66
1595,71
1558,71
1668,74
1597,70
1571,70
1389,62
1311,60
1682,74
1398,65
1628,72
1568,70
1545,69
1696,73
1565,69
1547,69
1651,72
1651,73
1558,68
1623,72
1637,73
1223,59
1678,74
1406,63
1672,74
1408,64
1568,70
1545,68
1636,73
1499,68
1562,70
1593,71
1484,65
1642,73
1411,65
1607,72
1426,65
1639,73
1552,70
1645,73
1560,68
1560,70
1522,67
1654,73
1546,69
1440,66
1668,74
1557,70
1668,74
1639,73
1301,62
1642,72
1584,69
1568,69
1552,69
1637,71
1666,74
1666,74
1572,70
1666,74
1637,72
1456,65
1462,66
1638,73
1368,63
1668,74
1668,74
1556,71
1492,66
1384,64
1600,71
1564,70
1579,70
1429,64
1651,73
1544,68
1563,68
1572,69
1432,66
1659,73
1513,68
1612,71
1666,74
1401,63
1483,68
1554,69
1666,74
1406,64
1654,73
1557,69
1390,63
1382,65
1344,63
1626,71
1563,70
1553,70
1564,70
1702,74
1666,74
1556,71
1666,74
1349,61
1556,71
1493,68
1482,68
1587,71
1456,67
1666,74
1562,70
1536,68
1595,71
1385,62
1555,70
1681,73
1620,70
1419,66
1374,63
1538,69
1443,68
1563,68
1680,73
1495,67
1635,73
1662,73
1643,73
1629,71
1656,73
1555,70
1701,74
1300,59
1581,71
1564,69
1602,70
1654,73
1488,67
1666,74
1573,69
1442,65
1670,74
1421,66
1666,74
1529,69
1510,69
1703,72
1634,73
1488,67
1520,69
1640,72
1309,61
1666,74
1701,74
1589,70
1387,63
1609,71
1588,72
1666,74
1545,70
1643,72
1601,71
1697,74
1276,61
1471,67
1270,60
1670,74
1693,74
1384,64
1639,73
1578,70
1672,74
1375,62
1470,67
1406,64
1535,69
1661,73
1587,70
1624,73
1591,70
1672,74
1664,74
1611,72
1340,61
1664,74
1357,63
1317,61
1371,63
1579,69
1596,70
1579,70
1608,69
1699,72
1664,74
1664,72
1647,73
1557,68
1672,74
1664,74
1553,69
1646,73
1659,72
1346,62
1635,72
1508,67
1418,63
1550,68
1664,74
1426,65
1516,69
1495,66
1504,67
1555,68
1540,69
1670,74
1614,72
1676,74
1628,73
1491,67
1566,68
1623,72
1654,73
1581,71
1724,74
1657,71
1413,63
1604,71
1531,69
1668,74
1501,67
1254,60
1357,64
1375,64
1494,66
1672,74
1592,71
1566,70
1524,69
1658,73
1467,66
1455,66
1601,71
1444,66
1564,69
1572,70
1475,64
1216,56
1674,74
1608,72
1624,72
1571,70
1572,70
1599,71
1672,74
1615,70
1619,72
1665,73
1560,68
1654,73
1664,74
1672,74
1386,64
1664,74
1648,72
1604,71
1321,63
1463,66
1642,72
1455,67
1605,72
1561,69
1411,63
1548,69
1436,66
1527,68
1298,60
1535,68
1664,74
1540,69
1439,66
1501,68
1472,66
1672,74
1500,68
1491,67
1664,74
1304,59
1417,65
1482,67
1447,65
1628,72
1444,66
1497,68
1664,74
1359,62
1530,69
1624,72
1562,70
1520,69
1558,71
1668,74
1654,73
1664,74
1447,66
1674,74
1534,70
1410,63
1564,70
1666,74
1443,66
1397,64
1651,72
1497,68
1624,70
1354,61
1460,66
1399,63
1588,70
1676,74
1515,67
1515,68
1589,70
1731,73
1480,66
1650,73
1667,73
1335,62
1664,73
1581,71
1664,74
1618,72
1537,67
1481,66
1591,71
1405,65
1495,68
1664,74
1578,70
1406,65
1623,71
1566,67
1652,73
1613,71
1664,74
1553,70
1674,74
1652,73
1656,72
1517,68
1520,69
1666,74
1603,69
1627,72
1664,74
1516,69
1672,74
1563,70
1442,66
1504,67
1497,68
1421,66
1625,72
1579,70
1354,61
1587,70
1589,71
1427,66
1664,74
1601,71
1512,69
1627,72
1637,72
1485,68
1665,73
1638,72
1562,70
1350,63
1664,74
1711,75
1571,70
1414,64
1604,71
1730,75
1711,75
1642,73
1343,62
1694,74
1386,63
1715,75
1567,70
1561,70
1472,68
1649,73
1406,64
1641,72
1508,68
1686,73
1711,75
1310,60
1531,68
1554,69
1748,75
1467,67
1715,75
1613,72
1502,67
1586,70
1494,67
1591,70
1438,64
1534,69
1377,64
1560,70
1693,74
1639,73
1544,68
1617,70
1658,73
1516,68
1467,66
1545,69
1495,68
1538,68
1603,72
1711,75
1643,72
1690,73
1531,68
1631,72
1602,71
1711,75
1648,73
1388,64
1604,72
1732,75
1700,73
1455,65
1536,69
1558,70
1636,72
1738,75
1647,73
1711,75
1628,72
1420,66
1600,71
1516,69
1444,66
1675,73
1641,72
1746,75
1453,66
1461,65
1666,73
1656,72
1711,75
1686,73
1543,67
1711,75
1301,60
1549,69
1711,75
1709,75
1432,66
1695,74
1631,72
1660,73
1538,68
1709,75
1645,71
1483,66
1688,74
1707,75
1663,73
1479,65
1707,75
1436,64
1639,71
1313,61
1665,73
1515,68
1581,71
1505,67
1633,72
1482,65
1552,70
1671,74
1648,73
1707,75
1566,68
1707,75
1658,73
1472,65
1441,63
1455,65
1739,75
1727,75
1438,64
1707,75
1685,74
1673,74
1560,69
1714,74
1708,74
1527,67
1515,68
1460,65
1484,68
1629,72
1660,73
1694,74
1707,75
1589,69
1707,75
1737,75
1741,75
1707,75
1601,71
1404,64
1512,67
1533,67
1462,67
1707,75
1622,72
1707,75
1709,75
1434,64
1544,68
1693,73
1619,72
1650,70
1612,72
1713,75
1686,74
1652,73
1663,73
1482,65
1682,74
1467,66
1650,73
1618,72
1717,75
1527,65
1601,71
1379,62
1450,65
1707,75
1611,70
1704,74
1492,65
1613,71
1711,75
1654,73
1707,75
1603,71
1687,74
1525,67
1658,72
1436,66
1707,75
1533,68
1499,68
1711,75
1570,70
1597,70
1484,68
1484,68
1640,73
1518,68
1711,75
1727,75
1441,63
1727,75
1671,72
1713,75
1596,71
1707,75
1678,73
1682,74
1711,75
1513,67
1671,72
1593,70
1646,73
1597,71
1565,69
1552,68
1464,65
1648,72
1671,74
1580,70
1689,73
1645,71
1661,72
1605,70
1707,75
1456,67
1379,62
1707,75
1385,62
1709,75
1661,73
1456,66
1503,69
1413,66
1699,74
1412,66
1535,68
1365,63
1671,74
1514,68
1437,65
1549,68
1721,75
1748,75
1709,75
1543,70
1610,71
1484,67
1635,69
1660,73
1664,72
1438,65
1569,68
1663,73
1707,75
1460,65
1589,71
1686,73
1363,61
1607,71
1679,74
1471,66
1665,74
1663,73
1501,67
1391,63
1677,73
1707,75
1598,70
1674,73
1317,59
1412,66
1606,70
1427,65
1470,65
1240,59
1502,68
1489,68
1449,65
1655,73
1596,70
1671,74
1481,66
1440,63
1616,72
1619,69
1690,74
1635,72
1692,74
1642,73
1412,66
1652,73
1636,71
1594,69
1560,69
1568,71
1647,72
1499,68
1666,73
1632,72
1605,72
1563,70
1463,67
1700,74
1401,65
1457,66
1641,72
1505,66
1639,70
1620,71
1685,73
1646,73
1666,73
1447,67
1707,75
1548,68
1458,65
1707,75
1651,73
1635,69
1678,73
1543,69
1468,67
1556,68
1707,75
1571,70
1433,64
1367,63
1523,67
1709,75
1400,64
1466,65
1635,72
1506,68
1644,72
1363,61
1707,75
1657,73
1725,75
1707,75
1557,70
1289,61
1522,67
1567,70
1643,72
1725,74
1386,64
1641,73
1606,69
1671,74
1634,72
1707,75
1569,69
1709,75
1494,68
1647,73
1280,61
1742,75
1527,67
1709,75
1252,59
1656,73
1661,72
1385,62
1713,75
1643,73
1501,67
1497,68
1255,58
1618,72
1582,71
1475,66
1707,75
1707,75
1707,75
1707,75
1479,67
1682,74
1561,68
1455,65
1481,65
1707,75
1634,72
1496,68
1727,75
1376,62
1709,75
1579,69
1555,68
1521,67
1713,75
1707,75
1505,67
1409,64
1436,66
1615,71
1709,75
1707,75
1727,75
1519,66
1588,70
1331,61
1694,73
1677,73
1534,67
1527,69
1692,74
1703,74
1707,75
1709,75
1709,75
1686,74
1704,74
1474,66
1521,67
1523,67
1679,73
1647,72
1555,68
1707,75
1656,73
1621,72
1530,68
1637,72
1410,64
1616,69
1554,67
1385,63
1586,69
1672,74
1418,64
1661,72
1709,75
1456,66
1640,73
1683,74
1324,62
1452,66
1674,72
1651,73
1499,67
1599,71
1634,71
1550,70
1376,63
1647,73
1462,66
1631,72
1601,71
1592,70
1707,75
1549,69
1530,69
1686,73
1596,70
1705,74
1698,74
1502,67
1597,71
1589,71
1483,66
1684,74
1721,75
1715,75
1625,69
1707,75
1677,73
1543,67
1428,66
1318,61
1711,75
1532,67
1709,75
1551,69
1366,63
1679,74
1707,75
1691,74
1729,74
1563,69
1444,63
1425,64
1738,75
1464,67
1685,73
1419,65
1448,66
1450,64
1711,75
1676,73
1404,64
1637,72
1670,73
1713,73
1666,72
1650,71
1503,67
1676,74
1552,69
1609,71
1618,71
1707,75
1535,69
1707,75
1707,75
1685,74
1669,73
1616,72
1283,61
1682,74
1483,66
1715,74
1500,66
1618,71
1744,75
1693,73
1599,71
1707,75
1348,62
1480,66
1557,70
1306,60
1611,72
1633,70
1379,63
1321,61
1721,75
1684,73
1713,74
1703,74
1624,72
1420,63
1694,74
1711,75
1725,75
1586,70
1657,71
1744,75
1471,66
1629,72
1398,64
1489,67
1610,70
1713,75
1660,73
1654,73
1696,73
1583,71
1329,60
1652,73
1383,62
1563,69
1527,68
1550,68
1302,61
1682,74
1333,62
1655,73
1614,72
1567,69
1466,64
1698,74
1469,65
1563,70
1561,68
1685,74
1738,75
1657,70
1685,73
1539,68
1418,64
1707,75
1579,70
1676,73
1356,63
1560,69
1671,74
1693,74
1661,73
1423,64
1313,62
1681,73
1707,75
1707,75
1367,63
1596,71
1707,75
1544,70
1693,74
1558,70
1375,62
1581,71
1707,75
1687,74
1665,72
1670,73
1551,69
1576,70
1390,62
1676,74
1707,75
1709,75
1269,59
1592,71
1707,75
1455,66
1709,75
1467,65
1702,73
1391,64
1597,71
1467,66
1573,69
1600,71
1711,75
1707,75
1603,71
1684,73
1509,66
1563,70
1710,74
1668,73
1434,65
1515,66
1524,66
1571,67
1573,69
1332,62
1706,74
1632,72
1544,68
1596,70
1685,74
1707,75
1558,70
1677,73
1707,75
1707,75
1580,70
1615,71
1412,63
1575,68
1707,75
1709,75
1612,72
1526,68
1589,70
1508,68
1462,66
1597,71
1681,74
1603,71
1655,73
1709,75
1719,75
1707,75
1587,71
1655,73
1638,69
1478,65
1711,75
1357,63
1633,72
1698,74
1556,70
1557,67
1667,72
1679,73
1535,68
1364,62
1648,73
1611,71
1535,67
1709,75
1402,64
1513,69
1717,75
1711,75
1409,63
1715,74
1709,75
1744,75
1623,72
1691,74
1707,75
1508,66
1681,73
1512,68
1698,73
1674,73
1582,69
1621,70
1470,66
1455,66
1539,69
1505,67
1524,69
1660,73
1589,70
1652,73
1684,74
1731,75
1610,70
1615,72
1648,73
1639,71
1628,72
1555,69
1402,64
1631,72
1715,75
1573,68
1744,75
1611,70
1605,71
1411,63
1605,70
1524,68
1699,74
1465,67
1711,75
1510,68
1709,75
1711,75
1619,68
1768,76
1601,71
1448,66
1768,76
1748,75
1764,76
1680,72
1429,65
1355,61
1675,73
1671,73
1601,70