58,1295
60,1298
58,1412
57,1326
59,1340
60,1316
53,1298
59,1400
59,1296
57,1306
54,1227
55,1343
57,1277
58,1300
60,1383
58,1339
56,1246
60,1407
54,1206
59,1383
56,1215
62,1448
59,1310
56,1283
58,1309
58,1334
60,1348
58,1299
59,1442
58,1297
-,-,-,-
59,1277
60,1370
57,1275
58,1295
58,1295
58,1297
58,1305
63,1421
61,1339
61,1347
58,1275
60,1427
58,1412
54,1245
57,1308
61,1415
58,1322
54,1301
54,1230
63,1429
55,1240
53,1166
56,1299
52,1223
60,1335
61,1374
59,1374
53,1235
58,1378
54,1203
58,1347
64,1480
59,1368
60,1386
56,1314
56,1223
56,1345
57,1282
60,1320
61,1456
57,1334
-,-,-,-
62,1440
58,1370
62,1421
57,1238
63,1439
64,1480
56,1374
61,1279
63,1423
62,1366
64,1432
64,1430
63,1427
63,1429
53,1178
54,1183
54,1306
62,1405
58,1318
62,1464
58,1325
58,1292
61,1413
59,1343
56,1223
61,1384
60,1467
58,1404
57,1355
57,1333
59,1390
53,1263
55,1238
57,1332
60,1404
57,1339
59,1411
59,1348
53,1072
53,1150
57,1385
-,-,-,-
60,1310
62,1404
62,1390
64,1430
64,1430
62,1328
57,1282
63,1370
62,1375
60,1303
59,1276
62,1413
62,1484
61,1373
56,1292
63,1444
62,1459
57,1291
60,1346
57,1280
60,1430
61,1354
53,1182
59,1389
60,1325
64,1456
55,1220
58,1375
62,1451
60,1439
57,1297
57,1366
52,1244
59,1355
52,1205
55,1258
56,1317
55,1280
52,1209
55,1289
57,1269
-,-,-,-
64,1423
63,1382
63,1454
62,1363
64,1406
64,1430
59,1335
61,1325
60,1306
63,1372
61,1339
61,1385
62,1395
64,1480
61,1380
61,1452
59,1365
58,1375
62,1391
61,1406
57,1270
62,1445
61,1340
61,1442
54,1144
59,1353
64,1509
58,1328
57,1307
57,1304
54,1214
57,1359
59,1403
59,1457
59,1463
53,1220
55,1322
57,1352
53,1169
61,1432
59,1398
-,-,-,-
64,1446
61,1307
64,1396
64,1406
63,1448
62,1385
66,1485
63,1341
64,1432
60,1303
63,1374
62,1450
63,1408
61,1374
58,1307
61,1429
56,1246
59,1318
56,1289
58,1334
55,1292
61,1434
59,1263
58,1370
57,1316
55,1254
60,1336
60,1375
60,1376
57,1334
58,1328
61,1404
61,1434
59,1359
59,1332
59,1420
52,1240
56,1325
54,1220
62,1463
53,1161
-,-,-,-
65,1457
65,1434
64,1397
64,1406
65,1464
66,1499
66,1487
62,1327
64,1432
58,1250
59,1276
62,1389
63,1444
64,1456
55,1289
58,1388
57,1277
56,1234
63,1430
58,1383
59,1421
55,1277
63,1428
62,1356
55,1232
57,1294
55,1305
60,1336
58,1388
61,1416
59,1293
60,1344
54,1308
58,1374
53,1158
60,1449
54,1254
59,1494
56,1327
59,1360
54,1222
-,-,-,-
65,1525
64,1429
66,1485
67,1509
64,1437
66,1485
66,1489
62,1339
64,1432
63,1394
62,1353
64,1460
63,1446
64,1440
60,1407
56,1267
66,1622
63,1503
58,1332
55,1198
64,1403
62,1511
62,1453
61,1484
58,1348
60,1372
59,1408
62,1438
55,1269
58,1379
62,1431
59,1300
61,1424
57,1322
58,1312
56,1240
53,1115
54,1271
55,1298
56,1305
55,1197
-,-,-,-
61,1349
60,1325
66,1472
64,1412
67,1509
65,1462
66,1492
66,1649
66,1620
64,1554
58,1313
64,1422
63,1387
64,1407
56,1220
60,1365
62,1431
58,1327
63,1449
59,1388
64,1462
56,1228
64,1476
55,1264
58,1371
57,1253
57,1272
59,1293
59,1297
58,1328
57,1382
60,1396
59,1319
59,1387
63,1471
57,1323
56,1321
59,1436
54,1238
58,1315
53,1194
-,-,-,-
61,1359
64,1421
64,1484
63,1404
61,1414
65,1428
66,1485
63,1539
66,1602
65,1588
61,1438
60,1298
60,1291
61,1341
57,1244
61,1388
64,1458
57,1282
62,1420
56,1329
58,1359
59,1369
59,1314
62,1475
59,1352
61,1465
60,1412
56,1200
63,1439
60,1480
60,1403
57,1356
58,1311
54,1227
58,1427
61,1457
57,1283
56,1337
57,1331
58,1397
53,1240
-,-,-,-
60,1316
66,1539
62,1378
67,1509
66,1472
67,1509
65,1462
65,1551
62,1493
66,1602
65,1529
63,1393
64,1432
64,1403
59,1317
59,1350
58,1342
57,1332
60,1367
63,1520
55,1226
59,1303
60,1410
56,1212
60,1325
56,1275
57,1321
57,1270
57,1229
57,1360
59,1326
62,1512
62,1424
60,1399
59,1381
53,1191
61,1469
55,1345
56,1349
56,1269
56,1304
-,-,-,-
62,1408
66,1502
63,1435
67,1509
67,1511
65,1543
68,1554
66,1582
59,1371
66,1602
63,1481
63,1401
64,1407
64,1403
59,1286
60,1342
60,1292
63,1448
57,1250
60,1361
61,1353
60,1432
55,1233
64,1502
62,1443
62,1439
60,1392
60,1385
61,1435
58,1363
58,1290
58,1405
55,1299
60,1414
58,1321
58,1388
62,1400
58,1346
56,1373
58,1340
57,1174
-,-,-,-
63,1438
68,1554
65,1465
65,1445
68,1554
63,1405
63,1405
65,1510
63,1473
60,1432
66,1592
64,1401
66,1461
61,1344
57,1237
60,1287
60,1312
60,1401
60,1380
56,1267
58,1296
63,1464
57,1278
57,1360
57,1336
62,1392
58,1258
54,1206
60,1415
59,1341
57,1277
57,1250
52,1208
55,1215
59,1363
57,1356
60,1384
59,1341
57,1388
61,1461
57,1311
-,-,-,-
66,1500
64,1438
64,1452
66,1505
68,1554
65,1463
63,1392
66,1453
66,1470
65,1421
66,1484
66,1595
61,1452
65,1566
63,1383
60,1335
62,1360
63,1446
58,1242
60,1321
62,1400
64,1456
63,1448
59,1362
63,1478
55,1242
57,1293
58,1372
57,1392
59,1334
58,1354
56,1232
61,1487
58,1317
59,1360
60,1463
60,1382
63,1408
57,1324
60,1363
57,1295
-,-,-,-
61,1395
66,1508
62,1407
65,1464
68,1554
65,1464
61,1363
62,1373
62,1354
62,1377
66,1454
60,1446
66,1583
63,1506
56,1165
61,1354
53,1164
59,1371
62,1416
56,1260
63,1413
61,1462
55,1175
64,1556
63,1520
60,1343
57,1291
60,1300
56,1260
60,1379
58,1304
56,1345
56,1245
54,1305
54,1252
61,1481
55,1279
59,1336
57,1358
60,1404
57,1323
-,-,-,-
68,1554
68,1554
65,1494
65,1448
66,1488
67,1527
66,1502
62,1372
66,1453
66,1449
62,1366
67,1624
64,1550
65,1540
63,1373
59,1270
56,1283
59,1273
58,1337
58,1336
62,1400
56,1308
60,1357
60,1354
59,1375
59,1409
62,1439
57,1285
59,1347
58,1393
64,1488
55,1303
60,1400
62,1456
60,1396
57,1345
59,1346
54,1182
56,1306
58,1386
54,1122
-,-,-,-
68,1552
65,1455
67,1542
65,1493
68,1581
59,1287
65,1458
57,1273
61,1382
62,1416
65,1522
66,1499
64,1413
64,1407
60,1305
61,1350
58,1248
60,1341
63,1441
58,1318
63,1431
63,1463
60,1400
63,1437
61,1415
60,1437
62,1444
54,1210
60,1385
58,1329
60,1396
61,1433
55,1325
58,1238
59,1330
62,1387
56,1323
56,1274
55,1267
59,1388
57,1346
-,-,-,-
65,1448
68,1552
65,1464
62,1437
64,1421
68,1552
63,1451
66,1596
66,1595
61,1421
67,1639
62,1319
67,1489
63,1386
61,1395
59,1337
57,1302
62,1381
60,1312
61,1363
58,1324
64,1435
58,1371
62,1398
62,1359
54,1236
56,1171
58,1312
55,1184
57,1307
59,1284
56,1282
61,1435
55,1282
58,1332
58,1319
62,1522
59,1428
57,1334
59,1396
58,1265
-,-,-,-
65,1449
68,1552
68,1572
66,1496
68,1552
66,1480
63,1373
67,1489
67,1489
65,1477
67,1491
62,1404
67,1624
67,1624
56,1178
64,1469
61,1382
58,1292
62,1405
62,1389
59,1329
60,1416
61,1464
59,1309
60,1347
54,1162
59,1358
58,1329
58,1382
54,1242
57,1315
58,1378
60,1412
61,1456
60,1394
59,1360
63,1517
62,1440
58,1317
60,1429
56,1262
-,-,-,-
66,1465
68,1555
65,1439
63,1391
65,1458
66,1484
66,1498
68,1517
67,1489
67,1503
66,1439
60,1422
59,1289
68,1671
56,1131
64,1536
59,1298
61,1419
62,1440
66,1557
59,1290
60,1460
60,1397
62,1499
64,1407
58,1347
64,1474
56,1268
63,1482
57,1292
60,1461
62,1421
56,1251
62,1511
58,1328
53,1195
58,1347
57,1309
56,1296
57,1327
59,1318
-,-,-,-
68,1517
65,1411
64,1485
67,1474
66,1522
68,1517
67,1501
64,1372
66,1474
64,1444
61,1273
60,1371
61,1432
68,1675
64,1455
62,1447
59,1288
65,1519
58,1282
58,1376
57,1280
61,1444
61,1431
62,1494
63,1431
62,1393
60,1412
63,1521
58,1373
59,1370
58,1326
60,1397
58,1305
57,1343
58,1232
60,1358
61,1455
55,1271
61,1395
57,1368
60,1370
-,-,-,-
60,1274
67,1508
68,1537
68,1517
65,1469
65,1440
58,1260
66,1488
69,1592
59,1333
65,1511
62,1410
68,1675
63,1415
57,1300
62,1419
60,1309
62,1358
58,1303
52,1203
61,1414
59,1402
59,1312
60,1361
65,1555
58,1369
58,1331
57,1291
58,1396
61,1431
57,1289
59,1320
62,1481
59,1364
62,1495
60,1371
57,1290
63,1470
54,1229
56,1232
61,1421
-,-,-,-
63,1412
67,1512
59,1345
69,1600
69,1592
62,1414
68,1577
68,1547
65,1446
62,1337
68,1517
62,1471
59,1305
62,1475
62,1385
66,1550
63,1474
61,1346
62,1386
62,1433
60,1347
57,1282
63,1495
56,1284
55,1326
60,1419
60,1482
55,1261
57,1266
56,1351
61,1406
58,1315
60,1319
52,1135
54,1249
55,1323
59,1395
61,1421
54,1346
59,1332
57,1226
-,-,-,-
63,1382
66,1516
64,1427
67,1547
68,1563
66,1504
69,1592
68,1517
65,1450
68,1515
62,1327
59,1362
67,1665
61,1400
61,1437
62,1407
59,1398
59,1368
58,1237
55,1231
57,1335
63,1447
59,1392
58,1322
60,1409
60,1406
59,1324
56,1247
62,1433
59,1464
63,1512
59,1322
58,1274
54,1289
56,1309
63,1566
59,1381
55,1334
61,1430
58,1351
57,1256
-,-,-,-
63,1407
66,1551
69,1592
68,1599
67,1550
63,1500
66,1489
63,1380
68,1515
67,1523
61,1441
67,1642
68,1671
62,1448
65,1523
61,1387
57,1301
55,1202
60,1328
59,1351
61,1419
61,1370
59,1362
52,1217
60,1396
59,1371
61,1509
58,1269
60,1425
61,1408
53,1221
57,1340
60,1364
60,1410
56,1272
50,1120
56,1332
61,1455
55,1220
57,1356
60,1362
-,-,-,-
66,1516
69,1592
66,1508
69,1592
66,1535
65,1482
69,1592
62,1374
67,1489
67,1487
65,1440
66,1595
60,1371
59,1352
59,1362
60,1363
65,1581
56,1239
56,1205
63,1390
60,1317
61,1382
56,1297
55,1217
59,1347
63,1470
60,1431
61,1369
58,1353
60,1360
56,1253
58,1380
62,1475
59,1374
52,1178
60,1481
59,1368
58,1355
53,1193
60,1372
60,1343
-,-,-,-
69,1592
67,1492
65,1497
69,1592
69,1592
67,1535
64,1459
67,1515
63,1408
68,1515
65,1428
64,1528
68,1685
66,1544
59,1314
62,1340
60,1435
60,1397
63,1435
58,1371
56,1262
59,1320
63,1469
62,1430
59,1441
57,1318
53,1221
59,1416
59,1364
61,1365
56,1269
57,1405
57,1312
57,1279
57,1298
56,1292
57,1376
57,1338
53,1169
61,1430
58,1318
-,-,-,-
68,1560
66,1484
69,1592
65,1497
61,1323
66,1492
67,1514
61,1360
65,1448
67,1472
67,1499
56,1242
61,1381
67,1593
61,1446
61,1397
59,1341
61,1423
60,1327
61,1320
56,1194
55,1247
63,1524
58,1345
60,1387
59,1411
61,1376
55,1194
63,1489
61,1478
53,1240
52,1249
62,1499
57,1326
64,1545
57,1408
55,1296
56,1234
58,1370
59,1346
57,1290
-,-,-,-
67,1538
64,1504
68,1568
67,1543
68,1567
66,1493
69,1592
60,1376
66,1450
64,1390
63,1403
61,1407
65,1546
61,1456
61,1375
63,1448
64,1447
59,1252
56,1244
65,1520
54,1184
59,1336
60,1344
63,1494
63,1471
51,1167
58,1353
61,1422
59,1399
59,1322
60,1350
57,1354
59,1452
62,1432
57,1283
58,1374
59,1403
58,1415
52,1199
54,1271
58,1338
-,-,-,-
68,1538
68,1564
64,1467
64,1387
69,1600
68,1528
69,1612
62,1410
66,1496
68,1515
58,1284
61,1438
65,1591
64,1521
62,1459
59,1337
57,1334
58,1374
56,1274
58,1223
61,1347
60,1345
66,1585
57,1255
65,1578
57,1336
63,1426
55,1261
60,1359
59,1375
59,1389
58,1454
60,1471
62,1539
57,1308
56,1338
56,1239
55,1246
53,1220
57,1339
60,1354
-,-,-,-
69,1592
67,1504
62,1436
64,1489
65,1457
63,1439
61,1388
66,1501
68,1515
64,1390
66,1485
61,1413
65,1546
68,1669
61,1407
64,1477
55,1291
66,1513
62,1458
61,1376
59,1282
60,1300
58,1329
57,1181
56,1291
58,1390
62,1386
62,1442
56,1244
62,1448
61,1393
53,1230
55,1313
57,1269
60,1384
56,1317
53,1238
60,1392
56,1336
59,1389
57,1326
-,-,-,-
68,1598
60,1333
69,1592
65,1497
67,1542
61,1344
69,1594
62,1349
64,1448
67,1513
64,1448
67,1593
65,1551
58,1399
62,1413
59,1334
64,1462
62,1488
64,1495
60,1364
65,1490
58,1284
61,1376
60,1331
57,1333
56,1310
60,1335
59,1375
59,1322
64,1518
62,1440
61,1395
56,1380
56,1270
60,1398
57,1278
56,1343
60,1351
54,1219
58,1387
59,1475
-,-,-,-
66,1523
68,1544
64,1488
62,1436
64,1423
66,1534
67,1550
67,1493
63,1336
62,1368
68,1519
64,1550
66,1583
60,1389
65,1501
58,1306
63,1498
57,1353
64,1518
59,1386
64,1524
59,1279
58,1300
58,1281
55,1215
59,1402
58,1378
61,1400
56,1326
58,1304
58,1414
57,1292
55,1322
58,1291
63,1449
53,1245
60,1431
63,1528
56,1303
61,1455
57,1288
-,-,-,-
69,1590
68,1544
64,1443
68,1559
67,1509
69,1614
65,1532
61,1322
68,1515
63,1408
65,1499
67,1627
66,1605
64,1523
63,1465
58,1303
61,1393
57,1335
58,1245
57,1332
60,1350
59,1296
62,1366
61,1446
53,1220
57,1287
61,1471
61,1370
63,1485
58,1284
61,1391
59,1354
55,1282
58,1276
59,1442
61,1344
57,1288
56,1345
60,1373
58,1347
56,1271
-,-,-,-
66,1537
69,1596
59,1295
69,1590
69,1590
67,1554
60,1332
64,1425
67,1485
67,1483
68,1515
66,1580
65,1551
64,1499
59,1380
64,1510
59,1362
61,1524
57,1230
62,1424
59,1315
65,1466
57,1245
61,1395
59,1372
60,1376
63,1539
64,1568
62,1440
62,1420
57,1311
60,1417
58,1365
58,1372
61,1445
60,1407
56,1328
53,1224
58,1379
57,1276
56,1251
-,-,-,-
56,1253
69,1584
64,1469
69,1590
61,1391
69,1600
64,1441
68,1562
63,1450
59,1293
68,1517
68,1661
68,1669
65,1535
61,1435
64,1507
60,1378
60,1464
59,1333
60,1318
61,1433
62,1512
61,1395
59,1293
58,1339
59,1266
64,1512
60,1396
61,1395
62,1365
60,1393
59,1344
57,1277
60,1381
60,1425
57,1329
55,1357
55,1361
59,1436
59,1383
61,1437
-,-,-,-
65,1474
62,1386
66,1501
60,1335
65,1477
62,1357
66,1541
66,1444
64,1404
67,1500
66,1504
60,1411
61,1347
68,1661
61,1327
62,1493
59,1329
61,1471
58,1246
58,1295
65,1529
66,1585
61,1314
61,1377
59,1347
61,1484
60,1410
58,1391
60,1359
62,1412
60,1376
63,1450
59,1331
57,1257
58,1412
56,1282
55,1367
51,1096
56,1269
60,1372
53,1124
-,-,-,-
66,1517
68,1534
62,1418
65,1446
69,1584
67,1496
64,1438
64,1438
65,1472
60,1353
61,1356
62,1406
67,1626
60,1389
59,1327
61,1402
63,1412
62,1450
61,1370
61,1317
59,1381
59,1372
61,1466
57,1374
55,1230
57,1348
61,1469
61,1427
55,1349
61,1374
62,1421
59,1358
59,1377
60,1413
62,1445
61,1458
58,1445
51,1225
57,1315
58,1377
55,1190
-,-,-,-
68,1592
65,1477
63,1419
62,1337
64,1467
64,1447
66,1493
67,1501
67,1469
65,1428
68,1521
67,1614
68,1661
68,1648
62,1398
59,1365
59,1366
64,1591
65,1555
59,1330
63,1412
57,1228
56,1272
61,1338
54,1219
60,1353
63,1438
62,1456
58,1291
60,1410
65,1548
64,1482
59,1392
63,1518
61,1423
60,1428
59,1368
54,1279
60,1436
59,1374
61,1410
-,-,-,-
69,1586
67,1548
64,1483
65,1541
69,1586
62,1401
60,1267
59,1333
65,1458
66,1475
68,1515
67,1599
68,1646
64,1497
61,1373
60,1414
60,1373
56,1294
62,1405
64,1442
58,1256
58,1332
62,1426
55,1238
63,1390
54,1171
60,1415
58,1404
58,1293
59,1399
60,1323
56,1235
59,1398
59,1386
55,1300
54,1224
58,1346
52,1185
54,1307
59,1285
57,1328
-,-,-,-
68,1581
62,1381
69,1584
64,1423
63,1467
63,1417
62,1447
68,1515
56,1233
68,1521
67,1485
64,1487
66,1555
65,1560
63,1449
59,1292
64,1455
61,1456
64,1460
59,1256
57,1298
61,1424
58,1366
56,1286
64,1536
60,1328
55,1260
61,1411
60,1494
57,1245
58,1373
61,1374
58,1374
61,1414
58,1355
61,1411
59,1411
59,1299
59,1381
57,1237
64,1528
-,-,-,-
67,1535
69,1584
69,1584
69,1584
65,1465
64,1468
68,1589
63,1424
68,1515
64,1422
66,1492
66,1601
66,1573
67,1617
61,1383
64,1438
59,1328
63,1543
60,1313
63,1442
59,1295
63,1559
61,1343
60,1393
59,1325
60,1355
57,1349
63,1488
63,1437
56,1239
54,1215
61,1433
59,1358
60,1476
59,1385
57,1366
54,1194
56,1207
57,1322
58,1462
60,1436
-,-,-,-
69,1584
65,1495
60,1382
69,1598
67,1534
67,1528
65,1491
67,1467
59,1297
68,1515
63,1369
66,1545
69,1689
66,1572
59,1350
65,1560
59,1325
55,1312
60,1382
60,1304
58,1316
65,1518
60,1391
54,1275
60,1393
63,1490
58,1342
61,1420
59,1331
60,1380
57,1245
60,1379
60,1413
58,1376
56,1315
59,1447
54,1239
56,1352
58,1298
57,1254
56,1328
-,-,-,-
65,1459
68,1544
65,1482
59,1354
61,1415
69,1592
67,1534
69,1689
68,1659
69,1689
65,1518
63,1380
67,1482
68,1528
60,1363
63,1480
57,1282
57,1342
61,1430
61,1354
59,1359
62,1452
58,1422
58,1330
62,1380
57,1275
59,1339
58,1298
60,1360
60,1396
61,1432
56,1293
60,1396
58,1327
55,1226
56,1309
56,1305
54,1286
57,1351
56,1286
56,1221
-,-,-,-
56,1249
65,1506
67,1556
63,1448
65,1480
65,1455
69,1584
69,1689
64,1459
69,1669
68,1656
63,1411
64,1489
66,1446
62,1425
59,1449
61,1337
63,1575
64,1467
62,1391
62,1420
61,1478
58,1341
61,1351
60,1314
60,1321
57,1243
57,1296
64,1428
58,1354
62,1446
59,1438
63,1427
61,1394
56,1228
57,1355
54,1262
59,1368
61,1419
60,1375
58,1367
-,-,-,-
69,1584
64,1464
67,1540
62,1463
62,1405
68,1549
59,1324
66,1606
69,1669
68,1621
66,1561
67,1482
61,1327
68,1515
63,1462
61,1377
55,1228
62,1431
62,1422
58,1248
60,1278
61,1420
60,1360
57,1247
56,1333
58,1311
60,1340
57,1426
62,1477
63,1456
64,1492
63,1432
62,1466
53,1175
55,1292
51,1273
56,1316
56,1325
59,1414
57,1311
57,1380
-,-,-,-
66,1507
69,1608
67,1552
66,1486
66,1569
67,1540
67,1561
67,1607
67,1596
66,1553
69,1683
64,1424
62,1354
63,1424
64,1464
62,1454
62,1420
58,1315
59,1349
64,1493
57,1236
61,1406
62,1476
64,1503
63,1454
59,1343
56,1260
64,1488
60,1381
63,1475
60,1321
62,1426
58,1324
60,1398
62,1454
57,1371
60,1404
53,1290
57,1334
60,1429
61,1487
-,-,-,-
66,1516
65,1482
65,1497
64,1468
66,1496
60,1337
66,1554
66,1580
57,1223
68,1640
68,1666
66,1484
68,1515
65,1419
60,1353
64,1552
61,1394
56,1349
63,1471
61,1360
59,1380
66,1555
61,1406
61,1400
59,1361
59,1323
61,1374
58,1324
61,1373
58,1407
53,1274
67,1578
64,1508
59,1458
55,1248
57,1427
58,1370
57,1383
61,1426
58,1386
61,1444
-,-,-,-
68,1557
67,1550
68,1532
63,1498
69,1584
64,1466
67,1532
63,1480
66,1563
69,1669
56,1206
67,1469
62,1403
61,1324
60,1402
60,1395
64,1558
62,1464
64,1477
59,1376
59,1255
59,1307
63,1389
58,1312
52,1246
62,1416
58,1243
60,1378
58,1387
63,1549
56,1296
60,1379
61,1377
56,1245
59,1349
62,1555
59,1318
55,1255
61,1359
58,1386
59,1411
-,-,-,-
64,1425
67,1522
64,1486
68,1549
62,1436
69,1582
67,1538
69,1669
66,1562
65,1511
66,1539
57,1213
62,1334
65,1494
58,1331
60,1399
64,1522
62,1406
59,1301
62,1462
63,1477
56,1289
55,1203
59,1395
60,1316
59,1340
59,1326
60,1499
56,1286
65,1550
61,1445
62,1523
59,1407
61,1445
52,1195
61,1451
57,1332
58,1379
62,1491
61,1465
58,1402
-,-,-,-
66,1494
66,1522
62,1395
62,1419
66,1517
67,1556
69,1582
62,1430
68,1639
68,1617
66,1570
68,1547
65,1429
64,1438
61,1332
61,1385
59,1365
62,1486
64,1381
54,1257
66,1536
58,1267
59,1324
60,1368
59,1346
54,1217
56,1257
61,1401
60,1415
62,1471
55,1278
66,1582
59,1316
57,1338
60,1327
56,1252
55,1230
58,1438
61,1415
59,1393
53,1183
-,-,-,-
69,1582
69,1582
66,1506
64,1424
63,1410
62,1418
66,1496
64,1472
69,1643
56,1193
69,1683
66,1478
66,1475
68,1515
66,1571
59,1348
61,1366
66,1529
56,1303
61,1435
60,1513
65,1518
63,1444
62,1429
62,1445
56,1295
62,1384
57,1306
62,1391
64,1461
59,1350
55,1323
60,1401
57,1346
59,1356
56,1326
51,1120
57,1272
57,1218
54,1296
60,1344
-,-,-,-
66,1489
61,1354
64,1430
66,1511
66,1506
66,1532
65,1457
68,1617
64,1474
68,1627
68,1605
68,1515
66,1458
61,1389
64,1546
58,1274
59,1356
63,1480
66,1542
64,1495
59,1448
60,1427
61,1322
59,1320
57,1266
59,1330
61,1380
53,1153
62,1322
53,1092
61,1441
57,1343
56,1328
57,1290
64,1505
59,1396
60,1405
62,1547
59,1254
55,1291
58,1369
-,-,-,-
66,1500
69,1590
66,1565
69,1592
68,1559
67,1503
69,1592
62,1420
65,1592
69,1653
70,1696
68,1513
68,1515
65,1482
57,1360
62,1419
60,1360
66,1602
62,1476
59,1311
59,1446
61,1454
57,1241
59,1329
57,1281
63,1502
49,1118
58,1337
58,1303
56,1269
59,1423
61,1437
57,1309
56,1239
60,1364
54,1307
52,1227
51,1130
61,1564
59,1335
58,1330
-,-,-,-
59,1302
63,1462
70,1702
69,1669
68,1611
68,1599
67,1586
69,1582
67,1505
65,1505
64,1438
65,1428
68,1513
61,1310
63,1504
62,1444
61,1325
63,1431
59,1344
63,1425
59,1348
62,1426
59,1268
62,1360
60,1380
56,1287
60,1413
60,1314
63,1384
56,1257
62,1391
61,1462
53,1273
58,1299
57,1304
57,1399
60,1420
56,1284
52,1152
57,1307
56,1214
-,-,-,-
59,1325
70,1696
64,1475
70,1741
70,1697
70,1705
70,1696
63,1460
66,1547
65,1436
68,1574
68,1515
66,1490
68,1513
62,1454
64,1431
59,1341
63,1478
64,1515
58,1318
63,1527
62,1457
66,1556
61,1423
58,1329
64,1422
58,1342
62,1460
63,1446
62,1423
60,1303
60,1365
61,1478
60,1461
60,1348
52,1161
59,1361
60,1445
59,1380
57,1342
60,1459
-,-,-,-
67,1560
60,1301
69,1643
62,1400
70,1730
68,1602
68,1653
65,1464
64,1452
66,1484
62,1417
65,1453
68,1525
68,1513
63,1517
62,1398
60,1383
61,1411
61,1430
63,1525
62,1441
56,1227
60,1375
62,1415
59,1317
61,1398
56,1316
56,1279
63,1387
57,1299
58,1365
63,1490
52,1155
59,1370
59,1376
58,1509
62,1478
59,1428
57,1339
60,1433
54,1239
-,-,-,-
68,1595
65,1554
70,1696
64,1455
65,1536
70,1676
70,1702
61,1396
69,1582
61,1350
65,1474
63,1396
67,1481
68,1525
60,1413
60,1349
61,1444
63,1477
57,1304
61,1375
60,1404
63,1486
56,1318
59,1306
57,1324
60,1369
59,1381
59,1329
61,1430
61,1352
60,1386
61,1403
58,1392
57,1265
53,1209
60,1439
59,1404
56,1333
59,1382
61,1432
62,1499
-,-,-,-
69,1640
68,1578
70,1674
70,1674
66,1548
67,1622
61,1363
66,1503
68,1563
68,1574
62,1391
68,1513
68,1541
57,1201
65,1570
63,1465
56,1268
60,1393
57,1329
60,1384
64,1480
62,1444
62,1506
60,1320
59,1405
62,1406
57,1303
61,1420
62,1438
62,1382
58,1362
60,1378
51,1157
56,1331
59,1351
61,1441
59,1345
60,1388
58,1357
61,1446
61,1465
-,-,-,-
67,1592
67,1635
70,1672
67,1571
63,1511
65,1484
69,1654
60,1342
68,1555
67,1583
61,1365
68,1530
68,1501
66,1491
67,1604
62,1401
60,1309
60,1383
61,1433
60,1386
64,1459
52,1164
61,1436
62,1424
62,1426
60,1324
59,1301
58,1324
63,1458
57,1327
59,1383
55,1236
54,1254
59,1345
56,1274
60,1462
58,1362
60,1391
56,1304
60,1417
58,1359
-,-,-,-
69,1615
67,1563
70,1668
62,1434
70,1678
64,1518
62,1425
67,1555
66,1489
62,1403
62,1367
65,1433
68,1501
55,1141
60,1361
61,1353
59,1322
59,1348
56,1323
63,1436
59,1291
64,1535
61,1400
59,1333
59,1396
60,1382
58,1318
61,1403
55,1154
60,1328
58,1363
60,1420
52,1218
62,1445
57,1236
55,1380
56,1289
56,1318
55,1371
59,1317
56,1299
-,-,-,-
63,1399
64,1469
65,1530
70,1654
62,1418
67,1570
67,1588
63,1409
69,1582
69,1582
69,1584
65,1465
63,1334
68,1512
66,1525
61,1384
63,1368
61,1387
63,1421
54,1156
57,1308
63,1484
59,1387
59,1277
64,1438
61,1397
58,1349
58,1301
62,1331
54,1243
58,1353
59,1321
56,1319
53,1197
60,1439
60,1504
64,1591
57,1422
58,1394
60,1375
56,1281
-,-,-,-
65,1488
70,1654
68,1587
69,1641
57,1226
65,1526
68,1593
67,1561
63,1410
69,1582
69,1582
68,1505
68,1465
62,1343
65,1533
60,1388
59,1324
61,1357
64,1491
57,1288
60,1330
59,1385
61,1414
62,1349
58,1243
58,1308
64,1572
60,1330
60,1380
57,1250
56,1254
60,1370
52,1138
54,1225
61,1530
59,1394
52,1185
56,1318
54,1273
58,1372
58,1354
-,-,-,-
68,1614
58,1279
58,1317
67,1563
70,1662
66,1561
67,1561
69,1582
66,1533
64,1441
64,1506
65,1418
61,1354
63,1396
63,1508
59,1366
61,1412
57,1351
56,1264
58,1346
60,1403
63,1461
59,1323
64,1469
60,1406
55,1251
57,1321
60,1340
60,1253
61,1342
59,1349
56,1238
52,1278
56,1289
57,1296
58,1394
62,1453
58,1343
57,1326
59,1307
61,1437
-,-,-,-
64,1513
64,1466
60,1363
67,1561
71,1703
70,1705
68,1601
64,1425
69,1582
64,1459
67,1468
65,1417
60,1291
61,1362
66,1656
63,1462
64,1489
64,1467
58,1291
61,1377
65,1487
61,1473
55,1286
60,1338
63,1465
61,1413
57,1333
58,1288
58,1229
54,1242
61,1394
58,1264
60,1401
54,1211
59,1387
60,1368
62,1467
61,1447
59,1385
60,1414
54,1320
-,-,-,-
67,1597
71,1703
71,1709
71,1703
66,1518
68,1621
58,1259
64,1446
63,1435
69,1619
65,1494
68,1471
68,1465
62,1378
61,1434
59,1384
61,1438
59,1363
65,1444
57,1274
58,1322
58,1376
58,1330
56,1259
60,1382
61,1365
58,1352
55,1225
57,1327
63,1429
62,1436
56,1323
59,1398
58,1283
53,1148
61,1396
56,1361
57,1302
61,1453
58,1381
60,1356
-,-,-,-
71,1699
66,1581
70,1678
68,1621
67,1576
69,1655
71,1705
63,1452
69,1584
69,1582
66,1549
67,1455
60,1337
64,1384
61,1409
60,1396
65,1500
55,1189
61,1477
54,1256
63,1446
60,1399
64,1435
62,1368
60,1417
56,1277
60,1332
57,1244
62,1369
59,1323
57,1306
59,1318
56,1367
60,1448
63,1580
61,1388
55,1319
58,1393
54,1275
59,1356
57,1311
-,-,-,-
69,1616
61,1414
67,1579
71,1699
62,1456
71,1709
67,1552
67,1548
66,1496
69,1582
66,1513
68,1461
64,1388
64,1426
59,1332
63,1413
60,1294
61,1372
60,1468
62,1427
58,1305
62,1418
58,1343
61,1329
59,1321
56,1260
58,1416
58,1315
57,1229
61,1432
58,1280
59,1292
60,1356
58,1320
57,1283
56,1278
60,1544
56,1344
59,1355
58,1328
58,1365
-,-,-,-
62,1378
71,1693
67,1637
71,1699
69,1664
67,1592
71,1701
68,1558
67,1542
67,1532
66,1533
64,1397
65,1399
68,1467
58,1308
64,1455
59,1314
57,1270
61,1465
61,1391
59,1308
58,1403
59,1347
55,1210
56,1272
56,1256
60,1397
60,1399
59,1327
60,1438
59,1352
59,1300
57,1387
57,1365
56,1297
60,1356
56,1323
60,1465
57,1345
58,1281
59,1410
-,-,-,-
64,1465
65,1517
71,1695
71,1695
60,1305
63,1398
65,1533
68,1559
69,1582
67,1532
63,1438
64,1437
63,1403
64,1359
65,1490
62,1322
65,1494
56,1246
60,1389
60,1379
63,1477
60,1389
60,1431
59,1341
61,1455
66,1537
56,1194
57,1283
64,1479
55,1260
60,1368
58,1354
55,1280
58,1389
58,1340
55,1259
60,1489
59,1344
61,1491
60,1375
59,1310
-,-,-,-
71,1693
65,1460
70,1662
67,1559
60,1309
63,1435
71,1697
61,1457
65,1485
65,1486
69,1582
59,1279
68,1461
66,1432
57,1358
64,1492
63,1410
60,1291
58,1323
58,1324
61,1272
62,1484
60,1369
60,1408
58,1283
62,1477
57,1253
61,1399
59,1302
57,1273
59,1326
62,1573
60,1316
60,1494
59,1355
58,1400
61,1515
60,1444
58,1386
58,1332
59,1412
-,-,-,-
63,1492
67,1553
57,1226
63,1513
68,1636
65,1503
63,1424
69,1594
67,1535
64,1429
68,1556
61,1302
68,1465
64,1411
64,1500
57,1231
60,1265
59,1350
59,1343
60,1418
64,1472
63,1405
57,1359
59,1365
57,1268
55,1294
55,1264
57,1278
60,1341
59,1332
62,1440
63,1457
55,1268
55,1263
58,1273
62,1453
57,1347
52,1201
59,1413
60,1379
56,1303
-,-,-,-
66,1539
66,1566
71,1693
66,1587
69,1621
66,1523
71,1700
64,1458
65,1480
65,1456
64,1454
59,1252
68,1461
67,1425
62,1430
60,1411
60,1344
56,1326
55,1237
61,1464
58,1286
63,1414
62,1471
58,1428
60,1333
56,1212
54,1207
60,1366
62,1304
62,1398
61,1400
57,1391
54,1232
66,1547
58,1367
59,1354
62,1526
53,1209
55,1254
57,1313
61,1438
-,-,-,-
71,1693
68,1595
71,1693
67,1550
63,1460
65,1536
60,1347
63,1429
66,1501
66,1490
67,1503
65,1402
67,1425
68,1461
66,1543
58,1275
60,1388
64,1476
62,1468
60,1358
61,1470
65,1536
59,1373
67,1617
60,1411
58,1339
63,1445
57,1302
58,1271
61,1342
60,1430
62,1441
60,1433
59,1341
54,1227
56,1275
60,1408
54,1256
61,1507
56,1249
57,1322
-,-,-,-
59,1263
66,1586
70,1656
68,1594
68,1596
64,1411
71,1693
69,1584
64,1411
61,1363
60,1298
60,1372
67,1452
66,1439
60,1464
58,1292
60,1324
59,1429
58,1333
60,1359
60,1381
63,1437
65,1481
60,1325
58,1382
62,1415
59,1387
57,1276
62,1424
60,1371
62,1397
57,1297
60,1418
59,1334
59,1371
60,1458
63,1496
58,1426
57,1291
58,1356
60,1382
-,-,-,-
61,1368
71,1693
70,1664
65,1474
61,1396
71,1691
65,1485
65,1479
67,1567
65,1521
68,1555
62,1336
65,1405
64,1417
63,1525
59,1430
60,1363
62,1411
63,1438
63,1473
63,1496
60,1347
58,1258
65,1486
59,1315
58,1302
59,1338
61,1393
59,1361
58,1278
57,1275
55,1231
60,1376
59,1375
62,1531
63,1536
53,1174
58,1376
58,1386
53,1188
59,1378
-,-,-,-
61,1298
70,1671
66,1550
69,1625
71,1691
64,1466
68,1605
63,1431
66,1478
69,1578
66,1540
68,1461
64,1374
68,1459
66,1563
62,1483
62,1449
58,1261
60,1371
60,1366
63,1501
64,1461
58,1253
65,1519
64,1537
59,1293
58,1332
59,1374
60,1355
57,1286
63,1476
55,1201
64,1475
57,1319
60,1479
56,1262
58,1381
57,1282
60,1420
56,1214
57,1361
-,-,-,-
63,1396
63,1486
68,1628
66,1564
67,1576
63,1443
57,1258
66,1497
61,1365
69,1580
64,1503
68,1459
61,1313
65,1447
63,1494
59,1311
65,1527
64,1466
62,1380
53,1133
58,1377
59,1373
61,1359
59,1407
57,1353
60,1345
60,1421
62,1438
61,1347
58,1285
56,1288
59,1325
57,1332
56,1342
58,1483
62,1454
57,1343
57,1345
55,1294
57,1371
60,1396
-,-,-,-
65,1510
66,1541
62,1398
65,1510
69,1657
65,1477
64,1478
63,1423
69,1576
69,1576
66,1515
63,1377
64,1425
65,1463
61,1373
64,1547
67,1536
59,1354
65,1564
58,1313
61,1405
60,1381
59,1228
60,1323
58,1344
57,1246
58,1289
62,1444
62,1463
59,1339
61,1416
57,1296
61,1420
54,1262
57,1285
62,1473
58,1386
60,1395
56,1307
58,1288
57,1297
-,-,-,-
65,1496
71,1691
70,1657
65,1475
57,1260
67,1569
67,1555
65,1480
67,1521
69,1576
69,1552
67,1451
61,1314
67,1455
60,1375
62,1437
59,1320
61,1376
57,1324
59,1311
61,1371
58,1308
63,1524
61,1411
63,1435
63,1450
57,1241
60,1459
62,1459
63,1448
58,1361
59,1362
54,1197
56,1374
54,1283
61,1394
61,1366
58,1428
55,1348
52,1188
54,1360
-,-,-,-
60,1286
72,1736
62,1425
68,1630
64,1445
62,1433
61,1378
69,1552
68,1552
68,1535
64,1432
63,1380
61,1302
56,1242
61,1346
60,1487
60,1385
62,1406
61,1392
57,1273
59,1334
61,1443
62,1366
61,1388
59,1415
61,1443
62,1470
61,1373
56,1214
60,1363
62,1426
61,1399
51,1205
54,1179
54,1283
60,1473
60,1417
59,1392
60,1427
59,1330
57,1382
-,-,-,-
72,1741
72,1740
69,1651
69,1665
66,1536
59,1293
65,1552
67,1525
60,1303
67,1489
69,1570
64,1431
64,1434
60,1311
63,1430
61,1487
61,1377
61,1408
62,1405
60,1311
60,1370
59,1403
54,1218
59,1331
58,1323
58,1315
58,1296
61,1427
59,1322
58,1294
61,1372
58,1291
58,1248
57,1401
59,1315
57,1276
56,1340
61,1518
60,1331
56,1316
58,1320
-,-,-,-
72,1740
72,1749
67,1611
56,1179
72,1736
72,1770
72,1736
63,1439
69,1552
68,1536
67,1518
63,1384
64,1372
66,1456
62,1375
63,1471
62,1483
61,1485
64,1491
63,1434
54,1298
63,1454
62,1470
61,1405
58,1330
56,1282
59,1341
61,1415
57,1224
63,1389
56,1199
60,1351
52,1148
61,1456
59,1426
55,1262
57,1340
55,1260
57,1391
56,1297
59,1385
-,-,-,-
71,1713
72,1759
72,1730
71,1712
70,1709
68,1618
66,1555
69,1550
69,1552
63,1454
69,1552
64,1430
62,1357
64,1380
60,1349
64,1463
63,1490
60,1348
62,1376
64,1545
62,1413
59,1366
56,1193
63,1523
55,1162
64,1473
60,1322
60,1363
61,1408
58,1301
59,1337
60,1444
64,1498
56,1288
53,1166
60,1430
61,1423
56,1293
58,1351
58,1431
62,1447
-,-,-,-
69,1658
67,1560
68,1591
62,1386
62,1433
70,1679
72,1730
65,1540
68,1506
67,1549
64,1433
68,1459
61,1351
66,1439
57,1317
65,1554
57,1288
62,1400
65,1490
65,1533
56,1315
63,1440
69,1642
64,1516
61,1498
61,1384
58,1364
59,1365
58,1359
58,1292
60,1349
62,1360
61,1450
52,1235
63,1591
58,1388
59,1402
54,1265
56,1271
55,1282
59,1369
-,-,-,-
64,1515
69,1695
72,1737
65,1508
71,1722
71,1710
72,1730
69,1550
69,1558
68,1550
69,1552
62,1422
62,1458
62,1418
63,1450
63,1534
63,1470
63,1565
58,1299
59,1301
67,1533
63,1502
64,1529
61,1445
59,1347
62,1338
59,1374
57,1230
58,1310
60,1318
57,1220
56,1238
61,1444
53,1234
59,1346
58,1387
57,1345
58,1381
59,1354
59,1326
59,1366
-,-,-,-
69,1669
69,1631
70,1677
67,1600
65,1496
64,1498
63,1399
69,1550
67,1517
69,1550
66,1460
59,1330
64,1439
69,1640
65,1463
58,1313
62,1480
62,1410
64,1650
64,1492
61,1408
62,1424
56,1351
59,1226
64,1570
61,1472
57,1257
59,1313
58,1296
60,1329
60,1342
56,1297
57,1338
57,1414
59,1370
62,1491
60,1434
59,1347
59,1400
60,1437
59,1330
-,-,-,-
72,1734
71,1707
66,1585
71,1734
70,1665
60,1353
70,1679
69,1550
69,1562
69,1550
69,1552
65,1510
68,1601
63,1416
60,1286
58,1243
63,1434
68,1592
59,1398
62,1421
62,1418
59,1337
57,1300
57,1255
64,1582
57,1281
55,1238
58,1288
58,1363
63,1476
61,1378
58,1303
61,1436
53,1185
60,1364
58,1391
61,1420
55,1255
58,1323
59,1447
57,1422
-,-,-,-
70,1683
64,1439
72,1730
63,1512
66,1522
72,1760
72,1730
69,1552
66,1549
65,1433
69,1550
67,1562
65,1506
62,1382
64,1508
65,1535
62,1388
61,1322
62,1564
60,1334
62,1418
58,1313
60,1374
60,1357
60,1409
56,1314
57,1305
60,1341
61,1376
60,1307
57,1293
59,1352
57,1338
60,1312
57,1317
56,1203
59,1388
60,1375
58,1356
60,1378
53,1266
-,-,-,-
63,1453
69,1657
67,1564
64,1478
62,1378
65,1506
69,1653
69,1550
67,1576
69,1558
67,1536
69,1640
63,1532
66,1526
58,1184
61,1367
59,1313
62,1318
54,1191
60,1418
58,1288
62,1419
59,1356
63,1452
65,1555
56,1237
61,1442
60,1405
56,1305
61,1334
61,1356
57,1364
58,1308
55,1240
61,1495
63,1491
54,1202
57,1310
55,1282
53,1207
60,1399
-,-,-,-
64,1520
65,1486
71,1695
65,1541
69,1678
59,1270
60,1366
62,1426
68,1635
69,1550
69,1541
57,1260
67,1570
68,1603
62,1397
62,1456
61,1329
60,1401
65,1547
64,1478
58,1333
58,1291
62,1423
63,1510
61,1428
63,1423
59,1375
57,1297
61,1414
61,1397
60,1364
58,1274
59,1348
58,1312
56,1250
56,1274
61,1391
56,1261
59,1403
58,1372
58,1404
-,-,-,-
63,1418
65,1511
69,1655
72,1730
64,1464
71,1704
71,1695
61,1372
69,1541
64,1485
69,1541
63,1502
65,1509
68,1603
63,1434
60,1329
63,1464
62,1477
61,1449
64,1507
62,1425
60,1434
63,1541
61,1358
59,1387
55,1219
57,1292
62,1475
60,1344
57,1343
59,1379
59,1322
57,1319
58,1393
57,1301
62,1414
59,1383
61,1418
59,1406
55,1291
60,1411
-,-,-,-
70,1657
72,1728
59,1335
68,1658
71,1698
70,1673
72,1730
68,1491
69,1543
65,1469
62,1421
64,1452
68,1599
67,1568
60,1336
60,1400
61,1388
62,1431
66,1663
58,1365
60,1359
60,1394
60,1397
64,1487
56,1308
58,1298
55,1244
62,1416
59,1380
59,1296
56,1258
63,1491
53,1211
60,1412
60,1392
61,1472
53,1240
53,1222
60,1343
59,1310
61,1457
-,-,-,-
66,1551
70,1684
66,1561
64,1534
68,1676
70,1680
71,1703
67,1588
65,1497
66,1454
65,1492
69,1640
68,1569
64,1495
61,1317
62,1482
62,1421
64,1392
61,1466
57,1366
62,1405
59,1413
60,1372
53,1104
65,1614
60,1354
59,1423
58,1278
59,1289
59,1301
59,1359
58,1358
57,1278
55,1327
57,1293
62,1539
55,1278
57,1346
58,1330
57,1382
58,1384
-,-,-,-
62,1420
61,1427
66,1525
67,1575
61,1451
70,1668
63,1456
65,1489
69,1541
66,1496
67,1531
64,1472
63,1460
68,1584
62,1341
61,1388
59,1346
61,1430
59,1399
61,1449
61,1402
59,1401
62,1393
62,1412
60,1432
59,1300
59,1410
58,1291
59,1331
60,1344
62,1390
56,1284
60,1381
58,1282
59,1419
64,1540
58,1361
60,1433
56,1383
58,1344
57,1234
-,-,-,-
67,1577
72,1724
57,1195
64,1503
72,1728
71,1705
68,1654
69,1565
64,1445
66,1475
64,1464
62,1455
62,1372
67,1560
63,1409
62,1455
57,1247
65,1485
63,1471
61,1379
64,1499
62,1530
60,1439
61,1418
59,1351
59,1329
56,1316
59,1334
60,1359
60,1299
61,1420
65,1519
58,1314
57,1314
60,1417
57,1284
57,1360
57,1281
58,1313
61,1348
60,1406
-,-,-,-
69,1665
66,1524
58,1234
66,1576
72,1724
72,1724
69,1629
66,1508
68,1530
68,1529
64,1486
64,1514
62,1475
62,1422
55,1177
61,1378
60,1397
61,1362
63,1521
60,1370
60,1351
60,1399
61,1448
62,1405
63,1411
58,1293
59,1297
64,1458
60,1355
56,1290
58,1360
55,1204
57,1320
52,1220
60,1351
60,1432
60,1405
58,1340
55,1256
52,1177
58,1324
-,-,-,-
62,1364
71,1702
64,1471
69,1634
72,1724
63,1458
68,1595
67,1500
65,1499
65,1467
62,1386
66,1523
66,1528
69,1640
57,1230
62,1422
60,1297
56,1232
65,1561
61,1384
62,1378
63,1473
62,1477
58,1329
57,1294
63,1475
57,1277
62,1499
62,1383
59,1344
56,1198
61,1431
64,1480
61,1425
61,1404
59,1380
56,1276
59,1342
57,1350
56,1330
58,1374
-,-,-,-
68,1614
72,1724
65,1559
64,1521
63,1458
72,1724
70,1690
65,1501
64,1437
68,1528
62,1401
66,1562
62,1383
62,1476
58,1252
62,1538
59,1329
57,1269
62,1476
65,1542
64,1472
63,1456
61,1438
62,1474
58,1308
59,1288
62,1424
60,1385
61,1484
58,1316
60,1351
57,1250
61,1424
61,1392
57,1375
62,1414
61,1420
55,1262
55,1325
55,1243
58,1370
-,-,-,-
71,1716
64,1458
68,1590
63,1488
67,1596
64,1476
60,1319
66,1584
68,1585
63,1464
66,1492
69,1638
69,1648
64,1448
59,1296
53,1223
63,1453
64,1552
67,1617
62,1411
61,1363
60,1341
62,1471
62,1446
61,1491
61,1385
58,1244
58,1264
59,1378
60,1314
63,1429
59,1271
61,1411
52,1229
60,1413
57,1294
58,1318
58,1341
61,1390
58,1281
56,1312
-,-,-,-
72,1720
71,1720
72,1724
71,1700
61,1336
65,1508
72,1729
65,1531
67,1468
69,1541
69,1541
70,1628
69,1638
68,1609
63,1434
62,1362
64,1471
60,1342
63,1486
61,1327
63,1425
64,1480
58,1397
60,1399
58,1357
61,1375
58,1300
61,1397
55,1330
57,1334
54,1217
55,1288
59,1386
56,1274
58,1330
56,1278
54,1306
55,1290
56,1276
56,1319
60,1440
-,-,-,-
64,1490
62,1413
65,1544
72,1756
67,1597
62,1409
63,1453
60,1342
67,1564
69,1607
64,1474
62,1405
66,1496
69,1553
60,1304
60,1298
65,1415
65,1480
63,1474
64,1496
61,1392
62,1451
62,1446
62,1444
61,1445
61,1332
63,1461
61,1346
56,1274
61,1391
60,1308
59,1308
63,1423
61,1469
60,1434
58,1391
58,1320
54,1225
58,1351
55,1284
59,1375
-,-,-,-
71,1696
72,1721
65,1481
71,1703
62,1469
71,1699
71,1700
61,1298
70,1628
66,1491
67,1523
66,1490
62,1392
69,1543
59,1324
63,1452
61,1394
60,1369
58,1373
61,1406
54,1220
63,1493
62,1436
62,1383
61,1379
63,1453
58,1301
59,1337
63,1543
62,1378
64,1450
56,1203
58,1351
56,1338
63,1480
56,1301
58,1316
56,1320
56,1244
55,1271
58,1355
-,-,-,-
68,1642
68,1586
72,1720
69,1682
73,1736
67,1543
72,1746
69,1604
67,1519
69,1579
69,1569
62,1457
69,1549
68,1510
63,1382
59,1410
66,1558
65,1521
64,1571
58,1298
61,1525
61,1402
62,1386
59,1409
62,1507
61,1341
56,1278
62,1486
65,1468
59,1377
62,1419
59,1343
60,1405
55,1268
56,1337
60,1365
57,1316
59,1336
59,1395
62,1515
57,1392
-,-,-,-
73,1736
69,1649
60,1303
69,1671
67,1544
73,1738
67,1562
70,1624
69,1592
70,1624
63,1460
66,1498
65,1461
64,1510
58,1272
64,1448
58,1358
67,1566
60,1389
61,1489
60,1348
58,1354
56,1329
63,1459
61,1363
55,1242
59,1411
62,1490
62,1435
58,1307
55,1236
58,1300
64,1496
61,1440
57,1277
59,1359
56,1317
62,1427
60,1440
55,1270
56,1264
-,-,-,-
63,1446
68,1596
72,1725
63,1402
68,1595
70,1676
63,1462
65,1508
70,1622
62,1403
70,1624
61,1411
69,1543
68,1489
61,1398
65,1476
63,1452
64,1433
64,1567
58,1321
59,1428
62,1462
61,1368
64,1509
58,1346
55,1224
57,1246
64,1457
63,1434
61,1395
59,1310
57,1276
60,1367
58,1348
55,1294
56,1261
56,1263
59,1406
58,1345
58,1368
58,1360
-,-,-,-
66,1512
74,1798
66,1504
63,1342
73,1782
70,1663
71,1688
69,1590
70,1622
67,1500
69,1586
69,1551
69,1541
66,1477
62,1318
62,1426
62,1388
65,1484
60,1401
65,1470
58,1261
56,1343
61,1434
51,1150
61,1457
58,1370
57,1230
62,1370
60,1400
62,1470
58,1271
59,1378
57,1282
52,1118
60,1419
61,1417
56,1326
59,1402
54,1221
58,1312
61,1410
-,-,-,-
70,1707
64,1462
73,1798
69,1619
69,1602
72,1733
73,1772
62,1385
67,1541
65,1509
70,1622
63,1433
65,1488
64,1486
61,1328
66,1620
62,1396
59,1328
57,1386
62,1461
61,1459
61,1457
63,1541
60,1346
60,1413
58,1283
62,1407
58,1284
64,1454
60,1363
59,1333
60,1294
58,1345
57,1420
57,1337
59,1410
59,1412
56,1293
59,1335
59,1372
62,1498
-,-,-,-
69,1637
68,1613
66,1517
62,1383
70,1675
72,1710
61,1362
70,1622
63,1465
68,1539
66,1484
66,1528
66,1469
67,1500
60,1345
59,1309
60,1343
62,1386
67,1597
60,1330
61,1391
59,1377
60,1372
62,1453
65,1509
62,1421
64,1432
58,1326
61,1467
60,1384
59,1304
62,1401
62,1426
56,1303
56,1330
52,1196
60,1404
60,1394
60,1400
55,1277
58,1328
-,-,-,-
74,1798
74,1798
71,1726
74,1800
71,1697
69,1683
74,1804
68,1531
70,1604
70,1622
67,1531
67,1500
69,1539
66,1516
64,1383
64,1507
61,1340
60,1368
65,1608
59,1305
57,1339
61,1414
63,1484
63,1439
62,1477
62,1462
60,1346
56,1277
60,1424
63,1423
64,1500
61,1372
63,1550
56,1296
59,1425
59,1373
59,1383
54,1204
62,1406
60,1415
59,1455
-,-,-,-
70,1663
65,1508
69,1665
68,1615
74,1798
61,1381
70,1675
69,1575
69,1586
70,1604
62,1375
59,1380
69,1553
68,1527
58,1261
59,1315
61,1369
60,1348
60,1375
61,1359
59,1344
62,1522
58,1336
64,1426
63,1465
60,1420
64,1435
60,1363
63,1484
60,1350
56,1210
57,1285
61,1422
62,1456
62,1533
58,1272
61,1409
58,1367
61,1383
55,1288
56,1298
-,-,-,-
72,1722
74,1798
68,1603
58,1279
65,1486
71,1711
70,1645
63,1436
64,1449
67,1562
64,1457
68,1493
66,1521
64,1491
65,1454
64,1425
58,1287
64,1410
59,1343
62,1426
60,1405
60,1351
61,1416
56,1279
65,1474
60,1347
61,1393
62,1398
66,1614
58,1326
61,1396
62,1382
59,1376
57,1319
61,1415
55,1302
65,1495
61,1414
58,1296
57,1339
62,1517
-,-,-,-
66,1550
64,1424
74,1798
73,1744
74,1800
72,1754
66,1557
66,1509
63,1436
69,1605
70,1614
60,1340
61,1403
69,1543
53,1214
61,1384
67,1529
61,1330
61,1467
60,1368
63,1459
58,1327
61,1435
62,1410
57,1303
61,1445
64,1504
59,1321
61,1458
63,1483
63,1393
61,1334
54,1170
57,1290
59,1331
56,1254
62,1441
60,1470
59,1402
62,1512
58,1321
-,-,-,-
67,1574
74,1798
68,1635
74,1798
74,1798
69,1615
74,1796
67,1528
68,1546
69,1592
70,1604
64,1472
69,1554
66,1525
60,1287
61,1464
61,1344
62,1415
63,1393
60,1339
59,1377
65,1506
61,1439
60,1368
65,1562
57,1343
63,1563
59,1287
59,1336
63,1499
58,1366
57,1283
60,1349
63,1488
55,1368
57,1348
52,1147
61,1366
60,1408
59,1450
58,1333
-,-,-,-
58,1300
73,1779
67,1582
62,1382
71,1673
68,1573
64,1491
66,1497
68,1525
70,1600
70,1610
69,1539
62,1429
68,1551
63,1395
67,1586
65,1572
64,1509
59,1422
62,1402
59,1420
59,1382
62,1492
56,1246
58,1305
59,1381
64,1522
62,1407
64,1571
58,1236
62,1418
57,1232
58,1322
60,1397
58,1322
58,1387
53,1236
58,1330
57,1245
58,1352
65,1584
-,-,-,-
74,1796
68,1641
70,1680
60,1380
67,1613
69,1680
66,1569
69,1571
65,1491
68,1536
64,1404
68,1568
69,1541
67,1498
63,1446
64,1496
66,1500
61,1390
63,1490
62,1434
61,1337
62,1464
63,1473
60,1332
62,1494
63,1516
58,1296
63,1423
61,1377
56,1326
65,1578
58,1328
60,1458
57,1305
62,1452
63,1454
59,1335
58,1326
55,1294
62,1419
52,1220
-,-,-,-
67,1605
68,1607
72,1739
71,1689
63,1369
74,1796
70,1675
69,1599
69,1570
64,1506
65,1431
63,1370
69,1539
62,1419
60,1340
59,1381
62,1413
60,1301
61,1429
60,1362
59,1319
57,1392
55,1247
63,1379
60,1408
64,1607
65,1482
62,1442
60,1369
59,1392
61,1462
57,1286
60,1320
57,1323
61,1431
57,1331
61,1442
57,1290
61,1455
59,1390
58,1344
-,-,-,-
68,1614
70,1647
66,1565
68,1635
68,1600
70,1689
74,1796
73,1701
70,1600
66,1575
69,1576
66,1516
60,1335
62,1382
58,1249
63,1423
58,1256
64,1382
64,1558
59,1365
61,1461
60,1430
59,1408
65,1495
58,1306
59,1473
67,1590
60,1344
61,1386
63,1439
58,1329
58,1298
57,1331
62,1418
60,1376
57,1375
62,1543
58,1368
57,1265
58,1352
59,1358
-,-,-,-
74,1796
64,1462
67,1583
69,1612
67,1563
72,1756
71,1711
71,1643
73,1695
69,1569
64,1489
61,1402
67,1545
66,1528
58,1238
60,1365
64,1443
65,1468
57,1291
59,1451
59,1325
65,1560
62,1467
59,1288
65,1475
60,1425
57,1328
62,1352
62,1418
60,1345
62,1478
56,1303
61,1418
59,1353
63,1483
53,1212
57,1353
60,1372
59,1290
59,1437
58,1323
-,-,-,-
74,1798
71,1697
71,1735
72,1739
74,1800
68,1641
70,1655
69,1567
63,1389
73,1695
71,1629
66,1519
59,1312
60,1365
57,1299
64,1408
63,1418
57,1249
60,1334
56,1377
62,1392
61,1444
63,1492
59,1398
61,1416
64,1561
57,1397
61,1415
55,1228
60,1220
61,1380
63,1442
61,1430
62,1428
58,1337
60,1387
61,1431
57,1332
61,1490
63,1458
57,1333
-,-,-,-
73,1772
60,1375
69,1622
74,1794
70,1655
70,1654
62,1452
69,1580
73,1695
65,1444
67,1507
67,1501
68,1561
61,1385
55,1140
56,1278
57,1274
61,1345
56,1255
58,1356
59,1351
62,1434
63,1455
61,1426
63,1424
59,1369
59,1358
57,1282
59,1362
55,1189
63,1463
60,1282
58,1309
57,1234
59,1370
55,1251
63,1536
59,1401
57,1340
60,1389
53,1241
-,-,-,-
74,1794
74,1794
71,1724
72,1713
71,1673
73,1769
68,1610
71,1652
71,1643
70,1583
67,1572
69,1541
69,1539
69,1537
56,1211
63,1443
64,1458
66,1532
63,1514
57,1346
54,1230
62,1441
58,1361
61,1404
63,1462
55,1244
61,1474
59,1287
57,1264
53,1114
62,1544
60,1356
61,1329
56,1248
59,1326
55,1241
59,1445
63,1528
60,1456
60,1321
56,1273
-,-,-,-
68,1583
65,1534
66,1518
74,1794
65,1605
69,1648
74,1794
70,1595
62,1459
69,1583
70,1672
65,1509
66,1510
69,1541
61,1330
61,1411
54,1203
57,1317
56,1263
61,1433
59,1359
63,1416
62,1471
57,1303
59,1346
61,1374
57,1307
61,1376
63,1478
55,1177
60,1386
59,1289
58,1335
61,1464
54,1160
60,1414
59,1383
57,1302
58,1470
61,1388
56,1301
-,-,-,-
71,1712
64,1505
69,1606
72,1746
63,1411
67,1567
73,1789
67,1528
73,1695
72,1688
72,1659
64,1443
60,1352
66,1551
60,1249
64,1452
65,1461
59,1301
57,1238
60,1436
62,1483
65,1474
56,1268
58,1392
63,1465
55,1223
62,1492
55,1206
56,1248
61,1403
62,1461
60,1303
59,1399
62,1432
61,1419
52,1171
61,1471
56,1333
58,1374
61,1418
53,1157
-,-,-,-
71,1689
74,1794
71,1697
74,1794
70,1662
71,1698
70,1658
63,1410
68,1578
69,1610
72,1647
68,1535
69,1537
69,1545
57,1207
61,1391
64,1469
63,1349
53,1135
63,1464
62,1481
60,1344
63,1551
62,1367
61,1362
65,1509
59,1385
63,1402
58,1374
61,1471
60,1401
57,1266
59,1328
59,1306
61,1463
59,1386
55,1298
59,1354
58,1403
60,1372
59,1346
-,-,-,-
64,1473
67,1571
70,1632
67,1560
74,1792
69,1608
67,1589
64,1478
67,1495
65,1482
70,1602
62,1425
69,1537
67,1528
56,1238
61,1376
65,1492
68,1551
61,1374
60,1415
61,1419
59,1382
66,1582
62,1495
65,1499
60,1377
61,1420
60,1303
58,1347
59,1310
59,1356
61,1314
56,1369
59,1351
55,1250
59,1423
56,1362
57,1293
56,1222
60,1364
52,1206
-,-,-,-
67,1575
69,1637
69,1673
73,1775
73,1744
65,1534
66,1541
67,1515
64,1496
66,1542
61,1420
69,1571
69,1537
69,1537
58,1329
57,1244
59,1331
64,1510
60,1398
58,1343
60,1348
59,1355
63,1449
59,1391
67,1497
61,1451
63,1518
61,1335
62,1431
56,1246
57,1341
58,1219
59,1341
60,1315
60,1336
54,1166
57,1295
58,1372
59,1354
57,1324
56,1366
-,-,-,-
63,1465
73,1771
67,1569
71,1706
72,1727
64,1418
60,1387
73,1695
73,1695
69,1600
73,1695
67,1495
62,1420
63,1431
58,1298
58,1218
61,1330
68,1543
61,1407
61,1399
61,1473
58,1325
62,1456
62,1411
60,1411
62,1438
58,1373
60,1335
60,1337
59,1307
58,1327
62,1447
57,1346
61,1362
54,1256
60,1347
60,1394
55,1177
53,1238
58,1305
59,1426
-,-,-,-
71,1674
68,1596
62,1418
65,1458
71,1689
74,1792
74,1792
68,1528
68,1610
68,1613
70,1616
64,1458
60,1352
69,1537
58,1265
59,1290
57,1180
65,1537
58,1323
62,1448
58,1370
64,1443
62,1421
62,1515
62,1495
58,1324
56,1303
57,1284
64,1545
58,1192
57,1356
61,1386
61,1451
60,1392
63,1439
57,1343
61,1476
57,1274
54,1282
60,1401
60,1358
-,-,-,-
68,1575
74,1792
65,1477
71,1736
68,1615
66,1589
74,1792
67,1517
71,1624
63,1434
64,1440
69,1606
67,1534
66,1467
60,1270
65,1527
59,1411
65,1414
62,1475
64,1495
61,1330
58,1253
60,1335
57,1302
63,1388
53,1191
59,1404
60,1276
54,1305
58,1257
63,1502
58,1301
59,1354
57,1253
63,1526
62,1476
62,1417
55,1259
60,1295
59,1347
55,1263
-,-,-,-
63,1426
71,1723
72,1724
70,1665
73,1742
74,1792
70,1625
71,1687
70,1615
70,1618
69,1585
69,1575
68,1592
64,1464
61,1355
60,1314
56,1237
64,1437
62,1417
61,1471
64,1572
61,1401
55,1186
60,1443
62,1412
57,1370
56,1311
60,1312
56,1297
62,1459
59,1370
64,1464
57,1273
63,1473
61,1393
53,1253
63,1470
57,1336
57,1336
57,1313
54,1253
-,-,-,-
74,1796
70,1682
74,1788
65,1465
69,1651
74,1792
74,1796
69,1593
64,1405
73,1699
66,1518
68,1535
64,1445
67,1494
60,1343
66,1437
62,1383
63,1423
63,1367
57,1277
64,1496
62,1409
59,1346
61,1414
63,1431
61,1479
58,1456
58,1363
60,1480
59,1260
59,1376
62,1368
56,1248
59,1272
63,1491
55,1242
57,1355
59,1395
57,1287
57,1356
59,1398
-,-,-,-
73,1757
74,1790
74,1794
60,1366
73,1755
72,1736
69,1620
72,1662
73,1695
62,1454
66,1459
69,1591
66,1479
64,1411
59,1292
63,1429
63,1381
65,1504
64,1417
58,1256
57,1353
56,1235
60,1365
58,1340
57,1318
57,1285
62,1404
60,1348
58,1382
60,1385
58,1371
57,1299
59,1311
61,1361
59,1373
60,1389
66,1595
57,1334
54,1227
57,1307
55,1339
-,-,-,-
70,1668
72,1741
74,1788
70,1677
70,1661
64,1457
73,1757
68,1509
63,1434
71,1673
66,1536
64,1440
64,1399
67,1492
57,1235
62,1378
65,1438
60,1303
56,1231
58,1337
61,1422
60,1339
57,1218
59,1370
62,1459
56,1250
61,1401
59,1404
60,1350
60,1419
60,1381
60,1407
59,1332
57,1350
59,1309
59,1353
62,1464
58,1370
62,1496
62,1483
55,1229
-,-,-,-
64,1376
65,1473
66,1481
68,1595
69,1677
63,1450
65,1494
65,1425
67,1511
72,1643
65,1492
66,1490
66,1517
67,1513
61,1303
60,1363
59,1290
62,1428
62,1384
57,1313
62,1523
60,1344
62,1433
60,1417
57,1276
60,1450
60,1303
63,1467
64,1506
54,1235
59,1267
59,1384
60,1284
57,1360
55,1209
60,1336
57,1395
58,1439
61,1469
56,1338
56,1285
-,-,-,-
68,1607
64,1464
66,1558
68,1596
74,1794
73,1754
62,1375
62,1361
72,1668
72,1660
66,1489
63,1403
66,1501
69,1537
69,1540
61,1358
65,1459
67,1553
64,1443
54,1302
60,1424
65,1499
59,1333
56,1391
60,1408
60,1392
61,1445
61,1548
56,1224
60,1424
56,1220
61,1481
62,1444
58,1321
61,1406
59,1401
56,1297
56,1337
58,1389
60,1411
56,1341
-,-,-,-
74,1788
63,1463
74,1790
73,1742
63,1478
71,1702
66,1571
69,1594
67,1516
70,1588
60,1359
69,1537
69,1537
65,1527
60,1347
62,1319
65,1467
64,1425
62,1438
60,1385
58,1384
59,1373
62,1396
60,1406
63,1492
60,1347
65,1604
61,1463
63,1472
54,1307
58,1269
63,1508
64,1491
56,1260
62,1418
58,1391
57,1313
61,1432
57,1316
61,1492
57,1325
-,-,-,-
73,1736
65,1485
69,1618
67,1578
65,1519
67,1616
69,1618
58,1269
72,1683
73,1695
70,1602
66,1501
69,1541
68,1487
55,1209
60,1364
63,1396
62,1433
61,1400
52,1128
60,1441
61,1416
62,1403
64,1469
60,1424
58,1267
62,1500
60,1421
57,1294
61,1438
60,1367
60,1386
58,1343
56,1273
64,1517
58,1367
61,1420
57,1321
61,1404
58,1356
59,1416
-,-,-,-
70,1713
69,1651
72,1729
65,1493
71,1705
69,1648
73,1765
65,1409
66,1523
73,1695
64,1408
64,1476
65,1458
66,1498
60,1273
60,1367
63,1391
62,1402
56,1210
56,1346
54,1237
65,1481
61,1377
55,1245
64,1483
61,1425
58,1348
55,1308
59,1364
61,1415
60,1338
61,1460
62,1348
58,1356
59,1377
61,1431
63,1453
57,1257
57,1376
59,1390
57,1374
-,-,-,-
71,1737
73,1759
72,1713
66,1535
58,1259
67,1569
70,1685
69,1581
73,1695
72,1698
73,1701
66,1480
68,1523
65,1417
61,1414
63,1425
61,1307
64,1472
64,1446
59,1384
61,1420
64,1474
61,1397
59,1319
59,1302
61,1429
57,1357
56,1290
54,1177
61,1439
63,1473
60,1422
57,1293
57,1312
63,1442
59,1338
59,1450
61,1443
58,1317
57,1323
61,1466
-,-,-,-
73,1769
72,1757
62,1402
70,1647
67,1563
69,1650
65,1533
72,1682
65,1486
66,1488
69,1583
69,1537
67,1527
64,1445
64,1409
55,1202
62,1395
62,1384
57,1180
61,1355
64,1595
60,1307
62,1436
59,1373
60,1356
60,1352
62,1456
58,1383
56,1171
61,1434
55,1200
59,1428
61,1363
59,1424
60,1417
61,1436
60,1421
57,1344
56,1317
56,1216
58,1353
-,-,-,-
71,1736
70,1665
64,1452
68,1603
62,1399
73,1762
63,1477
71,1647
69,1603
73,1693
61,1336
68,1550
65,1505
67,1536
62,1361
62,1431
65,1466
59,1369
59,1283
56,1223
53,1197
62,1352
60,1385
62,1445
59,1406
61,1474
58,1279
59,1380
56,1246
60,1433
59,1291
54,1207
59,1309
58,1330
59,1309
62,1401
63,1498
57,1355
57,1404
60,1345
59,1451
-,-,-,-
63,1443
70,1629
72,1702
63,1458
65,1492
71,1706
67,1624
68,1568
67,1545
71,1616
71,1635
68,1485
69,1541
64,1479
63,1383
62,1390
62,1409
61,1415
62,1410
65,1506
64,1599
59,1345
59,1303
57,1321
57,1274
67,1588
62,1468
61,1448
65,1548
60,1392
58,1314
65,1524
57,1255
58,1273
62,1468
64,1557
61,1414
61,1455
62,1470
62,1420
56,1309
-,-,-,-
70,1688
70,1670
70,1693
74,1788
74,1788
68,1601
74,1798
73,1693
70,1613
69,1609
63,1382
66,1493
67,1516
67,1555
60,1303
61,1373
61,1355
61,1363
60,1380
57,1253
63,1475
63,1482
61,1385
54,1230
61,1396
54,1228
56,1308
60,1446
58,1229
61,1403
63,1429
58,1298
58,1306
54,1126
60,1389
59,1335
56,1351
58,1361
54,1341
60,1400
59,1344
-,-,-,-
74,1788
74,1788
70,1692
72,1699
63,1445
74,1792
59,1281
72,1672
66,1444
71,1626
61,1354
59,1341
69,1539
64,1470
58,1183
63,1355
61,1377
60,1382
57,1296
59,1434
57,1374
57,1350
62,1455
62,1397
63,1515
58,1291
60,1373
57,1331
57,1193
62,1432
59,1312
60,1430
60,1294
59,1334
56,1256
60,1318
58,1286
59,1381
58,1376
54,1207
57,1419
-,-,-,-
70,1717
71,1710
65,1474
65,1487
66,1522
66,1538
73,1742
72,1643
73,1693
69,1586
73,1693
68,1527
65,1468
62,1443
62,1387
63,1363
62,1373
65,1559
60,1296
64,1539
55,1245
60,1378
61,1377
53,1175
63,1485
60,1364
59,1379
61,1451
58,1305
60,1442
58,1286
60,1433
59,1280
59,1333
60,1321
57,1318
60,1352
63,1486
55,1225
55,1283
54,1301
-,-,-,-
65,1479
72,1762
74,1786
59,1266
74,1794
67,1593
74,1788
72,1666
65,1508
70,1603
69,1635
68,1505
66,1521
69,1537
59,1265
64,1451
63,1427
59,1316
67,1537
61,1394
60,1348
59,1351
63,1500
60,1362
59,1415
63,1442
66,1513
62,1431
63,1442
58,1391
60,1344
57,1323
63,1423
59,1323
61,1414
52,1182
60,1412
57,1338
54,1215
60,1327
60,1348
-,-,-,-
72,1716
66,1541
58,1277
73,1793
70,1685
72,1734
74,1786
65,1459
73,1697
73,1693
71,1639
69,1551
62,1392
66,1521
62,1333
62,1387
63,1471
61,1409
63,1454
62,1460
54,1303
65,1593
61,1382
55,1219
62,1405
56,1279
64,1503
58,1317
60,1342
56,1246
60,1356
62,1411
61,1447
56,1298
61,1444
62,1474
57,1342
55,1225
57,1345
58,1285
58,1400
-,-,-,-
66,1565
62,1400
74,1786
70,1696
64,1520
68,1585
66,1534
69,1621
70,1604
73,1693
65,1466
69,1537
64,1528
66,1479
61,1353
57,1290
65,1483
64,1481
65,1513
60,1380
61,1433
62,1483
60,1390
59,1347
60,1386
65,1554
63,1517
57,1332
58,1302
62,1392
63,1603
60,1365
59,1307
61,1387
59,1332
59,1344
54,1221
60,1394
57,1442
56,1246
56,1318
-,-,-,-
65,1484
69,1639
73,1755
70,1686
72,1736
73,1741
74,1784
67,1514
70,1595
68,1568
70,1625
66,1480
67,1500
69,1577
53,1190
58,1271
64,1434
62,1376
63,1438
65,1487
56,1261
63,1465
52,1226
57,1302
60,1374
58,1309
60,1493
58,1388
65,1451
57,1349
59,1357
63,1449
61,1388
58,1338
59,1338
59,1351
56,1333
55,1292
57,1335
56,1319
52,1217
-,-,-,-
70,1647
74,1798
63,1384
64,1494
74,1790
73,1749
73,1763
68,1549
70,1615
73,1693
69,1586
63,1388
66,1507
68,1537
60,1244
59,1317
63,1428
63,1442
61,1404
63,1471
62,1536
64,1562
58,1352
60,1390
56,1198
63,1487
64,1537
61,1429
61,1381
61,1397
56,1208
60,1348
58,1271
57,1347
62,1425
58,1328
59,1372
60,1368
56,1329
56,1255
58,1307
-,-,-,-
67,1573
70,1676
69,1665
73,1752
73,1793
63,1485
70,1646
68,1535
70,1618
66,1461
67,1530
68,1523
62,1347
69,1539
64,1360
58,1309
62,1344
67,1522
62,1373
55,1296
61,1437
64,1563
57,1291
59,1273
56,1232
59,1333
60,1484
57,1380
61,1375
60,1372
58,1351
63,1456
55,1188
57,1291
60,1429
60,1400
59,1357
59,1450
64,1473
55,1241
57,1345
-,-,-,-
63,1447
74,1792
66,1586
71,1744
74,1784
72,1711
66,1529
67,1519
71,1629
73,1693
69,1599
68,1495
63,1413
68,1517
64,1448
57,1247
62,1360
61,1336
58,1316
59,1343
60,1383
62,1495
60,1386
60,1403
64,1494
62,1442
61,1396
55,1292
61,1361
56,1280
63,1383
63,1431
60,1334
55,1330
59,1355
59,1376
61,1399
57,1306
64,1602
60,1380
56,1251
-,-,-,-
73,1783
68,1605
71,1712
66,1535
65,1524
63,1414
67,1553
58,1279
70,1648
70,1610
67,1540
67,1547
64,1447
69,1543
57,1218
60,1297
67,1530
57,1280
61,1441
63,1453
58,1303
63,1504
61,1412
63,1417
58,1312
58,1388
56,1263
52,1294
61,1386
61,1381
58,1350
64,1579
62,1366
59,1362
60,1346
56,1270
60,1408
59,1351
57,1384
57,1331
56,1301
-,-,-,-
74,1782
74,1790
68,1581
70,1650
66,1557
67,1630
73,1750
72,1681
71,1675
73,1693
63,1436
63,1426
68,1493
64,1357
59,1289
65,1516
59,1300
60,1321
64,1473
62,1447
54,1227
58,1390
62,1451
59,1307
62,1396
64,1459
62,1465
61,1447
55,1196
60,1370
60,1357
61,1410
62,1366
57,1275
59,1371
61,1398
57,1334
59,1386
58,1343
60,1390
57,1331
-,-,-,-
74,1790
64,1473
64,1502
74,1784
68,1592
68,1605
73,1754
63,1422
73,1691
65,1464
68,1552
66,1497
59,1305
69,1551
57,1266
60,1332
56,1229
58,1308
64,1444
60,1402
59,1307
61,1440
58,1306
58,1310
62,1411
61,1469
62,1507
56,1327
57,1243
59,1382
60,1321
65,1502
57,1259
60,1379
57,1326
57,1305
64,1492
52,1204
60,1428
58,1289
58,1313
-,-,-,-
71,1712
73,1742
73,1750
67,1573
65,1519
68,1604
69,1635
68,1534
70,1618
65,1501
69,1529
60,1387
67,1504
68,1564
62,1309
62,1366
64,1445
64,1431
64,1459
59,1380
60,1396
61,1455
62,1409
61,1373
57,1311
60,1407
65,1554
61,1434
61,1368
54,1218
62,1358
63,1476
59,1318
62,1403
61,1393
63,1429
60,1381
59,1466
57,1270
60,1449
62,1512
-,-,-,-
69,1668
74,1782
74,1782
72,1733
69,1649
71,1751
71,1675
62,1377
66,1473
68,1564
61,1353
63,1458
68,1493
69,1539
60,1287
58,1432
61,1385
59,1306
57,1299
61,1438
54,1175
61,1487
62,1423
59,1303
62,1389
62,1524
61,1398
63,1547
62,1333
60,1468
62,1346
57,1276
57,1250
60,1349
58,1358
58,1351
57,1333
55,1207
55,1283
59,1336
56,1356
-,-,-,-
64,1436
68,1627
68,1627
66,1467
72,1726
66,1537
74,1788
70,1604
70,1595
72,1649
71,1624
69,1543
68,1485
64,1425
66,1431
58,1294
59,1305
64,1463
59,1352
62,1420
59,1289
58,1350
63,1487
60,1358
60,1359
61,1447
66,1558
60,1399
58,1284
63,1471
62,1390
58,1328
57,1250
56,1231
59,1307
61,1426
55,1284
62,1371
63,1514
59,1344
55,1269
-,-,-,-
65,1511
65,1494
70,1654
64,1408
74,1782
68,1583
71,1726
73,1701
73,1695
60,1360
70,1610
67,1506
64,1436
68,1515
62,1391
65,1476
62,1347
56,1339
60,1346
50,1099
64,1476
61,1483
61,1456
65,1431
60,1332
63,1504
60,1405
62,1474
60,1339
56,1252
62,1436
56,1262
55,1217
59,1300
58,1265
60,1388
58,1323
59,1338
57,1297
57,1259
54,1295
-,-,-,-
74,1786
74,1782
71,1688
74,1782
64,1492
70,1682
65,1463
66,1525
64,1484
62,1348
67,1539
69,1537
60,1381
64,1399
60,1321
58,1293
61,1345
59,1364
62,1395
66,1557
60,1357
63,1512
55,1191
60,1371
60,1354
60,1345
61,1411
58,1305
57,1274
53,1252
60,1331
60,1431
58,1371
60,1472
58,1318
59,1383
62,1433
59,1316
54,1228
58,1379
57,1370
-,-,-,-
64,1435
71,1751
65,1550
67,1558
71,1747
69,1617
67,1590
72,1660
72,1651
64,1447
64,1471
69,1537
63,1438
63,1490
59,1250
66,1449
60,1295
65,1594
64,1489
63,1522
57,1311
58,1374
59,1378
62,1344
61,1423
57,1337
59,1387
60,1434
59,1338
62,1467
59,1354
61,1350
59,1234
60,1407
60,1313
60,1350
61,1394
57,1318
61,1466
57,1265
56,1274
-,-,-,-
65,1572
65,1513
74,1782
72,1713
73,1786
66,1557
70,1624
71,1674
66,1474
62,1382
68,1628
65,1490
61,1382
62,1405
64,1444
61,1357
59,1267
59,1409
61,1345
65,1575
59,1452
61,1407
61,1379
56,1234
55,1149
59,1371
66,1526
62,1475
60,1323
60,1438
59,1313
57,1250
58,1267
52,1139
60,1374
57,1337
62,1507
57,1297
56,1295
60,1384
54,1267
-,-,-,-
67,1574
71,1736
74,1800
67,1548
73,1774
65,1524
74,1780
64,1408
71,1643
72,1681
69,1556
68,1510
65,1476
68,1491
62,1338
61,1342
61,1377
61,1370
60,1331
65,1534
60,1399
60,1465
62,1450
64,1442
60,1382
62,1429
62,1520
59,1380
60,1303
60,1412
62,1371
54,1209
61,1384
58,1389
61,1400
54,1227
58,1296
61,1457
55,1282
61,1377
59,1457
-,-,-,-
64,1456
74,1786
66,1539
65,1534
73,1768
72,1740
68,1621
71,1629
63,1500
73,1691
73,1691
62,1425
61,1403
65,1437
63,1409
61,1322
61,1293
59,1314
58,1240
62,1436
61,1439
63,1428
63,1450
62,1352
60,1308
64,1459
64,1538
61,1378
62,1354
59,1387
60,1463
60,1324
61,1302
57,1304
59,1313
59,1415
58,1411
59,1400
59,1413
56,1274
53,1256
-,-,-,-
65,1514
74,1788
74,1780
63,1412
74,1792
72,1749
74,1780
73,1697
71,1678
73,1701
64,1442
69,1537
63,1437
66,1521
62,1370
65,1521
62,1391
65,1536
64,1449
66,1515
53,1200
58,1256
62,1420
63,1483
63,1475
58,1352
59,1407
61,1487
60,1316
61,1456
59,1283
53,1171
61,1368
58,1319
61,1389
59,1371
60,1433
57,1305
60,1440
64,1480
61,1472
-,-,-,-
66,1567
72,1740
64,1501
72,1775
72,1747
70,1681
71,1754
67,1500
69,1574
66,1477
72,1660
61,1397
65,1463
67,1523
61,1341
60,1317
59,1360
57,1371
59,1276
63,1467
61,1403
64,1566
61,1420
60,1400
61,1382
60,1372
56,1288
56,1336
61,1388
60,1455
63,1453
61,1404
60,1347
58,1286
55,1224
61,1422
57,1305
54,1189
51,1218
56,1330
55,1233
-,-,-,-
68,1604
74,1784
74,1788
68,1590
66,1539
74,1780
72,1710
72,1681
73,1691
73,1691
73,1691
69,1537
65,1515
65,1492
61,1360
66,1480
63,1354
62,1327
64,1467
62,1445
63,1510
63,1497
62,1377
59,1294
60,1365
63,1524
61,1380
61,1468
60,1274
57,1326
64,1469
57,1249
57,1253
58,1314
61,1364
63,1461
62,1492
57,1271
59,1444
57,1350
56,1309
-,-,-,-
74,1774
74,1798
67,1552
72,1722
73,1745
74,1780
71,1709
73,1691
62,1342
71,1628
68,1522
66,1488
66,1522
69,1605
65,1500
60,1338
64,1466
58,1316
67,1564
56,1336
60,1353
62,1442
59,1358
57,1288
59,1331
62,1434
56,1318
57,1297
63,1436
57,1274
65,1563
56,1198
56,1251
55,1219
62,1446
63,1514
64,1483
58,1356
60,1387
57,1317
54,1235
-,-,-,-
74,1772
73,1761
69,1661
74,1781
65,1488
74,1780
70,1643
70,1608
65,1517
71,1644
64,1465
68,1521
69,1539
68,1485
61,1405
64,1441
61,1396
65,1474
59,1294
63,1534
62,1416
53,1228
59,1325
61,1399
61,1330
58,1250
62,1412
61,1485
61,1385
62,1503
63,1499
60,1321
58,1357
56,1231
59,1301
55,1254
59,1424
57,1250
57,1355
55,1172
59,1416
-,-,-,-
74,1776
74,1780
69,1669
67,1550
66,1545
74,1772
70,1681
62,1383
73,1691
71,1639
71,1653
64,1429
68,1489
64,1442
56,1237
59,1341
62,1366
64,1479
64,1475
58,1427
61,1431
65,1587
60,1372
55,1285
61,1383
61,1335
61,1408
61,1493
63,1411
58,1336
62,1435
56,1178
63,1427
60,1329
59,1357
56,1314
62,1427
62,1501
60,1356
58,1298
57,1302
-,-,-,-
70,1672
74,1772
74,1808
74,1772
73,1747
67,1556
64,1467
70,1584
72,1679
73,1691
66,1470
65,1448
67,1492
69,1619
61,1352
61,1362
59,1345
66,1530
62,1408
56,1268
61,1419
63,1510
63,1442
55,1289
58,1282
62,1400
62,1406
58,1331
60,1301
56,1310
61,1370
59,1314
59,1287
54,1224
62,1363
57,1248
62,1397
55,1234
57,1226
52,1229
55,1325
-,-,-,-
70,1672
67,1618
69,1658
62,1369
73,1767
74,1802
74,1792
70,1564
71,1624
73,1691
68,1587
69,1543
68,1544
61,1387
62,1326
65,1485
61,1377
65,1424
62,1405
60,1414
62,1388
61,1532
66,1541
59,1332
57,1243
60,1407
60,1326
61,1461
58,1301
62,1439
63,1455
57,1273
60,1338
58,1286
59,1309
60,1430
58,1256
60,1425
61,1417
57,1309
53,1260
-,-,-,-
62,1349
73,1780
69,1648
73,1797
67,1542
70,1689
70,1658
68,1565
63,1399
68,1585
70,1636
60,1380
69,1537
60,1338
60,1305
63,1471
61,1373
63,1406
64,1440
58,1377
60,1390
59,1357
55,1337
58,1362
58,1285
62,1442
58,1299
63,1519
59,1391
62,1493
62,1387
56,1185
58,1352
60,1353
57,1336
58,1343
57,1300
56,1375
55,1355
58,1310
57,1378
-,-,-,-
70,1713
68,1561
67,1586
71,1661
65,1512
64,1449
65,1503
72,1672
68,1563
66,1444
71,1664
69,1537
66,1511
69,1537
58,1231
60,1371
63,1394
62,1412
62,1352
59,1374
60,1370
62,1533
61,1438
63,1454
61,1390
62,1398
60,1435
56,1346
57,1277
61,1424
62,1332
60,1369
58,1295
59,1374
62,1452
52,1265
61,1413
57,1337
59,1395
60,1453
53,1199
-,-,-,-
73,1743
64,1431
66,1572
74,1772
63,1421
74,1774
72,1738
66,1444
73,1691
67,1547
68,1591
66,1500
69,1537
64,1440
61,1379
65,1450
63,1372
61,1339
63,1431
55,1294
62,1424
60,1387
61,1379
63,1464
62,1377
61,1416
57,1293
64,1533
60,1336
55,1271
63,1465
55,1221
57,1222
61,1470
57,1372
60,1427
62,1410
55,1289
59,1386
60,1445
58,1341
-,-,-,-
68,1615
74,1776
65,1523
67,1555
74,1784
72,1751
72,1708
73,1691
72,1643
66,1515
70,1623
66,1497
60,1400
66,1492
64,1401
63,1406
63,1411
62,1382
62,1386
62,1454
61,1468
61,1431
60,1351
59,1321
61,1394
61,1369
61,1445
58,1446
61,1377
60,1400
60,1409
56,1266
65,1492
60,1357
58,1274
59,1347
60,1356
60,1399
64,1580
58,1386
56,1235
-,-,-,-
62,1389
64,1424
67,1584
71,1695
74,1774
74,1774
70,1660
70,1625
70,1591
71,1627
68,1600
70,1591
62,1400
69,1543
65,1395
61,1368
61,1346
59,1341
63,1510
65,1566
57,1186
58,1399
58,1301
65,1547
59,1397
55,1206
60,1400
59,1347
58,1256
59,1299
60,1383
66,1572
54,1191
62,1402
61,1352
60,1437
55,1229
59,1346
59,1387
64,1588
59,1384
-,-,-,-
74,1772
69,1642
73,1743
74,1772
70,1659
56,1264
71,1714
60,1362
73,1691
73,1691
67,1521
65,1486
66,1504
66,1513
61,1387
62,1429
60,1338
64,1514
62,1435
59,1374
60,1381
63,1569
64,1477
59,1422
66,1478
59,1301
61,1403
62,1434
61,1482
61,1325
61,1349
53,1177
58,1311
60,1433
55,1266
61,1459
61,1464
62,1460
53,1201
63,1471
62,1495
-,-,-,-
74,1772
71,1685
73,1735
63,1434
74,1772
74,1774
64,1482
65,1526
73,1691
62,1401
70,1619
65,1489
65,1481
68,1530
62,1353
63,1447
61,1378
60,1343
60,1347
54,1196
62,1459
67,1606
63,1532
57,1313
64,1416
65,1521
57,1361
68,1661
58,1318
65,1484
63,1362
59,1372
62,1383
56,1231
60,1349
63,1521
59,1357
60,1365
63,1521
63,1538
54,1239
-,-,-,-
69,1643
74,1772
71,1751
66,1552
70,1692
66,1524
74,1774
70,1589
64,1434
70,1637
65,1488
70,1586
68,1558
62,1417
62,1412
60,1333
61,1361
62,1443
64,1508
63,1408
60,1397
63,1477
62,1497
62,1386
64,1435
58,1296
58,1310
65,1593
61,1406
59,1248
56,1164
58,1400
59,1333
59,1313
54,1184
61,1448
59,1396
57,1279
63,1481
57,1373
53,1209
-,-,-,-
73,1737
64,1457
66,1569
74,1780
74,1774
65,1506
69,1652
64,1385
64,1452
65,1503
65,1491
69,1573
65,1492
62,1427
68,1564
55,1241
60,1326
58,1310
61,1455
62,1381
58,1336
60,1368
57,1349
60,1467
61,1427
62,1500
56,1205
65,1569
63,1571
59,1300
61,1358
60,1380
53,1054
61,1385
56,1260
63,1464
62,1406
57,1298
56,1251
57,1395
54,1252
-,-,-,-
66,1537
74,1772
70,1673
65,1504
74,1776
74,1772
74,1772
68,1563
65,1483
68,1545
64,1410
63,1452
64,1453
61,1354
56,1281
58,1313
65,1481
62,1439
62,1434
64,1523
56,1340
62,1432
60,1326
60,1377
58,1302
63,1507
56,1205
57,1314
59,1369
59,1264
62,1354
58,1366
63,1439
61,1413
58,1390
60,1420
54,1252
54,1227
58,1341
59,1371
59,1379
-,-,-,-
65,1521
73,1793
66,1526
72,1719
65,1504
65,1493
68,1594
73,1691
69,1585
68,1625
71,1648
62,1400
65,1440
66,1516
62,1323
58,1321
64,1422
61,1400
61,1450
61,1372
56,1314
60,1308
60,1421
61,1274
61,1416
62,1462
62,1418
59,1311
61,1427
64,1432
62,1357
60,1354
57,1203
57,1245
57,1294
61,1406
59,1368
62,1460
56,1354
55,1254
57,1375
-,-,-,-
74,1779
74,1774
74,1772
66,1520
67,1582
65,1481
69,1654
73,1691
69,1593
61,1363
70,1599
64,1473
69,1566
70,1586
58,1292
59,1355
64,1440
61,1336
64,1507
63,1423
57,1391
60,1410
59,1402
64,1483
57,1287
60,1390
57,1217
55,1249
57,1334
57,1175
60,1341
58,1306
56,1187
56,1263
60,1358
60,1319
60,1375
58,1381
60,1448
59,1438
53,1231
-,-,-,-
58,1263
74,1772
69,1635
72,1721
65,1499
62,1448
74,1780
67,1538
73,1691
68,1566
70,1608
69,1546
70,1586
66,1516
65,1531
59,1351
68,1542
63,1374
64,1472
62,1371
61,1474
59,1387
60,1383
62,1454
61,1500
57,1323
61,1476
59,1347
62,1441
59,1318
57,1203
59,1374
60,1323
50,1052
57,1320
60,1442
55,1338
55,1280
62,1450
57,1313
58,1320
-,-,-,-
74,1772
70,1670
64,1491
70,1705
72,1737
74,1772
74,1804
60,1311
73,1691
72,1719
68,1535
69,1586
66,1472
68,1558
62,1366
62,1387
63,1463
57,1357
56,1269
61,1334
63,1438
64,1476
61,1468
63,1375
60,1366
63,1416
61,1352
55,1290
57,1305
61,1361
60,1361
61,1383
60,1346
60,1378
58,1338
50,1129
58,1386
59,1397
54,1303
54,1325
58,1408
-,-,-,-
74,1772
71,1705
72,1745
74,1784
68,1608
69,1648
73,1745
68,1568
72,1689
69,1598
71,1637
70,1594
66,1490
63,1428
63,1377
62,1404
62,1327
56,1259
60,1371
59,1325
52,1190
63,1493
62,1506
59,1319
65,1491
54,1249
60,1314
62,1409
59,1481
61,1329
56,1208
62,1440
58,1342
55,1250
58,1389
59,1429
57,1287
56,1303
59,1412
64,1590
51,1220
-,-,-,-
70,1680
64,1396
71,1698
67,1560
73,1764
73,1766
74,1778
66,1525
71,1642
71,1643
73,1691
70,1586
65,1474
70,1594
63,1394
60,1366
61,1377
60,1384
58,1335
62,1371
60,1442
63,1480
64,1585
61,1388
63,1482
57,1249
60,1342
61,1444
62,1396
65,1474
61,1352
60,1376
59,1297
59,1355
57,1335
63,1508
62,1533
58,1330
60,1420
61,1426
58,1377
-,-,-,-
71,1723
74,1796
71,1735
73,1743
72,1774
69,1655
70,1669
68,1537
72,1672
73,1691
71,1629
70,1593
66,1528
70,1592
61,1368
63,1420
63,1458
64,1485
59,1328
60,1386
56,1355
63,1468
61,1454
56,1297
59,1399
57,1259
64,1435
57,1289
58,1407
64,1449
57,1278
57,1342
57,1293
56,1337
56,1237
62,1461
62,1471
61,1404
53,1265
55,1377
59,1357
-,-,-,-
67,1558
71,1686
71,1717
64,1427
70,1671
72,1755
66,1489
71,1626
73,1691
65,1419
73,1691
59,1355
68,1563
70,1586
55,1190
64,1422
61,1438
63,1426
63,1455
61,1387
56,1250
61,1407
65,1585
60,1308
59,1305
58,1319
58,1258
60,1375
62,1331
62,1381
57,1239
57,1332
63,1416
57,1259
61,1399
64,1525
61,1390
59,1390
57,1344
56,1396
57,1362
-,-,-,-
65,1513
67,1559
67,1586
74,1778
64,1516
67,1564
69,1684
67,1539
73,1691
68,1541
67,1536
66,1460
67,1465
66,1520
60,1264
63,1446
60,1283
60,1327
59,1398
64,1491
63,1430
61,1443
61,1488
57,1253
61,1419
58,1410
61,1391
61,1422
59,1355
64,1549
60,1313
58,1382
60,1339
63,1474
58,1291
56,1331
62,1443
58,1285
57,1305
55,1314
53,1209
-,-,-,-
67,1543
72,1751
58,1255
74,1772
73,1741
70,1675
73,1776
72,1655
69,1540
69,1601
68,1530
68,1544
70,1586
67,1578
61,1306
66,1480
61,1331
61,1344
65,1500
60,1318
60,1364
59,1344
63,1556
58,1310
63,1460
60,1339
64,1500
62,1384
64,1562
59,1355
60,1319
58,1359
60,1303
55,1269
60,1375
61,1391
55,1218
59,1398
56,1305
63,1545
59,1365
-,-,-,-
72,1733
68,1604
68,1583
71,1718
74,1780
71,1699
70,1653
72,1641
72,1654
58,1234
71,1675
64,1486
69,1583
70,1586
60,1283
62,1359
60,1342
63,1394
63,1561
60,1280
54,1246
60,1378
65,1551
61,1431
60,1351
64,1484
60,1350
61,1400
61,1416
59,1341
60,1375
58,1363
55,1181
55,1275
60,1412
61,1427
62,1476
62,1410
61,1449
56,1354
60,1439
-,-,-,-
74,1798
58,1255
66,1499
73,1785
62,1382
64,1500
74,1778
68,1529
66,1466
68,1557
71,1643
66,1498
60,1361
65,1480
60,1346
60,1320
58,1313
58,1360
59,1389
57,1290
59,1297
56,1247
59,1348
62,1445
62,1414
63,1492
58,1308
64,1517
58,1348
62,1382
55,1190
61,1452
64,1429
57,1364
60,1435
58,1351
61,1459
61,1400
59,1406
66,1544
56,1341
-,-,-,-
74,1780
68,1615
69,1648
74,1784
65,1481
67,1539
66,1534
72,1678
70,1625
73,1693
62,1366
65,1473
70,1586
62,1372
58,1230
61,1286
61,1302
60,1357
60,1493
60,1405
59,1391
60,1382
60,1361
62,1371
62,1427
61,1421
56,1201
64,1536
57,1316
64,1574
60,1376
61,1373
62,1436
60,1372
58,1376
59,1329
58,1367
54,1272
58,1334
53,1260
61,1435
-,-,-,-
66,1585
71,1696
73,1771
74,1808
74,1772
67,1611
71,1700
66,1483
66,1583
70,1609
63,1431
62,1447
69,1553
69,1559
62,1392
65,1460
64,1412
63,1465
63,1449
63,1417
60,1380
60,1394
58,1345
60,1372
57,1314
63,1384
64,1464
67,1595
61,1565
59,1446
61,1382
58,1269
59,1329
60,1410
63,1454
64,1504
58,1359
59,1379
61,1455
57,1294
52,1195
-,-,-,-
66,1507
74,1772
74,1790
69,1625
74,1776
73,1769
70,1675
70,1616
73,1691
70,1599
68,1586
69,1539
70,1586
67,1494
55,1152
58,1225
64,1456
61,1380
63,1504
57,1263
56,1306
60,1436
58,1326
62,1510
64,1509
59,1318
57,1331
64,1422
57,1282
58,1379
60,1358
60,1315
58,1350
57,1291
61,1352
59,1335
59,1406
62,1446
64,1461
61,1448
56,1300
-,-,-,-
67,1624
74,1794
72,1787
73,1770
74,1772
69,1609
74,1780
58,1278
73,1691
73,1691
72,1689
68,1579
62,1447
67,1494
62,1311
60,1328
66,1536
62,1400
59,1329
66,1483
58,1338
63,1455
60,1419
59,1412
61,1408
62,1449
62,1444
63,1468
63,1470
60,1452
61,1334
61,1362
60,1370
60,1346
62,1437
60,1338
57,1320
62,1560
54,1239
55,1304
57,1309
-,-,-,-
61,1346
74,1778
68,1602
73,1752
71,1703
69,1625
74,1772
71,1648
71,1616
67,1544
72,1696
64,1421
70,1586
66,1497
59,1231
63,1443
59,1261
62,1382
57,1350
65,1524
64,1475
55,1232
58,1440
58,1353
61,1345
60,1394
65,1500
61,1342
58,1376
53,1254
62,1380
54,1141
59,1395
60,1367
56,1253
61,1435
64,1468
63,1504
56,1279
57,1394
58,1372
-,-,-,-
74,1790
65,1494
68,1561
72,1719
72,1762
70,1671
70,1700
72,1660
73,1691
70,1632
73,1693
63,1432
63,1398
69,1536
61,1300
63,1468
60,1340
62,1424
58,1305
59,1296
66,1523
63,1475
62,1482
59,1355
64,1427
55,1231
61,1379
58,1348
59,1345
63,1549
62,1365
63,1449
55,1287
59,1304
58,1332
58,1395
59,1309
64,1599
61,1395
56,1259
59,1376
-,-,-,-
74,1776
71,1704
74,1772
72,1751
67,1572
64,1497
59,1316
62,1369
68,1566
71,1628
73,1691
67,1513
61,1361
70,1586
59,1320
59,1258
60,1349
59,1249
65,1566
63,1465
63,1492
59,1384
64,1457
63,1505
65,1508
62,1398
60,1369
57,1326
61,1329
57,1279
60,1349
57,1242
63,1504
59,1375
56,1244
58,1346
63,1416
63,1473
58,1368
52,1173
58,1270
-,-,-,-
67,1555
73,1775
65,1481
71,1674
71,1708
63,1409
72,1737
73,1691
73,1691
67,1547
67,1590
70,1586
68,1528
67,1529
60,1393
60,1321
59,1309
64,1508
61,1484
61,1351
60,1373
55,1287
58,1407
56,1324
59,1281
64,1466
60,1407
63,1480
56,1261
61,1461
56,1171
61,1357
58,1295
57,1278
55,1319
60,1369
56,1225
62,1455
61,1426
62,1503
55,1236
-,-,-,-
73,1759
73,1737
74,1804
74,1772
68,1608
73,1745
74,1772
70,1659
70,1619
69,1569
68,1563
68,1511
65,1462
69,1560
61,1394
64,1414
62,1389
59,1428
57,1290
60,1355
59,1369
62,1489
62,1535
61,1438
63,1438
65,1537
64,1462
64,1507
60,1395
59,1425
59,1320
61,1372
60,1409
63,1431
59,1300
61,1392
62,1406
61,1418
63,1432
59,1308
57,1335
-,-,-,-
74,1772
74,1772
74,1774
70,1676
73,1747
67,1612
66,1578
67,1538
67,1552
66,1467
67,1550
62,1423
63,1416
66,1484
60,1296
65,1488
66,1528
61,1355
62,1457
63,1426
62,1437
62,1397
58,1324
58,1341
66,1524
63,1493
57,1380
59,1309
61,1406
57,1333
61,1357
55,1190
64,1460
55,1150
58,1259
60,1327
60,1350
63,1461
64,1492
56,1368
61,1479
-,-,-,-
74,1782
63,1422
74,1772
71,1697
73,1772
73,1769
74,1772
71,1666
73,1691
70,1593
73,1699
70,1586
69,1597
70,1586
59,1306
63,1422
62,1340
61,1465
61,1408
60,1266
60,1412
64,1499
63,1455
64,1564
63,1424
64,1457
65,1470
63,1459
58,1291
58,1384
59,1248
62,1371
59,1330
62,1396
57,1256
61,1375
61,1371
56,1312
64,1558
58,1355
62,1487
-,-,-,-
68,1634
74,1772
74,1772
71,1707
72,1711
64,1466
74,1772
73,1693
68,1509
73,1691
73,1691
68,1535
63,1425
70,1594
60,1387
61,1296
60,1364
65,1490
64,1601
60,1298
59,1374
62,1394
59,1349
63,1515
60,1382
58,1336
60,1436
58,1364
57,1264
57,1362
63,1453
54,1082
55,1217
58,1316
57,1267
56,1261
60,1340
62,1440
59,1354
56,1336
52,1189
-,-,-,-
74,1788
69,1629
74,1786
74,1772
72,1728
74,1772
70,1676
73,1691
59,1264
60,1353
63,1402
65,1522
70,1586
63,1461
60,1339
62,1357
62,1385
62,1426
61,1420
62,1394
64,1467
52,1197
55,1306
61,1442
60,1335
57,1316
58,1366
62,1407
64,1469
60,1443
56,1236
63,1381
58,1254
60,1388
57,1262
58,1310
60,1322
55,1299
54,1211
59,1411
56,1278
-,-,-,-
66,1568
68,1599
68,1629
69,1673
73,1759
67,1574
72,1731
73,1691
71,1654
69,1578
71,1630
70,1586
70,1586
70,1590
62,1331
64,1431
61,1281
62,1414
64,1447
59,1305
55,1287
65,1570
62,1487
60,1445
61,1387
62,1482
59,1334
60,1321
64,1448
58,1349
61,1369
53,1070
61,1426
59,1356
57,1266
60,1344
62,1425
57,1380
54,1228
58,1255
55,1256
-,-,-,-
72,1734
73,1759
63,1432
65,1513
74,1772
71,1704
69,1661
59,1310
63,1432
68,1588
72,1666
68,1584
65,1480
61,1377
59,1292
62,1355
62,1354
59,1341
57,1349
61,1381
61,1349
65,1557
61,1452
61,1408
61,1358
62,1527
61,1406
63,1457
60,1386
57,1324
62,1360
64,1430
61,1443
56,1230
62,1504
65,1456
58,1327
60,1454
60,1373
56,1278
57,1308
-,-,-,-
66,1582
71,1703
74,1772
69,1658
68,1595
65,1487
74,1788
64,1366
69,1570
68,1566
72,1654
63,1429
68,1505
66,1459
61,1369
62,1324
62,1404
65,1510
63,1488
63,1415
61,1471
57,1273
57,1370
63,1457
62,1336
62,1397
59,1334
64,1434
55,1273
58,1366
63,1434
61,1373
61,1358
58,1259
59,1321
56,1245
59,1342
59,1349
56,1321
62,1413
63,1488
-,-,-,-
74,1772
70,1676
71,1706
75,1798
68,1624
67,1569
74,1772
61,1371
70,1636
57,1253
73,1691
65,1424
68,1516
61,1449
59,1292
59,1279
63,1389
63,1473
58,1359
61,1428
55,1297
65,1588
59,1391
61,1476
59,1361
59,1347
64,1488
57,1306
62,1464
56,1373
54,1182
60,1324
67,1494
61,1391
58,1363
59,1312
63,1417
59,1409
61,1445
57,1393
55,1230
-,-,-,-
73,1767
64,1507
75,1794
71,1671
69,1629
63,1450
72,1734
69,1590
66,1474
67,1542
73,1691
68,1537
66,1544
66,1488
68,1570
63,1403
62,1397
69,1600
61,1393
64,1486
64,1464
64,1519
55,1287
60,1400
62,1462
61,1408
59,1330
60,1391
61,1350
61,1405
59,1372
63,1427
57,1314
62,1472
61,1426
58,1221
59,1353
63,1453
56,1302
59,1358
60,1348
-,-,-,-
69,1623
68,1591
72,1737
74,1765
69,1598
64,1463
69,1655
71,1637
68,1557
71,1616
69,1575
69,1543
67,1542
65,1463
62,1401
59,1263
62,1408
65,1484
61,1490
57,1289
60,1340
54,1243
62,1434
62,1488
61,1411
58,1274
63,1425
61,1413
60,1351
60,1453
61,1451
61,1396
55,1195
60,1394
58,1279
60,1371
60,1448
56,1304
59,1403
55,1274
55,1235
-,-,-,-
74,1769
75,1810
70,1686
65,1498
64,1480
65,1425
75,1800
62,1386
72,1669
72,1654
73,1691
67,1505
69,1539
64,1437
61,1355
65,1500
62,1358
60,1358
62,1414
57,1287
64,1472
61,1456
61,1428
63,1532
57,1297
61,1338
57,1323
58,1254
57,1319
63,1406
63,1508
64,1501
62,1421
60,1323
63,1421
58,1317
59,1325
60,1323
61,1393
58,1359
57,1384
-,-,-,-
66,1594
72,1741
70,1623
73,1758
65,1471
71,1696
74,1782
61,1387
69,1606
63,1414
71,1631
65,1474
67,1512
65,1492
65,1468
57,1251
62,1336
60,1338
61,1384
53,1164
64,1434
62,1422
59,1414
61,1481
61,1412
60,1338
58,1304
62,1471
64,1513
54,1213
60,1358
62,1388
64,1445
63,1470
61,1417
62,1346
66,1515
59,1419
58,1317
56,1363
56,1331
-,-,-,-
67,1570
69,1654
70,1669
69,1654
75,1796
66,1512
72,1760
60,1414
67,1543
66,1518
73,1691
62,1385
63,1398
66,1472
62,1425
64,1442
66,1508
59,1285
61,1398
60,1346
59,1308
60,1440
58,1339
57,1330
60,1458
59,1327
63,1359
62,1401
63,1405
59,1363
62,1484
57,1293
59,1308
57,1268
60,1333
58,1248
64,1464
65,1524
55,1213
61,1425
63,1484
-,-,-,-
67,1545
71,1684
71,1724
72,1703
74,1792
67,1579
72,1760
72,1653
64,1422
73,1703
70,1619
70,1586
70,1591
66,1473
61,1365
62,1409
63,1429
60,1312
60,1329
61,1407
57,1257
58,1404
60,1473
61,1515
62,1478
63,1396
55,1296
61,1398
58,1375
63,1453
58,1359
66,1600
62,1377
59,1365
62,1405
60,1326
59,1409
55,1180
63,1496
58,1390
55,1202
-,-,-,-
75,1802
67,1558
70,1669
74,1811
71,1727
65,1501
74,1757
68,1537
70,1648
68,1558
71,1618
67,1555
59,1356
62,1378
60,1310
62,1445
64,1409
54,1128
58,1332
62,1363
58,1233
59,1356
62,1443
59,1405
62,1442
63,1527
55,1309
58,1391
61,1391
60,1394
59,1373
60,1414
59,1288
57,1311
59,1370
58,1265
59,1380
62,1477
61,1435
64,1541
58,1298
-,-,-,-
74,1765
74,1765
68,1608
75,1794
72,1725
69,1654
65,1518
68,1628
67,1522
66,1445
72,1672
61,1359
70,1590
68,1545
63,1398
66,1527
59,1269
57,1206
61,1443
59,1292
62,1444
58,1312
62,1458
62,1472
61,1413
61,1396
56,1186
56,1347
60,1373
65,1505
62,1417
55,1303
63,1450
58,1303
61,1340
57,1274
58,1483
54,1178
53,1230
60,1375
60,1403
-,-,-,-
72,1711
75,1794
74,1784
62,1356
74,1786
73,1758
71,1707
68,1547
73,1691
73,1691
71,1643
70,1586
69,1563
60,1381
63,1388
59,1283
65,1472
61,1386
64,1554
62,1373
66,1479
64,1550
56,1301
57,1318
58,1386
62,1401
62,1431
57,1271
63,1436
61,1389
61,1371
59,1441
58,1328
60,1313
64,1477
57,1288
56,1259
61,1356
62,1416
59,1343
57,1334
-,-,-,-
65,1481
71,1685
69,1619
71,1686
74,1778
64,1433
71,1718
62,1368
69,1619
70,1584
67,1562
67,1491
69,1559
70,1596
60,1309
62,1418
66,1529
60,1326
65,1530
62,1450
59,1320
57,1423
66,1614
60,1309
64,1492
60,1342
60,1333
59,1319
63,1529
62,1454
60,1471
58,1369
58,1250
58,1315
60,1380
60,1389
58,1347
65,1501
64,1497
59,1374
57,1277
-,-,-,-
75,1796
73,1752
65,1516
71,1722
68,1615
71,1726
75,1800
62,1414
64,1497
70,1632
68,1602
69,1564
63,1448
62,1454
58,1244
57,1247
60,1279
64,1431
60,1382
62,1389
63,1425
57,1360
58,1319
59,1388
65,1565
58,1360
60,1374
63,1421
63,1415
60,1410
61,1442
60,1393
57,1317
58,1289
58,1321
63,1398
64,1507
57,1409
58,1327
58,1296
53,1270
-,-,-,-
75,1794
71,1694
74,1755
71,1681
65,1533
68,1646
75,1806
70,1627
73,1679
72,1679
72,1644
68,1516
70,1586
68,1568
67,1537
62,1374
61,1328
59,1282
64,1559
63,1443
63,1371
61,1480
63,1482
58,1369
60,1444
61,1372
64,1416
63,1443
63,1422
64,1415
61,1418
57,1373
61,1353
59,1377
62,1495
59,1385
53,1205
63,1544
59,1357
58,1334
57,1322
-,-,-,-
68,1591
72,1722
70,1652
67,1567
62,1356
62,1458
75,1796
71,1627
64,1429
73,1679
73,1679
69,1538
70,1586
59,1389
57,1250
60,1381
61,1362
64,1454
62,1535
60,1355
64,1499
65,1543
59,1391
61,1402
63,1464
58,1274
58,1421
65,1470
60,1359
63,1404
58,1322
62,1527
63,1476
60,1346
61,1387
59,1362
59,1281
60,1414
64,1488
56,1329
57,1285
-,-,-,-
73,1775
75,1804
66,1489
75,1792
75,1806
71,1726
63,1424
66,1488
70,1554
66,1439
73,1679
64,1496
62,1432
65,1488
67,1525
59,1377
59,1361
57,1260
60,1394
58,1240
61,1435
59,1348
53,1170
62,1474
64,1557
57,1255
60,1363
61,1389
62,1425
56,1240
60,1386
64,1508
59,1239
59,1337
61,1381
61,1410
56,1238
59,1391
57,1313
57,1354
61,1463
-,-,-,-
74,1761
75,1796
71,1672
73,1740
71,1695
73,1732
68,1567
69,1556
73,1683
70,1660
70,1537
62,1400
65,1459
70,1586
60,1249
56,1235
62,1351
58,1348
64,1524
58,1294
59,1305
58,1316
59,1400
63,1475
57,1322
63,1375
59,1404
60,1295
60,1334
55,1273
58,1342
60,1434
63,1422
62,1384
56,1373
61,1395
56,1301
56,1312
56,1278
60,1436
60,1360
-,-,-,-
75,1796
74,1785
75,1792
72,1729
72,1752
75,1796
72,1739
73,1679
68,1523
73,1691
57,1212
67,1547
70,1588
70,1586
63,1360
60,1331
62,1370
60,1346
58,1323
66,1516
61,1392
62,1433
56,1253
58,1390
59,1452
57,1323
59,1335
57,1247
58,1305
59,1390
59,1289
62,1444
62,1357
63,1397
62,1462
60,1386
58,1246
57,1432
61,1416
51,1183
58,1307
-,-,-,-
72,1754
70,1601
75,1803
73,1745
72,1756
75,1794
73,1764
62,1349
72,1662
69,1571
69,1556
70,1586
66,1449
70,1586
63,1421
59,1387
64,1453
58,1285
62,1521
64,1376
63,1381
57,1285
57,1366
63,1473
61,1440
60,1301
58,1274
61,1353
59,1348
62,1407
66,1528
65,1495
60,1244
60,1382
61,1444
56,1285
62,1390
61,1451
63,1419
56,1332
57,1332
-,-,-,-
67,1546
75,1792
75,1792
75,1814
69,1641
72,1709
69,1626
73,1679
73,1685
61,1452
64,1366
65,1464
67,1530
63,1498
64,1464
60,1360
62,1387
59,1296
64,1473
56,1228
66,1491
60,1404
62,1349
62,1495
61,1413
55,1265
58,1284
64,1383
62,1470
60,1342
63,1404
61,1398
62,1432
60,1379
61,1511
63,1427
59,1300
60,1416
60,1407
56,1205
54,1158
-,-,-,-
72,1754
62,1419
74,1798
75,1792
71,1696
69,1654
73,1769
62,1374
68,1596
73,1679
66,1459
70,1586
70,1586
64,1469
59,1307
64,1449
60,1386
62,1504
62,1467
62,1389
61,1358
63,1494
62,1464
60,1433
61,1498
62,1391
58,1371
63,1438
62,1345
59,1355
60,1430
56,1270
60,1320
55,1162
61,1391
62,1476
59,1319
64,1526
62,1435
57,1350
56,1271
-,-,-,-
73,1714
75,1792
72,1728
69,1686
67,1578
73,1735
71,1668
71,1627
71,1608
73,1679
73,1679
68,1547
65,1459
65,1471
64,1453
63,1449
60,1314
62,1483
64,1459
59,1339
61,1432
64,1527
60,1404
61,1459
57,1273
66,1507
63,1466
59,1372
62,1415
60,1311
59,1378
59,1413
57,1226
60,1328
63,1488
62,1395
59,1314
59,1376
60,1382
60,1457
57,1307
-,-,-,-
69,1644
70,1646
73,1749
68,1646
75,1794
68,1556
70,1648
73,1679
71,1621
64,1396
68,1519
65,1526
65,1466
68,1548
60,1341
62,1387
61,1305
62,1400
63,1533
60,1315
62,1399
58,1355
63,1449
59,1330
65,1589
64,1464
60,1433
59,1288
65,1519
60,1450
56,1303
60,1483
63,1430
56,1261
61,1386
64,1554
58,1330
59,1447
58,1330
58,1376
55,1321
-,-,-,-
70,1601
75,1808
75,1792
65,1485
75,1792
72,1719
73,1768
61,1307
73,1673
68,1525
62,1412
69,1538
67,1515
70,1588
55,1231
56,1295
61,1427
59,1367
59,1348
64,1464
62,1381
64,1468
59,1368
56,1372
61,1467
60,1414
64,1547
59,1363
62,1472
56,1271
57,1287
59,1414
63,1478
55,1298
63,1466
60,1311
58,1367
59,1415
57,1329
60,1408
55,1282
-,-,-,-
73,1763
75,1798
71,1633
75,1792
75,1792
68,1602
68,1636
73,1673
71,1626
60,1304
63,1328
68,1513
68,1528
63,1421
61,1391
57,1235
64,1457
63,1386
63,1513
56,1227
59,1288
55,1260
62,1418
59,1387
62,1510
62,1433
57,1339
59,1348
61,1419
60,1400
62,1452
61,1461
62,1337
56,1200
58,1408
60,1294
60,1282
59,1428
55,1228
56,1317
54,1210
-,-,-,-
69,1656
73,1751
75,1792
74,1757
71,1705
75,1800
74,1786
69,1582
65,1451
73,1673
70,1568
62,1425
65,1474
69,1574
60,1286
63,1444
64,1459
61,1403
64,1552
66,1493
63,1448
59,1385
60,1380
60,1402
62,1533
61,1387
60,1342
62,1472
62,1484
60,1299
62,1394
61,1475
59,1272
59,1299
56,1236
64,1442
61,1391
54,1331
60,1364
55,1332
60,1333
-,-,-,-
69,1629
73,1732
71,1695
70,1722
72,1719
75,1792
72,1729
63,1443
73,1673
70,1579
62,1345
69,1559
67,1568
69,1571
64,1345
60,1420
62,1318
62,1322
62,1509
60,1340
63,1413
57,1326
57,1275
61,1429
61,1439
63,1375
58,1298
62,1406
55,1292
59,1312
60,1339
63,1547
64,1498
57,1360
61,1408
57,1341
60,1349
57,1405
62,1513
55,1240
59,1362
-,-,-,-
72,1716
75,1810
74,1755
75,1792
71,1695
72,1722
75,1800
70,1603
71,1615
66,1469
73,1673
70,1586
62,1447
65,1449
57,1208
60,1326
60,1287
63,1377
61,1420
64,1466
62,1494
57,1308
62,1315
54,1296
62,1466
62,1367
62,1432
59,1402
62,1442
60,1299
63,1472
57,1394
56,1181
53,1186
55,1225
60,1346
56,1323
62,1488
58,1342
55,1270
59,1262
-,-,-,-
71,1699
72,1711
68,1581
75,1792
75,1792
65,1456
73,1761
65,1442
70,1587
69,1533
69,1524
70,1586
65,1448
69,1564
61,1347
55,1248
65,1534
62,1489
63,1545
64,1455
58,1304
58,1400
63,1475
62,1422
58,1391
62,1384
60,1338
59,1362
61,1408
58,1314
59,1292
61,1421
63,1420
63,1426
59,1396
60,1333
54,1278
61,1416
64,1481
55,1269
62,1463
-,-,-,-
75,1792
66,1527
62,1399
70,1675
71,1714
68,1573
71,1703
73,1673
63,1369
63,1328
70,1582
61,1418
65,1526
69,1549
58,1289
59,1338
63,1420
59,1297
59,1398
65,1527
61,1358
56,1345
60,1384
60,1448
58,1366
61,1345
61,1431
64,1423
53,1198
52,1146
64,1470
58,1407
62,1390
55,1252
63,1461
60,1335
61,1354
57,1277
57,1346
57,1324
57,1298
-,-,-,-
69,1637
71,1695
67,1567
68,1620
74,1778
69,1671
71,1633
73,1673
67,1541
63,1352
72,1682
66,1540
69,1618
69,1571
58,1176
62,1365
65,1415
61,1298
63,1458
56,1200
61,1377
60,1430
61,1352
58,1362
57,1393
62,1398
55,1237
62,1460
64,1531
63,1463
61,1394
58,1401
61,1361
61,1418
60,1362
60,1392
61,1405
58,1348
60,1466
56,1335
55,1253
-,-,-,-
74,1778
70,1663
64,1389
67,1612
74,1798
73,1762
68,1578
62,1327
69,1583
73,1673
69,1542
67,1486
65,1462
68,1521
60,1327
54,1189
61,1284
58,1252
58,1323
62,1432
64,1417
59,1361
61,1412
63,1463
63,1577
62,1370
59,1426
59,1270
60,1297
57,1270
60,1365
61,1478
61,1343
57,1332
60,1387
61,1433
62,1426
59,1403
63,1454
53,1208
64,1509
-,-,-,-
72,1713
71,1695
75,1792
70,1664
70,1706
75,1792
71,1736
69,1522
65,1480
73,1673
68,1502
66,1547
65,1445
70,1591
61,1364
62,1431
57,1188
60,1375
61,1436
55,1219
65,1558
60,1308
58,1334
56,1282
56,1310
56,1312
60,1343
62,1409
58,1238
61,1361
66,1596
61,1462
58,1246
59,1347
59,1388
63,1425
62,1431
52,1260
57,1298
60,1373
58,1336
-,-,-,-
60,1311
73,1768
70,1648
73,1775
69,1667
75,1804
72,1722
71,1632
68,1513
70,1594
73,1701
70,1592
64,1421
64,1460
60,1346
60,1428
61,1393
57,1200
66,1560
63,1433
62,1399
61,1429
60,1425
58,1293
60,1376
60,1348
66,1537
61,1375
63,1481
60,1309
63,1467
60,1431
61,1379
61,1369
61,1384
59,1322
63,1462
55,1325
59,1390
53,1202
65,1457
-,-,-,-
73,1751
66,1526
71,1709
70,1692
74,1757
72,1716
75,1810
66,1513
67,1487
68,1544
72,1662
70,1601
66,1545
68,1518
60,1274
60,1358
61,1393
62,1400
59,1370
56,1232
62,1428
61,1436
54,1289
54,1260
59,1514
63,1431
60,1323
62,1400
62,1396
60,1362
62,1376
60,1443
61,1351
58,1280
57,1305
64,1513
63,1479
58,1313
59,1418
62,1416
64,1511
-,-,-,-