1349,60
1435,65
1491,65
1350,64
1327,59
1531,66
1288,58
1366,65
1361,61
1454,67
1509,69
1464,68
1517,70
1417,67
1347,63
1522,68
1431,63
1388,67
1228,60
1358,64
1389,62
1524,70
1528,67
1464,68
1522,67
1591,70
1368,63
1346,62
1454,67
1378,66
1379,65
1375,66
1442,65
1394,66
1621,69
1448,64
1432,67
1430,65
1381,63
1537,72
1296,61
1576,69
1554,72
1351,64
1305,63
1396,65
1506,70
1562,69
1469,70
1410,64
1458,70
1406,65
1324,62
1334,67
1314,64
1393,65
1272,62
1444,67
1208,60
1494,68
1337,62
1424,66
1470,66
1440,68
1355,63
1593,70
1350,62
1497,69
1524,69
1608,72
1459,64
1368,67
1420,67
1398,66
1421,68
1469,68
1374,65
1413,66
1343,64
1317,62
1484,69
1501,67
1568,70
1552,71
1424,65
1284,62
1380,63
1397,64
1488,69
1500,67
1159,57
1462,69
1470,68
1394,65
1358,65
1510,66
1426,70
1393,64
1467,68
1365,66
1267,62
1292,62
1398,67
1530,72
1414,63
1399,61
1528,71
1483,68
1231,61
1558,68
1354,64
1335,61
1391,65
1430,66
1326,62
1450,68
1374,63
1513,67
1468,68
1618,73
1473,69
1558,71
1557,73
1371,64
1503,70
1274,59
1455,65
1545,73
1369,64
1510,68
1525,70
1387,65
1550,69
1471,70
1501,69
1598,71
1419,65
1625,72
1634,73
1342,61
1471,70
1464,65
1499,67
1330,63
1408,65
1503,69
1482,68
1506,67
1444,67
1341,64
1394,65
1303,66
1391,67
1450,70
1564,71
1566,69
1408,66
1609,71
1320,65
1524,67
1434,69
1378,66
1425,70
1445,69
1380,65
1404,67
1310,64
1539,68
1522,69
1473,68
1290,63
1694,73
1429,66
1591,73
1423,68
1520,68
1441,70
1328,61
1386,65
1471,71
1407,67
1562,70
1535,70
1488,68
1385,68
1326,61
1310,61
1460,67
1333,63
1494,70
1515,65
1430,67
1377,65
1368,65
1477,66
1485,70
1508,70
1364,63
1378,63
1476,69
1484,69
1477,68
1417,69
1442,67
1584,70
1288,63
1619,68
1283,62
1508,70
1416,66
1481,71
1496,67
1515,71
1361,64
1508,71
1369,64
1478,67
1558,70
1407,66
1440,66
1614,73
1517,71
1554,70
1446,67
1416,69
1401,67
1488,70
1592,73
1452,67
1378,67
1272,61
1465,69
1476,70
1439,65
1594,74
1570,69
1494,68
1594,72
1549,71
1427,64
1424,65
1512,70
1394,68
1509,72
1574,74
1592,72
1479,69
1575,73
1570,73
1329,64
1592,71
1444,67
1665,75
1400,66
1435,69
1552,70
1413,65
1655,73
1496,65
1645,71
1669,76
1456,66
1563,73
1492,69
1531,67
1334,60
1327,61
1520,68
1427,66
1527,72
1345,62
1404,65
1594,71
1556,73
1424,67
1513,69
1510,69
1581,73
1460,66
1590,72
1483,68
1377,66
1454,68
1386,64
1388,64
1561,69
1399,66
1299,64
1235,59
1416,63
1619,73
1435,66
1334,62
1672,73
1495,67
1456,68
1418,65
1475,67
1335,62
1479,69
1364,65
1692,73
1500,69
1433,66
1423,65
1337,67
1582,73
1489,70
1478,72
1245,61
1497,70
1396,65
1399,63
1393,64
1398,62
1425,69
1479,66
1638,71
1493,70
1390,63
1618,71
1382,64
1526,71
1516,69
1253,60
1642,73
1417,67
1449,66
1507,73
1477,66
1595,71
1394,62
1422,64
1515,69
1379,62
1618,74
1648,72
1536,70
1634,72
1305,62
1439,68
1324,65
1409,65
1536,69
1466,66
1366,64
1387,67
1459,68
1370,62
1467,68
1383,65
1426,66
1600,73
1615,69
1516,69
1612,72
1540,71
1297,60
1555,72
1429,66
1502,71
1563,70
1516,70
1388,62
1588,72
1441,66
1413,66
1449,64
1391,67
1394,64
1525,68
1535,71
1484,66
1516,72
1589,69
1564,69
1558,69
1584,72
1499,66
1506,66
1499,68
1518,67
1505,66
1326,62
1553,72
1548,70
1478,69
1308,65
1557,72
1624,70
1440,67
1587,72
1488,68
1588,73
1442,65
1618,72
1455,67
1674,73
1361,64
1439,70
1412,65
1415,64
1545,70
1334,63
1510,68
1385,65
1569,70
1273,61
1553,69
1247,62
1327,61
1468,71
1319,63
1472,70
1288,58
1339,63
1472,68
1542,71
1372,63
1496,68
1361,60
1595,74
1417,68
1519,66
1492,68
1383,65
1453,65
1429,67
1396,67
1444,67
1636,75
1493,67
1616,71
1371,65
1404,65
1395,65
1314,64
1486,69
1353,65
1471,63
1517,68
1354,65
1327,65
1606,70
1403,67
1476,71
1386,61
1495,71
1577,70
1351,65
1396,66
1376,62
1478,64
1429,66
1572,70
1640,74
1416,67
1512,70
1373,63
1235,61
1461,69
1353,62
1467,67
1320,63
1458,68
1587,66
1530,70
1418,67
1321,60
1421,67
1550,69
1370,65
1476,69
1424,67
1431,67
1452,67
1364,67
1570,72
1415,67
1634,71
1341,67
1536,70
1347,62
1483,70
1473,68
1317,63
1401,62
1514,70
1340,64
1337,63
1560,71
1366,65
1336,64
1517,71
1328,62
1520,68
1544,70
1395,65
1410,65
1527,71
1429,65
1491,69
1546,71
1604,71
1627,74
1515,69
1470,65
1515,70
1488,69
1582,71
1601,73
1477,69
1481,68
1428,68
1320,66
1215,60
1486,72
1405,68
1629,72
1523,68
1342,67
1333,61
1464,65
1461,66
1429,70
1504,65
1567,71
1432,67
1424,65
1449,65
1363,64
1268,61
1424,63
1603,71
1428,67
1426,63
1540,72
1463,69
1461,70
1567,70
1465,66
1367,65
1429,67
1353,65
1345,61
1439,66
1328,61
1553,69
1586,70
1404,65
1564,71
1481,68
1475,72
1387,62
1320,62
1312,61
1556,71
1577,70
1560,69
1644,72
1560,69
1567,71
1377,67
1448,66
1536,71
1483,67
1453,66
1470,66
1437,65
1415,65
1374,65
1479,67
1521,71
1503,71
1355,65
1512,68
1407,66
1707,76
1423,66
1422,68
1429,67
1433,69
1640,72
1309,63
1660,76
1553,72
1443,68
1552,69
1426,61
1542,70
1595,72
1716,75
1632,74
1520,72
1539,68
1410,61
1553,68
1473,67
1584,72
1389,62
1464,65
1617,73
1416,66
1481,68
1529,67
1600,76
1548,70
1504,68
1543,71
1589,72
1597,72
1451,63
1513,69
1560,72
1352,67
1448,65
1621,73
1327,64
1508,71
1402,69
1580,73
1362,65
1417,62
1257,63
1506,72
1513,72
1577,75
1313,65
1307,62
1520,72
1403,68
1406,70
1438,69
1560,73
1502,71
1597,74
1426,69
1624,72
1722,74
1511,71
1542,72
1529,69
1572,68
1378,65
1479,69
1479,69
1474,73
1591,76
1531,69
1523,68
1528,70
1572,74
1624,74
1565,73
1306,59
1330,63
1522,69
1368,65
1441,65
1764,77
1316,62
1455,66
1504,68
1441,65
1435,66
1718,72
1403,66
1354,62
1602,72
1818,75
1503,67
1480,66
1437,66
1489,62
1620,72
1727,75
1295,59
1547,68
1509,69
1312,63
1542,68
1514,68
1701,73
1577,70
1541,68
1639,69
1417,63
1588,68
1558,67
1627,68
1488,64
1595,72
1650,71
1350,60
1488,68
1441,66
1576,71
1659,70
1421,65
1580,69
1594,72
1493,66
1656,75
1668,73
1644,71
1687,74
1722,75
1573,70
1275,62
1472,66
1527,71
1711,75
1350,67
1421,66
1407,64
1533,67
1464,67
1453,64
1560,67
1672,74
1480,65
1453,65
1510,68
1615,69
1498,66
1470,64
1357,60
1766,77
1591,69
1458,63
1708,74
1618,74
1584,71
1622,72
1591,70
1600,66
1554,69
1613,72
1554,69
1681,71
1489,66
1722,75
1643,72
1480,70
1781,76
1392,66
1408,64
1668,71
1578,71
1520,70
1594,73
1513,64
1516,68
1697,74
1552,69
1558,70
1597,68
1466,67
1446,62
1660,73
1556,68
1582,68
1531,71
1497,67
1651,74
1622,69
1476,66
1723,73
1339,60
1467,65
1646,72
1613,69
1432,64
1685,73
1544,68
1539,67
1527,62
1652,70
1377,63
1530,67
1664,73
1768,76
1652,74
1527,70
1421,66
1583,70
1670,71
1535,69
1630,71
1545,71
1448,67
1582,69
1758,72
1591,71
1509,68
1468,67
1494,68
1442,68
1494,68
1513,66
1580,68
1395,63
1815,77
1658,72
1475,65
1451,66
1462,63
1617,74
1401,65
1605,71
1716,76
1445,62
1479,67
1568,69
1756,76
1695,76
1491,67
1759,73
1453,65
1652,71
1596,71
1555,71
1352,62
1502,68
1662,74
1511,67
1574,70
1307,61
1622,72
1658,72
1589,66
1445,67
1530,70
1685,71
1393,63
1663,73
1665,71
1541,67
1412,64
1515,70
1540,69
1467,66
1562,69
1604,72
1497,66
1395,65
1636,69
1648,70
1495,68
1670,72
1495,70
1372,64
1669,71
1517,65
1712,74
1658,73
1678,74
1602,67
1489,68
1449,67
1661,73
1392,66
1617,72
1493,67
1527,67
1701,74
1365,63
1505,65
1637,72
1765,77
1663,70
1596,71
1609,70
1619,73
1582,69
1445,63
1595,69
1780,76
1599,72
1609,71
1421,65
1426,64
1534,68
1746,75
1517,68
1531,69
1617,69
1688,73
1599,70
1452,66
1386,65
1641,72
1371,59
1736,72
1349,58
1462,65
1503,67
1731,76
1720,76
1596,70
1605,70
1601,72
1635,71
1644,69
1349,62
1438,63
1626,71
1617,68
1609,71
1489,67
1478,69
1464,68
1451,66
1482,69
1462,66
1437,65
1677,74
1349,61
1615,70
1514,68
1492,67
1595,70
1480,66
1693,72
1662,73
1561,69
1430,65
1760,75
1405,66
1520,68
1581,69
1498,66
1432,65
1646,72
1489,67
1571,71
1585,72
1566,70
1817,77
1352,64
1543,68
1611,71
1474,65
1474,65
1590,71
1500,66
1574,69
1676,73
1583,70
1418,67
1388,63
1507,67
1523,68
1485,65
1467,67
1490,70
1515,67
1644,71
1517,71
1405,64
1555,69
1520,69
1498,67
1512,68
1470,69
1352,63
1672,71
1486,67
1608,73
1644,72
1539,67
1636,71
1628,69
1630,71
1683,73
1730,74
1501,67
1418,65
1702,71
1626,72
1624,71
1399,65
1696,69
1593,69
1512,70
1570,70
1354,60
1564,69
1576,71
1485,66
1501,68
1561,67
1433,68
1680,75
1652,73
1688,71
1555,71
1542,69
1510,67
1714,73
1510,66
1419,67
1702,74
1464,64
1646,71
1708,72
1318,60
1377,63
1687,74
1661,70
1548,69
1604,71
1451,65
1619,70
1471,65
1842,77
1574,69
1340,63
1580,68
1780,77
1358,63
1732,74
1522,71
1416,65
1449,69
1630,71
1333,64
1396,65
1542,69
1707,76
1559,68
1708,74
1382,65
1600,68
1521,66
1364,63
1425,65
1618,73
1656,72
1736,75
1565,69
1562,71
1409,65
1584,70
1715,72
1476,67
1440,66
1440,65
1624,71
1466,61
1557,70
1658,73
1525,69
1606,72
1571,69
1735,75
1454,66
1730,74
1407,63
1385,61
1375,64
1593,72
1398,61
1625,74
1381,62
1655,72
1522,68
1493,64
1540,69
1519,67
1662,73
1539,67
1219,60
1635,72
1603,72
1502,68
1541,67
1494,64
1521,68
1399,64
1470,64
1590,71
1468,68
1618,71
1638,73
1749,76
1589,72
1665,73
1706,76
1323,66
1660,74
1548,71
1590,69
1529,66
1561,67
1664,75
1533,67
1261,58
1345,62
1547,68
1410,65
1397,63
1494,63
1526,67
1375,63
1631,73
1618,74
1619,74
1556,72
1606,70
1506,69
1610,73
1483,64
1600,70
1508,69
1409,65
1485,67
1720,76
1459,66
1595,69
1634,74
1579,68
1473,67
1518,67
1424,64
1534,68
1367,61
1562,70
1556,67
1514,69
1697,74
1597,73
1614,69
1501,68
1539,70
1631,73
1595,68
1455,69
1558,70
1414,65
1528,69
1617,71
1497,69
1430,62
1601,72
1535,72
1683,72
1528,68
1494,69
1505,68
1714,75
1459,65
1646,72
1707,75
1465,66
1462,64
1700,74
1595,72
1465,65
1445,65
1623,72
1642,71
1408,65
1512,68
1572,69
1572,71
1410,66
1680,73
1523,71
1635,73
1566,70
1507,70
1658,73
1607,68
1294,63
1408,60
1538,72
1562,67
1482,67
1555,67
1658,72
1750,76
1510,70
1656,72
1605,68
1536,69
1689,72
1549,68
1678,75
1586,69
1683,73
1528,63
1297,61
1380,58
1482,67
1612,71
1421,66
1356,62
1538,69
1658,74
1482,68
1562,68
1350,62
1417,65
1546,66
1601,70
1558,68
1685,73
1677,73
1796,77
1548,68
1540,70
1801,79
1431,65
1651,74
1717,75
1337,62
1529,68
1418,63
1704,74
1606,69
1411,64
1460,65
1620,71
1641,74
1657,73
1592,72
1507,65
1439,67
1609,69
1614,73
1422,63
1600,72
1499,69
1685,73
1493,66
1677,74
1516,70
1418,64
1540,71
1600,74
1659,71
1678,74
1371,63
1465,65
1675,74
1537,72
1781,78
1549,72
1692,73
1620,74
1621,72
1459,64
1319,61
1553,68
1549,66
1578,69
1544,70
1563,67
1611,70
1418,65
1584,72
1630,70
1486,68
1446,65
1669,74
1582,72
1583,70
1386,64
1663,73
1605,72
1468,68
1583,72
1530,69
1520,66
1456,68
1492,69
1595,70
1747,72
1533,69
1658,73
1515,67
1537,70
1350,64
1801,77
1531,71
1477,66
1504,66
1617,72
1712,76
1492,67
1391,63
1487,65
1485,65
1384,62
1394,60
1747,72
1609,70
1639,73
1596,71
1651,72
1433,66
1639,75
1611,69
1545,72
1652,70
1570,70
1622,73
1420,65
1609,71
1591,71
1639,72
1495,64
1640,71
1458,62
1680,72
1529,68
1587,69
1549,70
1752,74
1505,70
1418,63
1547,70
1509,63
1543,68
1479,66
1614,70
1583,69
1679,76
1398,66
1600,68
1711,77
1459,66
1660,71
1695,73
1686,74
1440,64
1503,69
1461,67
1503,69
1664,73
1357,61
1592,69
1548,69
1256,62
1360,65
1459,64
1489,66
1530,66
1604,72
1473,67
1598,70
1688,74
1475,68
1613,70
1586,68
1573,68
1557,70
1493,65
1420,66
1490,67
1610,71
1583,68
1491,69
1705,73
1636,67
1567,71
1627,74
1572,71
1374,62
1529,68
1613,72
1674,70
1290,60
1516,67
1728,75
1403,65
1521,69
1522,70
1459,65
1554,67
1639,71
1343,61
1550,68
1474,70
1592,69
1635,73
1579,69
1646,70
1715,72
1630,71
1481,67
1629,71
1245,61
1614,72
1535,71
1795,75
1501,67
1681,69
1537,69
1684,74
1817,77
1436,63
1768,75
1454,63
1434,63
1452,66
1646,72
1505,64
1476,66
1620,69
1682,75
1558,73
1476,67
1589,69
1523,70
1549,69
1704,74
1695,73
1627,74
1499,68
1429,67
1570,72
1568,71
1498,66
1410,64
1603,70
1527,61
1431,64
1487,70
1351,63
1723,71
1530,71
1311,64
1605,69
1667,72
1346,61
1523,67
1610,72
1551,69
1565,70
1547,69
1445,64
1527,69
1607,71
1586,68
1383,61
1651,75
1470,65
1477,66
1548,68
1402,65
1424,66
1511,68
1478,69
1330,62
1382,66
1402,66
1543,69
1501,66
1630,71
1513,71
1649,74
1490,68
1605,69
1469,70
1515,67
1723,73
1473,67
1534,65
1519,72
1639,71
1603,70
1572,67
1451,65
1375,63
1464,68
1635,74
1613,68
1578,67
1513,68
1549,71
1530,65
1329,62
1791,78
1378,64
1464,70
1623,69
1443,67
1767,75
1542,67
1385,64
1352,63
1521,70
1349,65
1463,66
1702,74
1426,67
1519,68
1563,70
1511,70
1727,76
1655,71
1741,74
1447,70
1482,69
1484,68
1364,62
1432,64
1545,71
1634,71
1623,69
1593,68
1573,68
1388,66
1523,66
1434,66
1671,71
1704,75
1578,71
1602,71
1343,60
1572,71
1525,67
1502,68
1544,68
1692,72
1377,64
1515,68
1442,64
1497,70
1521,67
1392,63
1467,69
1580,67
1456,67
1484,64
1500,69
1763,75
1479,68
1625,69
1467,65
1335,61
1627,73
1520,70
1420,60
1630,73
1512,64
1661,72
1612,73
1445,65
1545,70
1437,64
1273,58
1560,67
1467,66
1653,73
1695,71
1331,62
1409,66
1749,77
1669,71
1532,68
1625,73
1521,71
1568,71
1614,71
1476,66
1478,65
1614,70
1558,72
1614,72
1527,70
1610,73
1610,72
1748,72
1517,65
1581,71
1472,68
1581,72
1399,63
1374,61
1505,67
1575,71
1506,67
1624,73
1362,63
1678,74
1390,63
1611,72
1326,62
1799,77
1470,71
1474,66
1564,68
1600,73
1387,62
1518,66
1681,73
1587,73
1420,63
1380,62
1606,72
1763,76
1597,71
1408,65
1705,76
1443,66
1513,70
1779,79
1537,71
1524,70
1497,69
1474,69
1680,73
1704,73
1434,69
1616,73
1457,67
1579,71
1466,70
1502,71
1579,73
1691,73
1522,68
1638,73
1509,68
1424,64
1411,66
1615,71
1708,75
1543,70
1451,67
1614,67
1373,61
1545,68
1490,68
1513,72
1531,72
1526,71
1473,67
1430,68
1532,68
1460,68
1608,70
1438,67
1613,71
1477,63
1624,73
1514,71
1637,71
1588,71
1590,69
1633,73
1549,69
1658,74
1561,70
1595,69
1634,71
1591,70
1577,74
1461,68
1648,73
1555,71
1524,67
1709,74
1419,68
1555,71
1313,62
1429,63
1530,69
1742,76
1547,68
1534,70
1570,73
1568,71
1619,74
1533,71
1592,72
1462,67
1625,73
1529,70
1600,71
1674,73
1503,68
1593,73
1590,72
1576,70
1595,70
1459,67
1553,71
1538,69
1530,71
1792,77
1600,70
1441,67
1496,67
1596,68
1490,66
1439,65
1389,65
1521,67
1696,74
1602,74
1528,70
1419,65
1686,75
1689,74
1739,76
1582,69
1469,69
1469,65
1614,73
1358,66
1375,64
1567,66
1481,66
1403,65
1677,75
1749,77
1701,75
1381,66
1562,66
1563,67
1419,67
1448,66
1487,69
1660,74
1567,72
1582,70
1601,71
1523,70
1345,65
1457,65
1449,67
1380,66
1568,68
1621,72
1506,69
1503,69
1568,70
1471,69
1537,72
1543,70
1551,66
1652,75
1714,76
1417,63
1571,72
1646,71
1599,70
1694,75
1587,71
1519,71
1665,72
1590,69
1607,71
1634,69
1471,66
1593,72
1742,77
1508,70
1445,66
1719,77
1470,69
1730,72
1727,75
1517,71
1435,67
1498,69
1443,69
1794,77
1483,68
1392,62
1556,68
1615,74
1483,68
1664,72
1382,65
1612,73
1679,74
1399,64
1511,69
1511,70
1635,71
1667,74
1620,71
1434,67
1612,73
1628,74
1610,75
1674,73
1535,71
1549,69
1632,72
1732,76
1714,75
1362,65
1651,73
1502,68
1467,68
1610,70
1574,71
1542,70
1493,66
1507,67
1572,72
1401,62
1531,70
1547,69
1705,74
1569,73
1313,59
1579,73
1620,72
1652,72
1520,67
1703,77
1530,71
1557,73
1522,67
1559,69
1528,67
1706,77
1428,66
1293,61
1580,71
1562,71
1517,71
1356,63
1677,75
1441,68
1650,72
1609,72
1531,70
1495,68
1644,73
1557,71
1379,66
1529,69
1501,68
1589,69
1333,62
1448,66
1413,66
1565,70
1618,74
1569,71
1416,67
1425,67
1644,73
1487,70
1586,72
1569,70
1646,73
1668,71
1353,63
1679,76
1563,71
1571,72
1623,74
1546,67
1647,76
1679,72
1512,65
1684,72
1416,67
1572,71
1603,73
1540,70
1514,71
1648,75
1354,58
1664,72
1562,69
1427,67
1573,67
1678,71
1410,63
1402,63
1553,71
1609,70
1370,65
1672,74
1425,63
1686,73
1569,66
1816,76
1524,71
1632,71
1685,71
1534,73
1530,70
1624,71
1660,72
1497,69
1495,70
1426,71
1478,69
1318,64
1428,68
1504,69
1482,68
1521,70
1555,69
1345,63
1572,71
1512,71
1468,68
1676,75
1334,67
1498,69
1538,71
1411,64
1468,69
1599,73
1450,65
1557,70
1607,70
1370,65
1431,66
1541,69
1610,72
1635,72
1498,65
1417,65
1481,67
1549,73
1534,69
1603,70
1632,69
1549,70
1666,74
1427,63
1582,71
1635,71
1656,72
1521,67
1514,72
1713,73
1456,64
1544,70
1506,69
1508,68
1410,64
1498,72
1559,67
1483,63
1470,67
1580,71
1463,65
1569,73
1381,64
1384,64
1623,68
1652,70
1533,69
1577,71
1676,70
1439,65
1497,68
1606,71
1520,69
1503,68
1650,71
1452,70
1551,68
1534,67
1740,73
1482,67
1785,80
1319,65
1659,75
1729,77
1405,68
1534,69
1637,72
1354,65
1479,68
1410,68
1478,66
1577,73
1381,64
1503,69
1616,73
1671,74
1405,64
1592,73
1720,75
1617,72
1476,67
1419,66
1429,67
1369,65
1709,77
1526,70
1499,68
1552,70
1452,66
1708,78
1494,69
1414,69
1568,70
1571,73
1617,74
1518,70
1557,72
1667,73
1409,66
1431,66
1565,73
1443,66
1541,70
1629,75
1484,65
1676,74
1514,70
1611,73
1671,75
1604,76
1690,75
1639,75
1524,68
1652,76
1544,68
1458,66
1541,70
1497,68
1392,63
1390,63
1552,71
1742,76
1559,69
1474,66
1434,64
1529,70
1484,69
1366,64
1430,70
1581,70
1496,69
1579,70
1456,67
1583,71
1690,73
1547,70
1589,70
1531,68
1362,64
1290,65
1566,68
1585,70
1484,70
1628,70
1606,71
1511,70
1707,78
1494,71
1680,75
1424,66
1486,71
1660,72
1594,72
1568,69
1548,71
1468,68
1421,66
1512,68
1695,76
1621,73
1459,71
1578,69
1591,70
1570,72
1656,74
1437,65
1483,71
1637,72
1419,66
1588,72
1517,67
1504,68
1511,69
1501,69
1540,69
1661,73
1667,71
1534,67
1718,75
1531,68
1616,70
1656,71
1589,73
1428,69
1513,67
1351,64
1649,76
1475,70
1393,66
1637,73
1554,71
1637,72
1606,72
1660,74
1490,69
1471,69
1761,74
1526,71
1614,70
1722,75
1673,72
1710,77
1509,72
1360,62
1587,71
1475,71
1453,67
1524,71
1558,74
1581,70
1512,67
1513,69
1509,72
1538,67
1491,63
1583,74
1469,66
1456,68
1662,74
1590,70
1681,76
1485,69
1454,65
1316,60
1442,71
1557,70
1574,69
1494,68
1610,72
1585,69
1649,73
1600,72
1513,70
1434,64
1532,68
1481,69
1567,72
1591,68
1752,77
1452,65
1785,79
1746,76
1572,72
1426,65
1654,75
1478,69
1628,75
1417,63
1513,70
1693,77
1437,68
1444,67
1701,77
1604,73
1527,67
1583,72
1603,69
1676,73
1477,70
1461,66
1563,70
1549,68
1653,72
1549,70
1259,62
1451,63
1649,71
1589,71
1541,69
1448,67
1416,68
1652,71
1492,68
1487,68
1621,72
1604,74
1477,69
1665,75
1454,67
1442,66
1606,74
1540,70
1677,72
1602,70
1411,68
1411,67
1419,62
1576,72
1471,67
1454,66
1577,72
1656,72
1358,65
1411,66
1564,70
1613,72
1550,72
1519,70
1607,71
1662,75
1390,63
1628,70
1396,68
1396,62
1435,67
1532,69
1403,68
1391,65
1523,69
1603,74
1624,73
1454,67
1421,67
1334,66
1611,73
1622,74
1547,69
1440,66
1558,73
1513,69
1433,65
1312,64
1465,68
1502,68
1553,69
1457,67
1641,73
1509,70
1536,71
1577,73
1338,64
1444,64
1630,72
1376,68
1620,73
1365,66
1636,74
1356,64
1662,74
1544,68
1577,71
1513,69
1542,70
1646,73
1669,76
1664,75
1602,71
1445,67
1640,75
1387,66
1587,72
1574,70
1661,72
1396,67
1508,69
1550,70
1589,69
1440,63
1545,71
1519,69
1504,67
1613,73
1480,69
1638,74
1639,73
1484,69
1656,74
1354,65
1605,71
1493,64
1618,73
1586,72
1281,64
1284,62
1412,67
1546,72
1358,63
1554,68
1659,74
1584,70
1567,71
1469,69
1319,60
1623,72
1424,64
1537,70
1654,72
1556,70
1614,73
1515,70
1609,73
1489,66
1507,67
1395,63
1490,68
1803,79
1543,71
1728,73
1640,70
1696,75
1489,69
1729,76
1332,59
1716,75
1659,76
1576,72
1524,71
1535,68
1481,67
1609,72
1555,71
1618,74
1725,77
1489,67
1621,74
1412,66
1687,72
1377,64
1374,62
1685,76
1641,75
1453,65
1406,65
1405,67
1566,72
1396,66
1461,65
1465,68
1501,71
1727,75
1552,68
1680,75
1584,73
1466,63
1469,68
1343,61
1425,65
1623,73
1556,71
1588,70
1654,70
1706,74
1500,69
1645,73
1609,71
1513,69
1465,68
1513,70
1532,71
1415,67
1536,71
1544,65
1593,73
1751,75
1715,73
1671,75
1519,73
1646,73
1556,71
1357,65
1542,72
1639,72
1502,72
1577,73
1359,63
1438,63
1395,63
1649,69
1673,73
1505,69
1592,70
1379,65
1709,78
1700,75
1508,66
1487,66
1548,70
1460,71
1517,69
1436,68
1519,66
1429,65
1456,70
1511,69
1651,75
1476,69
1507,71
1538,71
1497,67
1569,68
1485,68
1726,76
1513,70
1489,69
1611,70
1407,65
1546,69
1641,71
1810,80
1589,71
1588,67
1517,69
1430,65
1448,66
1491,67
1664,75
1640,74
1580,70
1450,68
1770,76
1619,72
1258,62
1477,65
1547,72
1598,72
1544,66
1462,65
1625,71
1561,70
1509,69
1526,67
1348,65
1455,65
1428,65
1518,68
1580,72
1540,71
1587,73
1533,68
1597,71
1594,71
1735,77
1477,66
1314,66
1606,69
1540,69
1708,76
1462,65
1603,72
1588,70
1560,70
1516,70
1535,70
1644,75
1600,71
1381,63
1556,70
1477,69
1400,64
1417,65
1621,72
1532,70
1506,65
1362,66
1458,64
1526,71
1404,67
1449,66
1619,74
1536,72
1475,68
1633,71
1701,73
1569,73
1455,65
1724,75
1585,71
1476,67
1412,67
1605,71
1685,77
1564,73
1473,64
1574,70
1533,72
1568,73
1662,73
1628,75
1743,75
1728,77
1550,72
1482,65
1465,66
1475,68
1397,64
1705,77
1649,74
1364,64
1602,75
1454,70
1498,68
1565,71
1551,71
1543,69
1618,72
1584,71
1466,64
1409,67
1615,72
1435,61
1541,70
1437,67
1508,70
1321,65
1302,64
1606,74
1445,71
1516,70
1551,70
1830,78
1445,67
1286,61
1551,71
1592,69
1502,70
1403,62
1600,72
1635,72
1557,71
1465,69
1698,75
1354,66
1678,75
1653,76
1623,74
1666,75
1552,68
1457,68
1508,68
1384,63
1518,72
1506,68
1656,73
1508,66
1490,68
1598,71
1542,69
1290,62
1476,71
1722,78
1649,72
1632,73
1742,76
1563,71
1412,63
1393,67
1630,74
1508,70
1536,70
1580,72
1613,72
1400,68
1510,69
1446,65
1554,71
1568,72
1440,67
1509,69
1527,70
1539,67
1657,74
1527,71
1384,64
1463,63
1506,67
1420,67
1382,65
1403,65
1491,69
1611,73
1553,69
1593,71
1367,65
1540,70
1584,71
1479,66
1479,67
1358,66
1524,66
1469,67
1787,78
1336,63
1342,65
1501,67
1569,71
1340,64
1599,72
1561,70
1489,66
1640,73
1504,71
1515,68
1398,64
1661,75
1533,68
1643,73
1231,60
1279,62
1582,70
1498,69
1487,69
1742,74
1694,76
1464,70
1444,68
1709,74
1563,71
1486,67
1522,67
1443,66
1506,68
1580,68
1587,70
1504,69
1507,68
1455,67
1637,74
1507,69
1426,65
1379,66
1659,73
1571,72
1693,74
1640,71
1555,71
1595,72
1684,78
1535,70
1654,74
1571,69
1653,74
1521,71
1403,65
1249,61
1579,71
1485,68
1591,72
1573,71
1641,72
1498,69
1450,65
1483,70
1655,75
1512,70
1715,75
1459,67
1559,70
1522,70
1569,71
1326,61
1502,69
1622,73
1564,71
1452,68
1767,78
1595,72
1716,76
1599,69
1499,67
1489,67
1434,66
1483,69
1403,65
1532,70
1448,62
1596,75
1575,70
1619,74
1622,70
1517,66
1541,72
1562,69
1581,70
1714,73
1549,69
1492,71
1460,67
1436,65
1533,70
1325,56
1551,67
1638,72
1694,77
1663,75
1593,70
1476,68
1475,66
1405,67
1569,73
1529,70
1581,73
1740,75
1611,73
1582,73
1470,65
1297,61
1541,70
1533,68
1685,76
1672,73
1480,64
1504,73
1568,73
1490,68
1341,63
1455,68
1593,72
1442,64
1709,76
1620,72
1760,77
1518,70
1621,75
1698,73
1518,68
1529,69
1540,73
1628,75
1414,66
1564,74
1544,66
1601,68
1474,69
1551,67
1710,75
1517,69
1639,76
1576,67
1584,73
1651,72
1523,70
1582,73
1612,71
1469,66
1571,73
1522,69
1690,74
1527,70
1526,70
1434,66
1440,67
1314,62
1318,66
1557,70
1441,66
1425,64
1366,58
1613,74
1381,67
1424,65
1455,68
1575,70
1362,64
1477,69
1293,64
1475,66
1413,65
1316,64
1633,73
1564,67
1509,67
1657,74
1677,72
1378,64
1634,72
1401,66
1297,59
1518,69
1396,66
1430,67
1628,72
1440,65
1476,70
1725,77
1366,65
1511,70
1574,71
1482,66
1438,66
1607,73
1578,72
1559,71
1552,70
1499,68
1501,72
1619,72
1535,70
1559,74
1494,64
1374,66
1668,75
1518,66
1609,74
1653,73
1412,65
1496,66
1496,70
1564,67
1587,71
1675,74
1431,64
1648,73
1439,66
1715,77
1547,71
1492,67
1369,66
1413,66
1615,73
1320,63
1588,70
1416,65
1526,69
1372,65
1528,69
1539,72
1677,77
1548,71
1548,68
1454,69
1685,76
1464,68
1649,72
1535,67
1565,72
1506,70
1588,70
1439,68
1559,72
1705,74
1490,67
1628,74
1447,68
1588,73
1598,70
1532,73
1499,69
1466,66
1496,67
1540,68
1683,73
1695,74
1421,65
1676,75
1505,68
1536,71
1685,77
1631,74
1514,69
1471,68
1429,64
1436,66
1562,69
1494,63
1480,67
1607,74
1784,75
1494,65
1472,68
1744,78
1506,66
1579,68
1579,71
1533,70
1662,75
1641,73
1622,72
1370,65
1664,74
1555,70
1629,74
1488,69
1421,66
1592,69
1490,67
1579,73
1573,70
1648,75
1434,62
1669,74
1676,75
1555,69
1403,62
1610,70
1481,69
1554,70
1542,68
1430,65
1428,65
1493,67
1459,68
1762,80
1513,71
1488,66
1452,67
1496,72
1315,64
1643,75
1404,66
1565,73
1748,77
1673,78
1432,68
1391,65
1513,67
1733,74
1450,70
1337,65
1469,69
1610,71
1514,67
1520,64
1492,69
1577,72
1514,71
1482,71
1400,70
1617,75
1474,71
1496,68
1548,68
1604,76
1540,72
1533,71
1528,72
1513,67
1650,75
1674,76
1453,71
1605,74
1431,66
1498,71
1688,76
1389,63
1530,68
1491,70
1743,79
1721,79
1482,70
1548,70
1491,70
1401,63
1370,64
1447,70
1405,66
1432,67
1357,67
1612,71
1613,72
1360,61
1547,72
1302,65
1704,77
1438,64
1382,64
1484,68
1555,69
1452,64
1564,69
1520,68
1555,70
1548,72
1498,69
1515,67
1468,70
1573,71
1627,75
1638,75
1632,73
1543,73
1559,73
1438,67
1540,68
1667,75
1374,64
1720,78
1499,64
1503,67
1568,73
1674,74
1284,63
1430,70
1558,73
1420,66
1320,65
1695,77
1523,71
1555,74
1614,73
1611,71
1745,79
1500,70
1600,69
1465,68
1330,63
1424,70
1593,72
1642,75
1597,72
1627,71
1537,69
1405,66
1311,63
1444,68
1701,76
1681,74
1752,78
1589,74
1596,74
1518,67
1521,73
1613,74
1543,71
1498,68
1609,72
1587,73
1652,75
1416,67
1548,71
1532,69
1445,68
1485,69
1455,64
1392,63
1603,73
1438,67
1567,70
1489,69
1719,77
1640,72
1714,77
1696,75
1438,68
1529,67
1503,71
1633,74
1560,72
1656,77
1534,71
1620,73
1538,70
1558,71
1663,74
1386,65
1641,75
1733,78
1688,75
1565,72
1722,78
1485,69
1677,74
1568,72
1511,71
1284,63
1534,69
1535,69
1589,72
1528,71
1338,65
1517,68
1470,68
1452,67
1555,73
1505,73
1408,66
1656,73
1628,77
1498,70
1515,70
1515,67
1549,70
1570,71
1400,66
1420,66
1372,65
1489,66
1463,68
1610,74
1381,67
1345,66
1470,69
1647,74
1574,72
1676,76
1645,75
1383,66
1490,68
1757,78
1458,69
1467,67
1481,67
1552,73
1568,72
1429,70
1498,68
1569,70
1516,67
1570,70
1591,69
1476,68
1397,66
1331,65
1414,67
1413,67
1454,66
1719,75
1675,74
1484,68
1373,65
1541,71
1506,70
1465,68
1486,67
1534,70
1635,74
1523,69
1514,70
1572,73
1353,62
1700,76
1499,69
1680,77
1460,70
1488,70
1456,69
1586,69
1471,66
1445,64
1593,74
1772,80
1472,70
1533,69
1382,66
1643,71
1473,69
1518,70
1428,69
1501,68
1488,70
1673,77
1476,70
1557,71
1489,69
1496,66
1387,65
1303,62
1618,74
1473,69
1617,75
1425,66
1528,70
1381,67
1415,68
1544,71
1578,71
1477,68
1493,68
1405,64
1352,65
1690,75
1475,66
1639,72
1526,74
1407,66
1510,69
1656,76
1200,59
1388,65
1578,71
1507,68
1591,73
1541,71
1358,65
1623,73
1522,69
1636,74
1415,63
1495,64
1540,71
1379,63
1504,71
1377,61
1457,63
1608,71
1460,67
1476,67
1280,65
1585,72
1349,62
1506,69
1476,68
1495,65
1411,64
1497,72
1594,73
1555,67
1256,61
1551,73
1595,73
1476,66
1598,74
1377,65
1523,70
1406,68
1359,66
1509,70
1383,63
1255,61
1773,79
1438,68
1447,66
1692,73
1557,72
1422,69
1506,69
1523,69
1384,66
1526,73
1502,66
1451,66
1395,64
1650,71
1410,62
1536,70
1569,73
1649,74
1420,65
1449,66
1503,70
1680,74
1526,68
1439,67
1432,68
1540,70
1501,69
1523,68
1659,74
1586,72
1411,64
1530,70
1529,72
1550,69
1474,69
1449,66
1450,66
1265,62
1604,72
1618,73
1654,77
1501,66
1468,70
1506,68
1447,65
1607,69
1474,62
1466,72
1461,69
1555,71
1432,66
1570,71
1494,70
1453,69
1505,69
1612,72
1395,66
1568,72
1403,66
1503,70
1407,63
1367,63
1472,69
1589,74
1575,68
1558,68
1736,78
1427,68
1362,63
1478,69
1654,73
1467,70
1506,67
1307,64
1663,74
1627,72
1524,71
1630,73
1500,68
1357,67
1307,62
1653,73
1611,74
1738,79
1637,75
1449,68
1532,73
1675,75
1564,74
1610,74
1614,72
1319,64
1739,78
1634,75
1573,71
1652,75
1557,74
1622,72
1312,64
1516,68
1689,78
1351,64
1521,66
1515,71
1505,71
1513,70
1518,71
1510,71
1562,71
1491,67
1548,71
1614,73
1395,67
1332,64
1525,67
1540,70
1379,62
1491,68
1592,71
1618,74
1493,68
1700,78
1670,74
1613,72
1482,71
1554,70
1393,65
1539,70
1506,69
1481,67
1542,69
1618,74
1441,68
1679,76
1585,72
1478,66
1559,70
1565,68
1483,70
1312,65
1486,70
1663,76
1387,65
1744,78
1387,66
1483,68
1396,64
1605,73
1583,71
1339,66
1556,71
1484,71
1601,69
1583,71
1504,70
1418,67
1523,71
1571,73
1634,74
1448,71
1627,77
1640,73
1426,67
1446,64
1633,77
1555,72
1363,68
1482,68
1628,74
1415,67
1370,69
1607,72
1556,74
1587,74
1488,69
1552,72
1546,69
1385,66
1481,68
1610,74
1449,68
1619,72
1573,69
1574,73
1358,64
1499,69
1547,71
1591,74
1356,61
1364,65
1674,76
1538,68
1494,70
1491,69
1569,71
1455,66
1694,74
1492,70
1606,74
1505,69
1738,79
1350,64
1489,69
1316,65
1411,68
1491,67
1391,68
1596,73
1422,67
1344,66
1446,65
1576,71
1365,66
1453,68
1568,71
1535,72
1530,72
1290,64
1415,68
1324,60
1477,68
1566,72
1358,63
1384,68
1348,62
1406,67
1395,65
1619,72
1535,70
1607,73
1654,76
1573,73
1406,69
1478,67
1289,64
1588,74
1380,66
1555,72
1602,74
1402,67
1661,74
1423,67
1581,74
1512,70
1551,70
1510,70
1503,67
1388,64
1469,66
1595,71
1401,69
1333,66
1708,78
1521,69
1584,74
1602,74
1747,77
1537,72
1397,63
1593,71
1506,70
1531,72
1344,62
1615,75
1470,65
1644,76
1648,72
1505,74
1485,68
1442,65
1595,72
1455,69
1456,71
1631,75
1405,67
1461,67
1526,71
1349,65
1582,71
1583,67
1639,71
1447,67
1582,73
1303,64
1542,69
1592,71
1347,64
1544,72
1309,63
1573,74
1449,65
1579,75
1505,68
1459,69
1537,72
1725,77
1464,67
1626,74
1550,69
1385,66
1396,63
1433,70
1745,79
1486,69
1632,73
1552,69
1325,66
1336,63
1347,67
1698,77
1556,69
1485,62
1463,72
1612,72
1681,77
1501,68
1269,61
1578,71
1585,72
1358,65
1383,68
1594,70
1507,69
1478,65
1465,68
1489,68
1625,72
1600,72
1610,75
1188,58
1613,73
1575,74
1523,72
1685,73
1584,73
1865,81
1316,64
1503,68
1385,66
1539,70
1749,76
1543,72
1471,69
1434,66
1732,78
1607,72
1401,65
1462,69
1575,72
1556,72
1502,73
1688,74
1590,73
1548,73
1680,73
1715,78
1596,72
1631,72
1306,65
1376,69
1612,73
1597,74
1561,72
1491,67
1482,68
1704,77
1565,69
1697,76
1531,69
1481,68
1400,69
1417,67
1692,74
1357,63
1439,69
1493,71
1478,70
1738,77
1290,65
1533,72
1327,64
1166,56
1534,70
1459,73
1482,70
1488,64
1519,67
1543,71
1395,66
1425,67
1495,69
1487,71
1429,68
1641,72
1452,67
1397,65
1748,76
1534,71
1447,67
1523,70
1523,69
1785,79
1716,76
1650,75
1356,64
1333,63
1609,74
1607,73
1446,71
1428,65
1441,67
1352,68
1425,66
1387,66
1728,78
1643,75
1403,67
1502,68
1448,69
1713,77
1559,71
1607,70
1621,74
1447,67
1339,65
1574,70
1678,76
1534,72
1603,73
1397,66
1392,66
1444,66
1630,72
1295,63
1563,73
1388,66
1413,67
1648,77
1674,77
1442,69
1468,67
1293,62
1538,69
1608,71
1405,65
1526,72
1591,73
1413,67
1563,72
1389,66
1511,72
1629,73
1463,69
1547,71
1506,68
1589,72
1388,64
1661,77
1486,71
1399,61
1365,65
1455,67
1635,72
1359,63
1525,68
1619,73
1394,66
1622,71
1606,74
1303,64
1581,73
1735,79
1522,72
1581,73
1251,61
1609,73
1460,68
1509,73
1547,71
1542,72
1645,73
1651,75
1475,69
1462,68
1544,70
1546,73
1580,71
1407,67
1552,74
1556,69
1644,75
1553,71
1597,74
1463,65
1528,69
1549,71
1269,61
1623,75
1463,65
1619,75
1450,65
1606,73
1290,64
1709,73
1414,67
1333,64
1903,82
1361,66
1357,63
1445,67
1470,70
1543,70
1406,66
1391,66
1326,64
1341,69
1697,76
1470,69
1328,65
1509,69
1428,65
1636,73
1322,66
1310,66
1530,72
1328,64
1583,72
1582,72
1444,65
1599,72
1330,65
1372,66
1265,64
1518,71
1808,79
1508,72
1394,66
1528,68
1274,61
1612,68
1580,70
1494,71
1345,65
1302,62
1361,67
1653,73
1539,70
1709,77
1664,75
1540,73
1493,68
1625,73
1695,75
1681,75
1360,65
1679,76
1477,69
1504,68
1530,69
1506,66
1838,80
1576,72
1454,67
1442,67
1498,68
1402,67
1293,62
1558,71
1716,76
1578,72
1326,65
1443,68
1342,64
1401,67
1515,70
1541,72
1400,66
1511,72
1293,63
1373,63
1474,66
1601,73
1168,62
1573,73
1354,61
1442,66
1522,69
1628,73
1422,67
1491,69
1267,64
1624,74
1634,75
1541,70
1494,67
1633,73
1542,71
1691,75
1659,76
1521,70
1629,73
1517,68
1439,68
1520,70
1497,68
1517,69
1528,69
1344,63
1416,65
1530,70
1410,68
1348,67
1484,68
1585,73
1412,68
1490,66
1613,71
1368,65
1428,68
1631,74
1706,76
1455,69
1465,65
1619,73
1567,71
1544,69
1411,69
1349,64
1685,76
1627,72
1584,73
1381,65
1550,72
1473,71
1552,70
1370,63
1510,68
1342,63
1566,70
1590,73
1241,62
1650,73
1598,73
1519,71
1474,69
1487,67
1438,67
1441,66
1364,64
1515,69
1688,75
1703,76
1672,75
1581,73
1516,70
1640,74
1641,74
1471,68
1599,70
1467,69
1547,71
1563,74
1507,67
1585,72
1218,60
1450,69
1202,62
1528,72
1538,70
1661,75
1530,70
1538,68
1505,70
1779,78
1489,67
1541,70
1624,74
1598,74
1286,63
1736,77
1414,67
1559,72
1327,65
1649,74
1572,74
1647,74
1544,72
1637,73
1535,72
1473,68
1550,71
1448,67
1350,65
1582,73
1489,68
1437,66
1550,70
1547,71
1719,76
1309,65
1637,74
1291,63
1447,67
1095,58
1626,74
1556,71
1506,69
1373,66
1639,75
1554,70
1443,66
1531,70
1493,71
1673,74
1667,73
1682,74
1750,78
1263,59
1715,76
1598,73
1615,74
1432,66
1472,69
1376,66
1519,70
1318,65
1424,69
1393,65
1541,70
1615,72
1716,77
1640,73
1572,70
1561,74
1345,64
1469,69
1556,73
1665,77
1639,73
1507,70
1676,77
1728,74
1547,72
1291,65
1707,77
1456,70
1544,68
1494,63
1496,68
1638,73
1569,72
1587,71
1338,65
1502,70
1451,67
1448,69
1522,67
1657,76
1358,64
1726,77
1857,82
1542,69
1387,66
1700,75
1460,68
1438,68
1462,68
1353,64
1517,68
1389,65
1314,63
1549,73
1710,74
1428,67
1674,73
1646,72
1474,71
1684,76
1498,70
1469,68
1593,73
1429,66
1393,65
1657,75
1526,69
1547,70
1574,71
1699,77
1421,66
1601,73
1521,69
1643,74
1651,76
1487,70
1309,62
1530,71
1453,70
1451,71
1349,63
1520,70
1550,70
1309,60
1462,67
1371,62
1487,70
1653,72
1522,70
1413,63
1413,66
1601,71
1290,61
1492,70
1342,66
1485,71
1537,71
1548,68
1265,64
1424,69
1589,73
1440,66
1261,64
1278,66
1538,71
1507,69
1597,73
1565,72
1642,74
1526,69
1523,72
1471,67
1429,68
1639,72
1469,70
1543,70
1493,70
1455,68
1598,73
1527,70
1341,67
1521,69
1353,64
1476,66
1506,71
1415,67
1695,74
1222,61
1564,69
1551,72
1542,71
1458,66
1427,67
1441,68
1387,65
1513,69
1480,68
1700,77
1486,66
1362,67
1586,74
1575,73
1628,72
1396,68
1627,74
1613,74
1380,66
1624,72
1435,66
1570,72
1614,74
1297,63
1793,78
1372,65
1602,75
1416,67
1534,73
1747,78
1499,71
1217,61
1463,69
1310,65
1499,70
1351,62
1411,67
1567,76
1442,69
1551,71
1632,74
1473,67
1525,69
1435,67
1633,73
1440,65
1460,68
1460,71
1356,66
1378,65
1400,67
1355,62
1692,76
1648,76
1699,77
1386,68
1462,68
1453,63
1293,64
1359,66
1481,70
1553,73
1352,63
1598,72
1416,68
1643,74
1517,70
1530,72
1524,69
1499,70
1771,79
1552,71
1510,67
1635,73
1691,78
1524,70
1587,71
1756,78
1483,68
1541,71
1451,69
1574,73
1461,67
1719,76
1762,76
1505,69
1730,76
1485,67
1479,71
1411,67
1609,72
1472,69
1457,69
1517,73
1394,66
1502,73
1539,72
1530,70
1463,68
1433,69
1448,69
1501,69
1447,68
1528,73
1507,70
1456,69
1723,76
1485,71
1656,76
1391,67
1528,69
1511,72
1590,71
1437,66
1499,67
1587,74
1703,76
1517,68
1656,76
1635,74
1553,67
1371,67
1653,76
1338,64
1590,73
1553,71
1506,68
1665,75
1343,62
1321,66
1398,67
1371,66
1593,74
1385,64
1412,65
1323,64
1309,61
1564,71
1439,68
1502,71
1356,66
1406,65
1520,70
1432,67
1486,69
1403,70
1318,62
1580,72
1253,60
1525,73
1172,57
1654,77
1469,66
1441,67
1512,72
1505,71
1204,61
1503,67
1515,70
1547,72
1469,70
1369,65
1660,72
1630,71
1521,72
1405,64
1519,71
1278,62
1600,73
1548,71
1375,64
1639,74
1517,71
1704,72
1640,76
1510,71
1411,69
1307,61
1619,72
1629,73
1479,69
1632,74
1389,66
1448,69
1649,78
1560,70
1665,77
1372,67
1494,71
1574,72
1507,70
1559,74
1864,81
1434,67
1605,72
1362,64
1640,74
1446,66
1627,74
1349,66
1528,72
1321,65
1617,72
1345,63
1684,77
1688,78
1612,74
1592,74
1436,65
1170,58
1476,69
1716,77
1593,74
1353,64
1371,66
1695,75
1298,64
1678,75
1518,70
1578,71
1560,74
1709,74
1739,80
1521,68
1421,65
1368,62
1319,64
1451,68
1473,69
1420,66
1579,71
1481,71
1679,76
1459,71
1663,75
1682,76
1606,75
1425,63
1717,77
1582,73
1536,73
1550,73
1541,70
1627,75
1212,64
1461,68
1590,74
1318,62
1562,71
1398,67
1249,60
1507,72
1731,79
1383,62
1370,67
1705,78
1431,68
1654,74
1426,67
1479,70
1491,69
1348,65
1555,74
1470,69
1393,66
1482,71
1410,66
1672,74
1451,67
1407,64
1515,69
1449,69
1474,70
1340,66
1519,68
1539,71
1566,73
1540,67
1425,64
1561,73
1542,72
1385,63
1613,75
1534,70
1526,70
1588,72
1488,68
1448,67
1721,78
1472,71
1495,70
1376,66
1450,68
1544,71
1637,73
1406,67
1712,78
1341,65
1411,67
1661,77
1283,60
1525,70
1538,68
1742,78
1337,67
1425,66
1634,77
1636,74
1512,71
1633,75
1721,76
1507,71
1552,73
1570,69
1630,74
1652,75
1442,67
1368,66
1350,64
1569,70
1403,66
1472,71
1741,78
1688,75
1654,74
1462,71
1452,68
1405,68
1746,79
1482,69
1543,72
1666,74
1454,66
1695,74
1464,69
1349,66
1738,79
1373,67
1396,65
1578,71
1594,73
1539,69
1769,76
1569,72
1531,72
1641,71
1647,71
1785,79
1397,69
1390,66
1705,76
1531,65
1535,73
1378,68
1540,71
1546,68
1454,72
1530,72
1436,70
1712,77
1459,69
1527,71
1576,73
1493,71
1606,72
1357,63
1560,70
1406,68
1629,76
1391,67
1494,69
1587,76
1677,75
1534,71
1256,64
1562,72
1618,74
1548,73
1384,68
1618,74
1489,70
1733,78
1368,66
1504,68
1406,65
1405,68
1759,78
1457,67
1607,70
1333,63
1665,76
1788,77
1511,68
1505,69
1582,74
1529,70
1639,75
1512,72
1695,75
1749,79
1307,60
1700,75
1582,74
1524,72
1768,78
1432,68
1337,66
1588,75
1426,69
1528,69
1548,74
1511,68
1424,66
1640,72
1540,71
1503,69
1469,68
1627,75
1445,68
1519,72
1350,64
1626,71
1514,70
1606,76
1495,72
1581,72
1557,70
1550,73
1533,68
1611,74
1558,69
1227,60
1568,74
1481,69
1434,66
1427,66
1558,72
1595,71
1439,69
1425,67
1421,66
1395,68
1576,74
1389,67
1548,69
1425,67
1504,69
1639,73
1382,65
1428,71
1610,74
1601,73
1404,67
1438,69
1536,72
1717,76
1554,72
1478,68
1504,67
1436,68
1534,71
1518,70
1463,69
1688,76
1531,73
1487,69
1559,73
1556,71
1455,70
1494,68
1478,68
1327,63
1774,78
1548,70
1472,67
1683,75
1433,67
1724,77
1455,67
1557,72
1601,74
1476,66
1655,76
1386,70
1584,74
1546,74
1587,71
1578,73
1419,69
1479,70
1534,68
1614,72
1723,77
1600,71
1608,72
1400,66
1480,70
1453,67
1547,70
1798,79
1551,72
1556,71
1578,73
1451,69
1288,62
1394,67
1328,64
1740,79
1484,68
1585,72
1603,72
1572,72
1610,71
1679,74
1566,72
1391,64
1593,75
1258,63
1353,64
1303,61
1391,68
1866,81
1499,70
1649,76
1361,64
1435,67
1443,68
1476,68
1592,75
1450,69
1549,72
1354,62
1527,67
1502,70
1579,71
1476,71
1420,66
1462,68
1501,71
1363,64
1599,74
1457,71
1637,76
1575,72
1483,70
1554,72
1565,70
1476,70
1624,72
1543,71
1671,75
1763,77
1532,66
1409,68
1674,77
1382,67
1471,70
1226,61
1485,68
1730,78
1563,74
1576,72
1678,76
1313,65
1457,67
1744,78
1638,73
1276,62
1477,70
1408,68
1411,68
1437,65
1412,67
1458,66
1823,79
1526,69
1399,65
1592,74
1376,69
1676,77
1591,72
1507,68
1299,65
1386,69
1660,75
1417,69
1626,72
1499,69
1394,68
1544,72
1732,78
1821,81
1337,63
1409,66
1784,80
1433,68
1448,68
1704,75
1760,76
1693,75
1551,72
1399,67
1391,63
1369,66
1428,67
1547,71
1486,69
1655,74
1489,71
1508,71
1330,64
1649,76
1415,68
1405,63
1553,70
1647,72
1589,74
1653,76
1313,58
1767,79
1525,71
1305,66
1619,71
1460,66
1251,65
1565,72
1363,66
1373,63
1465,67
1557,72
1425,69
1631,76
1595,75
1554,72
1690,75
1509,71
1342,65
1604,74
1422,70
1312,63
1268,61
1623,75
1352,68
1484,67
1588,71
1678,74
1724,78
1508,67
1600,73
1568,73
1599,74
1512,70
1297,64
1471,68
1498,71
1435,67
1510,69
1714,77
1607,73
1727,76
1421,69
1411,67
1298,60
1462,70
1468,68
1393,67
1553,70
1507,68
1615,72
1294,65
1495,68
1553,71
1522,70
1279,63
1471,68
1398,64
1381,67
1415,65
1507,68
1359,62
1402,68
1327,64
1533,70
1282,60
1539,72
1722,76
1639,76
1503,70
1484,69
1862,81
1662,73
1583,70
1530,69
1433,68
1502,69
1421,67
1681,77
1587,71
1716,76
1613,71
1549,72
1540,71
1374,65
1506,72
1589,72
1570,72
1643,75
1429,70
1415,69
1435,68
1622,75
1488,69
1630,74
1426,65
1606,75
1689,72
1555,72
1502,71
1761,79
1275,64
1375,66
1643,75
1445,70
1531,71
1500,71
1477,70
1437,68
1723,77
1579,70
1424,66
1520,72
1466,70
1217,59
1629,73
1328,64
1347,66
1596,73
1498,69
1250,61
1376,68
1533,66
1287,63
1576,72
1757,76
1421,65
1437,70
1526,69
1484,72
1646,74
1655,75
1539,72
1546,69
1625,75
1463,68
1334,63
1655,74
1317,65
1621,73
1461,67
1599,70
1370,65
1484,66
1549,70
1371,63
1516,71
1632,72
1504,69
1513,71
1634,73
1374,66
1479,68
1566,70
1540,71
1635,74
1582,72
1616,73
1403,65
1628,73
1450,69
1461,69
1500,71
1708,76
1537,68
1361,63
1391,66
1448,68
1473,68
1573,72
1605,74
1443,67
1624,72
1307,66
1613,71
1483,72
1383,68
1545,68
1463,67
1346,64
1314,64
1624,74
1571,71
1293,62
1568,72
1470,68
1350,63
1562,69
1466,68
1528,72
1595,74
1729,77
1503,72
1414,67
1699,78
1355,66
1444,68
1257,62
1561,69
1674,76
1303,63
1678,78
1660,73
1654,74
1728,77
1591,73
1343,64
1512,71
1393,65
1590,72
1757,79
1702,77
1707,76
1516,68
1519,69
1670,74
1382,62
1578,71
1518,70
1260,58
1375,66
1559,73
1653,72
1521,71
1438,68
1438,68
1309,65
1488,67
1412,63
1554,72
1446,70
1454,64
1336,65
1389,69
1522,70
1430,71
1503,67
1367,63
1691,76
1394,64
1542,70
1580,68
1585,69
1298,62
1655,77
1554,69
1649,75
1531,68
1422,68
1534,72
1366,66
1425,67
1585,69
1566,74
1468,70
1506,66
1457,70
1617,73
1506,70
1539,73
1317,65
1304,63
1651,73
1436,70
1369,64
1469,68
1542,71
1736,79
1395,65
1573,70
1451,69
1515,71
1487,69
1524,68
1464,71
1593,73
1384,70
1610,72
1533,73
1509,69
1594,73
1422,68
1502,70
1464,67
1627,73
1491,68
1409,67
1403,67
1274,65
1345,63
1469,72
1474,67
1489,69
1615,74
1403,67
1545,71
1567,74
1577,71
1404,67
1619,72
1667,74
1554,70
1464,66
1569,71
1426,67
1462,68
1578,68
1518,71
1595,73
1635,75
1739,77
1746,77
1479,70
1643,73
1536,74
1218,60
1547,70
1458,71
1609,72
1419,69
1524,72
1423,67
1660,77
1524,72
1642,73
1528,72
1540,74
1707,76
1573,75
1828,80
1487,70
1233,59
1496,72
1303,62
1256,61
1440,66
1424,67
1572,70
1625,75
1584,73
1599,71
1418,69
1520,70
1462,70
1525,70
1537,71
1709,75
1386,66
1489,69
1661,73
1658,73
1690,78
1723,77
1518,70
1276,66
1588,73
1430,66
1626,74
1550,71
1649,71
1434,67
1430,69
1616,72
1333,65
1593,73
1777,77
1785,79
1405,68
1619,74
1480,69
1375,66
1511,72
1491,70
1432,70
1384,66
1616,73
1405,65
1537,70
1606,72
1627,74
1603,70
1528,70
1484,68
1560,70
1464,70
1590,76
1394,66
1462,69
1447,65
1519,72
1524,70
1390,68
1477,70
1409,64
1634,72
1546,71
1425,66
1497,70
1345,66
1291,63
1493,70
1697,72
1500,70
1593,74
1590,70
1255,62
1335,64
1732,78
1339,67
1409,67
1614,75
1598,73
1668,75
1605,74
1536,73
1488,70
1473,70
1773,78
1665,75
1615,73
1535,70
1567,72
1635,76
1405,65
1403,68
1370,66
1615,73
1499,68
1581,75
1513,70
1578,73
1472,68
1253,63
1240,62
1455,71
1405,66
1536,67
1673,76
1489,71
1629,72
1543,69
1712,75
1411,68
1644,75
1266,64
1606,74
1696,77
1719,76
1386,69
1533,74
1394,67
1566,72
1642,75
1470,69
1760,77
1489,68
1562,69
1490,69
1730,77
1439,67
1615,76
1403,67
1685,77
1346,59
1382,66
1393,68
1505,70
1754,77
1357,66
1713,75
1408,69
1414,65
1449,65
1366,65
1710,77
1746,76
1601,75
1419,66
1590,74
1648,76
1651,75
1479,67
1632,74
1584,74
1530,71
1710,78
1626,73
1242,64
1508,71
1542,67
1370,65
1540,72
1474,68
1318,65
1580,73
1568,72
1508,70
1539,72
1493,68
1672,77
1711,75
1525,72
1668,75
1500,68
1538,70
1563,73
1499,69
1772,78
1686,77
1282,62
1448,67
1447,65
1687,75
1574,74
1383,63
1468,68
1402,68
1474,71
1486,69
1582,72
1446,65
1187,61
1420,68
1513,69
1426,68
1315,64
1514,70
1471,69
1465,68
1505,67
1563,71
1449,65
1507,70
1672,76
1651,74
1613,71
1517,68
1537,70
1476,70
1702,72
1667,76
1725,77
1597,73
1323,63
1492,68
1532,70
1512,73
1544,71
1375,64
1365,65
1486,68
1567,72
1409,65
1499,67
1491,71
1501,71
1535,71
1448,66
1577,72
1394,67
1806,80
1470,69
1579,73
1521,69
1303,60
1753,79
1470,67
1473,69
1575,74
1651,75
1494,71
1603,73
1529,70
1442,66
1613,77
1468,70
1542,74
1656,74
1490,66
1664,76
1417,65
1429,68
1538,70
1641,73
1371,66
1688,75
1555,69
1334,65
1417,65
1503,71
1783,78
1667,74
1249,63
1388,66
1445,69
1669,77
1561,71
1792,80
1486,70
1478,70
1556,71
1633,73
1517,72
1396,68
1457,69
1778,79
1545,73
1288,63
1561,69
1546,71
1459,64
1775,79
1474,68
1377,65
1588,72
1596,73
1659,76
1492,69
1549,73
1492,68
1683,78
1485,70
1633,73
1729,78
1596,73
1275,63
1699,77
1541,68
1545,72
1554,72
1496,71
1537,72
1522,68
1470,66
1492,67
1757,78
1404,66
1371,63
1678,72
1519,69
1507,69
1659,76
1431,65
1446,67
1241,64
1581,73
1533,72
1722,78
1463,68
1388,68
1449,70
1380,64
1551,68
1686,77
1473,69
1377,66
1662,76
1405,70
1466,69
1502,71
1430,67
1334,64
1500,71
1429,66
1672,78
1562,73
1357,66
1469,71
1449,68
1426,68
1654,72
1342,66
1528,71
1338,65
1577,70
1463,68
1404,69
1448,67
1565,73
1520,70
1634,74
1447,67
1689,76
1389,68
1433,66
1593,74
1581,73
1566,70
1664,77
1501,67
1350,60
1451,66
1542,70
1730,78
1531,70
1712,75
1537,70
1502,72
1432,68
1364,63
1460,71
1595,74
1515,71
1470,68
1543,73
1455,69
1375,65
1465,68
1489,68
1641,73
1330,66
1582,71
1322,67
1450,68
1700,76
1566,70
1489,70
1613,74
1454,69
1570,69
1542,73
1552,74
1498,68
1498,69
1625,74
1316,64
1723,77
1500,70
1325,65
1723,76
1505,69
1634,73
1629,74
1397,67
1535,70
1395,67
1557,69
1634,76
1667,74
1430,66
1535,73
1471,69
1367,66
1363,66
1428,68
1531,70
1768,77
1475,67
1378,68
1569,70
1500,70
1608,74
1413,66
1392,66
1727,77
1626,73
1552,73
1430,66
1509,71
1610,73
1394,67
1572,71
1337,61
1376,66
1683,77
1658,77
1542,69
1485,69
1406,63
1381,67
1371,65
1454,69
1696,76
1514,72
1316,65
1556,72
1559,71
1665,75
1667,76
1579,72
1652,72
1573,72
1404,66
1412,66
1563,69
1651,71
1572,71
1696,74
1553,74
1803,79
1480,68
1276,63
1786,80
1432,67
1471,67
1798,79
1734,76
1608,74
1354,65
1406,66
1432,68
1521,70
1399,67
1725,78
1321,61
1433,70
1517,72
1461,71
1518,70
1665,72
1524,72
1584,73
1343,63
1324,63
1354,64
1573,72
1613,73
1575,70
1533,72
1580,73
1495,68
1408,62
1446,69
1621,76
1653,75
1623,74
1526,70
1769,76
1625,75
1613,73
1410,67
1718,78
1280,65
1698,78
1407,67
1608,74
1362,65
1338,64
1461,69
1571,74
1398,67
1643,74
1537,72
1506,70
1484,69
1626,72
1417,66
1337,64
1672,75
1563,74
1667,75
1570,70
1508,72
1359,66
1428,70
1389,65
1505,68
1726,79
1486,67
1505,70
1634,73
1555,69
1709,77
1607,73
1780,78
1370,62
1279,63
1320,63
1598,74
1572,72
1439,65
1739,76
1438,68
1546,73
1490,65
1604,71
1433,67
1493,70
1455,68
1499,70
1372,68
1448,70
1511,70
1513,71
1572,72
1591,72
1760,76
1399,65
1492,69
1509,71
1363,64
1716,74
1431,69
1517,69
1333,67
1592,74
1512,70
1295,64
1318,62
1494,69
1390,65
1689,76
1383,65
1586,72
1668,75
1713,76
1443,69
1461,69
1612,72
1713,76
1419,68
1607,73
1634,74
1500,69
1607,75
1519,73
1479,69
1540,67
1464,69
1516,70
1393,67
1575,69
1486,67
1486,70
1490,70
1710,77
1537,69
1527,70
1644,76
1474,68
1672,76
1530,70
1433,68
1388,66
1530,68
1679,77
1481,69
1759,79
1683,77
1562,74
1402,68
1725,75
1439,70
1649,74
1404,70
1347,66
1441,69
1596,71
1423,68
1607,73
1433,69
1333,64
1651,76
1472,69
1602,72
1366,66
1359,64
1584,72
1618,75
1572,72
1423,68
1459,71
1628,73
1508,70
1392,66
1380,65
1389,67
1475,65
1494,69
1873,81
1603,75
1715,76
1410,68
1384,64
1349,66
1641,76
1636,73
1210,60
1733,73
1476,67
1535,72
1366,67
1457,66
1480,71
1539,71
1659,74
1445,65
1488,68
1529,71
1686,77
1556,72
1364,68
1703,77
1385,66
1743,78
1226,61
1808,80
1541,71
1731,78
1526,71
1476,69
1590,73
1384,67
1438,66
1540,72
1571,72
1460,71
1345,64
1583,70
1847,81
1599,73
1481,68
1495,69
1656,74
1445,66
1643,75
1636,74
1519,69
1473,71
1699,75
1656,75
1533,69
1480,68
1818,79
1573,73
1412,67
1331,67
1430,65
1315,66
1358,65
1324,65
1337,63
1611,74
1532,69
1537,71
1735,79
1611,75
1407,64
1532,69
1581,71
1575,74
1438,67
1385,67
1684,73
1301,62
1616,72
1354,67
1548,72
1406,64
1319,65
1371,64
1698,74
1543,68
1566,71
1607,75
1599,72
1273,64
1565,74
1412,68
1372,63
1608,73
1435,65
1477,70
1626,74
1464,70
1336,66
1629,73
1658,76
1575,71
1479,69
1322,65
1392,67
1345,65
1564,71
1796,80
1474,67
1530,69
1527,72
1855,82
1431,68
1785,78
1532,70
1466,67
1457,66
1746,76
1470,67
1448,67
1516,71
1454,69
1536,68
1444,66
1463,70
1421,67
1490,68
1604,71
1356,61
1624,75
1373,65
1878,81
1519,69
1551,71
1742,77
1671,74
1498,69
1402,67
1475,69
1644,75
1355,62
1380,65
1559,72
1547,71
1663,74
1439,69
1541,70
1839,80
1431,67
1407,67
1583,75
1705,76
1400,66
1495,69
1488,71
1543,68
1656,75
1373,64
1666,75
1572,72
1474,67
1578,69
1455,67
1588,72
1407,67
1618,74
1558,70
1653,72
1572,71
1529,70
1493,69
1304,64
1361,67
1619,73
1676,77
1340,64
1476,68
1445,69
1646,74
1550,72
1562,71
1338,63
1428,65
1404,66
1623,71
1486,66
1428,68
1789,77
1677,73
1461,67
1495,70
1551,71
1752,77
1490,70
1792,78
1648,74
1483,70
1441,68
1672,76
1536,68
1612,73
1707,78
1424,67
1369,66
1590,70
1630,74
1433,66
1514,71
1665,76
1513,71
1457,68
1543,70
1756,77
1633,76
1446,66
1484,69
1503,66
1446,67
1545,73
1723,75
1440,68
1477,69
1404,66
1581,72
1496,69
1746,76
1651,75
1457,70
1502,69
1617,74
1450,67
1475,66
1504,70
1565,73
1641,72
1532,69
1716,75
1569,73
1521,74
1403,68
1578,71
1277,60
1391,68
1464,68
1492,71
1597,72
1376,62
1569,72
1386,66
1507,68
1470,68
1358,66
1560,70
1300,64
1591,74
1707,76
1471,68
1756,76
1366,66
1404,64
1467,68
1652,76
1404,66
1444,64
1407,67
1581,74
1393,66
1359,64
1641,78
1589,70
1688,77
1834,81
1672,76
1577,72
1419,68
1674,76
1564,70
1793,80
1636,74
1395,65
1327,65
1453,69
1555,68
1592,74
1619,74
1608,73
1403,59
1378,66
1572,72
1667,75
1558,75
1301,63
1529,71
1396,66
1530,73
1547,70
1407,65
1493,69
1650,74
1359,65
1421,68
1338,65
1423,69
1424,64
1464,72
1767,78
1704,76
1424,68
1447,70
1815,78
1404,65
1486,69
1496,68
1616,75
1349,65
1411,67
1272,65
1575,72
1449,67
1460,66
1695,78
1616,72
1519,70
1386,66
1567,71
1316,65
1709,75
1587,74
1431,67
1612,74
1556,74
1354,66
1652,73
1656,77
1416,68
1510,69
1494,69
1541,70
1514,68
1421,68
1445,70
1728,77
1536,72
1491,68
1730,77
1606,74
1530,74
1365,66
1472,68
1621,74
1274,62
1498,69
1540,70
1546,71
1354,66
1646,75
1403,66
1500,67
1349,66
1477,68
1674,76
1270,65
1366,66
1492,71
1293,63
1743,77
1545,73
1542,73
1583,74
1540,72
1264,64
1508,72
1516,68
1541,71
1563,71
1401,67
1519,71
1329,64
1464,68
1673,77
1607,72
1490,71
1579,71
1533,71
1568,74
1499,69
1551,69
1744,78
1201,59
1595,75
1295,63
1518,72
1783,80
1582,71
1261,61
1648,75
1641,75
1677,76
1611,71
1386,62
1577,73
1691,77
1644,73
1479,67
1463,70
1504,68
1616,74
1662,76
1473,66
1880,80
1498,69
1762,78
1419,68
1577,71
1505,72
1610,70
1426,68
1721,77
1652,73
1345,63
1530,73
1600,73
1438,69
1603,75
1537,71
1700,76
1570,72
1349,67
1462,68
1542,69
1503,71
1520,69
1645,76
1594,73
1549,71
1638,76
1755,77
1562,72
1659,77
1446,69
1551,71
1486,69
1384,66
1431,70
1478,67
1494,69
1445,68
1477,68
1284,64
1390,66
1579,72
1545,70
1380,62
1464,70
1736,75
1329,64
1550,73
1430,70
1503,66
1519,69
1426,65
1301,62
1633,75
1658,74
1591,73
1703,75
1449,66
1591,73
1571,72
1560,71
1529,71
1630,75
1488,65
1402,66
1512,71
1630,74
1446,69
1446,67
1442,68
1594,71
1443,65
1634,73
1458,70
1515,69
1302,59
1565,73
1483,66
1659,73
1327,64
1637,74
1340,67
1493,70
1575,69
1408,69
1567,73
1312,62
1562,71
1379,64
1794,79
1555,70
1622,74
1576,72
1500,69
1547,68
1334,67
1456,67
1395,67
1588,74
1322,63
1656,76
1443,69
1493,68
1651,74
1516,67
1538,69
1565,73
1706,76
1654,77
1608,73
1479,70
1539,71
1459,70
1435,67
1503,70
1472,69
1606,73
1790,77
1702,78
1319,64
1486,67
1579,71
1512,69
1468,70
1380,67
1270,63
1711,75
1524,71
1710,76
1748,78
1370,64
1290,62
1624,74
1566,73
1196,62
1650,75
1580,72
1403,65
1380,66
1443,70
1383,67
1487,73
1441,66
1481,69
1567,70
1535,69
1262,64
1530,70
1752,78
1389,68
1466,69
1387,66
1691,73
1307,63
1621,74
1662,73
1566,71
1425,68
1499,68
1510,72
1374,64
1521,68
1719,74
1605,70
1374,67
1527,69
1305,63
1604,71
1518,70
1627,75
1524,72
1629,76
1454,70
1626,73
1405,63
1233,60
1342,65
1584,75
1701,78
1436,69
1538,71
1290,62
1345,66
1531,71
1656,73
1485,73
1585,72
1411,69
1640,75
1387,66
1460,68
1547,72
1536,70
1565,71
1540,71
1626,74
1532,70
1531,70
1483,68
1504,70
1538,72
1461,68
1331,62
1509,71
1557,70
1327,65
1623,75
1707,76
1549,68
1470,69
1487,70
1491,68
1371,64
1612,72
1461,69
1756,76
1698,73
1695,73
1372,66
1462,68
1513,72
1594,75
1616,73
1692,75
1466,69
1482,69
1514,70
1251,60
1489,68
1579,71
1735,75
1828,80
1477,69
1630,76
1660,75
1621,74
1532,73
1452,69
1774,79
1256,63
1620,74
1592,71
1817,78
1654,76
1451,68
1508,71
1563,72
1630,74
1438,65
1387,67
1435,72
1577,73
1577,72
1560,69
1401,66
1561,69
1362,61
1644,75
1577,72
1505,69
1436,67
1379,69
1787,77
1435,68
1472,67
1651,77
1630,74
1578,72
1332,65
1689,76
1640,74
1712,76
1555,71
1518,70
1572,71
1576,71
1482,69
1367,66
1523,71
1515,70
1429,70
1440,69
1572,73
1457,67
1569,71
1433,67
1563,69
1489,68
1652,76
1551,70
1289,62
1402,66
1346,63
1547,68
1735,77
1342,65
1655,76
1506,70
1485,69
1303,62
1427,66
1299,63
1342,63
1731,75
1322,67
1467,68
1535,70
1394,65
1668,74
1679,74
1676,75
1512,71
1459,68
1461,70
1392,66
1590,71
1573,72
1787,78
1495,66
1684,75
1616,74
1562,72
1545,71
1561,70
1757,78
1604,73
1428,69
1534,70
1678,76
1420,68
1527,70
1593,72
1476,68
1612,74
1420,68
1420,65
1710,78
1506,68
1392,64
1520,71
1666,76
1532,74
1620,71
1430,66
1542,71
1475,66
1373,65
1534,72
1520,71
1572,73
1346,65
1667,73
1565,72
1426,65
1480,68
1400,68
1518,70
1545,71
1377,63
1387,66
1515,68
1449,67
1551,71
1601,72
1667,75
1530,70
1544,72
1733,77
1587,73
1614,74
1284,65
1548,70
1549,71
1743,78
1540,71
1335,64
1296,66
1453,69
1603,70
1652,74
1484,70
1488,69
1483,70
1622,74
1773,78
1466,69
1543,71
1457,70
1555,73
1423,69
1562,71
1487,66
1464,68
1614,73
1220,57
1375,66
1469,69
1531,72
1592,70
1636,75
1406,67
1677,75
1532,72
1448,67
1551,70
1426,66
1460,68
1222,60
1678,77
1613,71
1609,73
1444,67
1592,73
1389,66
1435,69
1733,78
1604,72
1597,74
1592,72
1709,76
1449,68
1622,74
1382,64
1425,64
1754,79
1613,71
1441,67
1544,72
1604,72
1754,77
1748,76
1740,78
1573,71
1436,67
1594,74
1486,65
1451,67
1454,68
1615,72
1818,78
1486,70
1530,69
1342,65
1732,76
1369,64
1453,64
1479,68
1507,68
1489,70
1664,75
1565,70
1702,74
1577,73
1511,67
1752,79
1519,69
1374,65
1626,74
1560,73
1600,73
1670,76
1588,73
1506,72
1690,75
1615,72
1276,59
1352,66
1489,70
1532,71
1568,72
1596,73
1696,77
1563,73
1626,75
1609,73
1568,73
1635,73
1642,71
1445,69
1401,64
1371,65
1450,68
1489,68
1642,73
1534,74
1513,69
1393,64
1557,73
1534,70
1557,70
1444,67
1742,79
1478,67
1630,75
1413,68
1535,71
1494,70
1378,67
1357,67
1428,66
1393,64
1370,66
1448,70
1506,66
1499,70
1451,71
1318,65
1374,63
1514,68
1702,77
1584,74
1721,75
1650,73
1498,71
1609,72
1577,72
1456,70
1462,68
1683,76
1398,67
1521,69
1500,71
1420,68
1438,68
1321,62
1427,68
1438,69
1351,67
1617,72
1243,63
1445,68
1784,79
1278,62
1619,75
1450,67
1841,78
1659,72
1585,72
1366,67
1474,69
1698,73
1495,69
1357,65
1384,66
1407,68
1805,80
1664,73
1475,69
1516,70
1615,74
1586,70
1285,65
1655,74
1750,77
1551,71
1483,69
1384,67
1678,75
1769,78
1595,71
1624,72
1476,69
1291,60
1592,72
1697,77
1553,69
1326,62
1297,62
1250,61
1465,65
1587,73
1351,65
1622,75
1611,72
1524,72
1527,72
1215,61
1695,76
1600,74
1671,76
1439,70
1420,68
1615,72
1422,65
1588,73
1590,71
1587,72
1610,72
1457,67
1614,73
1684,74
1472,68
1590,73
1740,79
1574,72
1554,72
1674,75
1765,77
1599,73
1327,64
1655,72
1620,73
1381,67
1254,64
1382,65
1536,70
1419,68
1370,66
1568,73
1488,69
1572,73
1417,63
1562,74
1656,75
1579,73
1691,76
1254,61
1597,73
1555,69
1711,77
1457,69
1442,64
1605,73
1405,68
1222,62
1329,64
1410,66
1327,65
1673,74
1592,73
1515,68
1705,74
1497,69
1556,71
1419,68
1537,73
1433,70
1713,77
1312,62
1251,64
1517,71
1411,68
1493,70
1569,73
1655,76
1563,73
1652,75
1521,71
1361,66
1552,71
1462,69
1530,72
1365,67
1404,66
1751,78
1439,66
1406,67
1609,73
1696,77
1563,71
1505,69
1485,69
1626,71
1698,76
1787,78
1478,67
1453,69
1251,59
1366,68
1645,73
1700,74
1478,67
1457,66
1433,68
1459,65
1580,68
1273,61
1418,67
1639,75
1612,74
1763,77
1488,68
1459,68
1578,74
1500,70
1357,67
1400,70
1475,68
1605,73
1622,74
1292,62
1480,72
1611,74
1384,65
1545,71
1685,73
1754,77
1501,70
1465,71
1409,66
1549,72
1755,78
1523,69
1816,80
1619,74
1414,68
1523,72
1296,66
1406,67
1300,62
1456,68
1226,61
1447,69
1399,68
1435,68
1632,75
1707,75
1487,70
1331,64
1771,80
1579,72
1580,75
1520,67
1685,76
1583,69
1479,68
1243,63
1603,73
1412,65
1801,78
1664,73
1356,61
1428,66
1507,72
1465,67
1703,76
1575,71
1490,70
1597,74
1393,65
1597,74
1420,68
1373,66
1507,70
1566,71
1477,71
1576,68
1301,66
1641,74
1249,63
1526,72
1484,66
1576,71
1351,63
1511,71
1578,69
1604,74
1524,71
1784,79
1746,78
1516,70
1479,66
1632,72
1589,73
1418,67
1562,72
1658,73
1550,72
1522,69
1687,77
1473,68
1765,77
1695,73
1575,73
1478,69
1396,64
1578,70
1439,67
1453,67
1512,70
1385,69
1432,70
1393,68
1679,75
1529,71
1640,72
1617,71
1561,72
1458,65
1678,77
1427,69
1461,66
1401,65
1478,66
1481,67
1305,63
1655,74
1330,66
1576,73
1364,67
1335,64
1637,75
1527,65
1506,67
1566,69
1494,69
1641,75
1447,69
1357,65
1446,67
1677,75
1244,62
1599,70
1470,70
1446,66
1268,59
1474,68
1562,72
1463,70
1217,59
1382,65
1702,77
1649,75
1516,71
1359,66
1559,69
1565,74
1412,66
1524,72
1611,71
1341,68
1410,67
1579,73
1634,72
1627,73
1606,74
1623,74
1322,62
1341,64
1581,69
1276,63
1396,63
1498,67
1451,69
1620,71
1621,74
1623,73
1528,69
1772,76
1612,70
1397,66
1589,75
1455,66
1633,76
1418,68
1508,70
1299,64
1366,66
1606,73
1707,76
1459,68
1570,72
1417,67
1593,73
1763,79
1415,64
1693,76
1329,65
1558,71
1462,65
1564,71
1422,68
1555,71
1545,70
1365,65
1504,69
1530,71
1389,65
1433,69
1746,79
1675,77
1627,74
1702,76
1515,70
1556,69
1529,72
1638,73
1423,69
1676,76
1563,71
1484,71
1581,71
1429,67
1675,74
1459,65
1472,69
1545,71
1554,68
1375,66
1541,71
1647,75
1422,67
1335,66
1460,69
1639,71
1361,65
1552,72
1639,74
1493,66
1461,69
1503,70
1365,63
1623,73
1317,64
1351,61
1601,73
1473,69
1672,75
1677,75
1557,71
1412,68
1470,69
1244,64
1453,67
1619,74
1382,65
1684,74
1360,67
1360,64
1639,77
1814,79
1492,69
1473,69
1583,73
1416,66
1314,66
1500,69
1651,76
1352,65
1680,72
1673,76
1512,70
1499,71
1524,69
1598,75
1586,71
1494,72
1690,78
1556,72
1375,65
1509,69
1465,70
1435,68
1485,68
1610,72
1566,72
1684,76
1472,69
1281,63
1404,67
1554,71
1546,74
1541,71
1754,76
1178,59
1245,61
1557,73
1624,73
1644,73
1576,71
1493,71
1598,73
1431,67
1542,70
1454,67
1416,68
1430,68
1457,71
1415,67
1611,73
1405,66
1298,64
1455,69
1288,63
1595,73
1353,65
1589,70
1538,71
1577,71
1352,64
1650,74
1528,70
1790,79
1538,70
1566,71
1593,70
1416,66
1553,73
1536,72
1706,76
1536,70
1550,71
1821,80
1455,64
1485,68
1685,74
1513,68
1552,70
1717,77
1517,73
1484,71
1319,63
1517,69
1605,72
1397,68
1530,74
1569,71
1344,65
1379,64
1437,67
1419,67
1405,68
1666,76
1702,77
1592,71
1359,67
1505,70
1703,76
1395,67
1598,69
1499,69
1443,68
1425,66
1419,66
1548,70
1538,70
1571,70
1502,69
1668,74
1378,64
1447,68
1553,71
1512,71
1548,69
1534,70
1913,81
1565,71
1658,73
1664,77
1521,70
1476,66
1536,70
1472,68
1330,63
1827,80
1397,68
1598,70
1293,62
1502,71
1685,77
1797,79
1669,74
1467,67
1416,68
1384,63
1216,59
1420,67
1462,69
1567,72
1589,75
1603,71
1498,71
1503,70
1428,69
1566,69
1511,70
1551,69
1366,64
1547,70
1632,75
1497,71
1542,73
1575,72
1532,69
1561,69
1599,74
1488,69
1463,67
1397,66
1420,66
1521,72
1453,68
1790,78
1526,70
1652,75
1548,73
1495,71
1746,80
1398,65
1559,73
1537,71
1439,69
1449,69
1558,71
1341,68
1693,74
1587,72
1524,72
1537,72
1483,70
1572,70
1704,77
1559,74
1365,63
1500,70
1762,77
1722,75
1425,69
1337,63
1715,73
1453,70
1403,68
1463,68
1312,66
1466,67
1393,66
1484,69
1480,66
1490,65
1583,70
1501,71
1399,68
1305,64
1448,68
1319,66
1650,78
1402,67
1396,68
1748,77
1649,73
1479,70
1655,72
1486,67
1417,66
1452,65
1303,61
1461,68
1342,65
1656,76
1366,66
1650,73
1536,69
1336,66
1605,71
1412,66
1436,66
1264,60
1346,65
1478,69
1292,62
1834,80
1445,70
1308,61
1271,63
1545,68
1534,70
1426,66
1543,73
1492,69
1436,70
1354,65
1448,68
1560,69
1371,64
1474,70
1377,68
1405,68
1288,65
1508,72
1422,66
1453,67
1530,69
1727,79
1503,71
1601,74
1665,75
1276,63
1445,67
1394,68
1507,69
1581,74
1352,64
1450,69
1503,72
1615,73
1543,72
1292,65
1562,72
1423,66
1568,71
1328,65
1352,63
1501,68
1281,64
1371,64
1664,72
1607,74
1719,78
1614,74
1673,77
1298,60
1391,67
1491,68
1385,67
1784,78
1632,72
1383,64
1668,72
1628,72
1577,71
1394,65
1418,69
1489,67
1567,72
1392,64
1503,69
1704,77
1483,70
1255,61
1585,73
1707,76
1531,73
1558,71
1335,66
1619,75
1705,73
1688,78
1504,69
1506,69
1507,71
1454,67
1401,66
1513,70
1491,71
1397,69
1589,70
1392,68
1373,66
1632,74
1659,73
1197,60
1679,75
1354,65
1490,67
1440,64
1636,73
1490,71
1451,69
1726,75
1518,70
1691,74
1348,65
1651,76
1389,66
1478,70
1574,73
1449,66
1328,63
1726,76
1293,63
1737,76
1434,65
1354,63
1444,69
1488,68
1703,78
1671,74
1572,72
1488,69
1440,69
1284,61
1395,66
1520,72
1638,74
1732,76
1317,65
1615,72
1572,74
1639,74
1580,71
1657,74
1509,70
1580,73
1378,63
1462,66
1441,66
1332,64
1647,73
1599,73
1645,75
1427,68
1700,76
1453,69
1539,70
1543,72
1746,77
1491,68
1458,68
1420,66
1305,65
1487,69
1569,69
1565,72
1310,61
1354,64
1732,77
1577,71
1864,81
1448,70
1560,71
1419,67
1717,77
1607,71
1544,69
1770,77
1547,69
1500,68
1388,68
1533,71
1434,69
1669,77
1387,64
1532,72
1451,70
1409,70
1571,72
1356,67
1457,69
1617,73
1477,66
1639,75
1682,74
1419,66
1490,66
1376,67
1632,72
1466,69
1303,63
1518,70
1372,67
1170,59
1551,72
1470,70
1644,77
1544,73
1364,65
1527,72
1465,69
1801,80
1676,75
1654,71
1645,75
1714,76
1608,73
1625,72
1428,66
1443,69
1518,68
1582,73
1574,71
1350,66
1540,72
1481,68
1502,70
1500,70
1379,63
1489,70
1376,67
1540,71
1530,70
1586,71
1477,69
1539,70
1688,75
1527,70
1414,68
1627,74
1550,74
1590,72
1527,70
1722,77
1635,74
1432,69
1482,69
1416,66
1469,68
1481,68
1558,71
1393,68
1445,67
1753,79
1266,64
1680,76
1486,70
1564,70
1375,65
1540,73
1716,77
1428,67
1700,74
1560,73
1357,65
1286,64
1419,66
1517,69
1493,69
1479,70
1589,72
1481,68
1655,74
1591,73
1367,64
1473,67
1501,68
1592,73
1451,68
1489,67
1457,68
1293,62
1533,72
1552,71
1252,63
1585,72
1516,71
1503,71
1721,77
1481,68
1463,68
1397,66
1488,69
1687,76
1559,73
1572,72
1643,75
1615,75
1495,70
1428,67
1480,67
1604,74
1372,67
1625,72
1430,69
1592,72
1747,78
1711,75
1703,74
1582,74
1482,71
1276,62
1746,76
1527,72
1686,75
1535,69
1569,73
1418,63
1471,66
1573,71
1506,69
1707,76
1456,68
1771,76
1486,69
1413,67
1509,68
1645,75
1403,68
1528,71
1494,71
1601,73
1401,66
1686,77
1589,70
1784,79
1701,76
1435,68
1561,75
1668,76
1576,73
1577,73
1671,74
1605,72
1588,72
1583,74
1532,71
1717,78
1499,68
1653,75
1402,69
1485,69
1325,65
1404,65
1665,75
1617,74
1633,74
1538,70
1502,71
1649,74
1472,66
1626,74
1662,74
1586,72
1479,68
1423,67
1579,74
1436,68
1365,68
1587,72
1503,68
1567,72
1374,63
1499,70
1732,77
1354,65
1634,72
1607,74
1614,73
1555,70
1605,75
1463,70
1604,73
1666,74
1493,70
1568,72
1555,71
1782,79
1377,65
1286,62
1385,66
1558,72
1701,75
1385,66
1512,72
1538,69
1400,69
1724,78
1533,70
1408,68
1280,62
1718,77
1772,78
1565,69
1709,78
1638,75
1442,66
1647,74
1494,72
1744,77
1559,72
1519,71
1673,74
1534,73
1694,77
1378,66
1325,65
1494,69
1491,70
1468,66
1638,75
1548,72
1399,65
1432,69
1420,66
1515,70
1544,72
1610,75
1631,74
1574,73
1535,72
1537,68
1613,73
1703,76
1469,69
1706,76
1494,67
1569,74
1747,78
1577,72
1488,67
1479,71
1595,74
1556,72
1414,66
1695,75
1313,63
1627,73
1306,60
1477,68
1572,70
1550,71
1468,67
1526,71
1477,70
1259,64
1675,75
1413,65
1538,74
1533,69
1219,57
1457,70
1740,78
1306,65
1512,71
1461,67
1639,76
1475,68
1681,74
1290,63
1426,63
1432,68
1712,77
1695,74
1776,80
1521,71
1510,68
1534,69
1694,73
1566,72
1515,74
1338,65
1376,67
1557,69
1483,70
1386,67
1491,70
1469,67
1257,62
1509,67
1805,80
1537,71
1667,76
1618,71
1289,58
1530,70
1501,71
1372,68
1707,74
1360,67
1472,71
1346,64
1418,66
1658,75
1360,66
1504,70
1689,75
1514,70
1408,66
1407,66
1505,66
1413,66
1492,70
1593,73
1484,70
1525,69
1463,68
1585,70
1609,73
1478,69
1492,70
1683,77
1545,72
1306,63
1666,74
1380,65
1556,69
1240,62
1647,74
1545,71
1719,76
1442,64
1635,73
1589,71
1406,66
1357,65
1448,69
1578,68
1665,75
1560,72
1664,72
1545,73
1358,66
1774,78
1452,68
1365,67
1492,72
1230,61
1406,66
1374,64
1494,72
1476,69
1786,79
1379,68
1602,75
1449,69
1569,70
1370,67
1501,68
1640,74
1714,75
1258,61
1588,69
1467,70
1403,64
1654,75
1469,70
1448,69
1459,69
1595,73
1299,64
1476,68
1524,69
1562,71
1519,70
1347,64
1424,64
1664,73
1405,68
1546,73
1715,78
1541,71
1704,76
1505,70
1641,73
1525,69
1732,76
1618,73
1602,75
1524,71
1439,66
1276,64
1443,67
1434,67
1461,68
1563,73
1639,75
1326,64
1612,73
1521,71
1577,70
1599,71
1658,72
1435,66
1400,67
1545,71
1311,65
1372,63
1487,70
1451,68
1510,72
1507,68
1507,69
1720,75
1498,69
1739,77
1619,71
1445,68
1301,63
1656,75
1651,74
1684,75
1667,73
1331,66
1583,74
1551,72
1744,79
1459,68
1458,69
1416,64
1619,72
1530,72
1728,78
1640,76
1452,67
1743,77
1479,71
1627,75
1467,69
1296,62
1417,65
1559,73
1842,79
1445,67
1306,60
1439,69
1304,60
1437,66
1389,67
1617,72
1426,68
1595,72
1594,71
1562,74
1677,74
1550,73
1599,75
1440,68
1354,66
1612,73
1623,74
1884,83
1583,74
1556,73
1429,68
1549,70
1718,77
1430,66
1544,72
1649,74
1461,69
1479,69
1472,67
1613,75
1517,72
1585,72
1656,76
1532,71
1566,72
1786,79
1436,69
1529,73
1537,71
1516,71
1539,69
1590,74
1523,70
1693,78
1338,66
1774,79
1738,79
1685,76
1645,72
1628,73
1521,72
1695,77
1691,77
1792,78
1453,68
1616,72
1561,71
1549,69
1444,70
1526,71
1642,77
1697,75
1449,68
1573,74
1582,73
1610,75
1663,76
1541,71
1284,63
1503,69
1412,69
1826,81
1583,73
1517,70
1753,77
1333,62
1500,69
1496,68
1372,64
1450,68
1782,78
1454,67
1665,77
1662,74
1631,74
1437,67
1483,69
1728,76
1699,77
1667,74
1545,70
1242,61
1365,67
1591,75
1609,73
1500,69
1656,71
1669,75
1623,74
1581,74
1493,71
1381,63
1514,72
1583,71
1448,66
1479,67
1611,75
1398,64
1406,67
1440,65
1520,70
1419,68
1637,75
1592,71
1624,75
1683,77
1308,62
1379,65
1480,68
1420,68
1660,75
1390,63
1562,69
1487,71
1621,75
1349,66
1519,72
1480,69
1492,70
1552,67
1650,75
1439,67
1468,69
1556,73
1508,67
1460,71
1476,69
1304,64
1522,73
1271,63
1501,70
1586,71
1751,79
1499,69
1553,73
1427,66
1576,71
1443,65
1597,74
1344,64
1511,69
1527,71
1293,62
1663,75
1471,67
1274,61
1578,71
1684,76
1681,75
1699,77
1582,73
1577,71
1634,73
1333,65
1771,79
1384,67
1624,74
1680,76
1504,72
1672,77
1681,74
1490,68
1646,74
1590,71
1631,72
1492,69
1520,70
1704,75
1613,75
1430,68
1718,77
1530,73
1633,74
1705,77
1645,74
1458,71
1416,67
1480,67
1592,75
1559,71
1588,74
1736,78
1534,72
1601,69
1346,66
1727,79
1564,75
1847,82
1386,66
1445,68
1474,68
1531,71
1502,67
1355,65
1580,73
1294,62
1412,67
1567,73
1470,69
1754,79
1608,73
1517,71
1825,80
1551,72
1406,68
1486,68
1366,67
1527,70
1451,67
1671,76
1351,65
1337,65
1395,67
1630,77
1721,79
1398,65
1362,67
1505,68
1218,59
1555,71
1681,75
1454,66
1459,70
1519,71
1492,70
1443,69
1274,62
1420,68
1588,69
1563,71
1659,77
1504,69
1537,72
1547,72
1324,64
1617,71
1384,66
1732,76
1693,78
1519,70
1405,66
1700,77
1373,64
1680,76
1476,70
1453,69
1523,72
1597,73
1649,76
1468,68
1637,74
1415,66
1681,77
1449,66
1447,71
1363,64
1445,68
1581,75
1460,69
1668,77
1458,65
1555,69
1428,68
1658,73
1557,73
1594,72
1441,66
1528,70
1493,73
1391,64
1430,67
1531,69
1655,75
1481,68
1602,74
1550,74
1815,81
1413,66
1335,64
1617,72
1356,66
1499,70
1541,70
1709,74
1672,74
1568,74
1574,74
1449,69
1563,71
1684,77
1520,71
1388,68
1509,68
1608,76
1558,74
1692,75
1469,71
1295,64
1724,74
1533,72
1504,71
1661,72
1667,74
1528,71
1529,69
1340,65
1503,67
1338,66
1734,78
1355,63
1349,66
1579,72
1675,76
1353,65
1470,70
1289,65
1372,66
1580,72
1514,72
1524,71
1380,64
1537,72
1733,77
1512,68
1644,74
1633,75
1294,64
1558,74
1643,73
1460,69
1557,72
1548,72
1590,72
1484,68
1385,68
1677,75
1553,72
1331,65
1645,75
1689,77
1442,68
1437,68
1607,74
1527,72
1686,75
1506,68
1585,72
1269,61
1670,74
1480,71
1524,72
1615,70
1461,70
1473,68
1631,77
1625,72
1331,63
1523,70
1521,70
1444,67
1508,69
1613,71
1489,69
1485,71
1488,69
1490,68
1616,73
1350,65
1441,67
1698,75
1444,70
1768,79
1228,62
1633,73
1556,73
1435,68
1483,68
1576,73
1372,68
1584,71
1608,73
1406,68
1537,72
1577,70
1552,70
1351,65
1513,70
1565,71
1508,71
1550,72
1408,66
1591,71
1484,69
1301,62
1465,67
1606,72
1560,72
1332,64
1566,74
1576,72
1210,62
1505,70
1683,75
1249,64
1384,67
1513,67
1561,72
1476,67
1400,66
1606,73
1696,77
1502,73
1375,65
1574,74
1508,70
1507,69
1676,74
1559,71
1791,79
1618,75
1604,73
1709,77
1538,69
1582,74
1524,73
1490,71
1760,79
1467,68
1652,76
1519,70
1413,67
1542,70
1388,66
1436,65
1486,70
1570,73
1518,70
1440,66
1597,73
1723,77
1546,73
1390,65
1366,67
1665,74
1540,71
1448,67
1288,63
1497,70
1494,70
1404,67
1527,70
1507,72
1558,71
1648,74
1470,69
1472,68
1348,67
1764,81
1796,81
1437,66
1510,71
1307,66
1439,69
1588,74
1364,65
1702,76
1571,73
1783,78
1747,77
1457,70
1300,64
1385,69
1481,71
1536,72
1615,75
1465,69
1496,71
1377,66
1324,64
1446,70
1506,69
1545,71
1592,74
1644,75
1518,72
1654,74
1437,66
1529,71
1289,63
1436,66
1532,70
1424,68
1432,68
1389,66
1809,79
1697,77
1478,67
1602,73
1342,66
1591,73
1532,71
1626,72
1452,67
1378,64
1548,70
1325,64
1429,68
1646,76
1595,72
1535,70
1514,69
1719,78
1387,66
1607,73
1511,70
1454,67
1522,70
1591,72
1573,73
1694,77
1433,69
1689,78
1556,72
1528,73
1446,69
1594,71
1562,73
1526,68
1279,67
1571,72
1471,70
1214,60
1771,79
1673,75
1519,72
1434,69
1655,75
1561,69
1489,70
1425,66
1722,77
1634,76
1468,70
1314,63
1667,74
1461,69
1559,73
1642,77
1362,65
1763,77
1409,68
1626,75
1683,77
1373,66
1576,72
1441,69
1637,74
1246,61
1593,71
1425,69
1291,62
1508,73
1645,76
1618,74
1568,74
1379,67
1554,73
1490,68
1361,68
1642,72
1352,64
1419,66
1380,68
1629,72
1629,74
1887,82
1509,72
1503,70
1457,68
1523,71
1486,71
1723,79
1261,64
1504,71
1563,72
1439,68
1640,72
1415,68
1529,72
1529,72
1394,65
1538,74
1520,70
1422,67
1496,68
1632,74
1533,73
1570,69
1446,65
1593,72
1408,66
1527,75
1516,70
1639,75
1534,68
1485,72
1461,68
1593,74
1422,68
1617,73
1471,69
1367,67
1838,79
1588,74
1684,75
1470,69
1546,71
1733,80
1520,70
1377,64
1443,70
1733,76
1342,63
1521,73
1630,74
1679,78
1371,66
1499,71
1394,67
1495,66
1418,68
1618,76
1568,74
1428,68
1525,71
1588,72
1595,73
1653,75
1658,76
1456,67
1476,66
1464,67
1692,74
1512,68
1406,68
1709,77
1360,65
1454,68
1646,76
1747,80
1485,68
1651,75
1686,78
1501,70
1509,72
1639,75
1470,69
1697,77
1566,71
1345,66
1358,64
1558,74
1589,72
1411,64
1481,68
1610,71
1640,76
1629,76
1602,73
1465,67
1846,79
1641,74
1457,70
1663,74
1618,74
1550,72
1635,75
1488,70
1549,73
1297,63
1525,69
1442,68
1600,73
1378,64
1617,75
1618,75
1345,66
1537,71
1511,70
1397,68
1609,74
1384,69
1520,66
1576,72
1362,63
1313,66
1340,65
1452,68
1546,72
1340,61
1545,71
1513,73
1491,69
1804,81
1493,68
1485,71
1552,69
1763,78
1465,68
1824,80
1762,79
1556,72
1866,80
1619,74
1693,76
1601,70
1288,65
1759,79
1420,65
1486,71
1351,66
1608,72
1670,75
1541,72
1552,74
1620,75
1388,67
1393,68
1312,64
1536,72
1504,71
1628,74
1422,68
1449,67
1612,75
1347,66
1517,69
1413,64
1415,67
1440,67
1760,78
1492,68
1551,70
1632,76
1366,66
1479,69
1493,70
1635,76
1605,75
1659,75
1540,71
1265,63
1637,73
1580,70
1430,68
1437,68
1746,78
1460,70
1747,79
1650,74
1371,65
1648,71
1754,79
1535,70
1663,75
1670,75
1559,72
1479,67
1450,67
1432,68
1393,66
1623,76
1564,67
1454,68
1645,75
1636,74
1385,66
1548,71
1680,75
1575,71
1262,65
1456,67
1544,72
1648,72
1584,71
1467,70
1285,63
1424,68
1415,67
1370,64
1553,70
1389,65
1661,74
1686,77
1405,68
1737,78
1550,73
1390,67
1506,69
1408,67
1449,68
1282,63
1492,67
1580,71
1487,68
1723,77
1507,69
1528,70
1482,67
1566,71
1313,64
1685,75
1468,71
1513,71
1579,73
1595,71
1443,63
1443,67
1533,68
1508,68
1594,73
1693,75
1407,69
1565,73
1658,73
1609,70
1712,77
1415,68
1526,70
1621,72
1573,73
1397,65
1699,77
1555,72
1661,74
1416,66
1684,77
1577,73
1425,68
1600,73
1686,77
1423,70
1503,70
1541,72
1427,68
1479,72
1507,74
1683,74
1451,68
1723,79
1604,75
1591,73
1754,78
1449,71
1632,74
1337,64
1555,71
1503,69
1563,69
1366,67
1476,70
1461,69
1296,64
1659,77
1445,67
1624,75
1421,68
1489,71
1525,73
1631,75
1544,70
1454,69
1696,75
1395,67
1622,76
1662,76
1505,69
1504,70
1550,72
1749,79
1361,66
1432,68
1418,68
1621,75
1720,79
1629,73
1486,71
1333,65
1615,75
1650,74
1556,73
1546,68
1205,57
1687,72
1312,65
1485,68
1437,68
1406,68
1382,66
1689,76
1487,71
1821,80
1348,65
1570,68
1700,74
1484,69
1376,66
1561,71
1665,73
1447,66
1500,71
1469,70
1482,72
1591,74
1471,69
1389,65
1543,71
1433,68
1651,75
1817,80
1722,75
1494,71
1607,73
1307,64
1354,64
1480,68
1448,68
1678,76
1721,79
1614,70
1345,65
1335,65
1760,76
1496,67
1242,62
1461,66
1541,71
1744,77
1530,72
1405,67
1561,73
1559,70
1474,70
1582,76
1671,75
1593,75
1489,69
1425,65
1391,67
1605,75
1499,72
1715,76
1396,68
1550,69
1433,68
1814,78
1522,71
1585,74
1255,63
1680,76
1357,66
1510,70
1580,72
1484,68
1597,73
1783,78
1630,74
1516,70
1374,63
1400,66
1490,69
1501,68
1425,66
1688,75
1662,75
1812,82
1380,66
1438,67
1538,72
1488,71
1513,70
1402,66
1510,70
1637,73
1442,67
1464,69
1693,75
1474,69
1481,70
1557,73
1690,77
1686,73
1500,69
1551,74
1688,76
1648,74
1339,65
1401,68
1610,72
1335,62
1599,70
1555,70
1507,70
1409,66
1577,71
1660,77
1523,72
1272,60
1271,62
1443,69
1445,67
1492,67
1541,67
1565,71
1483,69
1386,68
1691,74
1507,67
1568,72
1517,73
1559,71
1419,68
1410,69
1461,66
1447,66
1720,77
1588,71
1697,76
1322,67
1671,74
1392,67
1415,69
1495,70
1738,76
1399,66
1604,73
1404,70
1592,74
1778,79
1384,65
1766,77
1387,68
1649,76
1312,63
1464,69
1605,74
1382,65
1443,69
1500,70
1658,75
1588,75
1405,64
1479,67
1415,67
1594,71
1549,71
1720,77
1515,70
1380,66
1567,75
1310,64
1528,70
1445,67
1489,69
1502,71
1443,68
1800,81
1508,70
1557,74
1501,71
1585,71
1389,64
1650,76
1527,71
1567,70
1804,78
1651,78
1387,66
1282,61
1331,66
1542,71
1595,71
1582,73
1242,61
1454,69
1404,66
1684,76
1731,77
1557,74
1565,72
1874,81
1649,75
1526,70
1657,76
1631,73
1391,67
1429,68
1442,69
1613,73
1237,60
1423,67
1510,70
1393,66
1610,71
1266,62
1415,68
1583,72
1567,73
1560,73
1616,75
1587,72
1436,67
1410,66
1475,70
1497,69
1442,69
1615,75
1567,73
1571,71
1195,61
1600,74
1316,66
1642,73
1454,69
1492,72
1349,66
1357,67
1749,74
1632,73
1489,69
1363,63
1561,70
1509,68
1255,62
1583,72
1528,73
1479,68
1558,73
1590,71
1333,64
1371,67
1493,68
1537,74
1619,75
1418,68
1491,70
1274,65
1597,70
1526,70
1677,76
1399,67
1817,79
1548,73
1538,72
1584,73
1406,65
1495,68
1410,68
1609,72
1698,77
1583,73
1564,69
1553,71
1346,64
1581,72
1748,78
1677,75
1457,68
1497,68
1711,77
1642,74
1560,73
1752,74
1431,68
1599,72
1343,64
1640,75
1639,71
1386,67
1534,71
1520,74
1406,68
1404,69
1466,70
1375,68
1445,70
1529,72
1581,73
1648,75
1725,78
1695,77
1586,73
1412,65
1559,74
1382,67
1632,75
1495,71
1552,72
1606,74
1514,71
1515,70
1797,81
1530,72
1577,72
1360,64
1828,79
1588,74
1656,73
1498,69
1398,69
1460,69
1457,69
1625,72
1777,80
1715,78
1424,65
1446,67
1441,71
1494,68
1328,62
1488,70
1667,73
1610,73
1505,71
1792,80
1625,74
1542,72
1534,69
1762,75
1433,66
1499,72
1341,63
1500,72
1726,78
1434,68
1555,72
1712,78
1420,67
1620,75
1647,73
1266,62
1820,78
1656,74
1442,69
1472,69
1671,74
1539,71
1561,72
1514,70
1495,68
1469,70
1595,73
1591,74
1689,72
1361,65
1476,68
1417,65
1452,70
1494,67
1518,71
1470,69
1617,72
1467,68
1726,77
1481,67
1498,70
1280,61
1515,70
1631,74
1554,75
1758,78
1687,78
1464,69
1453,69
1398,66
1498,72
1428,69
1477,70
1570,72
1203,61
1607,74
1375,66
1290,64
1574,74
1502,71
1532,71
1497,71
1701,78
1626,70
1455,69
1641,75
1382,68
1271,64
1561,71
1614,74
1548,71
1431,71
1518,72
1477,69
1689,77
1751,79
1616,75
1481,69
1603,73
1622,73
1585,71
1627,71
1543,72
1541,73
1501,71
1572,71
1561,73
1573,70
1423,66
1388,67
1657,74
1491,69
1592,71
1375,66
1569,72
1429,68
1422,67
1634,75
1393,68
1666,77
1396,65
1448,69
1475,70
1373,67
1535,72
1765,80
1564,71
1504,70
1641,74
1596,72
1476,68
1395,66
1238,62
1538,73
1618,72
1449,67
1549,71
1652,76
1420,67
1590,72
1565,71
1769,81
1435,69
1633,73
1434,68
1674,76
1446,65
1386,67
1781,79
1516,71
1655,76
1734,77
1908,83
1495,69
1559,75
1392,68
1622,73
1547,71
1392,68
1596,73
1599,72
1728,78
1514,69
1486,69
1380,65
1550,73
1646,75
1592,73
1515,73
1365,66
1672,76
1502,69
1303,65
1369,66
1499,71
1591,74
1628,71
1496,72
1670,76
1672,76
1283,60
1626,72
1642,72
1546,72
1580,72
1534,69
1396,65
1523,71
1597,75
1599,74
1374,65
1551,71
1693,74
1446,69
1485,70
1593,74
1542,72
1545,70
1540,70
1485,69
1549,70
1478,70
1419,66
1665,77
1670,75
1577,71
1393,65
1535,70
1484,69
1512,70
1437,66
1616,73
1477,71
1640,75
1587,75
1466,68
1420,66
1695,74
1529,72
1550,72
1590,73
1739,77
1416,67
1501,71
1362,64
1508,72
1541,71
1565,71
1566,72
1490,70
1412,67
1452,70
1619,75
1520,73
1473,70
1637,75
1422,68
1516,70
1517,70
1594,74
1438,69
1743,79
1600,72
1432,66
1474,72
1453,70
1760,76
1310,65
1365,64
1484,69
1399,67
1386,67
1547,75
1613,72
1384,66
1451,68
1525,70
1501,67
1369,69
1603,71
1622,74
1347,65
1565,71
1349,66
1635,72
1442,67
1601,75
1391,64
1614,74
1521,71
1598,72
1510,69
1451,68
1343,65
1581,73
1500,70
1626,75
1728,77
1346,66
1612,73
1338,64
1351,65
1608,75
1521,70
1541,70
1692,77
1533,70
1549,69
1424,67
1496,69
1531,73
1458,65
1453,67
1599,71
1561,71
1501,71
1394,65
1668,74
1639,74
1581,75
1322,65
1407,65
1360,67
1466,67
1407,70
1674,77
1551,72
1371,65
1511,69
1684,75
1566,75
1521,68
1509,71
1576,73
1434,69
1369,65
1267,64
1577,72
1539,72
1614,73
1748,77
1602,74
1357,67
1682,74
1443,69
1431,66
1473,71
1563,72
1257,64
1442,67
1498,70
1304,65
1497,69
1718,78
1383,67
1582,73
1601,74
1332,67
1332,66
1436,68
1355,68
1741,76
1460,68
1694,77
1580,73
1687,77
1701,75
1828,82
1582,73
1813,79
1431,67
1439,67
1678,73
1538,72
1614,73
1761,80
1433,71
1730,76
1576,71
1528,70
1290,65
1621,75
1500,69
1644,76
1505,72
1682,77
1451,68
1545,73
1280,62
1406,66
1388,65
1473,68
1443,67
1627,73
1465,71
1414,66
1614,71
1696,78
1809,81
1674,76
1569,75
1543,71
1869,82
1359,66
1535,71
1692,77
1470,69
1324,62
1433,64
1542,71
1317,65
1529,71
1510,71
1704,76
1358,65
1643,74
1519,70
1576,70
1708,77
1474,71
1485,68
1415,69
1471,67
1888,83
1559,72
1380,63
1654,77
1505,69
1522,72
1645,75
1701,73
1444,69
1476,68
1476,71
1227,60
1393,69
1555,73
1425,67
1382,68
1737,76
1355,68
1461,69
1676,77
1465,68
1696,76
1620,72
1663,75
1421,65
1393,65
1335,62
1390,64
1747,77
1643,74
1537,69
1801,80
1387,68
1564,74
1285,64
1696,75
1389,67
1487,71
1541,70
1248,63
1569,70
1419,69
1731,78
1583,73
1390,63
1479,69
1539,71
1422,66
1745,79
1618,74
1569,74
1701,78
1444,69
1621,75
1504,71
1524,72
1531,71
1571,72
1765,76
1462,70
1449,68
1634,72
1405,67
1803,81
1607,74
1343,63
1401,69
1795,81
1468,70
1437,68
1579,70
1417,66
1366,64
1461,68
1683,73
1598,72
1661,75
1482,70
1544,72
1453,67
1379,67
1334,63
1586,75
1387,61
1345,64
1387,66
1680,78
1461,70
1569,73
1537,69
1466,70
1421,67
1516,74
1670,76
1754,77
1658,76
1622,69
1531,70
1557,71
1482,71
1605,74
1529,71
1509,69
1325,65
1615,74
1307,65
1504,70
1551,71
1451,70
1574,72
1651,74
1546,74
1572,72
1497,68
1522,69
1405,67
1334,64
1436,69
1446,70
1387,66
1584,72
1458,63
1616,74
1458,68
1554,71
1426,67
1327,63
1634,76
1770,80
1571,71
1488,68
1505,70
1534,72
1449,68
1514,70
1492,68
1436,69
1597,74
1504,71
1571,70
1296,62
1457,71
1489,70
1464,67
1656,74
1549,71
1482,70
1598,75
1407,64
1519,71
1509,70
1299,63
1673,78
1437,67
1481,68
1286,64
1529,73
1518,69
1482,70
1469,71
1677,76
1538,66
1447,70
1660,76
1265,62
1499,72
1572,71
1691,78
1532,71
1827,82
1313,64
1585,72
1543,72
1467,68
1423,66
1457,69
1434,68
1400,68
1508,71
1624,72
1661,75
1501,70
1421,67
1383,65
1330,66
1538,70
1696,77
1579,73
1651,75
1566,69
1346,64
1577,73
1696,77
1598,74
1596,73
1854,81
1697,77
1665,77
1462,70
1608,74
1326,65
1597,76
1688,77
1756,79
1657,76
1757,76
1504,71
1849,80
1530,72
1486,67
1332,62
1315,62
1757,76
1604,74
1252,63
1446,64
1602,75
1693,76
1389,67
1712,78
1419,68
1588,69
1572,74
1700,77
1570,72
1508,70
1490,69
1843,81
1658,75
1476,67
1768,79
1677,76
1363,67
1497,71
1695,76
1745,79
1513,70
1761,78
1516,72
1345,65
1741,80
1624,73
1572,70
1416,68
1772,79
1527,72
1697,77
1571,73
1718,77
1410,66
1469,67
1475,68
1590,72
1384,67
1457,69
1411,66
1452,71
1385,69
1292,64
1656,74
1298,65
1574,75
1840,80
1364,68
1313,63
1606,70
1429,68
1675,78
1495,69
1548,69
1428,69
1736,78
1364,66
1413,63
1400,67
1611,74
1456,67
1308,64
1612,72
1477,69
1614,74
1779,80
1311,66
1673,76
1357,64
1537,70
1462,71
1407,64
1369,68
1478,69
1450,70
1432,67
1739,77
1534,71
1571,74
1780,79
1425,65
1411,69
1585,72
1545,72
1662,76
1815,81
1805,80
1637,75
1439,67
1676,77
1653,76
1396,65
1451,65
1350,65
1377,64
1616,75
1533,68
1499,69
1552,68
1590,71
1576,71
1556,71
1679,77
1374,68
1782,77
1535,70
1406,68
1472,65
1568,71
1472,69
1629,74
1563,72
1704,76
1522,72
1495,71
1265,61
1514,69
1598,74
1704,78
1550,70
1471,71
1413,66
1453,69
1582,72
1722,77
1319,63
1618,74
1535,73
1560,75
1468,68
1392,66
1473,70
1584,74
1486,68
1514,71
1705,75
1492,71
1366,66
1337,65
1816,79
1440,70
1433,68
1438,69
1686,77
1386,67
1468,67
1424,69
1709,78
1558,71
1359,66
1724,74
1738,76
1393,67
1566,72
1671,77
1603,74
1585,75
1510,71
1487,67
1384,66
1611,73
1496,72
1422,68
1686,76
1485,68
1604,74
1543,72
1461,68
1652,77
1461,68
1612,74
1433,68
1790,79
1591,73
1581,73
1604,75
1647,74
1346,67
1354,64
1435,66
1667,75
1558,72
1400,66
1603,69
1425,67
1764,79
1267,64
1528,71
1695,75
1452,70
1375,66
1648,76
1434,70
1769,79
1504,69
1387,66
1396,63
1421,70
1402,66
1447,68
1469,69
1571,73
1534,70
1583,73
1444,69
1596,74
1483,68
1466,67
1662,75
1717,78
1677,78
1542,72
1699,78
1404,69
1616,75
1515,69
1555,74
1542,71
1592,71
1408,67
1548,69
1552,70
1353,66
1452,71
1608,68
1695,75
1433,69
1641,73
1470,71
1651,73
1679,76
1632,73
1667,77
1241,62
1552,72
1535,73
1519,69
1309,65
1634,75
1494,69
1687,77
1337,66
1571,72
1352,65
1646,76
1514,69
1596,69
1722,76
1445,67
1773,80
1531,69
1550,70
1379,67
1781,78
1412,70
1484,67
1362,65
1775,78
1641,74
1514,69
1584,72
1542,69
1593,74
1588,71
1862,80
1675,74
1378,66
1378,63
1471,68
1513,70
1402,66
1445,66
1512,72
1371,66
1321,61
1626,76
1577,73
1682,75
1635,72
1322,65
1594,73
1419,66
1433,69
1434,63
1591,74
1477,67
1698,73
1697,76
1737,79
1384,66
1492,69
1475,68
1579,73
1818,82
1401,66
1519,66
1544,70
1812,81
1430,68
1331,63
1497,68
1656,76
1536,72
1703,77
1294,64
1744,79
1433,67
1469,70
1574,74
1581,74
1405,69
1466,70
1636,76
1539,70
1505,69
1529,71
1456,68