1543,67
1486,66
1386,63
1355,60
1389,61
1416,64
1424,65
1444,64
1392,61
1582,68
1401,62
1412,65
1527,68
1265,59
1441,67
1421,63
1401,63
1273,62
1292,60
1329,65
1356,63
1154,56
1439,65
1378,61
1258,60
1287,62
1406,65
1401,64
1362,63
1289,59
1433,64
1188,54
1436,66
1390,62
1416,64
1439,68
1294,59
1281,60
1455,64
1433,65
1331,61
1354,61
1425,66
1491,65
1289,60
1454,66
1524,68
1408,64
1400,65
1565,67
1290,60
1395,65
1334,64
1258,60
1505,64
1285,63
1519,68
1458,67
1313,59
1350,65
1325,62
1245,61
1383,65
1296,58
1313,62
1214,57
1381,63
1552,66
1384,64
1429,65
1376,62
1585,70
1332,63
1464,65
1487,65
1499,66
1462,64
1309,58
1417,62
1519,68
1399,66
1319,62
1392,63
1402,64
1413,63
1276,62
1411,62
1636,71
1477,66
1380,62
1264,58
1501,66
1275,60
1485,64
1258,60
1654,71
1283,60
1403,65
1365,62
1511,67
1296,59
1394,62
1341,60
1543,69
1510,67
1343,59
1512,67
1410,65
1308,61
1494,67
1587,72
1607,68
1575,69
1382,61
1454,65
1465,67
1460,66
1357,61
1555,68
1536,69
1465,66
1532,68
1559,66
1413,64
1439,63
1312,62
1448,65
1449,64
1564,71
1327,61
1364,64
1507,65
1469,66
1295,58
1436,66
1527,67
1492,64
1466,66
1364,63
1525,66
1586,66
1435,65
1392,63
1395,63
1469,67
1482,66
1536,69
1373,61
1421,67
1416,65
1405,63
1383,64
1439,66
1374,65
1391,66
1448,66
1620,73
1669,74
1479,69
1424,67
1634,74
1679,75
1595,71
1448,67
1525,69
1427,67
1534,69
1387,62
1515,71
1721,75
1428,66
1500,65
1478,67
1401,66
1498,68
1364,66
1524,67
1608,70
1403,65
1531,69
1462,64
1458,66
1569,69
1612,71
1452,68
1521,68
1437,64
1453,68
1403,65
1450,66
1670,72
1465,66
1474,66
1343,62
1520,69
1425,66
1537,67
1639,71
1594,69
1343,66
1550,69
1570,69
1459,67
1634,72
1545,69
1616,69
1468,69
1531,69
1619,70
1405,66
1423,66
1367,64
1410,65
1635,73
1604,71
1322,63
1514,69
1593,72
1488,68
1427,65
1708,74
1494,68
1483,69
1531,68
1500,66
1663,73
1420,66
1463,67
1346,58
1340,62
1629,74
1454,65
1301,60
1491,69
1436,63
1503,67
1637,72
1533,69
1543,67
1558,67
1459,66
1526,69
1520,69
1459,67
1394,63
1521,70
1560,72
1470,67
1559,68
1430,66
1574,72
1645,74
1517,68
1519,68
1500,67
1556,71
1576,71
1329,62
1561,72
1423,63
1581,68
1571,68
1494,66
1691,73
1513,67
1486,66
1513,68
1518,67
1410,62
1573,71
1520,69
1558,70
1462,65
1424,67
1496,66
1395,62
1391,67
1354,64
1638,74
1517,71
1541,71
1409,61
1365,63
1440,67
1371,63
1568,70
1478,66
1546,69
1475,70
1520,68
1453,67
1484,66
1496,68
1512,68
1479,67
1575,71
1547,69
1610,73
1399,65
1425,62
1348,61
1449,66
1499,66
1414,66
1546,67
1519,68
1311,62
1458,65
1431,67
1604,73
1509,67
1552,71
1615,69
1611,72
1379,64
1597,70
1359,64
1497,70
1738,74
1480,68
1510,67
1502,66
1616,70
1640,73
1599,74
1412,65
1551,69
1472,66
1589,71
1387,65
1620,72
1602,72
1573,68
1492,69
1589,69
1585,69
1543,69
1443,67
1533,70
1583,69
1557,68
1297,62
1580,70
1494,66
1504,69
1416,63
1555,70
1560,67
1620,74
1524,67
1657,72
1502,66
1558,68
1432,66
1438,68
1525,71
1486,68
1579,71
1470,67
1388,61
1400,66
1585,72
1497,66
1464,66
1447,65
1484,66
1639,72
1404,64
1422,65
1397,65
1506,67
1536,69
1592,72
1505,69
1649,72
1400,64
1516,67
1573,72
1450,66
1415,63
1439,68
1452,67
1422,64
1409,66
1499,68
1618,72
1279,58
1483,68
1419,63
1385,63
1361,64
1499,65
1472,67
1512,67
1513,69
1405,64
1631,71
1396,64
1378,64
1517,66
1542,71
1590,70
1493,68
1608,73
1626,71
1535,71
1511,69
1507,67
1551,67
1383,63
1564,70
1424,65
1629,70
1444,67
1558,72
1364,65
1533,71
1464,69
1620,73
1455,69
1464,66
1620,71
1580,70
1706,73
1568,69
1491,66
1424,65
1465,64
1485,67
1553,68
1574,69
1397,63
1442,65
1460,64
1467,67
1471,67
1531,70
1469,67
1564,71
1500,69
1687,73
1657,72
1511,69
1505,68
1490,68
1324,60
1482,67
1448,63
1501,67
1514,66
1510,66
1641,74
1573,73
1371,65
1620,71
1541,68
1574,70
1419,68
1624,73
1503,66
1633,70
1401,63
1452,66
1567,66
1568,71
1710,75
1699,74
1418,64
1619,71
1403,65
1503,69
1428,66
1286,62
1806,77
1297,63
1552,68
1654,72
1563,69
1578,68
1687,74
1516,68
1554,71
1547,68
1360,61
1476,65
1429,65
1450,65
1527,70
1523,65
1561,70
1605,70
1498,67
1553,70
1597,70
1577,67
1531,65
1677,73
1515,67
1329,61
1493,69
1404,67
1687,73
1464,65
1372,63
1630,72
1357,65
1559,68
1499,67
1365,63
1459,66
1431,65
1605,69
1547,67
1649,71
1649,69
1422,65
1459,65
1632,71
1587,70
1507,68
1863,78
1505,66
1616,69
1333,63
1408,64
1573,67
1569,68
1642,72
1353,62
1444,64
1502,69
1493,67
1463,64
1607,71
1561,67
1537,68
1547,67
1478,68
1388,63
1445,64
1337,61
1427,63
1545,69
1502,70
1521,69
1677,71
1382,63
1412,64
1581,69
1326,64
1589,68
1493,68
1536,66
1504,64
1512,69
1628,68
1658,70
1583,70
1555,70
1498,66
1395,61
1275,58
1377,65
1287,62
1611,69
1606,67
1574,69
1595,69
1669,71
1440,63
1373,63
1456,65
1443,63
1579,70
1681,73
1514,68
1603,71
1475,65
1327,62
1595,71
1317,63
1533,68
1360,62
1611,70
1555,69
1629,72
1635,72
1447,67
1586,68
1387,63
1459,65
1577,70
1583,68
1593,67
1500,66
1492,67
1516,67
1545,69
1493,66
1522,66
1520,69
1675,71
1549,66
1515,68
1519,70
1708,73
1511,68
1422,65
1446,66
1490,68
1396,65
1586,70
1458,65
1409,63
1532,67
1418,65
1560,67
1464,65
1421,62
1415,64
1419,66
1479,65
1400,63
1580,67
1436,62
1491,63
1375,66
1495,66
1636,70
1468,64
1517,67
1531,67
1364,63
1445,66
1609,68
1460,66
1547,68
1623,73
1491,68
1517,68
1396,65
1659,70
1417,66
1517,67
1423,66
1551,70
1478,62
1373,64
1452,66
1688,72
1453,65
1298,66
1520,70
1453,66
1571,67
1404,63
1334,61
1546,68
1685,71
1416,65
1545,67
1413,67
1527,66
1577,71
1488,66
1532,67
1652,72
1531,67
1608,69
1405,64
1432,65
1545,68
1615,69
1560,70
1521,68
1421,62
1455,67
1555,68
1482,65
1597,69
1455,66
1711,74
1460,63
1584,69
1520,67
1472,65
1436,63
1545,69
1509,68
1465,66
1537,69
1370,63
1477,67
1418,63
1424,65
1524,67
1518,67
1752,75
1472,66
1401,64
1520,68
1535,68
1493,68
1713,72
1376,60
1683,71
1561,68
1329,60
1424,64
1487,68
1504,70
1446,65
1452,67
1553,67
1374,65
1459,66
1408,64
1704,74
1633,72
1567,69
1420,61
1518,66
1507,68
1754,73
1309,63
1513,66
1392,63
1442,68
1491,65
1579,68
1734,73
1335,60
1475,66
1422,63
1400,67
1584,69
1471,66
1500,68
1436,63
1553,68
1578,70
1620,71
1553,68
1629,70
1568,69
1471,67
1588,69
1724,73
1523,68
1525,69
1678,72
1476,69
1550,69
1551,67
1460,68
1341,63
1473,62
1422,66
1689,73
1260,57
1402,62
1488,68
1468,67
1585,71
1572,68
1759,75
1551,69
1551,66
1539,68
1701,72
1416,62
1427,64
1416,63
1639,70
1535,69
1300,64
1393,65
1541,67
1551,67
1342,61
1494,66
1400,64
1339,60
1394,64
1427,65
1412,64
1493,67
1568,68
1639,70
1511,66
1469,68
1572,68
1549,68
1441,65
1476,68
1392,61
1357,62
1444,65
1509,66
1467,66
1379,62
1397,64
1473,67
1291,63
1626,72
1392,64
1633,69
1386,63
1660,72
1505,66
1530,69
1417,66
1570,68
1689,73
1463,64
1541,67
1523,68
1686,69
1503,68
1515,67
1513,67
1584,67
1636,70
1334,64
1579,68
1516,66
1488,66
1431,64
1500,66
1715,71
1446,67
1441,66
1576,69
1538,67
1480,66
1467,65
1552,68
1592,69
1323,63
1385,62
1613,71
1494,67
1369,59
1493,66
1485,65
1399,64
1510,69
1273,62
1333,61
1540,67
1403,64
1400,66
1372,62
1527,66
1423,61
1366,64
1578,68
1453,66
1418,66
1617,71
1509,66
1470,66
1583,69
1508,66
1469,66
1442,66
1752,75
1577,71
1652,72
1402,66
1581,69
1492,66
1520,69
1568,71
1592,71
1427,63
1742,73
1603,68
1410,65
1689,73
1382,63
1379,63
1515,66
1499,69
1447,65
1565,70
1542,69
1644,70
1569,69
1535,66
1542,69
1602,71
1717,74
1578,70
1591,68
1368,59
1513,67
1507,68
1545,70
1404,63
1516,65
1537,70
1509,65
1659,72
1495,67
1595,70
1654,70
1469,66
1634,72
1567,70
1595,70
1503,68
1609,67
1579,69
1677,73
1417,63
1492,63
1455,65
1517,68
1554,67
1441,66
1433,65
1531,70
1583,67
1578,70
1445,64
1621,69
1586,69
1483,65
1386,63
1546,69
1473,66
1632,72
1505,66
1335,64
1448,66
1528,67
1577,68
1301,60
1623,70
1376,62
1419,63
1502,67
1751,75
1598,69
1437,63
1550,69
1425,64
1401,62
1485,67
1566,69
1518,67
1435,62
1629,68
1563,69
1411,65
1630,71
1419,66
1609,71
1461,67
1524,67
1383,62
1551,68
1377,64
1392,60
1539,69
1556,68
1383,60
1529,67
1610,69
1383,62
1697,72
1541,68
1509,67
1519,67
1678,72
1368,62
1417,66
1634,71
1394,64
1604,70
1692,73
1447,66
1570,67
1470,66
1582,68
1568,66
1469,67
1378,64
1466,65
1572,69
1600,70
1484,67
1513,66
1472,67
1635,68
1573,69
1595,70
1515,67
1432,66
1405,63
1480,66
1606,69
1583,67
1550,66
1635,70
1748,75
1628,71
1446,66
1488,65
1750,75
1528,67
1729,75
1510,65
1680,70
1574,67
1427,65
1615,71
1520,66
1452,63
1793,76
1576,69
1520,67
1300,60
1477,66
1470,66
1621,70
1568,68
1402,61
1387,64
1598,69
1420,63
1574,70
1565,67
1370,62
1594,70
1673,74
1601,71
1251,60
1443,66
1561,68
1373,61
1694,71
1477,66
1636,72
1630,68
1612,69
1578,68
1496,67
1347,63
1558,67
1481,65
1524,68
1518,69
1426,65
1539,69
1494,67
1582,70
1325,62
1504,67
1370,66
1505,68
1434,65
1460,64
1418,64
1402,63
1413,67
1508,68
1538,67
1445,65
1415,64
1584,70
1308,60
1510,64
1596,71
1419,65
1393,64
1513,67
1415,62
1643,71
1541,70
1567,71
1522,66
1535,68
1446,65
1604,70
1509,66
1461,67
1607,71
1286,60
1566,68
1497,67
1378,64
1351,62
1473,67
1419,64
1538,66
1509,68
1641,74
1592,70
1724,73
1495,66
1409,64
1592,70
1478,66
1372,61
1555,67
1452,68
1600,68
1737,72
1378,65
1472,68
1393,64
1289,62
1477,66
1510,65
1690,73
1645,70
1205,58
1516,70
1432,64
1658,70
1427,65
1445,65
1610,69
1546,67
1552,67
1396,65
1409,65
1755,74
1635,71
1402,66
1596,71
1402,61
1485,68
1531,68
1433,63
1532,66
1369,63
1332,63
1497,66
1638,70
1426,62
1355,60
1528,71
1709,74
1403,65
1409,64
1472,65
1514,67
1506,66
1666,74
1514,65
1454,68
1766,76
1365,61
1528,70
1482,65
1497,67
1463,67
1474,66
1416,64
1590,69
1436,67
1677,72
1494,67
1405,63
1496,66
1411,65
1379,62
1336,64
1518,67
1640,72
1420,64
1524,65
1704,73
1494,67
1633,71
1607,70
1616,70
1466,65
1504,66
1514,68
1521,70
1279,59
1597,71
1558,69
1449,66
1556,70
1516,67
1451,66
1522,68
1480,65
1442,65
1512,67
1494,67
1266,60
1563,68
1744,73
1504,63
1386,64
1453,64
1502,69
1529,66
1633,70
1261,60
1521,68
1403,65
1853,76
1592,71
1434,65
1835,77
1425,66
1476,66
1488,65
1425,64
1591,70
1709,74
1672,71
1675,74
1622,68
1714,71
1497,69
1479,66
1501,68
1430,64
1485,68
1727,72
1519,66
1511,67
1539,69
1439,67
1506,68
1562,70
1342,61
1593,70
1404,63
1585,70
1369,65
1570,70
1547,67
1419,62
1553,68
1587,71
1665,74
1310,59
1465,69
1452,64
1394,65
1531,68
1464,66
1498,66
1506,68
1412,65
1558,68
1679,72
1480,67
1648,72
1233,59
1604,69
1696,71
1560,67
1592,69
1584,70
1503,66
1854,77
1405,66
1441,66
1569,70
1480,70
1508,68
1533,69
1613,73
1291,59
1573,69
1406,63
1351,63
1538,69
1501,67
1402,64
1547,68
1574,67
1484,66
1479,65
1380,64
1651,73
1553,70
1451,64
1493,67
1570,68
1447,66
1653,71
1578,68
1554,69
1491,64
1457,65
1710,73
1491,64
1381,65
1741,73
1528,68
1613,68
1486,69
1676,71
1318,64
1617,68
1431,64
1456,66
1533,67
1615,69
1445,65
1504,66
1472,67
1498,65
1353,62
1581,70
1512,69
1590,69
1395,65
1517,67
1463,64
1682,70
1555,68
1478,66
1392,64
1415,65
1589,69
1420,64
1666,72
1519,67
1694,72
1677,71
1580,69
1533,69
1450,66
1517,69
1589,71
1524,67
1406,66
1510,68
1426,64
1574,71
1486,68
1323,62
1546,67
1438,64
1333,63
1526,67
1544,68
1419,64
1505,69
1550,69
1400,65
1534,67
1555,68
1280,58
1509,66
1612,70
1383,64
1549,69
1482,66
1638,69
1459,67
1522,68
1663,71
1455,65
1707,73
1608,70
1582,69
1440,65
1477,63
1462,67
1476,68
1395,63
1447,66
1478,65
1628,69
1568,71
1514,69
1571,68
1376,61
1588,69
1682,71
1465,65
1488,65
1697,74
1328,63
1441,67
1436,66
1373,62
1723,73
1577,70
1483,68
1493,66
1507,66
1431,66
1625,68
1412,63
1581,71
1548,68
1719,74
1549,69
1257,60
1491,67
1487,69
1464,66
1411,65
1451,65
1453,67
1611,71
1386,63
1357,62
1467,67
1401,65
1509,68
1575,70
1514,66
1377,65
1651,72
1702,73
1391,62
1442,66
1526,64
1609,67
1365,64
1607,71
1562,68
1586,70
1294,61
1633,71
1499,67
1375,62
1560,67
1553,68
1548,69
1515,66
1486,69
1437,64
1624,71
1504,69
1430,64
1375,62
1524,69
1474,63
1696,73
1610,71
1589,68
1509,68
1379,64
1592,69
1459,65
1569,69
1461,66
1596,70
1608,69
1522,66
1319,62
1395,63
1508,69
1534,70
1423,65
1434,66
1584,69
1380,64
1565,67
1422,63
1593,68
1370,63
1498,66
1624,70
1608,70
1538,68
1656,71
1541,71
1418,62
1447,62
1574,71
1568,68
1521,67
1410,65
1612,70
1586,71
1663,73
1509,67
1585,68
1453,67
1451,65
1385,64
1670,70
1566,70
1498,67
1569,68
1531,67
1619,72
1685,73
1562,69
1416,64
1570,68
1742,73
1419,63
1428,63
1563,70
1497,67
1670,73
1586,69
1652,71
1438,67
1606,70
1754,75
1439,64
1423,67
1411,64
1463,66
1618,71
1410,65
1273,58
1400,63
1479,65
1558,68
1581,69
1504,70
1514,69
1464,66
1542,67
1540,67
1709,72
1583,71
1423,64
1514,66
1466,64
1575,71
1464,65
1580,71
1443,65
1526,67
1391,61
1376,63
1434,66
1774,73
1316,62
1636,72
1492,65
1492,68
1517,67
1753,76
1531,66
1447,63
1354,64
1770,76
1401,61
1428,66
1417,63
1477,62
1609,72
1554,68
1464,66
1709,72
1422,65
1557,69
1580,70
1477,63
1469,66
1464,67
1439,63
1523,68
1640,71
1566,66
1685,70
1559,69
1500,69
1662,71
1470,67
1380,64
1578,69
1495,65
1516,66
1486,67
1597,70
1512,68
1618,68
1534,67
1481,62
1409,64
1416,65
1726,74
1452,64
1334,59
1328,61
1276,61
1478,67
1481,66
1704,74
1588,68
1456,65
1676,72
1447,65
1494,67
1598,71
1814,75
1562,68
1519,67
1611,72
1480,66
1490,65
1429,65
1414,64
1560,67
1413,64
1652,73
1489,67
1271,61
1705,74
1592,67
1641,71
1526,66
1581,68
1454,67
1456,66
1628,69
1544,68
1544,67
1434,66
1648,70
1540,67
1438,66
1645,71
1551,68
1543,67
1244,60
1608,69
1450,67
1519,66
1487,67
1518,68
1435,65
1555,68
1444,64
1681,70
1472,65
1536,66
1483,65
1564,66
1402,62
1673,72
1594,68
1647,72
1601,69
1387,63
1639,72
1477,66
1462,65
1469,66
1241,60
1562,68
1539,65
1560,64
1382,64
1364,62
1564,67
1590,70
1527,66
1602,70
1406,65
1480,66
1451,67
1439,64
1552,69
1394,62
1509,66
1432,67
1597,69
1329,58
1645,71
1370,62
1736,73
1698,73
1421,65
1437,65
1676,73
1605,71
1308,62
1540,67
1533,66
1428,65
1516,69
1601,70
1586,68
1533,67
1493,67
1565,69
1477,67
1620,71
1475,66
1588,69
1544,70
1540,67
1626,72
1583,70
1413,65
1510,68
1511,70
1631,68
1549,67
1469,66
1663,70
1594,69
1504,67
1571,69
1280,61
1465,66
1363,60
1591,71
1653,71
1430,64
1548,69
1420,67
1525,68
1506,68
1527,69
1592,69
1494,68
1575,69
1660,71
1447,65
1623,68
1371,63
1466,68
1337,62
1714,72
1554,70
1493,67
1474,67
1581,68
1511,66
1355,62
1670,72
1526,65
1562,69
1683,71
1516,65
1494,68
1347,61
1397,62
1512,65
1504,68
1656,72
1515,67
1466,65
1387,67
1699,70
1365,62
1574,66
1510,66
1623,71
1540,66
1479,66
1632,70
1651,70
1380,63
1505,66
1424,65
1401,62
1693,73
1598,68
1546,69
1486,67
1502,67
1574,68
1450,67
1268,59
1430,65
1653,71
1481,67
1375,63
1474,66
1497,67
1464,63
1302,63
1692,74
1486,69
1627,72
1431,65
1399,64
1567,69
1271,60
1761,74
1638,71
1557,69
1610,71
1578,70
1369,62
1407,61
1445,64
1655,67
1597,71
1425,64
1481,68
1342,61
1624,70
1506,65
1538,70
1550,69
1356,64
1459,66
1443,67
1502,66
1624,72
1346,64
1427,63
1430,64
1513,69
1469,68
1511,66
1547,69
1507,68
1559,68
1542,68
1482,69
1485,65
1569,69
1424,65
1361,65
1782,76
1730,75
1587,71
1480,66
1499,67
1475,66
1512,68
1393,64
1363,63
1501,66
1378,61
1620,68
1656,72
1582,70
1480,65
1438,66
1747,75
1516,67
1576,69
1407,64
1284,62
1660,71
1457,64
1622,70
1433,66
1444,66
1542,67
1460,65
1396,64
1460,66
1815,77
1444,63
1721,73
1522,66
1615,69
1505,68
1436,67
1556,66
1404,63
1406,65
1417,63
1609,69
1390,65
1556,68
1536,68
1374,61
1557,65
1408,63
1629,72
1317,61
1498,66
1540,68
1432,66
1417,66
1761,73
1322,61
1671,70
1500,67
1522,69
1414,63
1499,66
1562,69
1533,66
1525,67
1439,64
1555,67
1580,68
1635,70
1609,69
1413,63
1573,70
1413,63
1676,73
1458,66
1545,68
1605,70
1411,66
1715,73
1457,66
1439,67
1471,65
1584,67
1444,65
1447,64
1551,69
1571,71
1420,64
1408,65
1306,61
1597,70
1557,68
1480,68
1460,66
1569,71
1618,71
1573,69
1456,63
1748,74
1525,66
1566,68
1625,71
1537,70
1716,74
1538,68
1531,69
1688,71
1725,74
1712,72
1493,66
1478,64
1559,70
1632,72
1646,72
1418,66
1470,65
1444,64
1582,69
1488,68
1402,62
1515,68
1588,69
1471,65
1517,69
1334,63
1388,62
1509,67
1695,75
1572,72
1475,64
1537,68
1656,71
1467,65
1442,66
1434,65
1511,67
1729,72
1575,67
1360,64
1520,66
1533,65
1497,65
1482,67
1545,68
1622,72
1532,66
1587,67
1565,68
1518,67
1645,72
1536,67
1687,74
1441,67
1491,65
1609,71
1520,66
1497,66
1601,70
1627,70
1399,62
1700,71
1432,67
1521,69
1525,68
1481,67
1385,63
1488,66
1507,69
1351,64
1537,68
1480,67
1663,74
1435,63
1371,63
1527,66
1494,67
1522,69
1542,68
1467,67
1384,64
1763,75
1603,69
1460,63
1482,65
1154,57
1471,66
1791,76
1681,72
1437,64
1583,71
1503,66
1515,67
1390,64
1437,65
1556,68
1579,71
1452,63
1347,64
1749,74
1641,70
1407,63
1730,74
1335,60
1492,66
1596,69
1341,63
1424,65
1618,71
1657,74
1542,69
1512,69
1462,64
1717,74
1625,70
1448,64
1590,69
1559,69
1693,71
1362,62
1480,66
1378,65
1407,64
1574,67
1496,67
1502,66
1430,66
1553,67
1488,69
1555,68
1579,70
1407,63
1580,68
1375,62
1507,67
1575,68
1557,67
1559,66
1562,68
1408,62
1625,69
1459,65
1514,66
1537,68
1424,64
1637,73
1594,70
1578,68
1574,69
1376,63
1528,68
1342,62
1777,75
1512,66
1169,57
1552,69
1542,68
1593,70
1543,70
1624,69
1480,69
1453,65
1748,74
1350,64
1561,68
1366,62
1663,71
1527,70
1570,69
1372,62
1532,67
1407,64
1364,62
1646,70
1326,60
1692,73
1458,66
1288,61
1631,70
1536,68
1308,62
1692,74
1325,62
1420,64
1526,65
1430,62
1373,61
1497,67
1471,66
1550,69
1443,67
1522,66
1447,65
1546,67
1332,60
1462,64
1518,64
1644,68
1557,70
1494,67
1711,72
1616,71
1522,66
1413,64
1509,68
1404,63
1457,66
1657,70
1560,69
1532,65
1588,69
1464,67
1528,68
1465,66
1527,69
1637,70
1469,64
1519,66
1509,68
1625,71
1531,67
1707,75
1682,73
1373,62
1518,65
1232,60
1344,60
1501,67
1515,64
1619,71
1595,71
1472,66
1612,68
1669,71
1400,65
1598,69
1638,73
1499,67
1502,68
1548,68
1634,69
1501,66
1425,65
1582,66
1534,69
1487,66
1607,70
1370,64
1454,68
1488,67
1345,63
1639,70
1518,67
1450,66
1395,64
1570,70
1411,65
1599,69
1499,67
1455,67
1496,67
1563,68
1541,66
1416,65
1562,67
1509,68
1422,63
1584,70
1393,63
1582,71
1655,73
1628,72
1554,70
1422,66
1695,70
1539,68
1693,73
1452,66
1526,68
1448,65
1518,68
1483,68
1600,67
1532,68
1495,65
1335,64
1555,70
1418,65
1560,70
1565,69
1747,75
1443,64
1616,70
1507,66
1637,72
1482,65
1454,66
1668,71
1460,64
1654,70
1422,63
1666,72
1630,70
1503,69
1446,68
1418,65
1456,66
1375,63
1504,68
1578,70
1566,67
1633,71
1509,65
1534,64
1472,67
1553,67
1437,65
1412,63
1550,66
1610,71
1327,62
1497,68
1519,67
1399,64
1455,66
1522,68
1423,64
1400,65
1668,72
1393,65
1505,65
1324,62
1450,64
1495,65
1557,70
1482,64
1609,69
1545,68
1614,71
1397,64
1608,71
1551,69
1382,63
1441,66
1379,62
1589,70
1537,68
1472,66
1677,71
1715,73
1717,72
1451,67
1609,68
1676,71
1523,68
1656,69
1350,65
1500,67
1508,67
1548,67
1638,70
1608,71
1468,66
1555,67
1439,65
1677,71
1604,71
1482,66
1383,63
1722,70
1405,67
1485,65
1596,67
1686,73
1513,66
1547,68
1442,67
1601,70
1456,66
1524,68
1457,69
1416,65
1578,68
1586,67
1464,67
1678,71
1439,64
1554,69
1633,71
1502,67
1432,65
1419,64
1438,65
1616,69
1612,71
1388,62
1567,69
1558,68
1562,69
1557,70
1557,68
1479,66
1484,64
1389,64
1546,68
1682,71
1530,64
1558,68
1472,66
1576,70
1609,70
1417,65
1436,66
1498,67
1494,67
1540,67
1449,69
1508,67
1571,68
1478,65
1480,64
1623,71
1455,68
1377,62
1556,67
1612,66
1338,61
1445,68
1570,66
1619,71
1720,75
1453,66
1677,71
1389,64
1355,60
1495,66
1495,67
1411,64
1513,68
1508,68
1519,67
1542,71
1453,69
1534,68
1401,63
1521,69
1657,69
1418,65
1527,69
1484,65
1394,64
1255,61
1600,72
1485,66
1337,62
1490,67
1710,71
1699,73
1484,64
1442,69
1406,63
1606,71
1495,64
1356,62
1509,69
1459,68
1432,65
1608,70
1464,65
1518,69
1408,63
1437,64
1450,65
1618,70
1546,68
1518,66
1601,69
1538,67
1536,67
1491,68
1493,68
1442,64
1623,71
1614,71
1459,65
1366,64
1381,64
1524,67
1547,68
1318,61
1635,72
1759,75
1467,68
1672,71
1439,65
1358,63
1365,63
1674,71
1548,69
1467,66
1540,68
1396,65
1451,66
1561,69
1547,71
1521,68
1291,61
1648,71
1523,68
1681,72
1423,64
1571,68
1580,70
1753,74
1628,69
1580,69
1521,67
1389,64
1588,69
1465,63
1282,60
1534,68
1492,68
1445,67
1529,66
1658,72
1514,68
1439,64
1494,65
1640,70
1434,67
1322,62
1401,66
1597,70
1357,62
1506,65
1602,69
1447,65
1575,69
1580,68
1518,67
1393,63
1672,71
1483,67
1558,69
1470,67
1601,71
1473,66
1686,71
1637,71
1655,72
1374,65
1298,62
1357,66
1462,63
1583,69
1448,63
1567,68
1657,72
1444,65
1481,67
1559,68
1447,66
1493,67
1482,65
1516,66
1397,64
1544,67
1271,61
1442,66
1269,60
1311,61
1335,62
1465,66
1628,71
1601,68
1409,64
1599,69
1522,66
1661,71
1433,63
1636,69
1402,66
1369,63
1539,67
1630,71
1319,63
1697,73
1337,63
1691,73
1554,69
1497,67
1700,71
1561,65
1462,64
1572,68
1452,64
1660,70
1559,69
1452,66
1362,65
1396,63
1339,61
1615,69
1496,66
1566,68
1497,68
1452,67
1513,65
1233,58
1365,64
1585,67
1516,67
1588,69
1565,68
1608,71
1482,64
1492,66
1561,67
1551,68
1576,69
1577,68
1297,60
1550,67
1531,68
1493,64
1604,71
1573,69
1344,64
1351,64
1683,70
1467,65
1445,66
1544,68
1532,66
1504,70
1485,65
1446,67
1416,67
1407,63
1472,65
1609,71
1623,67
1615,70
1408,62
1394,64
1469,66
1448,64
1475,67
1572,68
1421,64
1722,75
1621,72
1525,66
1389,61
1627,73
1560,69
1549,69
1637,71
1528,64
1517,67
1475,65
1424,65
1609,69
1310,62
1371,64
1613,69
1592,72
1654,72
1460,66
1748,75
1510,66
1518,67
1253,59
1571,67
1550,69
1455,66
1404,67
1557,67
1564,67
1494,67
1220,57
1451,66
1631,71
1616,70
1554,67
1437,65
1534,67
1750,73
1407,64
1492,67
1522,68
1467,67
1453,64
1612,71
1688,72
1588,68
1416,66
1545,66
1616,68
1480,64
1521,65
1369,62
1562,69
1433,67
1523,66
1526,68
1652,71
1517,69
1404,65
1490,66
1647,72
1579,70
1605,70
1492,67
1540,69
1812,76
1461,65
1408,65
1583,70
1531,67
1643,71
1590,71
1477,67
1543,68
1687,72
1603,71
1685,71
1460,66
1602,70
1567,67
1515,66
1473,66
1514,66
1555,65
1488,66
1570,67
1502,65
1490,65
1432,64
1605,68
1497,67
1533,69
1499,66
1409,68
1552,70
1487,67
1534,67
1537,68
1524,68
1457,66
1535,66
1488,65
1517,67
1370,64
1568,69
1570,68
1452,67
1575,69
1589,72
1697,72
1690,72
1644,71
1652,70
1452,67
1498,67
1420,63
1449,66
1414,65
1529,66
1457,65
1551,69
1588,68
1611,70
1434,67
1582,69
1634,72
1615,72
1463,64
1587,70
1529,69
1501,67
1576,73
1319,59
1603,70
1538,68
1530,68
1710,74
1530,69
1331,62
1469,68
1180,58
1597,69
1583,69
1442,62
1542,70
1453,66
1413,62
1398,65
1743,74
1546,67
1392,64
1374,63
1500,66
1622,68
1514,67
1401,64
1414,68
1413,65
1394,64
1500,68
1698,73
1514,68
1581,70
1652,72
1745,74
1620,72
1496,66
1622,70
1657,72
1479,66
1490,66
1580,68
1641,68
1740,74
1392,63
1558,69
1623,69
1587,69
1606,71
1598,68
1529,68
1758,76
1525,68
1681,72
1643,73
1357,63
1540,66
1453,66
1602,70
1407,65
1529,67
1698,71
1460,63
1434,66
1515,69
1590,69
1436,63
1535,68
1516,66
1562,68
1604,72
1679,70
1459,66
1444,65
1502,66
1566,71
1633,68
1478,64
1464,70
1192,58
1575,71
1567,69
1469,69
1252,57
1485,66
1729,73
1460,65
1388,65
1479,67
1603,70
1464,66
1355,61
1468,64
1494,65
1378,62
1539,70
1669,72
1491,66
1430,66
1537,68
1491,66
1511,68
1551,69
1317,60
1620,69
1434,64
1474,66
1654,71
1371,64
1512,67
1686,71
1671,73
1136,57
1523,68
1313,61
1601,72
1477,64
1501,66
1575,70
1386,66
1498,68
1465,65
1505,67
1621,73
1566,69
1456,64
1376,64
1432,64
1526,69
1597,69
1421,66
1685,73
1462,62
1682,71
1563,68
1454,66
1465,66
1585,71
1405,65
1369,65
1443,66
1496,66
1542,66
1507,66
1405,64
1462,63
1562,69
1361,65
1493,64
1481,65
1738,74
1622,71
1556,68
1485,69
1555,70
1614,71
1520,68
1432,64
1479,67
1382,62
1506,65
1603,71
1516,66
1443,65
1366,64
1598,69
1480,66
1462,66
1444,66
1459,65
1435,66
1486,67
1380,64
1506,67
1257,60
1543,70
1553,68
1669,71
1593,72
1607,71
1457,69
1371,63
1572,69
1655,72
1457,67
1423,66
1759,73
1417,63
1442,64
1586,71
1493,69
1631,71
1620,70
1504,68
1414,64
1668,71
1475,67
1668,74
1570,67
1572,71
1577,71
1626,69
1324,61
1324,61
1625,71
1329,62
1656,72
1529,65
1631,70
1532,70
1538,67
1431,65
1652,72
1588,70
1428,64
1580,67
1326,61
1468,65
1545,69
1438,66
1450,66
1543,67
1524,68
1420,62
1347,65
1574,71
1417,65
1489,68
1495,67
1575,70
1372,63
1419,67
1515,65
1774,74
1514,68
1623,71
1518,68
1650,72
1350,60
1518,69
1738,72
1459,66
1557,71
1379,62
1441,67
1577,69
1501,68
1511,66
1440,63
1349,62
1396,65
1459,65
1745,72
1495,65
1455,66
1503,66
1549,70
1612,69
1416,64
1312,62
1595,70
1316,60
1570,70
1566,69
1533,69
1352,63
1454,64
1548,67
1558,70
1521,65
1363,62
1579,67
1526,68
1543,68
1663,72
1480,66
1329,61
1548,66
1495,67
1499,66
1680,73
1674,74
1538,68
1462,65
1485,65
1426,67
1570,70
1432,62
1533,66
1625,70
1455,67
1497,67
1471,68
1564,69
1825,75
1503,68
1491,67
1480,68
1532,66
1464,67
1608,69
1278,62
1541,70
1788,77
1495,68
1664,71
1396,63
1698,73
1601,70
1682,73
1509,66
1422,64
1543,67
1571,68
1378,64
1440,67
1531,68
1496,67
1532,70
1585,68
1329,57
1409,63
1461,65
1442,67
1475,66
1656,73
1485,65
1478,66
1552,69
1498,69
1521,66
1547,72
1432,63
1541,68
1377,63
1619,69
1325,62
1625,69
1547,69
1347,62
1406,64
1378,62
1547,69
1667,71
1595,71
1588,68
1601,68
1523,63
1725,73
1411,64
1454,67
1334,63
1590,68
1664,67
1599,71
1599,67
1748,73
1578,69
1406,65
1644,70
1624,71
1537,65
1661,71
1688,72
1579,67
1531,67
1469,66
1387,65
1555,68
1423,65
1512,69
1502,65
1484,66
1507,69
1282,62
1533,69
1402,68
1489,65
1489,67
1701,72
1467,66
1606,69
1541,67
1415,63
1524,67
1417,67
1484,65
1345,61
1412,63
1483,66
1420,63
1615,69
1756,75
1420,66
1419,65
1472,65
1456,66
1485,64
1601,69
1532,67
1461,68
1477,67
1522,66
1692,71
1602,70
1514,68
1426,67
1609,69
1592,70
1329,58
1513,69
1604,72
1449,67
1492,67
1517,68
1471,68
1500,68
1552,67
1489,67
1585,69
1486,66
1430,64
1598,69
1420,66
1380,62
1497,66
1455,65
1593,70
1466,66
1440,63
1716,71
1513,68
1310,61
1512,67
1547,67
1503,68
1610,71
1514,69
1619,71
1401,66
1518,68
1446,68
1615,70
1654,70
1386,65
1419,68
1488,67
1491,65
1477,67
1583,70
1382,65
1418,64
1477,65
1666,71
1494,65
1452,64
1383,63
1591,70
1383,65
1774,75
1614,69
1469,65
1417,65
1552,70
1497,67
1419,64
1825,77
1573,72
1625,70
1723,74
1554,66
1434,64
1611,70
1458,64
1497,67
1596,71
1697,71
1573,69
1624,70
1665,73
1419,64
1575,67
1502,66
1517,67
1466,63
1593,71
1609,71
1553,66
1569,70
1458,65
1276,57
1405,65
1535,67
1363,62
1572,70
1325,61
1417,65
1515,68
1295,62
1393,63
1445,67
1466,66
1457,68
1376,61
1346,61
1349,64
1479,68
1738,72
1605,71
1495,67
1506,68
1575,69
1684,72
1531,68
1347,61
1432,63
1414,63
1511,67
1681,72
1535,69
1620,70
1634,69
1558,70
1664,73
1605,71
1356,59
1508,67
1658,73
1613,69
1394,63
1385,64
1460,65
1507,65
1480,65
1690,70
1525,70
1443,65
1571,70
1725,74
1619,70
1390,63
1581,68
1493,66
1503,65
1523,68
1473,65
1562,70
1590,70
1496,69
1459,65
1595,70
1598,68
1536,67
1582,70
1800,75
1582,69
1519,66
1570,72
1524,66
1502,66
1512,68
1518,65
1465,69
1530,69
1473,68
1628,69
1604,71
1668,72
1636,70
1565,65
1477,64
1428,64
1498,65
1405,67
1423,66
1492,66
1363,63
1621,69
1449,65
1489,64
1742,72
1631,72
1486,67
1443,66
1304,62
1564,68
1661,72
1435,64
1418,67
1338,62
1679,72
1419,64
1594,69
1390,63
1670,69
1478,68
1604,70
1620,70
1489,67
1321,60
1504,67
1573,69
1586,69
1517,70
1355,60
1576,70
1391,65
1545,67
1447,64
1742,74
1575,69
1377,60
1333,60
1499,68
1526,69
1599,70
1706,73
1580,69
1579,69
1438,65
1619,68
1556,69
1589,67
1489,66
1785,76
1599,68
1325,62
1497,66
1641,71
1568,69
1562,70
1453,65
1328,61
1662,72
1642,69
1515,68
1493,66
1466,65
1613,70
1401,64
1581,68
1662,71
1374,62
1579,70
1450,64
1665,72
1354,62
1359,62
1446,66
1581,70
1506,66
1527,66
1456,64
1453,63
1431,66
1479,66
1500,69
1501,65
1545,69
1651,73
1673,72
1589,69
1529,68
1755,75
1442,65
1614,71
1536,66
1705,74
1457,66
1503,67
1615,67
1514,67
1559,69
1451,65
1514,66
1556,70
1441,64
1500,67
1405,63
1433,62
1659,68
1482,67
1428,66
1746,74
1404,65
1261,61
1478,68
1295,61
1430,67
1723,73
1422,64
1445,65
1534,68
1552,69
1647,70
1622,69
1476,63
1471,65
1535,69
1474,67
1707,73
1597,69
1566,69
1290,59
1593,69
1754,73
1515,66
1589,69
1669,70
1440,64
1559,67
1516,66
1545,69
1497,65
1632,72
1414,66
1583,69
1535,69
1493,65
1656,71
1566,68
1608,69
1503,67
1747,76
1415,63
1572,68
1540,68
1433,65
1557,68
1347,63
1518,67
1462,67
1404,64
1534,67
1509,66
1635,70
1541,67
1535,68
1447,65
1611,71
1522,68
1676,71
1523,68
1462,68
1551,68
1551,69
1521,66
1600,70
1499,64
1533,68
1540,67
1472,67
1462,70
1640,70
1488,66
1533,67
1263,60
1444,67
1668,72
1471,67
1475,66
1550,70
1325,64
1476,66
1462,68
1601,70
1497,65
1497,67
1371,62
1577,69
1744,73
1414,64
1466,64
1591,71
1451,65
1336,64
1419,64
1451,64
1646,72
1684,73
1676,72
1618,72
1521,67
1487,67
1367,61
1447,67
1262,61
1590,71
1712,73
1461,65
1480,67
1687,72
1429,63
1559,66
1525,65
1485,67
1545,69
1632,70
1550,70
1484,67
1485,66
1584,71
1402,64
1616,70
1454,64
1551,69
1355,63
1668,72
1727,74
1689,73
1448,65
1477,69
1535,68
1465,66
1589,71
1381,64
1655,70
1609,71
1344,62
1450,67
1686,72
1777,75
1664,70
1630,71
1680,72
1578,69
1341,65
1627,70
1420,64
1644,68
1572,68
1599,68
1512,65
1377,64
1547,68
1517,68
1650,69
1520,68
1478,66
1616,69
1559,68
1514,67
1631,71
1533,68
1544,68
1500,70
1567,70
1647,70
1543,69
1351,61
1579,69
1612,71
1500,67
1527,69
1371,61
1511,69
1529,67
1457,63
1573,67
1459,66
1522,65
1463,65
1463,65
1635,73
1408,61
1462,67
1367,64
1674,72
1521,69
1605,69
1532,69
1554,67
1555,68
1646,72
1515,69
1474,65
1462,66
1250,60
1589,70
1652,73
1492,68
1743,74
1554,70
1547,67
1443,64
1416,62
1558,69
1732,73
1418,67
1526,70
1395,64
1600,69
1522,68
1623,70
1401,64
1639,71
1611,69
1500,65
1480,64
1666,70
1528,66
1374,63
1418,66
1435,65
1597,69
1524,68
1485,67
1268,61
1486,67
1497,67
1657,74
1452,67
1498,68
1473,65
1447,64
1569,70
1575,69
1573,71
1524,64
1714,73
1374,61
1722,71
1611,72
1610,72
1438,65
1510,65
1457,65
1578,71
1512,66
1396,66
1613,72
1651,69
1522,70
1456,65
1376,61
1524,66
1456,66
1414,67
1503,68
1421,63
1480,68
1447,65
1531,66
1486,68
1442,65
1474,65
1605,70
1586,68
1488,68
1594,68
1505,67
1654,72
1500,67
1519,66
1522,67
1641,71
1431,64
1437,66
1454,62
1332,61
1473,68
1561,67
1647,71
1666,74
1374,64
1397,61
1643,70
1667,72
1534,64
1460,67
1522,69
1695,73
1405,63
1681,72
1468,62
1401,63
1687,73
1486,64
1493,67
1488,69
1422,62
1475,65
1461,67
1379,61
1621,67
1426,63
1550,65
1517,66
1489,67
1571,69
1636,70
1406,63
1496,68
1651,70
1470,65
1519,68
1620,71
1384,65
1471,68
1595,68
1325,61
1381,61
1557,69
1509,67
1422,65
1569,70
1619,69
1645,71
1495,68
1664,72
1576,70
1412,65
1437,64
1672,71
1636,70
1504,67
1492,66
1523,67
1584,72
1609,70
1529,68
1494,64
1700,72
1616,72
1667,73
1602,70
1374,62
1570,73
1602,69
1437,64
1458,64
1555,70
1445,65
1526,67
1453,63
1431,65
1354,63
1466,67
1504,67
1422,65
1449,65
1579,68
1556,69
1552,69
1430,64
1484,65
1459,65
1372,61
1419,65
1401,64
1533,69
1370,62
1750,72
1590,72
1371,63
1378,63
1520,67
1632,69
1674,73
1486,64
1577,70
1583,69
1683,72
1428,66
1579,70
1583,68
1436,65
1620,70
1427,62
1530,66
1563,70
1501,66
1346,63
1447,66
1491,65
1489,67
1468,66
1426,66
1681,72
1704,71
1522,68
1483,67
1467,66
1512,66
1467,65
1489,64
1483,67
1515,66
1564,68
1624,70
1531,69
1400,64
1495,68
1418,62
1478,66
1536,70
1493,67
1460,63
1654,70
1409,65
1707,71
1492,65
1549,67
1592,70
1555,68
1683,72
1677,73
1628,72
1544,70
1540,67
1414,65
1551,68
1745,75
1605,68
1573,69
1558,68
1366,62
1545,67
1378,65
1507,65
1644,70
1832,75
1329,63
1507,67
1596,70
1552,69
1676,71
1748,73
1596,69
1534,69
1538,67
1511,67
1396,65
1467,66
1324,59
1435,67
1432,67
1712,74
1457,65
1601,70
1443,63
1481,65
1710,73
1455,65
1548,69
1552,68
1351,63
1303,61
1561,68
1584,68
1521,67
1649,73
1603,71
1603,70
1406,64
1621,71
1532,67
1447,65
1501,65
1617,70
1568,67
1538,67
1703,72
1579,70
1507,68
1473,67
1583,68
1679,72
1433,64
1590,70
1500,70
1372,65
1714,71
1681,72
1457,64
1541,68
1349,63
1726,75
1459,67
1514,69
1466,64
1689,73
1485,66
1528,69
1515,66
1436,63
1416,66
1403,64
1591,70
1539,67
1571,68
1526,67
1662,71
1631,71
1533,66
1642,71
1583,69
1501,67
1567,69
1272,61
1477,66
1584,68
1379,61
1544,65
1521,66
1476,67
1552,68
1411,66
1521,66
1606,72
1689,72
1632,71
1479,65
1443,65
1470,67
1360,63
1698,72
1511,66
1437,65
1397,63
1574,70
1488,67
1577,68
1583,71
1592,71
1611,70
1791,76
1504,67
1614,68
1506,68
1490,66
1526,67
1492,65
1625,71
1707,73
1490,68
1556,68
1472,63
1472,66
1687,72
1289,60
1754,75
1252,59
1429,63
1648,71
1430,64
1460,67
1448,65
1432,66
1520,68
1567,71
1605,69
1490,67
1502,66
1541,67
1562,70
1478,64
1464,64
1774,74
1559,68
1680,72
1598,69
1453,67
1554,66
1387,64
1371,63
1462,66
1631,70
1367,64
1603,69
1610,68
1511,67
1487,67
1400,63
1493,66
1705,72
1566,67
1644,68
1596,69
1640,68
1442,66
1491,68
1568,70
1458,66
1331,60
1553,68
1490,66
1531,68
1434,62
1470,65
1825,76
1554,67
1359,64
1457,65
1568,68
1579,71
1387,63
1563,68
1563,69
1511,68
1542,68
1543,67
1491,65
1658,71
1388,64
1582,69
1540,68
1482,66
1406,63
1539,69
1562,69
1493,66
1403,65
1448,66
1545,66
1653,70
1453,66
1612,71
1479,67
1595,69
1738,72
1635,71
1550,64
1549,68
1551,69
1442,67
1443,66
1645,69
1744,71
1604,71
1690,73
1456,64
1588,71
1394,63
1535,67
1477,65
1593,71
1560,71
1617,69
1549,70
1873,79
1542,67
1846,77
1694,74
1481,68
1643,72
1668,73
1639,72
1543,68
1420,64
1489,66
1544,71
1588,70
1352,63
1682,70
1732,73
1688,69
1616,68
1626,71
1675,72
1629,69
1480,65
1517,64
1627,71
1447,64
1495,64
1596,72
1360,63
1367,62
1720,72
1530,69
1407,63
1704,72
1537,68
1640,71
1475,68
1570,67
1472,65
1505,67
1318,61
1562,67
1343,59
1518,70
1599,68
1355,64
1391,62
1674,74
1405,64
1503,69
1442,67
1569,66
1614,71
1397,64
1496,68
1587,68
1414,64
1609,70
1546,68
1575,72
1572,67
1703,73
1731,70
1380,64
1747,73
1464,67
1470,66
1433,63
1538,68
1645,71
1535,67
1413,62
1498,65
1444,64
1464,66
1546,68
1527,67
1673,73
1705,73
1668,72
1383,65
1426,64
1521,65
1547,69
1348,64
1447,64
1554,66
1695,73
1553,71
1458,67
1507,67
1454,65
1521,67
1463,64
1391,66
1397,62
1458,64
1731,72
1404,65
1405,64
1596,71
1440,63
1572,69
1877,76
1551,67
1614,71
1506,67
1612,68
1618,69
1587,71
1484,66
1542,68
1675,70
1610,68
1582,70
1681,71
1490,65
1652,71
1511,67
1720,74
1406,63
1679,68
1522,68
1523,67
1299,60
1628,71
1534,68
1508,65
1487,67
1381,60
1573,70
1742,73
1637,71
1509,64
1517,68
1529,67
1689,73
1622,68
1334,59
1717,74
1439,66
1677,74
1404,62
1510,66
1416,66
1560,69
1587,67
1543,69
1717,74
1730,73
1519,66
1355,61
1496,65
1639,70
1510,68
1609,70
1694,74
1781,76
1631,70
1454,65
1703,74
1564,67
1485,68
1417,60
1655,71
1501,64
1544,67
1526,67
1717,73
1518,66
1631,70
1368,63
1550,69
1525,68
1491,67
1470,63
1610,70
1532,67
1596,68
1537,66
1642,69
1726,70
1460,65
1671,70
1436,65
1714,72
1634,70
1626,67
1527,67
1475,64
1512,66
1788,74
1602,71
1554,68
1673,73
1498,67
1690,73
1589,69
1546,69
1546,68
1542,68
1523,69
1507,69
1756,73
1313,60
1793,76
1469,64
1491,66
1667,72
1475,68
1493,68
1591,71
1596,72
1562,69
1434,64
1499,67
1632,73
1488,69
1580,68
1484,67
1516,70
1539,68
1518,67
1621,70
1693,71
1542,69
1615,70
1414,64
1438,65
1459,66
1497,69
1287,59
1477,66
1614,70
1596,69
1681,73
1505,68
1539,66
1482,64
1368,62
1602,71
1425,66
1613,71
1387,62
1503,67
1585,70
1533,68
1609,69
1687,71
1653,74
1557,69
1596,69
1506,67
1624,71
1572,69
1467,66
1718,73
1496,67
1590,69
1728,74
1762,74
1612,69
1663,71
1591,70
1641,69
1513,67
1576,71
1564,71
1571,69
1652,72
1417,62
1476,67
1470,64
1712,74
1534,67
1760,75
1598,68
1615,71
1509,66
1604,71
1606,69
1748,74
1572,70
1616,70
1619,69
1393,64
1459,64
1591,69
1633,71
1641,71
1463,65
1368,62
1376,63
1607,69
1532,67
1732,73
1476,66
1591,68
1468,68
1363,60
1561,68
1408,64
1519,65
1649,70
1776,75
1524,67
1359,65
1655,71
1461,65
1573,71
1340,60
1691,71
1427,66
1523,70
1594,68
1753,75
1644,69
1462,64
1587,71
1591,72
1456,64
1598,68
1671,73
1669,74
1534,69
1479,64
1568,69
1493,64
1567,68
1587,69
1425,62
1690,74
1505,65
1426,64
1747,72
1639,70
1732,75
1467,66
1469,66
1372,60
1666,71
1444,66
1467,65
1649,69
1628,71
1690,73
1606,71
1601,70
1615,69
1580,69
1519,68
1529,66
1774,75
1612,66
1597,71
1498,67
1496,67
1574,66
1421,65
1481,65
1363,63
1610,67
1593,71
1496,67
1563,68
1562,71
1548,68
1635,71
1576,69
1612,68
1737,73
1587,68
1547,67
1564,66
1546,69
1735,73
1596,69
1436,64
1658,71
1598,68
1626,71
1516,65
1528,69
1663,73
1657,70
1652,68
1688,72
1494,66
1432,65
1447,63
1489,68
1685,74
1409,64
1625,69
1483,65
1665,72
1679,72
1448,66
1495,67
1789,76
1439,63
1609,70
1390,62
1482,64
1457,66
1431,68
1690,72
1416,64
1462,65
1548,66
1446,64
1573,68
1607,71
1484,65
1642,71
1432,63
1374,65
1448,67
1511,67
1544,67
1678,72
1504,68
1581,68
1652,72
1758,75
1402,65
1401,64
1491,67
1492,66
1458,65
1566,69
1525,69
1443,63
1641,68
1613,70
1701,72
1560,68
1430,64
1631,71
1630,71
1475,64
1711,74
1495,67
1640,71
1607,74
1631,71
1573,68
1501,68
1378,61
1475,68
1689,72
1480,67
1494,65
1616,68
1422,64
1617,71
1544,69
1519,67
1566,68
1552,67
1663,68
1616,69
1897,78
1514,66
1593,69
1437,65
1516,66
1563,68
1550,70
1465,67
1598,67
1495,66
1554,69
1468,66
1535,66
1456,63
1553,71
1583,69
1598,69
1392,62
1371,61
1575,68
1459,65
1674,73
1466,64
1580,70
1709,70
1457,64
1540,69
1562,66
1406,63
1573,69
1538,69
1639,71
1512,68
1551,68
1442,65
1660,73
1598,68
1618,71
1563,70
1775,75
1501,66
1534,68
1439,66
1615,72
1496,66
1578,67
1559,66
1461,66
1453,66
1581,69
1553,68
1620,71
1588,67
1512,67
1769,74
1408,61
1458,62
1495,68
1651,70
1525,68
1514,68
1558,66
1476,68
1610,71
1522,69
1421,64
1597,70
1590,68
1371,67
1613,73
1606,71
1474,63
1674,73
1426,67
1352,64
1461,69
1695,74
1420,66
1580,68
1330,60
1614,68
1360,62
1452,67
1582,71
1537,67
1520,66
1562,68
1431,64
1333,61
1526,67
1406,64
1708,72
1493,67
1281,59
1433,64
1571,69
1400,66
1571,70
1510,67
1608,71
1869,75
1501,68
1563,67
1608,67
1602,71
1505,68
1301,61
1528,68
1415,65
1327,61
1517,64
1684,71
1503,66
1555,70
1608,71
1640,70
1656,72
1436,63
1498,66
1590,71
1571,69
1485,63
1587,72
1503,67
1557,70
1560,69
1435,66
1583,70
1626,70
1496,67
1521,69
1481,67
1653,70
1793,76
1612,70
1650,69
1491,67
1742,74
1419,66
1819,76
1490,66
1811,74
1583,69
1555,68
1615,69
1755,76
1570,70
1537,64
1779,75
1581,68
1388,65
1497,66
1749,77
1442,64
1438,64
1602,69
1698,74
1715,74
1570,69
1602,69
1469,68
1586,70
1796,76
1832,78
1540,69
1336,62
1491,67
1541,67
1544,66
1589,70
1715,75
1500,66
1556,68
1672,74
1568,70
1624,68
1577,67
1700,73
1588,70
1648,72
1614,69
1616,70
1666,72
1460,66
1487,67
1358,59
1622,69
1711,71
1489,68
1620,69
1503,66
1586,69
1411,62
1558,69
1520,66
1613,70
1497,69
1476,68
1588,68
1607,71
1415,65
1552,68
1571,67
1487,66
1672,72
1384,65
1671,71
1446,64
1715,72
1490,64
1570,68
1564,68
1635,69
1589,72
1455,66
1787,75
1731,71
1629,70
1565,68
1523,68
1418,63
1773,73
1651,68
1568,67
1560,67
1621,73
1450,64
1504,61
1362,63
1414,66
1539,69
1694,71
1476,67
1625,71
1459,66
1419,66
1568,67
1599,70
1444,67
1586,68
1589,67
1594,69
1522,68
1557,67
1671,70
1460,65
1567,66
1455,67
1630,72
1457,65
1452,66
1596,70
1746,75
1785,75
1616,71
1591,70
1363,62
1628,71
1621,71
1614,70
1512,67
1518,66
1461,66
1577,69
1597,71
1396,64
1523,67
1550,69
1264,57
1374,61
1595,68
1621,72
1424,68
1521,65
1509,68
1570,69
1658,72
1447,65
1649,71
1726,70
1772,74
1512,65
1387,64
1499,67
1520,68
1669,72
1656,71
1537,69
1424,65
1471,66
1504,67
1320,63
1646,71
1648,71
1445,63
1566,70
1458,63
1433,67
1221,56
1457,65
1498,66
1632,73
1604,69
1591,72
1605,71
1551,69
1634,71
1494,68
1631,68
1826,77
1651,71
1470,60
1369,62
1685,74
1548,68
1808,74
1701,74
1706,73
1470,65
1452,64
1577,68
1463,66
1529,67
1487,66
1527,68
1862,77
1555,66
1704,74
1577,69
1631,71
1531,71
1453,64
1504,67
1430,62
1555,66
1595,69
1447,65
1571,68
1681,74
1710,71
1641,70
1617,71
1639,69
1629,70
1343,64
1622,73
1729,72
1481,68
1544,65
1401,65
1461,65
1643,71
1364,62
1524,69
1696,74
1674,73
1620,72
1399,62
1383,62
1625,73
1573,68
1645,70
1480,68
1611,71
1664,72
1409,64
1515,67
1616,71
1564,68
1415,63
1502,66
1567,69
1690,74
1668,71
1465,65
1534,68
1604,68
1561,68
1351,65
1552,66
1401,64
1514,67
1564,69
1484,67
1724,72
1481,67
1377,62
1462,65
1636,70
1463,66
1545,72
1620,68
1480,66
1666,70
1443,64
1649,72
1438,67
1360,61
1728,75
1622,69
1595,69
1739,72
1291,61
1605,70
1466,66
1654,73
1603,69
1603,71
1519,68
1673,71
1592,70
1715,74
1457,62
1556,68
1587,69
1558,70
1915,77
1526,67
1471,66
1398,63
1588,70
1524,69
1729,73
1628,69
1569,69
1536,66
1517,65
1526,66
1690,72
1613,70
1520,66
1615,70
1791,73
1596,69
1574,70
1548,69
1822,76
1631,71
1655,72
1438,64
1631,70
1703,70
1490,67
1588,67
1769,74
1573,68
1635,73
1608,72
1739,72
1483,68
1512,67
1418,63
1621,70
1637,71
1636,70
1453,65
1661,74
1612,70
1567,67
1719,72
1550,70
1534,66
1657,70
1541,64
1582,68
1590,69
1415,64
1627,68
1579,71
1518,68
1523,67
1655,72
1729,74
1712,72
1508,65
1554,68
1585,68
1321,61
1663,73
1496,66
1651,71
1472,66
1617,70
1749,74
1601,71
1568,67
1554,67
1502,68
1830,75
1489,66
1664,71
1603,70
1592,70
1500,66
1455,65
1718,71
1638,71
1525,68
1612,69
1530,66
1547,68
1457,68
1499,68
1447,63
1522,67
1605,69
1534,65
1349,64
1667,74
1661,72
1552,70
1704,71
1491,68
1474,64
1663,71
1578,70
1546,69
1597,68
1610,69
1552,68
1450,65
1392,65
1630,71
1677,72
1633,70
1484,65
1808,77
1590,69
1692,72
1637,70
1516,69
1606,71
1406,64
1678,74
1471,66
1533,67
1545,69
1581,70
1661,72
1452,66
1469,65
1632,70
1385,63
1586,71
1622,69
1372,64
1681,72
1442,65
1370,60
1604,69
1560,70
1454,65
1545,66
1609,72
1591,69
1558,69
1662,71
1532,68
1504,66
1437,63
1365,61
1489,69
1580,68
1735,73
1681,72
1586,68
1534,68
1512,68
1525,67
1461,67
1717,74
1741,74
1427,63
1448,66
1531,67
1633,70
1670,72
1634,72
1628,69
1627,73
1576,68
1642,73
1637,70
1589,69
1615,70
1783,76
1528,68
1517,66
1596,67
1526,65
1532,69
1748,76
1594,72
1537,69
1746,71
1635,69
1463,65
1596,69
1687,72
1406,64
1440,63
1518,67
1613,69
1631,71
1441,65
1434,64
1768,76
1779,76
1413,63
1666,71
1618,70
1392,62
1494,66
1481,68
1407,66
1601,68
1654,70
1716,72
1686,75
1553,71
1506,68
1554,68
1471,66
1539,69
1574,71
1582,71
1505,69
1537,66
1507,67
1521,68
1505,66
1562,69
1715,73
1612,67
1570,69
1369,61
1495,66
1533,67
1620,72
1514,70
1455,67
1454,63
1548,68
1509,68
1573,70
1534,67
1529,68
1600,68
1683,71
1636,73
1401,64
1639,73
1527,67
1488,67
1543,68
1468,65
1731,74
1611,70
1585,71
1434,65
1488,62
1529,69
1615,70
1605,71
1506,66
1673,71
1554,71
1665,73
1603,69
1451,64
1520,66
1598,71
1505,68
1440,65
1357,63
1786,76
1550,68
1589,70
1602,70
1434,65
1676,72
1529,67
1457,68
1525,68
1551,67
1549,69
1571,71
1505,65
1578,67
1444,64
1543,68
1617,71
1443,64
1511,66
1612,69
1428,67
1492,68
1507,65
1460,66
1527,66
1695,74
1458,65
1637,70
1498,62
1679,72
1522,68
1523,69
1678,72
1566,69
1498,69
1440,65
1486,66
1646,70
1776,75
1551,70
1363,60
1521,68
1564,68
1495,67
1555,69
1524,68
1509,68
1545,69
1618,69
1421,63
1495,67
1759,75
1610,71
1561,67
1611,70
1439,67
1468,64
1667,71
1499,65
1498,69
1606,71
1646,70
1559,68
1656,71
1657,69
1562,68
1529,65
1743,74
1572,67
1662,73
1504,67
1499,67
1745,73
1624,70
1581,68
1453,63
1586,71
1392,61
1546,67
1405,63
1577,69
1644,68
1541,66
1418,63
1859,79
1551,70
1462,63
1585,70
1547,68
1558,68
1571,71
1668,69
1752,73
1582,68
1636,70
1627,72
1545,68
1505,67
1417,64
1474,64
1416,60
1633,72
1700,72
1528,68
1538,66
1533,69
1488,67
1479,67
1619,70
1503,67
1461,66
1503,66
1501,65
1623,73
1617,69
1547,70
1505,70
1488,66
1438,66
1600,71
1525,71
1388,65
1471,66
1610,70
1435,63
1679,74
1586,70
1383,64
1719,74
1709,71
1550,68
1494,66
1552,69
1570,68
1735,75
1585,68
1576,67
1419,64
1520,66
1415,62
1403,64
1667,72
1435,65
1454,69
1508,66
1625,70
1417,65
1561,68
1619,69
1443,64
1576,70
1514,67
1580,71
1552,66
1602,70
1553,66
1494,65
1629,69
1487,66
1628,69
1417,64
1505,67
1723,74
1555,66
1516,66
1432,67
1537,68
1734,74
1585,66
1658,70
1571,67
1741,73
1534,70
1336,60
1596,68
1652,71
1558,68
1462,66
1721,73
1506,68
1498,67
1549,70
1528,66
1531,68
1359,61
1637,70
1525,68
1568,69
1629,70
1724,74
1564,69
1530,67
1488,64
1405,64
1627,69
1598,69
1608,68
1714,75
1721,73
1405,63
1632,70
1676,71
1439,66
1499,67
1639,70
1566,69
1434,66
1453,65
1561,69
1497,68
1604,69
1604,69
1544,66
1645,71
1607,72
1681,73
1666,70
1600,70
1391,65
1571,69
1504,66
1535,70
1459,65
1530,68
1315,57
1660,71
1526,67
1366,64
1406,65
1682,73
1506,69
1668,73
1488,66
1613,66
1562,68
1584,69
1686,72
1564,67
1522,67
1440,63
1497,65
1758,75
1546,69
1508,67
1682,72
1500,67
1526,69
1509,64
1599,70
1603,69
1558,68
1488,67
1768,74
1635,69
1426,62
1570,69
1479,65
1565,68
1468,66
1716,74
1560,68
1506,65
1565,67
1550,69
1383,65
1519,67
1468,67
1643,69
1610,68
1445,66
1589,70
1525,66
1538,67
1461,67
1519,67
1609,68
1534,67
1465,62
1721,74
1387,62
1551,66
1374,62
1502,67
1549,66
1602,69
1319,62
1493,65
1477,64
1479,66
1520,66
1699,72
1630,71
1823,76
1684,74
1574,70
1433,65
1645,71
1534,67
1452,66
1481,66
1530,70
1517,64
1520,69
1443,65
1532,69
1447,66
1500,64
1466,65
1667,70
1682,71
1476,67
1862,77
1655,72
1690,73
1566,69
1436,65
1429,65
1466,65
1739,74
1419,65
1720,74
1383,63
1578,69
1490,66
1614,70
1657,72
1386,62
1460,66
1746,74
1598,69
1708,73
1479,62
1535,71
1583,67
1580,69
1564,72
1672,70
1512,67
1601,69
1526,66
1584,71
1574,69
1507,68
1646,72
1372,64
1604,68
1569,71
1455,67
1492,66
1409,62
1592,66
1520,67
1452,64
1542,70
1519,65
1648,71
1446,66
1559,65
1472,64
1496,64
1555,68
1465,64
1494,67
1562,68
1519,65
1443,64
1467,68
1702,73
1463,67
1537,68
1485,68
1576,69
1490,68
1587,70
1451,63
1585,68
1509,67
1691,72
1515,68
1605,68
1525,68
1477,62
1423,63
1657,69
1437,67
1628,73
1476,66
1552,68
1565,68
1646,70
1507,68
1628,70
1325,61
1475,67
1510,68
1505,66
1585,67
1491,64
1444,65
1574,70
1691,73
1568,70
1580,69
1537,68
1591,70
1423,62
1323,61
1406,64
1494,67
1460,67
1452,67
1645,69
1371,62
1551,68
1533,67
1717,71
1698,72
1348,62
1481,67
1463,65
1514,66
1308,59
1685,71
1783,77
1639,72
1664,72
1546,70
1551,70
1672,71
1556,67
1616,69
1440,63
1417,64
1672,74
1408,63
1537,67
1461,67
1449,64
1708,72
1489,68
1389,63
1552,69
1591,72
1722,72
1653,70
1695,71
1716,74
1517,69
1520,70
1559,66
1610,69
1462,64
1604,70
1460,62
1731,74
1560,70
1654,72
1453,67
1511,66
1332,62
1459,65
1564,68
1761,75
1740,74
1661,72
1525,65
1574,67
1624,69
1555,67
1541,69
1544,68
1647,71
1728,75
1566,68
1677,71
1671,73
1552,68
1587,69
1456,65
1549,70
1653,71
1561,70
1474,65
1489,68
1727,75
1728,74
1529,68
1642,70
1663,74
1605,68
1726,75
1548,69
1446,67
1627,69
1444,65
1579,68
1533,68
1444,68
1528,70
1502,69
1607,67
1693,71
1646,70
1432,65
1601,67
1321,61
1377,63
1684,71
1427,64
1631,68
1576,70
1556,66
1611,69
1540,66
1393,62
1583,68
1602,69
1622,71
1604,71
1660,72
1424,65
1543,70
1625,72
1558,68
1625,67
1614,67
1618,71
1601,70
1372,64
1473,63
1439,67
1561,71
1483,68
1514,66
1670,72
1511,68
1415,64
1725,75
1488,65
1711,72
1696,73
1644,72
1487,68
1675,71
1587,70
1573,69
1559,68
1485,63
1618,73
1680,70
1479,67
1492,66
1495,70
1363,62
1770,75
1719,72
1537,67
1383,64
1543,68
1714,73
1589,69
1313,61
1751,76
1748,73
1380,66
1475,67
1557,66
1633,70
1667,73
1661,71
1554,69
1415,65
1633,72
1453,63
1562,69
1479,64
1299,63
1451,65
1687,74
1582,70
1653,70
1524,68
1473,63
1510,67
1630,69
1466,68
1558,68
1449,67
1369,63
1365,58
1558,68
1432,63
1653,72
1345,64
1279,61
1544,68
1546,68
1473,68
1518,66
1364,63
1533,68
1611,72
1465,65
1519,69
1510,68
1530,67
1492,69
1519,68
1525,70
1654,70
1574,70
1510,66
1752,74
1499,67
1484,65
1561,67
1549,70
1459,66
1582,70
1877,79
1549,70
1573,68
1660,71
1503,66
1569,69
1544,67
1519,69
1559,68
1655,71
1701,74
1592,70
1649,71
1561,69
1753,75
1534,69
1661,73
1485,67
1622,72
1497,64
1436,66
1529,65
1553,68
1703,74
1423,62
1565,68
1356,63
1806,76
1433,63
1617,72
1670,71
1579,70
1726,73
1526,67
1509,68
1513,69
1606,71
1648,70
1521,66
1388,64
1529,69
1660,74
1671,73
1533,68
1589,67
1641,71
1618,72
1556,68
1578,70
1420,63
1475,65
1657,74
1307,61
1498,68
1590,66
1443,64
1423,63
1572,66
1661,73
1814,77
1636,71
1465,68
1579,68
1598,71
1456,64
1629,70
1537,70
1614,67
1458,66
1677,72
1439,65
1676,70
1688,73
1356,64
1641,72
1692,73
1535,67
1451,63
1712,73
1497,64
1627,70
1663,72
1613,68
1466,69
1481,66
1440,64
1675,72
1529,65
1434,64
1500,69
1489,68
1593,69
1447,65
1589,68
1554,69
1627,66
1556,69
1427,64
1786,75
1575,71
1476,67
1549,69
1517,67
1624,72
1602,69
1526,67
1665,71
1597,68
1494,67
1434,64
1765,75
1629,70
1523,69
1452,64
1667,71
1473,66
1573,67
1505,68
1514,67
1519,69
1545,67
1450,64
1741,75
1539,67
1646,71
1745,74
1577,69
1465,66
1511,67
1515,66
1540,69
1632,71
1466,65
1695,72
1563,70
1390,63
1522,65
1572,68
1494,68
1474,66
1623,69
1458,66
1554,70
1631,71
1548,69
1600,68
1592,69
1491,64
1480,66
1687,74
1659,71
1501,67
1397,63
1564,70
1372,63
1534,68
1596,69
1540,66
1575,71
1634,70
1654,72
1697,71
1560,67
1576,70
1460,66
1797,77
1513,68
1650,74
1389,63
1572,68
1435,63
1544,69
1556,68
1440,64
1580,71
1383,64
1558,67
1580,65
1638,71
1688,71
1549,68
1575,68
1482,65
1673,72
1735,73
1501,68
1596,69
1681,71
1582,69
1438,64
1680,74
1482,65
1762,74
1683,72
1626,69
1740,74
1632,72
1606,69
1551,66
1443,62
1671,71
1556,67
1604,70
1683,71
1303,60
1463,66
1616,69
1589,68
1576,70
1601,70
1555,67
1557,66
1475,65
1354,64
1549,68
1601,69
1531,68
1500,65
1554,69
1467,67
1539,68
1441,65
1573,69
1530,67
1394,61
1491,67
1493,66
1456,63
1553,68
1413,62
1504,68
1589,69
1409,65
1528,69
1494,66
1590,70
1543,64
1611,73
1507,67
1567,68
1613,71
1636,73
1583,68
1600,68
1578,69
1729,73
1459,66
1695,72
1624,68
1575,67
1488,67
1589,68
1722,73
1320,63
1568,68
1727,73
1574,68
1554,69
1452,66
1485,67
1589,68
1644,70
1445,69
1434,63
1545,70
1756,73
1561,69
1561,70
1711,71
1430,65
1433,61
1547,68
1286,61
1632,71
1506,66
1735,73
1578,69
1717,72
1574,69
1438,65
1892,80
1760,73
1604,70
1655,72
1564,69
1554,69
1386,63
1509,67
1420,63
1454,66
1612,68
1613,70
1582,68
1694,72
1424,62
1608,71
1637,71
1598,68
1439,66
1438,66
1628,69
1541,69
1527,68
1557,68
1544,68
1454,65
1389,64
1711,74
1659,73
1426,66
1579,67
1727,73
1524,65
1482,67
1495,67
1464,68
1467,66
1427,67
1521,68
1705,74
1457,65
1510,67
1521,67
1557,66
1395,65
1589,70
1496,66
1603,71
1302,61
1540,69
1534,68
1545,68
1685,71
1432,64
1499,69
1597,71
1524,70
1523,63
1540,70
1456,67
1456,65
1290,61
1498,65
1255,60
1458,66
1553,73
1424,64
1493,64
1544,68
1634,71
1528,68
1853,77
1546,69
1687,74
1586,68
1663,72
1417,62
1526,68
1487,69
1790,77
1513,66
1622,70
1461,66
1621,72
1433,64
1539,68
1754,73
1684,73
1784,76
1463,67
1470,64
1594,68
1653,69
1529,66
1539,69
1438,64
1633,72
1524,67
1611,71
1474,65
1545,67
1491,67
1485,67
1612,69
1443,63
1588,70
1673,72
1581,68
1572,68
1607,68
1492,67
1768,73
1412,64
1593,70
1510,65
1481,65
1609,68
1600,70
1582,69
1640,71
1566,69
1600,70
1628,71
1473,67
1541,67
1495,67
1603,68
1433,65
1672,72
1545,70
1632,71
1393,65
1592,69
1446,67
1546,66
1695,71
1690,72
1454,67
1628,71
1557,70
1357,63
1612,69
1543,66
1529,65
1470,64
1513,66
1524,67
1582,69
1427,64
1810,77
1444,64
1539,67
1426,65
1337,62
1609,71
1544,69
1602,73
1317,62
1582,68
1511,66
1482,66
1648,69
1471,68
1557,68
1530,70
1695,73
1548,68
1606,68
1571,69
1391,63
1581,68
1518,69
1556,68
1556,66
1506,66
1613,71
1518,67
1637,70
1581,70
1574,67
1506,69
1557,69
1606,69
1498,64
1521,66
1615,71
1684,73
1492,66
1632,71
1538,69
1522,67
1450,66
1410,66
1460,66
1680,74
1474,68
1573,68
1533,68
1327,60
1520,68
1548,68
1502,66
1522,65
1631,70
1629,73
1555,68
1545,68
1408,64
1615,72
1482,65
1531,68
1456,66
1606,73
1569,70
1522,67
1597,70
1483,67
1550,68
1552,67
1665,71
1623,72
1669,70
1688,72
1524,66
1495,68
1385,63
1499,68
1766,73
1563,66
1546,67
1522,68
1446,65
1615,70
1510,68
1414,64
1493,68
1308,61
1586,73
1479,68
1676,75
1520,68
1527,68
1595,71
1641,69
1587,68
1520,67
1506,68
1546,65
1591,71
1767,75
1627,69
1538,67
1822,78
1563,68
1447,65
1537,68
1644,71
1345,62
1728,75
1605,72
1601,69
1432,65
1465,66
1529,70
1481,67
1663,72
1460,64
1587,72
1565,69
1626,68
1499,68
1755,73
1436,66
1575,68
1596,69
1670,73
1614,69
1493,66
1594,71
1679,70
1396,59
1763,75
1558,68
1563,72
1677,72
1407,62
1510,69
1676,69
1588,67
1463,66
1324,61
1519,64
1660,73
1635,72
1488,65
1483,68
1389,64
1507,69
1391,64
1564,67
1699,72
1559,68
1468,65
1398,64
1457,68
1493,68
1583,69
1395,65
1387,61
1450,67
1737,73
1463,65
1507,67
1608,71
1453,65
1498,67
1645,72
1563,68
1653,72
1580,67
1542,69
1479,68
1602,68
1538,68
1403,62
1711,73
1462,65
1698,73
1512,65
1508,69
1516,66
1569,67
1765,74
1530,69
1525,66
1314,63
1444,66
1573,67
1568,69
1605,67
1478,65
1462,65
1657,74
1500,68
1520,68
1610,70
1507,70
1471,67
1432,66
1616,71
1477,66
1323,60
1542,68
1609,70
1734,72
1426,64
1376,62
1478,66
1723,75
1590,68
1491,66
1624,71
1527,69
1405,62
1760,74
1544,67
1597,70
1588,67
1618,70
1453,67
1449,65
1394,64
1459,64
1596,68
1575,69
1582,68
1432,65
1495,67
1425,65
1604,71
1540,68
1463,67
1576,67
1395,64
1539,69
1346,64
1440,65
1570,70
1423,64
1568,70
1601,70
1512,68
1661,69
1595,70
1590,71
1719,74
1583,66
1548,71
1379,61
1559,70
1722,74
1410,64
1575,71
1506,66
1671,71
1486,67
1577,70
1355,62
1652,71
1620,70
1472,66
1493,64
1495,68
1495,67
1557,67
1612,69
1459,64
1596,71
1622,71
1697,74
1294,60
1570,68
1616,70
1625,69
1490,66
1466,66
1566,68
1480,68
1671,72
1517,67
1650,71
1560,68
1628,70
1456,65
1582,68
1516,70
1579,67
1493,68
1724,74
1581,71
1429,65
1659,72
1621,69
1909,79
1601,67
1546,70
1678,71
1579,71
1563,69
1432,65
1631,69
1632,72
1559,69
1501,66
1670,71
1441,65
1412,61
1464,64
1562,69
1660,74
1461,66
1599,70
1542,68
1606,71
1568,71
1436,66
1528,68
1352,63
1364,65
1499,69
1411,64
1668,72
1550,69
1350,63
1551,70
1572,68
1461,65
1494,67
1577,72
1390,61
1335,63
1820,75
1706,74
1483,67
1410,63
1562,67
1483,68
1353,62
1494,66
1461,66
1374,65
1429,64
1588,69
1666,69
1605,67
1466,65
1546,69
1753,73
1506,67
1475,66
1633,71
1405,65
1525,68
1435,63
1556,68
1501,69
1644,71
1683,74
1520,66
1671,70
1439,64
1603,71
1485,68
1527,67
1229,56
1256,60
1503,65
1490,68
1567,69
1697,73
1558,71
1303,59
1593,70
1593,70
1447,64
1605,71
1573,72
1579,68
1605,69
1419,62
1744,74
1582,69
1413,64
1631,73
1631,72
1366,66
1526,67
1450,62
1619,73
1458,64
1543,70
1624,74
1481,64
1449,67
1545,70
1486,65
1460,66
1516,66
1532,67
1358,62
1514,65
1425,67
1814,76
1416,65
1562,69
1518,68
1481,68
1324,61
1376,64
1385,64
1450,67
1516,68
1580,71
1639,71
1446,68
1701,73
1623,71
1391,64
1648,71
1823,77
1592,70
1609,70
1562,68
1507,68
1608,72
1575,71
1401,63
1485,67
1521,68
1594,69
1488,66
1665,69
1524,65
1440,66
1733,74
1609,72
1385,63
1510,68
1554,71
1460,68
1528,69
1528,69
1500,65
1533,67
1456,65
1472,66
1668,73
1602,71
1567,69
1501,65
1493,67
1405,62
1734,75
1593,70
1459,68
1416,62
1645,72
1578,68
1370,63
1493,64
1511,67
1558,67
1495,66
1639,72
1545,68
1515,68
1664,72
1584,68
1376,62
1479,67
1595,71
1547,68
1528,69
1441,61
1512,69
1608,71
1311,60
1513,66
1500,68
1597,72
1454,67
1483,66
1514,66
1445,68
1451,64
1443,65
1608,69
1491,67
1588,68
1563,71
1621,72
1572,67
1551,70
1580,66
1498,65
1422,63
1656,72
1479,70
1418,67
1519,67
1606,70
1465,66
1548,70
1463,66
1501,67
1603,71
1651,70
1634,72
1596,70
1603,70
1514,68
1572,69
1598,68
1739,75
1499,69
1655,72
1729,72
1753,74
1408,64
1646,70
1526,66
1664,72
1609,69
1593,71
1255,58
1462,66
1413,64
1422,64
1419,63
1685,70
1620,72
1525,64
1576,68
1668,70
1471,65
1509,68
1377,62
1611,70
1430,66
1399,65
1496,66
1633,72
1621,71
1377,64
1589,69
1566,70
1477,68
1408,63
1505,67
1719,70
1513,68
1322,60
1555,69
1274,59
1739,74
1432,64
1681,72
1532,68
1516,67
1602,69
1660,71
1660,74
1530,66
1455,65
1429,64
1569,69
1596,69
1506,67
1549,69
1791,76
1345,63
1469,64
1646,72
1540,67
1734,74
1551,67
1627,70
1401,65
1417,67
1716,75
1649,69
1353,60
1693,72
1614,72
1442,62
1604,69
1728,75
1504,66
1531,67
1572,72
1514,64
1645,71
1714,73
1520,67
1587,69
1680,72
1550,70
1606,70
1466,66
1549,67
1694,72
1616,69
1489,63
1750,74
1692,73
1786,77
1608,71
1597,70
1690,73
1479,68
1566,69
1542,70
1622,70
1456,67
1694,74
1489,68
1558,71
1452,68
1467,65
1598,68
1497,67
1511,65
1459,65
1630,72
1497,67
1677,70
1304,61
1374,66
1530,66
1567,71
1718,73
1691,75
1549,68
1649,73
1460,64
1627,72
1493,63
1441,65
1368,62
1479,65
1533,70
1604,69
1521,65
1674,70
1548,67
1536,70
1650,72
1313,62
1560,68
1474,64
1634,69
1430,65
1686,71
1619,70
1615,70
1530,69
1735,75
1307,59
1471,64
1646,72
1452,65
1606,70
1608,70
1746,75
1705,70
1546,67
1335,62
1602,69
1480,66
1640,68
1492,66
1383,66
1767,73
1374,63
1594,69
1664,70
1648,71
1463,66
1829,78
1438,64
1548,70
1681,74
1368,64
1607,71
1660,72
1694,73
1386,64
1588,70
1480,66
1364,62
1541,66
1539,67
1646,70
1560,67
1381,62
1489,67
1853,77
1366,62
1508,67
1753,73
1665,72
1402,66
1547,70
1697,74
1506,67
1581,70
1497,67
1670,71
1616,68
1475,67
1581,71
1388,62
1458,66
1636,73
1439,64
1398,65
1507,68
1684,75
1537,70
1623,69
1388,64
1545,68
1565,71
1802,77
1666,71
1482,65
1637,71
1682,71
1506,70
1519,68
1850,79
1483,64
1385,63
1497,66
1597,70
1559,68
1570,69
1527,71
1680,73
1402,64
1534,66
1641,72
1586,71
1548,69
1730,73
1595,71
1595,68
1421,64
1602,71
1460,65
1585,71
1764,74
1416,65
1676,73
1548,68
1558,70
1391,66
1470,66
1519,69
1500,66
1554,68
1464,67
1491,67
1615,69
1520,64
1533,67
1612,72
1616,70
1617,71
1600,71
1510,67
1385,62
1557,70
1502,64
1430,64
1432,61
1524,66
1643,72
1414,64
1464,66
1708,74
1570,67
1451,65
1671,69
1773,74
1619,70
1592,69
1544,69
1496,68
1602,69
1610,69
1659,69
1533,69
1641,72
1726,73
1427,67
1533,67
1772,75
1333,65
1530,67
1501,67
1509,67
1560,69
1565,69
1453,68
1462,67
1566,67
1461,67
1384,64
1478,66
1431,66
1580,69
1452,66
1567,67
1681,73
1563,68
1536,68
1689,73
1535,67
1581,69
1600,71
1548,66
1497,65
1535,68
1599,69
1652,72
1693,74
1570,70
1483,68
1510,64
1508,67
1449,63
1349,62
1494,66
1659,70
1610,70
1505,68
1491,64
1643,73
1593,67
1591,70
1309,60
1436,67
1557,68
1500,67
1471,68
1570,71
1449,63
1482,66
1733,74
1545,65
1756,74
1576,70
1533,65
1284,60
1470,66
1774,76
1564,70
1664,72
1541,67
1582,68
1491,65
1417,64
1560,68
1497,67
1672,72
1529,67
1578,71
1372,63
1391,63
1607,69
1369,64
1439,66
1522,71
1467,65
1697,70
1664,72
1546,69
1525,68
1576,68
1692,72
1410,64
1598,71
1295,60
1496,67
1505,65
1711,73
1618,69
1542,67
1748,74
1567,69
1450,65
1507,65
1714,74
1697,72
1450,66
1457,68
1590,70
1718,73
1438,67
1621,68
1439,66
1610,70
1502,66
1598,70
1640,73
1594,69
1788,76
1565,70
1613,69
1616,71
1531,69
1335,62
1650,70
1422,64
1552,66
1672,73
1662,71
1586,70
1316,63
1818,76
1606,72
1626,70
1540,67
1533,66
1464,69
1715,75
1577,67
1665,69
1568,69
1386,63
1604,71
1742,74
1633,70
1573,68
1750,74
1388,64
1638,72
1669,69
1544,69
1439,63
1519,67
1471,66
1721,74
1397,62
1446,66
1638,72
1720,69
1436,61
1754,77
1551,68
1564,70
1647,69
1374,62
1435,66
1531,69
1534,69
1543,68
1396,64
1721,74
1595,72
1521,66
1577,70
1406,61
1443,67
1704,73
1532,68
1564,71
1441,64
1349,59
1809,77
1563,68
1531,69
1453,63
1474,67
1551,69
1680,73
1494,66
1500,66
1574,71
1720,74
1659,72
1535,67
1381,64
1344,60
1542,67
1590,71
1467,63
1688,71
1422,66
1618,72
1507,68
1647,71
1566,68
1601,70
1492,66
1637,69
1512,68
1668,72
1426,63
1504,67
1449,65
1642,72
1428,64
1610,72
1609,71
1627,69
1527,67
1433,64
1589,69
1567,68
1476,66
1644,70
1692,75
1632,71
1666,73
1642,71
1579,70
1522,69
1661,70
1415,64
1525,69
1466,64
1476,68
1758,75
1362,62
1525,67
1388,65
1717,74
1866,77
1514,69
1433,65
1422,64
1703,74
1620,70
1450,65
1430,66
1416,63
1347,63
1510,66
1463,69
1489,66
1691,69
1569,68
1639,71
1675,73
1767,75
1559,68
1586,67
1509,64
1504,68
1512,66
1627,71
1484,65
1501,64
1612,68
1617,68
1458,65
1534,69
1600,70
1719,75
1534,68
1516,64
1367,64
1421,65
1584,70
1525,67
1634,70
1592,72
1603,69
1627,72
1582,70
1729,73
1664,72
1563,68
1499,67
1496,65
1526,67
1765,75
1588,69
1432,66
1663,72
1473,67
1537,67
1569,71
1673,73
1591,71
1545,68
1549,68
1663,71
1541,68
1467,65
1580,72
1506,67
1495,70
1823,77
1282,60
1467,66
1668,73
1534,66
1540,71
1418,66
1612,71
1835,77
1393,63
1496,65
1330,64
1489,68
1523,69
1589,71
1615,69
1580,70
1616,72
1528,66
1443,64
1695,73
1622,71
1598,70
1383,60
1508,67
1657,72
1504,66
1426,64
1531,68
1620,69
1587,70
1403,66
1367,62
1453,67
1550,69
1672,70
1531,68
1557,69
1462,66
1500,64
1604,69
1453,66
1376,65
1634,72
1562,69
1505,68
1317,60
1519,66
1506,67
1570,68
1705,73
1600,70
1647,71
1550,68
1520,68
1419,66
1500,66
1481,68
1608,70
1606,70
1578,69
1501,65
1616,67
1559,67
1399,64
1693,74
1647,74
1567,68
1534,68
1422,65
1652,70
1660,72
1591,70
1570,69
1647,72
1542,66
1593,72
1538,68
1689,75
1503,70
1749,75
1711,73
1572,70
1516,69
1656,69
1494,66
1409,63
1501,66
1679,72
1473,65
1632,71
1639,71
1404,63
1544,68
1512,67
1492,67
1426,63
1455,66
1503,68
1708,73
1718,74
1645,72
1630,67
1442,64
1496,63
1592,71
1365,61
1548,67
1668,72
1580,70
1440,66
1529,67
1605,70
1506,65
1479,63
1461,67
1695,71
1624,73
1542,67
1695,74
1565,70
1519,67
1609,69
1650,72
1573,69
1459,62
1657,72
1617,70
1572,69
1400,64
1540,66
1639,70
1966,80
1544,67
1514,65
1755,75
1442,66
1494,66
1657,73
1528,69
1558,69
1701,74
1443,63
1485,67
1640,70
1572,68
1573,67
1239,58
1541,69
1651,68
1460,66
1449,66
1538,68
1790,78
1394,62
1428,65
1758,77
1431,65
1589,71
1535,69
1534,69
1539,68
1530,69
1639,70
1448,67
1491,68
1451,66
1571,67
1432,65
1563,68
1512,69
1528,69
1636,72
1633,73
1344,64
1587,71
1729,71
1490,66
1699,73
1686,74
1462,66
1628,68
1471,66
1587,71
1559,68
1455,67
1864,77
1599,71
1477,68
1412,65
1542,68
1529,67
1571,66
1454,65
1522,67
1423,64
1619,69
1374,62
1814,77
1328,62
1600,67
1544,65
1578,68
1556,71
1491,68
1451,65
1618,68
1619,71
1505,67
1753,75
1527,67
1505,65
1553,70
1539,71
1591,70
1554,69
1541,67
1648,71
1633,71
1896,80
1533,66
1653,71
1536,68
1813,74
1546,66
1592,69
1555,69
1643,70
1490,68
1584,68
1491,68
1641,71
1468,63
1707,73
1460,65
1570,68
1729,72
1502,64
1398,67
1686,74
1470,68
1483,66
1532,69
1522,68
1371,64
1600,68
1607,68
1593,70
1631,73
1443,65
1445,64
1527,69
1498,68
1645,69
1634,70
1573,69
1512,64
1547,69
1718,75
1599,69
1599,67
1483,66
1300,65
1542,69
1386,64
1395,61
1393,63
1535,66
1476,68
1379,63
1572,69
1658,72
1408,66
1444,63
1538,67
1336,62
1352,63
1625,71
1452,62
1413,65
1575,69
1586,70
1440,65
1633,73
1716,73
1614,71
1449,66
1570,68
1524,66
1600,70
1524,66
1477,68
1333,62
1395,65
1682,71
1564,69
1491,66
1567,70
1501,64
1557,68
1499,69
1431,65
1625,70
1759,75
1590,70
1618,70
1635,72
1492,63
1716,72
1599,71
1717,75
1470,62
1653,70
1430,64
1511,66
1666,71
1574,70
1413,61
1545,69
1501,68
1572,67
1461,65
1471,65
1485,67
1571,67
1521,67
1538,68
1448,68
1450,66
1365,64
1372,62
1518,65
1444,64
1459,66
1692,74
1648,69
1646,71
1595,68
1581,72
1540,68
1549,68
1446,65
1393,62
1528,69
1534,67
1551,69
1620,68
1540,67
1544,70
1288,61
1647,73
1448,64
1398,64
1568,68
1435,66
1601,72
1820,77
1511,68
1497,69
1529,67
1573,70
1506,67
1502,67
1397,63
1400,64
1450,67
1623,67
1429,65
1798,77
1570,70
1501,64
1546,67
1490,66
1667,72
1518,67
1257,58
1515,68
1540,67
1638,71
1386,65
1587,71
1497,69
1605,69
1874,79
1500,68
1511,67
1652,74
1567,69
1564,68
1473,65
1483,68
1741,75
1545,70
1693,73
1442,65
1677,71
1449,65
1843,76
1469,65
1544,69
1660,69
1562,70
1587,69
1623,72
1527,67
1744,75
1683,71
1317,61
1328,61
1605,71
1412,63
1510,66
1470,62
1571,70
1599,67
1587,69
1473,67
1389,63
1461,62
1563,70
1535,67
1527,68
1392,62
1594,72
1516,68
1569,69
1630,70
1465,66
1513,67
1550,69
1539,69
1353,62
1441,66
1448,69
1729,74
1652,68
1560,70
1460,66
1669,71
1524,67
1690,73
1334,62
1640,73
1532,67
1577,69
1551,70
1447,69
1566,68
1598,67
1463,66
1551,69
1660,71
1531,66
1545,69
1636,71
1500,68
1783,73
1443,64
1624,70
1535,65
1687,73
1437,64
1494,67
1552,70
1448,66
1592,68
1571,70
1697,74
1538,67
1582,70
1603,69
1607,69
1521,67
1791,74
1657,72
1255,61
1385,63
1526,68
1585,69
1331,63
1553,68
1556,68
1578,70
1516,66
1477,67
1566,69
1469,66
1378,64
1610,69
1656,70
1456,66
1532,70
1659,72
1586,70
1581,72
1814,77
1743,72
1514,67
1656,69
1598,70
1568,68
1441,62
1504,64
1598,71
1372,65
1375,61
1501,68
1526,67
1413,65
1601,68
1485,69
1555,69
1539,66
1647,70
1545,67
1399,64
1618,72
1293,59
1646,71
1479,66
1731,72
1504,67
1507,67
1453,64
1541,68
1527,67
1511,70
1524,70
1387,62
1415,67
1461,67
1632,69
1676,71
1612,72
1509,67
1568,69
1519,67
1720,73
1447,63
1455,66
1404,67
1496,66
1547,69
1591,69
1399,64
1544,66
1631,71
1379,63
1456,66
1652,70
1551,69
1448,65
1427,64
1562,69
1698,74
1536,68
1665,70
1636,72
1728,71
1493,64
1470,66
1678,72
1441,65
1501,68
1588,68
1553,67
1591,70
1696,71
1501,66
1491,67
1466,66
1700,70
1547,70
1658,70
1525,64
1381,63
1581,70
1380,64
1585,68
1476,66
1573,69
1534,67
1448,67
1631,72
1523,65
1572,68
1504,70
1545,65
1588,70
1432,65
1587,67
1627,72
1720,74
1430,63
1395,65
1456,62
1549,67
1374,62
1604,70
1515,67
1538,69
1605,70
1552,69
1618,70
1498,67
1515,68
1562,67
1523,68
1394,63
1636,72
1510,69
1497,65
1370,63
1448,68
1494,67
1595,71
1578,68
1455,64
1428,67
1555,68
1635,71
1519,68
1568,69
1582,68
1611,71
1684,72
1713,71
1815,76
1509,64
1446,65
1539,65
1503,65
1643,70
1367,64
1534,70
1635,72
1469,67
1564,69
1606,68
1517,68
1424,66
1628,70
1416,63
1712,73
1495,66
1474,64
1550,66
1528,69
1592,66
1665,72
1505,68
1559,67
1555,69
1720,75
1417,64
1605,70
1635,69
1495,66
1555,70
1608,70
1550,67
1526,69
1558,70
1702,73
1484,65
1603,68
1608,72
1539,69
1699,74
1696,72
1438,64
1443,62
1741,74
1320,62
1415,65
1381,64
1452,65
1467,65
1533,64
1476,67
1592,69
1655,71
1491,68
1545,68
1619,69
1664,71
1376,63
1572,70
1515,67
1753,74
1591,72
1592,68
1513,67
1759,74
1490,65
1622,72
1422,65
1336,60
1532,69
1583,69
1416,66
1553,68
1541,68
1358,63
1479,66
1403,66
1652,71
1389,62
1476,64
1479,64
1472,66
1538,69
1519,67
1538,67
1429,64
1781,77
1263,62
1487,64
1476,66
1511,67
1506,68
1589,70
1453,64
1776,75
1709,73
1616,71
1719,71
1596,68
1587,66
1397,65
1396,64
1433,64
1516,67
1623,71
1663,71
1606,70
1605,69
1447,67
1493,68
1635,68
1543,69
1522,66
1389,63
1559,67
1518,67
1666,72
1617,71
1464,62
1545,68
1816,77
1533,66
1511,67
1617,71
1370,61
1467,63
1437,67
1530,66
1510,66
1409,63
1488,67
1568,68
1688,71
1496,68
1514,67
1664,71
1506,66
1582,69
1780,76
1543,65
1683,71
1803,75
1540,66
1529,67
1521,67
1510,69
1508,67
1647,70
1385,63
1666,72
1339,63
1620,70
1458,66
1722,74
1508,69
1626,72
1503,67
1653,70
1472,65
1497,68
1523,67
1578,68
1500,67
1486,65
1519,68
1342,64
1683,72
1612,70
1374,65
1328,61
1647,72
1675,73
1451,67
1541,68
1752,76
1443,66
1459,67
1411,66
1304,60
1470,64
1468,65
1540,68
1601,71
1524,69
1503,69
1633,71
1456,65
1660,73
1591,68
1417,65
1462,64
1654,72
1522,67
1485,67
1885,80
1503,63
1706,72
1358,60
1473,66
1761,73
1467,67
1703,73
1536,68
1507,68
1656,67
1574,70
1557,68
1326,61
1420,64
1597,67
1673,71
1598,68
1443,63
1823,77
1518,68
1384,61
1426,63
1611,70
1661,72
1511,66
1657,71
1506,67
1630,70
1480,62
1500,65
1628,69
1446,65
1666,71
1621,67
1547,68
1756,75
1633,70
1528,67
1526,68
1556,68
1743,73
1590,68
1641,72
1637,71
1633,72
1693,71
1732,75
1495,64
1625,70
1613,70
1533,66
1541,66
1638,70
1541,66
1685,72
1616,69
1473,65
1642,71
1638,71
1416,65
1503,65
1535,67
1410,65
1849,78
1559,68
1373,63
1620,69
1467,65
1696,71
1627,70
1485,65
1747,74
1721,73
1743,73
1631,73
1366,60
1663,73
1555,68
1579,68
1394,64
1624,68
1685,72
1368,62
1586,66
1605,67
1534,68
1513,68
1488,67
1457,61
1608,70
1550,69
1377,62
1344,62
1596,71
1635,70
1526,67
1602,69
1325,61
1638,72
1667,70
1677,71
1604,71
1466,66
1600,69
1623,69
1457,64
1510,67
1663,70
1455,66
1610,69
1474,65
1573,67
1633,71
1499,66
1571,68
1514,63
1675,67
1784,75
1641,69
1600,71
1645,72
1621,69
1422,64
1563,67
1616,71
1553,66
1577,68
1584,70
1653,69
1616,69
1512,67
1526,67
1490,65
1645,71
1375,61
1873,77
1531,66
1507,65
1386,64
1662,69
1667,71
1518,64
1455,63
1479,65
1535,67
1678,72
1593,66
1550,70
1678,69
1695,71
1610,70
1624,69
1772,75
1589,68
1484,67
1522,62
1442,64
1587,65
1503,66
1371,61
1609,70
1706,70
1710,72
1578,66
1631,69
1553,69
1601,71
1348,60
1645,71
1483,66
1640,74
1675,70
1675,68
1727,75
1579,67
1508,64
1503,64
1647,71
1708,70
1779,75
1541,68
1468,68
1543,66
1558,67
1582,68
1476,63
1513,66
1514,67
1690,69
1573,68
1594,69
1376,62
1597,71
1461,69
1698,73
1562,67
1514,66
1617,68
1515,67
1600,67
1597,71
1453,64
1431,66
1666,72
1656,68
1607,69
1594,68
1637,71
1651,69
1551,69
1595,69
1470,65
1420,65
1425,63
1483,65
1532,66
1509,67
1563,64
1504,68
1446,62
1587,69
1609,71
1353,62
1518,69
1534,66
1399,61
1695,72
1681,71
1470,64
1426,65
1429,62
1497,67
1569,67
1380,65
1623,68
1392,64
1603,68
1633,70
1583,67
1574,68
1642,71
1695,72
1729,73
1662,70
1529,64
1522,68
1568,69
1563,68
1452,64
1644,70
1560,65
1611,69
1513,68
1615,70
1447,66
1490,66
1566,69
1444,63
1355,61
1531,66
1570,70
1759,72
1522,68
1561,67
1627,72
1724,73
1629,70
1523,70
1556,69
1425,59
1469,67
1616,68
1588,68
1580,70
1431,65
1712,73
1559,65
1578,69
1347,62
1550,69
1553,68
1601,68
1601,68
1573,68
1687,71
1633,71
1643,70
1720,73
1511,66
1537,67
1604,70
1594,69
1689,70
1427,62
1497,67
1627,70
1754,74
1696,72
1583,68
1433,66
1419,67
1404,61
1527,65
1619,70
1473,67
1547,69
1483,66
1355,63
1703,73
1591,70
1717,72
1784,73
1533,68
1657,71
1623,71
1567,69
1502,66
1711,72
1417,64
1538,67
1626,70
1528,66
1611,68
1505,68
1310,60
1523,66
1515,66
1520,65
1357,62
1495,65
1534,69
1726,74
1471,66
1620,68
1532,68
1704,71
1636,71
1576,67
1659,74
1665,72
1504,63
1473,65
1608,71
1632,68
1557,67
1570,71
1581,68
1654,68
1579,69
1427,65
1585,70
1765,74
1520,65
1552,69
1352,62
1780,71
1505,66
1704,72
1723,74
1614,69
1504,68
1491,66
1496,64
1523,67
1648,70
1516,66
1546,67
1564,68
1572,67
1671,71
1598,69
1708,71
1416,62
1554,67
1695,72
1567,67
1572,71
1521,67
1628,69
1516,68
1369,60
1500,66
1610,71
1738,72
1660,68
1572,67
1616,70
1348,61
1551,69
1562,66
1374,66
1614,68
1785,76
1576,67
1693,73
1623,69
1600,67
1514,67
1490,63
1816,75
1590,69
1608,70
1371,63
1408,64
1625,72
1651,72
1552,67
1413,63
1573,67
1755,75
1755,72
1640,70
1594,68
1700,73
1497,65
1575,69
1443,61
1579,68
1654,70
1629,69
1505,68
1695,73
1534,69
1518,68
1617,71
1459,64
1411,62
1631,73
1545,69
1476,63
1420,62
1551,68
1639,70
1665,70
1792,76
1534,68
1476,64
1532,68
1563,68
1544,67
1784,73
1706,72
1571,67
1502,69
1548,67
1507,67
1600,70
1594,69
1679,71
1773,73
1711,72
1645,70
1524,65
1428,67
1541,68
1549,70
1682,70
1631,71
1530,64
1588,67
1876,77
1507,65
1514,64
1587,67
1594,67
1735,72
1676,72
1526,65
1413,63
1541,68
1610,67
1398,64
1416,63
1618,68
1585,70
1642,72
1559,69
1548,68
1596,69
1555,69
1553,70
1422,65
1524,69
1619,68
1472,67
1589,70
1477,66
1710,73
1604,69
1432,63
1463,66
1626,70
1612,69
1717,73
1518,68
1581,68
1538,67
1428,65
1518,67
1525,68
1708,73
1336,63
1706,72
1402,61
1412,67
1592,70
1592,70
1817,75
1747,73
1612,68
1513,68
1459,63
1566,66
1550,68
1736,73
1389,61
1645,69
1504,65
1608,71
1622,66
1466,67
1704,72
1644,69
1724,72
1473,66
1533,66
1614,68
1807,77
1471,66
1692,70
1616,71
1612,70
1568,70
1736,74
1438,63
1566,68
1534,66
1460,65
1498,67
1594,67
1736,70
1640,71
1488,64
1623,70
1677,69
1523,68
1497,67
1399,62
1547,65
1666,70
1657,68
1522,65
1628,70
1450,66
1540,67
1600,69
1610,70
1640,69
1453,63
1298,61
1604,69
1488,64
1533,68
1705,72
1657,70
1648,67
1554,64
1633,70
1533,68
1463,67
1543,66
1597,68
1660,73
1555,69
1416,63
1480,63
1601,68
1558,67
1633,70
1382,64
1545,66
1521,66
1375,60
1507,65
1555,69
1520,67
1448,66
1467,65
1503,67
1550,66
1486,66
1557,65
1539,67
1537,66
1379,62
1558,68
1558,67
1476,66
1673,72
1450,64
1857,76
1521,67
1498,66
1718,71
1451,67
1476,65
1537,67
1792,77
1510,67
1501,68
1651,71
1592,67
1646,71
1485,66
1719,73
1491,66
1606,69
1550,69
1638,69
1542,68
1746,74
1659,70
1634,69
1619,72
1478,66
1489,63
1701,72
1429,64
1474,65
1596,68
1469,63
1570,67
1663,71
1569,64
1556,67
1522,68
1607,66
1524,68
1362,60
1415,63
1628,71
1560,71
1485,66
1411,64
1634,71
1520,67
1713,74
1773,74
1582,68
1668,73
1450,63
1782,74
1664,71
1430,61
1663,70
1655,71
1512,66
1482,67
1411,63
1431,64
1697,71
1433,65
1541,69
1510,67
1579,68
1511,66
1615,68
1465,65
1483,68
1564,67
1672,69
1711,74
1597,66
1455,66
1626,70
1665,68
1472,68
1518,68
1509,67
1576,67
1660,71
1531,68
1527,66
1652,72
1540,68
1729,71
1555,67
1558,68
1518,67
1697,71
1686,72
1545,67
1746,72
1544,65
1762,73
1764,74
1672,71
1717,72
1471,66
1407,63
1729,73
1484,65
1655,70
1432,63
1530,69
1510,67
1584,72
1514,66
1501,68
1734,74
1667,69
1694,73
1811,76
1399,64
1586,69
1709,73
1522,67
1538,67
1674,69
1490,65
1526,67
1471,66
1542,67
1543,68
1625,70
1551,68
1456,66
1474,68
1680,71
1549,67
1636,67
1488,65
1687,71
1683,69
1716,73
1676,72
1484,65
1610,68
1536,69
1534,67
1612,68
1744,75
1545,67
1775,76
1432,67
1356,60
1626,71
1464,65
1630,71
1388,60
1489,67
1681,73
1487,67
1488,64
1476,66
1606,70
1555,67
1439,64
1626,70
1585,69
1593,67
1518,66
1517,63
1460,65
1587,70
1427,63
1686,73
1551,69
1597,69
1580,67
1457,64
1584,69
1511,66
1655,72
1647,70
1788,75
1573,68
1584,69
1712,71
1606,70
1578,69
1409,64
1557,70
1483,66
1546,67
1523,64
1422,65
1755,73
1632,65
1603,68
1680,73
1603,70
1712,70
1471,64
1615,66
1551,68
1494,68
1580,66
1572,68
1556,66
1601,72
1641,70
1554,68
1544,66
1626,72
1520,70
1436,64
1471,66
1481,65
1729,74
1646,69
1751,71
1477,63
1704,73
1653,69
1521,65
1499,63
1350,61
1722,72
1655,70
1606,71
1807,76
1529,67
1539,68
1550,68
1642,71
1600,69
1784,74
1493,66
1433,65
1585,68
1516,68
1710,72
1589,67
1624,72
1585,69
1491,67
1622,70
1464,68
1702,72
1533,64
1621,67
1523,69
1664,70
1461,65
1634,68
1484,64
1708,72
1618,67
1540,67
1757,75
1523,68
1499,67
1708,71
1534,69
1459,64
1570,71
1511,67
1509,65
1574,71
1585,67
1616,70
1681,72
1570,68
1538,68
1470,66
1485,62
1511,67
1630,69
1537,66
1571,69
1771,76
1411,62
1597,71
1579,66
1706,73
1592,68
1467,68
1548,66
1578,66
1585,69
1505,66
1536,69
1578,72
1484,62
1556,66
1432,65
1475,65
1555,66
1455,64
1561,69
1551,69
1595,70
1612,71
1620,69
1603,70
1602,69
1621,71
1547,66
1577,67
1671,71
1576,69
1588,66
1615,70
1572,67
1463,64
1608,67
1447,68
1570,70
1642,71
1469,63
1498,67
1617,67
1620,69
1550,70
1675,73
1437,65
1764,72
1706,73
1574,68
1623,71
1694,70
1508,65
1452,64
1560,67
1429,67
1513,68
1610,69
1702,72
1665,72
1566,67
1450,64
1490,63
1718,73
1520,68
1516,67
1517,66
1717,70
1521,66
1522,65
1655,71
1678,73
1683,73
1592,69
1507,63
1413,64
1593,66
1529,68
1653,70
1573,68
1703,73
1592,70
1682,73
1411,64
1550,67
1697,73
1509,67
1433,63
1719,72
1508,67
1675,70
1690,75
1802,71
1619,69
1574,71
1615,73
1494,64
1568,68
1509,67
1574,72
1619,70
1481,65
1571,69
1582,69
1443,61
1519,66
1435,61
1552,68
1492,68
1523,65
1299,57
1616,70
1561,68
1543,68
1654,71
1539,68
1460,63
1513,67
1485,64
1585,68
1548,69
1423,63
1671,72
1535,64
1530,65
1372,59
1633,69
1369,60
1500,65
1578,71
1514,67
1498,66
1704,70
1650,73
1574,67
1706,72
1601,70
1526,66
1353,62
1520,68
1684,71
1540,67
1661,72
1582,67
1741,71
1460,65
1554,68
1549,66
1401,63
1521,71
1810,76
1774,75
1670,72
1558,67
1341,60
1527,69
1613,68
1699,74
1678,71
1411,63
1488,64
1577,69
1533,67
1668,72
1762,74
1770,73
1584,68
1707,70
1483,65
1542,68
1581,68
1673,73
1533,64
1596,69
1498,68
1502,67
1450,63
1627,70
1675,71
1440,66
1636,71
1525,65
1751,72
1500,65
1520,68
1643,69
1602,70
1422,63
1348,62
1366,61
1436,64
1623,70
1622,70
1613,71
1579,70
1583,69
1665,71
1617,70
1545,68
1592,69
1551,68
1473,67
1527,68
1625,67
1493,69
1570,68
1442,62
1624,69
1547,69
1474,67
1419,61
1422,62
1600,69
1706,73
1506,65
1531,68
1458,63
1529,66
1336,63
1535,68
1645,68
1616,69
1408,63
1619,69
1741,72
1699,68
1547,66
1563,68
1587,69
1570,70
1465,66
1806,72
1717,74
1611,70
1728,72
1604,70
1560,68
1660,71
1572,68
1565,67
1747,75
1745,73
1564,67
1716,74
1517,68
1590,68
1629,72
1542,66
1504,65
1576,65
1612,68
1338,60
1585,68
1510,67
1587,66
1434,63
1537,67
1640,70
1524,65
1492,63
1632,68
1432,64
1597,70
1653,68
1512,69
1528,67
1492,64
1430,63
1585,69
1404,61
1603,68
1618,70
1692,72
1553,68
1627,68
1528,67
1677,70
1770,75
1406,66
1679,72
1547,65
1539,69
1379,62
1542,68
1650,67
1729,72
1658,73
1570,69
1591,69
1634,72
1444,66
1530,67
1618,70
1626,70
1618,69
1599,68
1645,70
1617,67
1704,72
1524,68
1416,62
1503,64
1492,63
1797,77
1680,72
1513,66
1585,66
1609,71
1571,68
1539,68
1489,66
1783,75
1499,63
1606,70
1475,61
1608,70
1533,67
1614,70
1699,68
1562,70
1768,73
1568,67
1364,64
1658,72
1575,69
1548,69
1547,71
1523,67
1472,67
1708,70
1510,68
1372,62
1374,59
1708,72
1655,72
1458,64
1575,68
1636,71
1693,73
1673,72
1664,71
1634,69
1470,65
1679,71
1664,71
1646,71
1460,65
1705,74
1653,73
1562,66
1609,71
1474,66
1672,71
1493,66
1499,63
1475,66
1447,67
1666,70
1600,68
1511,65
1619,68
1639,71
1580,68
1375,60
1615,71
1395,63
1723,74
1496,62
1533,67
1578,67
1708,73
1521,66
1485,67
1673,72
1605,70
1702,72
1424,64
1721,73
1565,68
1521,64
1611,70
1610,71
1524,65
1531,68
1770,75
1536,66
1732,72
1527,66
1431,63
1570,68
1673,73
1640,71
1596,68
1490,66
1490,67
1618,71
1644,69
1701,72
1448,62
1675,70
1564,70
1575,70
1532,69
1714,72
1661,69
1519,68
1398,63
1656,68
1497,64
1616,69
1438,62
1524,65
1522,68
1712,70
1419,65
1581,69
1454,66
1658,73
1556,66
1768,74
1549,69
1680,73
1586,71
1425,62
1587,67
1552,67
1551,68
1608,73
1529,66
1427,65
1674,71
1597,69
1566,69
1534,69
1681,73
1528,68
1623,68
1619,68
1567,68
1550,65
1688,70
1605,68
1624,67
1649,71
1682,71
1654,68
1526,67
1572,67
1549,67
1513,69
1552,68
1489,68
1462,65
1497,66
1541,67
1560,67
1685,72
1606,69
1525,67
1464,65
1585,67
1438,62
1487,68
1714,71
1435,64
1524,64
1572,69
1736,72
1466,64
1598,69
1576,72
1510,66
1626,69
1529,66
1450,66
1674,72
1718,72
1728,72
1555,68
1556,68
1500,70
1417,64
1565,66
1626,72
1590,70
1522,68
1614,68
1679,67
1499,67
1481,66
1632,73
1643,71
1419,62
1441,65
1596,67
1552,66
1691,73
1590,68
1511,66
1675,72
1585,66
1690,73
1573,69
1722,73
1652,70
1461,66
1620,72
1563,66
1632,69
1647,70
1583,67
1661,72
1560,67
1542,67
1558,69
1286,59
1663,71
1591,70
1521,67
1656,73
1739,74
1509,67
1691,72
1518,67
1743,74
1601,70
1694,70
1522,66
1556,66
1641,68
1535,68
1555,67
1568,66
1645,70
1508,65
1717,70
1554,69
1498,64
1427,65
1526,67
1549,66
1602,66
1499,68
1619,67
1622,68
1384,63
1650,72
1494,65
1550,70
1542,66
1572,68
1631,70
1540,66
1474,67
1610,70
1574,70
1423,67
1432,62
1722,75
1462,64
1330,64
1498,66
1726,70
1484,66
1719,72
1547,65
1546,67
1369,63
1811,75
1764,73
1674,73
1694,71
1575,69
1600,69
1542,68
1600,67
1613,70
1446,64
1566,69
1568,67
1691,72
1502,68
1802,77
1651,70
1512,63
1669,71
1541,67
1610,69
1779,75
1619,69
1696,71
1552,68
1669,73
1565,71
1543,69
1489,65
1717,73
1604,69
1710,71
1694,71
1482,66
1536,67
1492,67
1595,71
1515,65
1585,70
1631,69
1538,69
1612,69
1556,66
1630,70
1380,63
1671,71
1577,67
1456,63
1555,69
1511,65
1555,69
1612,67
1697,68
1571,68
1478,67
1497,67
1489,65
1589,69
1576,71
1644,71
1594,69
1619,69
1626,70
1586,67
1676,69
1618,72
1856,75
1605,69
1652,71
1599,69
1454,62
1578,70
1493,68
1660,68
1493,67
1459,65
1530,66
1477,64
1658,69
1620,72
1519,65
1694,71
1693,70
1525,70
1625,70
1559,64
1792,73
1586,68
1542,66
1755,73
1475,64
1653,71
1715,74
1739,72
1572,67
1520,68
1717,72
1624,70
1671,69
1747,74
1528,66
1544,66
1541,68
1562,70
1667,69
1665,72
1716,72
1537,69
1809,76
1378,61
1404,63
1512,64
1528,67
1493,64
1606,69
1596,70
1589,68
1582,69
1588,67
1507,66
1522,68
1529,68
1752,75
1539,66
1740,73
1699,73
1800,76
1584,68
1632,70
1574,71
1507,67
1651,70
1524,68
1680,71
1360,63
1714,73
1436,62
1669,68
1474,64
1611,69
1550,69
1687,70
1522,68
1632,70
1380,63
1520,67
1498,65
1578,68
1538,66
1684,68
1656,72
1855,74
1650,70
1711,71
1593,68
1552,69
1325,63
1452,63
1446,64
1472,67
1543,65
1432,65
1508,65
1660,70
1378,62
1464,65
1368,61
1621,71
1553,68
1470,66
1586,68
1642,70
1473,64
1497,68
1483,65
1451,65
1488,66
1547,70
1620,70
1622,68
1622,69
1655,71
1606,72
1503,65
1428,63
1527,70
1755,73
1583,68
1577,70
1546,69
1692,71
1725,71
1489,67
1532,69
1424,62
1532,68
1602,66
1623,69
1531,69
1605,71
1369,59
1448,65
1686,70
1712,71
1461,65
1538,67
1700,70
1667,71
1669,71
1424,65
1473,65
1678,73
1561,67
1652,74
1394,62
1364,59
1527,70
1648,69
1510,66
1437,64
1616,69
1350,62
1494,65
1676,70
1602,69
1685,71
1546,69
1715,74
1539,69
1656,70
1760,74
1642,71
1457,67
1623,68
1653,71
1366,62
1509,67
1484,67
1758,74
1565,69
1473,66
1503,68
1648,69
1600,69
1499,65
1422,62
1599,70
1536,73
1639,71
1648,69
1507,66
1611,70
1525,66
1437,63
1684,72
1540,69
1593,70
1657,71
1731,74
1688,70
1472,65
1740,74
1376,62
1420,67
1491,68
1598,69
1488,68
1751,71
1551,67
1498,66
1527,66
1753,74
1643,70
1491,66
1502,66
1678,73
1366,61
1740,73
1648,72
1495,66
1579,70
1410,64
1425,65
1558,65
1557,65
1409,65
1437,66
1485,66
1415,63
1484,63
1524,67
1553,70
1501,69
1599,70
1652,71
1525,65
1484,63
1549,69
1495,67
1436,64
1453,64
1637,72
1677,71
1570,68
1579,69
1530,65
1632,68
1524,66
1466,65
1895,76
1608,70
1598,69
1591,66
1453,63
1574,68
1488,62
1595,68
1695,72
1582,68
1557,67
1648,74
1606,70
1504,69
1557,70
1647,70
1648,71
1642,70
1587,66
1548,68
1502,65
1609,70
1702,73
1576,69
1588,69
1617,68
1646,70
1582,68
1568,69
1583,69
1706,72
1699,71
1663,72
1449,64
1581,69
1625,70
1567,70
1519,68
1473,64
1807,74
1538,65
1584,69
1523,69
1593,68
1524,67
1534,64
1506,66
1516,68
1567,67
1560,70
1593,69
1552,67
1609,72
1619,70
1461,66
1498,66
1627,72
1534,69
1566,67
1682,72
1745,75
1596,68
1667,69
1603,71
1586,69
1659,70
1378,66
1560,68
1792,72
1719,74
1531,66
1506,68
1371,62
1642,69
1523,66
1555,68
1678,74
1780,76
1620,69
1537,66
1677,73
1595,69
1458,61
1520,66
1595,70
1521,65
1588,68
1724,72
1709,70
1710,72
1494,66
1419,64
1377,60
1578,72
1512,67
1741,72
1560,69
1526,65
1609,69
1623,67
1702,72
1575,69
1463,66
1608,70
1595,69
1465,62
1557,68
1500,66
1591,71