60,1382
60,1387
56,1275
61,1397
62,1440
55,1304
61,1379
58,1397
56,1245
55,1257
61,1313
56,1350
63,1431
56,1198
58,1348
56,1385
61,1403
56,1248
58,1353
58,1274
62,1473
59,1392
59,1381
55,1151
56,1278
55,1241
55,1272
57,1315
57,1358
59,1354
-,-,-,-
58,1370
59,1390
61,1412
59,1338
57,1322
60,1382
60,1381
58,1340
60,1415
60,1389
61,1386
58,1344
60,1375
60,1382
58,1256
59,1348
58,1358
59,1366
62,1439
54,1169
58,1293
56,1275
57,1307
56,1241
55,1203
55,1245
60,1370
61,1400
61,1379
59,1366
62,1440
58,1385
56,1295
50,1179
61,1434
57,1306
57,1285
55,1190
59,1296
59,1361
59,1307
55,1209
60,1387
57,1398
57,1259
52,1174
58,1316
58,1358
54,1281
56,1277
60,1394
58,1242
55,1255
60,1329
56,1308
61,1438
60,1354
57,1264
-,-,-,-
63,1413
63,1435
63,1431
61,1373
61,1356
61,1364
62,1413
61,1337
60,1331
62,1396
61,1382
62,1402
61,1381
62,1399
62,1439
58,1324
60,1422
62,1439
59,1360
61,1410
60,1367
63,1452
61,1422
64,1497
64,1522
62,1440
58,1401
61,1442
62,1473
61,1447
63,1429
62,1355
61,1339
60,1360
57,1309
60,1419
58,1339
59,1379
61,1345
60,1330
55,1229
65,1509
59,1362
62,1407
55,1292
60,1299
59,1335
58,1357
58,1318
57,1342
55,1244
58,1395
57,1327
54,1224
56,1349
55,1252
55,1295
56,1320
-,-,-,-
59,1345
62,1400
64,1497
63,1471
63,1447
61,1375
65,1513
61,1367
63,1483
59,1368
64,1489
65,1509
64,1462
60,1423
61,1362
60,1363
66,1552
62,1404
57,1247
63,1463
57,1302
63,1413
61,1356
61,1366
60,1342
63,1413
62,1378
63,1427
63,1429
63,1429
59,1316
63,1447
60,1427
58,1387
52,1262
60,1390
59,1365
59,1309
61,1437
51,1096
66,1595
57,1238
65,1465
59,1351
60,1380
57,1328
58,1346
51,1193
55,1297
58,1383
51,1102
57,1310
56,1250
59,1346
55,1221
55,1236
51,1164
58,1350
-,-,-,-
63,1531
66,1550
63,1491
65,1543
65,1527
66,1552
65,1528
66,1552
63,1470
63,1478
65,1554
66,1526
67,1567
67,1572
63,1499
64,1482
63,1475
66,1595
66,1581
62,1464
66,1611
65,1465
62,1402
61,1365
64,1411
65,1465
64,1484
65,1509
65,1509
64,1483
62,1369
63,1409
61,1367
61,1366
58,1346
54,1193
54,1255
61,1408
59,1385
58,1348
61,1403
62,1419
56,1313
61,1346
59,1365
55,1158
57,1277
60,1394
60,1420
56,1292
58,1337
53,1202
54,1227
59,1314
58,1352
55,1249
57,1333
59,1342
-,-,-,-
63,1437
67,1567
67,1567
67,1567
62,1470
62,1453
63,1502
67,1567
65,1536
67,1567
67,1567
63,1574
58,1342
55,1184
66,1581
65,1567
64,1526
60,1396
63,1493
64,1472
64,1490
63,1420
60,1294
62,1344
65,1465
61,1350
64,1468
63,1440
65,1509
64,1469
63,1407
59,1265
63,1409
63,1468
55,1210
62,1431
63,1490
57,1335
60,1378
59,1297
58,1346
59,1323
57,1290
57,1231
56,1273
63,1482
57,1315
56,1245
58,1306
58,1293
54,1295
59,1382
57,1277
59,1400
52,1198
55,1263
59,1316
59,1395
-,-,-,-
60,1412
62,1464
67,1565
67,1567
64,1527
67,1567
65,1545
64,1489
67,1567
60,1422
66,1572
64,1520
64,1513
64,1468
66,1581
66,1591
65,1549
60,1371
66,1581
66,1573
66,1577
63,1454
62,1394
65,1453
60,1304
65,1465
63,1445
64,1491
65,1509
58,1346
63,1405
63,1419
60,1366
60,1303
62,1478
61,1487
61,1383
58,1314
56,1351
56,1230
60,1321
64,1504
59,1325
61,1424
54,1229
61,1377
60,1416
59,1353
53,1269
56,1296
56,1257
58,1288
59,1379
61,1394
61,1492
57,1320
56,1339
58,1377
-,-,-,-
63,1459
67,1565
65,1492
64,1528
61,1418
64,1460
67,1565
66,1562
61,1437
65,1506
67,1565
66,1570
63,1483
61,1376
66,1573
65,1539
66,1573
65,1555
64,1469
65,1512
66,1585
62,1376
63,1406
62,1397
61,1358
65,1467
66,1537
65,1509
63,1452
61,1415
64,1504
64,1504
58,1295
60,1317
58,1221
61,1333
65,1527
56,1256
57,1235
55,1304
55,1213
62,1390
59,1302
53,1229
57,1243
58,1281
59,1387
60,1338
59,1363
59,1273
58,1387
56,1258
56,1272
58,1398
58,1306
59,1323
57,1315
58,1417
-,-,-,-
67,1565
60,1449
61,1386
65,1513
67,1565
58,1342
65,1521
66,1538
67,1565
65,1543
67,1565
64,1480
64,1463
64,1523
58,1283
61,1405
65,1500
66,1537
66,1545
63,1442
61,1454
64,1530
64,1523
63,1504
59,1376
65,1542
65,1449
60,1342
62,1386
60,1313
64,1548
64,1520
63,1452
64,1491
61,1330
63,1438
58,1389
59,1386
56,1268
56,1274
56,1229
61,1409
58,1292
58,1334
57,1302
55,1268
56,1307
57,1251
60,1401
63,1407
56,1255
54,1281
59,1357
60,1354
64,1484
62,1430
59,1387
55,1230
-,-,-,-
64,1523
66,1534
60,1377
67,1565
61,1437
67,1565
63,1506
59,1379
60,1387
67,1565
60,1399
65,1539
64,1527
63,1471
66,1537
65,1515
65,1502
66,1518
66,1532
66,1537
61,1390
66,1573
66,1573
62,1466
64,1533
62,1454
65,1449
56,1207
62,1338
62,1379
65,1527
65,1527
63,1506
55,1262
58,1247
57,1293
57,1233
65,1481
59,1307
59,1369
65,1550
58,1350
54,1234
61,1395
57,1274
59,1337
60,1404
60,1469
58,1377
55,1289
57,1338
62,1490
58,1328
56,1254
54,1198
57,1319
54,1192
59,1448
-,-,-,-
63,1473
60,1367
59,1312
64,1494
63,1486
64,1472
66,1518
67,1573
59,1438
67,1565
65,1520
67,1565
67,1565
64,1497
61,1432
66,1533
64,1448
56,1282
66,1512
65,1505
65,1490
63,1523
62,1466
66,1573
66,1573
61,1410
65,1453
60,1305
59,1370
63,1448
62,1399
64,1441
65,1481
65,1603
63,1526
62,1401
57,1247
60,1283
60,1320
63,1453
56,1283
55,1214
57,1297
57,1289
60,1384
60,1346
60,1336
57,1240
61,1375
57,1357
54,1203
58,1267
55,1239
58,1263
59,1344
56,1245
57,1296
57,1358
-,-,-,-
61,1436
64,1475
60,1407
60,1478
67,1567
64,1473
67,1565
59,1372
65,1513
61,1403
64,1530
67,1565
63,1451
65,1506
58,1327
66,1512
63,1442
66,1519
60,1420
66,1516
66,1512
66,1573
66,1573
66,1556
61,1383
64,1493
65,1449
59,1305
64,1410
64,1434
65,1465
63,1385
63,1362
60,1394
60,1396
55,1244
64,1492
61,1368
58,1252
61,1424
52,1126
57,1252
58,1313
54,1218
63,1529
55,1262
63,1476
56,1239
60,1389
60,1385
58,1374
59,1305
58,1295
51,1219
65,1503
55,1317
54,1267
53,1238
-,-,-,-
67,1565
64,1499
61,1384
62,1422
61,1447
66,1539
59,1384
67,1571
65,1521
67,1565
67,1565
60,1358
65,1513
65,1499
66,1514
66,1514
66,1512
62,1415
63,1421
61,1396
60,1343
59,1345
66,1556
63,1487
63,1498
62,1438
59,1314
65,1449
60,1271
62,1365
65,1472
62,1407
66,1519
60,1342
61,1460
61,1414
64,1497
63,1443
61,1313
60,1315
61,1433
63,1517
57,1281
59,1345
59,1335
59,1403
59,1393
60,1310
56,1291
58,1248
58,1318
62,1470
58,1312
62,1449
62,1426
59,1307
59,1481
58,1371
-,-,-,-
65,1548
63,1484
67,1574
65,1501
59,1326
61,1474
64,1508
61,1421
63,1464
64,1523
67,1565
67,1565
65,1535
59,1366
66,1512
66,1512
58,1275
61,1395
63,1449
63,1505
64,1492
64,1445
66,1529
66,1492
61,1341
66,1519
63,1464
62,1411
66,1566
66,1556
65,1449
62,1374
58,1275
60,1341
59,1440
60,1407
62,1369
59,1349
60,1315
62,1396
58,1332
59,1406
61,1447
57,1362
59,1304
56,1222
62,1481
59,1411
57,1313
61,1441
59,1320
57,1343
61,1424
60,1479
52,1138
57,1293
57,1362
61,1431
-,-,-,-
67,1565
67,1565
67,1580
66,1539
62,1463
65,1548
68,1574
67,1565
59,1326
67,1588
59,1363
64,1490
62,1422
63,1416
66,1492
65,1462
64,1446
66,1514
65,1505
66,1490
67,1543
63,1446
65,1508
62,1409
64,1472
66,1535
65,1523
62,1415
64,1527
63,1436
65,1451
60,1343
62,1396
57,1261
59,1356
60,1421
55,1198
62,1463
62,1405
60,1260
63,1454
60,1392
62,1437
62,1489
57,1249
61,1395
59,1385
60,1395
55,1294
55,1192
64,1460
58,1277
58,1256
52,1146
57,1281
59,1290
59,1343
54,1305
-,-,-,-
61,1397
67,1535
64,1458
59,1388
63,1464
65,1479
63,1432
64,1482
58,1340
64,1459
68,1574
66,1545
67,1545
68,1576
65,1480
67,1543
66,1507
66,1537
58,1294
65,1510
64,1464
65,1479
66,1551
59,1314
63,1501
66,1512
60,1378
61,1417
66,1542
66,1554
62,1380
61,1359
62,1383
58,1356
58,1377
60,1476
59,1375
58,1370
59,1359
61,1291
63,1405
54,1244
63,1505
57,1245
59,1470
57,1243
61,1444
58,1304
58,1275
57,1283
58,1404
60,1360
61,1451
58,1326
58,1329
60,1335
58,1309
55,1257
-,-,-,-
63,1478
62,1382
63,1463
60,1408
58,1289
67,1565
63,1438
68,1574
65,1499
68,1574
63,1467
64,1459
62,1420
65,1497
67,1541
66,1522
65,1445
66,1523
65,1465
66,1494
63,1434
66,1514
66,1538
64,1485
64,1494
63,1460
63,1472
63,1544
65,1508
67,1611
65,1449
63,1413
61,1369
65,1587
57,1307
59,1375
62,1409
58,1312
62,1402
61,1339
62,1347
63,1529
58,1267
60,1414
56,1215
57,1262
59,1458
58,1269
63,1488
61,1413
50,1173
56,1223
56,1207
57,1273
62,1429
55,1228
59,1327
53,1162
-,-,-,-
62,1475
62,1429
68,1574
62,1460
57,1314
68,1574
65,1520
66,1518
68,1574
62,1356
66,1558
68,1574
65,1501
64,1531
66,1481
66,1577
66,1524
70,1626
67,1547
66,1474
66,1509
64,1521
64,1505
67,1611
67,1611
65,1543
64,1460
66,1514
67,1543
66,1525
59,1255
61,1292
65,1449
60,1413
58,1350
57,1310
63,1420
60,1415
60,1338
62,1360
58,1204
63,1539
63,1423
63,1486
61,1380
58,1295
54,1243
58,1310
54,1307
60,1403
59,1373
56,1266
58,1334
64,1493
59,1332
55,1241
57,1332
57,1335
-,-,-,-
70,1624
70,1626
69,1595
70,1646
69,1611
61,1371
67,1566
70,1626
62,1455
67,1541
70,1630
69,1609
67,1600
70,1626
64,1479
64,1467
67,1569
66,1519
65,1529
63,1475
64,1473
62,1447
64,1501
61,1384
67,1539
63,1447
65,1529
67,1611
62,1463
65,1517
61,1300
61,1378
65,1449
64,1510
61,1398
60,1395
57,1330
56,1345
58,1312
62,1420
60,1373
59,1324
60,1382
55,1232
57,1285
59,1362
62,1448
59,1345
63,1441
56,1282
54,1271
54,1341
55,1298
56,1259
58,1352
56,1232
60,1401
61,1439
-,-,-,-
70,1624
70,1598
65,1417
70,1683
63,1364
64,1437
70,1636
67,1532
69,1606
69,1610
70,1624
66,1488
68,1570
70,1624
64,1405
63,1440
66,1518
68,1574
65,1508
67,1554
64,1473
68,1567
66,1571
66,1515
68,1565
66,1528
59,1328
66,1556
64,1483
67,1611
63,1397
65,1449
63,1364
62,1391
57,1334
57,1313
63,1448
54,1302
59,1253
58,1282
61,1327
63,1339
59,1344
59,1395
59,1388
62,1388
63,1410
60,1424
56,1238
57,1282
60,1346
62,1465
57,1392
58,1324
59,1391
62,1493
55,1192
55,1262
-,-,-,-
70,1598
67,1512
70,1596
66,1452
70,1598
64,1494
67,1477
67,1496
69,1564
70,1596
67,1565
69,1569
70,1592
70,1609
58,1280
66,1501
68,1565
65,1512
68,1565
65,1478
58,1300
66,1519
56,1226
64,1529
63,1467
65,1481
65,1547
62,1462
64,1524
64,1542
65,1475
65,1447
62,1437
63,1491
54,1195
65,1522
61,1378
58,1309
64,1532
61,1406
59,1267
60,1325
60,1402
60,1396
58,1319
64,1489
60,1396
54,1263
56,1203
58,1364
57,1298
59,1339
55,1181
57,1310
54,1194
56,1249
57,1350
62,1422
-,-,-,-
70,1594
69,1589
67,1519
64,1452
67,1537
68,1529
59,1316
67,1535
66,1470
70,1592
70,1592
70,1591
70,1649
64,1468
62,1435
61,1352
68,1571
60,1308
63,1468
67,1535
68,1565
64,1492
68,1574
62,1412
68,1574
65,1486
64,1508
64,1505
62,1414
65,1513
58,1270
61,1329
62,1336
59,1298
61,1423
56,1261
63,1476
61,1407
59,1411
62,1457
63,1453
61,1390
60,1318
61,1419
58,1277
58,1353
56,1248
62,1494
60,1312
65,1424
57,1288
59,1354
62,1468
55,1300
58,1332
55,1174
53,1195
60,1408
-,-,-,-
70,1591
65,1420
66,1499
66,1543
67,1539
70,1623
69,1571
66,1514
63,1415
70,1597
65,1445
65,1492
69,1550
69,1592
67,1531
68,1567
68,1565
68,1565
60,1346
61,1362
68,1565
65,1578
67,1553
68,1574
65,1559
64,1496
60,1372
63,1492
59,1388
67,1615
65,1422
64,1391
61,1326
56,1284
60,1371
62,1456
60,1386
61,1401
60,1416
55,1284
59,1344
61,1352
57,1257
62,1403
55,1209
59,1373
61,1425
60,1417
58,1319
52,1186
58,1322
57,1321
61,1396
61,1467
62,1416
63,1468
53,1256
62,1430
-,-,-,-
62,1431
70,1587
70,1597
70,1593
66,1482
67,1525
70,1597
67,1460
66,1439
68,1558
66,1526
64,1423
68,1582
70,1591
64,1442
68,1565
66,1507
63,1430
60,1338
68,1577
63,1473
61,1423
61,1402
68,1574
66,1523
65,1503
66,1580
65,1552
63,1436
63,1463
63,1404
65,1422
66,1493
56,1228
63,1429
58,1318
59,1361
58,1351
54,1248
56,1286
63,1457
61,1374
57,1177
63,1419
63,1416
57,1322
62,1481
65,1514
58,1287
55,1277
59,1328
58,1352
60,1408
58,1353
61,1374
60,1382
52,1172
58,1416
-,-,-,-
66,1515
69,1580
70,1587
69,1572
70,1587
70,1610
63,1394
67,1562
70,1583
65,1462
70,1625
70,1587
67,1522
65,1463
68,1576
64,1468
66,1534
65,1507
65,1512
67,1552
68,1567
61,1381
66,1542
65,1501
64,1487
64,1476
62,1454
65,1528
62,1420
65,1553
64,1498
63,1386
66,1494
63,1417
61,1419
59,1254
62,1517
58,1363
58,1313
54,1208
54,1202
61,1450
55,1250
60,1294
61,1318
55,1223
61,1448
60,1366
56,1270
55,1196
64,1452
57,1286
59,1383
57,1296
64,1489
61,1410
59,1356
52,1113
-,-,-,-
68,1548
68,1511
67,1512
69,1562
69,1556
69,1571
71,1641
70,1583
68,1562
67,1493
70,1583
68,1544
63,1401
65,1476
68,1567
68,1565
66,1542
67,1537
66,1531
68,1567
67,1558
66,1546
59,1348
69,1621
64,1501
58,1317
67,1611
65,1524
62,1444
62,1418
66,1493
66,1491
62,1374
61,1354
66,1571
62,1410
63,1430
56,1348
58,1332
58,1318
57,1293
60,1412
58,1298
61,1379
58,1363
62,1343
62,1317
62,1493
59,1365
58,1377
61,1430
58,1355
57,1185
58,1361
59,1361
60,1393
56,1311
53,1185
-,-,-,-
69,1586
71,1653
70,1631
71,1641
70,1615
71,1641
68,1507
67,1490
70,1604
71,1673
59,1306
67,1494
67,1484
64,1419
65,1534
62,1482
69,1621
63,1484
69,1621
62,1423
60,1390
66,1480
66,1527
68,1565
68,1569
58,1293
64,1519
63,1526
66,1585
57,1404
63,1412
65,1470
66,1456
57,1324
57,1265
62,1365
61,1396
62,1456
62,1371
60,1384
61,1469
54,1273
56,1325
62,1414
62,1430
59,1308
58,1291
54,1167
60,1439
58,1337
57,1372
60,1340
59,1322
55,1309
62,1449
57,1295
56,1238
54,1245
-,-,-,-
71,1639
63,1365
68,1533
70,1614
67,1570
68,1567
65,1445
69,1593
69,1580
66,1453
68,1509
67,1537
67,1567
65,1463
57,1287
67,1562
66,1569
66,1549
56,1345
69,1623
67,1574
68,1565
61,1360
67,1572
65,1512
68,1567
64,1524
67,1590
61,1436
67,1611
66,1464
66,1456
64,1388
60,1356
59,1303
64,1490
61,1357
57,1316
62,1372
62,1363
61,1395
57,1271
61,1360
66,1548
60,1453
56,1226
57,1241
58,1288
60,1333
60,1361
59,1330
58,1265
59,1299
60,1396
59,1379
60,1342
55,1329
57,1295
-,-,-,-
68,1583
67,1510
62,1380
67,1494
70,1629
71,1639
66,1458
65,1471
65,1459
66,1506
70,1635
71,1639
70,1620
66,1460
62,1459
65,1570
69,1621
63,1440
66,1552
69,1621
64,1504
68,1563
68,1571
68,1567
67,1548
68,1567
63,1459
66,1583
64,1504
64,1492
65,1465
66,1456
64,1465
63,1438
63,1471
60,1322
60,1399
64,1495
58,1386
58,1370
60,1320
63,1438
57,1407
62,1478
60,1458
60,1281
64,1430
61,1435
63,1413
58,1398
61,1380
62,1479
57,1264
60,1472
58,1334
59,1392
60,1399
57,1299
-,-,-,-
71,1643
63,1377
71,1639
71,1639
65,1423
71,1639
71,1629
71,1639
63,1365
70,1606
69,1596
66,1499
70,1613
65,1456
63,1496
70,1630
69,1621
65,1548
68,1599
69,1621
68,1585
60,1354
63,1395
67,1537
66,1519
68,1563
65,1525
62,1458
58,1365
64,1438
58,1213
63,1417
66,1460
57,1290
64,1527
64,1475
61,1313
61,1413
58,1317
59,1382
61,1366
64,1453
60,1348
58,1392
61,1468
61,1495
59,1268
59,1324
60,1366
54,1313
61,1455
61,1424
59,1277
65,1483
61,1425
59,1368
61,1484
63,1428
-,-,-,-
72,1675
66,1488
67,1492
65,1446
71,1629
70,1598
71,1631
65,1443
66,1491
71,1629
70,1595
68,1528
67,1480
65,1448
63,1463
63,1445
70,1630
60,1347
70,1630
58,1325
64,1477
67,1548
64,1479
62,1438
63,1417
68,1571
65,1522
65,1551
64,1470
66,1579
63,1359
63,1404
65,1459
60,1354
61,1408
59,1371
62,1344
60,1341
55,1299
59,1338
63,1484
62,1448
60,1329
60,1357
59,1357
60,1330
60,1366
63,1365
65,1468
59,1335
60,1339
61,1401
61,1459
60,1426
56,1264
60,1327
64,1497
60,1381
-,-,-,-
65,1426
68,1526
66,1509
64,1446
66,1450
69,1565
63,1393
71,1650
70,1628
65,1402
71,1649
72,1675
72,1675
69,1602
62,1471
64,1500
62,1408
69,1597
62,1441
62,1436
69,1623
63,1416
66,1507
63,1452
66,1536
60,1293
62,1427
64,1471
67,1592
61,1402
61,1367
66,1456
64,1431
61,1379
62,1438
63,1401
66,1559
65,1526
56,1300
65,1553
58,1338
58,1270
59,1362
63,1441
59,1321
58,1403
62,1430
64,1493
57,1351
58,1239
58,1332
61,1397
60,1378
60,1406
59,1358
56,1285
60,1423
63,1531
-,-,-,-
72,1675
68,1579
68,1551
72,1675
72,1675
67,1530
66,1566
72,1696
72,1675
64,1413
68,1607
72,1675
68,1548
67,1547
69,1645
70,1662
61,1359
64,1480
60,1414
63,1426
69,1591
63,1479
64,1479
61,1374
67,1558
65,1492
60,1375
62,1427
63,1460
67,1590
65,1453
66,1471
61,1333
64,1547
59,1283
62,1433
61,1409
62,1446
65,1528
60,1372
62,1399
62,1384
64,1507
60,1356
55,1291
58,1388
60,1428
60,1383
60,1430
57,1325
62,1431
60,1351
58,1389
57,1297
58,1373
60,1448
60,1347
57,1224
-,-,-,-
65,1447
68,1544
68,1542
69,1545
72,1675
72,1675
71,1656
70,1627
67,1478
58,1262
67,1523
65,1455
69,1583
72,1675
70,1630
56,1280
63,1447
65,1511
64,1489
62,1479
64,1534
65,1492
68,1563
67,1542
64,1446
68,1563
64,1573
67,1590
66,1571
63,1492
66,1456
68,1608
64,1427
62,1409
57,1242
60,1433
65,1440
58,1355
66,1544
60,1413
58,1292
62,1335
59,1387
63,1471
59,1404
60,1448
59,1326
61,1435
59,1376
58,1259
58,1291
54,1182
57,1332
57,1363
59,1422
58,1328
60,1355
55,1241
-,-,-,-
72,1681
67,1514
66,1508
66,1488
72,1677
72,1675
65,1483
71,1663
72,1677
66,1491
71,1631
69,1544
66,1492
65,1451
63,1436
67,1596
65,1472
61,1357
62,1442
66,1573
66,1525
65,1532
66,1517
68,1573
57,1224
68,1563
65,1504
66,1521
67,1592
68,1612
67,1582
63,1444
61,1408
64,1413
58,1340
65,1453
60,1380
60,1352
57,1253
58,1287
57,1297
62,1357
60,1308
61,1398
62,1445
59,1422
62,1397
58,1329
61,1395
65,1406
58,1361
54,1205
56,1357
62,1458
57,1317
57,1362
59,1344
53,1176
-,-,-,-
69,1561
71,1636
68,1566
66,1499
72,1673
66,1476
72,1675
72,1697
69,1603
73,1744
73,1725
70,1592
67,1553
67,1549
62,1402
62,1449
70,1630
61,1492
70,1632
61,1414
63,1436
67,1548
58,1299
66,1526
67,1544
68,1559
67,1538
62,1453
65,1464
66,1525
60,1395
66,1543
66,1551
64,1447
58,1316
55,1159
61,1430
65,1447
54,1121
56,1216
61,1480
63,1478
61,1378
64,1500
58,1393
58,1388
59,1317
63,1466
57,1293
63,1523
62,1370
63,1466
57,1325
59,1393
54,1233
61,1443
58,1313
59,1358
-,-,-,-
68,1558
70,1646
67,1521
67,1540
69,1560
64,1432
73,1721
67,1509
62,1409
71,1678
72,1674
68,1537
73,1725
72,1690
70,1648
68,1591
67,1595
67,1574
66,1547
70,1660
71,1680
68,1573
68,1559
66,1531
64,1503
62,1406
68,1633
66,1568
68,1608
63,1419
59,1360
61,1383
63,1410
60,1336
66,1507
63,1452
64,1491
59,1305
57,1273
58,1364
61,1472
59,1386
59,1301
61,1363
62,1450
65,1549
57,1339
58,1306
62,1372
56,1274
67,1571
60,1311
62,1472
60,1435
66,1518
59,1393
59,1363
61,1423
-,-,-,-
67,1507
64,1463
67,1554
73,1721
65,1433
63,1454
73,1716
71,1654
65,1460
73,1721
73,1721
65,1419
65,1464
66,1530
64,1526
66,1548
66,1511
64,1506
71,1680
71,1680
69,1653
65,1491
64,1503
65,1482
68,1559
66,1524
67,1570
66,1520
66,1558
67,1582
62,1439
67,1571
62,1484
57,1215
57,1210
58,1371
57,1243
57,1238
56,1257
59,1343
61,1363
58,1338
64,1479
53,1170
59,1449
63,1509
60,1356
58,1342
58,1320
63,1492
60,1380
59,1374
62,1462
60,1382
60,1411
56,1393
53,1235
56,1311
-,-,-,-
66,1453
70,1613
69,1572
67,1511
67,1535
67,1520
67,1505
61,1398
73,1716
62,1438
67,1487
73,1716
71,1662
68,1584
66,1573
71,1680
67,1576
66,1508
61,1413
67,1569
62,1434
63,1401
63,1501
66,1516
64,1460
66,1509
64,1427
66,1599
66,1537
66,1546
61,1335
62,1473
67,1571
59,1351
67,1586
57,1238
59,1358
57,1330
58,1314
62,1384
62,1480
61,1364
56,1296
55,1263
59,1406
65,1475
60,1381
63,1434
59,1418
55,1255
60,1373
58,1275
58,1347
59,1316
53,1267
58,1331
57,1283
60,1378
-,-,-,-
73,1716
68,1572
63,1462
67,1501
65,1454
66,1491
73,1716
70,1632
64,1433
73,1718
62,1389
65,1470
69,1634
73,1716
71,1680
62,1421
66,1566
62,1503
60,1387
71,1680
64,1509
68,1581
65,1485
67,1544
62,1403
67,1525
66,1528
66,1500
68,1608
68,1608
65,1518
62,1402
65,1522
58,1275
65,1617
62,1359
63,1449
64,1412
64,1550
59,1307
57,1232
64,1462
59,1319
58,1334
60,1391
56,1299
54,1303
62,1406
57,1319
59,1368
60,1401
58,1390
58,1261
58,1394
58,1377
59,1315
60,1397
59,1358
-,-,-,-
69,1614
72,1677
73,1731
65,1407
69,1634
66,1476
73,1716
64,1393
67,1514
72,1686
73,1725
72,1685
68,1594
73,1720
62,1421
61,1400
68,1632
61,1457
67,1559
71,1680
64,1492
61,1324
68,1559
66,1503
68,1559
68,1569
68,1608
63,1455
68,1608
68,1608
68,1604
67,1547
60,1349
59,1310
65,1588
61,1436
65,1546
58,1321
57,1290
59,1250
65,1473
65,1472
56,1264
57,1325
63,1552
61,1439
60,1380
59,1294
53,1196
63,1451
62,1450
61,1451
60,1359
55,1311
60,1408
59,1397
53,1173
55,1211
-,-,-,-
67,1492
65,1469
70,1591
68,1562
67,1506
64,1425
73,1712
73,1712
68,1561
71,1640
66,1487
69,1636
68,1485
68,1528
61,1414
71,1680
64,1538
67,1573
71,1682
60,1445
57,1356
61,1392
68,1563
65,1509
67,1525
56,1222
56,1276
61,1355
67,1565
68,1604
66,1513
66,1496
66,1526
60,1359
59,1357
62,1434
63,1399
60,1341
60,1382
58,1295
59,1286
64,1507
56,1253
66,1495
59,1418
58,1317
60,1308
61,1403
53,1287
63,1504
57,1247
62,1461
59,1375
53,1189
59,1398
59,1451
62,1440
61,1407
-,-,-,-
69,1555
65,1432
70,1618
71,1646
69,1569
69,1630
68,1545
70,1602
73,1712
73,1712
66,1490
67,1461
65,1467
67,1551
66,1545
67,1578
71,1698
62,1456
66,1537
66,1575
57,1287
67,1531
66,1517
68,1559
63,1411
66,1517
55,1215
63,1412
64,1517
64,1453
67,1583
62,1424
66,1487
57,1267
59,1463
65,1522
61,1372
57,1245
62,1450
60,1424
63,1340
60,1275
63,1438
62,1392
58,1236
58,1427
60,1344
59,1329
55,1227
60,1373
57,1331
55,1262
58,1339
55,1267
59,1311
60,1499
58,1302
59,1397
-,-,-,-
67,1508
67,1564
64,1443
65,1456
67,1535
70,1605
73,1712
72,1716
64,1410
73,1713
65,1443
64,1396
67,1517
67,1478
71,1680
58,1308
67,1590
70,1668
62,1435
67,1537
70,1652
65,1465
68,1545
60,1325
64,1462
68,1575
68,1594
67,1553
68,1620
66,1519
68,1610
68,1604
67,1556
64,1518
64,1541
59,1288
64,1480
63,1420
65,1551
60,1327
63,1422
60,1272
56,1284
58,1279
55,1316
57,1325
61,1398
64,1450
59,1352
59,1434
59,1332
59,1405
60,1349
59,1367
55,1255
55,1248
56,1193
60,1367
-,-,-,-
68,1527
70,1583
72,1700
67,1524
71,1657
73,1712
73,1712
67,1478
66,1508
73,1714
65,1468
69,1601
65,1453
73,1712
71,1680
62,1426
71,1680
71,1680
63,1483
61,1423
71,1680
67,1572
65,1462
68,1545
64,1425
68,1549
67,1560
67,1564
65,1487
61,1394
67,1567
67,1574
66,1560
61,1466
63,1450
59,1375
59,1329
63,1492
62,1426
59,1334
62,1346
62,1399
58,1262
57,1201
62,1465
59,1379
61,1434
60,1391
59,1377
58,1312
56,1182
58,1366
59,1358
57,1310
58,1365
58,1280
58,1276
59,1355
-,-,-,-
70,1593
71,1645
73,1728
72,1698
73,1712
72,1692
70,1609
73,1710
67,1532
70,1617
73,1727
73,1712
67,1520
65,1514
68,1594
67,1560
66,1564
68,1597
66,1562
70,1680
70,1680
68,1545
66,1515
67,1519
65,1489
64,1447
65,1486
63,1432
63,1442
63,1427
64,1496
67,1604
69,1644
56,1322
62,1478
66,1526
60,1303
63,1438
65,1543
64,1567
63,1373
59,1307
61,1375
63,1497
60,1411
57,1312
59,1302
59,1374
57,1234
55,1229
60,1430
59,1428
63,1498
61,1509
60,1356
62,1479
58,1354
58,1318
-,-,-,-
66,1453
73,1702
70,1637
66,1561
63,1448
72,1667
62,1367
65,1456
70,1635
71,1647
67,1575
73,1710
64,1418
66,1490
68,1568
60,1455
64,1480
68,1584
66,1567
62,1454
61,1364
69,1644
69,1644
66,1498
68,1641
68,1597
68,1537
68,1545
67,1531
59,1279
66,1531
68,1606
62,1405
59,1331
61,1409
62,1360
60,1315
58,1285
65,1463
64,1486
60,1275
63,1444
65,1497
61,1426
60,1404
55,1291
61,1455
61,1427
53,1227
62,1457
63,1464
63,1502
60,1363
67,1633
61,1441
58,1388
60,1362
57,1378
-,-,-,-
64,1428
72,1707
66,1505
64,1484
73,1704
72,1699
73,1702
72,1716
64,1486
72,1669
73,1702
68,1564
72,1665
66,1471
67,1580
66,1525
56,1324
71,1680
65,1548
70,1652
70,1644
68,1590
67,1512
64,1526
67,1562
66,1543
66,1478
64,1439
62,1397
66,1499
68,1594
61,1378
67,1590
59,1362
60,1437
60,1344
65,1454
64,1526
58,1346
62,1433
64,1501
64,1466
57,1253
55,1166
62,1443
63,1449
60,1479
67,1617
64,1469
56,1365
65,1512
59,1379
60,1359
59,1371
56,1259
54,1326
55,1253
59,1336
-,-,-,-
65,1455
68,1521
73,1702
66,1459
73,1710
68,1505
67,1553
72,1692
65,1465
66,1555
66,1458
67,1476
64,1377
73,1700
64,1451
68,1577
60,1364
65,1538
71,1680
71,1680
57,1298
69,1623
67,1557
65,1532
69,1659
68,1649
67,1527
68,1533
67,1537
67,1501
64,1478
64,1526
65,1500
62,1344
62,1410
57,1363
61,1342
69,1653
67,1466
62,1453
61,1407
61,1371
60,1308
60,1405
64,1446
61,1423
59,1328
59,1350
60,1437
61,1460
56,1212
57,1337
59,1343
60,1326
61,1351
59,1338
63,1449
56,1270
-,-,-,-
68,1564
68,1602
65,1453
66,1493
72,1679
68,1515
73,1702
65,1454
72,1716
64,1453
70,1641
71,1646
65,1454
67,1520
63,1442
63,1435
63,1435
59,1296
67,1566
59,1388
67,1572
66,1530
68,1576
69,1646
65,1526
69,1611
68,1605
69,1653
64,1469
69,1645
64,1447
68,1533
67,1524
61,1290
68,1563
63,1432
61,1368
66,1550
61,1423
59,1402
64,1415
59,1272
61,1330
59,1263
64,1451
61,1342
58,1355
62,1431
58,1356
57,1355
56,1305
58,1299
58,1333
57,1257
59,1302
58,1341
57,1374
58,1362
-,-,-,-
70,1621
69,1608
66,1496
71,1664
65,1530
73,1706
66,1507
69,1540
73,1696
68,1514
73,1700
69,1559
58,1231
65,1450
66,1544
60,1396
69,1613
67,1526
62,1400
65,1498
65,1514
65,1445
67,1567
67,1523
69,1611
65,1536
66,1501
66,1523
68,1623
69,1645
63,1405
65,1459
57,1238
60,1327
57,1328
62,1413
62,1419
58,1239
59,1349
57,1244
61,1397
63,1406
57,1201
61,1356
67,1514
61,1327
59,1316
58,1314
62,1459
60,1329
56,1297
63,1467
60,1428
61,1385
57,1266
58,1379
59,1475
63,1472
-,-,-,-
72,1663
69,1565
73,1696
68,1538
65,1423
67,1590
67,1480
64,1438
72,1662
71,1673
67,1487
73,1696
68,1513
68,1528
71,1680
69,1627
62,1400
71,1680
67,1578
66,1557
65,1558
67,1545
70,1660
69,1611
70,1677
64,1520
62,1398
65,1571
68,1593
59,1362
63,1463
67,1505
68,1531
62,1351
60,1392
64,1459
58,1333
59,1340
62,1443
56,1309
63,1452
62,1433
64,1497
62,1414
60,1315
62,1399
60,1321
62,1489
67,1616
59,1328
55,1282
58,1273
55,1292
58,1268
61,1389
58,1365
49,1118
56,1373
-,-,-,-
66,1504
73,1696
73,1698
65,1405
69,1606
70,1612
66,1482
66,1471
71,1629
68,1504
71,1629
73,1700
73,1696
66,1448
62,1459
61,1432
66,1518
64,1507
68,1585
68,1584
71,1680
68,1615
66,1531
69,1617
67,1618
67,1560
68,1619
65,1547
67,1560
69,1645
68,1531
64,1414
62,1361
63,1449
57,1289
64,1495
58,1329
58,1350
61,1383
66,1629
57,1340
60,1261
64,1474
64,1519
60,1366
56,1214
59,1337
64,1470
57,1267
60,1352
57,1340
62,1388
57,1365
61,1377
57,1307
56,1251
60,1405
55,1289
-,-,-,-
67,1450
66,1420
67,1466
73,1696
73,1696
70,1586
67,1551
73,1700
72,1689
71,1623
63,1366
73,1696
73,1696
69,1581
66,1541
66,1536
61,1438
71,1680
66,1566
65,1506
59,1375
69,1642
67,1525
67,1556
69,1615
69,1652
67,1592
69,1645
69,1643
69,1614
65,1431
65,1442
58,1263
63,1422
59,1299
64,1451
62,1432
61,1440
58,1363
60,1375
59,1406
62,1422
60,1346
64,1487
58,1264
56,1150
65,1548
64,1509
61,1428
59,1366
60,1468
61,1338
62,1415
60,1335
53,1198
60,1409
59,1377
58,1418
-,-,-,-
72,1664
73,1708
58,1256
60,1339
64,1466
65,1438
65,1473
73,1696
62,1450
67,1464
72,1664
68,1520
69,1547
67,1509
69,1618
65,1526
71,1680
65,1506
59,1335
67,1539
66,1547
69,1626
63,1422
64,1410
70,1642
70,1697
66,1532
61,1376
68,1520
69,1614
68,1533
63,1404
67,1509
58,1263
56,1270
65,1482
61,1417
65,1549
61,1427
60,1382
60,1467
65,1454
62,1363
62,1446
63,1381
58,1268
53,1108
58,1337
63,1387
59,1340
51,1141
56,1277
59,1387
59,1361
60,1435
63,1470
58,1393
60,1481
-,-,-,-
65,1432
67,1464
65,1500
66,1444
69,1610
65,1500
72,1677
73,1696
65,1427
66,1502
69,1596
70,1598
73,1696
73,1696
61,1445
71,1680
70,1640
69,1659
69,1603
59,1346
64,1458
65,1553
66,1557
70,1642
67,1550
70,1638
65,1547
67,1535
69,1614
69,1614
65,1470
68,1541
58,1267
63,1459
59,1329
62,1376
59,1298
58,1375
65,1549
62,1420
63,1537
63,1436
61,1449
62,1412
62,1335
54,1242
58,1266
63,1473
58,1357
59,1332
58,1398
58,1340
63,1513
62,1466
62,1397
63,1467
56,1260
65,1601
-,-,-,-
64,1420
63,1357
64,1458
73,1702
70,1613
73,1696
68,1526
72,1668
69,1590
71,1624
65,1538
71,1642
73,1698
72,1670
61,1407
62,1510
70,1640
61,1420
71,1680
71,1680
64,1493
67,1541
65,1515
70,1636
67,1551
64,1460
67,1527
61,1408
66,1510
65,1478
68,1529
66,1473
65,1462
65,1480
60,1354
63,1435
62,1414
62,1489
62,1357
58,1302
62,1381
64,1442
63,1464
62,1433
57,1285
62,1385
59,1310
65,1594
58,1402
53,1146
61,1421
56,1280
59,1302
57,1301
57,1341
59,1371
58,1333
60,1377
-,-,-,-
73,1696
73,1702
63,1342
70,1631
68,1529
66,1454
67,1481
68,1577
72,1684
71,1608
72,1687
67,1548
73,1696
65,1447
70,1644
57,1255
70,1636
69,1631
69,1616
67,1564
62,1444
70,1665
67,1530
63,1423
70,1627
70,1636
64,1475
69,1584
67,1554
69,1611
66,1475
67,1511
68,1535
60,1319
57,1245
63,1457
57,1247
59,1340
63,1478
60,1396
60,1361
61,1442
63,1518
62,1471
61,1277
61,1295
63,1425
61,1323
56,1307
59,1348
59,1300
55,1308
61,1359
57,1387
64,1458
61,1316
58,1348
58,1383
-,-,-,-
67,1515
68,1604
73,1696
73,1690
66,1445
71,1629
69,1549
73,1702
73,1696
64,1401
67,1530
67,1483
73,1696
73,1696
61,1433
70,1644
71,1680
70,1636
63,1455
62,1454
58,1281
69,1607
67,1523
68,1548
69,1599
70,1627
67,1568
64,1484
69,1586
68,1558
67,1502
65,1452
65,1438
61,1377
60,1331
64,1397
55,1240
55,1270
53,1255
66,1565
56,1257
60,1383
64,1519
62,1484
60,1306
60,1285
65,1516
59,1304
60,1388
60,1431
61,1318
60,1354
58,1345
64,1467
66,1556
58,1321
58,1277
57,1281
-,-,-,-
66,1464
69,1578
68,1513
62,1301
68,1526
65,1408
73,1700
73,1690
66,1498
73,1690
73,1696
68,1599
72,1681
63,1376
62,1442
68,1605
69,1614
68,1610
67,1594
67,1559
64,1470
69,1599
68,1563
70,1629
62,1347
66,1486
69,1608
65,1485
63,1405
69,1584
68,1531
65,1469
62,1437
58,1294
63,1407
63,1433
61,1377
59,1433
63,1368
66,1564
58,1374
63,1420
60,1417
60,1297
63,1424
61,1303
58,1269
60,1369
57,1265
58,1329
59,1379
61,1399
67,1555
58,1289
59,1370
63,1527
55,1267
58,1388
-,-,-,-
69,1563
70,1592
65,1420
65,1421
61,1307
73,1706
66,1435
73,1698
66,1480
62,1364
67,1485
73,1688
65,1427
67,1541
69,1621
61,1424
62,1457
71,1680
69,1640
71,1680
66,1533
66,1504
70,1629
65,1470
68,1578
68,1581
69,1584
68,1594
69,1611
68,1546
64,1446
68,1527
65,1476
65,1530
62,1398
66,1576
63,1440
61,1423
60,1400
60,1361
58,1427
55,1197
62,1398
65,1548
58,1311
60,1386
58,1351
59,1303
57,1306
60,1389
60,1377
58,1364
56,1266
63,1361
62,1453
62,1424
56,1326
59,1306
-,-,-,-
71,1654
71,1654
73,1717
72,1706
71,1651
72,1678
60,1330
71,1649
74,1732
66,1533
67,1481
73,1688
68,1558
63,1376
69,1633
65,1523
65,1479
71,1680
64,1544
63,1430
67,1613
66,1452
68,1568
63,1452
70,1615
67,1588
66,1495
69,1584
64,1494
68,1548
68,1527
66,1487
59,1311
61,1326
60,1354
64,1459
60,1316
56,1360
62,1532
63,1507
65,1470
62,1391
64,1428
60,1357
61,1396
58,1347
62,1397
64,1464
59,1327
68,1700
57,1287
54,1292
59,1423
56,1215
61,1451
57,1300
59,1302
61,1425
-,-,-,-
67,1498
72,1705
74,1732
67,1492
63,1430
67,1554
72,1699
67,1526
65,1389
65,1453
71,1655
74,1724
71,1618
62,1364
71,1680
68,1608
69,1663
65,1515
65,1556
64,1485
63,1457
69,1606
68,1549
70,1607
68,1594
70,1627
69,1584
66,1499
68,1555
59,1294
64,1433
65,1463
66,1495
65,1473
59,1280
62,1543
59,1332
60,1435
56,1320
56,1345
64,1523
64,1500
58,1320
61,1432
60,1354
60,1364
63,1466
59,1217
59,1295
62,1419
67,1596
57,1372
58,1292
62,1367
59,1423
53,1163
55,1281
63,1455
-,-,-,-
72,1644
74,1724
69,1555
66,1461
70,1609
68,1500
65,1453
74,1724
67,1503
73,1706
74,1724
66,1470
72,1676
66,1482
69,1609
70,1668
60,1415
69,1642
70,1680
60,1324
70,1638
71,1690
68,1576
67,1547
65,1534
65,1458
68,1550
69,1584
69,1609
69,1641
64,1440
66,1486
65,1455
58,1313
64,1472
56,1287
64,1523
60,1356
59,1330
58,1326
59,1335
65,1544
62,1461
57,1408
60,1400
60,1306
59,1387
62,1429
57,1285
60,1381
62,1358
53,1326
61,1396
56,1261
58,1362
57,1290
61,1324
56,1255
-,-,-,-
62,1334
73,1714
74,1732
69,1610
67,1511
64,1418
74,1726
74,1724
68,1494
74,1728
74,1736
67,1475
67,1538
66,1488
62,1424
66,1554
66,1558
71,1698
60,1380
63,1475
56,1292
70,1663
66,1536
70,1678
65,1471
66,1509
65,1496
64,1459
68,1559
69,1597
67,1536
63,1397
66,1497
58,1299
64,1523
66,1512
64,1464
58,1200
59,1290
61,1362
65,1580
63,1381
63,1490
59,1418
64,1478
65,1513
62,1456
61,1372
57,1210
60,1300
63,1350
61,1396
59,1364
60,1303
60,1316
65,1541
63,1494
58,1189
-,-,-,-
68,1501
68,1500
74,1724
72,1682
67,1511
74,1724
74,1724
74,1728
73,1712
69,1568
68,1500
63,1418
71,1653
67,1480
61,1358
71,1680
69,1607
66,1530
71,1680
71,1678
62,1427
68,1611
65,1481
69,1626
71,1709
71,1686
69,1588
65,1470
69,1596
60,1374
58,1219
59,1372
68,1544
65,1504
57,1244
58,1359
68,1549
58,1346
63,1449
64,1447
63,1496
59,1375
61,1468
57,1313
61,1414
57,1281
65,1534
62,1418
62,1393
59,1311
58,1345
59,1324
63,1547
61,1475
61,1386
61,1449
58,1392
58,1299
-,-,-,-
73,1712
69,1541
72,1681
65,1464
66,1484
74,1724
74,1724
73,1693
67,1544
74,1724
64,1450
73,1709
70,1594
74,1726
68,1601
71,1678
70,1663
69,1618
71,1678
61,1373
68,1605
71,1692
66,1541
67,1582
62,1392
67,1564
64,1438
69,1584
64,1529
68,1549
68,1533
66,1477
67,1505
61,1416
61,1367
63,1416
63,1471
59,1294
64,1521
65,1487
63,1498
63,1471
61,1409
58,1395
59,1340
58,1316
63,1497
61,1494
59,1373
63,1419
57,1315
62,1396
59,1451
61,1336
60,1341
62,1465
56,1245
57,1291
-,-,-,-
67,1496
64,1411
68,1557
66,1502
61,1331
71,1647
66,1524
73,1710
68,1535
69,1597
65,1466
74,1724
70,1665
73,1712
67,1551
66,1540
67,1592
64,1478
71,1678
71,1680
64,1503
71,1686
71,1694
68,1562
65,1499
70,1670
70,1632
69,1584
66,1498
68,1559
57,1271
67,1535
68,1527
63,1462
65,1532
59,1315
62,1461
63,1396
61,1452
58,1358
61,1398
60,1426
61,1439
54,1300
61,1411
56,1305
56,1269
57,1292
62,1278
59,1306
65,1491
61,1436
55,1334
64,1493
63,1434
62,1504
61,1418
60,1350
-,-,-,-
74,1724
73,1714
69,1564
66,1491
69,1565
66,1439
64,1411
72,1689
66,1467
68,1496
71,1680
72,1655
72,1674
72,1656
66,1503
67,1545
62,1400
62,1425
62,1427
62,1403
68,1612
65,1528
63,1440
66,1557
70,1650
72,1766
67,1527
69,1612
64,1454
68,1584
66,1506
61,1395
64,1465
62,1443
63,1465
61,1372
63,1476
61,1424
61,1415
62,1389
55,1291
60,1385
64,1449
59,1408
59,1321
62,1448
59,1311
62,1371
60,1297
60,1330
63,1406
64,1412
64,1547
60,1429
60,1315
62,1469
60,1381
62,1423
-,-,-,-
68,1511
74,1714
74,1724
69,1578
74,1736
64,1473
72,1664
74,1724
67,1520
70,1614
68,1550
67,1493
74,1724
74,1740
65,1483
70,1698
68,1610
71,1715
70,1659
66,1558
72,1766
68,1612
65,1478
70,1640
64,1477
71,1680
62,1362
68,1594
66,1520
63,1505
68,1533
67,1503
68,1527
63,1498
60,1374
62,1369
64,1445
58,1313
60,1337
57,1275
64,1537
61,1373
63,1413
56,1283
60,1288
60,1419
59,1317
61,1334
59,1276
61,1295
59,1356
62,1353
56,1375
57,1268
59,1339
57,1345
64,1446
59,1364
-,-,-,-
62,1380
72,1674
74,1714
71,1664
72,1690
67,1493
73,1689
74,1710
67,1467
71,1658
74,1714
74,1714
66,1476
74,1712
71,1725
66,1556
60,1310
69,1638
72,1766
69,1639
65,1439
64,1486
69,1598
59,1287
65,1531
66,1584
70,1632
61,1335
66,1517
64,1430
65,1461
67,1537
61,1344
59,1329
60,1353
61,1316
60,1412
60,1284
60,1285
60,1344
62,1408
57,1293
58,1349
59,1350
61,1427
58,1260
64,1451
59,1315
63,1376
59,1254
58,1408
62,1460
62,1448
64,1583
58,1273
57,1240
62,1454
57,1246
-,-,-,-
64,1497
68,1516
68,1564
67,1576
72,1686
66,1528
67,1554
66,1505
72,1680
67,1523
71,1595
72,1654
65,1477
62,1354
69,1590
65,1519
70,1702
72,1766
70,1669
69,1624
72,1768
64,1507
69,1656
64,1509
65,1538
71,1678
65,1474
66,1539
66,1536
63,1415
67,1495
63,1416
63,1419
63,1435
62,1399
64,1442
66,1543
57,1283
57,1255
64,1451
64,1460
60,1344
58,1314
62,1550
64,1431
62,1419
62,1454
69,1618
58,1280
62,1372
64,1393
59,1287
64,1567
62,1438
63,1423
56,1206
62,1441
59,1273
-,-,-,-
63,1384
66,1423
72,1662
69,1641
72,1656
67,1495
66,1487
74,1710
62,1430
64,1413
68,1529
68,1575
64,1408
71,1665
70,1690
69,1662
69,1666
72,1766
65,1427
69,1594
68,1595
60,1378
61,1416
59,1352
64,1488
69,1595
64,1418
70,1606
70,1606
68,1590
62,1418
65,1451
66,1620
63,1425
59,1347
59,1373
60,1368
60,1459
65,1453
59,1331
61,1370
56,1299
60,1392
56,1201
61,1414
61,1377
57,1282
62,1402
58,1292
60,1309
61,1385
60,1332
53,1164
60,1299
59,1290
65,1497
57,1347
59,1370
-,-,-,-
68,1498
70,1596
64,1401
69,1523
62,1375
74,1721
72,1649
64,1372
68,1568
70,1598
74,1716
72,1681
68,1562
74,1716
62,1438
72,1725
60,1320
72,1766
68,1656
72,1766
72,1766
65,1550
67,1560
63,1442
67,1613
67,1596
69,1581
70,1606
70,1608
67,1482
69,1618
69,1614
68,1582
59,1268
63,1430
62,1396
61,1400
65,1525
59,1313
60,1362
61,1376
61,1463
61,1399
63,1447
63,1436
62,1423
60,1392
58,1303
60,1261
56,1172
60,1347
57,1187
60,1350
59,1413
59,1370
59,1332
59,1382
63,1458
-,-,-,-
74,1716
70,1586
70,1598
72,1689
69,1580
73,1675
73,1686
68,1521
66,1520
69,1514
66,1501
74,1726
70,1558
74,1710
71,1700
71,1735
72,1734
69,1601
71,1677
67,1582
73,1772
70,1640
63,1470
71,1696
61,1423
66,1546
64,1452
66,1515
64,1451
64,1412
66,1586
64,1478
69,1647
61,1419
63,1443
60,1368
64,1480
59,1371
56,1241
57,1395
59,1383
63,1531
63,1371
59,1350
58,1402
64,1463
60,1370
58,1266
60,1340
57,1268
63,1480
54,1169
59,1371
54,1280
59,1355
59,1365
57,1405
58,1329
-,-,-,-
73,1706
67,1463
67,1487
74,1710
73,1690
72,1697
67,1487
73,1690
64,1463
69,1522
74,1712
64,1507
67,1509
72,1623
72,1742
64,1476
62,1375
61,1305
73,1772
73,1772
67,1632
71,1678
71,1678
62,1479
69,1653
71,1678
61,1313
63,1383
64,1430
66,1512
68,1578
63,1450
64,1485
60,1387
58,1393
63,1395
60,1373
58,1283
64,1458
58,1325
56,1261
53,1186
62,1397
56,1274
60,1425
64,1428
61,1403
59,1332
58,1342
65,1434
58,1280
61,1417
60,1282
60,1426
60,1329
60,1457
58,1263
59,1277
-,-,-,-
74,1737
70,1583
68,1510
74,1710
66,1471
67,1568
70,1593
68,1499
64,1398
74,1710
71,1610
66,1468
73,1691
74,1710
68,1633
73,1799
71,1721
71,1706
70,1671
70,1655
70,1670
64,1537
65,1553
61,1407
71,1682
71,1697
69,1554
70,1608
70,1606
68,1553
69,1614
66,1549
66,1537
53,1146
62,1446
64,1458
53,1241
63,1514
64,1511
60,1413
59,1332
65,1527
55,1232
59,1422
56,1213
62,1435
56,1288
60,1458
56,1173
64,1418
62,1431
61,1373
56,1261
56,1351
62,1441
62,1443
57,1328
62,1389
-,-,-,-
63,1383
68,1547
66,1475
73,1704
66,1485
70,1586
68,1525
68,1479
64,1435
66,1428
68,1539
69,1507
67,1489
74,1710
67,1577
70,1656
71,1684
73,1772
73,1772
66,1520
68,1611
60,1438
71,1678
58,1330
69,1649
62,1462
68,1525
63,1430
69,1554
60,1256
69,1618
63,1462
64,1461
64,1475
62,1376
59,1336
59,1335
59,1319
57,1189
62,1483
60,1368
62,1534
59,1382
61,1407
57,1367
57,1311
60,1416
63,1441
58,1274
60,1292
55,1303
62,1392
58,1331
57,1332
62,1391
59,1322
60,1421
59,1379
-,-,-,-
73,1675
71,1645
71,1692
64,1404
74,1718
69,1580
66,1466
72,1623
74,1734
64,1426
68,1519
70,1558
67,1463
72,1656
72,1723
61,1408
71,1700
73,1774
72,1734
70,1657
73,1758
65,1511
69,1613
61,1432
71,1678
62,1414
69,1602
64,1515
68,1517
68,1554
67,1559
66,1510
64,1488
62,1449
66,1471
63,1357
58,1326
59,1310
59,1298
58,1343
57,1189
63,1458
61,1409
60,1397
60,1422
64,1518
57,1365
60,1408
60,1316
62,1439
60,1297
59,1361
59,1328
57,1337
62,1419
57,1286
59,1415
60,1369
-,-,-,-
68,1575
70,1568
67,1456
71,1694
72,1703
69,1613
73,1706
74,1710
65,1536
74,1710
72,1626
64,1402
68,1562
59,1238
69,1604
72,1717
73,1772
70,1650
69,1591
72,1710
65,1486
63,1459
68,1648
70,1636
60,1355
67,1560
66,1503
63,1466
63,1439
68,1525
59,1306
69,1641
63,1472
61,1396
58,1343
63,1439
59,1280
62,1411
63,1399
60,1425
58,1347
63,1470
58,1298
60,1354
57,1308
60,1371
60,1347
59,1307
62,1425
60,1383
64,1433
57,1263
61,1450
59,1415
59,1314
63,1428
53,1240
62,1387
-,-,-,-
72,1705
69,1587
67,1540
72,1674
73,1705
71,1637
73,1690
65,1487
67,1496
74,1716
71,1641
67,1481
64,1423
70,1564
69,1605
73,1748
73,1809
63,1409
62,1392
69,1610
73,1758
70,1662
66,1553
70,1636
71,1678
71,1680
70,1606
70,1606
67,1533
62,1444
63,1421
66,1530
68,1602
61,1323
61,1384
60,1407
59,1287
63,1538
64,1498
60,1405
60,1396
56,1250
61,1378
64,1445
62,1464
64,1513
58,1308
56,1202
58,1236
64,1455
58,1294
59,1291
63,1442
56,1350
65,1504
62,1414
58,1442
65,1520
-,-,-,-
72,1676
67,1538
66,1501
67,1478
68,1557
68,1509
65,1417
71,1644
74,1710
64,1400
68,1499
74,1710
72,1646
65,1436
69,1591
70,1630
73,1738
71,1692
71,1702
71,1666
73,1750
69,1627
65,1472
71,1678
61,1446
61,1418
67,1531
70,1632
58,1228
69,1602
69,1614
70,1655
59,1338
66,1501
65,1504
61,1354
64,1490
61,1411
56,1203
59,1420
61,1381
61,1444
60,1375
62,1530
61,1433
64,1421
59,1346
62,1483
61,1357
60,1335
61,1319
57,1255
62,1435
62,1461
56,1197
58,1378
62,1410
55,1275
-,-,-,-
64,1372
66,1490
68,1585
64,1406
67,1468
68,1539
67,1478
72,1651
71,1639
69,1555
71,1592
66,1503
73,1689
62,1343
70,1609
68,1545
70,1588
70,1645
68,1529
72,1702
73,1730
62,1385
66,1533
67,1552
71,1678
66,1544
64,1431
67,1509
66,1484
65,1493
63,1439
63,1461
70,1655
56,1240
61,1440
64,1428
58,1349
62,1422
55,1171
59,1291
55,1176
60,1352
63,1469
56,1366
54,1275
60,1332
58,1358
61,1389
64,1445
60,1296
62,1381
59,1312
64,1474
63,1440
63,1425
59,1468
60,1378
58,1297
-,-,-,-
71,1628
74,1710
65,1454
67,1524
74,1722
71,1605
71,1589
73,1686
69,1547
69,1611
68,1558
74,1710
72,1674
63,1360
73,1722
70,1657
73,1730
70,1586
72,1705
71,1656
68,1601
69,1609
65,1533
62,1453
65,1496
69,1621
70,1608
65,1457
67,1495
70,1604
70,1655
70,1655
70,1655
58,1327
58,1310
62,1396
60,1389
62,1492
57,1267
60,1420
63,1435
60,1400
61,1375
64,1541
59,1380
58,1333
58,1300
61,1467
60,1280
59,1267
56,1282
60,1310
60,1362
63,1408
61,1348
57,1340
60,1335
57,1344
-,-,-,-
70,1643
68,1528
72,1656
70,1588
73,1682
74,1710
62,1360
66,1493
69,1564
66,1454
74,1710
68,1524
74,1710
59,1238
73,1722
71,1645
69,1644
68,1542
63,1367
68,1549
73,1726
71,1696
67,1569
66,1554
71,1678
68,1618
65,1488
66,1528
64,1421
69,1573
65,1503
64,1479
68,1584
59,1277
63,1373
63,1392
63,1456
62,1377
61,1393
60,1358
58,1341
62,1447
65,1527
63,1465
58,1447
61,1377
57,1326
64,1438
57,1323
61,1488
58,1215
62,1406
55,1205
60,1416
58,1343
61,1464
62,1408
59,1357
-,-,-,-
74,1710
69,1548
73,1694
68,1499
68,1515
64,1379
69,1622
73,1706
74,1704
70,1580
68,1518
66,1508
72,1656
70,1567
62,1368
73,1722
71,1682
70,1609
72,1673
64,1453
72,1710
68,1616
57,1287
66,1566
65,1570
65,1553
68,1558
70,1604
70,1604
60,1328
62,1413
67,1549
68,1558
57,1305
60,1345
59,1346
57,1291
60,1389
58,1385
54,1228
60,1473
60,1340
62,1475
66,1496
56,1277
56,1291
59,1383
55,1230
61,1389
62,1405
57,1307
63,1481
59,1378
61,1361
52,1163
58,1396
61,1404
57,1402
-,-,-,-
67,1457
67,1494
72,1687
69,1528
71,1673
67,1480
74,1704
72,1687
72,1681
73,1697
74,1704
74,1712
72,1668
74,1710
73,1722
70,1637
71,1672
69,1571
72,1704
68,1588
73,1728
65,1515
67,1587
60,1432
71,1678
63,1473
62,1387
65,1476
69,1566
70,1614
69,1616
65,1525
70,1655
53,1127
61,1381
60,1280
63,1445
60,1335
62,1418
57,1345
60,1341
61,1420
63,1448
57,1278
62,1453
55,1263
57,1334
58,1325
59,1215
60,1343
62,1382
60,1363
60,1385
61,1389
56,1222
53,1217
58,1282
55,1231
-,-,-,-
65,1418
73,1682
74,1704
74,1704
66,1523
68,1572
65,1450
70,1576
65,1450
74,1704
66,1502
68,1511
71,1638
66,1505
67,1526
65,1509
73,1722
71,1679
72,1706
71,1678
67,1521
71,1680
61,1358
68,1578
64,1500
71,1680
69,1648
68,1592
63,1393
64,1480
64,1479
64,1469
69,1611
55,1186
58,1323
68,1574
62,1392
64,1557
61,1347
62,1488
61,1442
60,1390
64,1450
62,1423
58,1386
61,1389
58,1334
62,1423
62,1389
62,1370
61,1369
61,1437
63,1433
63,1477
58,1312
58,1343
61,1373
61,1449
-,-,-,-
72,1703
72,1647
71,1631
73,1682
70,1560
68,1595
74,1704
73,1682
64,1392
74,1706
71,1580
73,1683
68,1499
74,1704
73,1754
68,1617
71,1661
73,1722
72,1684
71,1652
73,1722
71,1678
61,1409
69,1598
62,1434
62,1463
63,1398
69,1573
63,1445
67,1516
69,1619
69,1635
63,1450
58,1274
65,1490
68,1580
59,1322
63,1447
62,1447
61,1433
63,1443
62,1480
62,1407
59,1406
59,1346
62,1436
58,1346
65,1490
64,1437
60,1311
58,1291
64,1432
60,1378
61,1420
59,1348
60,1431
63,1440
56,1328
-,-,-,-
67,1516
74,1704
65,1443
65,1455
67,1478
74,1704
65,1413
74,1704
67,1488
74,1704
65,1398
67,1502
74,1704
69,1544
69,1649
64,1471
71,1638
69,1552
71,1669
73,1722
64,1398
69,1604
60,1345
68,1580
70,1644
69,1600
70,1604
65,1472
64,1480
63,1394
62,1423
63,1456
61,1385
60,1285
63,1441
61,1337
64,1482
57,1344
62,1384
62,1448
58,1300
58,1422
57,1318
64,1564
60,1412
61,1406
59,1363
55,1215
61,1357
61,1338
62,1386
64,1549
60,1382
63,1412
64,1459
59,1394
58,1300
60,1359
-,-,-,-
71,1651
74,1704
69,1639
73,1682
70,1558
63,1378
67,1487
68,1510
67,1517
69,1596
74,1708
74,1704
74,1704
74,1704
73,1722
73,1740
70,1596
73,1722
62,1355
69,1594
73,1746
68,1576
69,1609
71,1678
65,1573
70,1657
60,1344
67,1539
67,1535
63,1407
65,1501
58,1356
64,1480
63,1438
65,1461
58,1271
63,1479
63,1423
58,1284
57,1246
58,1314
65,1534
64,1515
62,1514
59,1449
61,1388
56,1262
60,1353
56,1206
61,1327
58,1219
59,1327
62,1405
58,1276
59,1409
56,1286
61,1372
55,1230
-,-,-,-
74,1716
67,1468
69,1557
68,1524
68,1519
71,1624
68,1548
68,1499
71,1609
72,1687
68,1519
70,1557
71,1665
70,1613
67,1509
69,1567
73,1722
64,1447
65,1496
68,1659
66,1489
62,1412
67,1616
61,1412
69,1644
69,1609
65,1485
69,1599
66,1484
67,1536
64,1468
61,1380
70,1655
63,1430
63,1464
62,1434
63,1442
61,1411
59,1419
62,1491
62,1415
62,1416
60,1351
57,1306
57,1369
62,1358
57,1342
62,1349
57,1253
60,1429
61,1397
60,1331
63,1534
62,1437
56,1238
61,1455
60,1350
57,1357
-,-,-,-
63,1351
67,1494
67,1485
72,1642
74,1710
64,1414
67,1563
74,1704
64,1453
74,1704
71,1592
67,1533
72,1689
71,1590
73,1771
69,1542
67,1592
67,1509
56,1210
67,1555
64,1420
60,1447
70,1644
71,1678
67,1608
65,1497
69,1576
66,1518
70,1604
63,1402
66,1558
68,1600
67,1585
59,1316
65,1464
63,1416
60,1350
58,1254
60,1296
60,1407
61,1353
67,1557
60,1373
63,1422
60,1482
63,1526
56,1292
61,1316
63,1393
59,1317
58,1354
57,1239
63,1432
61,1387
65,1560
61,1416
59,1389
62,1486
-,-,-,-
68,1499
73,1702
71,1634
66,1455
70,1558
68,1584
73,1702
64,1419
68,1519
72,1664
63,1413
67,1537
65,1439
64,1400
72,1703
71,1654
70,1616
72,1684
67,1539
64,1437
62,1394
65,1527
64,1454
59,1287
71,1678
67,1655
66,1491
70,1610
63,1421
68,1557
67,1565
70,1657
61,1367
63,1436
62,1406
64,1450
59,1311
62,1490
57,1215
61,1451
59,1322
63,1414
59,1353
61,1388
62,1442
63,1417
61,1374
62,1399
56,1280
63,1402
61,1347
59,1371
65,1534
61,1422
61,1412
54,1280
58,1310
58,1339
-,-,-,-
66,1503
74,1704
72,1689
73,1701
71,1652
69,1594
74,1704
62,1430
61,1342
68,1561
71,1626
74,1704
67,1456
65,1401
68,1603
62,1355
71,1702
67,1529
71,1677
68,1535
62,1410
57,1253
67,1544
62,1431
67,1594
65,1496
71,1674
70,1598
63,1440
70,1604
69,1631
66,1546
66,1534
63,1446
61,1372
65,1481
56,1248
59,1393
54,1161
62,1384
56,1330
58,1287
62,1391
63,1460
60,1381
61,1378
61,1466
67,1505
59,1280
61,1370
63,1399
62,1404
61,1337
60,1384
60,1349
60,1369
55,1294
59,1427
-,-,-,-
66,1538
67,1518
63,1413
66,1465
72,1676
68,1508
72,1658
73,1699
71,1606
70,1560
68,1510
74,1706
66,1523
68,1505
72,1684
67,1527
62,1341
71,1632
73,1728
66,1476
64,1413
67,1525
64,1432
70,1638
66,1609
59,1271
66,1564
69,1619
68,1600
64,1482
66,1611
68,1623
66,1524
63,1422
61,1328
64,1441
64,1535
61,1356
63,1383
63,1417
61,1361
58,1383
60,1357
61,1402
60,1359
56,1322
64,1433
61,1468
58,1258
62,1314
59,1337
61,1394
63,1438
61,1473
61,1407
60,1478
61,1384
61,1367
-,-,-,-
73,1705
73,1702
69,1542
74,1706
69,1547
67,1478
71,1592
64,1392
74,1708
72,1703
64,1399
66,1495
68,1500
70,1596
73,1754
67,1506
67,1483
73,1728
73,1722
72,1713
73,1722
65,1504
71,1674
70,1630
68,1607
64,1453
57,1287
67,1569
70,1655
64,1510
64,1472
61,1447
66,1552
61,1414
60,1367
63,1420
59,1305
66,1532
64,1401
61,1332
63,1405
61,1461
63,1428
60,1412
65,1564
55,1294
62,1432
57,1293
63,1367
60,1377
59,1314
63,1460
62,1378
58,1316
57,1293
56,1318
62,1430
59,1341
-,-,-,-
72,1661
73,1692
68,1542
74,1704
73,1696
65,1413
63,1446
70,1599
74,1710
69,1520
64,1396
68,1528
67,1479
68,1518
69,1556
73,1722
69,1574
69,1575
71,1657
70,1596
65,1473
65,1502
68,1560
70,1649
62,1440
67,1534
61,1359
71,1682
69,1630
71,1682
69,1645
68,1584
65,1530
62,1447
59,1318
55,1274
59,1389
60,1451
60,1325
58,1268
61,1405
60,1374
61,1409
66,1582
60,1338
59,1352
57,1255
62,1417
58,1291
58,1253
59,1366
59,1385
68,1584
56,1241
57,1306
61,1427
63,1517
62,1458
-,-,-,-
64,1409
72,1626
73,1729
72,1635
71,1663
74,1712
67,1478
69,1587
73,1681
71,1588
74,1722
71,1626
67,1460
74,1704
71,1661
67,1589
71,1666
67,1555
68,1515
68,1566
71,1647
71,1674
70,1656
67,1537
68,1639
65,1472
71,1678
67,1566
60,1359
60,1420
60,1386
64,1462
69,1621
65,1535
63,1424
60,1270
65,1509
61,1348
62,1463
62,1402
60,1413
61,1402
58,1318
62,1432
63,1500
61,1501
60,1429
61,1368
58,1384
62,1388
57,1304
61,1380
58,1335
59,1348
58,1249
59,1328
57,1303
61,1407
-,-,-,-
73,1682
67,1534
74,1704
73,1669
74,1704
65,1413
71,1629
71,1694
67,1543
70,1579
73,1701
74,1704
72,1645
68,1529
65,1545
70,1590
62,1333
68,1516
72,1711
70,1658
69,1617
71,1674
71,1674
67,1541
71,1674
69,1581
69,1613
67,1571
69,1618
62,1404
70,1655
70,1655
63,1452
64,1426
62,1396
66,1476
64,1494
62,1444
60,1391
62,1371
56,1244
61,1395
58,1316
60,1372
65,1496
58,1317
53,1193
62,1411
56,1243
60,1302
59,1294
61,1407
58,1266
58,1347
59,1335
62,1478
60,1330
58,1361
-,-,-,-
72,1626
72,1648
72,1647
66,1495
61,1344
74,1704
74,1706
66,1469
74,1705
68,1556
73,1677
73,1706
66,1503
72,1640
69,1591
66,1493
70,1634
73,1742
68,1566
68,1564
73,1722
71,1674
66,1475
61,1370
67,1510
64,1441
71,1682
60,1359
58,1328
65,1497
65,1560
66,1545
65,1501
55,1225
64,1464
65,1497
59,1271
61,1372
62,1458
60,1276
61,1415
60,1354
58,1310
57,1315
65,1583
60,1453
58,1367
63,1442
64,1462
61,1299
60,1383
62,1400
63,1446
53,1200
53,1236
53,1329
59,1315
57,1243
-,-,-,-
67,1459
74,1704
70,1599
74,1704
70,1586
74,1710
71,1634
69,1614
74,1704
67,1468
66,1429
63,1452
68,1521
62,1329
73,1722
69,1619
69,1553
65,1474
65,1498
72,1704
73,1732
71,1674
63,1396
65,1510
70,1630
65,1485
56,1228
70,1670
65,1467
59,1422
68,1568
68,1598
66,1544
61,1366
70,1705
64,1402
63,1397
63,1437
60,1410
63,1442
61,1431
62,1451
60,1375
55,1258
61,1462
61,1342
58,1308
59,1349
65,1559
57,1179
58,1282
63,1402
67,1533
59,1368
63,1395
61,1393
59,1317
56,1398
-,-,-,-
70,1552
64,1398
73,1670
72,1626
74,1720
67,1502
74,1704
72,1662
68,1567
64,1435
65,1457
65,1429
68,1499
66,1442
66,1501
60,1390
72,1700
69,1581
72,1696
69,1577
69,1657
62,1409
64,1416
70,1612
71,1672
71,1652
69,1644
67,1594
64,1482
71,1678
69,1613
69,1637
62,1427
67,1637
62,1377
60,1389
62,1472
62,1447
59,1431
66,1513
65,1459
62,1387
58,1324
62,1376
62,1449
61,1449
56,1302
58,1345
60,1408
57,1321
64,1392
61,1389
59,1357
60,1402
59,1317
57,1362
65,1514
61,1483
-,-,-,-
65,1454
70,1613
64,1408
68,1510
72,1621
71,1586
64,1406
73,1675
67,1468
67,1485
74,1704
65,1454
74,1704
65,1438
73,1722
72,1692
69,1602
73,1722
72,1708
72,1696
70,1638
69,1606
69,1551
69,1600
71,1650
63,1379
67,1524
69,1598
62,1388
61,1454
63,1441
70,1655
65,1527
63,1433
61,1402
63,1503
63,1365
63,1476
61,1401
62,1378
58,1262
59,1267
62,1425
62,1455
64,1477
64,1573
59,1376
64,1502
61,1338
60,1359
62,1390
58,1273
62,1356
63,1431
62,1429
57,1298
57,1387
63,1473
-,-,-,-
74,1704
74,1712
65,1467
64,1407
68,1518
69,1592
67,1457
70,1564
73,1705
68,1508
72,1685
68,1511
69,1612
67,1540
73,1722
73,1722
72,1718
72,1704
67,1544
71,1647
72,1673
66,1470
67,1522
69,1614
65,1429
70,1618
64,1494
71,1678
61,1362
67,1613
62,1459
64,1488
65,1502
59,1413
62,1382
64,1456
61,1428
63,1470
60,1387
61,1359
66,1564
61,1414
58,1286
60,1377
65,1521
61,1438
58,1377
62,1543
64,1478
63,1478
56,1275
64,1443
59,1357
62,1450
62,1481
57,1262
59,1417
57,1294
-,-,-,-
67,1477
71,1622
68,1499
65,1456
64,1402
65,1442
74,1714
67,1502
68,1552
66,1490
68,1502
65,1466
66,1477
67,1495
65,1492
71,1645
68,1557
65,1505
70,1604
67,1550
73,1722
71,1650
68,1519
71,1650
66,1483
70,1603
67,1588
58,1325
69,1635
67,1568
62,1403
63,1443
63,1451
64,1492
59,1286
57,1243
64,1477
64,1441
59,1409
67,1537
61,1378
61,1342
65,1517
58,1266
58,1263
58,1367
62,1550
60,1343
63,1474
61,1439
61,1345
60,1396
61,1407
62,1379
61,1332
57,1265
58,1368
59,1416
-,-,-,-
69,1546
73,1682
72,1675
74,1704
67,1511
64,1392
71,1588
68,1524
64,1424
72,1662
69,1546
73,1682
70,1595
73,1706
67,1521
73,1722
72,1682
73,1722
64,1436
73,1722
67,1510
69,1588
68,1549
67,1528
71,1646
66,1451
61,1379
67,1544
67,1602
69,1593
64,1496
70,1655
57,1256
63,1447
62,1465
64,1426
60,1440
58,1297
66,1533
62,1315
60,1254
62,1407
61,1444
58,1363
60,1306
63,1450
60,1324
59,1338
59,1293
58,1384
60,1300
63,1513
60,1410
60,1366
57,1350
63,1444
55,1244
57,1258
-,-,-,-
72,1668
74,1714
70,1590
71,1631
67,1513
73,1699
64,1387
74,1706
70,1579
73,1667
67,1478
67,1517
73,1682
72,1635
65,1473
69,1581
73,1730
73,1722
70,1647
64,1437
71,1671
71,1646
68,1536
68,1538
71,1646
64,1403
61,1364
71,1678
71,1678
61,1379
64,1471
69,1639
61,1336
62,1373
63,1436
61,1350
64,1447
58,1314
58,1336
63,1392
60,1247
64,1497
68,1597
57,1387
61,1439
61,1408
59,1405
56,1257
61,1313
58,1407
64,1413
60,1360
63,1402
59,1353
60,1348
62,1426
58,1427
57,1309
-,-,-,-
69,1546
72,1664
69,1592
64,1395
68,1550
70,1572
67,1478
73,1705
69,1605
68,1481
73,1688
66,1475
72,1642
67,1499
63,1452
67,1527
73,1722
69,1586
68,1531
69,1562
73,1722
64,1395
67,1465
70,1616
63,1406
71,1644
61,1462
66,1554
70,1654
67,1568
67,1572
63,1507
67,1568
62,1427
62,1404
59,1329
61,1423
61,1327
59,1296
59,1405
63,1412
60,1352
57,1243
60,1393
58,1360
63,1450
64,1542
59,1397
61,1406
62,1417
60,1300
61,1436
60,1397
58,1213
57,1361
64,1485
57,1364
58,1339
-,-,-,-
73,1677
74,1704
67,1487
65,1458
68,1468
73,1670
73,1705
67,1493
63,1418
65,1440
66,1447
70,1657
64,1419
71,1605
69,1566
70,1620
71,1696
66,1482
64,1386
69,1598
66,1482
69,1573
64,1468
63,1436
68,1550
64,1408
61,1385
60,1373
71,1682
60,1345
68,1600
67,1602
67,1546
67,1501
63,1472
63,1397
61,1399
60,1366
67,1617
60,1386
60,1379
59,1286
60,1387
59,1416
56,1276
62,1376
63,1422
60,1363
58,1339
59,1435
62,1319
65,1516
61,1375
63,1448
62,1494
60,1441
53,1267
58,1415
-,-,-,-
70,1597
68,1513
74,1708
70,1609
67,1457
69,1586
74,1704
68,1509
74,1704
73,1678
68,1516
67,1534
74,1704
64,1383
73,1726
73,1722
62,1393
70,1647
67,1521
73,1722
73,1726
67,1503
66,1474
67,1522
64,1405
71,1650
61,1413
66,1590
60,1347
67,1580
66,1557
66,1554
65,1512
66,1562
63,1464
64,1516
66,1512
62,1438
63,1403
60,1394
60,1321
66,1479
60,1332
63,1530
61,1380
55,1172
64,1507
57,1373
63,1396
59,1307
59,1270
58,1266
64,1457
56,1220
56,1373
59,1321
57,1379
51,1245
-,-,-,-
69,1589
72,1647
68,1512
68,1499
74,1704
64,1424
70,1602
72,1671
71,1650
70,1591
71,1651
67,1481
73,1697
74,1716
62,1399
73,1726
73,1744
70,1671
73,1722
73,1722
71,1635
67,1508
68,1559
66,1446
71,1640
69,1551
71,1678
71,1678
67,1550
58,1332
70,1655
70,1655
70,1655
57,1190
60,1327
65,1499
61,1383
57,1259
63,1420
64,1495
62,1415
58,1315
57,1232
60,1388
63,1446
59,1319
63,1501
59,1356
58,1288
56,1279
60,1316
62,1476
63,1430
60,1332
58,1336
60,1335
60,1380
56,1282
-,-,-,-
63,1355
71,1673
69,1576
74,1710
64,1406
71,1636
64,1435
67,1540
74,1706
63,1370
64,1452
67,1487
67,1485
69,1639
67,1515
70,1632
67,1506
73,1722
73,1722
73,1722
73,1722
65,1434
63,1406
64,1402
64,1406
61,1313
69,1631
69,1655
70,1636
64,1475
63,1453
68,1571
65,1503
67,1553
60,1350
58,1281
66,1486
58,1305
63,1459
61,1433
67,1521
62,1330
59,1299
60,1361
54,1219
61,1427
56,1281
62,1458
64,1442
55,1226
57,1227
60,1332
59,1323
54,1205
60,1417
57,1266
59,1309
57,1336
-,-,-,-
74,1712
65,1486
66,1438
73,1678
67,1527
73,1677
64,1431
72,1640
65,1452
63,1405
74,1710
74,1704
64,1344
74,1704
73,1744
73,1750
68,1559
68,1588
72,1686
73,1779
67,1546
69,1559
71,1650
70,1592
69,1566
71,1640
64,1496
65,1546
62,1534
69,1624
66,1546
63,1435
67,1586
62,1389
65,1482
65,1453
64,1439
61,1394
65,1470
59,1408
63,1384
61,1407
56,1228
58,1322
61,1402
67,1532
61,1439
58,1471
61,1327
58,1284
60,1316
63,1446
68,1583
59,1327
59,1350
57,1275
60,1400
56,1269
-,-,-,-
74,1704
67,1495
72,1655
70,1591
63,1413
65,1468
71,1634
73,1673
62,1369
71,1662
73,1677
71,1633
61,1324
68,1557
73,1722
70,1646
72,1706
65,1469
68,1541
67,1533
67,1526
65,1447
66,1520
64,1381
70,1626
65,1448
61,1397
58,1352
69,1631
64,1466
69,1609
69,1615
70,1655
67,1655
62,1373
64,1428
60,1283
68,1516
59,1296
59,1315
62,1518
61,1345
57,1247
59,1318
55,1194
59,1403
63,1477
60,1320
57,1401
65,1481
61,1403
59,1226
62,1458
57,1273
61,1418
64,1515
54,1291
60,1390
-,-,-,-
74,1704
73,1678
66,1512
74,1704
73,1693
64,1344
71,1629
66,1488
65,1449
64,1408
72,1647
67,1533
67,1479
74,1704
62,1366
70,1622
69,1568
62,1420
69,1578
71,1657
64,1383
64,1408
66,1511
70,1598
66,1485
65,1428
67,1526
71,1682
70,1656
71,1678
63,1461
62,1411
64,1426
65,1576
63,1448
64,1411
65,1461
61,1317
63,1440
62,1365
61,1386
63,1361
59,1362
63,1390
63,1415
64,1488
57,1316
56,1231
60,1363
64,1487
61,1433
58,1298
60,1284
56,1256
62,1365
62,1387
59,1416
57,1327
-,-,-,-
74,1704
69,1592
69,1594
69,1542
72,1668
62,1398
72,1625
68,1547
71,1594
71,1592
70,1576
65,1529
74,1706
63,1355
71,1671
70,1604
70,1656
73,1722
73,1722
71,1696
62,1355
71,1640
71,1640
69,1591
71,1640
66,1498
71,1680
67,1551
70,1671
61,1391
65,1520
68,1577
64,1478
63,1479
61,1420
63,1413
59,1359
57,1298
63,1443
64,1441
57,1249
66,1521
62,1377
60,1351
58,1328
61,1387
57,1292
62,1425
56,1298
63,1465
56,1244
58,1348
61,1384
61,1315
60,1329
65,1558
58,1376
59,1363
-,-,-,-
73,1678
71,1619
66,1480
70,1564
70,1564
69,1551
66,1516
74,1704
68,1503
70,1600
71,1630
67,1495
74,1704
65,1479
69,1558
71,1663
72,1737
70,1571
65,1487
73,1722
73,1742
65,1423
67,1512
70,1621
60,1268
71,1640
58,1315
64,1457
62,1463
60,1358
68,1600
70,1659
67,1557
61,1405
61,1375
60,1391
62,1365
60,1294
64,1422
64,1472
65,1569
61,1350
63,1484
61,1355
59,1280
61,1472
57,1224
64,1534
64,1520
61,1370
57,1353
62,1353
61,1385
63,1421
57,1270
65,1487
62,1490
62,1491
-,-,-,-
67,1485
69,1562
71,1616
64,1426
72,1658
74,1722
69,1594
66,1473
69,1567
69,1566
68,1535
69,1522
66,1441
67,1469
71,1652
73,1722
73,1738
69,1581
66,1493
70,1602
64,1419
60,1278
71,1640
69,1591
69,1555
65,1448
71,1680
68,1616
68,1626
70,1644
66,1551
62,1426
66,1497
63,1509
54,1210
59,1320
64,1415
61,1435
59,1260
61,1367
64,1408
60,1286
64,1503
63,1403
61,1396
57,1250
62,1433
64,1480
60,1416
62,1449
59,1324
58,1270
56,1189
59,1349
60,1383
61,1441
58,1366
56,1286
-,-,-,-
67,1578
74,1704
70,1589
74,1704
73,1702
70,1568
66,1469
71,1637
71,1647
67,1474
68,1472
65,1436
69,1566
74,1704
68,1525
63,1389
73,1728
73,1728
69,1570
68,1574
73,1742
64,1422
71,1640
67,1540
69,1559
71,1642
70,1634
71,1678
62,1466
67,1570
70,1655
66,1546
64,1472
59,1331
55,1233
57,1270
61,1335
58,1250
60,1340
63,1437
56,1242
64,1511
65,1462
59,1252
59,1364
61,1380
62,1486
59,1350
60,1327
61,1410
59,1298
60,1298
57,1250
56,1292
59,1381
57,1246
58,1354
56,1270
-,-,-,-
66,1501
66,1510
69,1533
64,1379
73,1693
72,1670
73,1676
72,1655
70,1596
66,1501
71,1622
69,1577
69,1613
71,1631
63,1394
71,1670
67,1527
70,1669
69,1553
73,1722
73,1722
68,1514
70,1578
68,1545
70,1621
64,1398
70,1662
62,1434
69,1661
69,1616
67,1599
67,1605
67,1558
61,1375
59,1378
60,1276
59,1290
63,1438
61,1340
58,1310
49,1157
61,1334
63,1386
60,1321
61,1330
55,1176
61,1414
60,1442
52,1201
61,1353
59,1335
63,1468
58,1278
56,1292
62,1364
59,1404
60,1430
56,1289
-,-,-,-
71,1639
65,1448
67,1481
68,1522
73,1701
69,1556
65,1429
63,1372
63,1365
74,1704
68,1525
67,1538
67,1494
73,1706
69,1646
63,1377
70,1642
68,1541
73,1732
63,1457
72,1700
66,1448
66,1479
68,1562
60,1322
71,1640
67,1574
60,1377
65,1518
71,1678
67,1558
66,1528
64,1442
59,1348
61,1469
57,1266
63,1390
61,1357
62,1400
65,1459
61,1540
64,1416
62,1436
55,1141
61,1362
62,1486
56,1244
58,1279
57,1358
62,1474
60,1327
59,1314
60,1411
59,1322
58,1291
60,1380
61,1469
59,1365
-,-,-,-
67,1499
68,1529
74,1706
66,1563
66,1474
69,1573
67,1469
67,1513
71,1624
74,1722
60,1353
70,1597
74,1708
67,1487
70,1598
69,1580
72,1730
68,1591
63,1452
70,1608
69,1577
60,1286
71,1632
60,1296
67,1475
62,1340
64,1507
63,1412
64,1404
66,1590
60,1355
67,1544
67,1566
59,1341
64,1460
57,1277
67,1560
62,1385
66,1579
59,1313
58,1324
60,1329
65,1597
61,1341
57,1243
60,1339
63,1497
59,1371
56,1299
61,1379
61,1477
61,1408
59,1246
63,1425
59,1360
65,1592
58,1334
60,1431
-,-,-,-
72,1663
74,1704
66,1469
68,1525
68,1554
72,1645
68,1538
70,1564
67,1504
70,1606
70,1578
68,1531
72,1703
71,1613
62,1365
73,1722
64,1416
72,1673
72,1684
68,1594
69,1636
71,1632
67,1526
61,1321
65,1487
63,1366
62,1440
70,1640
62,1403
60,1395
70,1655
69,1613
65,1507
69,1666
56,1242
61,1408
63,1412
62,1437
57,1344
64,1439
60,1336
64,1472
63,1430
60,1302
63,1406
61,1435
57,1348
62,1403
60,1410
56,1258
57,1261
59,1276
59,1327
63,1458
61,1344
65,1523
59,1435
59,1369
-,-,-,-
66,1509
66,1429
68,1512
68,1528
74,1716
74,1722
68,1580
62,1395
74,1704
69,1535
74,1704
74,1704
69,1546
66,1509
61,1365
73,1722
66,1516
71,1677
60,1274
69,1552
71,1652
64,1382
62,1312
67,1498
71,1632
65,1452
71,1678
71,1678
71,1678
62,1467
64,1451
62,1382
66,1546
64,1444
61,1403
56,1184
60,1304
66,1535
61,1460
61,1290
62,1395
60,1321
60,1391
60,1314
59,1300
56,1345
67,1637
61,1449
58,1356
61,1395
57,1262
59,1236
62,1385
61,1414
57,1291
66,1567
53,1188
57,1223
-,-,-,-
70,1546
74,1720
68,1549
68,1522
74,1722
73,1733
67,1537
73,1686
74,1706
67,1516
68,1543
65,1485
68,1524
71,1592
71,1681
67,1514
68,1541
66,1498
63,1460
71,1663
66,1497
71,1644
67,1510
67,1532
66,1437
71,1640
70,1628
68,1578
69,1649
69,1637
58,1335
65,1488
69,1640
64,1520
65,1513
62,1401
62,1376
58,1290
64,1456
59,1337
58,1309
57,1262
63,1396
58,1316
58,1320
61,1393
52,1260
59,1383
62,1440
63,1446
60,1379
62,1440
60,1296
66,1534
61,1364
58,1322
56,1282
57,1300
-,-,-,-
69,1596
74,1712
67,1528
68,1499
69,1558
73,1677
74,1704
70,1610
74,1704
74,1704
67,1456
73,1679
65,1515
67,1499
68,1576
73,1722
73,1722
71,1658
72,1751
72,1707
70,1689
69,1577
71,1632
62,1303
70,1584
65,1426
69,1648
62,1444
62,1385
63,1435
64,1432
69,1640
70,1655
63,1411
57,1263
61,1378
63,1455
64,1448
61,1427
63,1412
65,1513
62,1444
61,1332
62,1361
61,1397
58,1305
59,1357
63,1486
61,1426
60,1430
62,1364
60,1413
59,1339
60,1250
56,1341
62,1412
57,1295
61,1475
-,-,-,-
68,1501
73,1692
66,1426
66,1507
68,1522
68,1510
71,1631
73,1701
71,1613
69,1563
69,1561
66,1471
74,1704
72,1661
73,1754
67,1530
73,1722
73,1736
63,1432
72,1737
70,1632
70,1607
71,1632
70,1609
66,1466
69,1583
66,1562
60,1336
71,1680
68,1572
63,1480
68,1600
64,1514
63,1409
60,1403
62,1418
57,1253
60,1311
58,1344
65,1467
55,1251
64,1459
63,1404
64,1521
61,1388
61,1341
58,1324
61,1372
60,1446
61,1379
67,1532
60,1371
57,1317
64,1447
61,1377
61,1362
56,1355
57,1326
-,-,-,-
68,1548
68,1501
62,1396
72,1688
69,1554
68,1510
67,1546
66,1502
70,1647
65,1506
74,1704
74,1722
73,1692
73,1680
67,1582
62,1374
64,1431
68,1606
72,1682
66,1503
67,1527
70,1592
65,1432
67,1483
64,1387
66,1478
58,1294
71,1678
71,1678
66,1566
70,1659
61,1401
67,1584
64,1535
62,1425
63,1427
60,1315
63,1431
63,1448
64,1478
64,1457
57,1292
64,1471
60,1373
64,1473
61,1366
57,1363
61,1413
58,1309
55,1283
61,1472
58,1330
57,1311
60,1291
61,1395
62,1420
57,1369
55,1281
-,-,-,-
71,1626
64,1425
66,1474
70,1566
64,1466
67,1466
66,1521
69,1585
68,1596
62,1396
72,1668
73,1707
69,1567
73,1682
71,1659
68,1632
69,1687
71,1643
61,1350
64,1419
70,1630
66,1459
66,1463
63,1460
68,1530
67,1501
65,1568
63,1417
71,1680
64,1481
66,1520
65,1496
62,1457
61,1408
62,1455
61,1372
60,1417
62,1428
64,1512
60,1346
67,1664
64,1387
59,1230
60,1319
58,1283
61,1297
59,1377
63,1444
61,1357
59,1398
56,1263
60,1344
65,1488
63,1360
59,1305
55,1250
59,1456
53,1219
-,-,-,-
71,1639
71,1671
68,1559
65,1499
62,1395
72,1649
67,1533
63,1412
64,1418
67,1542
71,1615
74,1704
74,1704
71,1627
67,1490
73,1722
70,1626
70,1613
70,1605
64,1490
72,1706
69,1570
64,1404
68,1533
71,1632
71,1632
66,1586
68,1571
68,1584
68,1588
70,1655
67,1580
69,1615
61,1394
60,1357
60,1356
61,1394
63,1486
55,1149
61,1352
63,1520
60,1328
61,1379
60,1297
61,1334
59,1299
60,1415
61,1356
60,1463
62,1442
63,1480
53,1261
60,1401
61,1360
59,1341
63,1450
57,1371
55,1289
-,-,-,-
74,1704
74,1704
70,1590
66,1466
69,1539
74,1716
64,1421
67,1521
71,1592
74,1705
73,1692
72,1703
62,1342
73,1679
71,1696
64,1473
65,1545
73,1722
69,1623
69,1554
71,1660
64,1444
68,1544
63,1397
71,1636
65,1445
67,1592
67,1580
61,1429
66,1546
70,1686
70,1655
64,1474
62,1456
64,1478
57,1267
57,1262
62,1424
64,1462
58,1307
61,1442
65,1446
61,1345
65,1459
64,1462
58,1281
58,1275
64,1466
61,1412
63,1581
60,1433
59,1358
58,1335
63,1387
63,1434
53,1189
58,1383
58,1303
-,-,-,-
69,1546
68,1524
66,1477
68,1561
68,1572
66,1480
67,1474
72,1695
69,1540
70,1596
65,1427
68,1571
74,1704
67,1505
63,1423
73,1722
73,1722
73,1724
69,1591
70,1631
71,1659
62,1327
70,1588
69,1518
70,1598
71,1632
69,1613
69,1627
64,1458
71,1678
68,1601
61,1409
67,1562
63,1421
65,1435
58,1279
59,1292
61,1346
61,1358
63,1391
63,1461
58,1246
61,1426
65,1467
58,1235
61,1439
60,1430
62,1445
62,1348
59,1365
64,1464
60,1398
59,1337
63,1398
57,1282
65,1568
58,1379
57,1394
-,-,-,-
68,1524
70,1657
73,1682
64,1405
61,1332
70,1575
66,1524
66,1472
67,1468
67,1481
73,1667
74,1716
72,1658
68,1515
65,1519
68,1606
68,1546
70,1607
69,1605
64,1473
68,1517
61,1310
66,1486
65,1419
68,1524
65,1441
65,1524
66,1517
68,1562
66,1519
68,1573
65,1480
70,1655
65,1459
60,1391
61,1377
62,1405
64,1425
64,1524
58,1251
58,1370
63,1366
59,1393
61,1363
59,1255
56,1243
57,1303
65,1576
61,1496
61,1458
61,1507
57,1370
64,1439
59,1257
61,1358
58,1330
54,1225
57,1288
-,-,-,-
70,1609
70,1564
66,1444
74,1704
64,1376
72,1653
71,1626
74,1704
67,1438
71,1627
74,1704
68,1500
72,1626
73,1702
71,1636
66,1488
70,1713
63,1425
69,1617
66,1498
71,1672
64,1394
69,1568
71,1644
71,1638
66,1497
67,1585
71,1678
70,1652
62,1421
62,1398
65,1503
65,1475
62,1464
66,1577
58,1343
64,1465
64,1476
62,1475
59,1284
65,1587
59,1232
63,1539
64,1485
58,1234
57,1249
56,1295
62,1418
63,1458
57,1333
58,1407
60,1390
60,1393
61,1364
60,1323
59,1345
60,1508
61,1498
-,-,-,-
67,1487
67,1540
64,1427
73,1693
64,1458
73,1667
65,1467
71,1592
65,1459
65,1457
70,1590
61,1320
74,1704
63,1418
72,1700
73,1722
72,1704
67,1521
72,1673
72,1707
71,1712
68,1532
63,1344
69,1597
62,1280
63,1397
65,1515
63,1418
61,1391
70,1656
66,1530
63,1403
66,1544
63,1478
57,1290
62,1388
62,1425
58,1247
55,1227
63,1401
62,1521
66,1542
62,1395
65,1475
60,1361
59,1338
62,1449
61,1405
63,1498
59,1323
60,1414
56,1350
65,1589
62,1346
62,1386
56,1195
57,1341
54,1210
-,-,-,-
74,1704
66,1452
71,1664
73,1677
66,1442
68,1571
67,1471
67,1456
74,1704
69,1559
69,1601
66,1538
66,1449
63,1384
63,1374
72,1708
72,1690
69,1542
70,1634
68,1537
67,1543
68,1520
63,1350
71,1640
64,1422
71,1672
62,1423
69,1658
68,1638
63,1496
70,1655
68,1614
65,1503
62,1432
57,1283
61,1374
63,1424
59,1309
60,1305
58,1271
62,1436
65,1438
65,1498
61,1405
60,1291
61,1432
55,1269
60,1418
61,1386
60,1398
63,1452
60,1326
59,1321
61,1368
61,1397
61,1337
58,1357
62,1453
-,-,-,-
73,1705
64,1418
72,1663
74,1710
65,1458
72,1672
71,1601
66,1505
64,1376
74,1716
74,1704
74,1712
69,1534
67,1443
73,1726
71,1696
73,1722
71,1663
73,1722
72,1705
71,1631
64,1405
66,1462
65,1419
68,1550
69,1590
69,1615
70,1640
65,1542
70,1656
69,1637
70,1655
68,1631
60,1409
65,1501
60,1366
60,1329
62,1397
62,1469
67,1519
57,1330
61,1319
62,1463
60,1410
65,1462
64,1462
55,1227
59,1370
61,1472
55,1282
65,1560
59,1411
61,1431
61,1353
61,1371
62,1444
53,1277
60,1393
-,-,-,-
59,1238
74,1708
69,1546
69,1578
70,1588
72,1669
70,1600
71,1588
67,1456
63,1389
66,1478
66,1437
69,1641
73,1690
71,1657
73,1722
63,1369
71,1685
67,1490
69,1595
71,1645
71,1632
66,1463
60,1243
70,1582
67,1495
69,1598
65,1478
66,1605
60,1468
60,1351
68,1604
63,1448
64,1440
61,1455
63,1398
61,1374
63,1408
60,1361
60,1289
61,1405
61,1386
59,1364
60,1418
62,1287
56,1276
60,1393
59,1278
69,1659
59,1311
56,1274
60,1345
57,1296
59,1290
63,1420
63,1525
60,1461
60,1399
-,-,-,-
73,1706
67,1460
67,1578
72,1687
64,1407
73,1698
74,1704
71,1626
65,1433
68,1504
74,1704
71,1624
72,1676
67,1482
71,1682
73,1722
73,1722
73,1722
67,1509
71,1743
63,1394
71,1626
71,1632
71,1632
66,1461
62,1364
63,1434
61,1403
59,1318
71,1678
62,1485
62,1421
67,1566
72,1711
62,1394
64,1510
58,1346
63,1353
60,1296
55,1258
58,1301
64,1499
64,1446
62,1422
65,1462
60,1312
59,1333
58,1334
58,1334
58,1329
61,1409
57,1297
63,1462
60,1366
60,1347
59,1321
54,1341
56,1303
-,-,-,-
61,1332
68,1498
63,1365
71,1632
67,1568
74,1704
73,1682
68,1509
67,1514
69,1580
65,1499
68,1544
65,1459
66,1465
66,1479
69,1595
62,1411
71,1679
67,1562
68,1530
73,1722
67,1573
68,1605
71,1676
67,1613
72,1711
71,1622
69,1584
64,1437
68,1551
64,1426
63,1452
63,1434
64,1461
59,1365
60,1369
60,1351
62,1407
62,1360
58,1300
63,1350
63,1467
65,1433
63,1480
66,1482
55,1213
59,1300
57,1292
65,1487
58,1385
60,1368
59,1327
59,1347
61,1411
57,1333
64,1409
52,1234
56,1417
-,-,-,-
74,1706
65,1496
65,1408
71,1598
74,1718
74,1710
65,1499
68,1499
66,1508
74,1704
72,1688
64,1495
70,1549
69,1546
72,1772
71,1631
72,1697
73,1722
70,1618
69,1581
73,1728
69,1607
71,1674
69,1613
64,1469
67,1566
62,1307
66,1482
66,1460
67,1523
59,1295
71,1678
66,1555
58,1323
56,1337
59,1341
58,1304
60,1335
58,1332
60,1319
60,1353
56,1224
64,1417
57,1285
59,1233
56,1174
58,1293
58,1390
64,1450
57,1328
57,1239
59,1319
67,1593
62,1360
63,1449
60,1342
60,1527
55,1308
-,-,-,-
73,1673
66,1480
68,1510
74,1704
69,1536
73,1707
73,1675
65,1397
65,1438
65,1442
69,1561
74,1704
73,1705
70,1588
72,1711
69,1595
70,1637
71,1651
67,1535
66,1472
68,1559
69,1601
69,1598
67,1532
66,1529
70,1649
67,1498
70,1607
71,1630
67,1504
66,1514
61,1489
71,1678
61,1468
62,1473
67,1586
65,1474
62,1335
64,1417
59,1377
58,1297
63,1546
63,1293
58,1353
59,1291
63,1353
61,1346
61,1387
60,1421
59,1328
58,1362
57,1353
57,1355
61,1387
62,1434
57,1208
55,1341
58,1378
-,-,-,-
68,1510
71,1592
64,1406
65,1457
72,1668
65,1440
73,1690
72,1688
65,1458
63,1403
70,1600
72,1688
74,1704
70,1568
73,1722
70,1639
73,1730
72,1705
65,1460
72,1688
69,1600
72,1711
68,1566
72,1711
64,1401
67,1519
69,1539
62,1345
60,1271
71,1622
65,1515
65,1537
71,1678
63,1431
62,1498
62,1422
64,1500
58,1311
62,1376
57,1240
56,1177
64,1545
58,1231
62,1409
61,1345
61,1353
62,1389
61,1440
65,1582
59,1359
62,1538
59,1316
56,1236
59,1285
63,1528
62,1415
59,1436
57,1315
-,-,-,-
68,1557
68,1559
67,1500
69,1627
70,1562
65,1450
65,1440
66,1435
68,1596
65,1511
74,1704
74,1710
67,1459
68,1511
65,1499
71,1693
72,1709
62,1425
64,1481
73,1722
72,1693
70,1632
71,1677
64,1434
67,1571
71,1689
65,1416
67,1479
67,1516
71,1636
69,1660
67,1569
69,1621
61,1345
63,1461
58,1281
61,1422
64,1418
59,1335
60,1375
62,1358
59,1385
63,1373
66,1483
59,1336
63,1458
57,1273
56,1266
63,1373
57,1276
57,1355
61,1403
56,1348
60,1229
63,1486
60,1330
61,1477
57,1302
-,-,-,-
73,1708
74,1704
74,1704
73,1701
72,1648
68,1493
73,1692
67,1481
63,1415
67,1467
72,1650
68,1512
65,1440
74,1706
63,1423
69,1559
73,1724
69,1552
68,1636
62,1381
70,1633
72,1711
69,1615
66,1519
71,1669
70,1595
71,1626
65,1417
62,1381
70,1614
71,1680
63,1438
59,1346
62,1350
61,1443
58,1357
57,1206
64,1451
62,1426
62,1464
61,1333
64,1553
68,1586
60,1280
62,1376
67,1512
60,1313
64,1461
62,1429
61,1452
60,1390
63,1454
55,1317
60,1283
62,1454
61,1382
57,1336
64,1582
-,-,-,-
66,1495
67,1478
74,1704
62,1382
61,1324
74,1704
62,1369
68,1515
74,1704
74,1704
73,1682
73,1691
64,1400
73,1675
65,1521
70,1612
58,1269
70,1617
68,1525
62,1379
68,1577
68,1546
63,1473
72,1713
68,1591
70,1655
66,1484
66,1441
71,1628
67,1506
61,1384
71,1678
60,1378
61,1457
62,1444
62,1444
54,1192
59,1355
61,1391
61,1307
59,1301
60,1295
62,1476
59,1351
61,1318
66,1497
62,1411
59,1372
61,1412
59,1372
57,1372
63,1523
61,1432
60,1276
59,1325
61,1359
61,1506
61,1404
-,-,-,-
71,1638
64,1344
67,1494
63,1372
74,1704
64,1407
68,1532
73,1676
66,1501
68,1499
74,1704
74,1704
72,1628
71,1619
73,1722
70,1609
73,1732
70,1621
71,1645
73,1724
69,1595
63,1435
64,1465
70,1655
61,1351
63,1438
69,1542
71,1628
71,1622
67,1481
63,1462
61,1403
70,1642
61,1447
61,1402
67,1520
64,1419
64,1434
59,1280
65,1500
67,1576
63,1384
61,1373
60,1278
59,1351
60,1367
61,1343
60,1374
56,1248
61,1419
56,1340
61,1385
58,1357
59,1273
63,1440
59,1317
55,1273
57,1341
-,-,-,-
64,1421
63,1402
66,1497
66,1492
68,1497
73,1715
67,1538
69,1592
58,1240
63,1373
63,1372
66,1482
65,1476
67,1523
67,1546
73,1722
73,1736
72,1727
71,1688
73,1722
73,1728
70,1675
70,1644
67,1608
67,1527
63,1383
71,1624
60,1268
64,1409
71,1622
66,1517
71,1680
71,1678
59,1324
62,1459
59,1364
63,1443
62,1308
58,1269
60,1303
59,1255
62,1446
61,1389
67,1494
59,1349
65,1462
57,1288
57,1269
61,1416
65,1548
62,1436
60,1435
58,1332
65,1466
63,1470
64,1460
61,1443
54,1274
-,-,-,-
73,1686
68,1510
71,1643
70,1613
74,1706
67,1541
67,1459
74,1704
67,1478
73,1678
69,1523
64,1406
74,1706
71,1594
70,1642
71,1640
70,1598
71,1677
71,1680
62,1411
61,1417
70,1646
66,1514
61,1369
65,1524
68,1600
66,1472
71,1614
70,1601
71,1622
68,1612
66,1550
60,1420
62,1438
61,1411
61,1411
57,1283
62,1424
63,1424
64,1387
57,1244
65,1443
63,1480
65,1526
62,1466
60,1355
61,1383
60,1348
58,1333
63,1483
59,1373
65,1549
62,1390
61,1366
59,1311
60,1329
61,1459
56,1281
-,-,-,-
68,1529
65,1395
68,1499
69,1576
67,1518
74,1704
73,1683
70,1598
67,1478
74,1704
73,1675
64,1435
65,1413
74,1704
71,1658
67,1504
63,1452
69,1558
68,1546
69,1570
72,1772
71,1667
63,1386
72,1712
68,1546
63,1426
67,1478
64,1407
67,1570
62,1297
71,1678
62,1425
70,1666
65,1533
63,1528
65,1528
59,1318
61,1269
61,1399
64,1451
64,1482
64,1510
60,1426
66,1497
62,1416
62,1309
54,1176
62,1405
64,1569
62,1507
63,1520
60,1371
62,1515
59,1287
64,1457
62,1358
61,1440
60,1433
-,-,-,-
74,1724
68,1504
68,1557
73,1696
74,1704
67,1487
68,1613
74,1712
67,1488
69,1528
74,1708
71,1637
65,1457
74,1716
69,1562
62,1358
73,1722
69,1600
72,1740
73,1722
64,1420
66,1512
67,1561
71,1703
67,1559
61,1422
64,1376
69,1538
69,1573
62,1307
62,1399
63,1497
59,1327
58,1320
59,1332
59,1404
61,1384
59,1317
63,1463
60,1333
59,1369
66,1497
66,1582
59,1268
65,1510
62,1413
56,1293
63,1484
63,1377
63,1451
62,1494
53,1168
62,1415
62,1394
62,1380
64,1504
57,1382
54,1289
-,-,-,-
67,1485
64,1422
65,1449
71,1615
66,1493
67,1519
64,1432
72,1687
74,1704
74,1704
68,1557
72,1685
73,1669
65,1499
73,1722
73,1722
71,1661
72,1673
73,1722
66,1521
67,1547
72,1713
63,1441
72,1711
59,1332
65,1488
68,1479
70,1574
65,1482
61,1299
68,1590
62,1444
70,1662
62,1398
66,1519
62,1432
57,1321
65,1459
62,1471
59,1274
62,1405
61,1387
62,1457
56,1239
60,1379
65,1439
52,1117
53,1163
62,1456
62,1480
60,1409
59,1331
59,1338
58,1245
61,1308
56,1262
60,1411
54,1276
-,-,-,-
67,1518
74,1704
68,1559
65,1491
66,1563
68,1509
71,1588
67,1478
72,1662
71,1638
74,1712
68,1533
64,1392
67,1541
63,1447
72,1696
71,1684
73,1728
72,1707
64,1431
71,1647
68,1572
63,1409
73,1745
68,1581
72,1711
68,1545
70,1572
66,1438
69,1574
69,1640
63,1449
71,1689
60,1356
60,1379
65,1497
56,1195
57,1326
56,1227
65,1495
68,1607
61,1332
65,1557
64,1519
66,1538
64,1437
59,1312
60,1375
61,1401
61,1420
58,1355
61,1396
61,1410
62,1339
63,1378
60,1318
59,1390
56,1351
-,-,-,-
69,1627
65,1458
73,1676
66,1494
72,1680
72,1683
70,1581
69,1558
71,1652
73,1682
71,1600
74,1704
69,1569
68,1511
71,1668
69,1603
70,1660
67,1575
64,1451
71,1647
73,1738
62,1375
72,1715
72,1707
65,1510
70,1634
71,1618
70,1608
71,1614
66,1463
62,1406
70,1679
64,1499
61,1433
61,1386
60,1394
63,1465
60,1285
59,1351
60,1286
57,1354
61,1338
59,1348
61,1370
64,1436
60,1388
62,1394
60,1344
57,1249
62,1412
64,1557
64,1499
57,1434
65,1469
61,1441
58,1315
62,1505
56,1297
-,-,-,-
69,1562
74,1704
74,1706
64,1435
64,1387
65,1454
73,1706
74,1710
71,1590
67,1499
73,1669
68,1550
67,1469
66,1497
73,1722
72,1707
68,1579
70,1644
70,1673
71,1680
69,1650
68,1587
67,1526
67,1608
62,1407
68,1602
63,1366
70,1600
71,1616
68,1547
67,1588
58,1281
69,1627
64,1497
62,1444
59,1312
61,1378
59,1297
60,1299
60,1340
65,1459
64,1422
63,1464
58,1307
61,1363
61,1372
61,1335
56,1267
62,1487
65,1529
60,1434
62,1460
58,1301
58,1223
61,1396
62,1462
54,1292
57,1332
-,-,-,-
67,1486
72,1683
73,1703
73,1694
71,1637
73,1673
68,1510
64,1427
74,1735
67,1493
73,1688
68,1518
73,1677
71,1614
62,1418
73,1728
73,1722
72,1701
73,1726
68,1523
69,1584
70,1625
69,1611
64,1465
67,1538
72,1702
69,1550
64,1406
71,1626
68,1532
71,1680
62,1421
63,1503
59,1290
62,1394
61,1428
61,1292
58,1211
58,1253
64,1472
58,1351
60,1247
61,1434
60,1358
63,1465
58,1285
59,1353
62,1461
60,1362
66,1564
58,1385
62,1409
62,1471
62,1330
56,1298
58,1291
55,1273
61,1424
-,-,-,-
69,1564
74,1704
68,1522
74,1704
70,1625
73,1695
67,1538
74,1710
71,1620
64,1387
68,1475
71,1580
69,1559
74,1704
69,1541
65,1458
73,1722
72,1683
73,1722
74,1798
70,1658
69,1638
71,1685
65,1538
71,1677
70,1627
71,1614
61,1367
69,1557
71,1614
62,1444
64,1472
71,1678
61,1449
64,1464
62,1541
60,1347
62,1417
60,1277
62,1348
56,1224
65,1485
60,1372
64,1434
59,1324
63,1402
64,1496
62,1455
62,1469
62,1416
64,1561
64,1493
65,1603
58,1303
61,1391
62,1383
54,1298
56,1297
-,-,-,-
67,1569
65,1389
68,1491
73,1701
74,1705
71,1635
62,1365
66,1511
74,1704
67,1488
66,1520
72,1662
72,1626
68,1556
72,1729
70,1650
72,1734
64,1408
73,1763
66,1489
69,1630
68,1645
72,1708
72,1713
73,1759
72,1712
71,1614
66,1460
65,1423
65,1421
62,1470
67,1573
68,1602
62,1497
61,1357
60,1423
62,1366
60,1331
62,1293
62,1390
60,1363
64,1446
61,1431
62,1417
60,1395
64,1439
60,1371
57,1376
61,1372
59,1349
54,1177
63,1459
59,1343
57,1270
62,1441
59,1355
53,1218
60,1417
-,-,-,-
69,1547
66,1442
73,1702
68,1515
72,1687
71,1631
70,1572
65,1407
63,1452
73,1692
73,1707
71,1637
74,1704
70,1615
62,1356
67,1509
74,1798
66,1479
64,1454
68,1604
61,1396
66,1507
71,1675
73,1757
64,1487
62,1374
71,1647
63,1393
61,1320
63,1421
68,1605
71,1678
64,1482
60,1393
61,1446
64,1561
61,1348
61,1389
57,1213
63,1387
59,1359
65,1497
64,1546
63,1381
58,1333
65,1514
61,1414
60,1394
61,1453
61,1439
56,1322
61,1518
62,1419
63,1389
58,1305
59,1358
58,1370
59,1353
-,-,-,-
68,1554
74,1704
64,1445
73,1673
73,1693
71,1631
67,1554
72,1668
74,1710
69,1526
68,1509
67,1434
72,1661
74,1704
72,1700
74,1790
69,1640
70,1624
69,1605
67,1515
74,1798
72,1701
72,1713
68,1560
71,1669
62,1416
66,1506
71,1634
60,1231
64,1381
63,1435
60,1411
64,1497
59,1361
60,1337
63,1467
61,1368
64,1418
59,1332
64,1433
64,1455
63,1400
67,1569
63,1497
63,1452
59,1276
62,1429
62,1432
61,1392
64,1478
57,1276
60,1405
56,1211
58,1292
62,1454
58,1343
56,1288
56,1263
-,-,-,-
66,1509
74,1704
67,1532
69,1563
73,1681
73,1680
68,1509
65,1449
74,1704
69,1556
69,1575
73,1677
68,1502
64,1402
74,1811
71,1705
71,1675
69,1615
72,1723
62,1375
62,1363
73,1745
60,1341
73,1751
69,1634
66,1523
69,1585
64,1425
71,1622
62,1296
61,1384
63,1499
64,1490
61,1418
60,1381
64,1455
60,1438
62,1352
63,1455
59,1248
59,1310
61,1333
60,1419
58,1269
61,1398
64,1410
58,1279
56,1269
57,1384
64,1560
59,1419
57,1394
60,1382
58,1263
61,1404
61,1363
64,1542
56,1284
-,-,-,-
67,1547
68,1503
68,1521
74,1708
71,1600
66,1424
63,1410
73,1701
67,1506
74,1722
66,1441
70,1591
71,1671
64,1403
68,1531
72,1709
74,1790
70,1662
71,1684
74,1790
68,1633
73,1745
68,1587
68,1612
65,1488
66,1507
70,1595
60,1289
61,1306
65,1439
68,1608
63,1493
69,1598
56,1330
60,1351
58,1337
63,1477
64,1446
66,1578
60,1326
59,1323
63,1412
62,1449
66,1499
60,1344
64,1532
63,1462
61,1427
57,1320
61,1392
57,1351
55,1190
60,1404
58,1376
58,1300
57,1288
56,1265
59,1332
-,-,-,-
67,1509
74,1704
71,1590
64,1458
67,1603
72,1650
74,1704
69,1570
73,1677
74,1706
71,1615
74,1704
67,1499
68,1509
64,1463
64,1422
69,1609
65,1410
70,1651
74,1790
70,1673
73,1749
63,1409
68,1579
73,1759
73,1749
63,1341
67,1493
62,1349
64,1441
69,1620
66,1574
61,1422
66,1536
59,1345
65,1482
63,1405
64,1465
62,1459
58,1285
57,1307
61,1402
64,1520
60,1335
64,1389
60,1371
57,1274
60,1357
58,1309
63,1508
59,1392
65,1491
62,1454
59,1271
60,1334
64,1472
58,1346
61,1449
-,-,-,-
63,1415
70,1591
68,1535
74,1704
65,1530
64,1378
74,1706
66,1497
74,1704
67,1528
74,1705
67,1546
68,1499
72,1678
69,1590
65,1434
65,1486
73,1734
70,1656
65,1455
65,1518
73,1745
69,1610
63,1405
64,1459
65,1534
69,1547
70,1601
69,1536
65,1416
71,1678
60,1338
67,1574
59,1358
55,1186
64,1492
57,1234
63,1431
63,1575
66,1613
63,1448
64,1516
64,1513
59,1291
60,1261
62,1318
62,1443
59,1300
58,1281
61,1451
63,1550
67,1620
54,1171
59,1293
58,1252
61,1376
54,1288
59,1364
-,-,-,-
72,1703
72,1626
66,1482
63,1410
64,1443
74,1708
74,1704
64,1433
67,1473
69,1559
73,1662
72,1648
67,1457
74,1704
70,1645
74,1790
66,1530
73,1777
68,1611
72,1735
69,1643
72,1709
65,1494
67,1573
66,1489
67,1590
67,1479
66,1461
67,1565
62,1300
67,1588
59,1347
61,1361
59,1298
63,1436
60,1379
54,1184
62,1348
59,1351
62,1353
62,1442
63,1388
61,1455
66,1471
63,1431
60,1359
58,1272
65,1521
58,1314
58,1342
63,1488
59,1509
60,1432
63,1391
59,1327
59,1297
63,1422
59,1335
-,-,-,-
64,1421
65,1442
74,1704
67,1481
65,1480
74,1722
67,1463
71,1620
71,1627
63,1378
73,1702
70,1600
72,1633
69,1516
73,1786
72,1726
72,1722
73,1726
71,1655
67,1538
67,1497
66,1501
66,1509
72,1702
64,1455
73,1755
65,1427
67,1478
71,1622
66,1441
64,1502
64,1459
64,1466
61,1412
61,1376
54,1236
58,1287
63,1452
61,1410
61,1278
60,1387
60,1373
62,1532
64,1447
63,1457
61,1344
60,1349
62,1373
59,1334
65,1511
58,1280
59,1398
57,1345
59,1262
58,1291
61,1429
61,1493
61,1466
-,-,-,-
69,1509
74,1710
64,1417
74,1710
68,1526
72,1673
64,1447
71,1594
70,1564
74,1706
71,1627
74,1708
74,1706
74,1720
69,1594
70,1642
72,1705
74,1790
66,1552
73,1759
74,1780
61,1305
68,1585
67,1566
73,1743
70,1677
67,1549
63,1404
70,1611
69,1565
65,1511
65,1500
67,1580
62,1395
64,1477
54,1171
61,1429
62,1351
59,1301
65,1476
55,1291
53,1171
62,1470
62,1376
63,1412
64,1467
60,1341
60,1343
63,1411
62,1440
62,1445
58,1297
61,1488
61,1361
61,1405
60,1352
58,1402
60,1428
-,-,-,-
73,1667
67,1531
66,1503
68,1512
74,1704
66,1480
74,1716
70,1589
71,1639
74,1716
68,1511
65,1485
71,1588
74,1708
74,1780
71,1682
74,1778
62,1290
74,1780
69,1553
74,1780
65,1499
73,1747
73,1743
71,1682
61,1407
71,1620
71,1614
64,1421
64,1378
65,1525
71,1678
66,1528
60,1316
62,1375
63,1531
57,1257
62,1387
57,1265
62,1356
60,1429
61,1328
56,1347
63,1489
63,1443
55,1154
58,1305
61,1417
66,1559
65,1623
58,1262
61,1472
60,1405
59,1255
57,1340
62,1402
57,1334
61,1424
-,-,-,-
73,1701
62,1342
74,1704
71,1617
67,1471
73,1692
74,1704
67,1482
70,1593
72,1659
68,1510
74,1704
68,1531
68,1526
61,1351
68,1591
70,1632
64,1495
70,1645
72,1677
70,1668
62,1371
65,1498
73,1747
71,1692
67,1525
61,1268
68,1553
69,1539
59,1201
71,1678
71,1678
69,1592
59,1387
59,1476
64,1451
66,1497
60,1353
57,1262
63,1401
61,1397
64,1426
60,1410
61,1416
64,1437
61,1457
58,1255
63,1500
66,1567
60,1384
61,1388
59,1424
57,1326
61,1317
65,1485
60,1311
57,1347
57,1335
-,-,-,-
67,1481
67,1463
71,1600
74,1704
68,1550
72,1682
73,1707
73,1669
70,1557
68,1499
63,1430
68,1569
70,1647
74,1706
69,1597
70,1626
69,1583
70,1588
69,1594
68,1567
70,1607
71,1673
67,1570
64,1428
66,1544
67,1579
63,1412
65,1455
64,1441
71,1614
65,1535
58,1294
64,1416
59,1290
64,1524
59,1348
62,1384
59,1282
64,1439
64,1466
58,1298
59,1259
65,1504
65,1526
61,1348
57,1218
57,1228
58,1321
64,1499
58,1316
63,1470
63,1534
57,1345
63,1394
61,1364
62,1429
57,1331
56,1278
-,-,-,-
74,1704
74,1710
64,1431
64,1417
74,1720
74,1704
63,1361
71,1613
68,1555
70,1557
69,1605
74,1708
68,1502
71,1622
71,1716
70,1679
70,1660
66,1531
70,1626
69,1594
70,1612
65,1530
59,1283
68,1606
65,1539
67,1516
71,1624
65,1439
69,1560
66,1442
64,1461
60,1392
71,1678
61,1388
61,1360
60,1315
60,1349
65,1460
57,1248
63,1324
63,1424
63,1414
59,1326
57,1328
62,1388
62,1406
57,1254
61,1400
62,1444
56,1227
62,1395
60,1433
54,1262
60,1331
62,1445
61,1374
62,1548
63,1450
-,-,-,-
69,1500
74,1719
69,1528
68,1539
73,1710
68,1568
70,1602
73,1686
66,1480
73,1706
65,1529
66,1482
67,1540
71,1646
66,1493
68,1545
74,1778
71,1681
64,1418
67,1551
70,1611
68,1539
66,1506
73,1743
71,1680
73,1743
71,1612
62,1317
62,1346
65,1448
64,1520
57,1385
66,1566
60,1330
62,1447
64,1482
66,1534
60,1275
61,1371
57,1298
57,1264
64,1442
60,1395
60,1378
61,1370
65,1500
63,1393
56,1234
58,1304
64,1478
64,1494
57,1334
59,1338
63,1359
54,1227
63,1437
53,1213
55,1256
-,-,-,-