1140,50
1172,51
1165,50
1196,51
1110,49
1146,51
1173,50
1133,48
1107,50
1140,50
1137,50
1168,49
1098,49
1130,52
1120,50
1127,50
1172,51
1209,53
1101,49
1210,52
1099,48
1166,51
1166,51
1157,53
1144,51
1096,49
1075,48
1133,50
1148,50
1176,53
1062,47
1050,49
1098,50
1041,49
1123,49
1122,49
1147,51
1198,55
1190,55
1276,56
1228,53
1241,55
1161,53
1175,53
1148,52
1249,55
1255,54
1286,56
1180,53
1266,55
1257,55
1239,55
1179,53
1231,55
1139,53
1202,55
1268,56
1144,53
1266,55
1263,54
1190,54
1150,53
1260,56
983,48
1262,56
1231,55
1208,53
1267,56
1252,56
1247,54
1245,55
1176,53
1181,53
1187,53
1148,52
1261,55
1218,54
1236,53
1090,48
1265,54
1173,54
1237,53
1112,51
1347,57
1138,49
1328,57
1231,54
1263,53
1344,57
1204,52
1226,54
1259,54
1302,56
1257,54
1253,54
1271,55
1199,54
1220,52
1356,58
1183,52
1270,54
1298,55
1282,54
1312,56
1187,52
1289,54
1345,56
1153,49
1221,52
1320,56
1143,50
1254,55
1125,50
1220,52
1151,51
1244,54
1219,52
1332,56
1243,54
1273,56
1151,52
1348,58
1184,52
1227,54
1238,53
1203,54
1217,54
1319,56
1187,51
1226,52
1273,54
1238,53
1349,57
1094,49
1189,53
1269,55
1206,53
1346,58
1184,51
1284,55
1336,57
1177,51
1208,52
1253,54
1246,54
1283,56
1255,55
1234,55
1238,54
1232,53
1275,54
1345,57
1258,54
1314,57
1224,54
1334,56
1312,56
1186,52
1332,55
1227,52
1239,52
1189,53
1222,53
1210,52
1190,52
1127,50
1235,53
1284,55
1269,55
1298,56
1222,54
1201,53
1241,54
1185,52
1138,51
1312,55
1225,54
1207,53
1221,53
1290,56
1222,51
1230,54
1262,55
1259,54
1225,51
1236,54
1155,52
1191,52
1261,54
1197,51
1275,55
1317,56
1201,52
1245,54
1275,55
1226,54
1257,54
1149,51
1198,52
1147,52
1305,56
1249,55
1278,55
1283,56
1233,53
1273,56
1275,55
1213,54
1190,51
1174,51
1242,53
1122,50
1116,51
1212,54
1220,54
1237,53
1259,54
1188,52
1230,52
1230,54
1285,55
1244,54
1216,54
1207,51
1263,54
1201,53
1177,53
1275,55
1209,54
1226,53
1190,52
1273,54
1238,52
1265,56
1241,54
1286,55
1200,53
1346,58
1308,56
1247,54
1145,50
1163,52
1222,52
1192,52
1247,53
1274,55
1282,55
1262,54
1245,54
1227,53
1258,54
1077,48
1190,53
1172,52
1250,54
1132,49
1048,48
1304,56
1106,48
1189,51
1095,50
1231,53
1207,53
1278,55
1181,51
1210,54
1092,50
1296,56
1270,56
1135,52
1245,54
1245,54
1300,56
1238,54
1186,52
1208,54
1352,57
1245,55
1221,53
1174,50
1209,54
1223,54
1197,53
1184,51
1185,51
1346,58
1209,52
1167,53
1157,50
1197,54
1276,54
1171,51
1335,56
1223,54
1247,53
1186,53
1238,53
1240,55
1292,55
1189,52
1186,51
1289,54
1281,55
1199,53
1287,55
1217,53
1215,52
1164,52
1251,54
1200,52
1285,55
1167,52
1226,53
1181,53
1264,56
1249,55
1209,53
1306,56
1163,51
1283,56
1304,56
1319,56
1283,55
1169,52
1269,55
1261,54
1186,52
1222,53
1225,53
1274,55
1187,53
1337,56
1311,56
1292,56
1203,53
1260,55
1240,54
1299,56
1153,50
1130,51
1292,56
1212,52
1220,51
1252,54
1225,53
1246,55
1226,53
1303,57
1244,54
1235,52
1235,53
1188,53
1132,51
1204,53
1300,56
1336,57
1302,56
1248,54
1254,55
1238,54
1223,55
1299,56
1291,55
1204,53
1185,53
1285,56
1286,53
1309,57
1288,54
1242,54
1210,51
1295,56
1219,51
1227,53
1127,52
1211,53
1227,53
1300,55
1238,54
1297,56
1158,50
1323,57
1204,52
1220,52
1216,51
1324,57
1213,53
1196,53
1204,53
1187,52
1219,54
1240,52
1212,51
1152,51
1348,57
1229,53
1277,55
1266,55
1234,54
1217,54
1257,54
1268,55
1211,53
1238,55
1286,56
1222,51
1259,54
1225,52
1313,57
1237,55
1302,55
1179,51
1317,57
1170,51
1266,53
1376,58
1257,54
1224,54
1223,53
1214,53
1205,53
1264,55
1157,51
1318,56
1206,53
1288,56
1263,54
1286,54
1288,55
1283,54
1258,55
1209,51
1246,55
1247,53
1220,54
1292,55
1212,51
1310,56
1203,52
1230,54
1313,56
1286,55
1241,54
1299,55
1309,56
1213,53
1160,50
1153,50
1132,50
1267,54
1289,56
1236,54
1182,52
1226,53
1255,55
1200,51
1303,56
1278,55
1267,55
1298,57
1254,55
1156,51
1120,51
1222,53
1268,54
1240,54
1237,53
1189,52
1243,54
1233,52
1230,53
1331,56
1288,56
1273,54
1249,53
1214,53
1254,55
1235,53
1262,54
1233,53
1322,56
1280,54
1230,53
1265,55
1099,49
1260,54
1156,52
1222,54
1276,53
1240,54
1246,54
1248,53
1226,52
1247,55
1256,55
1130,49
1334,57
1238,53
1275,55
1261,55
1203,53
1254,54
1107,50
1290,55
1271,56
1254,54
1289,55
1174,52
1181,51
1268,55
1247,53
1317,56
1265,54
1325,57
1287,54
1246,55
1198,52
1236,52
1201,52
1265,55
1315,56
1300,56
1181,52
1197,53
1271,54
1297,55
1210,53
1257,54
1229,53
1166,52
1284,54
1165,52
1257,55
1274,55
1129,49
1263,54
1325,57
1217,53
1296,55
1264,55
1257,54
1205,53
1186,52
1225,53
1246,54
1273,53
1270,55
1281,56
1193,52
1178,52
1313,55
1354,58
1197,52
1350,57
1239,53
1365,57
1156,52
1113,51
1215,54
1208,51
1242,52
1168,53
1277,55
1232,54
1177,52
1236,54
1221,53
1196,53
1190,52
1158,51
1196,53
1349,57
1352,58
1255,54
1207,53
1237,54
1260,54
1290,56
1203,51
1173,52
1215,54
1224,54
1267,54
1280,54
1242,54
1236,55
1238,54
1250,54
1125,50
1255,55
1165,52
1124,51
1201,52
1273,55
1289,55
1241,54
1206,53
1227,53
1100,49
1183,51
1228,53
1277,54
1182,52
1219,54
1320,54
1313,57
1116,50
1229,54
1207,54
1241,53
1274,54
1237,53
1188,53
1309,56
1236,54
1137,51
1280,54
1239,53
1213,52
1130,50
1224,53
1229,55
1336,57
1266,56
1245,53
1225,53
1201,52
1276,55
1203,54
1292,55
1260,54
1236,54
1288,56
1204,52
1268,53
1314,56
1251,55
1351,58
1121,51
1155,52
1195,53
1294,55
1256,52
1187,52
1305,56
1333,56
1252,53
1236,53
1314,56
1154,50
1241,52
1230,54
1261,54
1221,54
1245,54
1202,52
1227,53
1222,52
1269,55
1275,55
1321,57
1253,54
1245,52
1276,55
1254,54
1206,52
1301,56
1247,55
1200,53
1243,56
1189,53
1266,55
1200,53
1232,53
1300,55
1314,56
1249,55
1259,54
1263,54
1265,55
1176,52
1232,55
1277,54
1238,54
1293,56
1306,56
1210,51
1228,53
1153,50
1348,58
1257,53
1205,52
1214,53
1335,56
1193,53
1300,56
1160,52
1224,53
1202,53
1156,51
1301,57
1190,53
1194,52
1161,51
1305,55
1196,53
1274,55
1163,52
1225,54
1233,53
1300,55
1293,55
1288,54
1295,56
1129,50
1204,53
1358,57
1166,51
1266,54
1175,52
1233,52
1258,54
1262,54
1311,55
1246,55
1322,56
1218,54
1113,49
1265,55
1260,54
1221,54
1268,55
1209,54
1257,53
1278,55
1298,56
1258,55
1203,53
1203,52
1233,53
1271,55
1225,53
1253,54
1122,49
1169,52
1295,55
1293,56
1130,51
1345,57
1241,53
1193,53
1194,54
1207,53
1228,53
1247,54
1279,55
1335,57
1207,52
1220,53
1358,58
1360,58
1243,55
1231,53
1236,54
1255,54
1233,53
1255,54
1229,54
1267,55
1290,55
1290,55
1171,53
1196,53
1233,54
1316,56
1263,55
1187,53
1325,57
1295,56
1325,57
1184,51
1168,53
1233,53
1274,55
1288,56
1201,53
1193,52
1285,55
1313,57
1260,56
1182,52
1247,54
1333,56
1240,54
1321,57
1212,53
1273,54
1245,54
1207,54
1235,54
1206,52
1298,55
1318,57
1224,52
1217,52
1248,54
1300,56
1207,53
1286,54
1206,53
1281,55
1350,58
1174,52
1273,55
1208,52
1336,57
1264,55
1140,50
1334,57
1214,53
1252,55
1296,56
1190,51
1324,57
1297,55
1167,50
1205,52
1122,50
1227,54
1279,54
1185,52
1270,54
1224,53
1277,56
1296,55
1249,54
1278,56
1281,55
1275,55
1211,52
1204,53
1180,51
1232,54
1306,55
1195,52
1260,54
1282,56
1244,54
1249,55
1272,54
1244,54
1155,51
1235,53
1282,55
1290,55
1317,56
1208,53
1297,56
1247,55
1196,52
1201,52
1195,53
1221,52
1279,54
1272,55
1302,56
1199,53
1216,53
1274,55
1248,54
1259,54
1197,54
1280,55
1188,52
1180,54
1280,54
1279,56
1305,56
1253,54
1233,54
1258,54
1376,58
1172,51
1290,56
1249,55
1296,56
1171,52
1173,52
1225,53
1309,56
1268,55
1182,52
1298,55
1279,56
1279,55
1270,56
1161,52
1246,54
1257,55
1232,53
1137,51
1181,50
1368,58
1171,51
1251,54
1315,56
1274,54
1139,51
1159,52
1290,55
1311,57
1228,54
1224,53
1241,55
1169,51
1223,53
1318,56
1253,53
1285,54
1213,52
1176,51
1195,50
1239,54
1171,52
1313,55
1198,53
1223,53
1201,54
1269,55
1237,51
1290,56
1224,53
1096,47
1197,52
1304,56
1222,53
1199,53
1237,53
1379,58
1169,52
1258,52
1347,58
1303,55
1195,52
1278,55
1257,53
1236,53
1302,56
1245,53
1279,55
1313,57
1239,54
1298,55
1263,53
1224,54
1137,52
1182,51
1324,56
1345,56
1335,57
1184,53
1142,52
1281,54
1090,50
1306,56
1179,53
1256,53
1253,54
1213,51
1193,51
1120,50
1244,53
1219,54
1345,57
1211,51
1279,54
1280,53
1218,53
1280,55
1289,55
1246,54
1292,56
1179,53
1272,54
1235,55
1208,52
1337,57
1252,54
1177,53
1256,55
1257,53
1382,58
1357,58
1236,54
1308,56
1192,51
1162,51
1261,55
1214,53
1262,55
1186,53
1298,55
1293,56
1211,53
1328,56
1222,52
1195,53
1252,53
1271,55
1265,55
1227,53
1227,53
1202,53
1227,53
1239,53
1300,55
1204,53
1217,53
1185,52
1321,57
1265,54
1260,55
1218,54
1261,54
1237,53
1298,55
1221,52
1228,54
1211,54
1294,56
1240,55
1155,49
1318,56
1171,51
1176,53
1179,53
1325,56
1207,52
1205,52
1254,54
1263,56
1281,54
1244,54
1309,57
1127,51
1185,53
1231,53
1225,54
1158,51
1192,52
1254,54
1348,58
1176,52
1257,55
1261,54
1250,54
1261,54
1275,55
1268,55
1272,55
1238,54
1339,57
1294,55
1253,54
1192,53
1238,54
1255,54
1205,53
1252,55
1339,57
1321,57
1235,53
1292,56
1214,52
1274,54
1220,53
1254,54
1219,52
1229,54
1205,53
1282,55
1320,56
1209,51
1151,51
1244,54
1282,55
1202,52
1298,56
1164,50
1251,54
1199,53
1267,54
1167,52
1230,54
1275,56
1238,53
1195,52
1286,55
1167,52
1116,49
1148,51
1296,55
1262,54
1277,55
1286,54
1285,54
1310,56
1283,56
1244,54
1259,55
1224,53
1220,53
1195,53
1189,52
1129,49
1259,55
1289,55
1245,53
1304,56
1163,52
1301,56
1233,52
1056,48
1195,52
1282,54
1281,55
1282,56
1261,55
1273,55
1138,50
1170,51
1195,51
1250,55
1220,55
1191,52
1189,51
1211,53
1273,54
1240,53
1146,51
1188,52
1311,55
1263,54
1246,53
1321,57
1328,55
1160,50
1108,49
1175,51
1297,56
1252,54
1319,57
1329,56
1252,55
1129,50
1307,56
1336,57
1147,51
1146,52
1223,53
1206,53
1283,55
1341,56
1208,53
1201,52
1265,54
1268,55
1230,54
1256,56
1222,53
1266,55
1191,52
1235,53
1199,52
1261,55
1238,53
1308,55
1186,50
1254,55
1191,53
1283,54
1184,54
1298,56
1236,53
1213,53
1138,51
1251,54
1273,53
1182,52
1167,52
1227,54
1316,57
1275,54
1192,53
1278,55
1291,56
1214,51
1164,51
1306,56
1276,55
1195,54
1265,54
1282,55
1269,53
1230,54
1182,51
1209,53
1226,54
1200,52
1243,54
1277,55
1288,56
1238,54
1340,56
1222,53
1230,54
1365,57
1232,54
1241,53
1269,55
1225,54
1284,54
1202,54
1329,57
1254,55
1346,58
1290,55
1130,51
1250,54
1181,52
1140,50
1245,52
1273,56
1283,56
1238,54
1222,53
1322,54
1275,55
1285,55
1227,54
1301,55
1197,53
1217,54
1237,55
1142,51
1109,48
1194,52
1258,53
1250,54
1259,55
1240,53
1100,50
1319,57
1304,56
1281,54
1237,55
1257,54
1304,56
1253,54
1229,52
1256,53
1307,56
1215,54
1186,52
1298,56
1261,53
1181,52
1279,56
1196,52
1253,54
1183,51
1243,55
1213,51
1209,54
1266,55
1212,52
1266,55
1274,54
1149,51
1256,54
1226,55
1261,56
1267,54
1211,52
1305,56
1163,52
1220,54
1184,52
1348,58
1257,54
1179,52
1198,52
1236,54
1200,53
1251,54
1243,53
1295,56
1229,53
1218,53
1200,52
1218,53
1246,53
1215,54
1176,53
1270,56
1279,55
1205,54
1301,55
1325,56
1310,56
1231,53
1320,56
1228,54
1283,55
1308,55
1268,55
1284,56
1268,55
1338,57
1241,54
1230,52
1255,54
1213,52
1282,54
1235,54
1260,55
1303,55
1277,55
1326,57
1281,55
1231,52
1196,53
1266,54
1302,56
1289,55
1171,50
1246,55
1227,53
1111,50
1317,58
1206,55
1224,55
1179,52
1229,54
1178,51
1203,54
1249,55
1166,51
1141,50
1220,55
1252,54
1235,55
1214,54
1169,52
1203,53
1333,58
1116,51
1272,55
1126,50
1207,53
1165,51
1240,54
1329,58
1246,54
1177,53
1287,55
1209,52
1198,53
1143,51
1098,51
1251,55
1219,54
1244,55
1253,55
1155,51
1240,55
1273,56
1248,54
1239,53
1263,56
1235,55
1203,53
1215,54
1209,53
1141,51
1221,54
1238,54
1232,55
1131,50
1303,57
1256,55
1312,57
1247,53
1191,50
1287,56
1188,54
1128,50
1147,52
1162,51
1300,57
1272,55
1230,53
1238,54
1241,55
1198,52
1217,54
1206,53
1278,55
1246,55
1339,58
1230,54
1238,55
1218,54
1153,52
1210,54
1164,52
1174,52
1283,57
1284,53
1257,55
1245,54
1273,56
1270,56
1256,55
1208,53
1142,52
1226,52
1127,51
1242,54
1278,55
1232,55
1147,51
1307,55
1257,55
1298,57
1256,56
1206,53
1261,55
1221,54
1239,53
1259,55
1202,52
1305,57
1147,52
1175,54
1312,56
1262,55
1262,55
1174,52
1139,51
1336,57
1188,53
1157,52
1223,53
1173,52
1260,56
1218,53
1112,51
1229,53
1195,54
1216,54
1255,55
1243,55
1274,55
1164,52
1284,56
1275,55
1253,54
1160,52
1169,53
1203,54
1313,57
1290,57
1287,56
1214,53
1247,55
1229,53
1200,54
1215,53
1194,52
1303,56
1323,57
1243,55
1203,54
1153,52
1249,55
1216,54
1245,54
1214,54
1231,54
1238,54
1254,56
1289,55
1213,53
1254,55
1220,53
1184,52
1223,53
1224,53
1319,57
1218,53
1253,55
1241,53
1249,55
1183,52
1308,56
1164,51
1154,52
1197,52
1282,55
1260,55
1166,53
1229,54
1253,56
1327,57
1258,55
1209,53
1098,50
1286,55
1199,52
1154,51
1263,55
1255,55
1306,56
1208,54
1268,55
1278,54
1242,55
1237,54
1179,53
1188,54
1227,54
1284,56
1233,54
1314,56
1179,51
1297,55
1214,53
1268,55
1307,57
1084,51
1255,55
1235,55
1225,53
1269,55
1333,57
1181,53
1258,55
1303,57
1214,54
1124,52
1237,53
1219,54
1163,52
1198,53
1310,57
1165,52
1253,55
1154,51
1276,56
1218,53
1221,53
1198,54
1218,54
1280,56
1183,52
1235,54
1202,53
1213,52
1253,55
1189,52
1251,55
1332,57
1286,56
1235,55
1250,54
1166,51
1192,51
1286,56
1280,54
1177,52
1268,55
1175,53
1285,56
1214,53
1128,48
1251,55
1280,55
1168,50
1206,53
1260,55
1236,53
1218,52
1187,52
1185,52
1273,56
1297,56
1329,57
1186,51
1255,54
1212,54
1109,51
1241,54
1312,57
1245,54
1202,52
1240,54
1179,53
1151,52
1180,53
1171,52
1219,53
1168,52
1181,51
1194,53
1210,53
1286,56
1266,55
1289,57
1244,55
1216,53
1222,54
1160,52
1142,51
1132,51
1260,55
1183,53
1327,58
1270,56
1274,55
1208,53
1290,57
1247,54
1344,57
1189,52
1198,51
1171,52
1227,54
1253,55
1122,50
1251,55
1260,55
1221,53
1084,48
1195,52
1151,50
1243,54
1209,53
1247,54
1235,54
1281,56
1263,56
1258,56
1233,54
1257,55
1293,56
1158,52
1298,56
1232,55
1218,54
1164,51
1249,53
1262,55
1244,54
1294,55
1141,50
1253,55
1256,56
1217,55
1223,53
1314,57
1135,48
1201,53
1250,55
1148,51
1276,55
1252,55
1226,55
1200,52
1135,49
1194,53
1246,54
1274,56
1291,56
1157,52
1296,57
1205,54
1225,55
1144,51
1204,53
1176,52
1234,56
1094,50
1258,54
1311,57
1215,53
1291,56
1214,54
1187,53
1243,55
1202,53
1319,57
1284,56
1223,54
1261,56
1225,54
1078,50
1178,51
1243,53
1306,57
1184,53
1250,55
1327,58
1245,54
1068,49
1157,53
1145,49
1271,56
1295,57
1255,54
1277,55
1223,54
1241,55
1222,53
1284,55
1305,57
1183,53
1176,53
1280,55
1223,52
1350,58
1271,55
1303,57
1226,54
1254,56
1224,56
1310,56
1186,52
1277,56
1204,53
1238,55
1212,53
1266,55
1276,56
1291,56
1259,54
1147,50
1205,52
1150,53
1144,51
1153,53
1252,55
1190,52
1253,54
1266,55
1138,51
1295,57
1249,53
1193,52
1226,53
1202,53
1263,54
1100,49
1155,52
1203,54
1236,54
1268,54
1211,53
1279,55
1321,58
1165,51
1244,55
1311,57
1141,51
1243,53
1103,51
1278,56
1205,54
1276,56
1256,55
1152,52
1244,54
1220,52
1209,52
1293,57
1126,51
1235,54
1195,52
1223,54
1265,55
1275,56
1273,55
1271,56
1286,56
1146,51
1272,55
1226,54
1226,55
1259,53
1174,53
1178,51
1238,55
1216,53
1186,51
1167,52
1222,53
1266,55
1195,53
1284,56
1196,53
1292,55
1294,57
1220,54
1300,55
1274,55
1291,56
1215,53
1235,55
1174,52
1240,55
1321,58
1192,52
1195,53
1259,53
1188,51
1220,54
1212,55
1246,55
1214,54
1240,54
1170,51
1172,52
1268,56
1201,53
1120,50
1171,52
1268,56
1221,53
1212,54
1309,56
1224,54
1092,51
1252,52
1323,55
1100,49
1331,58
1143,52
1263,54
1286,56
1256,55
1176,52
1276,55
1193,52
1193,53
1235,54
1248,55
1198,53
1228,52
1209,54
1201,54
1286,54
1331,57
1248,55
1331,58
1219,54
1216,54
1130,51
1275,54
1258,53
1236,53
1236,53
1114,49
1217,54
1160,52
1204,54
1185,53
1250,55
1253,55
1240,55
1201,54
1150,52
1175,52
1281,55
1287,56
1159,51
1213,54
1247,55
1297,54
1240,55
1274,55
1144,51
1275,56
1285,56
1127,51
1215,53
1291,55
1217,53
1238,52
1267,55
1295,55
1235,55
1190,52
1244,54
1173,52
1308,56
1267,55
1127,51
1257,53
1187,52
1218,52
1181,53
1244,55
1314,57
1278,55
1197,53
1268,56
1124,50
1325,56
1269,56
1237,54
1313,57
1232,56
1221,55
1217,53
1201,53
1175,53
1247,53
1227,54
1307,56
1215,54
1149,50
1319,57
1195,53
1204,53
1239,55
1270,55
1203,54
1282,56
1287,57
1274,55
1182,52
1177,52
1313,57
1256,54
1230,54
1282,56
1223,53
1157,52
1179,54
1188,53
1215,53
1280,53
1241,55
1179,52
1127,51
1156,52
1147,50
1150,52
1342,57
1216,53
1216,54
1190,52
1213,53
1350,59
1262,55
1307,57
1193,54
1168,51
1204,54
1214,54
1205,52
1282,56
1286,56
1294,57
1222,52
1184,53
1185,53
1197,54
1252,55
1356,59
1275,56
1200,53
1227,53
1262,55
1242,55
1199,52
1169,51
1223,52
1265,55
1219,53
1270,55
1270,56
1182,54
1134,51
1268,56
1288,55
1332,57
1317,58
1104,51
1292,56
1125,51
1368,58
1329,57
1247,56
1240,53
1255,54
1197,53
1258,54
1295,57
1273,55
1262,55
1296,56
1324,57
1234,54
1229,54
1195,51
1281,54
1260,55
1208,53
1239,55
1289,57
1302,57
1249,55
1319,58
1210,54
1304,57
1226,54
1308,56
1236,55
1196,52
1198,54
1234,54
1184,52
1282,55
1308,57
1154,51
1325,57
1180,53
1191,54
1239,55
1125,50
1210,53
1159,52
1260,55
1297,57
1282,55
1211,54
1304,56
1229,55
1336,58
1248,55
1234,55
1297,55
1303,57
1281,55
1269,55
1250,55
1278,56
1319,58
1156,52
1180,52
1233,54
1206,53
1218,55
1175,52
1240,53
1276,56
1334,57
1267,55
1195,52
1189,53
1296,57
1288,56
1265,56
1217,54
1278,56
1256,55
1217,53
1236,55
1217,52
1205,54
1257,55
1174,53
1193,53
1297,57
1243,55
1247,55
1352,59
1186,53
1195,53
1338,57
1302,57
1249,55
1226,54
1275,55
1233,54
1256,55
1246,53
1184,53
1242,55
1221,54
1200,54
1218,51
1289,55
1261,55
1313,57
1245,54
1253,54
1144,52
1275,56
1251,55
1278,56
1237,54
1192,52
1269,55
1278,56
1186,52
1153,50
1169,52
1261,56
1251,56
1219,53
1311,57
1216,53
1290,56
1181,51
1219,53
1211,54
1277,55
1251,55
1104,50
1217,52
1261,54
1358,58
1375,58
1287,55
1135,51
1286,56
1255,55
1275,55
1152,51
1213,53
1245,53
1243,55
1196,53
1331,58
1271,56
1216,54
1243,55
1275,54
1303,57
1291,55
1352,59
1257,55
1210,53
1267,54
1269,55
1270,56
1211,54
1270,56
1308,55
1356,58
1103,51
1312,56
1286,56
1113,50
1345,57
1215,54
1254,54
1267,54
1270,55
1312,56
1150,50
1263,55
1274,55
1127,51
1186,51
1217,53
1206,53
1272,55
1282,55
1205,52
1302,56
1247,54
1199,54
1277,56
1231,54
1265,56
1206,53
1217,54
1163,52
1283,57
1189,52
1331,58
1159,51
1156,52
1094,50
1155,49
1166,53
1255,55
1241,54
1204,55
1200,53
1312,56
1254,55
1281,55
1326,57
1223,54
1258,54
1217,54
1282,57
1308,56
1194,54
1260,55
1276,56
1252,55
1228,55
1332,57
1272,56
1228,54
1161,52
1315,57
1233,54
1269,56
1183,53
1289,56
1295,55
1186,54
1231,53
1121,49
1233,55
1253,55
1292,56
1327,57
1230,54
1254,55
1273,55
1179,53
1252,55
1178,54
1186,53
1342,58
1132,49
1213,54
1141,51
1360,59
1266,55
1321,58
1273,55
1296,57
1269,55
1309,56
1172,53
1212,54
1211,54
1229,54
1248,56
1183,51
1209,53
1272,55
1175,53
1258,56
1244,55
1187,53
1189,52
1139,52
1196,52
1221,54
1275,56
1246,56
1238,55
1268,56
1211,54
1256,55
1172,52
1204,53
1250,55
1191,53
1286,56
1245,55
1278,57
1211,54
1241,53
1261,55
1154,52
1310,55
1287,56
1303,57
1211,53
1251,54
1254,55
1242,54
1177,52
1360,59
1218,54
1247,55
1301,57
1321,57
1295,56
1241,54
1300,54
1201,53
1326,57
1252,55
1323,58
1245,54
1290,55
1315,57
1236,53
1301,57
1261,56
1300,56
1194,52
1239,53
1239,55
1260,54
1268,55
1250,54
1193,52
1307,55
1213,53
1240,54
1178,52
1214,53
1055,49
1233,54
1276,57
1205,55
1185,52
1289,56
1328,57
1174,52
1269,56
1178,53
1206,52
1191,55
1270,55
1199,54
1234,53
1220,54
1260,54
1217,54
1288,57
1328,57
1349,58
1296,56
1244,54
1341,57
1250,54
1180,54
1126,51
1234,55
1231,54
1311,57
1238,55
1275,54
1207,53
1229,55
1231,54
1219,53
1115,51
1204,55
1124,49
1209,54
1262,56
1240,53
1212,53
1278,54
1237,54
1226,53
1274,55
1122,50
1308,56
1283,55
1290,56
1246,55
1343,58
1217,54
1243,54
1244,54
1292,57
1170,52
1220,53
1247,55
1256,54
1213,54
1270,56
1266,53
1313,57
1277,56
1251,54
1179,52
1338,57
1122,50
1211,53
1261,56
1067,48
1254,56
1258,55
1267,54
1311,57
1287,55
1150,53
1163,53
1370,58
1249,55
1263,53
1289,56
1155,52
1281,56
1192,53
1220,54
1272,56
1286,54
1323,57
1289,56
1204,53
1209,54
1181,50
1170,52
1244,55
1186,53
1192,52
1310,56
1279,56
1229,54
1260,56
1279,56
1312,55
1240,54
1264,54
1122,51
1205,53
1360,59
1110,51
1164,51
1136,51
1294,57
1032,48
1175,52
1310,57
1246,55
1211,53
1281,56
1302,57
1257,55
1224,54
1182,52
1279,55
1243,54
1268,55
1285,56
1160,52
1151,51
1267,55
1316,56
1302,56
1251,55
1240,55
1090,49
1250,55
1253,55
1304,56
1256,56
1353,58
1156,52
1245,54
1248,54
1273,56
1270,55
1255,55
1192,53
1175,51
1267,57
1281,56
1197,51
1284,56
1281,54
1247,54
1237,54
1356,58
1226,55
1248,53
1241,54
1222,55
1212,54
1197,52
1265,54
1284,56
1223,54
1244,54
1164,53
1214,55
1241,54
1286,55
1283,55
1229,54
1217,54
1302,56
1254,54
1157,52
1222,54
1239,54
1193,54
1236,54
1276,55
1278,56
1337,57
1254,56
1265,55
1206,53
1276,56
1261,54
1296,56
1232,55
1213,53
1330,57
1164,52
1308,57
1288,55
1274,55
1223,52
1202,53
1226,54
1288,56
1294,56
1200,53
1248,55
1153,50
1196,52
1293,56
1227,54
1172,52
1244,54
1279,56
1316,57
1315,57
1269,56
1271,56
1206,53
1326,57
1256,54
1235,54
1295,55
1313,57
1253,55
1205,53
1225,53
1191,53
1231,54
1299,56
1224,53
1303,57
1220,53
1159,52
1215,53
1158,52
1262,54
1227,53
1260,54
1247,55
1202,53
1231,54
1267,55
1262,55
1210,54
1288,57
1168,50
1300,55
1191,53
1138,52
1203,54
1173,52
1252,54
1305,57
1287,55
1289,56
1161,51
1218,53
1234,55
1221,54
1239,55
1167,53
1175,52
1242,55
1281,56
1228,53
1192,53
1198,53
1175,52
1192,53
1275,55
1132,51
1267,56
1225,52
1274,55
1216,53
1214,54
1271,56
1317,58
1240,56
1159,51
1149,50
1279,56
1220,54
1096,50
1198,54
1188,52
1179,52
1221,53
1282,55
1286,56
1276,55
1149,52
1286,55
1234,55
1236,54
1304,57
1196,53
1338,58
1205,54
1263,55
1280,56
1311,57
1273,56
1262,56
1328,58
1212,54
1168,51
1282,55
1243,55
1280,56
1313,57
1171,52
1193,52
1250,55
1138,50
1350,59
1227,53
1301,57
1264,54
1356,58
1320,58
1296,57
1166,52
1343,57
1368,58
1249,55
1235,55
1269,56
1233,53
1286,57
1281,56
1291,55
1226,54
1128,51
1249,55
1344,59
1230,54
1243,55
1234,54
1247,57
1223,54
1295,54
1198,53
1248,54
1151,52
1257,55
1320,57
1186,53
1231,53
1239,55
1152,52
1267,53
1196,53
1271,56
1287,55
1143,51
1293,56
1215,55
1265,55
1337,57
1226,54
1211,53
1261,54
1276,56
1277,55
1280,56
1261,55
1155,51
1114,51
1295,57
1240,54
1260,55
1296,55
1239,54
1292,56
1273,55
1252,56
1208,55
1260,56
1242,55
1120,51
1323,58
1315,57
1293,56
1289,56
1199,53
1295,56
1244,54
1144,49
1200,53
1192,54
1301,56
1227,53
1325,57
1271,56
1217,54
1148,50
1330,58
1265,55
1207,54
1238,53
1249,55
1165,51
1286,54
1184,51
1309,57
1306,56
1211,53
1343,57
1274,56
1250,55
1255,54
1318,56
1262,55
1255,55
1163,52
1234,54
1202,53
1290,57
1228,55
1150,51
1279,56
1275,56
1204,54
1128,51
1265,56
1078,49
1245,55
1237,54
1159,50
1253,54
1181,54
1260,55
1278,56
1252,56
1186,53
1215,54
1302,57
1307,57
1192,53
1247,54
1167,50
1234,54
1229,53
1245,54
1236,54
1222,53
1170,51
1237,55
1245,53
1220,54
1212,54
1289,57
1148,52
1269,56
1336,56
1254,56
1293,57
1202,54
1295,56
1209,54
1063,48
1225,54
1289,55
1241,55
1182,53
1207,54
1294,55
1321,58
1148,51
1249,54
1259,55
1285,56
1262,54
1266,55
1252,55
1237,55
1175,52
1282,56
1247,53
1253,53
1276,55
1279,56
1273,54
1276,56
1287,56
1122,51
1232,54
1153,52
1234,54
1253,55
1055,49
1285,57
1306,56
1354,59
1180,53
1188,54
1150,49
1278,54
1122,52
1246,54
1229,55
1095,48
1025,48
1064,50
1324,58
1210,54
1191,54
1317,57
1204,53
1230,55
1169,53
1293,55
1186,53
1260,56
1219,53
1346,59
1255,54
1328,58
1332,56
1215,54
1177,52
1220,55
1164,54
1243,54
1207,53
1319,58
1311,55
1201,53
1315,57
1209,54
1275,56
1261,56
1246,55
1197,53
1226,54
1204,53
1140,51
1203,52
1229,53
1127,49
1211,54
1307,57
1211,54
1172,51
1250,54
1215,53
1211,54
1188,53
1145,51
1172,52
1238,55
1225,52
1179,52
1169,52
1261,56
1178,52
1225,52
1236,55
1237,56
1209,54
1248,55
1327,58
1291,56
1322,58
1307,56
1164,53
1266,55
1238,53
1254,56
1214,51
1323,56
1284,57
1124,50
1250,55
1352,59
1274,56
1247,56
1194,53
1286,57
1200,54
1286,56
1236,55
1300,57
1203,54
1152,53
1127,51
1310,57
1204,52
1222,54
1096,50
1263,55
1301,56
1254,55
1244,55
1099,50
1181,53
1263,55
1139,52
1236,55
1226,55
1289,56
1163,52
1305,56
1288,56
1196,53
1184,51
1350,58
1280,56
1209,52
1197,53
1207,54
1128,50
1187,52
1221,53
1276,55
1292,57
1257,55
1267,55
1277,55
1286,56
1297,56
1179,54
1271,56
1170,53
1072,49
1226,54
1321,57
1257,55
1194,53
1163,52
1238,55
1329,57
1252,53
1231,53
1227,54
1204,54
1240,54
1135,51
1146,51
1282,55
1278,56
1286,56
1271,56
1101,50
1198,55
1270,54
1225,54
1186,51
1184,53
1287,56
1240,55
1261,55
1192,53
1333,58
1277,56
1235,55
1307,57
1043,49
1149,52
1241,55
1223,55
1303,58
1131,50
1294,57
1154,52
1284,57
1281,54
1303,57
1233,54
1196,54
1228,55
1285,57
1338,58
1267,56
1219,53
1048,50
1301,57
1165,52
1310,57
1240,55
1241,54
1282,56
1217,53
1200,53
1255,55
1190,54
1191,53
1240,55
1283,56
1236,56
1149,51
1259,55
1317,57
1242,55
1159,52
1063,49
1257,55
1219,54
1273,54
1134,51
1134,49
1211,53
1294,55
1068,49
1297,56
1238,54
1197,54
1249,55
1205,52
1309,56
1288,56
1262,55
1233,54
1176,53
1231,55
1097,50
1322,57
1215,54
1292,57
1232,56
1311,57
1206,54
1217,54
1122,50
1319,57
1152,51
1205,54
1113,50
1313,57
1267,54
1368,59
1265,55
1278,56
1201,52
1247,55
1287,55
1188,53
1147,51
1209,53
1213,53
1150,52
1280,56
1180,53
1282,56
1292,57
1252,54
1168,52
1342,58
1026,49
1296,57
1231,53
1269,55
1186,53
1348,58
1231,54
1229,55
1240,55
1205,53
1268,55
1225,54
1105,50
1197,53
1309,57
1348,59
1249,56
1222,53
1200,54
1201,52
1160,52
1232,54
1187,52
1205,54
1242,55
1159,52
1240,52
1294,57
1213,54
1235,54
1297,57
1238,52
1094,51
1222,54
1200,53
1259,55
1259,56
1263,55
1247,55
1104,50
1256,55
1203,54
1311,57
1124,50
1295,56
1075,49
1341,57
1178,53
1350,59
1277,56
1291,57
1318,57
1208,54
1082,49
1140,51
1145,52
1205,52
1266,56
1243,55
1338,58
1159,51
1171,53
1205,52
1283,56
1165,52
1158,51
1267,55
1208,54
1189,53
1211,52
1245,55
1217,54
1313,57
1160,52
1256,55
1186,52
1220,54
1231,54
1219,54
1325,58
1182,53
1220,54
1047,49
1333,57
1170,53
1229,55
1212,54
1219,54
1263,55
1244,54
1170,53
1318,57
1265,54
1270,56
1318,57
1162,52
1149,52
1230,53
1243,55
1247,53
1217,53
1287,56
1336,58
1211,53
1285,56
1119,51
1268,55
1272,55
1175,53
1149,52
1242,55
1215,52
1251,56
1163,50
1133,50
1325,58
1159,52
1194,52
1249,54
1265,55
1342,57
1326,56
1150,52
1181,52
1201,53
1198,54
1257,56
1170,53
1303,56
1283,56
1241,55
1309,57
1237,53
1300,56
1223,54
1245,54
1233,55
1329,58
1215,54
1264,54
1260,55
1285,56
1323,57
1197,53
1311,58
1203,52
1311,58
1180,53
1271,56
1137,51
1280,56
1111,50
1264,56
1189,52
1125,51
1290,56
1323,56
1254,55
1325,58
1313,57
1139,52
1297,56
1270,55
1342,59
1321,57
1312,57
1101,50
1265,52
1188,53
1133,50
1307,57
1187,51
1184,52
1321,57
1237,55
1208,54
1360,57
1221,54
1307,57
1219,52
1214,54
1255,55
1330,57
1174,52
1288,56
1267,54
1183,53
1261,56
1174,52
1234,55
1285,55
1223,54
1233,54
1254,54
1191,54
1248,55
1341,58
1313,56
1303,58
1308,56
1300,57
1191,53
1292,55
1315,55
1181,53
1200,53
1224,55
1254,55
1197,53
1151,50
1209,53
1243,54
1153,51
1180,53
1253,54
1226,53
1261,55
1185,51
1195,52
1093,50
1277,55
1247,55
1237,53
1204,52
1210,54
1308,57
1247,55
1250,55
1163,50
1179,52
1190,53
1319,58
1275,55
1176,52
1247,54
1252,54
1267,55
1205,54
1149,50
1155,51
1346,59
1332,57
1274,55
1268,53
1315,58
1257,57
1189,53
1221,54
1209,53
1126,51
1285,55
1223,53
1302,57
1144,49
1268,55
1177,52
1200,53
1206,55
1215,53
1227,54
1230,54
1296,57
1220,53
1356,58
1289,57
1157,52
1265,55
1273,55
1196,52
1142,49
1344,59
1203,53
1209,51
1251,54
1311,57
1167,52
1166,51
1307,57
1210,52
1304,57
1209,52
1266,55
1278,55
1162,52
1194,53
1245,55
1219,53
1189,54
1228,54
1173,52
1297,56
1261,54
1291,56
1225,54
1204,54
1260,55
1252,55
1251,54
1309,55
1301,57
1337,57
1177,53
1222,54
1247,55
1221,52
1310,58
1199,54
1327,56
1230,55
1223,53
1271,55
1144,51
1268,54
1253,54
1295,56
1135,50
1233,54
1253,55
1184,53
1217,53
1250,54
1255,55
1209,52
1146,51
1270,56
1201,52
1327,58
1282,57
1202,51
1261,54
1203,52
1264,55
1284,56
1228,55
1296,56
1208,54
1223,54
1250,55
1187,53
1289,56
1266,55
1212,53
1153,51
1076,48
1252,54
1321,57
1217,54
1052,47
1215,53
1187,55
1224,54
1240,55
1233,54
1354,59
1226,54
1316,57
1248,53
1192,52
1137,50
1312,56
1213,53
1269,56
1265,56
1312,56
1206,53
1282,55
1212,53
1344,57
1185,52
1280,55
1178,54
1274,55
1110,50
1307,56
1154,52
1230,53
1352,58
1323,56
1182,52
1150,52
1196,50
1285,55
1253,54
1222,53
1251,55
1203,52
1269,55
1232,54
1183,52
1256,53
1198,53
1201,53
1143,51
1255,54
1187,53
1296,57
1236,54
1197,51
1167,53
1250,53
1241,53
1158,51
1378,59
1272,56
1256,55
1163,52
1241,54
1247,54
1237,54
1243,54
1260,55
1270,55
1088,49
1153,51
1204,54
1269,56
1292,57
1265,56
1190,53
1269,55
1223,54
1171,52
1303,57
1301,57
1299,55
1284,56
1214,53
1237,53
1147,51
1251,54
1231,54
1233,53
1233,55
1225,53
1286,54
1162,51
1341,57
1200,51
1339,58
1272,56
1283,56
1223,54
1229,53
1295,56
1148,51
1220,53
1352,59
1259,54
1172,53
1266,53
1253,56
1292,57
1217,52
1292,56
1315,57
1278,55
1207,52
1295,56
1289,56
1307,56
1272,55
1314,56
1196,52
1173,51
1270,54
1202,52
1240,54
1346,57
1272,54
1205,53
1342,59
1180,53
1322,56
1339,56
1209,54
1332,56
1256,54
1252,55
1281,56
1258,56
1283,55
1239,54
1196,53
1213,54
1223,54
1240,55
1239,54
1216,54
1262,56
1253,55
1294,57
1291,56
1295,56
1174,52
1216,53
1236,54
1226,54
1258,55
1224,53
1184,52
1321,57
1307,57
1145,51
1230,53
1164,52
1248,54
1294,57
1301,57
1185,53
1269,55
1201,51
1227,54
1281,54
1263,56
1348,59
1237,54
1274,55
1249,56
1243,53
1299,56
1194,51
1253,55
1185,54
1242,56
1170,52
1197,53
1155,52
1280,55
1225,55
1370,59
1225,53
1201,53
1168,52
1286,57
1178,52
1224,53
1143,49
1174,52
1186,52
1258,55
1288,55
1262,55
1283,55
1252,54
1109,50
1274,56
1216,53
1254,54
1269,55
1293,56
1283,55
1267,55
1317,56
1202,53
1122,50
1313,58
1133,51
1213,51
1194,52
1286,54
1292,56
1186,53
1249,54
1257,54
1197,51
1167,52
1307,57
1185,52
1366,58
1180,53
1202,55
1194,52
1259,56
1243,55
1197,52
1281,56
1228,55
1219,53
1202,53
1344,59
1279,56
1199,52
1291,57
1238,55
1248,55
1171,52
1133,52
1260,54
1220,53
1176,53
1325,58
1187,52
1216,53
1272,53
1197,52
1285,57
1257,55
1300,57
1223,55
1228,54
1291,56
1264,54
1285,56
1152,51
1195,53
1247,54
1246,54
1311,57
1213,53
1250,55
1235,54
1320,56
1182,52
1258,54
1226,55
1142,51
1300,56
1279,56
1249,54
1196,53
1219,53
1348,59
1295,56
1163,52
1274,55
1315,58
1180,52
1267,55
1258,56
1283,57
1176,54
1296,55
1182,51
1309,57
1238,55
1292,56
1190,53
1092,49
1139,49
1308,57
1331,57
1253,55
1180,53
1366,59
1229,53
1216,53
1307,57
1328,56
1226,55
1194,53
1194,51
1165,51
1166,51
1260,55
1294,58
1251,55
1261,56
1252,55
1288,56
1162,52
1313,57
1237,52
1236,55
1247,55
1171,52
1094,50
1331,57
1224,54
1334,58
1327,58
1331,57
1256,56
1227,54
1144,51
1304,56
1283,55
1159,51
1302,55
1293,56
1309,57
1275,55
1354,58
1102,49
1197,53
1191,53
1281,56
1223,54
1281,56
1290,55
1192,53
1193,51
1209,54
1238,53
1179,51
1272,56
1159,52
1215,54
1286,56
1237,53
1181,52
1282,56
1326,58
1203,53
1215,52
1226,53
1254,55
1249,53
1328,57
1209,52
1202,53
1215,53
1334,57
1217,54
1270,54
1314,58
1182,53
1261,56
1268,55
1251,56
1209,53
1185,52
1224,55
1278,55
1225,55
1307,55
1287,56
1228,53
1304,56
1226,55
1279,55
1203,54
1277,55
1338,58
1183,51
1266,56
1173,52
1147,52
1248,54
1245,54
1191,53
1040,46
1255,54
1356,58
1255,56
1319,58
1217,54
1216,52
1254,54
1240,54
1200,53
1203,50
1147,50
1196,53
1323,58
1292,57
1263,54
1161,51
1218,54
1192,53
1254,55
1280,54
1245,55
1087,49
1237,54
1075,50
1225,54
1257,55
1295,56
1271,55
1217,55
1168,51
1279,56
1284,55
1291,54
1224,53
1261,54
1209,54
1222,54
1275,55
1291,57
1324,57
1280,56
1284,56
1171,52
1314,57
1265,54
1153,51
1172,51
1277,55
1235,55
1273,56
1250,53
1283,56
1283,56
1169,52
1250,56
1271,56
1292,56
1182,53
1183,51
1192,53
1180,53
1142,50
1219,53
1320,57
1232,53
1217,55
1303,56
1235,54
1291,57
1315,58
1342,59
1249,55
1332,58
1336,58
1290,56
1223,54
1208,54
1251,53
1292,54
1297,57
1256,56
1307,56
1253,55
1360,59
1278,55
1291,55
1257,55
1198,52
1251,53
1202,52
1294,57
1149,50
1325,58
1222,53
1187,51
1266,53
1274,55
1233,53
1225,54
1201,53
1261,55
1255,55
1235,54
1166,52
1288,57
1272,54
1259,56
1185,53
1133,51
1304,57
1182,53
1168,52
1159,51
1272,54
1265,55
1364,59
1284,56
1327,58
1215,53
1347,58
1257,55
1332,58
1201,53
1342,59
1207,54
1343,57
1285,56
1171,51
1229,53
1261,56
1265,56
1313,58
1241,55
1321,57
1241,54
1342,59
1232,54
1148,52
1340,58
1179,52
1266,54
1301,56
1217,53
1258,55
1232,53
1157,50
1171,53
1247,56
1219,53
1133,51
1312,58
1194,53
1291,55
1238,54
1301,57
1241,55
1325,58
1264,54
1326,58
1185,52
1320,57
1259,55
1198,52
1216,53
1251,55
1312,57
1301,56
1204,51
1281,55
1227,54
1301,56
1270,54
1211,53
1285,56
1302,56
1207,53
1217,53
1135,51
1155,52
1226,54
1237,55
1279,55
1233,54
1249,56
1194,53
1319,58
1302,56
1246,55
1239,55
1345,58
1255,54
1297,56
1168,52
1202,54
1184,52
1241,54
1254,55
1274,56
1212,53
1258,55
1272,56
1204,53
1181,52
1231,55
1201,53
1203,52
1301,56
1249,54
1179,52
1214,55
1179,52
1131,51
1281,55
1328,58
1282,56
1180,52
1265,56
1295,56
1197,53
1274,56
1247,53
1260,56
1280,57
1155,50
1304,54
1234,54
1278,55
1198,53
1292,57
1102,48
1210,53
1239,56
1126,51
1258,56
1157,53
1293,57
1242,53
1310,57
1242,54
1174,53
1292,56
1245,54
1172,53
1223,53
1244,54
1386,58
1305,55
1296,56
1242,55
1169,52
1266,54
1286,55
1317,58
1273,55
1173,52
1336,58
1277,54
1328,58
1169,52
1299,55
1084,49
1277,56
1278,56
1216,54
1316,57
1227,54
1226,54
1266,56
1186,52
1266,55
1279,55
1309,58
1254,54
1258,55
1204,53
1174,52
1230,55
1207,53
1261,55
1336,58
1328,57
1205,53
1362,59
1178,52
1161,52
1266,56
1244,55
1221,52
1226,54
1242,55
1190,51
1217,54
1290,56
1271,56
1255,54
1137,52
1233,54
1320,57
1230,54
1276,55
1322,56
1272,55
1275,57
1204,54
1170,51
1166,51
1311,58
1286,56
1282,54
1297,56
1178,49
1232,51
1329,55
1275,55
1318,57
1231,54
1329,58
1094,50
1140,50
1229,54
1278,56
1156,51
1142,50
1278,57
1286,55
1222,54
1203,55
1234,54
1122,50
1260,54
1260,54
1264,55
1155,52
1220,52
1256,56
1229,54
1187,53
1158,51
1291,57
1279,55
1252,54
1188,53
1144,49
1151,51
1206,53
1334,58
1275,56
1214,53
1278,55
1210,53
1262,56
1307,57
1277,56
1267,55
1249,54
1244,54
1233,54
1156,51
1261,56
1270,57
1156,52
1193,53
1204,54
1127,50
1264,55
1326,58
1256,54
1273,55
1113,50
1332,57
1226,54
1348,59
1193,53
1219,53
1297,57
1151,52
1204,54
1200,54
1268,54
1203,53
1222,54
1273,56
1222,55
1191,52
1275,54
1202,52
1270,54
1179,53
1209,54
1278,56
1262,55
1185,52
1261,55
1256,54
1221,53
1199,53
1229,53
1277,54
1199,53
1282,57
1262,54
1216,53
1266,55
1238,55
1170,52
1201,54
1315,58
1233,52
1184,52
1169,52
1255,55
1278,55
1306,57
1266,56
1269,54
1277,55
1167,53
1319,58
1298,57
1289,56
1290,57
1181,53
1275,55
1204,51
1279,55
1288,57
1260,55
1270,55
1257,55
1294,56
1307,57
1287,57
1278,57
1251,54
1328,58
1251,55
1091,49
1192,53
1283,57
1183,54
1172,50
1305,57
1313,56
1294,57
1286,56
1296,56
1332,57
1324,58
1339,57
1231,55
1202,53
1185,54
1222,54
1289,55
1224,54
1280,55
1276,55
1247,55
1210,53
1182,52
1252,55
1298,56
1219,55
1268,55
1263,56
1165,54
1259,55
1357,57
1321,58
1155,52
1269,57
1294,56
1275,55
1268,56
1356,58
1186,51
1308,57
1342,58
1144,51
1307,56
1204,53
1216,53
1182,51
1200,52
1273,55
1114,50
1317,56
1341,57
1293,54
1247,56
1306,56
1288,57
1236,54
1258,55
1203,53
1300,56
1209,52
1121,49
1138,51
1227,53
1350,58
1232,55
1216,54
1222,53
1339,57
1156,52
1281,55
1368,59
1140,52
1321,57
1197,53
1350,58
1241,55
1212,52
1320,56
1227,53
1257,56
1342,58
1108,49
1215,55
1203,53
1246,55
1221,53
1303,57
1215,54
1239,54
1275,56
1271,55
1265,56
1185,52
1233,53
1278,55
1257,55
1177,53
1318,56
1228,55
1249,55
1314,57
1269,53
1191,52
1302,55
1349,58
1157,51
1244,54
1195,51
1245,55
1242,54
1098,49
1213,53
1338,58
1186,52
1296,56
1276,54
1102,51
1240,55
1308,57
1296,56
1217,53
1278,55
1250,54
1240,55
1291,56
1197,53
1267,56
1180,51
1162,51
1354,58
1163,52
1344,59
1304,56
1298,56
1215,55
1334,57
1203,53
1294,55
1219,52
1144,52
1243,55
1263,54
1261,55
1200,53
1348,59
1286,56
1186,53
1224,56
1213,54
1307,55
1189,54
1164,52
1248,53
1165,52
1071,49
1354,59
1232,53
1261,54
1182,52
1233,53
1354,58
1193,52
1205,53
1183,54
1244,54
1264,55
1196,52
1207,54
1188,54
1280,55
1212,53
1250,55
1342,58
1244,55
1293,57
1235,54
1312,56
1329,58
1175,52
1226,54
1245,54
1206,54
1275,56
1333,57
1202,53
1244,55
1152,52
1135,51
1272,56
1272,55
1245,53
1283,57
1313,57
1198,53
1213,53
1263,55
1198,53
1335,58
1080,49
1236,54
1245,53
1295,57
1255,54
1186,54
1274,55
1221,54
1362,59
1337,58
1265,54
1166,52
1244,54
1338,58
1281,56
1226,53
1178,53
1192,52
1230,54
1235,55
1251,56
1233,53
1203,53
1261,55
1126,50
1240,54
1153,51
1269,55
1290,57
1289,56
1273,56
1286,56
1307,58
1147,51
1251,55
1181,54
1309,58
1250,56
1213,52
1236,55
1267,56
1261,55
1204,54
1309,56
1149,52
1245,55
1235,55
1167,52
1204,54
1247,53
1181,53
1241,54
1161,52
1177,52
1242,55
1204,54
1225,54
1202,53
1314,56
1155,52
1242,55
1200,52
1172,54
1246,54
1260,54
1273,56
1211,53
1268,56
1241,53
1258,56
1208,53
1261,55
1225,54
1264,55
1333,58
1311,57
1282,57
1325,58
1145,51
1297,57
1225,52
1324,58
1169,52
1166,51
1277,56
1259,53
1287,57
1187,52
1150,51
1293,56
1099,50
1177,51
1331,57
1211,53
1274,55
1354,59
1160,51
1288,55
1265,56
1245,55
1071,49
1313,57
1095,49
1272,55
1258,53
1186,52
1246,55
1332,57
1225,53
1304,56
1313,57
1274,56
1222,53
1140,51
1279,55
1323,57
1221,54
1308,57
1330,58
1297,55
1295,56
1275,55
1204,53
1218,53
1218,53
1216,54
1271,56
1161,52
1271,56
1255,54
1290,54
1334,58
1271,54
1273,56
1219,53
1334,57
1183,53
1243,55
1267,55
1208,54
1274,56
1194,53
1261,55
1186,52
1190,52
1285,55
1262,53
1277,56
1275,55
1228,53
1289,56
1112,50
1262,55
1212,52
1193,53
1189,53
1143,51
1330,58
1220,53
1219,52
1198,53
1279,56
1298,56
1253,54
1097,50
1225,54
1204,54
1287,57
1249,55
1243,54
1154,51
1271,56
1249,56
1318,58
1095,50
1292,56
1304,56
1312,56
1248,53
1313,58
1340,57
1165,52
1268,55
1307,55
1296,57
1210,53
1299,56
1217,54
1250,55
1311,57
1223,54
1289,56
1205,54
1206,53
1267,55
1194,53
1308,56
1236,54
1263,55
1233,55
1181,53
1295,55
1191,52
1256,56
1264,55
1161,53
1276,55
1221,55
1240,55
1138,49
1276,56
1176,53
1278,56
1188,52
1158,52
1260,55
1284,56
1209,53
1221,53
1253,53
1253,54
1322,57
1200,53
1270,57
1312,57
1235,54
1195,53
1286,56
1294,56
1274,56
1158,52
1126,50
1286,54
1212,52
1239,54
1163,51
1203,53
1288,55
1313,55
1289,55
1251,54
1266,56
1238,56
1250,55
1285,55
1227,54
1295,55
1329,57
1241,53
1322,58
1163,53
1199,54
1319,57
1338,58
1205,55
1369,57
1268,55
1188,52
1185,53
1250,55
1247,56
1188,52
1142,50
1306,56
1214,54
1098,50
1246,53
1178,52
1245,54
1224,54
1331,58
1298,57
1357,58
1222,53
1342,59
1293,55
1178,53
1256,53
1176,52
1158,52
1302,55
1259,55
1315,58
1193,53
1270,55
1273,56
1281,55
1253,55
1333,58
1307,56
1235,54
1280,55
1256,56
1163,52
1147,51
1259,54
1307,57
1235,56
1328,58
1235,54
1251,53
1203,53
1227,54
1326,58
1312,57
1314,57
1236,55
1274,55
1213,52
1169,51
1205,53
1253,55
1332,57
1211,52
1079,48
1241,53
1276,55
1143,50
1192,53
1208,53
1321,58
1250,55
1212,53
1224,54
1206,54
1267,56
1361,58
1204,54
1239,55
1314,57
1233,53
1249,55
1221,54
1215,54
1334,58
1149,51
1294,56
1295,57
1307,57
1294,56
1225,54
1276,56
1334,57
1270,55
1241,54
1263,55
1348,58
1273,55
1154,52
1256,56
1328,57
1149,51
1234,54
1053,48
1213,53
1269,56
1304,56
1307,57
1241,54
1320,56
1311,55
1223,53
1313,56
1272,55
1247,56
1162,52
1249,56
1243,54
1278,57
1269,55
1210,53
1284,57
1258,53
1221,53
995,46
1155,51
1263,56
1163,50
1158,51
1276,56
1220,55
1070,49
1338,58
1171,52
1250,54
1276,55
1325,58
1197,53
1268,55
1025,48
1305,57
1198,53
1168,52
1311,57
1234,54
1185,51
1208,54
1249,54
1317,57
1214,54
1282,55
1160,53
1118,50
1177,54
1322,57
1260,55
1300,56
1276,56
1284,56
1311,57
1268,55
1126,50
1223,54
1215,54
1325,57
1257,56
1204,53
1275,56
1296,56
1319,57
1268,54
1153,52
1319,57
1262,56
1298,56
1294,56
1322,57
1294,57
1214,54
1217,54
1325,58
1298,57
1230,54
1288,57
1232,54
1205,54
1245,56
1249,55
1175,52
1243,54
1259,55
1328,55
1234,54
1239,54
1164,51
1313,57
1222,54
1194,54
1078,49
1239,55
1313,57
1237,52
1269,56
1270,56
1238,54
1260,54
1268,56
1340,58
1270,55
1192,53
1238,54
1317,58
1318,56
1223,52
1267,55
1293,57
1297,55
1203,53
1207,53
1250,56
1243,55
1250,54
1192,53
1187,52
1299,57
1229,55
1295,56
1334,57
1205,55
1304,57
1134,51
1163,52
1262,55
1213,53
1287,57
1166,53
1242,54
1191,53
1219,54
1269,55
1191,53
1261,54
1228,54
1125,51
1319,56
1192,54
1310,55
1267,57
1189,53
1274,56
1308,55
1287,56
1220,55
1225,54
1251,54
1312,58
1276,55
1313,56
1298,56
1277,55
1273,56
1332,57
1270,55
1267,55
1264,55
1273,57
1218,54
1322,57
1265,54
1243,55
1319,56
1340,57
1210,53
1131,51
1268,55
1308,58
1175,53
1286,57
1250,55
1221,55
1329,56
1170,52
1228,54
1231,53
1232,53
1301,56
1173,51
1178,51
1169,53
1165,53
1167,52
1217,52
1294,56
1142,51
1330,57
1182,54
1261,54
1309,57
1254,53
1150,50
1252,55
1183,54
1197,53
1311,58
1289,54
1216,53
1278,55
1122,51
1257,56
1158,52
1274,54
1348,59
1178,53
1198,54
1271,54
1245,54
1374,59
1154,51
1111,50
1350,57
1269,55
1233,54
1288,55
1280,56
1374,59
1245,54
1294,56
1196,54
1119,49
1229,53
1295,57
1272,55
1263,56
1282,55
1196,53
1290,55
1235,55
1303,57
1250,54
1097,50
1273,54
1212,53
1275,56
1293,55
1190,55
1216,55
1188,53
1315,57
1306,57
1241,55
1217,54
1203,53
1299,57
1310,57
1173,52
1273,55
1281,56
1281,55
1234,55
1250,54
1136,52
1261,54
1257,55
1285,56
1158,50
1300,57
1218,53
1120,50
1165,51
1287,56
1235,52
1268,54
1292,56
1207,53
1231,55
1217,54
1142,51
1276,56
1205,54
1217,53
1292,56
1277,55
1248,54
1319,57
1171,52
1266,55
1257,56
1224,54
1244,54
1183,52
1203,53
1280,55
1199,54
1169,52
1260,55
1122,51
1313,57
1275,56
1281,55
1144,50
1280,56
1243,55
1244,54
1317,58
1319,56
1312,56
1317,58
1354,58
1257,56
1206,53
1246,54
1122,50
1277,56
1273,55
1177,53
1194,53
1324,58
1083,49
1111,51
1335,57
1238,56
1186,52
1221,53
1255,55
1219,53
1288,55
1282,55
1346,58
1299,56
1268,56
1291,56
1175,53
1209,52
1208,54
1234,54
1179,50
1224,54
1330,57
1257,54
1218,54
1196,52
1221,54
1179,53
1271,54
1268,56
1312,57
1162,52
1197,53
1317,57
1275,56
1316,57
1140,52
1244,54
1233,54
1268,56
1276,56
1246,55
1283,55
1320,56
1266,54
1225,54
1247,55
1175,53
1175,52
1177,53
1279,55
1184,52
1349,58
1344,59
1276,56
1345,58
1253,55
1254,56
1295,55
1202,54
1143,52
1274,56
1327,56
1204,53
1268,56
1295,57
1263,55
1232,55
1124,51
1155,52
1318,57
1303,56
1332,58
1338,57
1246,54
1243,55
1233,54
1036,48
1231,55
1356,59
1308,57
1317,58
1217,53
1210,55
1372,59
1255,53
1269,54
1317,57
1297,57
1188,54
1215,53
1294,56
1337,57
1259,55
1271,55
1225,53
1284,57
1104,50
1296,57
1255,55
1165,52
1142,50
1246,55
1196,53
1190,54
1243,55
1249,55
1237,54
1266,55
1293,57
1207,54
1269,55
1097,51
1215,52
1133,51
1252,54
1247,55
1350,59
1308,57
1242,53
1308,57
1242,55
1211,53
1228,54
1297,57
1309,57
1180,53
1269,56
1276,56
1205,53
1198,53
1183,51
1241,54
1321,57
1117,50
1174,50
1188,52
1334,57
1307,56
1284,56
1340,59
1292,57
1325,56
1295,56
1244,55
1263,55
1254,53
1200,52
1184,52
1249,54
1149,52
1188,52
1269,56
1330,58
1168,51
1220,52
1283,56
1350,58
1192,52
1289,56
1290,56
1309,57
1254,53
1200,53
1282,54
1218,52
1237,55
1270,56
1234,54
1250,56
1282,55
1222,53
1257,54
1335,58
1305,56
1222,54
1243,55
1200,53
1145,50
1348,59
1277,56
1303,55
1253,54
1243,54
1253,56
1207,52
1266,53
1242,55
1143,50
1246,55
1248,55
1274,55
1105,50
1224,54
1176,51
1144,51
1328,58
1261,54
1308,56
1203,53
1270,54
1362,58
1210,53
1249,56
1248,56
1239,54
1314,56
1246,55
1188,53
1174,51
1242,54
1269,55
1232,56
1255,55
1214,53
1307,58
1310,55
1260,54
1313,57
1166,52
1209,55
1259,55
1282,57
1308,58
1305,56
1305,57
1245,55
1200,54
1287,56
1148,51
1207,52
1197,52
1263,54
1255,55
1331,58
1268,56
1256,55
1292,56
1289,55
1216,54
1253,56
1336,58
1309,57
1307,57
1239,55
1268,55
1269,55
1267,55
1261,56
1287,56
1224,54
1231,52
1278,55
1267,55
1263,55
1177,50
1250,55
1202,55
1071,48
1320,57
1216,54
1326,57
1340,59
1272,54
1253,55
1221,53
1282,56
1323,57
1329,58
1209,53
1221,52
1236,55
1249,53
1216,53
1268,55
1301,58
1253,54
1305,56
1324,56
1271,55
1254,53
1238,54
1336,58
1335,56
1258,54
1190,52
1196,51
1311,57
1229,54
1306,56
1249,54
1302,57
1285,56
1194,52
1214,53
1304,57
1298,56
1257,54
1185,52
1266,55
1328,58
1356,58
1334,59
1168,53
1089,51
1176,53
1344,59
1253,55
1309,57
1325,58
1148,52
1235,55
1338,58
1332,58
1290,56
1310,57
1176,53
1299,56
1211,53
1225,54
1256,56
1175,54
1267,56
1312,56
1202,53
1303,55
1273,56
1294,58
1205,53
1328,57
1314,57
1187,53
1280,56
1320,58
1316,58
1238,55
1296,58
1303,55
1356,59
1204,54
1135,52
1229,54
1208,53
1195,53
1139,52
1315,56
1300,57
1242,56
1199,51
1216,56
1341,59
1277,56
1298,58
1227,55
1152,51
1160,53
1169,53
1238,54
1305,58
1264,55
1258,56
1313,58
1202,54
1296,56
1235,54
1246,53
1300,58
1237,55
1215,53
1246,55
1231,53
1313,58
1295,57
1259,56
1217,54
1271,55
1288,56
1246,55
1317,57
1247,56
1218,54
1227,55
1227,55
1238,54
1350,59
1245,53
1236,52
1321,58
1264,57
1197,53
1221,55
1211,55
1202,55
1276,55
1294,57
1270,56
1075,50
1263,56
1200,54
1196,52
1266,56
1294,58
1302,57
1152,52
1294,57
1213,54
1264,55
1321,57
1253,56
1232,55
1225,55
1299,55
1226,55
1256,57
1281,57
1287,57
1230,55
1307,56
1184,51
1249,55
1269,56
1298,57
1212,52
1280,56
1216,54
1306,57
1163,50
1231,53
1229,54
1223,55
1253,55
1271,56
1120,52
1319,58
1107,50
1297,56
1223,54
1234,53
1236,55
1118,50
1289,57
1352,58
1257,56
1094,48
1313,58
1223,56
1228,56
1216,55
1312,57
1258,55
1225,53
1311,57
1094,52
1288,56
1170,53
1185,53
1265,53
1236,53
1260,56
1256,56
1229,54
1194,53
1257,57
1267,55
1193,54
1294,56
1254,56
1322,57
1267,56
1259,56
1185,53
1231,56
1285,56
1192,53
1165,53
1263,56
1221,54
1185,54
1243,55
1247,55
1236,55
1260,55
1321,58
1287,56
1284,57
1308,56
1130,52
1244,54
1191,52
1187,52
1247,56
1190,53
1296,56
1261,54
1175,53
1261,56
1241,56
1342,59
1301,57
1111,51
1275,56
1289,57
1169,52
1295,57
1313,57
1175,51
1238,54
1260,55
1233,54
1302,56
1267,56
1313,57
1230,55
1159,52
1135,49
1271,55
1326,56
1255,55
1243,54
1310,58
1164,52
1253,54
1157,54
1324,58
1314,58
1258,54
1167,51
1249,55
1271,56
1284,56
1231,53
1268,55
1270,57
1291,56
1334,59
1314,58
1341,58
1270,54
1257,56
1293,56
1247,56
1333,58
1287,57
1230,55
1135,52
1243,54
1310,57
1299,57
1332,57
1306,57
1285,56
1310,57
1240,53
1251,56
1309,57
1115,49
1125,51
1213,53
1225,55
1198,53
1272,55
1328,59
1201,54
1161,53
1130,52
1316,57
1099,51
1138,53
1236,55
1182,54
1288,57
1263,56
1112,51
1251,56
1303,56
1263,57
1256,55
1137,51
1288,55
1170,53
1288,57
1318,56
1229,55
1226,53
1319,57
1320,57
1292,57
1249,55
1334,58
1174,53
1238,55
1303,57
1235,55
1231,54
1089,50
1262,56
1255,56
1226,55
1310,58
1189,54
1211,52
1293,57
1270,56
1121,51
1193,54
1292,58
1188,54
1294,56
1229,55
1266,56
1222,54
1237,56
1276,57
1274,57
1216,55
1241,56
1132,52
1293,56
1232,55
1245,54
1147,53
1278,57
1228,54
1265,56
1140,52
1079,51
1267,56
1159,51
1161,52
1214,55
1154,52
1267,56
1344,57
1250,55
1252,55
1303,57
1257,55
1229,55
1110,51
1269,56
1284,56
1188,54
1165,52
1204,53
1255,56
1266,55
1191,54
1263,56
1148,48
1251,55
1166,53
1303,58
1156,52
1146,52
1219,54
1172,53
1220,55
1341,57
1136,51
1235,55
1185,53
1241,54
1169,53
1242,55
1183,54
1130,51
1208,55
1089,50
1192,54
1265,56
1313,57
1234,55
1190,53
1227,55
1221,55
1165,52
1142,52
1098,52
1219,54
1151,52
1131,53
1158,52
1287,56
1279,56
1267,56
1268,57
1240,56
1240,55
1231,55
1199,54
1236,56
1184,53
1278,55
1087,50
1158,54
1168,53
1256,54
1126,51
1218,55
1285,56
1293,56
1235,55
1242,55
1272,56
1294,57
1183,53
1234,55
1243,57
1170,53
1301,56
1158,53
1183,53
1196,55
1241,56
1192,52
1270,57
1290,55
1233,55
1274,57
1187,53
1344,59
1242,53
1143,53
1199,55
1206,54
1128,51
1144,52
1216,53
1278,56
1305,58
1272,55
1185,54
1270,55
1305,57
1164,53
1310,58
1243,55
1203,53
1210,55
1260,56
1280,56
1166,53
1201,53
1206,54
1202,54
1202,55
1204,53
1210,53
1292,57
1263,55
1279,56
1287,56
1185,54
1311,56
1245,55
1161,52
1197,54
1239,55
1133,52
1214,54
1159,52
1158,52
1197,53
1184,53
1336,58
1099,51
1307,58
1181,54
1256,56
1158,52
1242,55
1302,58
1214,53
1166,54
1149,51
1150,51
1305,57
1138,52
1219,54
1305,57
1305,56
1256,56
1334,59
1250,55
1265,56
1158,52
1113,51
1173,53
1110,50
1258,56
1120,52
1234,53
1245,55
1202,54
1175,51
1141,52
1230,55
1263,55
1163,52
1214,55
1224,55
1340,57
1229,54
1156,53
1238,56
1302,57
1163,53
1246,56
1284,56
1232,54
1267,55
1249,54
1136,51
1219,55
1230,53
1272,56
1294,56
1301,58
1118,52
1267,56
1287,57
1263,56
1246,56
1224,53
1192,54
1136,52
1238,56
1260,56
1263,56
1119,52
1288,58
1209,54
1181,50
1174,53
1333,58
1173,53
1299,58
1211,55
1297,56
1220,55
1284,57
1245,56
1190,52
1325,57
1343,58
1242,56
1147,52
1232,53
1257,57
1246,56
1244,56
1204,53
1180,53
1171,53
1105,49
1312,56
1242,56
1160,53
1234,55
1182,53
1268,55
1304,58
1296,56
1193,54
1251,55
1132,53
1234,55
1264,56
1194,53
1265,56
1245,53
1203,54
1241,55
1241,56
1266,57
1222,54
1240,54
1285,56
1257,55
1198,53
1340,57
1254,55
1198,55
1235,54
1318,58
1164,52
1286,58
1193,53
1281,56
1278,54
1143,51
1228,54
1298,57
1143,53
1164,53
1225,54
1263,56
1289,56
1208,53
1218,54
1258,56
1202,54
1266,56
1212,51
1311,58
1328,59
1253,56
1219,53
1127,50
1233,54
1145,51
1287,56
1183,53
1303,58
1207,55
1154,52
1197,55
1272,56
1303,58
1266,56
1212,54
1168,52
1149,53
1327,57
1153,50
1280,56
1173,52
1275,56
1284,58
1266,55
1225,55
1278,56
1262,55
1243,56
1125,52
1163,53
1223,56
1231,55
1274,56
1187,51
1282,56
1205,54
1180,53
1221,55
1189,52
1201,52
1224,55
1291,57
1241,55
1257,57
1255,56
1338,58
1320,57
1250,55
1313,57
1151,53
1270,57
1281,55
1264,55
1137,51
1189,53
1254,55
1284,54
1212,52
1199,53
1229,55
1230,56
1254,55
1246,55
1220,55
1217,55
1223,54
1140,53
1294,57
1261,56
1209,53
1293,57
1234,54
1330,57
1269,53
1198,53
1146,52
1158,50
1199,54
1164,50
1148,50
1209,54
1227,56
1222,56
1265,56
1233,54
1323,57
1216,55
1121,52
1330,59
1192,52
1167,52
1201,55
1246,54
1091,51
1226,55
1297,56
1338,59
1318,57
1295,56
1211,55
1126,52
1214,54
1150,51
1293,56
1284,56
1206,54
1226,54
1148,52
1275,57
1242,55
1218,56
1250,54
1209,54
1184,54
1168,54
1166,54
1250,57
1258,56
1251,56
1290,56
1204,53
1224,53
1195,52
1230,55
1211,55
1306,58
1144,52
1273,55
1137,51
1293,57
1313,57
1152,50
1195,53
1202,55
1281,56
1153,54
1262,56
1324,58
1220,55
1232,55
1116,52
1160,53
1143,50
1125,52
1267,55
1246,56
1147,52
1165,52
1312,57
1210,55
1276,57
1142,51
1206,54
1229,54
1276,57
1242,55
1149,52
1136,51
1269,56
1281,57
1214,55
1228,53
1238,54
1234,54
1251,56
1268,54
1184,52
1227,55
1340,59
1066,50
1261,56
1269,57
1144,52
1311,58
1187,53
1326,57
1143,52
1293,56
1238,55
1253,56
1311,57
1236,55
1198,53
1310,58
1301,58
1300,56
1255,55
1273,57
1137,53
1221,53
1191,54
1274,56
1164,53
1262,56
1233,55
1150,53
1131,52
1233,54
1054,49
1215,55
1169,53
1309,57
1234,55
1240,56
1226,53
1258,53
1291,56
1344,58
1319,57
1174,52
1103,50
1237,54
1190,54
1249,56
1164,52
1234,53
1220,54
1236,56
1206,53
1191,54
1129,52
1306,57
1300,58
1185,52
1266,56
1252,55
1127,52
1219,54
1269,56
1313,57
1149,53
1229,53
1268,56
1204,54
1222,55
1283,57
1229,55
1246,56
1143,52
1289,57
1085,51
1254,55
1219,54
1206,54
1240,55
1178,52
1296,56
1239,53
1248,57
1247,55
1138,52
1192,55
1178,53
1236,55
1245,55
1246,55
1180,53
1179,54
1269,55
1342,58
1362,59
1299,56
1283,57
1118,51
1189,53
1271,57
1252,55
1319,58
1139,51
1256,56
1298,57
1140,50
1275,56
1175,52
1334,59
1214,55
1248,55
1326,57
1338,59
1207,54
1291,57
1246,55
1156,53
1300,56
1179,52
1306,57
1264,56
1205,53
1177,54
1280,57
1269,57
1220,55
1199,54
1178,53
1334,59
1265,55
1224,55
1131,52
1256,55
1255,57
1162,52
1229,54
1240,54
1225,55
1236,55
1215,55
1269,57
1157,51
1325,58
1243,55
1283,56
1317,57
1128,51
1116,52
1214,54
1211,54
1312,58
1214,53
1192,54
1162,52
1159,54
1244,54
1256,55
1116,51
1157,52
1245,55
1201,54
1271,53
1273,56
1182,53
1214,53
1277,56
1315,57
1173,51
1298,56
1268,55
1128,52
1207,53
1302,56
1265,56
1238,54
1271,56
1210,54
1264,55
1280,57
1198,52
1208,54
1238,56
1258,56
1244,54
1301,58
1235,55
1207,52
1175,54
1293,57
1263,55
1150,52
1185,54
1051,49
1262,56
1227,55
1270,54
1187,54
1186,53
1172,53
1236,55
1322,58
1180,52
1195,54
1261,55
1156,53
1280,57
1189,53
1277,55
1313,57
1204,51
1165,52
1288,56
1221,54
1110,51
1221,54
1080,50
1230,55
1176,53
1244,54
1262,57
1209,55
1280,55
1270,55
1182,53
1264,56
1092,49
1245,56
1202,53
1224,54
1332,58
1262,55
1127,51
1290,57
1311,57
1231,55
1188,52
1155,53
1250,55
1198,54
1191,53
1211,53
1289,57
1248,56
1098,50
1218,53
1318,58
1272,55
1135,51
1303,58
1224,55
1146,52
1232,53
1086,51
1176,54
1333,57
1212,54
1253,56
1141,51
1307,58
1268,56
1256,55
1251,55
1221,53
1211,54
1324,56
1225,54
1208,55
1231,56
1252,56
1142,53
1312,57
1265,56
1291,57
1259,56
1255,54
1176,52
1268,54
1291,54
1227,54
1276,55
1186,52
1314,56
1229,54
1189,52
1286,57
1328,57
1125,52
1240,54
1306,58
1219,55
1189,54
1269,56
1202,55
1222,56
1265,56
1248,55
1231,53
1099,50
1309,58
1268,56
1141,51
1212,55
1079,50
1166,51
1294,57
1189,53
1160,52
1190,55
1223,53
1243,55
1161,53
1196,54
1258,55
1312,57
1268,56
1167,53
1167,52
1201,54
1194,53
1201,54
1290,57
1281,57
1109,50
1167,53
1219,55
1113,51
1264,56
1232,54
1242,55
1152,52
1233,56
1142,51
1177,52
1205,54
1171,52
1290,56
1098,52
1229,54
1223,54
1163,53
1205,54
1239,55
1204,54
1247,54
1190,53
1159,51
1188,55
1212,55
1202,54
1258,55
1221,54
1238,54
1193,54
1297,57
1302,57
1232,55
1269,56
1188,53
1257,56
1182,54
1183,54
1164,51
1328,58
1211,54
1226,55
1183,52
1084,50
1251,56
1213,52
1288,57
1283,57
1284,56
1259,56
1090,50
1102,51
1265,57
1172,53
1195,54
1230,55
1342,58
1151,53
1262,57
1209,53
1155,51
1232,54
1236,53
1224,54
1245,55
1288,54
1190,54
1176,54
1318,57
1298,57
1294,56
1256,56
1192,52
1176,53
1281,56
1257,55
1287,55
1251,54
1225,55
1207,54
1298,56
1083,49
1226,55
1243,56
1288,56
1322,58
1216,54
1210,55
1304,58
1154,52
1135,52
1169,52
1336,58
1227,54
1276,57
1097,50
1223,55
1150,53
1155,53
1161,52
1226,54
1153,53
1274,56
1202,54
1278,57
1228,54
1191,53
1158,53
1297,55
1149,53
1160,53
1222,56
1237,55
1240,54
1187,53
1316,57
1242,55
1236,56
1273,56
1179,53
1215,53
1231,56
1118,50
1200,51
1235,55
1211,53
1140,51
1258,55
1134,53
1295,57
1173,52
1314,57
1296,57
1329,57
1262,56
1223,53
1238,56
1204,54
1291,57
1183,53
1194,52
1295,57
1149,53
1271,57
1148,52
1246,53
1280,56
1186,53
1234,56
1217,54
1249,55
1284,55
1194,52
1292,57
1233,55
1106,51
1215,53
1254,56
1287,57
1299,57
1290,56
1258,56
1116,51
1214,53
1218,54
1224,55
1286,55
1202,54
1251,55
1251,56
1299,56
1256,55
1220,54
1191,53
1229,54
1186,55
1286,57
1115,51
1216,53
1221,53
1207,55
1343,58
1159,50
1049,49
1203,55
1236,55
1266,55
1247,54
1219,56
1278,56
1207,53
1188,52
1255,56
1230,56
1181,54
1247,55
1293,56
1311,58
1273,56
1288,58
1190,53
1264,56
1216,53
1130,52
1187,54
1234,53
1241,54
1210,55
1263,55
1085,50
1289,55
1119,52
1322,58
1284,57
1312,56
1263,55
1261,54
1159,54
1251,54
1179,53
1191,52
1361,58
1162,53
1311,58
1307,57
1305,57
1328,58
1213,53
1228,55
1170,51
1193,53
1254,55
1275,55
1239,54
1256,55
1202,55
1254,56
1165,53
1222,55
1296,56
1098,51
1314,58
1271,56
1335,57
1242,56
1187,54
1157,55
1135,52
1233,55
1232,54
1272,57
1263,56
1206,54
1263,53
1299,58
1305,56
1274,56
1346,59
1237,55
1236,54
1236,55
1079,49
1196,54
1248,55
1231,54
1212,54
1146,53
1199,54
1130,51
1236,56
1305,58
1156,53
1209,54
1201,53
1164,54
1286,57
1282,55
1287,54
1241,55
1339,58
1298,56
1141,52
1203,54
1172,53
1231,54
1224,55
1331,57
1293,57
1223,53
1203,53
1315,58
1165,53
1272,55
1223,54
1174,53
1221,53
1195,52
1324,58
1196,52
1255,54
1197,54
1125,50
1221,54
1121,52
1236,54
1289,56
1110,50
1244,55
1205,54
1254,56
1321,58
1188,53
1149,51
1277,57
1272,55
1178,53
1212,55
1207,53
1238,55
1190,55
1273,56
1267,56
1250,56
1301,58
1264,57
1273,56
1216,54
1340,59
1205,53
1240,56
1211,55
1236,54
1226,53
1264,56
1166,52
1242,55
1253,54
1254,56
1194,54
1096,50
1241,55
1159,49
1204,55
1184,54
1211,53
1244,55
1154,52
1155,53
1294,57
1224,55
1211,54
1283,57
1128,51
1225,54
1193,54
1289,56
1214,55
1322,56
1156,52
1289,56
1167,53
1277,56
1247,55
1106,51
1303,58
1254,55
1280,57
1283,55
1235,55
1180,53
1136,51
1201,54
1180,52
1223,54
1274,55
1176,51
1277,56
1253,53
1270,57
1200,53
1329,56
1274,55
1203,55
1254,56
1091,51
1214,53
1269,56
1296,57
1234,55
1308,58
1224,55
1246,53
1098,51
1263,55
1285,55
1191,53
1120,52
1244,55
1160,51
1165,54
1317,56
1229,55
1253,55
1204,54
1111,51
1228,54
1266,56
1172,54
1256,56
1255,55
1211,55
1156,53
1255,55
1221,54
1269,56
1195,53
1133,52
1328,58
1285,57
1211,53
1176,51
1205,55
1195,54
1187,54
1270,57
1178,51
1257,57
1215,52
1193,54
1165,50
1281,57
1294,57
1187,53
1205,52
1263,55
1251,57
1175,53
1226,55
1237,56
1310,58
1295,57
1308,58
1197,54
1190,53
1280,56
1222,55
1323,57
1208,53
1051,49
1292,55
1234,54
1321,58
1171,53
1296,57
1199,54
1217,55
1304,57
1220,53
1277,56
1283,57
1101,50
1302,58
1320,58
1248,54
1251,56
1194,53
1106,50
1183,54
1248,54
1260,56
1294,57
1289,56
1187,52
1284,55
1315,58
1342,59
1150,52
1340,59
1214,53
1270,54
1155,53
1128,51
1178,52
1012,49
1235,53
1313,58
1278,57
1184,51
1286,57
1207,54
1243,55
1317,58
1289,55
1276,57
1293,56
1247,55
1262,57
1322,57
1244,55
1165,53
1251,55
1175,53
1126,51
1180,54
1188,55
1286,57
1298,57
1328,59
1045,49
1199,52
1124,51
1247,55
1259,55
1114,51
1308,57
1291,56
1173,53
1230,55
1144,52
1174,54
1223,54
1279,57
1298,58
1208,54
1204,53
1264,57
1171,54
1234,55
1284,56
1336,59
1142,51
1317,57
1195,52
1188,53
1217,53
1310,56
1228,55
1243,56
1207,54
1203,53
1182,54
1208,55
1225,54
1179,53
1334,59
1267,56
1315,58
1168,53
1186,52
1187,54
1327,57
1223,56
1234,54
1255,55
1322,58
1213,53
1244,55
1184,53
1147,53
1327,58
1189,54
1232,54
1310,57
1043,48
1245,54
1262,56
1151,53
1247,55
1327,58
1220,53
1258,56
1331,57
1139,52
1297,56
1172,52
1187,54
1297,57
1137,51
1178,53
1205,53
1279,56
1307,58
1094,52
1231,56
1150,52
1183,54
1261,54
1270,55
1117,52
1168,52
1224,53
1236,54
1313,58
1294,57
1193,55
1229,55
1224,55
1139,53
1208,55
1192,53
1300,57
1243,56
1184,53
1152,52
1236,55
1244,56
1245,55
1272,57
1182,54
1198,54
1257,56
1123,52
1187,53
1298,58
1160,51
1212,54
1178,52
1252,56
1286,56
1278,55
1240,55
1244,53
1274,56
1140,52
1312,56
1338,58
1230,54
1242,55
1225,54
1192,55
1220,55
1218,55
1193,53
1292,58
1194,54
1284,57
1275,56
1227,55
1161,53
1195,54
1235,54
1269,53
1352,59
1177,53
1257,54
1212,55
1149,52
1285,57
1289,57
1265,56
1223,55
1165,53
1290,56
1318,58
1216,54
1264,55
1221,54
1238,55
1250,55
1181,53
1282,57
1189,54
1254,55
1234,55
1175,54
1269,56
1257,54
1280,57
1223,54
1213,53
1251,55
1164,52
1298,56
1286,57
1200,55
1205,54
1200,53
1271,57
1193,54
1307,58
1264,54
1130,52
1260,55
1321,58
1266,56
1274,56
1271,57
1248,54
1336,59
1312,58
1184,54
1296,57
1191,54
1184,52
1179,53
1083,51
1305,57
1102,51
1273,55
1192,54
1182,54
1170,52
1215,54
1285,56
1199,55
1293,57
1248,56
1250,56
1289,55
1266,55
1259,55
1345,58
1267,55
1216,54
1281,57
1325,59
1282,57
1298,56
1132,51
1252,57
1315,57
1157,54
1295,56
1187,52
1086,49
1215,54
1159,52
1193,53
1167,53
1230,52
1199,53
1212,53
1227,55
1146,53
1269,57
1202,53
1204,53
1287,56
1216,52
1269,56
1214,54
1247,53
1199,55
1247,55
1252,55
1163,53
1190,52
1162,53
1218,55
1269,55
1145,50
1196,53
1230,54
1160,51
1157,53
1122,52
1323,57
1178,52
1337,59
1167,51
1282,57
1194,53
1274,56
1268,55
1206,53
1211,54
1260,54
1312,57
1179,53
1243,53
1176,51
1160,52
1306,57
1237,55
1089,50
1176,53
1253,56
1220,54
1182,53
1280,56
1182,54
1142,52
1253,55
1284,56
1243,55
1073,50
1160,50
1250,54
1211,54
1212,54
1260,55
1339,58
1305,56
1222,53
1267,56
1206,54
1201,53
1377,59
1177,51
1239,55
1234,54
1214,55
1139,51
1303,57
1133,51
1226,54
1185,55
1298,58
1285,56
1234,54
1161,53
1119,51
1194,54
1346,58
1187,53
1281,56
1148,52
1128,50
1258,56
1154,53
1307,58
1273,56
1220,53
1339,58
1153,52
1182,51
1149,53
1212,53
1187,53
1192,54
1228,55
1271,56
1247,55
1294,57
1191,53
1213,55
1144,52
1180,52
1231,54
1297,57
1291,56
1297,56
1162,52
1226,54
1090,51
1136,50
1207,55
1230,53
1286,55
1233,54
1265,56
1242,53
1229,56
1183,53
1254,55
1181,51
1293,58
1249,55
1155,52
1277,55
1164,52
1141,54
1206,53
1193,54
1331,59
1181,53
1161,52
1157,52
1273,56
1233,54
1194,54
1230,54
1141,51
1173,52
1236,55
1313,56
1179,53
1322,56
1191,52
1259,56
1260,55
1300,58
1246,55
1174,51
1144,52
1250,54
1310,56
1255,56
1256,55
1141,51
1206,54
1206,54
1159,53
1306,55
1119,52
1250,55
1259,57
1219,53
1243,55
1262,54
1237,55
1273,56
1161,52
1262,55
1335,58
1198,54
1284,57
1217,53
1260,55
1264,55
1198,51
1217,54
1311,57
1220,55
1223,53
1174,52
1203,54
1185,54
1193,53
1210,54
1253,55
1298,57
1294,57
1285,55
1268,55
1228,54
1320,58
1215,54
1226,55
1284,55
1215,53
1159,54
1217,53
1216,52
1199,53
1242,55
1226,55
1311,56
1260,56
1305,57
1139,52
1240,56
1241,55
1248,56
1239,55
1324,58
1288,57
1264,54
1199,54
1246,55
1243,56
1188,53
1297,57
1215,54
1287,56
1194,54
1177,53
1313,57
1242,55
1328,58
1276,56
1275,56
1155,53
1244,56
1173,53
1204,50
1211,55
1127,52
1329,58
1226,53
1227,54
1238,54
1328,58
1276,56
1291,58
1173,54
1214,54
1262,55
1238,53
1292,56
1233,55
1260,55
1201,52
1147,53
1266,54
1122,50
1205,55
1236,53
1197,52
1280,56
1277,56
1242,54
1296,58
1247,54
1194,54
1330,58
1284,55
1276,56
1238,53
1216,55
1201,54
1240,56
1191,53
1300,58
1313,56
1250,55
1308,58
1281,57
1215,54
1274,56
1248,55
1313,57
1178,52
1215,53
1215,54
1213,54
1202,54
1246,55
1220,54
1274,55
1180,54
1233,53
1300,56
1180,52
1270,57
1278,56
1242,54
1182,52
1150,51
1101,51
1234,56
1146,53
1200,53
1220,53
1141,50
1082,50
1267,54
1298,56
1280,56
1198,55
1249,55
1214,55
1122,52
1205,53
1268,55
1193,54
1158,53
1221,54
1268,55
1237,54
1344,59
1194,53
1251,55
1275,56
1211,51
1272,55
1173,54
1339,55
1226,55
1237,56
1265,53
1187,54
1265,55
1238,55
1267,56
1291,57
1239,56
1198,53
1248,55
1302,58
1230,55
1306,58
1255,56
1138,52
1163,52
1111,51
1305,56
1195,53
1231,54
1124,50
1185,54
1254,56
1181,52
1312,58
1328,57
1071,50
1289,58
1367,57
1252,56
1183,54
1302,57
1117,49
1320,57
1300,57
1195,54
1213,53
1106,52
1131,50
1276,57
1249,55
1094,52
1253,57
1148,51
1187,53
1206,53
1245,55
1314,57
1243,55
1278,57
1201,53
1286,57
1253,55
1130,51
1190,52
1205,53
1251,54
1350,59
1236,55
1175,53
1115,50
1307,58
1173,53
1336,56
1285,56
1227,55
1295,56
1186,53
1215,55
1154,52
1236,55
1242,55
1211,55
1212,54
1208,54
1218,53
1142,52
1081,50
1175,53
1288,54
1204,56
1167,52
1338,57
1234,55
1204,54
1293,55
1173,53
1240,55
1195,53
1223,54
1276,56
1322,57
1234,55
1146,52
1268,55
1181,51
1218,52
1248,55
1260,55
1242,55
1264,55
1238,55
1108,50
1261,53
1105,52
1186,52
1278,55
1187,54
1198,52
1267,55
1282,56
1225,55
1176,52
1184,53
1118,51
1193,54
1242,54
1196,53
1253,56
1227,53
1280,56
1160,52
1172,53
1191,54
1162,54
1264,55
1254,56
1306,57
1249,55
1340,59
1174,52
1222,53
1224,55
1283,57
1293,58
1181,51
1259,56
1182,54
1179,53
1243,53
1218,55
1189,53
1301,57
1213,54
1269,56
1111,47
1257,57
1284,56
1228,53
1265,54
1245,55
1230,54
1148,51
1199,54
1237,55
1317,58
1333,56
1171,53
1196,52
1262,55
1300,57
1296,57
1216,55
1145,51
1331,59
1236,54
1217,55
1196,53
1175,53
1291,58
1189,53
1223,55
1308,57
1141,51
1249,55
1266,55
1112,50
1255,56
1204,52
1080,50
1217,52
1260,55
1261,55
1123,51
1214,55
1292,58
1225,55
1267,56
1192,54
1322,57
1236,55
1215,53
1266,55
1230,54
1232,54
1211,54
1248,56
1264,56
1234,56
1120,52
1308,57
1229,54
1234,55
1188,52
1160,52
1241,53
1107,49
1159,53
1256,56
1356,57
1355,58
1235,55
1212,53
1288,56
1205,53
1165,52
1176,51
1253,56
1238,55
1197,52
1335,58
1270,57
1235,55
1289,56
1295,57
1166,52
1237,55
1243,57
1213,53
1261,57
1266,55
1322,58
1209,54
1299,56
1338,58
1280,54
1271,56
1225,55
1282,56
1299,58
1188,52
1192,54
1279,55
1105,51
1272,56
1202,54
1226,55
1238,55
1131,51
1153,54
1215,53
1141,50
1255,56
1213,53
1264,55
1251,55
1302,57
1274,55
1270,54
1117,52
1271,56
1288,56
1298,56
1137,50
1228,54
1254,54
1220,54
1231,55
1220,54
1249,56
1193,54
1143,51
1299,56
1230,54
1346,58
1313,56
1110,51
1200,54
1113,51
1234,55
1189,53
1192,52
1201,53
1239,54
1352,59
1165,53
1252,57
1220,54
1273,57
1176,53
1147,52
1221,54
1249,55
1223,53
1173,53
1216,54
1281,57
1201,54
1309,57
1282,56
1182,53
1273,55
1219,54
1187,53
1313,56
1267,56
1161,53
1265,54
1271,55
1239,56
1259,55
1180,52
1224,54
1296,58
1253,54
1218,55
1205,55
1258,56
1211,55
1154,51
1213,55
1246,55
1123,51
1148,52
1187,54
1298,56
1135,51
1122,50
1226,56
1197,54
1143,52
1114,51
1139,52
1335,56
1322,54
1220,53
1263,55
1112,51
1243,55
1264,55
1301,57
1210,54
1226,54
1185,53
1254,56
1230,55
1226,53
1298,56
1320,58
1257,55
1227,53
1165,53
1296,57
1213,53
1258,54
1277,57
1202,54
1254,55
1303,55
1212,55
1209,54
1239,54
1224,55
1205,54
1364,59
1230,54
1333,59
1198,54
1235,52
1210,54
1225,54
1216,54
1267,56
1211,53
1221,55
1189,53
1193,52
1132,52
1284,56
1241,55
1259,56
1191,52
1166,53
1254,54
1248,57
1326,58
1214,54
1157,52
1213,55
1215,54
1224,53
1125,52
1161,53
1239,56
1277,56
1360,58
1203,55
1319,56
1333,54
1292,56
1357,59
1122,51
1173,52
1212,53
1305,57
1271,56
1253,53
1272,56
1132,50
1150,53
1145,50
1247,56
1274,55
1170,53
1216,54
1146,51
1187,53
1284,57
1140,51
1224,55
1278,57
1248,54
1175,51
1210,54
1295,57
1255,55
1311,55
1260,54
1248,57
1277,55
1344,59
1265,54
1284,56
1220,54
1273,54
1218,53
1154,51
1185,53
1197,53
1231,54
1149,52
1253,56
1286,57
1148,52
1331,58
1267,55
1205,54
1224,54
1299,57
1286,55
1264,57
1169,53
1195,53
1248,53
1193,52
1255,57
1279,54
1242,55
1143,52
1294,54
1249,55
1146,51
1221,53
1320,57
1157,52
1231,55
1278,55
1306,57
1312,57
1167,51
1192,53
1180,52
1240,54
1279,57
1201,54
1186,54
1265,56
1240,54
1171,53
1274,54
1227,55
1264,56
1341,59
1294,56
1259,57
1240,54
1258,54
1104,51
1179,52
1327,59
1177,53
1185,51
1184,51
1242,55
1170,52
1284,55
1207,53
1259,54
1194,54
1232,56
1201,53
1176,53
1261,55
1302,57
1343,56
1155,53
1223,55
1223,54
1133,51
1177,53
1299,57
1282,57
1237,53
1196,54
1230,53
1215,54
1267,56
1215,55
1308,55
1216,52
1136,50
1287,57
1197,53
1253,52
1327,58
1189,52
1235,54
1201,53
1136,51
1295,57
1253,54
1137,52
1116,50
1253,57
1232,53
1132,51
1207,55
1114,52
1304,57
1215,54
1315,57
1284,56
1198,53
1258,55
1268,57
1273,54
1175,53
1262,56
1231,55
1192,54
1208,53
1280,56
1172,54
1298,58
1269,56
1154,52
1238,52
1139,53
1237,53
1312,56
1132,51
1142,52
1196,53
1158,53
1189,53
1258,56
1229,53
1208,55
1205,54
1144,52
1301,55
1163,53
1237,55
1211,54
1263,55
1147,53
1202,54
1153,53
1249,55
1160,53
1295,56
1258,55
1214,54
1189,52
1171,52
1236,54
1186,52
1238,55
1276,57
1244,55
1084,50
1231,54
1153,53
1228,54
1156,51
1268,55
1274,56
1230,55
1271,54
1233,55
1119,51
1224,54
1348,56
1126,51
1255,54
1191,53
1260,55
1257,55
1210,54
1171,53
1348,58
1255,55
1216,54
1274,55
1136,53
1300,56
1130,51
1249,56
1213,54
1153,53
1255,55
1295,57
1242,53
1302,57
1184,54
1196,53
1258,55
1116,52
1255,55
1162,53
1194,53
1207,53
1228,54
1101,50
1151,50
1178,52
1232,55
1189,54
1176,51
1330,58
1148,51
1257,53
1161,53
1299,57
1336,58
1150,53
1174,53
1205,53
1324,56
1312,56
1205,55
1141,53
1281,57
1326,58
1219,54
1310,57
1270,55
1113,51
1275,57
1182,54
1189,52
1201,52
1226,54
1203,53
1211,53
1301,58
1091,49
1205,54
1160,53
1194,54
1202,53
1206,54
1144,52
1291,57
1294,55
1272,55
1274,56
1143,51
1248,55
1289,56
1206,54
1184,52
1250,56
1188,52
1220,56
1086,49
1270,57
1273,55
1150,51
1198,53
1302,57
1145,51
1210,55
1219,56
1278,57
1274,57
1203,52
1252,56
1262,55
1186,52
1146,52
1294,57
1168,51
1292,56
1212,53
1233,55
1204,53
1216,55
1329,58
1254,55
1175,53
1246,54
1114,51
1136,50
1211,53
1093,50
1287,57
1196,54
1210,54
1142,51
1262,56
1213,55
1236,55
1253,56
1246,54
1307,57
1276,56
1222,53
1195,53
1276,56
1282,55
1196,52
1208,56
1267,54
1287,57
1305,56
1126,52
1192,52
1318,58
1119,52
1186,52
1185,53
1269,56
1317,55
1292,56
1175,53
1229,54
1210,54
1338,58
1325,59
1293,58
1074,51
1244,55
1189,53
1205,54
1192,53
1155,52
1234,55
1172,52
1233,55
1350,57
1202,53
1269,57
1283,55
1298,56
1238,52
1288,57
1243,55
1228,54
1257,54
1324,58
1172,51
1263,57
1113,51
1273,56
1176,52
1279,57
1256,55
1238,55
1272,56
1236,55
1272,53
1223,55
1110,52
1160,53
1250,55
1146,52
1106,52
1136,51
1278,56
1240,54
1200,54
1310,57
1306,57
1197,53
1238,55
1217,53
1351,58
1306,56
1141,51
1279,55
1235,55
1131,52
1219,53
1248,56
1143,52
1315,57
1255,55
1156,53
1283,55
1194,51
1237,55
1204,54
1220,55
1194,54
1273,56
1234,55
1248,55
1266,55
1233,55
1272,54
1298,56
1270,55
1153,51
1257,55
1017,47
1293,57
1308,58
1170,52
1185,53
1133,52
1199,53
1231,55
1217,54
1201,54
1295,55
1264,55
1253,57
1180,53
1205,53
1262,55
1202,54
1260,57
1264,55
1286,56
1139,51
1325,59
1177,52
1172,53
1260,55
1271,55
1224,54
1220,54
1314,57
1122,50
1154,51
1131,52
1297,58
1244,54
1209,52
1153,53
1325,57
1205,53
1226,55
1153,52
1132,51
1245,55
1099,51
1188,53
1291,56
1287,57
1138,51
1302,57
1245,55
1162,53
1307,56
1247,55
1267,56
1290,56
1264,56
1238,54
1204,55
1218,54
1145,52
1257,56
1268,56
1178,52
1166,52
1246,57
1164,52
1219,53
1261,55
1290,55
1137,53
1126,51
1267,56
1148,53
1174,52
1320,57
1136,52
1246,54
1163,52
1263,53
1271,55
1273,57
1294,56
1180,54
1152,51
1229,56
1241,55
1179,53
1317,58
1232,55
1302,58
1134,52
1187,53
1230,55
1304,57
1121,52
1259,55
1133,51
1167,52
1178,54
1209,53
1172,52
1209,54
1188,53
1273,54
1284,55
1290,57
1204,53
1195,54
1179,53
1280,54
1306,56
1235,55
1175,51
1220,55
1242,54
1239,54
1298,55
1185,53
1308,56
1212,53
1237,55
1203,55
1318,58
1317,57
1339,59
1220,54
1157,52
1236,56
1101,51
1103,50
1203,54
1188,53
1212,54
1330,57
1283,55
1114,52
1248,55
1235,55
1236,55
1194,53
1252,55
1266,55
1265,56
1203,52
1173,54
1251,55
1192,54
1182,53
1180,54
1148,54
1236,54
1239,55
1300,57
1094,51
1200,53
1179,54
1237,54
1171,52
1148,53
1188,54
1156,51
1224,56
1242,57
1127,51
1293,55
1213,53
1101,51
1295,56
1201,53
1173,50
1288,56
1080,49
1170,52
1248,55
1233,54
1261,56
1129,51
1169,53
1241,54
1280,55
1167,53
1230,56
1075,49
1159,52
1175,51
1198,53
1162,52
1302,57
1166,53
1169,53
1254,56
1233,55
1254,55
1177,53
1194,54
1278,57
1300,57
1227,53
1245,55
1242,52
1179,52
1316,58
1328,57
1258,55
1209,53
1326,58
1168,53
1285,56
1171,53
1206,54
1224,56
1111,51
1212,54
1277,55
1245,57
1155,52
1166,51
1249,54
1189,53
1133,52
1239,54
1258,55
1264,54
1286,56
1225,55
1156,52
1142,52
1331,59
1256,54
1240,54
1216,54
1213,55
1217,55
1278,57
1259,55
1250,55
1154,53
1279,56
1211,55
1258,54
1177,53
1201,53
1151,52
1198,54
1221,54
1263,55
1329,58
1163,53
1231,55
1175,52
1253,56
1275,56
1200,55
1210,53
1157,50
1097,50
1238,57
1257,55
1345,59
1096,49
1215,54
1258,55
1190,53
1087,49
1242,56
1302,57
1268,55
1193,53
1174,51
1173,52
1315,57
1276,55
1224,53
1240,55
1245,56
1129,52
1302,58
1305,57
1254,55
1294,56
1330,58
1184,52
1285,56
1209,52
1192,52
1356,58
1234,53
1249,56
1299,58
1195,53
1278,53
1323,58
1215,54
1174,53
1130,50
1084,51
1315,57
1281,57
1288,57
1189,53
1282,56
1300,57
1254,55
1252,56
1224,54
1157,53
1244,55
1219,55
1251,54
1282,57
1327,56
1238,53
1195,52
1218,54
1193,52
1320,58
1216,54
1134,52
1305,57
1241,55
1172,52
1205,52
1180,53
1342,57
1227,54
1195,55
1272,55
1179,54
1196,53
1306,57
1104,49
1189,54
1147,51
1240,55
1317,58
1108,52
1115,52
1298,58
1226,54
1335,57
1285,57
1107,51
1204,54
1226,54
1173,53
1170,54
1185,52
1276,56
1306,57
1262,55
1243,56
1296,58
1211,55
1207,54
1304,57
1259,55
1334,57
1236,54
1194,54
1227,54
1301,57
1164,53
1254,55
1232,55
1166,51
1293,56
1311,58
1151,50
1171,53
1183,53
1295,55
1176,51
1203,52
1134,51
1091,50
1242,56
1212,54
1191,53
1150,52
1128,52
1282,56
1131,51
1203,53
1235,54
1246,56
1201,54
1191,51
1163,51
1274,56
1214,55
1279,56
1350,58
1158,52
1240,55
1225,55
1273,55
1228,54
1245,55
1265,56
1290,56
1271,55
1213,54
1252,56
1259,56
1211,55
1151,52
1228,54
1247,55
1312,58
1197,55
1178,53
1247,56
1136,53
1339,58
1140,51
1233,55
1333,59
1175,53
1286,56
1298,58
1346,58
1304,55
1175,51
1151,51
1216,54
1337,59
1241,57
1230,53
1219,55
1156,49
1160,52
1239,53
1211,54
1233,54
1181,54
1255,56
1220,52
1154,51
1141,53
1259,56
1240,55
1208,54
1270,55
1308,56
1248,54
1160,51
1195,53
1125,53
1293,55
1226,55
1268,55
1162,54
1151,53
1279,56
1236,54
1069,49
1246,53
1191,54
1308,57
1139,52
1300,56
1190,50
1239,54
1272,54
1133,51
1125,48
1188,53
1215,55
1220,54
1124,50
1195,54
1189,53
1301,58
1249,57
1211,54
1181,52
1256,56
1207,54
1331,58
1235,55
1305,57
1204,53
1248,55
1276,54
1313,57
1133,52
1229,55
1317,56
1340,59
1264,54
1126,49
1195,53
1186,52
1245,56
1250,54
1175,53
1350,56
1241,55
1303,56
1230,56
1245,54
1255,55
1058,50
1179,53
1290,56
1302,58
1226,54
1250,56
1250,56
1319,58
1273,55
1233,54
1292,57
1288,55
1309,57
1284,56
1187,52
1208,54
1295,56
1277,56
1338,58
1163,52
1239,54
1246,54
1153,52
1321,57
1305,57
1146,52
1294,56
1224,56
1273,56
1272,55
1267,56
1208,54
1317,56
1327,56
1195,55
1280,55
1157,53
1252,54
1187,53
1215,54
1231,55
1294,56
1213,54
1210,55
1238,56
1179,52
1249,55
1163,52
1250,54
1226,54
987,47
1186,53
1235,55
1252,54
1296,56
1218,55
1259,56
1221,55
1241,55
1259,55
1271,56
1150,52
1258,54
1156,53
1220,53
1243,56
1169,49
1351,58
1246,55
1220,54
1149,53
1290,56
1333,58
1156,52
1226,54
1202,55
1281,57
1142,52
1257,54
1105,51
1229,55
1297,56
1252,55
1266,57
1194,53
1206,53
1264,55
1234,54
1230,55
1187,54
1134,51
1320,58
1240,54
1197,54
1169,52
1211,54
1215,53
1276,57
1231,53
1293,56
1312,56
1185,53
1298,58
1187,54
1273,54
1196,52
1273,57
1238,55
1283,55
1151,52
1164,52
1087,51
1155,54
1282,54
1322,58
1111,50
1256,55
1263,55
1254,56
1244,56
1267,53
1245,55
1244,57
1232,56
1242,56
1254,54
1249,56
1209,52
1233,55
1246,55
1256,56
1250,54
1301,56
1156,52
1152,51
1215,54
1241,54
1277,56
1243,53
1139,51
1214,53
1126,50
1261,55
1130,52
1232,55
1194,54
1201,55
1247,55
1318,58
1295,56
1275,56
1306,57
1212,54
1200,54
1202,54
1213,54
1267,54
1179,51
1248,54
1212,55
1147,52
1219,54
1254,56
1166,53
1200,54
1241,53
1222,55
1218,54
1292,57
1284,55
1293,55
1296,55
1193,52
1113,51
1158,52
1226,53
1275,56
1262,55
1190,53
1257,56
1152,53
1241,56
1267,56
1301,57
1099,52
1244,55
1165,53
1336,58
1135,52
1209,55
1259,55
1138,53
1277,55
1099,51
1290,56
1200,52
1271,56
1221,55
1351,58
1292,57
1274,56
1218,54
1200,51
1239,55
1285,58
1070,50
1246,56
1280,57
1221,56
1230,55
1326,58
1222,55
1252,56
1244,55
1231,56
1292,57
1256,55
1315,57
1176,53
1208,52
1181,53
1166,54
1226,53
1294,58
1231,53
1290,58
1230,52
1243,55
1167,52
1259,54
1222,54
1115,50
1243,57
1313,57
1252,56
1292,56
1196,54
1214,51
1090,51
1254,56
1200,54
1336,58
1340,58
1180,53
1208,53
1156,52
1279,56
1255,56
1254,55
1304,56
1218,55
1169,52
1194,53
1179,54
1172,53
1266,55
1217,55
1265,57
1142,53
1288,56
1229,54
1316,58
1178,51
1198,53
1222,55
1252,56
1261,54
1276,56
1162,53
1159,53
1298,56
1253,54
1147,52
1258,55
1197,53
1245,55
1268,56
1255,55
1218,54
1172,52
1243,54
1169,51
1259,54
1257,56
1214,54
1250,55
1270,56
1104,50
1277,57
1172,54
1212,54
1243,55
1271,55
1250,56
1306,56
1191,53
1207,55
1135,50
1307,57
1199,54
1114,50
1163,53
1175,54
1236,55
1114,51
1292,56
1201,54
1187,53
1185,52
1364,59
1227,55
1267,56
1264,56
1298,56
1182,52
1207,53
1274,56
1318,57
1276,55
1228,55
1220,55
1161,52
1275,55
1149,53
1150,53
1188,51
1228,53
1284,56
1030,47
1274,57
1191,54
1214,54
1286,56
1250,56
1320,58
1221,53
1232,56
1269,54
1228,54
1254,56
1269,56
1256,55
1318,58
1160,52
1294,57
1087,49
1215,53
1252,54
1203,51
1188,53
1252,56
1115,51
1264,56
1257,55
1261,55
1071,49
1299,57
1247,56
1193,53
1206,52
1217,55
1247,54
1246,56
1214,53
1183,53
1258,57
1278,54
1282,55
1284,57
1242,53
1185,52
1234,55
1264,55
1171,51
1160,52
1209,54
1278,57
1362,58
1222,53
1147,52
1197,54
1088,51
1273,55
1192,54
1119,51
1258,55
1309,56
1233,56
1195,54
1290,56
1226,55
1282,55
1301,57
1175,53
1240,54
1239,55
1205,53
1258,56
1221,55
1166,53
1296,57
1230,54
1093,50
1270,55
1239,57
1184,53
1214,54
1237,54
1127,51
1212,53
1199,54
1245,56
1206,55
1150,52
1280,56
1087,49
1216,54
1211,54
1240,55
1229,55
1186,51
1179,53
1191,53
1268,54
1277,57
1314,58
1160,53
1209,55
1222,55
1238,54
1194,53
1230,56
1278,56
1208,54
1331,56
1200,53
1263,57
1184,53
1249,56
1297,57
1190,53
1144,51
1203,53
1156,52
1330,58
1238,54
1223,54
1304,57
1183,53
1233,54
1229,55
1175,51
1377,59
1233,54
1190,51
1155,53
1332,57
1202,52
1296,56
1240,54
1226,55
1338,59
1219,54
1238,54
1293,56
1256,55
1285,56
1254,55
1207,51
1162,51
1243,55
1208,55
1273,55
1203,54
1130,52
1175,52
1292,55
1306,57
1268,55
1235,54
1278,55
1265,56
1245,55
1193,54
1222,53
1211,54
1354,58
1217,55
1184,53
1319,58
1194,54
1211,54
1256,53
1191,54
1194,53
1197,53
1190,53
1228,54
1245,54
1278,55
1298,58
1299,56
1246,55
1226,54
1175,53
1314,58
1299,56
1292,56
1238,54
1202,54
1161,52
1146,52
1214,54
1322,58
1185,54
1240,54
1295,54
1227,56
1081,50
1177,51
1277,55
1284,56
1272,55
1215,53
1188,54
1273,54
1167,54
1168,52
1209,53
1303,57
1159,53
1207,54
1226,54
1202,54
1249,56
1228,55
1234,54
1269,55
1171,54
1183,54
1170,52
1207,54
1298,58
1228,54
1240,56
1164,50
1290,57
1280,56
1182,52
1175,53
1145,53
1210,54
1256,56
1179,52
1255,55
1248,55
1310,57
1234,55
1184,53
1155,53
1226,54
1306,58
1231,55
1195,54
1314,57
1230,53
1227,54
1300,58
1230,55
1330,58
1104,50
1265,57
1219,54
1143,51
1254,55
1209,54
1170,52
1192,53
1257,55
1354,58
1231,55
1184,54
1300,57
1152,51
1336,57
1242,55
1301,57
1302,55
1224,55
1244,54
1276,55
1316,57
1248,55
1252,56
1343,56
1282,55
1200,54
1284,56
1126,51
1210,54
1228,56
1304,58
1234,54
1222,54
1233,55
1260,54
1284,56
1226,54
1286,56
1245,54
1268,56
1160,52
1319,57
1250,55
1183,53
1214,55
1206,53
1296,57
1242,54
1347,59
1269,54
1144,51
1090,51
1176,52
1213,54
1296,57
1326,58
1279,57
1181,54
1237,55
1185,53
1173,52
1210,54
1154,52
1235,53
1287,56
1336,58
1183,54
1314,56
1268,55
1292,57
1169,52
1149,51
1295,57
1201,54
1212,52
1175,52
1257,54
1243,55
1269,55
1179,54
1288,57
1255,57
1233,53
1221,53
1154,52
1153,52
1179,53
1076,51
1127,52
1257,56
1225,53
1252,54
1234,55
1203,54
1350,58
1215,55
1225,55
1285,58
1199,55
1240,56
1229,54
1250,55
1249,55
1247,55
1229,54
1208,54
1191,54
1331,59
1184,54
1242,53
1309,57
1196,53
1192,52
1207,53
1190,52
1215,52
1200,54
1146,52
1337,59
1116,51
1252,55
1242,56
1187,51
1142,51
1299,58
1275,56
1169,54
1195,54
1228,54
1207,53
1279,57
1213,54
1198,54
1082,51
1183,53
1164,53
1239,54
1194,53
1143,51
1251,54
1201,55
1127,51
1223,54
1252,55
1203,54
1273,57
1121,51
1175,51
1266,56
1275,57
1228,55
1240,54
1240,56
1238,54
1261,54
1298,57
1214,54
1189,54
1234,55
1309,57
1263,55
1195,53
1194,54
1185,53
1195,54
1212,54
1227,55
1270,56
1170,55
1151,52
1293,56
1313,57
1283,55
1180,53
1333,59
1318,58
1326,58
1255,55
1234,53
1209,54
1172,53
1246,56
1232,56
1236,56
1331,59
1200,52
1291,56
1240,56
1210,52
1247,55
1231,55
1143,53
1068,48
1165,52
1246,55
1289,55
1338,59
1162,53
1168,51
1072,50
1268,56
1145,52
1294,56
1280,56
1264,55
1234,54
1280,56
1276,56
1194,53
1221,55
1207,53
1173,51
1228,54
1215,54
1176,51
1204,52
1213,54
1226,54
1330,58
1193,53
1215,53
1245,55
1203,54
1241,55
1121,52
1235,55
1298,55
1165,54
1188,54
1236,55
1195,54
1291,55
1252,55
1240,54
1232,56
1320,57
1303,56
1268,56
1204,54
1298,57
1213,56
1202,54
1249,53
1206,54
1213,54
1132,50
1190,52
1217,54
1243,53
1169,52
1100,50
1251,55
1189,54
1326,58
1202,54
1226,54
1261,56
1315,56
1220,54
1148,53
1297,57
1164,52
1198,55
1211,53
1232,55
1231,55
1191,53
1286,55
1219,54
1295,57
1110,51
1319,58
1181,54
1010,48
1248,54
1258,54
1286,53
1292,57
1243,51
1312,58
1207,54
1185,54
1310,56
1214,55
1279,57
1255,53
1294,56
1222,53
1330,58
1315,57
1200,54
1239,55
1025,49
1159,53
1261,55
1227,54
1131,52
1167,53
1240,53
1226,55
1176,53
1244,55
1333,59
1261,55
1247,55
1270,57
1230,54
1310,58
1311,58
1195,53
1257,56
1292,57
1256,55
1245,56
1146,51
1130,52
1221,54
1283,56
1222,54
1266,56
1176,53
1323,58
1291,57
1211,56
1319,57
1226,55
1134,53
1264,55
1266,55
1248,56
1175,53
1228,54
1179,53
1197,53
1231,54
1127,51
1221,54
1188,53
1294,56
1254,55
1214,54
1288,56
1255,56
1090,50
1204,54
1201,54
1271,55
1275,56
1212,53
1270,55
1297,56
1220,54
1259,56
1297,56
1174,52
1212,54
1244,55
1266,56
1189,53
1180,53
1192,54
1264,57
1208,54
1217,54
1159,52
1262,54
1216,53
1275,56
1282,54
1310,58
1340,58
1218,54
1160,52
1103,51
1257,56
1234,53
1223,56
1199,53
1211,55
1308,57
1283,57
1226,53
1138,51
1201,54
1159,52
1234,55
1243,55
1234,54
1229,55
1282,56
1266,55
1220,54
1197,53
1099,50
1251,55
1283,56
1265,56
1196,55
1242,53
1146,51
1286,57
1208,53
1260,55
1154,51
1151,53
1220,54
1179,53
1200,53
1248,55
1254,55
1296,58
1148,51
1230,55
1180,53
1241,56
1175,52
1326,58
1185,54
1093,48
1289,56
1294,56
1174,53
1184,54
1332,57
1217,54
1232,53
1214,54
1242,55
1249,56
1137,52
1091,49
1341,58
1304,56
1241,55
1254,55
1180,54
1267,56
1119,51
1114,51
1230,54
1255,54
1172,54
1095,50
1200,54
1277,57
1346,59
1174,52
1206,53
1286,55
1275,56
1188,51
1242,56
1230,55
1267,55
1246,55
1308,57
1260,56
1260,56
1278,56
1111,51
1267,55
1327,59
1227,53
1186,53
1252,55
1322,56
1213,54
1138,52
1125,51
1106,52
1263,54
1225,54
1213,54
1227,55
1221,54
1231,54
1219,55
1287,55
1294,58
1087,50
1276,56
1325,57
1174,53
1262,56
1237,55
1205,54
1196,53
1177,53
1209,55
1199,53
1144,51
1304,56
1188,54
1288,57
1131,52
1190,54
1280,56
1254,55
1312,56
1299,58
1238,54
1294,57
1115,51
1266,56
1118,51
1210,53
1235,55
1173,53
1327,58
1181,54
1292,57
1158,53
1175,52
1290,56
1295,57
1298,55
1128,51
1202,54
1170,52
1254,56
1309,57
1219,55
1301,56
1292,56
1232,54
1214,53
1234,53
1188,53
1217,54
1298,57
1176,54
1253,56
1120,53
1186,53
1251,55
1290,57
1160,52