1263,57
1442,58
1434,61
1287,54
1362,58
1342,58
1350,61
1306,58
1345,60
1325,58
1362,60
1277,59
1242,55
1401,61
1234,56
1204,56
1287,56
1312,58
1359,59
1341,60
1424,61
1219,53
1376,61
1482,62
1304,57
1230,56
1371,60
1268,55
1349,59
1391,60
1382,56
1360,59
1244,55
1375,59
1317,60
1126,53
1294,56
1382,61
1338,58
1401,59
1294,57
1264,55
1387,61
1424,60
1205,54
1235,56
1452,63
1452,63
1291,57
1315,56
1297,58
1313,57
1353,59
1265,59
1390,62
1221,57
1205,55
1237,58
1260,56
1319,56
1249,57
1286,57
1317,57
1287,58
1432,62
1403,61
1245,57
1201,54
1331,57
1259,56
1322,60
1231,57
1356,59
1166,53
1317,56
1346,57
1318,58
1291,56
1243,57
1245,59
1299,59
1498,63
1310,58
1298,57
1404,60
1333,59
1343,60
1409,62
1484,62
1242,56
1228,56
1294,59
1275,57
1335,59
1268,57
1402,61
1153,54
1198,54
1205,55
1329,57
1301,58
1362,60
1264,59
1328,58
1276,58
1334,58
1348,63
1220,58
1370,60
1266,59
1165,54
1288,60
1578,68
1312,59
1134,52
1322,58
1268,59
1242,58
1435,63
1134,54
1281,56
1337,61
1273,58
1211,57
1326,59
1313,62
1221,56
1273,60
1239,57
1161,56
1491,64
1328,61
1163,55
1368,61
1259,59
1258,56
1282,58
1169,56
1300,58
1301,60
1318,58
1462,63
1369,61
1304,61
1434,64
1371,60
1356,59
1203,56
1174,54
1455,64
1244,57
1248,56
1246,58
1315,60
1265,58
1304,58
1456,62
1236,58
1174,55
1345,61
1334,60
1288,58
1166,55
1139,56
1192,54
1249,58
1360,60
1392,62
1282,59
1259,59
1286,58
1302,59
1286,59
1302,59
1461,64
1400,63
1253,55
1325,61
1252,58
1153,54
1330,60
1326,57
1224,58
1496,65
1338,60
1154,55
1232,59
1377,61
1506,65
1375,61
1379,61
1354,59
1260,57
1299,59
1339,61
1363,61
1232,57
1198,56
1339,60
1282,59
1301,60
1255,56
1332,60
1272,56
1256,57
1490,65
1283,60
1164,56
1363,61
1226,59
1172,56
1438,63
1201,56
1366,60
1261,57
1288,59
1230,58
1234,58
1367,60
1362,61
1154,54
1581,65
1242,55
1349,59
1352,59
1462,64
1329,58
1165,56
1343,62
1402,62
1325,60
1235,56
1481,65
1226,57
1286,60
1378,59
1366,60
1252,59
1327,59
1129,56
1228,58
1292,60
1470,64
1285,59
1262,57
1285,58
1383,62
1353,62
1282,58
1482,65
1277,59
1256,59
1254,58
1282,58
1271,58
1308,61
1384,62
1427,59
1394,63
1294,58
1274,59
1400,60
1185,56
1370,61
1201,57
1367,61
1483,64
1427,61
1258,58
1369,61
1391,61
1307,59
1387,63
1404,62
1330,59
1295,58
1223,57
1202,57
1293,59
1402,63
1261,59
1292,60
1425,63
1355,62
1226,57
1120,55
1325,59
1366,62
1348,61
1169,54
1256,58
1338,62
1354,60
1306,59
1271,58
1247,59
1193,57
1382,61
1390,62
1416,61
1238,57
1445,62
1262,58
1375,59
1327,61
1220,59
1259,58
1300,61
1440,61
1180,55
1377,62
1237,57
1276,59
1318,60
1413,62
1419,61
1323,61
1303,60
1364,60
1297,60
1287,60
1375,58
1301,59
1213,55
1363,62
1266,58
1255,57
1172,55
1262,56
1470,65
1405,63
1193,54
1389,61
1441,64
1273,59
1231,55
1274,58
1390,61
1493,64
1163,54
1427,62
1406,61
1387,63
1259,58
1308,59
1280,59
1372,62
1249,56
1224,55
1363,59
1311,60
1321,61
1184,56
1290,59
1348,61
1371,61
1296,57
1336,60
1297,59
1150,54
1246,59
1213,56
1478,64
1303,58
1257,57
1314,61
1295,58
1220,59
1329,59
1181,55
1211,56
1480,64
1379,62
1296,60
1404,61
1390,61
1348,57
1126,55
1224,57
1229,56
1369,61
1147,54
1272,58
1431,64
1354,60
1298,58
1319,60
1285,60
1538,67
1220,58
1383,61
1514,63
1401,62
1384,62
1291,58
1366,60
1499,66
1256,58
1253,56
1416,64
1297,59
1185,56
1314,59
1255,57
1325,59
1386,61
1238,57
1279,57
1260,58
1276,59
1415,62
1395,63
1202,56
1300,60
1367,60
1202,58
1247,58
1264,60
1242,58
1198,57
1467,64
1460,62
1208,58
1403,65
1239,56
1254,58
1229,56
1446,62
1392,62
1320,59
1323,60
1337,60
1186,56
1253,58
1271,60
1303,57
1513,66
1248,59
1281,56
1230,58
1394,63
1250,58
1412,62
1239,58
1182,55
1357,61
1294,59
1341,60
1266,59
1272,58
1202,58
1449,64
1500,63
1340,60
1251,54
1263,58
1284,58
1534,66
1244,59
1253,58
1481,64
1404,59
1351,63
1272,58
1223,54
1231,58
1295,60
1260,59
1369,62
1282,57
1434,65
1204,54
1202,57
1290,57
1244,58
1503,64
1338,60
1317,59
1228,58
1238,58
1371,62
1177,57
1390,61
1216,57
1532,65
1396,64
1190,55
1427,62
1396,62
1201,57
1319,61
1274,58
1209,57
1401,61
1502,65
1143,53
1417,63
1335,60
1252,59
1333,59
1390,63
1438,64
1319,60
1246,59
1332,61
1357,62
1385,61
1410,61
1205,57
1174,57
1384,60
1306,61
1289,57
1294,61
1210,57
1343,60
1375,61
1373,63
1352,61
1420,62
1187,56
1402,63
1217,55
1262,57
1409,63
1354,61
1220,58
1452,63
1420,62
1326,60
1366,62
1364,62
1360,61
1438,63
1195,53
1314,58
1325,60
1198,58
1315,60
1247,57
1231,56
1408,61
1235,58
1397,61
1371,59
1331,61
1255,58
1453,63
1451,64
1358,60
1310,59
1301,58
1401,64
1219,59
1322,61
1377,63
1440,65
1287,57
1458,65
1441,64
1188,56
1184,54
1354,62
1186,57
1168,56
1310,61
1357,60
1274,58
1229,57
1291,60
1272,59
1324,58
1411,61
1206,57
1326,59
1170,56
1246,58
1286,58
1338,62
1298,59
1243,58
1235,57
1473,63
1317,56
1249,59
1322,60
1376,61
1239,57
1402,63
1260,57
1382,61
1402,61
1279,59
1375,59
1275,58
1216,56
1256,58
1254,57
1318,60
1298,59
1291,60
1150,56
1347,60
1338,60
1461,64
1172,55
1131,53
1336,61
1320,60
1225,58
1225,56
1373,59
1356,59
1252,59
1458,65
1213,57
1311,59
1202,56
1292,57
1223,56
1313,61
1338,60
1297,58
1306,60
1135,55
1349,60
1469,62
1343,60
1460,64
1203,57
1311,62
1277,56
1297,60
1417,64
1349,60
1222,55
1207,56
1178,54
1255,57
1454,63
1370,62
1478,65
1408,62
1092,52
1262,58
1337,60
1307,61
1331,60
1223,58
1329,61
1281,59
1243,58
1178,54
1480,64
1326,60
1355,61
1238,58
1246,56
1135,56
1313,60
1298,58
1268,61
1285,57
1356,62
1300,60
1262,58
1299,57
1260,60
1386,61
1120,52
1397,63
1302,58
1251,57
1264,57
1162,54
1411,63
1391,63
1302,59
1238,57
1181,55
1333,58
1214,57
1266,55
1376,61
1228,56
1476,63
1328,59
1350,62
1364,62
1166,55
1194,57
1238,59
1360,58
1165,55
1188,55
1310,59
1303,56
1236,55
1167,56
1354,61
1202,55
1194,57
1504,63
1317,59
1256,56
1410,64
1517,66
1250,57
1412,62
1262,57
1178,56
1225,59
1351,60
1263,56
1279,59
1449,63
1142,54
1345,61
1561,68
1400,62
1308,58
1415,64
1525,66
1414,63
1532,66
1431,64
1392,62
1370,61
1459,65
1338,62
1358,61
1373,62
1532,67
1376,62
1556,68
1334,60
1454,64
1434,63
1168,54
1289,59
1455,63
1442,64
1381,58
1262,58
1304,59
1334,59
1439,61
1356,61
1269,58
1421,63
1343,60
1383,63
1539,67
1477,65
1356,62
1452,63
1406,62
1542,66
1226,58
1331,61
1349,62
1341,61
1365,60
1328,59
1311,60
1321,60
1393,64
1275,60
1425,63
1323,63
1340,61
1463,63
1409,63
1463,65
1377,63
1299,60
1490,66
1315,61
1501,64
1258,58
1342,60
1313,60
1508,64
1541,64
1350,61
1493,65
1430,64
1416,62
1323,61
1374,62
1377,62
1474,65
1374,61
1347,60
1387,60
1395,63
1391,61
1500,66
1324,61
1417,62
1408,61
1288,60
1402,63
1339,61
1309,61
1344,60
1362,61
1477,65
1356,59
1322,61
1447,64
1354,61
1472,63
1323,60
1432,63
1314,61
1296,59
1262,58
1243,57
1471,65
1359,61
1473,64
1302,59
1274,57
1491,63
1300,59
1462,66
1377,61
1264,58
1420,62
1459,63
1180,54
1395,61
1347,59
1437,63
1387,63
1370,60
1538,66
1338,61
1256,58
1426,62
1413,61
1362,61
1473,64
1251,58
1404,61
1407,64
1354,60
1293,59
1553,68
1387,63
1447,63
1377,64
1411,64
1448,63
1296,60
1388,62
1307,61
1509,65
1503,65
1275,60
1340,62
1318,59
1490,64
1359,63
1397,63
1526,66
1387,63
1402,62
1568,67
1580,66
1370,63
1573,67
1373,61
1471,65
1248,59
1403,62
1470,62
1547,65
1501,64
1298,59
1305,58
1572,69
1445,64
1652,69
1307,60
1316,61
1474,66
1377,63
1376,62
1313,61
1204,57
1410,65
1310,60
1336,62
1546,68
1367,62
1388,63
1392,63
1244,58
1452,64
1439,63
1627,70
1333,61
1394,64
1219,57
1155,56
1142,56
1296,59
1548,67
1435,65
1380,61
1308,60
1390,60
1420,61
1317,62
1383,61
1472,66
1371,60
1378,64
1580,69
1525,65
1356,61
1424,64
1378,61
1268,59
1236,57
1352,63
1461,63
1377,61
1480,63
1436,62
1398,61
1524,66
1381,61
1403,63
1251,54
1327,62
1354,61
1437,64
1395,63
1426,63
1385,62
1483,65
1424,63
1421,64
1390,62
1535,66
1391,62
1300,62
1419,64
1305,58
1337,62
1397,62
1328,61
1501,67
1346,62
1365,60
1446,63
1270,59
1556,68
1387,63
1425,63
1405,60
1347,63
1460,65
1207,56
1329,59
1326,62
1513,64
1311,61
1306,61
1425,64
1481,67
1381,61
1452,66
1402,62
1406,62
1381,62
1368,61
1367,61
1273,59
1435,62
1300,59
1506,65
1434,64
1307,60
1416,62
1350,60
1591,68
1408,63
1572,65
1323,59
1412,64
1420,63
1496,66
1304,60
1377,60
1629,68
1439,63
1440,64
1444,62
1164,56
1470,64
1460,65
1526,67
1494,64
1330,60
1517,64
1432,64
1387,62
1497,65
1243,59
1414,62
1462,62
1515,65
1508,64
1462,61
1439,64
1366,61
1350,60
1344,61
1453,65
1368,63
1436,62
1422,63
1577,67
1462,65
1436,63
1355,61
1330,60
1337,62
1237,59
1382,62
1487,66
1332,59
1375,63
1508,67
1434,62
1524,66
1533,66
1318,59
1309,58
1474,63
1494,65
1319,61
1565,68
1413,63
1284,59
1580,66
1405,62
1400,64
1443,63
1302,58
1482,65
1345,62
1254,59
1251,57
1321,59
1310,60
1449,65
1313,59
1380,62
1541,66
1311,60
1304,62
1356,63
1499,65
1352,61
1487,65
1469,65
1290,60
1396,62
1407,63
1327,61
1286,59
1446,64
1301,58
1246,58
1298,61
1571,66
1353,62
1494,65
1461,65
1461,64
1477,64
1264,58
1458,65
1491,66
1210,56
1347,62
1503,65
1315,59
1378,62
1353,60
1446,63
1561,67
1316,61
1433,63
1373,62
1340,60
1469,65
1278,60
1458,63
1619,69
1393,61
1426,64
1369,62
1508,65
1283,60
1458,64
1595,68
1206,57
1482,64
1571,67
1365,62
1311,60
1411,62
1454,62
1392,62
1413,62
1434,63
1335,60
1474,63
1377,62
1290,60
1487,65
1535,68
1133,55
1334,61
1292,61
1331,61
1349,60
1407,62
1365,62
1394,61
1422,65
1362,62
1362,60
1447,61
1261,59
1359,60
1370,61
1362,61
1518,66
1493,65
1180,58
1415,63
1347,62
1241,57
1319,59
1513,66
1289,59
1393,63
1514,67
1358,61
1426,62
1410,62
1433,64
1214,56
1478,66
1312,61
1407,63
1572,68
1432,62
1458,65
1358,59
1407,61
1481,64
1482,65
1420,65
1393,59
1309,59
1233,58
1473,66
1395,63
1340,63
1510,67
1448,63
1477,65
1425,64
1366,61
1487,63
1296,56
1614,69
1496,65
1259,60
1604,68
1426,62
1408,63
1314,59
1481,63
1449,64
1383,61
1446,65
1360,60
1588,65
1442,65
1444,64
1509,66
1346,62
1292,59
1201,56
1384,62
1268,59
1274,58
1319,59
1268,59
1337,61
1420,63
1428,63
1497,65
1401,63
1207,57
1321,59
1309,60
1284,60
1523,65
1181,57
1443,62
1473,66
1334,62
1483,64
1335,61
1521,67
1346,62
1441,64
1440,62
1341,60
1455,66
1396,61
1470,65
1430,63
1315,61
1269,60
1345,62
1379,62
1566,67
1410,64
1238,56
1435,65
1407,63
1393,63
1265,58
1323,61
1534,65
1326,59
1357,59
1389,62
1496,65
1482,65
1342,62
1507,65
1410,62
1479,65
1342,61
1436,63
1371,61
1398,63
1395,62
1470,64
1521,66
1446,65
1256,60
1287,56
1487,63
1325,60
1531,65
1416,62
1534,66
1288,59
1251,58
1411,64
1440,65
1289,59
1434,65
1297,57
1386,62
1385,62
1482,65
1547,66
1288,59
1531,66
1247,59
1530,66
1372,61
1397,60
1282,60
1404,62
1433,63
1443,65
1269,61
1481,65
1500,65
1488,66
1457,64
1462,64
1254,60
1437,63
1380,62
1398,61
1441,64
1419,65
1451,63
1422,65
1372,63
1389,62
1429,64
1375,63
1611,69
1530,65
1374,60
1470,64
1453,64
1441,63
1491,65
1393,62
1233,57
1489,66
1368,62
1222,59
1417,61
1266,57
1392,63
1429,63
1582,68
1450,62
1298,59
1287,60
1358,61
1382,60
1344,61
1356,62
1292,61
1459,64
1430,63
1322,60
1345,62
1455,64
1393,61
1327,61
1292,59
1376,61
1470,64
1360,62
1348,61
1425,63
1374,62
1480,65
1439,63
1522,65
1383,62
1487,65
1360,61
1450,65
1335,60
1462,65
1444,62
1471,64
1398,63
1298,62
1543,67
1341,59
1214,56
1360,60
1472,62
1413,62
1379,62
1273,60
1639,69
1364,61
1529,65
1505,68
1344,60
1240,56
1500,65
1402,62
1290,60
1492,65
1474,64
1219,59
1500,65
1249,57
1446,62
1328,60
1369,59
1375,62
1465,64
1457,63
1365,60
1377,62
1354,62
1327,61
1378,62
1368,62
1475,66
1365,61
1367,62
1459,63
1463,65
1347,59
1242,61
1412,62
1336,63
1463,63
1334,60
1494,65
1315,60
1612,67
1466,65
1392,61
1372,62
1423,63
1370,60
1347,62
1399,63
1488,66
1480,65
1311,59
1505,66
1411,63
1567,67
1413,64
1346,61
1303,62
1456,65
1452,64
1426,63
1433,63
1397,62
1380,60
1552,65
1372,62
1496,66
1389,63
1486,66
1395,62
1171,57
1503,65
1468,65
1331,60
1635,67
1305,60
1339,61
1395,63
1225,57
1321,59
1356,60
1443,64
1331,60
1262,58
1342,62
1365,62
1497,66
1356,61
1275,58
1516,66
1382,60
1501,66
1446,65
1419,62
1235,59
1354,61
1445,64
1462,65
1378,61
1343,62
1299,59
1521,65
1333,59
1198,55
1346,58
1270,58
1535,67
1465,62
1456,65
1497,63
1358,62
1367,62
1277,60
1394,64
1428,61
1407,62
1415,64
1456,65
1355,62
1399,64
1424,61
1331,59
1527,66
1377,61
1533,67
1397,61
1212,58
1396,64
1432,65
1215,57
1329,62
1498,66
1441,64
1496,65
1520,67
1450,63
1393,59
1373,60
1311,58
1570,67
1410,62
1321,60
1514,65
1266,58
1444,65
1342,61
1496,66
1433,63
1551,69
1495,66
1383,62
1369,63
1465,65
1524,68
1402,62
1552,68
1391,64
1503,66
1360,61
1288,61
1314,59
1357,62
1310,60
1522,66
1426,64
1536,67
1453,64
1459,64
1466,66
1264,60
1507,65
1563,67
1347,61
1382,62
1517,66
1393,64
1346,61
1277,58
1329,62
1442,62
1380,62
1343,61
1415,61
1496,66
1420,62
1323,60
1317,60
1466,66
1525,66
1460,64
1293,59
1331,61
1531,66
1382,62
1477,64
1390,63
1530,65
1638,70
1381,62
1631,68
1530,67
1487,64
1511,64
1212,57
1489,66
1388,61
1317,60
1490,64
1402,64
1428,62
1463,63
1354,60
1293,59
1296,58
1330,62
1328,60
1539,66
1406,62
1234,57
1390,61
1327,61
1521,66
1353,62
1380,63
1351,61
1198,57
1388,63
1341,61
1466,66
1410,63
1536,66
1385,62
1346,62
1393,62
1373,63
1378,63
1267,59
1444,62
1467,64
1483,65
1540,65
1419,63
1481,65
1255,58
1385,61
1476,64
1478,64
1387,61
1533,66
1294,60
1427,64
1405,61
1305,61
1426,63
1411,62
1485,66
1456,61
1449,63
1504,66
1361,61
1294,58
1493,65
1411,61
1268,59
1456,64
1426,61
1459,63
1254,59
1275,58
1451,63
1422,62
1245,57
1495,66
1478,63
1391,64
1430,62
1274,58
1578,67
1315,61
1366,62
1519,65
1396,62
1484,65
1323,61
1407,62
1395,64
1471,67
1268,61
1240,56
1464,66
1496,66
1346,59
1456,63
1477,64
1315,62
1323,60
1385,62
1415,61
1521,66
1450,62
1225,58
1384,62
1552,66
1279,58
1378,62
1445,63
1427,64
1331,60
1439,62
1517,66
1433,63
1470,62
1295,60
1522,67
1095,54
1255,59
1287,60
1416,64
1536,65
1438,65
1342,61
1423,63
1169,57
1313,59
1378,62
1307,60
1563,65
1336,61
1259,59
1352,62
1439,64
1550,67
1498,66
1352,61
1357,62
1366,61
1435,64
1471,63
1412,63
1475,65
1400,62
1473,64
1434,63
1316,60
1353,60
1362,60
1329,58
1358,60
1296,59
1337,60
1347,62
1363,63
1466,67
1358,63
1356,60
1421,62
1280,60
1344,60
1435,63
1450,63
1508,66
1195,56
1516,65
1328,61
1363,60
1455,64
1297,60
1475,65
1345,61
1400,65
1392,64
1428,63
1183,57
1270,60
1459,65
1313,59
1475,64
1504,64
1388,61
1367,62
1457,62
1407,61
1478,66
1475,65
1390,63
1521,67
1457,63
1498,66
1512,66
1392,63
1537,66
1436,63
1422,62
1381,61
1441,63
1439,64
1374,63
1374,59
1402,62
1485,66
1442,64
1578,66
1299,57
1453,66
1386,63
1446,64
1265,58
1387,61
1217,56
1403,63
1175,56
1213,57
1246,56
1454,64
1255,59
1542,66
1415,61
1390,63
1253,57
1466,65
1418,64
1425,63
1415,64
1528,65
1330,60
1203,55
1357,64
1506,67
1315,62
1381,62
1337,59
1410,63
1369,61
1198,56
1556,68
1331,60
1216,56
1462,64
1357,63
1457,62
1565,67
1327,61
1282,59
1444,63
1346,61
1471,66
1359,61
1356,62
1286,60
1361,61
1478,65
1320,60
1351,59
1203,59
1510,65
1400,63
1347,61
1501,66
1324,60
1370,61
1622,68
1234,60
1410,62
1389,61
1405,63
1341,61
1473,65
1409,65
1411,63
1430,62
1402,62
1316,61
1349,60
1217,57
1304,61
1523,65
1415,64
1344,61
1517,68
1519,66
1593,69
1563,69
1304,60
1407,63
1419,64
1251,57
1288,59
1338,63
1416,61
1372,62
1372,59
1223,56
1334,62
1400,62
1504,64
1392,63
1366,61
1292,58
1403,65
1529,66
1501,65
1356,62
1551,67
1455,64
1447,63
1532,65
1361,61
1452,65
1489,65
1448,64
1500,66
1539,65
1389,62
1493,64
1522,66
1210,55
1317,62
1209,56
1329,61
1394,62
1437,65
1462,63
1523,66
1364,61
1351,61
1529,66
1468,64
1481,64
1441,63
1349,60
1485,65
1350,60
1413,61
1302,58
1459,63
1497,65
1468,65
1345,60
1462,65
1325,59
1380,63
1336,61
1276,61
1421,62
1427,64
1289,59
1419,61
1325,61
1355,62
1340,61
1450,64
1375,60
1462,64
1392,61
1404,64
1453,63
1382,61
1322,61
1559,69
1372,61
1350,61
1343,61
1400,62
1372,61
1422,61
1441,63
1166,54
1286,58
1393,64
1426,64
1318,58
1351,60
1290,60
1341,61
1429,64
1454,64
1396,62
1438,62
1305,61
1329,60
1402,63
1391,63
1431,63
1477,63
1365,62
1307,61
1448,64
1354,61
1549,67
1477,66
1332,60
1570,67
1416,63
1366,59
1323,61
1472,65
1461,64
1699,71
1397,63
1323,61
1389,62
1388,62
1478,65
1459,63
1331,61
1425,62
1548,66
1285,60
1367,60
1408,62
1316,60
1444,63
1245,58
1503,64
1338,61
1503,66
1558,65
1394,63
1450,64
1328,59
1377,61
1406,62
1276,59
1390,61
1403,63
1330,60
1482,65
1367,61
1513,65
1208,55
1579,68
1413,62
1246,59
1391,62
1323,58
1346,60
1396,64
1232,57
1434,63
1435,63
1449,63
1375,62
1338,60
1383,61
1417,63
1271,57
1332,60
1510,67
1330,61
1237,55
1419,62
1341,58
1481,63
1300,60
1476,64
1332,59
1340,61
1656,69
1477,64
1272,59
1370,61
1475,63
1356,62
1253,58
1405,62
1270,59
1389,63
1205,57
1497,65
1287,60
1324,62
1539,65
1497,67
1473,63
1477,64
1402,63
1402,60
1491,65
1424,63
1326,58
1399,63
1406,61
1435,65
1344,62
1370,61
1287,59
1383,63
1542,67
1413,63
1573,65
1549,68
1348,60
1510,65
1366,59
1450,63
1443,64
1331,60
1392,62
1494,65
1418,64
1503,66
1505,66
1384,61
1363,60
1317,59
1519,66
1412,65
1552,66
1311,60
1354,59
1253,59
1451,64
1382,61
1435,63
1407,61
1321,61
1327,60
1420,63
1350,60
1533,63
1434,64
1278,60
1380,62
1512,66
1376,61
1340,61
1494,64
1398,62
1211,55
1468,65
1276,60
1215,58
1282,57
1449,64
1393,62
1339,61
1375,62
1331,62
1558,68
1319,60
1314,62
1415,62
1387,62
1518,65
1328,60
1489,65
1413,63
1298,59
1476,66
1432,63
1380,62
1201,58
1438,62
1538,65
1376,61
1386,61
1306,60
1408,62
1303,59
1515,67
1462,64
1305,60
1493,65
1349,62
1512,65
1364,62
1385,64
1228,58
1540,64
1487,63
1311,60
1466,65
1465,65
1509,66
1313,58
1378,60
1317,60
1359,62
1416,63
1322,59
1469,65
1295,60
1548,65
1487,64
1555,66
1404,63
1445,64
1311,59
1425,63
1393,61
1456,65
1637,68
1493,65
1505,65
1477,65
1434,63
1402,63
1442,62
1275,60
1479,64
1432,63
1325,59
1540,64
1495,64
1379,61
1268,60
1609,68
1422,64
1404,61
1434,65
1378,63
1331,60
1280,57
1490,64
1604,69
1556,67
1321,61
1316,59
1435,61
1511,64
1451,65
1447,63
1346,60
1480,63
1428,64
1460,63
1385,63
1344,61
1256,56
1494,66
1505,65
1452,64
1260,59
1309,59
1337,62
1533,66
1276,56
1275,58
1537,66
1417,63
1397,61
1385,61
1321,62
1322,61
1347,59
1505,64
1341,61
1475,65
1428,61
1425,63
1360,62
1403,61
1351,62
1527,67
1488,64
1401,63
1606,69
1456,63
1312,59
1668,71
1394,63
1336,60
1297,60
1474,65
1287,60
1522,66
1343,62
1395,62
1444,63
1253,56
1419,61
1329,61
1386,62
1319,60
1519,63
1492,63
1363,61
1408,65
1532,67
1326,62
1486,63
1481,66
1370,61
1285,59
1384,60
1446,60
1389,62
1373,61
1429,61
1434,61
1484,64
1402,62
1499,64
1486,63
1311,60
1402,62
1387,61
1260,58
1401,63
1425,61
1369,62
1351,61
1468,66
1409,63
1503,66
1350,62
1431,63
1484,65
1365,64
1419,63
1523,65
1284,59
1354,61
1554,67
1266,60
1459,63
1331,60
1534,67
1425,62
1372,62
1387,63
1402,63
1678,69
1266,60
1461,64
1401,61
1440,64
1544,67
1348,61
1298,58
1372,63
1374,60
1288,60
1500,64
1256,60
1457,64
1300,58
1476,65
1392,61
1390,59
1475,66
1609,68
1316,58
1312,60
1362,62
1442,63
1463,65
1315,59
1418,63
1390,60
1387,62
1552,66
1350,62
1356,60
1219,57
1418,64
1415,62
1421,62
1499,64
1320,61
1453,62
1330,58
1313,60
1398,63
1396,62
1389,62
1232,57
1417,62
1278,59
1439,65
1468,65
1284,60
1414,63
1372,63
1385,63
1442,61
1320,59
1503,65
1314,59
1330,60
1294,59
1369,61
1367,61
1421,64
1481,65
1502,65
1286,59
1214,56
1316,61
1264,59
1215,58
1248,58
1416,60
1415,64
1378,61
1313,61
1311,60
1445,61
1429,62
1427,63
1358,62
1356,60
1268,57
1445,64
1348,59
1369,61
1326,61
1362,61
1294,59
1281,58
1338,60
1437,64
1430,63
1393,61
1428,64
1417,62
1455,64
1390,63
1457,63
1276,59
1344,61
1205,57
1440,63
1459,63
1313,57
1352,62
1290,59
1386,63
1312,60
1354,60
1369,60
1400,64
1366,59
1421,64
1620,68
1341,60
1339,59
1394,62
1386,61
1335,61
1436,64
1378,60
1311,59
1570,69
1456,66
1410,62
1398,63
1407,63
1498,66
1267,58
1250,59
1420,63
1290,59
1430,64
1414,62
1266,56
1434,63
1400,63
1511,65
1393,62
1439,64
1418,63
1480,63
1350,58
1431,62
1329,62
1461,63
1377,61
1511,65
1265,59
1464,65
1516,66
1295,60
1423,60
1442,63
1338,62
1522,67
1551,66
1422,64
1394,62
1351,63
1468,64
1427,64
1266,62
1510,65
1314,59
1380,60
1277,59
1370,60
1375,62
1316,60
1396,63
1266,60
1399,61
1468,64
1226,56
1428,61
1438,64
1355,62
1515,65
1395,62
1611,69
1412,63
1421,65
1528,67
1510,65
1292,59
1587,68
1381,62
1535,65
1263,60
1307,61
1396,62
1331,60
1421,62
1378,62
1316,61
1463,63
1500,66
1429,63
1427,64
1444,65
1277,59
1547,66
1390,64
1447,62
1469,63
1467,65
1430,63
1458,62
1488,64
1204,56
1482,65
1356,61
1279,58
1410,63
1636,69
1478,66
1401,62
1387,62
1306,60
1447,66
1371,61
1454,64
1401,62
1373,61
1289,58
1542,64
1312,62
1233,56
1326,62
1202,56
1314,60
1384,61
1446,62
1234,58
1438,63
1474,65
1363,61
1464,63
1511,65
1304,58
1378,63
1429,64
1475,63
1296,59
1293,58
1392,64
1509,65
1408,62
1417,62
1215,57
1489,65
1341,60
1317,60
1376,62
1471,67
1361,60
1350,62
1427,62
1333,61
1427,62
1475,63
1520,66
1304,61
1331,61
1353,61
1304,59
1380,61
1380,62
1406,60
1371,61
1547,66
1313,60
1350,62
1452,64
1308,59
1275,59
1378,61
1320,62
1221,57
1400,62
1482,65
1397,63
1371,64
1264,58
1392,61
1335,61
1351,61
1438,65
1468,64
1359,61
1432,64
1564,68
1291,60
1389,59
1503,66
1454,66
1366,60
1432,63
1509,65
1450,62
1303,61
1340,62
1313,59
1442,63
1395,62
1315,61
1236,58
1250,59
1350,61
1398,63
1466,62
1334,60
1505,64
1487,65
1348,61
1475,64
1347,62
1432,62
1405,62
1293,59
1351,61
1591,67
1266,58
1581,68
1259,60
1385,62
1266,59
1507,65
1374,62
1465,64
1336,59
1406,61
1417,63
1404,62
1388,62
1441,64
1476,64
1448,62
1435,63
1321,61
1313,60
1441,62
1350,59
1455,63
1455,64
1392,65
1587,67
1638,69
1362,62
1451,63
1437,64
1377,60
1281,60
1357,63
1348,62
1517,65
1313,60
1356,61
1483,66
1531,65
1452,63
1418,66
1248,59
1364,62
1570,65
1475,64
1568,66
1457,64
1480,64
1446,64
1263,57
1330,59
1277,58
1338,59
1348,61
1357,62
1414,62
1370,62
1341,62
1442,64
1363,61
1297,60
1487,65
1211,56
1339,61
1357,61
1402,63
1445,63
1400,63
1319,60
1406,64
1375,62
1363,62
1486,66
1454,64
1385,62
1402,61
1255,59
1471,63
1403,62
1346,59
1291,58
1420,61
1530,66
1433,65
1204,56
1566,67
1391,61
1329,60
1511,64
1490,63
1394,62
1292,59
1486,64
1293,57
1285,58
1447,63
1330,62
1358,61
1558,65
1457,63
1236,55
1360,62
1372,62
1524,65
1403,63
1350,60
1263,57
1461,66
1305,58
1459,64
1397,63
1325,61
1358,62
1268,59
1251,58
1412,61
1424,62
1182,56
1318,60
1468,65
1387,62
1404,63
1305,60
1478,64
1302,59
1409,61
1439,63
1279,59
1395,63
1322,61
1476,63
1454,65
1417,63
1345,61
1568,68
1359,62
1474,64
1373,60
1404,61
1331,60
1344,60
1367,63
1198,56
1399,62
1424,63
1559,68
1368,61
1446,63
1541,66
1371,62
1359,62
1398,62
1426,63
1454,66
1292,59
1495,66
1362,61
1422,62
1488,66
1314,61
1410,64
1488,67
1499,66
1312,61
1327,59
1482,63
1307,59
1331,61
1340,61
1513,64
1378,61
1351,62
1429,63
1291,60
1357,60
1353,61
1423,61
1613,69
1424,65
1272,59
1501,65
1289,57
1346,61
1495,65
1429,61
1326,60
1420,63
1446,65
1451,64
1454,64
1304,60
1399,61
1415,63
1306,60
1347,61
1339,58
1306,59
1403,62
1428,64
1413,62
1412,65
1532,65
1377,62
1383,61
1303,60
1257,59
1430,65
1454,63
1377,61
1442,64
1615,69
1370,60
1404,59
1385,61
1172,55
1362,60
1415,64
1387,62
1306,60
1365,61
1418,62
1367,61
1203,57
1613,70
1478,65
1395,62
1282,60
1295,59
1222,56
1520,66
1414,62
1242,59
1386,63
1365,59
1358,60
1490,66
1326,62
1395,62
1377,59
1516,67
1428,65
1560,67
1326,62
1539,66
1350,60
1314,59
1297,58
1233,58
1521,64
1426,63
1319,60
1342,60
1499,64
1424,64
1416,63
1429,63
1403,62
1487,66
1413,63
1458,64
1357,61
1398,60
1469,65
1544,68
1495,65
1273,57
1505,63
1434,63
1414,62
1474,65
1441,63
1359,61
1466,63
1524,65
1383,60
1345,61
1567,66
1498,65
1614,67
1400,63
1291,59
1404,60
1407,63
1313,60
1405,63
1424,62
1416,62
1458,64
1374,60
1415,62
1514,65
1338,60
1474,63
1286,60
1448,64
1378,62
1384,62
1381,59
1341,60
1361,60
1192,57
1291,59
1283,60
1453,65
1356,60
1311,57
1374,62
1297,60
1294,59
1381,59
1424,62
1339,60
1375,62
1445,64
1362,61
1394,61
1435,61
1264,61
1419,63
1275,60
1347,60
1380,60
1291,58
1422,64
1369,59
1393,62
1392,63
1416,62
1392,61
1253,58
1314,61
1339,60
1434,61
1323,60
1465,64
1365,62
1510,65
1521,67
1376,62
1448,65
1541,64
1393,62
1360,61
1561,67
1372,61
1366,62
1500,65
1523,67
1271,60
1346,59
1277,58
1250,59
1336,60
1276,59
1180,58
1246,58
1350,61
1414,63
1240,58
1304,61
1481,64
1375,62
1242,58
1276,60
1431,63
1326,58
1342,61
1437,64
1438,63
1441,64
1417,63
1421,61
1357,61
1500,66
1354,61
1532,65
1434,63
1398,63
1447,63
1305,60
1422,62
1534,65
1534,66
1288,60
1439,63
1417,62
1451,64
1492,64
1407,61
1424,62
1338,62
1426,63
1688,70
1325,59
1496,66
1527,67
1339,61
1315,58
1377,61
1357,62
1320,58
1368,62
1385,60
1413,64
1321,61
1316,60
1324,59
1331,61
1409,62
1326,61
1242,58
1610,67
1363,62
1455,62
1455,64
1365,61
1542,66
1334,61
1494,64
1357,61
1277,60
1407,61
1416,61
1483,66
1397,62
1306,61
1482,65
1461,66
1357,62
1312,60
1382,62
1380,63
1388,60
1576,67
1441,63
1274,58
1483,65
1488,65
1383,61
1271,58
1434,66
1450,64
1318,59
1382,62
1306,60
1308,60
1370,61
1535,65
1381,62
1386,60
1436,63
1342,61
1392,62
1414,63
1588,67
1461,62
1402,62
1475,64
1451,63
1368,60
1384,63
1493,65
1448,65
1426,62
1401,62
1445,64
1485,65
1354,59
1413,61
1372,63
1518,65
1429,61
1399,61
1300,59
1305,59
1539,66
1521,66
1503,64
1415,63
1357,61
1437,62
1373,61
1426,62
1301,58
1344,62
1340,61
1487,64
1389,62
1425,62
1495,64
1432,62
1424,63
1255,58
1442,64
1312,61
1340,59
1470,62
1378,62
1438,64
1293,60
1367,60
1500,66
1267,59
1291,59
1288,59
1371,61
1270,57
1385,62
1422,63
1360,61
1488,62
1472,63
1296,59
1409,61
1282,59
1315,60
1445,64
1505,64
1526,68
1338,61
1510,66
1419,62
1284,60
1428,61
1515,66
1345,62
1491,67
1427,62
1226,57
1369,62
1443,64
1370,61
1393,62
1394,64
1372,62
1455,64
1397,62
1459,64
1414,62
1263,56
1290,61
1302,59
1267,54
1318,63
1605,68
1411,62
1501,66
1439,64
1593,68
1341,60
1390,63
1459,65
1464,65
1473,65
1626,68
1263,58
1421,63
1389,61
1270,57
1409,61
1480,62
1413,63
1415,62
1329,62
1498,66
1484,66
1224,57
1419,61
1338,59
1395,62
1286,60
1382,61
1404,62
1425,64
1419,63
1249,58
1231,59
1559,66
1270,61
1554,67
1281,59
1421,63
1323,60
1306,61
1267,58
1469,66
1386,62
1524,64
1370,57
1475,64
1381,63
1313,60
1439,63
1224,58
1553,65
1432,63
1213,59
1325,57
1327,59
1376,62
1381,60
1471,65
1362,62
1353,62
1444,63
1344,60
1539,66
1486,64
1393,60
1387,62
1302,58
1481,64
1463,63
1380,62
1545,67
1343,59
1371,63
1376,61
1461,64
1407,62
1354,62
1385,62
1406,62
1557,66
1435,63
1329,59
1300,60
1354,62
1626,70
1416,64
1440,63
1343,62
1407,64
1441,63
1305,59
1546,67
1422,63
1270,58
1277,57
1474,63
1357,61
1399,62
1374,60
1382,60
1482,63
1469,64
1384,62
1306,60
1441,62
1360,61
1406,63
1359,58
1346,60
1616,67
1286,60
1432,64
1363,61
1278,58
1304,60
1338,62
1356,62
1327,60
1398,60
1361,59
1491,64
1397,63
1436,64
1392,61
1531,66
1388,63
1429,65
1384,62
1539,67
1299,58
1422,65
1388,62
1268,59
1367,61
1393,61
1335,61
1331,60
1340,61
1237,58
1345,60
1492,65
1362,61
1465,65
1366,62
1455,64
1442,61
1565,67
1583,68
1388,63
1371,61
1560,67
1340,59
1422,63
1476,64
1490,63
1374,62
1333,63
1506,64
1409,63
1339,60
1488,64
1463,63
1471,64
1344,61
1254,58
1382,63
1403,63
1354,62
1359,61
1446,64
1427,63
1415,63
1567,66
1302,60
1298,60
1319,60
1450,64
1367,61
1456,62
1374,62
1403,62
1384,62
1187,56
1469,62
1514,67
1337,60
1447,63
1284,58
1388,61
1425,62
1456,65
1310,59
1227,58
1492,65
1387,61
1297,58
1389,63
1247,58
1283,58
1508,63
1456,64
1540,67
1374,61
1400,63
1313,59
1354,62
1206,56
1395,63
1461,65
1358,62
1289,60
1380,61
1349,62
1303,59
1461,65
1392,63
1508,64
1461,65
1347,61
1461,64
1530,67
1255,58
1383,60
1299,60
1384,61
1462,66
1357,61
1443,63
1491,66
1355,63
1253,59
1404,61
1385,63
1348,62
1235,58
1407,61
1317,61
1375,62
1246,55
1446,62
1470,65
1543,66
1359,61
1339,60
1384,62
1592,66
1263,59
1477,64
1372,62
1361,60
1372,62
1444,63
1251,59
1260,57
1281,61
1386,63
1275,57
1348,60
1506,66
1287,60
1360,60
1404,63
1525,65
1418,63
1339,61
1288,59
1468,65
1384,60
1403,63
1548,67
1424,65
1356,61
1419,64
1423,64
1344,61
1369,62
1366,60
1359,61
1387,62
1331,60
1306,59
1410,62
1473,63
1324,58
1448,63
1357,60
1529,66
1463,62
1375,62
1488,65
1571,65
1414,63
1351,61
1254,58
1202,55
1348,60
1513,66
1401,62
1319,61
1558,66
1385,62
1355,61
1493,65
1356,62
1411,60
1476,65
1411,63
1565,67
1482,65
1438,64
1455,64
1257,59
1524,66
1430,63
1521,68
1453,63
1147,55
1371,61
1408,61
1360,62
1437,65
1347,61
1409,64
1339,60
1515,65
1506,65
1619,68
1409,62
1257,58
1344,61
1282,60
1473,63
1352,61
1431,62
1444,64
1321,60
1408,64
1399,62
1382,62
1240,59
1328,58
1381,63
1251,58
1457,63
1360,61
1242,58
1361,61
1290,58
1329,60
1517,65
1584,66
1394,61
1421,64
1373,62
1517,66
1469,64
1270,59
1289,59
1314,60
1479,66
1394,61
1258,59
1506,65
1519,67
1446,63
1196,56
1460,65
1366,61
1373,61
1561,67
1378,62
1374,60
1257,58
1212,57
1411,62
1399,63
1378,62
1291,59
1272,60
1462,64
1193,56
1391,61
1378,63
1339,60
1391,62
1203,57
1201,56
1466,65
1476,65
1249,59
1420,59
1413,63
1401,61
1439,64
1273,59
1461,64
1345,62
1327,59
1402,61
1314,58
1413,62
1205,56
1400,62
1505,66
1488,65
1282,58
1479,64
1394,63
1349,60
1410,61
1326,60
1362,61
1421,64
1501,64
1299,60
1471,64
1417,64
1256,58
1412,63
1469,64
1395,61
1426,63
1339,60
1480,65
1416,62
1483,65
1337,60
1442,64
1459,63
1386,62
1405,63
1458,64
1446,63
1260,56
1635,68
1516,67
1301,61
1467,62
1528,67
1515,64
1427,63
1354,61
1575,69
1268,59
1340,59
1451,64
1453,63
1438,63
1369,62
1382,62
1400,62
1428,64
1372,63
1337,59
1278,60
1528,63
1364,61
1416,64
1379,63
1419,63
1348,59
1384,64
1448,66
1428,64
1306,60
1449,63
1406,65
1235,58
1336,61
1318,62
1439,61
1478,65
1492,65
1452,62
1494,65
1355,60
1472,64
1415,61
1351,60
1474,64
1334,61
1331,59
1473,64
1418,64
1435,64
1213,60
1313,60
1235,56
1375,63
1327,62
1224,57
1396,62
1573,68
1278,59
1353,63
1565,65
1444,63
1428,64
1517,67
1344,60
1360,61
1458,64
1552,66
1359,62
1390,64
1345,61
1355,59
1467,66
1528,65
1228,58
1449,63
1463,64
1234,57
1321,60
1387,62
1424,64
1301,57
1274,59
1398,62
1288,60
1308,58
1381,64
1287,60
1337,60
1345,61
1394,61
1471,64
1410,62
1603,68
1397,62
1575,68
1553,67
1360,60
1493,66
1331,60
1208,57
1315,60
1471,64
1407,62
1532,68
1332,61
1405,61
1383,62
1384,63
1421,63
1473,66
1518,67
1310,59
1460,65
1496,65
1330,62
1443,63
1329,61
1460,64
1388,61
1443,64
1341,63
1314,61
1464,64
1384,62
1431,65
1471,64
1464,65
1394,64
1492,63
1447,62
1403,62
1413,63
1448,63
1365,61
1142,55
1411,62
1439,63
1350,60
1472,65
1491,64
1287,59
1290,59
1414,63
1414,63
1313,61
1214,57
1451,63
1558,68
1418,64
1330,59
1446,64
1430,63
1314,60
1403,63
1352,60
1464,64
1249,59
1492,63
1318,60
1472,64
1448,64
1357,62
1549,66
1534,63
1424,64
1378,63
1402,62
1340,61
1501,62
1521,66
1460,64
1438,63
1463,65
1471,64
1349,62
1416,64
1258,57
1382,61
1421,61
1416,63
1441,64
1263,57
1387,61
1436,63
1349,60
1361,60
1295,58
1468,66
1475,66
1190,56
1444,64
1449,64
1343,61
1436,62
1182,54
1331,61
1518,66
1415,62
1280,60
1358,61
1351,61
1505,66
1362,61
1410,62
1342,64
1501,65
1377,60
1488,66
1392,63
1478,64
1492,65
1268,59
1470,65
1504,65
1405,61
1359,61
1366,62
1231,58
1509,66
1308,62
1410,62
1308,60
1418,63
1479,66
1330,61
1387,62
1325,60
1390,61
1577,68
1287,58
1479,65
1466,65
1394,61
1430,63
1316,60
1467,66
1429,64
1413,62
1523,64
1294,59
1413,64
1408,63
1295,60
1308,59
1561,65
1349,61
1354,63
1292,57
1175,57
1497,65
1347,61
1551,66
1494,62
1351,61
1223,58
1375,62
1233,56
1229,56
1368,63
1446,65
1382,60
1365,61
1316,61
1381,62
1237,56
1105,54
1622,68
1336,61
1477,65
1217,58
1309,60
1411,64
1538,67
1439,64
1562,65
1334,60
1328,60
1452,64
1449,63
1161,56
1407,61
1610,69
1431,63
1400,63
1463,66
1476,64
1369,61
1355,61
1248,57
1489,62
1379,62
1384,63
1355,61
1330,60
1442,65
1384,63
1324,61
1370,61
1392,62
1464,63
1421,65
1526,66
1522,66
1432,65
1323,58
1401,63
1273,58
1478,64
1531,67
1280,58
1506,66
1453,64
1510,66
1342,61
1432,64
1311,62
1387,63
1333,62
1341,61
1379,60
1330,61
1474,64
1324,60
1361,61
1369,60
1347,60
1382,61
1325,60
1241,57
1416,63
1320,60
1437,64
1384,59
1499,65
1306,62
1407,63
1214,58
1483,64
1345,59
1317,60
1268,58
1413,61
1503,65
1371,61
1366,61
1331,61
1533,66
1501,66
1552,66
1256,59
1470,63
1292,59
1352,62
1469,64
1495,64
1388,59
1426,64
1293,60
1470,64
1434,64
1612,70
1425,61
1284,58
1402,63
1466,65
1414,63
1250,59
1283,60
1322,60
1391,63
1413,63
1358,62
1272,58
1363,61
1376,62
1356,61
1346,60
1309,61
1348,60
1463,64
1445,64
1305,59
1522,66
1543,67
1438,63
1345,59
1474,63
1183,56
1384,63
1273,60
1324,59
1318,59
1331,59
1354,61
1505,65
1439,64
1358,60
1375,61
1482,65
1414,64
1389,62
1404,62
1445,64
1335,59
1492,66
1470,65
1325,61
1437,63
1288,57
1361,61
1296,60
1400,61
1464,64
1173,54
1438,65
1435,64
1486,63
1412,63
1318,60
1501,66
1482,65
1407,63
1336,60
1416,63
1289,59
1534,65
1416,64
1358,61
1370,60
1363,60
1500,64
1360,61
1400,63
1300,59
1331,62
1375,63
1362,59
1490,65
1416,63
1454,64
1334,62
1350,60
1579,67
1495,65
1248,57
1397,63
1345,60
1431,63
1414,63
1374,61
1470,61
1417,62
1283,58
1424,65
1535,64
1293,59
1427,64
1475,65
1411,62
1317,59
1369,63
1416,61
1357,62
1229,57
1486,63
1248,58
1275,57
1434,65
1542,66
1315,59
1382,60
1442,64
1465,64
1339,59
1394,61
1350,59
1453,62
1385,63
1382,61
1387,62
1541,67
1428,60
1215,57
1497,66
1368,62
1483,64
1509,66
1297,60
1287,59
1328,60
1330,60
1494,64
1378,61
1225,58
1436,63
1437,65
1436,63
1451,64
1372,62
1329,60
1390,63
1385,60
1292,60
1348,61
1396,61
1397,61
1337,61
1389,63
1232,58
1265,59
1390,61
1349,62
1383,58
1416,62
1490,66
1386,61
1433,62
1360,60
1334,60
1427,62
1418,62
1509,67
1513,66
1485,66
1489,63
1371,62
1497,65
1351,62
1379,62
1542,66
1457,63
1328,60
1290,58
1404,62
1438,62
1397,63
1417,62
1392,61
1232,57
1524,66
1413,62
1378,62
1331,62
1266,59
1470,63
1402,62
1421,63
1249,58
1449,65
1452,63
1300,60
1246,59
1344,60
1489,65
1386,60
1464,63
1430,62
1380,61
1490,65
1547,66
1280,59
1478,65
1313,60
1509,66
1256,59
1402,63
1383,61
1301,59
1299,59
1478,66
1419,64
1385,64
1464,64
1353,61
1411,62
1420,64
1453,65
1544,66
1365,64
1616,68
1345,60
1416,62
1313,61
1366,60
1419,62
1449,64
1430,62
1339,62
1405,63
1301,58
1357,61
1499,64
1431,62
1406,63
1404,63
1255,59
1353,61
1443,62
1251,60
1246,58
1558,65
1352,61
1366,61
1505,64
1353,62
1451,63
1333,61
1325,59
1405,65
1334,61
1408,63
1411,62
1335,63
1523,64
1335,61
1396,63
1499,64
1242,57
1529,66
1347,61
1263,59
1470,64
1399,62
1324,59
1502,66
1447,65
1310,59
1413,59
1433,62
1403,64
1277,58
1316,57
1318,59
1399,61
1434,63
1361,62
1463,64
1401,62
1440,64
1374,62
1352,61
1426,60
1238,58
1391,60
1431,62
1400,63
1463,63
1493,64
1363,62
1387,63
1495,65
1264,57
1434,64
1405,62
1370,62
1288,59
1323,61
1343,63
1448,63
1397,62
1561,66
1347,61
1399,62
1321,60
1440,64
1589,68
1466,64
1283,60
1331,61
1491,66
1323,61
1249,59
1402,61
1355,61
1506,66
1343,61
1288,59
1449,64
1397,62
1464,63
1425,64
1419,62
1446,63
1446,64
1385,62
1264,60
1436,62
1412,62
1456,64
1359,62
1532,66
1510,67
1283,58
1307,58
1412,63
1418,62
1488,63
1359,59
1540,66
1374,62
1219,56
1407,61
1351,61
1329,61
1353,60
1414,59
1392,61
1407,63
1446,62
1498,64
1363,61
1388,62
1405,62
1501,64
1485,64
1392,63
1421,62
1474,65
1453,64
1417,62
1498,65
1444,65
1503,64
1435,63
1398,59
1513,65
1352,60
1521,64
1415,62
1272,60
1310,59
1454,65
1309,61
1476,64
1320,60
1481,64
1354,61
1378,63
1391,64
1394,59
1402,62
1369,62
1473,65
1422,63
1371,61
1368,60
1418,63
1359,62
1610,67
1494,64
1466,63
1414,64
1419,63
1503,64
1292,60
1477,64
1389,61
1478,63
1446,64
1330,61
1343,61
1362,62
1466,66
1422,64
1376,62
1252,59
1473,63
1333,61
1356,61
1437,63
1282,58
1184,58
1473,65
1376,62
1341,61
1350,62
1377,62
1357,62
1390,59
1308,61
1393,61
1460,63
1390,62
1577,68
1348,62
1495,66
1278,60
1409,64
1393,62
1318,59
1508,65
1449,63
1451,64
1522,66
1523,66
1428,62
1406,61
1323,59
1417,63
1417,64
1282,57
1451,64
1369,61
1323,57
1509,67
1399,61
1511,66
1551,64
1431,62
1402,60
1472,63
1520,63
1510,66
1500,64
1425,63
1454,61
1497,67
1449,63
1517,65
1468,63
1499,65
1432,64
1424,63
1307,59
1470,63
1462,63
1402,63
1463,66
1430,62
1423,64
1429,63
1441,64
1520,65
1308,60
1355,62
1362,61
1382,61
1424,62
1582,66
1313,61
1451,62
1317,60
1397,60
1288,55
1344,61
1537,65
1472,63
1474,65
1484,63
1339,60
1572,67
1479,66
1429,63
1415,63
1298,61
1384,62
1364,62
1332,61
1395,63
1440,63
1442,63
1344,61
1387,63
1511,63
1341,61
1510,67
1414,62
1453,65
1449,63
1445,65
1369,60
1317,62
1312,59
1270,58
1410,64
1382,62
1301,59
1309,58
1419,60
1425,63
1508,65
1289,58
1409,63
1485,65
1350,60
1436,62
1383,62
1475,66
1366,62
1432,62
1242,58
1356,60
1350,63
1379,61
1499,66
1435,63
1334,60
1367,61
1418,63
1424,62
1533,67
1271,57
1445,63
1272,57
1437,62
1459,66
1416,64
1313,60
1502,66
1382,62
1388,64
1635,68
1515,63
1322,60
1373,62
1430,62
1474,64
1481,64
1364,61
1485,65
1474,65
1269,59
1255,56
1436,64
1333,61
1569,65
1363,62
1369,62
1357,61
1413,63
1578,69
1259,59
1439,63
1434,63
1298,60
1349,62
1320,59
1327,61
1204,58
1286,61
1472,63
1497,66
1265,58
1444,62
1426,62
1346,62
1327,60
1221,57
1427,63
1276,59
1234,57
1469,63
1307,57
1489,66
1331,59
1348,61
1362,62
1401,64
1379,61
1441,65
1231,57
1501,65
1333,60
1495,65
1369,61
1514,65
1352,62
1395,61
1337,61
1390,62
1457,62
1424,64
1402,64
1560,68
1547,67
1446,63
1280,58
1445,62
1459,65
1329,59
1451,65
1352,60
1360,62
1284,59
1464,65
1424,63
1282,57
1390,62
1367,61
1511,65
1460,63
1233,57
1422,63
1429,64
1493,65
1269,61
1285,60
1459,64
1464,64
1351,61
1309,60
1403,60
1358,60
1515,66
1474,64
1201,57
1263,58
1549,68
1430,62
1581,68
1447,64
1294,60
1232,56
1363,61
1177,56
1425,64
1279,60
1357,63
1520,66
1475,66
1391,63
1397,61
1372,62
1566,66
1498,66
1460,64
1440,63
1363,62
1522,65
1374,61
1422,64
1494,64
1439,61
1448,64
1482,65
1317,61
1355,61
1206,57
1567,67
1332,60
1418,64
1410,61
1210,59
1437,65
1331,57
1249,58
1478,66
1388,62
1415,62
1374,61
1363,59
1373,62
1401,61
1296,60
1466,66
1441,65
1466,64
1400,60
1600,69
1415,64
1251,56
1256,56
1144,55
1385,61
1325,59
1447,64
1435,63
1263,56
1419,63
1371,64
1563,67
1385,61
1426,64
1411,62
1398,60
1314,61
1430,65
1459,64
1355,62
1533,67
1420,62
1439,64
1321,58
1352,60
1515,65
1317,58
1448,65
1391,60
1356,62
1550,68
1439,63
1576,67
1350,61
1445,64
1256,56
1506,65
1456,64
1462,65
1357,62
1403,63
1538,66
1577,69
1360,62
1312,58
1154,55
1305,59
1352,59
1277,61
1291,59
1425,63
1254,58
1468,63
1305,59
1428,62
1431,63
1465,64
1334,61
1461,63
1446,63
1354,63
1403,64
1316,61
1356,61
1418,62
1294,59
1387,63
1472,65
1425,62
1384,64
1490,65
1361,62
1301,60
1427,62
1488,66
1427,62
1454,64
1492,65
1407,63
1408,63
1415,62
1386,61
1382,62
1313,60
1505,67
1332,60
1292,61
1299,61
1349,62
1510,66
1456,64
1478,62
1304,59
1350,59
1440,65
1373,61
1328,61
1350,62
1427,62
1440,64
1278,60
1300,59
1240,59
1517,65
1294,60
1386,61
1512,64
1351,62
1244,57
1543,66
1249,58
1389,62
1501,67
1370,59
1178,55
1398,61
1409,61
1320,60
1261,59
1455,63
1413,62
1347,60
1334,60
1391,62
1355,60
1457,64
1420,65
1416,62
1371,60
1262,59
1346,61
1428,63
1432,63
1534,64
1418,62
1339,60
1596,68
1407,62
1437,64
1384,62
1492,67
1469,61
1345,62
1441,64
1435,63
1363,61
1399,62
1368,62
1276,60
1377,62
1387,62
1395,62
1324,60
1425,61
1221,57
1343,60
1279,59
1215,56
1466,64
1431,64
1343,59
1248,58
1230,57
1458,62
1555,67
1279,59
1482,66
1311,59
1357,60
1179,57
1348,60
1395,60
1354,60
1447,64
1463,63
1224,57
1331,60
1463,64
1271,58
1522,66
1449,62
1472,64
1317,59
1355,58
1408,60
1344,61
1378,63
1419,64
1330,60
1491,65
1322,58
1433,63
1345,60
1392,63
1382,62
1306,60
1388,63
1380,60
1473,64
1465,65
1309,61
1402,63
1612,68
1375,62
1187,55
1295,58
1277,57
1314,59
1412,64
1313,60
1378,62
1343,62
1414,62
1386,63
1396,62
1223,57
1295,58
1355,61
1314,60
1407,64
1300,57
1423,63
1328,62
1434,64
1416,62
1541,65
1539,66
1523,64
1450,64
1434,63
1481,63
1425,64
1291,60
1409,60
1389,61
1393,62
1471,64
1383,62
1314,60
1368,61
1394,63
1401,65
1505,66
1411,63
1470,64
1329,59
1460,66
1305,60
1284,59
1362,61
1315,61
1332,61
1435,64
1298,60
1346,61
1500,65
1472,63
1467,65
1492,65
1281,59
1426,64
1467,64
1561,66
1530,67
1276,59
1445,64
1399,62
1286,59
1424,62
1375,62
1384,64
1333,59
1480,64
1433,64
1419,64
1484,63
1324,61
1326,59
1311,60
1411,62
1374,60
1493,64
1120,54
1346,62
1343,60
1439,63
1492,65
1351,59
1334,59
1290,58
1410,62
1251,58
1320,60
1382,63
1297,59
1357,62
1452,64
1392,62
1434,63
1459,65
1417,65
1288,60
1259,60
1399,62
1271,57
1364,62
1393,62
1279,57
1405,62
1390,65
1403,62
1412,62
1590,67
1294,60
1721,71
1590,69
1300,60
1453,64
1366,61
1297,59
1518,64
1491,64
1445,64
1411,65
1252,58
1336,61
1260,60
1249,59
1462,64
1435,64
1306,58
1347,60
1531,66
1531,67
1254,58
1498,66
1403,62
1404,63
1370,61
1452,64
1452,62
1383,62
1396,61
1338,61
1584,68
1351,61
1396,61
1280,59
1516,64
1374,63
1277,58
1328,59
1361,62
1330,59
1476,65
1464,63
1407,63
1375,62
1404,62
1406,63
1363,61
1439,62
1565,66
1471,65
1367,62
1417,62
1343,61
1378,63
1408,63
1410,61
1354,61
1366,62
1245,57
1475,65
1253,59
1340,60
1286,58
1360,63
1357,61
1402,62
1484,64
1460,64
1390,63
1334,62
1285,60
1445,64
1380,61
1481,64
1397,63
1261,60
1419,62
1365,62
1406,64
1373,63
1368,61
1311,59
1291,58
1488,65
1302,60
1447,64
1335,60
1428,63
1411,63
1506,65
1362,59
1388,61
1462,66
1280,61
1278,60
1444,62
1442,63
1393,63
1474,64
1348,62
1425,62
1265,58
1595,69
1470,63
1285,59
1395,61
1265,58
1475,64
1347,61
1429,64
1469,65
1257,57
1192,54
1316,62
1454,65
1378,61
1377,61
1201,56
1353,62
1472,66
1522,65
1368,61
1342,60
1346,63
1486,63
1416,63
1378,61
1255,58
1499,65
1432,64
1504,65
1336,62
1265,58
1421,63
1259,58
1507,65
1514,66
1280,58
1353,60
1389,63
1384,60
1395,61
1520,66
1457,64
1452,64
1368,61
1285,60
1359,62
1353,62
1344,61
1509,67
1485,64
1257,58
1257,58
1610,70
1385,62
1394,64
1361,60
1497,65
1335,60
1360,61
1501,65
1300,57
1589,68
1297,61
1425,62
1389,60
1438,62
1320,61
1457,63
1366,63
1448,64
1278,58
1395,62
1498,66
1530,67
1456,64
1350,61
1408,61
1235,57
1501,65
1375,61
1663,70
1429,64
1459,63
1302,59
1264,57
1326,60
1312,60
1523,66
1505,64
1413,65
1285,59
1433,64
1380,61
1413,61
1565,67
1463,64
1441,64
1316,59
1449,63
1493,63
1247,56
1377,63
1412,63
1374,62
1524,66
1487,66
1335,61
1398,62
1397,62
1475,66
1411,62
1465,66
1472,65
1400,63
1479,63
1506,65
1389,60
1522,66
1526,65
1475,64
1472,64
1437,62
1321,59
1350,63
1302,59
1405,62
1403,64
1338,60
1359,60
1405,62
1375,59
1381,61
1391,60
1353,61
1395,62
1419,63
1251,59
1365,62
1366,61
1392,64
1332,60
1411,63
1443,64
1394,62
1234,58
1413,62
1424,62
1352,61
1457,63
1429,63
1509,66
1419,62
1343,61
1260,57
1384,61
1209,58
1399,61
1375,63
1366,62
1419,63
1475,64
1524,65
1443,64
1610,69
1396,62
1370,61
1410,64
1434,62
1280,58
1446,64
1339,63
1346,62
1322,61
1300,60
1285,60
1465,63
1249,58
1466,66
1358,63
1368,62
1521,65
1520,64
1482,64
1388,63
1263,59
1260,59
1453,62
1317,61
1398,62
1250,59
1312,59
1404,62
1336,59
1441,63
1432,63
1455,65
1417,63
1306,60
1392,59
1458,64
1385,62
1390,63
1392,61
1463,65
1501,65
1379,61
1312,61
1393,63
1477,62
1513,65
1552,67
1411,61
1255,57
1381,60
1397,64
1449,64
1375,61
1246,58
1348,60
1282,59
1512,64
1434,64
1285,58
1485,65
1326,60
1329,61
1452,64
1277,56
1449,62
1459,64
1306,61
1394,63
1365,61
1253,59
1323,60
1281,59
1260,59
1393,61
1354,62
1478,66
1491,65
1450,65
1317,61
1480,65
1445,64
1322,61
1272,57
1403,61
1490,65
1390,62
1421,63
1345,61
1216,54
1373,61
1382,62
1395,61
1426,62
1392,64
1368,61
1140,56
1458,63
1296,60
1435,63
1454,65
1437,63
1506,65
1367,62
1392,63
1342,61
1303,58
1498,67
1497,65
1377,62
1414,63
1226,56
1530,66
1357,61
1297,60
1547,66
1324,60
1401,63
1307,59
1440,64
1431,61
1199,55
1339,62
1332,61
1465,63
1634,69
1472,65
1488,66
1333,61
1418,62
1368,63
1495,63
1398,62
1404,64
1609,67
1393,64
1532,66
1323,61
1321,59
1386,62
1615,69
1378,60
1353,60
1451,64
1393,63
1276,59
1357,59
1411,63
1451,64
1423,63
1576,67
1364,61
1220,58
1559,67
1522,67
1432,63
1322,59
1376,62
1330,61
1485,64
1494,63
1364,61
1312,60
1455,62
1563,67
1640,69
1325,61
1280,58
1574,67
1439,64
1323,58
1362,61
1306,58
1307,61
1541,67
1356,59
1403,62
1386,59
1452,62
1360,61
1471,60
1365,63
1369,62
1503,64
1345,62
1343,61
1480,65
1350,60
1379,63
1430,63
1479,63
1417,64
1340,61
1394,64
1459,62
1263,60
1401,63
1448,65
1310,60
1428,63
1547,68
1374,61
1339,59
1427,63
1387,63
1371,61
1362,61
1351,61
1492,66
1405,64
1329,60
1406,65
1206,54
1367,61
1331,59
1438,64
1504,65
1346,60
1414,63
1466,65
1376,62
1429,63
1497,66
1576,66
1385,62
1306,61
1305,60
1473,64
1406,62
1454,65
1406,62
1364,62
1425,64
1363,62
1336,61
1340,60
1343,61
1405,62
1327,60
1385,60
1443,64
1401,64
1424,63
1509,64
1417,63
1337,62
1381,61
1445,63
1344,61
1504,66
1404,62
1339,61
1448,63
1313,60
1276,58
1452,65
1429,64
1430,63
1450,65
1292,59
1226,57
1457,64
1299,58
1393,60
1402,62
1313,61
1394,60
1555,66
1344,62
1452,63
1388,62
1493,65
1321,60
1261,58
1334,60
1360,62
1420,62
1440,63
1330,60
1372,61
1302,59
1649,70
1499,65
1458,63
1375,62
1392,63
1528,67
1425,62
1412,62
1390,61
1509,64
1394,62
1348,60
1402,62
1357,61
1473,64
1202,58
1590,68
1474,64
1403,62
1373,62
1394,63
1402,61
1402,62
1378,61
1395,61
1429,62
1406,63
1474,66
1401,63
1471,64
1406,61
1445,62
1511,66
1398,61
1435,64
1340,60
1219,56
1249,58
1294,58
1573,67
1499,67
1512,66
1394,61
1216,58
1450,64
1507,64
1467,64
1446,62
1442,65
1244,58
1332,61
1345,62
1385,64
1415,62
1572,68
1383,62
1325,62
1342,62
1384,61
1402,64
1415,62
1353,58
1317,60
1305,58
1351,59
1575,67
1558,67
1414,63
1426,64
1412,63
1415,63
1531,66
1417,63
1327,60
1300,58
1424,62
1426,62
1406,65
1548,68
1517,66
1350,61
1361,62
1348,61
1540,65
1489,64
1321,62
1415,61
1355,60
1258,58
1348,61
1520,66
1421,63
1566,67
1375,60
1465,64
1433,62
1360,63
1554,67
1409,62
1420,63
1255,58
1267,57
1352,62
1399,61
1312,59
1353,62
1496,65
1505,64
1341,62
1368,61
1392,62
1615,68
1545,66
1330,59
1348,62
1422,63
1397,63
1281,57
1413,61
1287,59
1289,58
1361,63
1473,64
1289,60
1465,66
1414,64
1507,65
1307,59
1320,61
1408,63
1329,62
1374,62
1405,61
1292,60
1501,65
1375,61
1453,63
1523,65
1450,65
1358,62
1410,63
1390,63
1340,61
1458,63
1407,63
1324,60
1384,62
1433,63
1417,61
1390,61
1364,61
1294,58
1476,63
1414,64
1399,61
1412,63
1547,67
1413,62
1232,59
1210,54
1318,61
1350,61
1364,61
1223,57
1554,68
1462,65
1400,62
1354,61
1521,67
1563,68
1353,61
1295,61
1333,60
1492,64
1396,63
1481,64
1402,63
1333,59
1272,62
1581,67
1310,61
1534,68
1303,60
1577,67
1349,61
1337,60
1365,60
1318,59
1465,65
1474,65
1322,60
1305,60
1195,57
1326,58
1545,67
1528,65
1447,64
1117,54
1365,64
1449,63
1367,60
1376,61
1383,62
1343,62
1381,61
1456,64
1537,67
1522,65
1307,61
1291,60
1473,63
1246,57
1337,58
1235,57
1292,60
1450,63
1451,65
1387,64
1360,63
1264,60
1415,62
1280,58
1403,63
1365,62
1412,62
1519,65
1425,62
1398,61
1500,64
1342,61
1328,59
1418,64
1423,64
1370,62
1418,62
1287,60
1482,64
1395,62
1445,64
1428,63
1320,59
1375,61
1464,64
1362,62
1408,62
1367,61
1331,61
1397,62
1416,62
1432,63
1365,59
1443,64
1391,63
1342,60
1239,55
1323,60
1296,60
1452,65
1348,62
1479,64
1522,66
1390,62
1460,64
1364,61
1207,57
1560,67
1264,59
1485,64
1585,67
1501,64
1455,64
1263,57
1359,61
1459,64
1412,61
1453,65
1468,66
1264,60
1425,61
1259,58
1391,63
1461,63
1474,63
1338,62
1406,62
1198,55
1438,64
1276,58
1250,55
1385,63
1402,62
1508,66
1448,65
1437,62
1270,60
1332,62
1430,64
1322,61
1502,65
1421,62
1141,53
1225,59
1374,61
1317,61
1419,63
1294,60
1300,61
1523,64
1436,66
1447,64
1427,63
1490,65
1280,59
1404,63
1438,62
1346,62
1278,58
1336,61
1414,64
1300,60
1259,59
1519,67
1302,60
1419,64
1388,61
1473,65
1382,63
1406,62
1346,61
1409,63
1567,66
1541,67
1227,58
1411,61
1418,62
1360,61
1412,61
1550,66
1430,63
1314,60
1493,67
1339,60
1329,60
1456,63
1352,61
1228,58
1460,63
1476,64
1587,69
1431,63
1492,63
1320,61
1148,54
1333,61
1468,64
1461,65
1392,62
1394,64
1425,62
1372,60
1330,62
1494,64
1365,62
1346,63
1356,63
1553,66
1418,64
1417,63
1448,65
1299,58
1374,63
1205,57
1484,65
1315,60
1429,64
1501,65
1305,61
1422,63
1411,62
1431,65
1290,59
1469,65
1284,59
1330,60
1293,59
1374,62
1353,61
1511,67
1365,63
1292,59
1456,64
1384,64
1399,63
1328,60
1541,68
1377,59
1401,61
1262,59
1407,64
1374,62
1372,62
1539,65
1335,61
1304,60
1272,61
1353,63
1535,66
1259,58
1343,60
1459,65
1549,66
1264,58
1278,59
1302,60
1351,62
1397,62
1345,62
1415,63
1608,68
1463,65
1359,62
1398,62
1295,62
1374,62
1259,59
1437,64
1492,64
1336,61
1361,61
1283,57
1237,56
1449,64
1439,63
1363,61
1409,62
1328,60
1373,62
1595,69
1404,62
1215,57
1472,64
1419,64
1479,65
1457,64
1447,62
1421,63
1522,67
1189,55
1327,60
1407,62
1469,64
1490,66
1465,63
1490,65
1222,54
1229,58
1354,61
1550,67
1333,62
1525,66
1265,58
1458,64
1344,60
1432,62
1398,63
1351,61
1369,62
1275,57
1489,65
1413,62
1291,58
1389,62
1473,64
1442,65
1285,59
1309,61
1305,61
1547,67
1448,64
1356,59
1449,64
1489,65
1314,60
1260,58
1359,63
1316,60
1360,61
1474,64
1385,62
1221,59
1266,59
1232,54
1602,67
1465,64
1284,58
1324,61
1302,59
1402,62
1327,62
1334,61
1509,65
1414,63
1267,60
1354,61
1356,64
1540,67
1309,60
1273,60
1401,61
1262,60
1510,66
1496,65
1333,61
1650,69
1288,59
1310,60
1258,60
1392,62
1424,63
1394,63
1254,59
1390,60
1412,63
1263,60
1405,63
1410,63
1357,60
1379,62
1483,65
1429,63
1256,58
1561,66
1493,65
1334,59
1369,61
1526,65
1266,58
1216,58
1302,58
1453,63
1338,61
1408,63
1341,60
1446,62
1246,57
1313,61
1431,63
1422,63
1346,61
1293,57
1331,60
1369,63
1314,60
1629,69
1486,64
1306,57
1288,57
1316,61
1237,56
1484,66
1440,60
1322,62
1361,61
1296,57
1375,62
1499,64
1374,60
1350,62
1345,60
1396,62
1214,59
1450,63
1296,60
1619,69
1232,56
1443,64
1302,60
1305,60
1388,61
1343,61
1476,65
1459,62
1370,61
1479,64
1383,61
1397,62
1478,62
1426,63
1549,68
1440,64
1474,64
1328,61
1315,59
1456,63
1279,60
1431,61
1339,61
1469,63
1427,64
1565,66
1398,63
1361,61
1426,62
1417,62
1317,60
1212,56
1350,61
1402,63
1337,60
1162,56
1418,62
1487,65
1291,59
1345,60
1425,63
1317,60
1393,62
1444,65
1428,64
1341,60
1414,62
1474,66
1357,61
1436,63
1412,62
1407,62
1297,59
1368,63
1569,67
1314,58
1364,60
1411,62
1403,62
1425,62
1267,58
1273,59
1502,65
1362,60
1413,63
1387,62
1348,61
1206,59
1503,65
1349,61
1456,66
1436,63
1236,58
1454,65
1337,61
1501,64
1291,61
1579,66
1352,60
1419,62
1382,63
1381,61
1359,61
1455,63
1294,59
1519,65
1278,61
1460,64
1500,64
1493,65
1496,65
1280,58
1432,64
1527,66
1417,62
1257,58
1387,63
1279,57
1359,61
1500,64
1465,63
1381,62
1358,61
1458,64
1419,64
1510,66
1415,64
1469,64
1344,61
1382,61
1271,56
1414,61
1348,61
1318,60
1484,66
1409,62
1398,61
1370,59
1459,64
1390,62
1371,60
1497,65
1481,62
1200,56
1433,64
1333,61
1349,61
1545,67
1368,62
1459,66
1338,62
1382,61
1533,66
1191,56
1440,62
1393,62
1450,62
1474,65
1294,59
1382,63
1380,62
1300,59
1480,64
1339,61
1402,62
1434,63
1480,64
1475,61
1521,65
1236,56
1327,61
1524,65
1371,63
1404,63
1525,66
1275,59
1261,60
1414,61
1325,61
1396,65
1360,62
1378,62
1461,64
1400,63
1482,66
1443,64
1236,58
1313,58
1579,67
1538,66
1439,64
1427,64
1535,67
1357,62
1407,61
1393,63
1230,57
1240,58
1327,60
1522,66
1376,62
1406,62
1424,63
1293,61
1331,59
1475,64
1477,65
1388,63
1520,66
1321,60
1450,65
1347,60
1500,67
1202,56
1330,60
1505,65
1289,58
1305,60
1427,64
1339,60
1463,65
1252,59
1366,62
1405,60
1393,63
1303,59
1353,61
1259,57
1527,66
1310,60
1421,61
1472,64
1286,60
1455,66
1387,61
1534,67
1387,60
1430,64
1520,66
1343,60
1301,60
1269,58
1325,59
1244,57
1388,60
1398,63
1243,59
1292,58
1353,58
1415,63
1334,60
1476,65
1284,57
1385,63
1436,64
1362,63
1283,60
1473,64
1428,63
1555,67
1228,57
1264,58
1270,59
1502,66
1394,63
1400,60
1293,62
1550,67
1360,62
1435,63
1255,59
1407,63
1326,60
1493,65
1379,63
1433,64
1380,61
1382,61
1440,64
1356,61
1506,64
1426,64
1584,67
1344,62
1408,63
1440,64
1486,65
1302,59
1381,62
1345,60
1210,57
1306,59
1457,63
1370,62
1485,65
1406,62
1335,60
1611,68
1419,63
1417,62
1396,62
1493,64
1268,58
1371,62
1406,61
1377,63
1515,65
1390,61
1247,58
1484,66
1348,61
1335,62
1350,61
1431,63
1504,65
1297,56
1441,62
1479,65
1528,67
1409,63
1407,64
1228,58
1446,64
1421,62
1394,61
1335,61
1457,65
1387,61
1459,63
1352,61
1433,64
1360,61
1239,60
1486,66
1328,60
1380,63
1529,66
1371,61
1450,65
1368,62
1470,65
1539,66
1337,61
1493,67
1395,62
1505,66
1398,64
1492,63
1273,59
1343,61
1409,64
1298,60
1326,59
1511,66
1351,60
1510,67
1399,61
1358,60
1451,64
1362,63
1299,59
1441,64
1471,65
1305,59
1306,59
1394,63
1385,62
1527,66
1469,64
1521,66
1410,64
1378,62
1417,60
1403,62
1276,59
1406,62
1463,66
1512,66
1431,63
1465,63
1426,63
1458,64
1489,65
1474,64
1346,62
1281,58
1544,66
1234,58
1270,59
1268,58
1386,63
1315,59
1437,63
1503,66
1379,62
1355,60
1308,59
1493,64
1433,63
1417,62
1280,60
1466,66
1512,65
1332,60
1365,63
1420,63
1571,66
1423,65
1398,60
1190,56
1428,63
1351,62
1471,63
1375,61
1459,64
1354,59
1491,65
1394,61
1365,60
1287,59
1333,60
1238,58
1256,59
1240,59
1342,59
1589,66
1188,57
1479,65
1407,62
1307,59
1389,62
1529,67
1275,59
1415,62
1326,60
1239,58
1361,60
1416,61
1293,60
1321,62
1264,58
1504,66
1349,62
1362,62
1406,63
1418,63
1269,57
1303,61
1353,63
1353,62
1310,60
1484,62
1319,60
1229,57
1423,62
1448,64
1438,63
1493,66
1411,62
1536,65
1256,57
1574,69
1370,63
1500,66
1418,61
1342,60
1459,65
1400,62
1452,63
1420,64
1366,63
1222,56
1268,59
1479,64
1506,65
1304,61
1310,60
1373,61
1339,60
1387,62
1238,57
1442,63
1317,60
1581,67
1452,64
1319,61
1385,62
1415,62
1350,62
1366,60
1404,62
1456,64
1358,61
1395,62
1394,62
1488,65
1534,65
1361,62
1321,61
1376,61
1490,65
1517,66
1329,60
1495,65
1398,62
1440,63
1334,61
1343,61
1394,62
1511,66
1421,61
1486,63
1455,64
1455,63
1445,64
1340,61
1562,66
1319,60
1323,59
1247,59
1413,62
1344,59
1425,62
1454,64
1532,66
1336,62
1224,56
1284,58
1394,61
1477,66
1393,63
1477,65
1313,59
1382,63
1278,58
1250,60
1391,63
1461,64
1400,63
1457,63
1455,64
1380,61
1362,62
1293,59
1366,60
1237,57
1322,62
1533,65
1397,63
1324,59
1340,61
1331,60
1557,66
1638,69
1495,64
1376,60
1196,56
1389,62
1312,60
1377,61
1422,62
1362,59
1472,65
1325,60
1471,65
1413,62
1215,55
1289,58
1516,64
1255,59
1366,61
1300,60
1325,61
1443,63
1388,62
1477,65
1299,59
1295,58
1547,64
1341,61
1477,65
1516,65
1379,64
1420,64
1479,66
1461,65
1389,62
1328,60
1482,64
1376,63
1370,62
1461,65
1421,63
1419,62
1445,64
1380,63
1333,61
1328,61
1381,62
1363,62
1473,64
1487,64
1288,59
1310,58
1393,62
1321,59
1453,63
1397,62
1493,64
1346,61
1262,60
1366,60
1311,61
1353,62
1568,66
1488,64
1263,58
1518,65
1201,54
1430,62
1393,61
1240,54
1310,61
1410,63
1411,63
1462,67
1460,65
1445,64
1448,63
1335,59
1332,62
1328,62
1480,65
1378,60
1361,60
1274,60
1288,56
1515,64
1633,69
1448,62
1317,58
1435,64
1491,64
1402,62
1465,64
1297,58
1385,62
1161,57
1337,60
1285,61
1513,66
1330,59
1378,61
1414,63
1386,62
1383,63
1382,63
1230,58
1543,68
1404,64
1264,60
1636,69
1351,60
1414,62
1349,59
1266,59
1453,64
1356,61
1275,60
1449,64
1367,60
1223,59
1402,62
1215,58
1275,60
1470,65
1285,58
1447,63
1365,62
1462,64
1480,67
1342,60
1404,62
1316,60
1461,63
1351,61
1412,61
1402,62
1404,64
1202,57
1356,59
1351,61
1550,67
1433,64
1367,63
1372,64
1367,61
1444,63
1427,63
1399,62
1297,60
1382,60
1556,68
1323,59
1522,68
1325,61
1481,66
1397,63
1375,62
1472,66
1366,63
1505,67
1247,58
1403,62
1435,64
1394,62
1339,61
1502,66
1468,64
1430,62
1348,62
1421,64
1251,57
1442,64
1321,61
1390,63
1176,54
1343,61
1197,57
1501,65
1293,58
1325,61
1453,64
1386,62
1505,66
1329,61
1517,66
1345,62
1270,59
1482,64
1410,64
1362,62
1391,61
1461,63
1444,62
1349,61
1466,65
1525,63
1305,59
1357,61
1454,63
1344,61
1414,63
1281,59
1439,62
1410,62
1453,61
1389,64
1432,65
1307,61
1398,64
1363,61
1338,62
1558,67
1220,56
1369,63
1528,67
1450,64
1401,63
1405,62
1376,61
1392,62
1371,61
1377,60
1239,57
1391,61
1384,61
1347,61
1441,62
1300,58
1240,58
1385,60
1264,59
1398,62
1438,63
1372,60
1444,62
1523,66
1330,61
1494,64
1354,61
1382,60
1582,66
1444,62
1263,57
1404,61
1400,62
1471,66
1311,60
1349,60
1362,61
1505,66
1290,61
1369,62
1521,67
1310,60
1417,63
1418,61
1317,61
1444,65
1345,61
1309,60
1352,61
1270,59
1484,64
1453,67
1386,63
1322,59
1394,62
1557,67
1413,64
1276,57
1223,58
1239,58
1248,57
1395,62
1347,61
1372,60
1465,65
1249,58
1429,62
1457,66
1263,58
1382,62
1380,61
1306,60
1428,62
1459,63
1332,60
1369,63
1434,64
1426,63
1404,62
1391,60
1430,64
1271,58
1417,62
1300,58
1475,65
1372,62
1337,61
1480,65
1389,61
1503,67
1460,66
1436,60
1400,62
1366,62
1598,68
1483,65
1311,58
1358,61
1352,60
1328,61
1379,60
1410,62
1367,63
1355,61
1282,59
1302,60
1306,61
1495,66
1270,59
1499,66
1481,66
1543,67
1320,59
1354,61
1513,65
1444,65
1294,60
1413,62
1413,64
1280,59
1492,65
1198,57
1397,60
1476,65
1476,65
1239,57
1405,62
1413,63
1509,66
1349,61
1415,63
1429,61
1380,63
1427,64
1619,68
1460,63
1473,65
1363,63
1214,58
1250,59
1617,69
1345,62
1426,62
1431,64
1437,65
1353,61
1385,62
1347,62
1374,62
1353,61
1439,65
1478,65
1361,59
1295,60
1385,63
1550,65
1522,66
1352,62
1527,65
1262,59
1304,58
1340,61
1255,60
1483,66
1307,59
1521,66
1582,69
1568,67
1396,63
1343,60
1366,62
1508,66
1385,61
1369,62
1399,62
1351,62
1326,61
1485,64
1380,63
1307,59
1341,60
1444,63
1503,66
1468,64
1311,60
1308,59
1434,65
1520,65
1299,60
1407,62
1268,58
1348,60
1455,63
1343,61
1398,64
1273,60
1450,63
1405,62
1446,62
1445,64
1339,61
1413,64
1482,64
1509,66
1259,57
1448,64
1226,60
1176,56
1328,58
1417,64
1437,64
1387,62
1357,61
1397,63
1488,65
1401,62
1341,60
1211,56
1447,64
1398,62
1386,62
1219,56
1520,65
1469,63
1558,66
1450,63
1448,64
1399,64
1472,63
1176,55
1499,66
1481,63
1258,59
1473,64
1400,61
1056,54
1424,63
1384,62
1371,61
1409,62
1435,64
1422,63
1377,58
1308,59
1358,62
1534,65
1321,60
1374,63
1182,55
1299,60
1356,61
1361,62
1460,64
1356,62
1534,65
1519,66
1429,63
1194,57
1458,65
1449,62
1390,61
1407,64
1419,62
1491,64
1444,64
1382,63
1530,66
1334,60
1394,63
1353,59
1586,66
1607,69
1358,61
1302,59
1331,60
1440,62
1291,59
1449,63
1329,61
1439,64
1455,63
1559,67
1465,65
1413,63
1285,58
1354,61
1420,64
1378,60
1542,67
1417,63
1428,63
1271,61
1269,59
1374,63
1422,62
1339,58
1554,66
1427,62
1320,59
1495,65
1429,62
1506,66
1468,63
1375,61
1397,64
1243,58
1175,55
1274,60
1455,65
1381,62
1471,66
1339,61
1407,61
1298,61
1336,63
1396,62
1406,61
1476,65
1499,64
1522,66
1310,61
1347,61
1346,58
1354,62
1460,63
1411,63
1441,64
1363,59
1344,62
1437,65
1293,59
1460,64
1243,58
1332,60
1362,61
1357,60
1484,64
1387,62
1349,60
1362,60
1373,59
1385,61
1433,62
1365,63
1185,58
1173,56
1503,66
1322,59
1366,64
1374,60
1331,60
1525,66
1506,65
1387,62
1333,60
1446,63
1346,60
1457,65
1426,63
1474,63
1358,61
1444,63
1488,64
1317,59
1303,62
1230,57
1275,59
1297,57
1309,60
1299,60
1508,65
1476,62
1278,59
1450,63
1400,64
1445,64
1307,59
1309,60
1545,65
1356,61
1400,62
1438,63
1398,61
1358,60
1452,64
1477,66
1408,62
1395,62
1380,61
1361,62
1276,60
1282,58
1316,60
1216,56
1262,59
1329,61
1418,63
1462,65
1295,58
1323,60
1447,65
1549,68
1439,63
1372,62
1504,65
1234,56
1452,64
1535,66
1297,58
1241,57
1411,62
1367,62
1314,61
1375,63
1462,63
1354,62
1347,61
1362,62
1366,63
1533,66
1432,65
1448,64
1505,65
1330,61
1550,67
1379,62
1384,61
1425,62
1570,66
1468,64
1372,62
1569,67
1403,63
1551,67
1373,64
1251,59
1354,62
1520,66
1420,63
1440,63
1282,59
1390,62
1319,60
1240,59
1372,64
1257,57
1300,58
1492,65
1436,62
1331,61
1381,64
1432,63
1428,63
1359,62
1344,60
1271,59
1341,60
1414,62
1384,63
1544,66
1359,60
1432,64
1369,59
1563,65
1279,60
1317,61
1300,58
1389,64
1523,66
1342,61
1486,65
1420,63
1432,62
1421,63
1388,63
1353,62
1421,64
1222,57
1509,64
1518,65
1506,66
1488,64
1309,59
1437,64
1374,63
1345,61
1240,57
1475,63
1571,67
1362,60
1342,61
1399,62
1495,67
1388,60
1464,62
1370,62
1346,62
1403,60
1422,64
1436,62
1233,55
1630,69
1398,61
1382,61
1340,60
1477,64
1465,65
1337,62
1418,63
1222,57
1519,66
1158,56
1479,63
1334,62
1501,63
1430,64
1438,63
1264,56
1458,63
1309,59
1275,61
1433,62
1362,59
1415,62
1481,64
1369,61
1213,57
1304,60
1265,57
1403,62
1346,61
1320,59
1442,62
1474,64
1444,62
1342,61
1306,59
1364,61
1279,59
1331,60
1396,62
1437,63
1378,61
1341,60
1323,61
1420,64
1242,57
1507,65
1414,64
1469,64
1417,62
1463,61
1261,57
1396,63
1245,57
1472,65
1292,60
1478,65
1406,63
1283,59
1386,63
1415,62
1386,64
1679,71
1388,63
1502,65
1462,64
1444,63
1293,58
1386,63
1385,62
1321,60
1497,63
1436,64
1409,62
1339,62
1381,61
1254,61
1488,64
1338,60
1396,62
1234,58
1446,65
1442,64
1432,63
1396,63
1487,66
1428,63
1339,61
1195,55
1261,58
1291,57
1471,63
1504,66
1482,64
1406,62
1312,60
1361,61
1461,66
1257,59
1341,60
1478,64
1410,64
1618,67
1339,60
1548,66
1455,65
1338,64
1466,63
1491,66
1456,62
1277,60
1441,63
1485,65
1378,63
1652,68
1422,62
1530,66
1416,62
1377,60
1463,65
1444,64
1385,62
1335,61
1381,61
1366,62
1492,66
1335,61
1379,62
1488,63
1428,63
1523,66
1502,65
1537,66
1409,63
1489,66
1354,61
1370,62
1527,67
1410,64
1382,62
1352,61
1495,66
1418,63
1309,59
1365,62
1329,61
1296,60
1402,62
1429,63
1350,62
1323,59
1405,62
1273,60
1470,65
1428,63
1264,57
1236,58
1437,63
1513,65
1457,62
1360,61
1288,58
1351,60
1404,64
1280,60
1418,62
1319,57
1563,68
1431,64
1378,63
1216,57
1311,58
1177,55
1536,67
1523,67
1241,57
1405,63
1343,60
1468,64
1213,56
1354,60
1362,60
1433,61
1597,67
1282,57
1474,64
1674,70
1313,59
1389,62
1506,64
1472,65
1478,64
1485,65
1546,66
1460,64
1419,61
1432,64
1398,63
1485,65
1340,61
1545,65
1306,59
1536,66
1431,63
1347,61
1589,67
1343,63
1457,64
1297,59
1399,64
1299,60
1358,61
1480,65
1315,60
1467,64
1434,64
1270,57
1444,64
1426,62
1297,60
1425,64
1437,64
1312,57
1466,64
1372,60
1480,64
1412,62
1432,62
1291,58
1317,60
1379,60
1363,61
1538,66
1203,58
1376,61
1396,63
1302,61
1405,63
1306,60
1387,60
1442,63
1570,67
1455,64
1235,59
1469,65
1390,63
1268,58
1567,68
1560,68
1355,60
1471,63
1371,60
1427,63
1579,67
1404,62
1555,67
1487,65
1504,64
1445,65
1349,61
1516,65
1336,61
1387,62
1340,60
1362,60
1452,66
1437,63
1426,62
1361,61
1446,62
1332,59
1439,61
1577,63
1425,62
1356,62
1553,66
1380,61
1325,59
1319,62
1501,65
1338,59
1437,62
1401,62
1475,63
1478,65
1384,61
1544,67
1176,54
1333,58
1314,61
1342,58
1291,56
1496,65
1411,61
1384,61
1303,61
1371,61
1545,65
1384,63
1550,66
1344,62
1381,63
1350,62
1262,59
1452,64
1239,57
1362,61
1391,61
1485,66
1407,64
1421,62
1324,61
1500,65
1336,60
1492,64
1414,63
1382,63
1469,64
1475,63
1404,63
1302,60
1323,61
1347,59
1420,63
1476,63
1290,57
1093,54
1336,61
1319,62
1252,58
1415,62
1413,64
1345,60
1292,58
1376,62
1258,58
1370,63
1367,62
1433,62
1367,61
1355,59
1365,62
1343,59
1457,63
1312,58
1417,63
1402,61
1384,59
1469,66
1388,61
1501,66
1398,62
1300,61
1305,60
1391,64
1476,64
1271,60
1398,61
1325,61
1303,59
1499,63
1398,63
1544,66
1368,62
1392,61
1442,63
1458,63
1243,58
1243,59
1354,60
1403,64
1339,61
1314,59
1316,60
1315,60
1287,59
1428,62
1539,65
1318,62
1467,64
1324,60
1318,60
1386,63
1448,63
1261,58
1300,60
1484,63
1336,61
1360,61
1424,61
1440,63
1310,60
1470,64
1303,59
1382,61
1427,64
1357,59
1188,56
1373,60
1370,63
1302,60
1387,62
1289,60
1592,69
1338,62
1503,66
1645,69
1216,57
1570,66
1511,64
1320,61
1463,64
1428,64
1504,65
1393,63
1409,60
1477,65
1416,63
1455,64
1364,59
1448,64
1276,59
1381,59
1393,62
1452,62
1391,60
1440,64
1363,63
1313,59
1373,63
1443,64
1319,60
1490,65
1389,61
1401,62
1389,62
1444,61
1587,67
1392,62
1373,61
1240,57
1431,62
1387,64
1434,63
1389,62
1374,62
1267,60
1363,60
1498,64
1467,66
1350,58
1367,60
1439,63
1421,64
1391,62
1420,63
1423,63
1438,62
1400,62
1458,64
1550,67
1493,65
1347,60
1229,57
1379,60
1596,68
1449,63
1294,59
1378,61
1332,60
1305,58
1378,60
1238,59
1500,65
1326,62
1431,64
1424,63
1392,61
1403,62
1387,63
1375,62
1375,60
1441,63
1458,64
1398,65
1234,57
1382,61
1376,61
1607,68
1378,62
1396,60
1378,59
1313,61
1461,65
1457,63
1451,64
1513,66
1264,59
1402,62
1529,65
1384,63
1347,60
1318,58
1196,58
1343,61
1339,61
1320,59
1499,64
1561,66
1492,66
1255,59
1307,59
1270,57
1518,67
1480,66
1279,59
1473,64
1340,61
1269,59
1316,59
1306,60
1438,63
1296,60
1312,60
1306,60
1285,60
1530,66
1325,60
1436,62
1429,64
1397,62
1401,61
1427,61
1383,62
1327,60
1371,61
1417,63
1461,64
1300,62
1471,64
1394,63
1280,58
1392,63
1391,62
1544,67
1479,65
1480,65
1450,62
1393,63
1263,58
1315,60
1423,63
1421,62
1317,61
1392,60
1379,63
1514,63
1217,58
1368,62
1409,61
1459,64
1419,64
1298,61
1269,58
1384,61
1335,60
1385,63
1271,58
1532,65
1356,63
1242,58
1333,60
1497,64
1450,63
1436,63
1327,60
1466,64
1270,58
1377,61
1452,65
1257,57
1231,57
1435,63
1561,66
1532,65
1410,63
1276,58
1330,60
1364,61
1374,62
1381,63
1498,65
1496,64
1441,64
1473,64
1353,61
1514,65
1341,60
1457,65
1342,59
1476,65
1419,63
1257,59
1367,62
1385,62
1382,62
1341,62
1393,62
1458,63
1452,61
1349,60
1398,61
1374,61
1390,63
1459,63
1519,65
1366,63
1365,60
1366,63
1426,64
1297,60
1243,59
1329,60
1353,59
1449,64
1390,63
1360,59
1410,62
1255,55
1446,63
1406,62
1384,60
1502,64
1351,61
1447,64
1370,61
1406,61
1424,62
1182,56
1458,64
1223,59
1300,61
1316,61
1314,60
1285,60
1437,64
1280,60
1320,60
1389,62
1381,62
1503,66
1460,65
1391,62
1372,60
1371,62
1504,64
1255,55
1416,63
1493,63
1365,62
1395,59
1432,62
1488,66
1325,59
1430,62
1412,61
1551,67
1388,60
1356,61
1472,63
1499,66
1453,65
1463,66
1364,61
1420,60
1433,63
1380,61
1361,62
1459,64
1407,63
1491,64
1159,54
1461,63
1397,64
1485,64
1405,61
1442,62
1498,65
1429,61
1468,64
1344,61
1259,59
1423,62
1316,61
1438,63
1480,64
1375,63
1458,63
1480,63
1543,67
1483,64
1425,62
1373,59
1540,67
1335,60
1327,60
1409,62
1458,65
1361,65
1483,66
1353,61
1414,61
1492,65
1271,59
1374,61
1310,60
1392,63
1534,67
1424,62
1275,60
1424,65
1420,64
1459,65
1342,60
1424,65
1344,60
1470,62
1347,60
1353,62
1385,62
1513,63
1202,58
1413,61
1477,65
1327,61
1293,59
1497,67
1414,64
1369,63
1434,63
1233,59
1508,65
1465,64
1458,62
1421,63
1447,64
1341,60
1229,58
1363,61
1567,64
1341,60
1431,64
1485,63
1447,64
1283,58
1519,66
1499,65
1549,66
1358,60
1402,60
1518,65
1460,63
1514,66
1394,61
1394,62
1431,63
1284,59
1407,60
1496,65
1296,59
1289,59
1485,64
1397,62
1331,60
1291,59
1549,65
1565,68
1601,69
1412,63
1273,58
1495,66
1367,63
1371,62
1504,66
1465,65
1356,60
1400,62
1268,57
1363,61
1354,61
1419,63
1379,62
1558,66
1266,58
1378,62
1525,66
1426,61
1377,62
1322,60
1321,60
1476,65
1415,65
1267,60
1304,60
1449,63
1394,63
1513,65
1344,62
1391,63
1368,61
1396,61
1337,60
1595,68
1415,60
1322,59
1366,62
1442,64
1507,63
1409,62
1411,62
1377,62
1327,60
1455,64
1303,60
1332,61
1521,65
1307,61
1313,60
1503,66
1436,65
1319,59
1558,67
1412,62
1358,60
1503,66
1371,63
1443,64
1357,60
1287,60
1271,59
1489,63
1432,63
1341,62
1302,58
1406,62
1263,58
1258,58
1324,59
1382,61
1316,59
1440,64
1417,64
1421,61
1336,60
1508,64
1350,63
1215,57
1308,57
1512,65
1259,59
1497,65
1437,65
1360,62
1437,64
1328,60
1416,64
1296,62
1351,62
1374,62
1609,68
1358,63
1380,61
1413,61
1385,62
1454,65
1504,64
1389,61
1276,59
1309,60
1429,64
1404,62
1436,62
1408,65
1281,59
1361,61
1323,61
1526,67
1289,59
1471,66
1278,60
1301,60
1524,66
1371,58
1255,58
1485,65
1513,66
1374,62
1390,59
1323,60
1348,58
1319,59
1418,63
1292,60
1345,61
1403,61
1384,64
1409,64
1492,63
1399,60
1347,62
1370,61
1281,59
1336,59
1285,61
1354,60
1284,58
1374,59
1330,61
1372,62
1279,57
1393,61
1504,64
1425,64
1411,63
1456,64
1370,61
1264,60
1562,67
1289,58
1444,63
1354,61
1324,60
1360,59
1435,62
1342,61
1437,64
1270,59
1373,63
1593,66
1499,65
1387,62
1241,59
1370,62
1457,64
1306,59
1340,60
1543,67
1230,59
1489,65
1328,61
1288,59
1292,60
1438,64
1375,62
1377,61
1456,63
1445,63
1392,61
1389,62
1426,62
1310,62
1407,62
1549,67
1344,60
1458,62
1240,58
1390,63
1370,61
1450,65
1397,62
1268,60
1260,56
1349,61
1351,61
1375,61
1482,65
1449,63
1317,63
1283,59
1384,62
1471,64
1494,67
1548,67
1437,65
1334,58
1370,60
1327,60
1333,61
1440,63
1437,63
1285,56
1585,68
1287,60
1511,65
1340,60
1445,64
1311,59
1536,65
1276,59
1568,67
1303,58
1396,62
1436,63
1435,64
1431,62
1275,60
1161,56
1178,57
1348,62
1366,60
1393,62
1400,62
1281,59
1354,62
1273,58
1355,61
1495,65
1393,62
1353,62
1380,62
1448,64
1482,65
1393,61
1381,63
1540,68
1358,62
1355,63
1328,58
1360,62
1393,62
1410,63
1341,60
1262,59
1581,66
1343,62
1357,59
1379,63
1444,65
1389,61
1297,59
1329,59
1382,61
1370,63
1362,61
1408,64
1268,57
1217,56
1468,64
1428,63
1337,61
1498,65
1434,63
1407,65
1446,63
1418,63
1397,63
1370,62
1273,59
1289,59
1343,58
1373,62
1533,64
1321,60
1440,64
1317,62
1210,59
1472,64
1188,56
1334,61
1421,60
1284,61
1358,62
1344,63
1395,63
1411,63
1401,63
1345,60
1406,63
1437,62
1464,64
1342,60
1325,58
1356,61
1278,60
1544,66
1351,61
1299,59
1307,58
1402,64
1321,60
1365,61
1463,62
1360,62
1447,62
1428,61
1418,63
1496,65
1314,60
1461,64
1431,63
1411,63
1494,67
1164,56
1229,57
1425,64
1388,61
1537,67
1366,60
1347,60
1370,64
1400,63
1437,63
1214,57
1261,58
1266,61
1411,63
1364,62
1245,57
1385,65
1382,60
1473,64
1376,63
1311,57
1314,60
1381,60
1398,62
1347,61
1560,68
1323,60
1436,64
1323,62
1600,67
1315,61
1426,63
1433,63
1510,66
1420,61
1585,67
1348,61
1268,57
1539,67
1322,60
1345,59
1424,62
1444,64
1417,64
1435,63
1377,62
1341,60
1340,62
1500,65
1300,61
1313,60
1336,59
1479,63
1470,67
1435,64
1279,58
1439,64
1384,61
1279,60
1390,62
1333,58
1341,59
1393,63
1433,65
1430,63
1423,64
1527,67
1283,57
1284,59
1471,63
1357,61
1452,64
1565,67
1582,68
1457,65
1335,60
1488,64
1442,64
1346,61
1304,60
1324,60
1445,63
1334,62
1230,56
1372,61
1320,58
1378,61
1160,54
1364,60
1495,65
1416,64
1441,64
1403,62
1340,62
1328,60
1221,59
1469,65
1406,62
1505,65
1417,64
1397,64
1329,61
1346,64
1348,61
1153,54
1461,65
1361,61
1372,63
1400,61
1458,63
1446,64
1459,65
1314,59
1375,62
1431,62
1426,62
1436,64
1454,64
1440,60
1345,61
1614,68
1380,62
1416,63
1495,65
1342,58
1537,66
1322,59
1367,62
1414,61
1526,65
1533,66
1467,62
1522,66
1374,61
1307,58
1422,62
1528,66
1402,61
1436,63
1332,62
1439,61
1416,62
1363,64
1527,63
1379,62
1417,63
1424,63
1275,58
1472,63
1264,59
1299,59
1322,61
1389,65
1330,61
1524,66
1450,63
1671,69
1393,60
1406,62
1493,65
1333,63
1533,65
1320,62
1353,62
1340,61
1526,65
1449,63
1516,66
1455,64
1499,64
1406,63
1350,59
1584,67
1542,67
1456,63
1505,67
1223,57
1290,58
1247,58
1432,62
1382,62
1508,67
1265,59
1349,60
1402,63
1405,64
1400,62
1532,66
1351,60
1380,62
1416,63
1279,61
1335,61
1563,66
1324,59
1516,65
1403,63
1356,63
1442,63
1511,67
1415,62
1376,60
1324,58
1372,61
1402,62
1397,64
1337,61
1373,63
1336,61
1368,63
1321,59
1510,66
1236,57
1339,61
1449,63
1447,64
1366,62
1301,59
1439,64
1511,66
1403,62
1300,58
1473,63
1381,63
1417,63
1314,60
1518,66
1300,58
1404,62
1436,62
1301,60
1479,65
1384,62
1538,67
1361,62
1355,62
1218,57
1296,60
1373,62
1399,63
1400,62
1329,59
1342,63
1256,57
1482,64
1548,68
1458,63
1393,62
1490,66
1431,63
1311,58
1373,62
1415,62
1425,61
1367,62
1320,62
1439,64
1331,60
1504,65
1525,66
1482,65
1407,62
1389,62
1266,58
1407,61
1531,66
1323,59
1430,63
1314,60
1384,61
1383,61
1354,61
1354,61
1534,65
1252,56
1669,71
1178,57
1506,67
1381,62
1466,63
1398,61
1563,66
1197,58
1311,59
1322,60
1450,62
1377,59
1400,63
1517,65
1377,63
1495,65
1372,62
1391,61
1222,57
1555,66
1354,60
1532,63
1375,59
1436,62
1445,63
1181,58
1467,63
1447,63
1312,61
1564,68
1325,60
1371,60
1439,64
1318,61
1398,61
1359,60
1420,61
1344,59
1313,62
1436,63
1250,59
1410,63
1317,61
1379,60
1373,62
1415,63
1405,62
1448,63
1575,67
1320,61
1310,57
1400,65
1352,60
1506,65
1373,64
1354,60
1324,60
1353,61
1384,63
1312,61
1285,59
1224,56
1408,63
1398,63
1345,61
1286,59
1348,61
1364,61
1336,61
1315,59
1504,64
1435,64
1342,59
1459,64
1489,64
1486,65
1364,60
1384,62
1474,64
1408,62
1179,55
1371,61
1343,61
1449,62
1418,61
1335,61
1414,61
1306,59
1507,65
1444,64
1534,66
1385,62
1438,64
1347,61
1379,61
1361,60
1523,64
1330,59
1397,62
1401,58
1343,61
1446,64
1352,60
1427,64
1354,60
1189,57
1456,64
1370,60
1356,61
1344,60
1374,59
1396,63
1443,64
1340,62
1393,62
1425,63
1349,62
1351,61
1456,63
1451,62
1408,64
1562,68
1448,63
1284,60
1544,67
1517,63
1524,66
1405,62
1298,58
1289,60
1306,61
1533,65
1413,62
1402,62
1202,55
1675,70
1432,62
1264,59
1581,66
1410,61
1474,64
1281,58
1410,64
1601,67
1425,63
1355,60
1288,61
1301,60
1354,61
1463,64
1444,63
1389,61
1336,60
1416,61
1390,62
1408,64
1444,65
1467,62
1398,62
1341,60
1462,64
1337,60
1319,60
1402,62
1350,61
1437,65
1434,61
1340,62
1232,57
1331,61
1446,64
1438,63
1421,64
1381,63
1414,63
1559,66
1266,58
1516,65
1478,65
1276,59
1430,61
1465,63
1266,58
1340,60
1407,60
1451,65
1453,63
1455,65
1360,62
1603,69
1424,64
1388,61
1441,63
1500,65
1465,63
1366,63
1417,62
1413,64
1507,66
1411,62
1567,65
1477,64
1291,58
1343,61
1456,65
1473,64
1332,61
1152,55
1475,63
1525,66
1448,65
1366,62
1356,62
1491,65
1417,62
1443,61
1501,64
1425,63
1302,59
1261,57
1397,61
1245,58
1403,61
1330,60
1448,64
1241,58
1397,60
1329,59
1456,64
1269,57
1380,59
1267,58
1447,64
1437,63
1399,62
1495,66
1465,63
1356,61
1381,63
1315,60
1236,55
1414,62
1327,59
1326,60
1442,62
1329,61
1400,61
1301,58
1325,60
1373,61
1449,62
1449,63
1222,58
1444,64
1354,62
1506,64
1442,61
1436,61
1342,58
1315,59
1507,67
1365,62
1367,60
1375,63
1393,64
1356,61
1334,60
1505,64
1286,58
1376,64
1356,60
1282,61
1346,61
1324,61
1301,59
1389,61
1432,63
1409,62
1420,63
1347,59
1364,60
1397,62
1416,63
1498,66
1246,57
1467,66
1453,65
1363,62
1447,62
1257,59
1503,66
1485,65
1308,60
1351,63
1395,62
1488,66
1516,64
1395,61
1241,59
1431,61
1416,63
1425,62
1310,60
1387,62
1347,61
1313,61
1375,62
1408,63
1349,61
1479,65
1281,58
1357,60
1436,65
1333,62
1409,62
1462,65
1370,63
1242,57
1344,61
1387,62
1555,66
1374,63
1453,63
1356,61
1416,63
1462,64
1449,63
1358,61
1290,59
1524,66
1370,62
1512,65
1460,64
1311,58
1459,65
1291,60
1407,61
1364,61
1512,66
1409,61
1268,59
1387,63
1474,64
1293,60
1417,64
1427,61
1432,61
1326,58
1251,60
1504,65
1174,55
1273,59
1343,61
1293,60
1355,61
1372,61
1240,56
1468,65
1501,64
1453,64
1510,66
1357,61
1486,65
1282,59
1383,64
1341,61
1466,66
1280,59
1403,64
1477,65
1297,60
1340,60
1297,62
1416,63
1204,58
1253,57
1245,59
1454,64
1433,64
1384,62
1421,64
1253,57
1385,60
1413,62
1397,61
1301,61
1472,63
1300,59
1323,59
1365,63
1342,61
1409,62
1279,58
1592,67
1419,61
1522,66
1295,58
1128,55
1334,60
1385,61
1430,63
1533,65
1330,61
1350,59
1473,64
1384,62
1511,65
1358,59
1424,63
1382,63
1492,65
1595,69
1320,61
1367,59
1388,59
1453,64
1371,61
1456,65
1462,64
1429,62
1410,63
1305,59
1476,63
1342,62
1283,59
1372,62
1314,60
1472,64
1353,62
1560,66
1478,64
1479,65
1450,63
1366,63
1409,62
1418,62
1443,63
1308,59
1460,65
1380,62
1424,62
1459,65
1444,62
1554,68
1385,61
1350,58
1408,65
1298,60
1375,61
1199,57
1314,60
1457,65
1282,58
1430,63
1449,64
1424,62
1329,59
1389,62
1391,63
1571,66
1344,61
1439,63
1492,65
1352,60
1424,62
1502,65
1514,66
1439,63
1242,57
1368,61
1360,62
1382,60
1245,58
1329,60
1432,62
1429,62
1401,62
1388,61
1417,64
1373,61
1426,64
1363,62
1323,60
1575,68
1309,60
1513,67
1458,64
1400,62
1540,67
1624,67
1457,64
1469,64
1450,64
1374,62
1375,62
1403,60
1457,65
1440,62
1379,62
1464,64
1564,66
1406,62
1416,61
1312,59
1411,62
1223,57
1334,59
1454,63
1312,60
1340,59
1438,62
1439,65
1308,61
1431,62
1316,61
1353,62
1284,59
1277,57
1386,62
1373,61
1585,67
1199,56
1289,59
1238,58
1504,65
1386,62
1297,59
1374,62
1411,62
1399,61
1437,61
1414,62
1256,57
1293,60
1397,62
1290,60
1376,62
1421,61
1484,65
1322,61
1253,58
1415,63
1420,62
1553,66
1495,66
1318,60
1322,58
1373,59
1345,60
1383,61
1464,65
1502,65
1394,62
1347,61
1503,63
1454,62
1475,65
1467,63
1311,61
1237,58
1323,60
1392,60
1419,62
1415,64
1251,57
1426,62
1388,62
1430,64
1396,59
1476,65
1479,61
1338,58
1485,63
1363,63
1367,64
1408,63
1425,61
1376,61
1274,60
1337,61
1422,65
1435,63
1348,60
1483,66
1333,61
1265,59
1333,59
1408,63
1360,61
1351,61
1398,62
1363,62
1307,59
1339,60
1274,60
1370,60
1390,62
1287,60
1330,62
1320,59
1423,63
1268,57
1353,60
1554,66
1296,59
1468,63
1289,60
1409,65
1373,61
1500,64
1270,58
1341,61
1387,63
1495,65
1341,62
1294,59
1341,59
1361,61
1418,63
1388,61
1378,61
1346,62
1344,61
1378,62
1369,61
1546,67
1274,57
1560,66
1335,61
1377,62
1373,62
1304,59
1437,63
1253,60
1516,65
1282,59
1425,63
1435,63
1357,61
1272,58
1312,59
1372,62
1379,60
1489,65
1346,60
1392,62
1626,68
1416,63
1312,59
1425,64
1413,62
1318,61
1342,61
1356,61
1254,58
1227,56
1474,63
1408,63
1372,61
1229,58
1569,65
1399,62
1419,63
1512,64
1344,60
1346,61
1358,60
1473,63
1429,64
1431,63
1466,65
1379,61
1393,61
1359,62
1306,60
1508,65
1381,61
1248,58
1288,61
1299,59
1423,65
1410,62
1414,63
1343,61
1346,62
1579,66
1284,57
1365,59
1476,64
1502,65
1457,63
1431,64
1490,65
1398,61
1372,60
1316,59
1274,59
1376,61
1426,63
1406,62
1322,60
1217,58
1330,59
1326,59
1421,64
1305,59
1299,58
1238,59
1329,60
1280,59
1384,62
1333,63
1354,60
1537,66
1373,60
1344,62
1423,65
1354,62
1410,63
1319,60
1346,60
1335,60
1421,64
1471,64
1402,61
1325,62
1261,60
1434,62
1442,63
1412,62
1446,64
1476,65
1418,63
1353,59
1378,59
1372,61
1498,64
1368,60
1490,63
1350,61
1492,64
1263,57
1277,58
1559,68
1491,67
1300,60
1283,59
1470,63
1392,61
1453,63
1423,62
1565,67
1489,66
1489,63
1352,62
1283,58
1452,65
1263,59
1396,62
1304,59
1452,63
1321,62
1518,66
1411,64
1272,58
1280,57
1256,58
1561,64
1439,64
1513,66
1472,64
1406,64
1422,63
1344,61
1383,62
1521,65
1430,63
1368,60
1371,61
1334,60
1490,65
1380,60
1435,62
1331,61
1288,58
1214,57
1349,63
1496,65
1439,65
1313,60
1485,64
1563,68
1423,64
1397,61
1232,56
1306,61
1337,60
1355,62
1374,61
1344,61
1313,60
1430,64
1475,65
1436,63
1489,66
1292,58
1289,59
1428,65
1378,62
1407,62
1291,60
1235,60
1419,62
1401,63
1366,62
1240,59
1315,60
1392,61
1377,62
1347,60
1512,64
1494,66
1228,58
1543,66
1369,62
1406,62
1422,63
1401,62
1402,63
1392,61
1287,58
1474,62
1409,64
1385,62
1514,66
1281,60
1400,63
1206,58
1532,64
1551,67
1356,61
1526,64
1592,67
1347,60
1443,63
1477,65
1354,61
1287,61
1397,62
1395,62
1518,63
1546,66
1363,63
1586,66
1417,64
1407,63
1376,59
1504,64
1436,64
1405,61
1295,60
1224,57
1374,61
1431,62
1555,67
1260,58
1322,59
1466,66
1422,63
1348,61
1612,67
1372,61
1416,62
1605,69
1304,59
1423,63
1352,61
1316,61
1356,61
1411,62
1299,59
1341,61
1445,62
1270,58
1376,62
1373,62
1524,66
1389,61
1529,64
1377,61
1430,63
1431,64
1441,63
1262,59
1307,60
1376,62
1379,62
1451,64
1475,63
1511,63
1353,62
1436,62
1577,67
1496,68
1367,61
1530,67
1387,61
1496,64
1342,61
1380,62
1463,65
1391,62
1299,60
1422,63
1544,66
1548,66
1335,61
1276,59
1459,63
1406,62
1298,62
1028,51
1344,62
1354,60
1384,61
1451,63
1385,63
1398,62
1417,64
1372,59
1524,66
1387,63
1371,62
1473,64
1560,67
1457,64
1454,64
1575,66
1423,63
1370,61
1311,59
1408,63
1421,61
1388,63
1323,58
1329,61
1547,66
1544,66
1455,65
1295,59
1429,63
1604,68
1490,65
1302,59
1274,59
1431,63
1233,58
1391,63
1540,65
1458,64
1547,66
1224,57
1235,56
1349,60
1522,67
1364,63
1419,64
1209,58
1398,63
1340,59
1284,59
1516,66
1338,60
1278,58
1532,66
1261,59
1454,63
1579,67
1465,65
1591,68
1372,61
1353,63
1340,63
1290,59
1423,62
1301,60
1445,62
1453,65
1597,70
1397,62
1268,58
1329,61
1328,61
1364,63
1272,60
1451,63
1282,58
1405,60
1395,64
1426,63
1386,61
1400,61
1449,63
1405,63
1349,61
1513,65
1402,63
1409,63
1468,64
1423,63
1360,63
1502,65
1334,59
1436,63
1619,68
1429,63
1481,66
1283,60
1395,61
1271,58
1336,60
1467,65
1264,59
1381,61
1467,65
1403,61
1360,60
1493,65
1396,62
1351,61
1300,59
1388,64
1315,60
1415,64
1402,61
1343,61
1392,61
1470,64
1543,65
1166,57
1399,63
1504,65
1396,63
1279,57
1480,64
1367,62
1348,60
1496,66
1383,62
1542,65
1371,63
1571,66
1409,61
1362,59
1278,58
1396,61
1474,65
1381,61
1355,61
1570,66
1311,61
1412,62
1425,64
1396,64
1260,58
1509,67
1392,62
1299,61
1198,56
1540,67
1350,61
1319,59
1321,59
1372,62
1382,63
1486,66
1507,64
1425,63
1281,59
1429,64
1425,64
1480,67
1322,60
1624,68
1258,58
1412,60
1279,61
1477,64
1357,63
1334,61
1385,64
1253,57
1391,63
1367,61
1312,59
1365,59
1548,64
1414,62
1574,67
1372,58
1347,62
1431,63
1566,67
1286,58
1460,64
1401,59
1377,61
1234,57
1550,68
1361,63
1490,61
1444,64
1455,66
1427,63
1447,63
1211,57
1445,63
1424,61
1534,68
1277,60
1479,65
1295,57
1411,62
1333,61
1341,60
1373,62
1453,63
1455,61
1349,61
1348,61
1242,59
1450,63
1339,61
1404,63
1482,64
1439,64
1564,67
1434,63
1473,64
1504,65
1293,60
1389,61
1475,66
1280,56
1537,64
1390,62
1321,59
1360,63
1374,63
1367,61
1198,57
1326,59
1288,60
1446,62
1217,57
1371,61
1467,66
1340,62
1238,58
1361,62
1356,62
1267,60
1370,60
1356,60
1474,66
1394,61
1316,60
1406,64
1238,60
1238,57
1256,57
1271,60
1520,66
1431,63
1537,66
1378,61
1399,63
1342,60
1383,62
1454,65
1554,66
1353,62
1287,59
1558,66
1285,58
1377,64
1427,64
1280,61
1377,63
1398,61
1461,64
1487,65
1303,60
1402,60
1576,66
1391,63
1602,68
1470,64
1436,64
1432,62
1416,63
1387,64
1283,57
1456,63
1279,58
1349,62
1351,62
1502,65
1458,63
1417,63
1577,67
1496,66
1409,63
1539,66
1402,62
1269,59
1546,66
1333,60
1341,61
1467,65
1306,59
1461,63
1398,62
1529,67
1425,63
1446,66
1379,62
1225,56
1406,62
1419,62
1355,61
1528,66
1453,65
1315,60
1484,64
1382,62
1437,63
1437,62
1260,58
1242,60
1487,67
1355,62
1571,67
1373,61
1338,60
1263,58
1330,61
1383,62
1350,60
1450,65
1405,61
1475,64
1490,64
1437,61
1520,65
1247,58
1417,63
1400,62
1189,57
1431,65
1327,60
1468,64
1271,59
1356,61
1202,55
1398,63
1434,63
1389,64
1195,57
1364,62
1462,66
1270,58
1378,62
1351,61
1417,63
1473,64
1395,59
1386,62
1380,62
1428,63
1536,66
1379,63
1353,62
1511,66
1440,64
1465,65
1464,64
1396,59
1277,57
1451,65
1466,65
1330,60
1452,63
1507,67
1278,60