58,1346
57,1245
65,1537
53,1138
57,1252
62,1451
54,1176
52,1219
54,1244
57,1213
61,1468
49,1126
59,1375
58,1368
56,1201
56,1287
60,1376
60,1358
60,1422
61,1442
60,1399
63,1480
51,1091
60,1341
62,1347
54,1205
63,1481
64,1463
56,1264
69,1563
-,-,-,-
56,1330
58,1346
60,1424
58,1346
55,1299
59,1333
60,1405
56,1192
60,1344
58,1309
56,1247
60,1449
62,1430
62,1486
53,1140
53,1099
57,1252
59,1335
66,1595
54,1195
59,1290
58,1305
60,1347
60,1392
51,1173
54,1157
56,1261
58,1335
52,1147
58,1346
57,1277
58,1322
58,1280
62,1411
67,1613
49,1038
60,1406
64,1432
57,1345
62,1437
65,1460
53,1250
69,1573
-,-,-,-
65,1511
69,1563
69,1578
67,1514
69,1563
70,1590
65,1498
65,1583
64,1520
62,1491
68,1650
63,1533
65,1552
67,1604
65,1453
65,1460
64,1497
65,1529
60,1392
60,1428
56,1273
59,1333
56,1251
55,1282
57,1243
62,1394
56,1269
59,1346
58,1315
60,1366
60,1355
55,1245
55,1285
59,1396
56,1307
64,1430
55,1266
59,1381
58,1348
53,1162
56,1255
56,1193
60,1411
-,-,-,-
70,1638
69,1567
64,1533
70,1644
70,1590
70,1578
63,1386
65,1538
65,1520
63,1532
63,1475
66,1589
66,1583
65,1545
65,1543
63,1392
65,1524
65,1529
58,1295
65,1439
61,1478
61,1390
64,1441
57,1273
62,1476
60,1416
57,1255
54,1287
58,1383
58,1318
56,1178
58,1346
62,1470
55,1241
57,1309
56,1303
61,1401
57,1336
59,1321
58,1324
61,1402
60,1372
60,1406
-,-,-,-
70,1582
64,1458
70,1576
68,1557
69,1568
66,1493
69,1567
64,1515
67,1611
68,1650
58,1354
67,1566
60,1456
65,1522
60,1418
64,1424
66,1593
65,1462
57,1315
57,1314
59,1307
59,1400
63,1504
55,1297
58,1358
59,1346
56,1265
58,1331
58,1362
61,1320
61,1404
59,1243
63,1402
61,1499
62,1439
59,1337
59,1389
60,1247
61,1352
53,1165
56,1311
56,1241
55,1267
-,-,-,-
70,1580
67,1512
70,1576
69,1563
64,1520
64,1473
69,1546
68,1650
58,1356
57,1287
63,1472
66,1593
60,1446
67,1584
64,1525
66,1608
64,1424
63,1433
58,1288
54,1172
60,1323
60,1410
65,1595
54,1280
56,1263
56,1306
58,1299
62,1406
58,1240
63,1425
58,1287
67,1554
59,1368
58,1282
56,1181
62,1379
57,1346
60,1360
62,1386
54,1194
58,1337
59,1373
54,1253
-,-,-,-
69,1554
70,1576
68,1562
70,1603
70,1576
69,1556
70,1576
63,1537
61,1453
68,1650
65,1546
63,1511
67,1554
60,1420
64,1495
65,1505
66,1564
64,1521
66,1497
60,1445
62,1436
56,1303
57,1250
61,1420
59,1413
55,1284
62,1446
57,1223
63,1417
56,1227
61,1422
59,1398
60,1333
61,1377
57,1236
62,1493
59,1254
61,1384
55,1188
55,1204
58,1288
56,1361
53,1180
-,-,-,-
69,1559
70,1580
68,1526
68,1524
69,1552
69,1554
69,1561
66,1541
68,1648
66,1593
62,1411
67,1546
66,1570
67,1554
67,1603
66,1614
64,1417
65,1460
61,1421
57,1355
62,1509
50,1090
57,1271
60,1430
63,1341
64,1575
61,1401
52,1241
60,1340
59,1284
61,1504
56,1347
59,1300
66,1505
60,1371
67,1605
62,1463
56,1131
57,1295
56,1267
52,1155
60,1375
57,1282
-,-,-,-
70,1583
62,1372
70,1576
67,1509
68,1555
69,1567
69,1606
65,1556
68,1652
66,1612
68,1648
67,1546
59,1333
58,1392
66,1541
65,1519
61,1408
64,1464
63,1413
62,1460
63,1470
59,1412
57,1298
63,1426
61,1366
61,1424
58,1335
60,1382
55,1227
65,1511
66,1509
59,1338
59,1379
55,1281
60,1483
58,1252
59,1408
57,1237
56,1291
56,1362
57,1323
51,1143
53,1259
-,-,-,-
69,1550
68,1537
67,1560
66,1469
70,1576
70,1576
70,1563
64,1557
62,1476
64,1544
58,1362
67,1546
66,1511
67,1546
67,1628
67,1566
62,1399
66,1497
64,1495
61,1407
63,1462
64,1526
65,1573
58,1364
57,1362
65,1491
60,1394
57,1248
55,1162
62,1484
59,1348
59,1431
59,1315
56,1326
62,1430
56,1266
59,1327
58,1333
52,1204
56,1343
58,1356
56,1294
58,1321
-,-,-,-
63,1455
70,1579
69,1577
70,1569
70,1563
70,1575
69,1529
62,1473
59,1359
67,1580
63,1488
66,1538
66,1571
67,1530
67,1566
67,1578
58,1278
67,1605
62,1365
60,1342
60,1433
57,1318
62,1525
58,1372
65,1576
60,1417
62,1347
58,1292
61,1343
59,1343
62,1488
62,1471
62,1483
59,1377
53,1304
63,1517
63,1391
58,1300
57,1276
53,1167
59,1404
59,1376
54,1290
-,-,-,-
70,1563
64,1391
70,1557
70,1574
70,1581
67,1486
65,1492
67,1606
63,1488
66,1528
64,1516
64,1474
66,1534
65,1541
64,1480
67,1585
63,1393
65,1464
64,1453
64,1448
59,1293
66,1553
59,1298
58,1294
60,1379
61,1462
59,1295
61,1464
56,1207
56,1273
56,1323
58,1318
60,1386
60,1486
57,1301
59,1339
58,1328
56,1198
62,1456
58,1330
58,1303
52,1145
55,1334
-,-,-,-
66,1484
65,1430
67,1520
70,1565
72,1655
70,1557
69,1544
66,1576
65,1549
68,1652
66,1578
68,1532
63,1374
62,1401
68,1623
66,1541
65,1506
62,1395
62,1323
65,1505
66,1441
63,1462
61,1412
64,1435
55,1252
61,1460
59,1366
60,1342
58,1209
60,1398
55,1232
60,1318
58,1308
59,1300
58,1405
62,1454
64,1492
61,1406
58,1254
53,1198
55,1265
59,1319
58,1297
-,-,-,-
68,1596
72,1655
72,1655
71,1614
68,1562
72,1655
67,1527
66,1496
65,1471
66,1527
61,1369
68,1623
59,1344
66,1529
68,1648
56,1315
66,1534
62,1446
64,1415
67,1548
59,1356
66,1591
61,1447
62,1459
61,1379
63,1509
62,1386
59,1382
57,1347
55,1168
60,1308
55,1258
55,1306
57,1326
66,1496
58,1358
63,1496
57,1392
60,1283
58,1345
57,1304
57,1336
54,1205
-,-,-,-
71,1627
70,1625
72,1665
68,1569
71,1660
71,1625
68,1550
61,1374
67,1548
68,1532
68,1532
67,1609
68,1623
68,1589
57,1302
63,1465
63,1412
64,1475
61,1343
62,1417
68,1591
63,1498
56,1336
58,1284
59,1352
63,1441
61,1492
63,1359
65,1496
58,1362
55,1163
56,1210
61,1411
64,1539
59,1314
57,1294
58,1302
56,1331
60,1318
56,1272
58,1266
56,1333
56,1268
-,-,-,-
71,1643
70,1595
67,1582
71,1608
71,1628
71,1624
69,1571
67,1557
68,1577
64,1446
63,1455
69,1627
68,1598
66,1580
63,1472
61,1403
58,1369
66,1590
62,1376
61,1308
63,1393
60,1378
59,1288
59,1292
67,1510
63,1423
57,1397
59,1359
61,1360
62,1546
58,1299
58,1219
56,1215
58,1359
60,1374
57,1298
61,1388
61,1459
57,1216
57,1285
56,1327
56,1289
55,1214
-,-,-,-
66,1512
71,1635
70,1614
62,1455
69,1591
71,1658
70,1580
67,1559
63,1470
69,1623
69,1627
68,1532
66,1472
67,1524
68,1587
62,1433
66,1575
62,1429
68,1486
66,1469
62,1407
63,1489
63,1468
65,1511
58,1278
65,1544
62,1422
59,1433
60,1360
66,1608
63,1499
62,1395
60,1326
62,1438
56,1265
58,1306
61,1377
59,1377
59,1356
56,1250
57,1265
52,1280
55,1208
-,-,-,-
72,1653
72,1676
68,1551
70,1576
70,1612
72,1661
72,1653
67,1574
70,1664
69,1623
69,1623
70,1614
67,1453
61,1289
68,1532
64,1467
67,1564
56,1225
59,1401
62,1429
59,1383
60,1290
61,1412
61,1459
60,1466
60,1344
57,1305
62,1422
62,1496
60,1359
60,1369
58,1286
62,1378
59,1337
57,1320
59,1404
59,1333
59,1415
57,1203
57,1282
60,1413
57,1355
60,1373
-,-,-,-
65,1467
68,1520
72,1653
68,1586
72,1653
72,1671
70,1614
65,1430
64,1453
67,1515
68,1580
65,1540
67,1595
66,1591
68,1552
58,1300
57,1302
61,1402
61,1443
63,1456
66,1485
62,1436
57,1275
60,1387
59,1464
60,1378
62,1450
63,1504
58,1326
66,1484
64,1546
57,1237
59,1319
52,1246
61,1401
62,1430
62,1428
58,1334
57,1281
59,1394
55,1293
58,1327
55,1269
-,-,-,-
71,1606
68,1565
69,1565
71,1615
72,1653
71,1634
72,1653
67,1532
67,1520
66,1535
69,1584
66,1591
69,1634
70,1664
66,1515
68,1540
63,1456
67,1569
61,1456
64,1476
61,1509
66,1406
61,1378
63,1419
67,1591
62,1444
58,1354
59,1388
61,1393
63,1441
66,1484
60,1418
57,1237
54,1185
58,1385
57,1293
59,1301
61,1390
53,1121
58,1269
58,1253
59,1287
58,1361
-,-,-,-
67,1558
72,1653
72,1672
67,1573
66,1541
71,1637
68,1553
69,1566
64,1493
69,1575
70,1614
69,1625
70,1654
66,1591
68,1532
65,1526
68,1589
64,1478
57,1330
57,1274
60,1394
60,1313
61,1380
65,1455
62,1401
59,1285
64,1550
61,1427
55,1187
55,1247
54,1168
59,1304
59,1382
64,1492
58,1340
63,1501
61,1405
57,1346
56,1190
59,1320
61,1413
61,1412
57,1296
-,-,-,-
63,1426
72,1653
70,1601
68,1521
65,1488
71,1632
72,1676
66,1526
70,1614
67,1503
70,1610
68,1597
71,1690
70,1660
61,1406
64,1494
58,1321
68,1587
63,1521
53,1174
61,1406
60,1350
61,1393
58,1244
64,1501
59,1367
57,1337
64,1476
62,1420
62,1430
60,1376
61,1442
58,1322
56,1178
57,1273
63,1515
62,1374
58,1347
59,1345
54,1241
55,1223
60,1423
57,1394
-,-,-,-
67,1523
68,1568
71,1625
72,1651
70,1590
69,1534
70,1570
68,1606
69,1630
71,1690
66,1541
70,1610
64,1453
71,1628
66,1464
68,1567
68,1587
63,1489
53,1162
64,1437
60,1441
64,1393
62,1402
62,1357
58,1358
61,1314
59,1428
62,1423
60,1320
61,1464
60,1385
59,1340
59,1292
58,1224
61,1409
60,1378
62,1386
55,1317
55,1312
59,1363
60,1335
63,1471
59,1444
-,-,-,-
72,1651
72,1647
71,1613
72,1655
70,1638
71,1612
72,1655
60,1381
61,1373
68,1533
68,1589
64,1508
64,1492
68,1599
64,1555
68,1532
63,1433
68,1584
56,1287
59,1379
59,1334
52,1084
58,1305
61,1298
68,1536
65,1508
58,1356
58,1360
58,1317
59,1366
63,1481
62,1508
60,1343
60,1304
57,1246
56,1289
61,1378
62,1391
60,1377
59,1373
55,1266
62,1379
56,1290
-,-,-,-
71,1603
65,1430
71,1615
72,1650
72,1647
72,1669
72,1647
70,1618
71,1651
71,1628
68,1544
71,1694
69,1644
70,1649
68,1538
64,1447
69,1554
68,1527
61,1410
66,1597
61,1430
55,1295
60,1394
64,1478
66,1467
59,1316
61,1441
59,1344
61,1334
62,1470
61,1429
56,1312
58,1306
54,1170
58,1259
59,1347
59,1374
63,1371
63,1409
58,1445
65,1491
54,1221
65,1524
-,-,-,-
67,1506
70,1616
71,1627
67,1528
71,1670
68,1581
67,1520
71,1628
71,1628
63,1460
64,1368
68,1585
71,1690
65,1546
65,1481
69,1570
59,1339
66,1497
58,1343
60,1383
65,1464
61,1367
59,1353
60,1269
63,1400
61,1354
61,1425
60,1417
62,1446
62,1459
59,1365
57,1379
63,1524
54,1234
59,1390
63,1410
59,1278
57,1295
55,1296
57,1272
60,1487
54,1309
56,1312
-,-,-,-
70,1639
72,1647
73,1718
72,1647
70,1613
67,1546
69,1641
68,1607
69,1561
67,1501
59,1388
68,1629
71,1690
71,1690
65,1486
62,1379
62,1432
67,1556
64,1513
61,1354
63,1478
61,1416
65,1459
61,1359
60,1367
62,1438
60,1431
64,1440
58,1308
60,1443
56,1274
62,1535
63,1493
62,1415
59,1279
56,1146
57,1270
58,1287
64,1468
60,1383
55,1329
55,1262
53,1190
-,-,-,-
71,1675
72,1671
71,1670
73,1717
73,1697
71,1668
75,1809
69,1585
71,1628
70,1596
70,1605
61,1447
66,1517
71,1690
63,1375
69,1557
64,1403
68,1606
62,1365
60,1357
65,1488
63,1543
64,1458
66,1469
59,1271
58,1233
65,1557
64,1451
64,1454
60,1406
57,1315
61,1442
61,1390
61,1394
60,1327
54,1185
57,1250
55,1242
61,1419
56,1310
60,1418
61,1432
60,1356
-,-,-,-
73,1723
75,1807
75,1809
74,1779
75,1809
73,1725
75,1809
69,1571
70,1614
64,1395
61,1367
66,1599
70,1654
61,1454
68,1524
60,1350
67,1551
65,1505
59,1349
58,1270
60,1357
59,1401
59,1251
66,1397
62,1387
61,1404
62,1462
57,1238
63,1425
55,1203
56,1315
60,1395
62,1459
61,1404
58,1312
62,1337
60,1352
58,1352
59,1357
54,1196
58,1332
58,1257
60,1374
-,-,-,-
75,1823
75,1807
69,1611
75,1807
70,1640
75,1780
70,1661
63,1418
71,1630
71,1630
67,1477
70,1661
71,1694
63,1499
64,1425
66,1451
67,1504
68,1532
62,1420
59,1394
62,1430
65,1485
66,1472
60,1287
59,1330
57,1311
55,1317
59,1349
57,1217
55,1218
58,1372
58,1286
56,1313
60,1363
59,1348
56,1280
62,1395
57,1291
57,1245
54,1200
62,1384
58,1358
58,1324
-,-,-,-
73,1711
71,1666
75,1778
71,1648
64,1500
75,1780
68,1630
71,1628
69,1523
71,1627
71,1628
61,1467
71,1690
62,1398
66,1489
69,1558
67,1519
64,1398
60,1353
55,1178
63,1453
60,1344
61,1444
56,1252
64,1528
62,1371
58,1378
60,1325
61,1393
61,1389
62,1479
61,1383
61,1396
58,1334
63,1421
61,1367
59,1273
57,1166
57,1231
57,1284
62,1358
61,1433
59,1433
-,-,-,-
71,1695
67,1534
71,1660
73,1750
73,1728
71,1656
66,1455
71,1629
71,1629
68,1542
70,1640
65,1465
69,1653
65,1563
63,1396
69,1554
68,1609
65,1469
51,1146
59,1409
61,1396
65,1503
58,1265
62,1326
64,1455
63,1399
63,1529
57,1337
59,1303
55,1239
64,1519
63,1486
61,1402
55,1199
63,1376
60,1383
59,1308
57,1292
56,1201
59,1317
58,1358
58,1423
56,1243
-,-,-,-
65,1459
70,1645
69,1607
73,1709
70,1669
73,1737
72,1693
68,1543
68,1557
68,1548
71,1616
62,1458
70,1648
67,1535
67,1544
61,1398
67,1510
65,1487
61,1424
59,1323
65,1466
62,1435
60,1352
59,1313
61,1359
58,1415
59,1433
60,1413
58,1235
57,1300
61,1429
56,1298
60,1413
56,1209
56,1258
61,1353
61,1287
58,1275
61,1354
58,1330
62,1438
58,1292
58,1292
-,-,-,-
75,1764
74,1743
74,1758
73,1654
72,1699
66,1501
75,1780
71,1616
71,1622
71,1616
71,1616
71,1688
68,1569
66,1577
63,1441
69,1554
67,1554
66,1493
64,1433
60,1349
61,1458
65,1496
60,1434
62,1411
62,1401
55,1159
60,1480
59,1385
61,1404
59,1356
58,1404
60,1453
67,1538
57,1290
64,1483
60,1350
63,1442
57,1219
60,1342
57,1270
61,1450
58,1376
56,1297
-,-,-,-
68,1588
68,1550
67,1536
69,1644
73,1717
75,1758
74,1738
71,1639
71,1599
67,1470
63,1425
66,1545
63,1459
69,1640
70,1598
66,1484
66,1494
65,1462
62,1384
61,1485
59,1318
65,1480
59,1344
57,1264
64,1360
61,1326
63,1486
54,1324
63,1354
56,1245
58,1345
59,1432
61,1420
56,1254
58,1325
60,1377
60,1278
59,1356
56,1254
57,1292
58,1461
56,1384
59,1340
-,-,-,-
72,1736
74,1766
71,1664
67,1536
74,1750
66,1499
75,1770
65,1433
71,1644
70,1573
68,1519
66,1508
65,1565
69,1646
68,1523
60,1371
64,1462
68,1538
59,1421
61,1368
58,1206
64,1523
60,1411
61,1336
63,1408
61,1333
58,1332
60,1404
57,1248
56,1261
58,1379
58,1353
59,1417
61,1360
56,1298
60,1374
56,1248
63,1394
63,1440
58,1343
57,1406
61,1488
55,1277
-,-,-,-
68,1547
75,1756
75,1758
69,1638
73,1724
75,1758
74,1756
72,1670
71,1605
66,1512
65,1496
65,1491
63,1459
69,1630
68,1571
69,1587
63,1423
64,1435
64,1451
60,1358
61,1357
64,1462
59,1392
65,1395
58,1257
61,1349
63,1433
60,1402
52,1177
55,1231
57,1283
60,1453
59,1340
59,1309
53,1283
56,1188
59,1284
60,1326
59,1356
61,1417
59,1379
57,1354
58,1320
-,-,-,-
64,1453
68,1556
68,1557
67,1560
64,1431
65,1461
67,1554
69,1608
70,1636
69,1578
72,1670
70,1682
66,1548
64,1447
67,1540
63,1392
66,1497
61,1365
63,1458
57,1291
60,1309
59,1316
62,1369
57,1260
59,1251
62,1351
57,1261
54,1273
56,1209
64,1470
57,1277
61,1389
63,1606
55,1177
60,1391
59,1257
57,1285
56,1212
61,1326
61,1409
58,1342
57,1321
56,1291
-,-,-,-
68,1548
74,1738
67,1546
75,1756
72,1706
74,1749
75,1754
67,1499
71,1622
68,1574
71,1678
66,1516
70,1664
68,1568
64,1463
63,1437
68,1532
61,1407
61,1462
62,1417
60,1302
66,1561
61,1482
61,1416
58,1290
58,1255
57,1328
64,1458
55,1314
61,1341
60,1383
63,1429
62,1505
56,1196
58,1363
58,1248
61,1361
60,1274
59,1269
61,1446
58,1367
56,1277
61,1429
-,-,-,-
69,1670
74,1727
72,1714
74,1729
68,1563
72,1677
75,1772
70,1592
64,1428
74,1718
67,1520
68,1599
66,1595
69,1627
65,1422
60,1336
66,1492
64,1435
61,1415
63,1472
56,1216
64,1501
60,1365
63,1448
61,1264
57,1192
65,1596
62,1506
56,1271
63,1437
58,1331
63,1532
60,1437
61,1394
57,1285
61,1415
59,1316
58,1239
56,1238
56,1227
59,1419
56,1299
60,1458
-,-,-,-
68,1572
71,1665
75,1754
75,1754
73,1699
74,1756
75,1754
71,1660
62,1383
66,1504
64,1461
67,1582
59,1389
65,1527
62,1372
67,1574
63,1389
58,1283
62,1446
60,1311
67,1566
65,1533
61,1370
64,1474
56,1229
61,1346
60,1428
59,1441
64,1433
60,1368
57,1328
57,1319
62,1465
60,1392
59,1431
59,1285
59,1233
59,1351
53,1184
60,1455
59,1437
53,1201
61,1464
-,-,-,-
73,1719
74,1734
67,1548
72,1699
74,1707
69,1630
68,1582
68,1507
72,1695
71,1622
74,1726
61,1458
63,1421
69,1637
65,1471
65,1476
63,1414
68,1534
61,1394
57,1346
59,1345
62,1432
57,1280
63,1431
60,1248
62,1391
62,1430
60,1369
63,1450
59,1372
55,1281
60,1422
61,1369
59,1350
58,1401
60,1326
58,1299
55,1209
58,1256
61,1417
60,1353
50,1157
53,1239
-,-,-,-
74,1732
74,1750
70,1637
69,1611
75,1756
73,1713
75,1754
65,1471
72,1656
71,1629
65,1446
67,1561
68,1598
66,1578
69,1583
66,1491
68,1532
65,1463
63,1456
59,1331
61,1374
62,1389
60,1325
53,1196
64,1361
64,1423
64,1469
62,1508
61,1394
56,1186
61,1427
59,1324
63,1492
57,1216
61,1418
60,1318
60,1322
59,1364
61,1391
63,1461
65,1585
55,1236
58,1346
-,-,-,-
72,1688
66,1529
71,1700
73,1716
63,1479
70,1667
75,1748
58,1241
70,1657
61,1307
70,1572
69,1604
62,1411
63,1464
66,1539
67,1531
62,1434
64,1447
62,1408
64,1521
59,1340
64,1463
55,1258
59,1361
62,1335
62,1424
57,1309
59,1440
60,1419
55,1227
59,1333
62,1424
62,1408
57,1311
58,1302
65,1536
61,1355
62,1401
60,1268
60,1295
61,1377
60,1491
55,1372
-,-,-,-
70,1612
70,1664
73,1701
74,1722
75,1748
63,1431
68,1578
69,1533
71,1647
71,1654
68,1569
71,1688
59,1385
70,1642
70,1604
70,1598
67,1524
67,1545
66,1548
57,1293
61,1414
60,1388
61,1401
63,1425
58,1368
67,1482
58,1284
68,1656
59,1322
61,1351
59,1343
58,1346
60,1398
62,1430
62,1440
56,1278
58,1235
55,1136
62,1353
57,1229
63,1423
57,1344
60,1391
-,-,-,-
74,1730
69,1635
71,1679
67,1578
74,1701
69,1639
75,1748
71,1639
74,1722
67,1522
66,1490
70,1690
70,1664
69,1620
62,1421
63,1427
68,1532
68,1532
58,1316
62,1491
60,1432
61,1366
61,1358
64,1584
59,1336
60,1356
60,1262
58,1330
64,1422
54,1203
61,1439
62,1462
57,1335
63,1476
58,1356
59,1266
57,1249
55,1155
58,1244
53,1219
59,1330
60,1342
55,1293
-,-,-,-
62,1375
74,1703
70,1605
75,1746
72,1655
67,1506
72,1662
74,1718
66,1469
70,1567
69,1601
71,1688
66,1557
70,1688
69,1561
68,1542
66,1491
63,1442
58,1332
62,1482
60,1461
63,1445
60,1372
58,1361
65,1465
59,1283
63,1407
56,1254
63,1399
61,1368
60,1435
64,1509
60,1373
57,1335
63,1482
61,1392
58,1253
62,1394
61,1374
57,1396
62,1425
60,1395
60,1392
-,-,-,-
71,1680
73,1717
68,1530
74,1756
74,1739
62,1497
70,1621
70,1617
72,1656
65,1487
73,1743
66,1584
61,1382
69,1639
65,1444
70,1598
68,1534
67,1534
61,1382
63,1424
53,1291
62,1405
60,1354
62,1403
61,1426
60,1367
62,1395
64,1501
63,1332
65,1581
59,1355
59,1365
57,1297
57,1339
61,1380
61,1415
62,1347
59,1345
63,1396
58,1263
60,1368
53,1243
56,1282
-,-,-,-
74,1724
73,1717
64,1450
71,1712
68,1574
75,1748
75,1746
70,1616
69,1584
71,1632
71,1595
68,1625
67,1558
64,1484
67,1535
68,1536
59,1329
63,1487
59,1335
62,1497
55,1292
61,1372
59,1298
58,1360
60,1390
57,1293
62,1334
59,1337
60,1363
59,1300
57,1303
59,1397
57,1287
62,1406
62,1450
57,1299
59,1326
61,1292
56,1234
61,1413
58,1375
54,1213
62,1454
-,-,-,-
70,1624
71,1611
75,1746
75,1752
75,1746
75,1738
75,1750
68,1551
69,1559
74,1718
70,1615
69,1639
64,1480
64,1490
64,1524
65,1464
67,1555
68,1532
57,1291
61,1467
59,1431
56,1230
60,1359
60,1372
56,1397
64,1369
61,1296
55,1222
57,1316
54,1230
60,1442
65,1492
60,1281
60,1378
64,1579
54,1216
63,1437
62,1293
58,1285
59,1378
59,1307
61,1464
62,1531
-,-,-,-
75,1738
71,1595
75,1736
75,1734
73,1700
75,1738
66,1559
74,1718
67,1541
74,1740
67,1525
62,1545
68,1628
65,1496
65,1519
61,1324
68,1532
61,1413
61,1478
54,1194
59,1427
66,1492
61,1398
59,1405
65,1512
58,1300
58,1254
56,1246
57,1313
59,1391
61,1413
57,1312
58,1379
53,1201
59,1430
59,1338
53,1293
58,1232
60,1319
61,1349
58,1266
63,1444
59,1358
-,-,-,-
74,1735
74,1738
72,1664
71,1692
66,1460
74,1703
70,1602
73,1717
71,1646
74,1718
69,1592
69,1627
68,1587
71,1688
64,1448
63,1409
65,1506
68,1532
63,1474
59,1363
59,1362
57,1258
61,1335
61,1365
52,1182
58,1326
57,1192
64,1523
57,1266
57,1258
63,1432
60,1327
59,1358
61,1392
56,1365
63,1404
60,1323
56,1196
56,1229
59,1290
56,1230
58,1322
59,1304
-,-,-,-
67,1504
69,1572
68,1576
69,1588
70,1621
75,1776
75,1736
70,1603
69,1542
69,1533
74,1718
71,1688
69,1643
67,1557
70,1598
67,1543
63,1489
67,1554
63,1460
59,1359
63,1547
67,1504
62,1346
64,1404
61,1463
62,1374
55,1265
58,1289
65,1494
61,1411
62,1423
61,1350
60,1422
58,1202
55,1266
57,1331
60,1363
62,1366
55,1128
56,1232
56,1257
59,1321
54,1215
-,-,-,-
65,1536
75,1732
74,1718
73,1734
72,1724
67,1523
70,1637
70,1581
70,1606
74,1722
71,1643
60,1437
70,1694
68,1625
70,1594
62,1417
68,1528
67,1504
55,1167
61,1416
60,1437
61,1336
62,1404
65,1494
51,1153
64,1489
61,1320
59,1355
61,1407
62,1440
61,1378
60,1369
62,1443
59,1415
61,1393
57,1231
56,1203
59,1242
57,1320
58,1334
61,1396
59,1400
57,1308
-,-,-,-
74,1705
70,1630
72,1716
75,1732
72,1691
72,1659
74,1719
69,1533
70,1595
70,1620
65,1410
65,1516
69,1637
66,1545
70,1594
65,1474
67,1525
66,1470
55,1220
66,1506
61,1459
60,1362
66,1613
66,1543
63,1568
61,1371
66,1526
64,1484
58,1323
61,1368
62,1378
63,1501
61,1385
58,1296
62,1505
63,1436
59,1345
60,1350
60,1354
58,1230
58,1242
60,1425
55,1249
-,-,-,-
70,1629
74,1693
75,1734
66,1529
75,1732
71,1645
68,1525
72,1663
69,1580
67,1545
73,1722
67,1580
71,1688
70,1657
67,1511
67,1511
66,1479
67,1492
59,1355
58,1389
59,1417
57,1252
59,1280
59,1404
64,1466
54,1160
62,1321
62,1481
61,1392
63,1436
60,1357
55,1326
60,1405
59,1338
61,1454
60,1402
57,1254
63,1407
59,1314
60,1346
60,1317
57,1361
57,1400
-,-,-,-
75,1732
75,1732
75,1732
75,1734
75,1780
75,1732
73,1713
65,1461
74,1718
73,1695
71,1614
71,1688
71,1688
69,1636
67,1555
62,1346
68,1593
54,1234
61,1425
57,1314
62,1466
57,1303
61,1312
61,1382
57,1276
60,1364
65,1375
59,1374
60,1350
59,1312
63,1487
63,1484
52,1172
60,1412
56,1303
59,1331
59,1276
61,1391
56,1225
58,1275
61,1340
63,1387
57,1359
-,-,-,-
70,1633
74,1704
75,1734
75,1732
71,1688
71,1660
74,1699
74,1720
68,1561
72,1637
70,1579
59,1365
63,1512
70,1663
69,1561
67,1491
68,1534
67,1497
56,1304
60,1383
54,1234
59,1274
57,1247
61,1419
63,1459
65,1455
54,1153
62,1382
65,1534
61,1341
65,1517
60,1381
58,1308
62,1465
55,1237
58,1272
60,1326
57,1307
65,1511
63,1394
59,1355
62,1393
55,1311
-,-,-,-
67,1597
73,1711
70,1629
74,1689
72,1671
73,1692
71,1622
74,1724
74,1718
68,1544
60,1319
70,1682
69,1632
70,1662
68,1547
69,1561
61,1319
63,1417
60,1351
61,1429
58,1387
64,1428
61,1310
61,1386
62,1474
54,1180
60,1286
65,1496
61,1396
51,1148
61,1301
58,1324
61,1424
61,1436
62,1410
61,1494
61,1345
58,1209
58,1316
62,1363
60,1352
58,1359
59,1402
-,-,-,-
68,1545
62,1371
69,1605
75,1732
75,1730
69,1609
71,1602
74,1718
67,1502
65,1492
67,1547
67,1555
66,1597
67,1608
71,1621
69,1577
65,1507
64,1395
59,1373
63,1531
60,1453
62,1329
60,1313
59,1391
60,1409
62,1335
66,1486
55,1199
56,1302
60,1347
62,1424
62,1464
57,1271
63,1466
64,1438
60,1465
57,1270
55,1250
60,1307
64,1425
63,1477
59,1361
59,1401
-,-,-,-
75,1730
64,1439
66,1568
73,1685
74,1726
75,1724
69,1589
66,1462
73,1703
67,1533
62,1363
64,1503
70,1594
60,1307
63,1454
67,1607
67,1482
68,1529
61,1351
59,1332
57,1339
61,1364
64,1491
59,1361
61,1368
67,1534
63,1387
55,1237
59,1312
58,1310
64,1522
63,1469
60,1362
61,1431
51,1124
61,1501
65,1477
56,1219
60,1320
61,1344
55,1282
58,1299
52,1213
-,-,-,-
75,1724
74,1699
71,1634
75,1724
73,1712
73,1706
74,1693
59,1341
67,1450
73,1703
74,1718
71,1619
71,1621
66,1465
68,1626
70,1631
68,1528
67,1482
60,1303
65,1551
65,1579
66,1485
62,1389
60,1387
58,1341
63,1450
61,1255
61,1362
65,1487
60,1357
51,1126
63,1439
57,1357
61,1448
62,1451
63,1498
60,1428
59,1276
58,1354
63,1414
64,1471
58,1257
60,1471
-,-,-,-
74,1697
69,1545
72,1686
65,1483
75,1724
75,1724
69,1595
74,1718
71,1622
72,1650
74,1724
69,1573
68,1515
71,1619
70,1684
65,1511
68,1528
67,1519
62,1414
59,1365
65,1549
64,1405
62,1367
59,1364
60,1340
60,1383
62,1354
61,1371
62,1508
59,1360
54,1179
64,1505
61,1420
61,1380
59,1390
61,1363
60,1419
55,1202
61,1320
61,1370
58,1256
61,1372
57,1308
-,-,-,-
75,1724
75,1724
73,1692
73,1673
76,1804
74,1683
72,1686
74,1746
70,1637
67,1510
65,1498
60,1305
66,1469
60,1371
69,1634
70,1667
67,1507
66,1514
61,1443
59,1335
60,1467
60,1306
63,1483
62,1413
62,1460
65,1474
61,1415
57,1303
58,1257
59,1316
61,1421
56,1201
57,1285
60,1408
61,1422
59,1400
63,1467
56,1250
61,1355
63,1417
59,1264
57,1307
59,1367
-,-,-,-
73,1693
71,1602
76,1804
72,1708
73,1695
73,1691
73,1775
74,1718
71,1622
61,1368
62,1369
69,1551
67,1483
71,1619
71,1688
70,1650
63,1415
68,1542
58,1277
56,1303
63,1541
57,1237
65,1477
61,1433
63,1431
62,1419
64,1418
64,1424
65,1489
60,1381
60,1402
62,1392
58,1313
60,1431
62,1472
65,1531
58,1349
59,1333
59,1352
60,1304
63,1417
58,1266
58,1433
-,-,-,-
71,1622
73,1702
71,1659
72,1669
76,1804
75,1730
75,1782
74,1718
67,1541
70,1668
71,1645
69,1571
70,1613
70,1602
71,1688
67,1582
66,1522
66,1520
57,1267
55,1270
61,1489
62,1373
60,1360
56,1205
65,1488
65,1525
65,1432
57,1294
59,1359
59,1348
58,1306
56,1280
61,1448
64,1477
59,1349
60,1351
58,1323
56,1172
55,1166
60,1317
57,1343
59,1306
54,1251
-,-,-,-
74,1728
75,1739
76,1804
75,1738
71,1680
75,1771
75,1782
72,1658
73,1672
73,1694
62,1356
71,1640
66,1455
66,1487
69,1645
63,1426
65,1416
62,1419
54,1132
58,1331
57,1388
60,1375
63,1424
62,1398
61,1424
62,1472
61,1365
59,1239
60,1385
63,1523
61,1329
66,1466
64,1513
54,1115
65,1585
61,1355
55,1259
59,1313
56,1274
56,1223
59,1307
62,1342
58,1369
-,-,-,-
76,1799
74,1758
68,1597
76,1804
72,1646
72,1693
76,1792
72,1659
70,1570
73,1713
66,1511
71,1619
68,1548
68,1532
68,1597
65,1494
61,1339
61,1373
58,1354
64,1477
65,1575
65,1478
64,1489
56,1311
61,1337
58,1357
67,1472
58,1265
61,1381
60,1332
58,1306
60,1365
60,1381
59,1407
61,1387
61,1413
57,1406
61,1383
52,1146
57,1224
56,1239
54,1188
59,1416
-,-,-,-
74,1744
76,1792
76,1788
70,1632
74,1764
75,1726
76,1800
69,1554
70,1601
60,1350
74,1718
62,1402
65,1427
66,1461
67,1532
65,1551
63,1428
65,1427
58,1285
63,1445
62,1438
64,1466
63,1360
64,1495
59,1287
65,1562
59,1394
57,1347
60,1374
62,1401
63,1397
60,1359
63,1416
56,1303
65,1434
61,1423
60,1420
55,1142
55,1207
58,1284
60,1261
65,1507
60,1451
-,-,-,-
73,1741
69,1611
74,1705
72,1691
71,1690
73,1689
70,1613
72,1656
70,1604
64,1398
74,1718
61,1374
68,1581
69,1567
66,1567
67,1573
67,1538
58,1304
60,1373
64,1464
61,1490
62,1348
59,1257
54,1281
60,1336
65,1516
57,1237
66,1543
60,1293
58,1389
63,1454
59,1281
57,1230
60,1390
59,1353
58,1316
62,1443
52,1210
64,1470
62,1378
56,1241
60,1305
54,1300
-,-,-,-
71,1659
76,1790
71,1658
76,1796
69,1584
74,1733
71,1664
74,1749
68,1576
74,1718
71,1636
68,1564
65,1465
71,1615
66,1608
67,1564
63,1413
68,1602
59,1303
59,1350
60,1412
67,1507
64,1416
62,1408
62,1386
66,1537
57,1369
60,1336
57,1285
60,1390
60,1334
59,1344
55,1194
59,1383
62,1434
61,1428
63,1393
59,1346
59,1282
60,1342
58,1190
63,1322
57,1316
-,-,-,-
73,1672
72,1718
72,1670
75,1746
70,1598
65,1444
76,1798
70,1601
67,1563
69,1554
71,1628
68,1532
71,1621
70,1588
69,1640
68,1631
68,1524
67,1501
60,1392
59,1360
59,1434
66,1434
59,1349
61,1375
61,1374
61,1480
61,1346
57,1366
64,1436
60,1397
61,1374
63,1510
62,1376
59,1277
62,1394
58,1325
57,1348
60,1418
60,1330
58,1325
57,1246
59,1297
53,1311
-,-,-,-
71,1670
72,1689
73,1754
73,1757
73,1727
71,1650
74,1757
67,1527
74,1749
74,1752
66,1498
70,1576
70,1588
66,1453
68,1590
66,1545
66,1529
68,1524
59,1327
54,1190
57,1333
62,1343
55,1184
64,1450
64,1487
61,1449
62,1436
65,1522
59,1396
68,1570
60,1409
58,1304
59,1297
62,1407
62,1385
56,1294
64,1551
61,1351
58,1228
64,1428
59,1219
62,1393
56,1335
-,-,-,-
76,1788
76,1788
68,1631
76,1788
74,1749
67,1580
72,1717
74,1718
64,1461
63,1409
65,1496
68,1551
70,1588
63,1450
71,1688
64,1522
65,1493
60,1350
63,1490
59,1291
57,1307
60,1446
67,1485
61,1375
63,1379
61,1420
64,1492
64,1423
59,1396
56,1282
62,1400
59,1353
64,1442
60,1386
64,1503
64,1509
60,1293
63,1443
57,1278
56,1206
56,1215
57,1273
60,1359
-,-,-,-
73,1699
68,1562
73,1761
74,1742
72,1652
76,1790
74,1751
71,1645
67,1505
72,1652
72,1679
64,1466
64,1459
68,1530
67,1576
69,1613
65,1435
66,1486
67,1558
63,1388
59,1371
61,1483
61,1340
62,1347
59,1373
58,1237
65,1487
61,1436
65,1597
55,1114
52,1243
60,1370
64,1454
61,1369
62,1415
62,1387
62,1431
64,1512
62,1409
57,1208
55,1172
63,1396
55,1283
-,-,-,-
69,1603
69,1636
69,1562
71,1648
74,1703
76,1788
72,1630
72,1662
72,1663
72,1652
65,1467
68,1550
66,1515
67,1503
69,1609
69,1596
66,1430
65,1484
66,1556
60,1353
59,1362
55,1304
61,1348
62,1367
59,1302
59,1341
61,1362
65,1504
61,1343
55,1177
61,1402
63,1488
56,1274
55,1204
58,1419
64,1436
60,1395
55,1319
60,1419
56,1257
57,1206
58,1322
60,1387
-,-,-,-
69,1643
75,1778
70,1605
75,1735
68,1585
76,1782
73,1735
74,1718
69,1567
74,1721
71,1634
66,1506
70,1594
62,1381
65,1571
68,1581
64,1403
66,1423
70,1592
57,1278
53,1223
55,1265
64,1385
61,1372
54,1236
63,1491
63,1417
56,1327
60,1351
60,1353
65,1495
58,1271
54,1192
59,1256
65,1502
64,1512
56,1331
63,1448
60,1369
60,1368
62,1316
62,1279
56,1342
-,-,-,-
74,1767
66,1488
76,1786
69,1614
65,1512
75,1787
73,1737
61,1382
71,1669
72,1646
74,1727
70,1580
63,1442
71,1615
69,1621
69,1636
70,1590
69,1581
60,1363
62,1435
64,1504
58,1422
66,1505
66,1461
61,1349
62,1442
60,1342
59,1354
62,1534
58,1293
60,1291
65,1496
57,1249
63,1450
55,1238
60,1429
64,1529
60,1356
58,1301
60,1375
61,1318
59,1314
60,1398
-,-,-,-
69,1598
64,1474
71,1654
76,1780
74,1721
75,1734
72,1671
70,1631
69,1533
70,1628
71,1626
67,1506
64,1464
71,1615
69,1634
69,1665
70,1588
68,1548
61,1411
57,1322
63,1392
62,1514
62,1395
63,1414
64,1454
61,1378
60,1395
66,1469
60,1341
64,1471
60,1343
59,1292
60,1346
59,1310
55,1229
64,1501
63,1467
60,1485
56,1323
59,1313
66,1502
59,1223
56,1371
-,-,-,-
70,1649
67,1528
64,1480
72,1733
76,1780
71,1565
65,1542
67,1547
67,1498
74,1718
67,1465
65,1442
70,1595
69,1561
71,1688
58,1355
66,1489
62,1469
61,1403
64,1544
64,1494
58,1362
53,1212
59,1299
63,1383
58,1273
62,1434
60,1372
61,1423
60,1422
65,1481
61,1408
61,1409
65,1547
62,1398
54,1169
57,1282
62,1470
57,1342
55,1180
53,1146
61,1381
55,1322
-,-,-,-
73,1721
70,1618
74,1748
69,1565
72,1669
75,1756
72,1657
73,1689
73,1709
74,1710
72,1663
69,1564
67,1556
71,1617
69,1636
70,1695
69,1585
70,1588
61,1397
60,1337
60,1351
63,1530
62,1373
58,1289
68,1548
62,1362
58,1357
63,1422
59,1370
60,1294
62,1389
63,1463
62,1410
64,1440
61,1471
61,1388
61,1419
62,1392
64,1500
62,1403
55,1190
59,1290
54,1244
-,-,-,-
72,1691
76,1780
75,1752
74,1702
67,1486
76,1782
73,1684
72,1637
67,1464
61,1344
70,1570
70,1579
68,1578
63,1452
62,1421
67,1611
70,1590
69,1559
63,1496
61,1304
59,1395
57,1360
61,1444
64,1476
59,1252
61,1367
61,1480
66,1595
58,1378
60,1311
59,1354
63,1472
60,1347
63,1512
62,1432
55,1237
57,1335
57,1378
58,1349
61,1373
55,1274
61,1266
61,1465
-,-,-,-
74,1726
72,1729
76,1782
69,1600
71,1693
69,1632
76,1780
72,1668
67,1510
70,1592
67,1512
66,1487
66,1492
68,1524
70,1694
61,1464
64,1420
64,1438
63,1393
62,1398
59,1303
62,1528
55,1265
63,1414
66,1577
67,1558
61,1434
60,1363
62,1361
63,1349
62,1435
62,1348
62,1413
62,1409
67,1561
60,1359
63,1538
62,1446
59,1355
60,1365
57,1274
57,1263
60,1451
-,-,-,-
74,1704
73,1719
72,1717
76,1788
68,1530
75,1758
74,1765
73,1712
67,1501
72,1681
71,1636
69,1570
67,1520
67,1509
71,1708
69,1626
69,1564
67,1507
68,1629
66,1469
59,1342
59,1348
63,1514
60,1355
60,1362
62,1427
63,1454
56,1243
62,1424
59,1273
67,1515
60,1408
58,1246
54,1223
60,1301
59,1334
58,1298
60,1385
63,1495
55,1310
58,1292
63,1375
56,1294
-,-,-,-
71,1659
67,1531
75,1749
74,1735
76,1780
72,1690
76,1780
73,1706
65,1444
66,1473
71,1593
71,1615
71,1625
67,1543
65,1551
70,1656
67,1480
70,1588
64,1481
65,1417
61,1352
62,1448
54,1295
67,1505
63,1417
58,1229
56,1212
61,1421
63,1473
59,1339
66,1551
61,1324
57,1207
60,1313
57,1221
63,1458
62,1447
64,1481
58,1411
59,1309
61,1350
59,1336
58,1419
-,-,-,-
75,1764
71,1611
75,1742
76,1780
68,1566
69,1600
73,1732
74,1710
69,1563
73,1691
71,1599
67,1560
68,1574
69,1556
68,1618
63,1508
66,1499
65,1431
64,1480
64,1507
55,1222
61,1363
58,1404
64,1385
60,1352
61,1374
56,1284
63,1444
69,1628
60,1409
61,1427
62,1404
63,1436
58,1282
55,1206
58,1310
60,1417
64,1578
63,1502
57,1241
57,1254
58,1246
55,1277
-,-,-,-
76,1780
71,1658
76,1780
72,1699
73,1737
75,1746
67,1533
74,1710
74,1712
66,1532
67,1502
64,1471
63,1419
70,1613
71,1688
71,1688
67,1491
68,1501
58,1349
63,1354
61,1355
57,1261
62,1449
61,1443
60,1293
59,1316
57,1199
57,1335
62,1400
63,1552
56,1187
55,1273
63,1466
59,1310
59,1347
63,1420
62,1415
62,1443
63,1484
57,1225
60,1405
59,1299
55,1323
-,-,-,-
67,1486
74,1710
71,1693
75,1784
76,1818
74,1798
76,1780
74,1726
67,1543
65,1493
70,1587
66,1526
63,1416
66,1479
65,1550
71,1690
64,1420
70,1594
62,1422
59,1386
58,1219
64,1425
61,1396
58,1374
61,1329
63,1466
63,1459
63,1424
63,1430
61,1516
61,1353
62,1402
58,1360
63,1463
56,1263
60,1344
63,1474
62,1470
55,1311
50,1050
58,1290
55,1221
53,1289
-,-,-,-
72,1683
70,1683
71,1651
76,1790
72,1725
70,1614
74,1748
72,1653
72,1648
72,1675
74,1755
69,1610
70,1613
67,1491
68,1612
63,1487
68,1531
68,1551
58,1345
58,1346
63,1473
58,1327
61,1433
62,1474
63,1374
63,1426
62,1412
64,1425
61,1368
63,1472
64,1456
55,1191
62,1424
63,1499
61,1372
60,1378
64,1451
60,1457
61,1478
61,1384
55,1212
60,1299
58,1345
-,-,-,-
69,1662
72,1689
76,1786
75,1754
65,1542
67,1591
68,1554
74,1710
74,1710
73,1736
74,1726
66,1487
68,1547
63,1436
71,1684
66,1590
66,1510
68,1544
67,1566
62,1420
66,1491
62,1417
59,1396
67,1621
65,1424
63,1391
64,1497
58,1272
64,1542
65,1540
62,1370
61,1444
65,1467
55,1244
56,1231
61,1374
62,1434
65,1528
60,1418
54,1145
57,1254
56,1241
58,1346
-,-,-,-
73,1682
69,1560
76,1790
67,1568
72,1650
71,1722
74,1782
66,1461
73,1703
71,1622
65,1483
70,1586
64,1441
64,1453
69,1620
69,1633
59,1349
66,1541
58,1330
61,1389
60,1331
61,1413
67,1630
60,1395
63,1372
59,1261
60,1387
60,1325
63,1455
59,1406
60,1375
59,1341
64,1517
61,1385
65,1430
59,1353
60,1354
66,1554
60,1434
56,1281
60,1361
61,1319
61,1476
-,-,-,-
76,1798
75,1722
75,1754
69,1575
68,1579
73,1751
72,1667
71,1605
64,1413
71,1607
74,1767
70,1581
58,1314
67,1539
62,1491
71,1684
67,1519
64,1422
59,1315
62,1432
64,1526
59,1300
57,1307
62,1543
67,1501
67,1529
62,1422
57,1349
63,1450
61,1405
60,1417
62,1386
63,1473
60,1372
65,1509
56,1250
57,1268
66,1523
59,1407
55,1151
57,1290
63,1362
59,1458
-,-,-,-
68,1607
73,1682
71,1680
72,1672
75,1742
65,1528
75,1787
74,1710
70,1621
72,1655
74,1736
65,1481
69,1549
67,1506
69,1627
69,1626
66,1461
64,1438
59,1349
64,1477
62,1382
56,1322
58,1315
62,1474
62,1341
61,1321
61,1370
60,1334
62,1388
63,1559
57,1357
58,1290
61,1403
64,1480
61,1402
61,1400
61,1406
65,1487
57,1300
58,1313
58,1275
58,1273
55,1271
-,-,-,-
75,1760
70,1646
73,1746
76,1806
76,1790
67,1582
74,1739
74,1708
73,1691
71,1661
74,1710
71,1615
65,1466
68,1557
69,1626
71,1704
69,1553
69,1565
67,1535
58,1288
65,1490
56,1237
66,1599
58,1352
62,1362
66,1510
66,1559
57,1211
64,1506
63,1486
62,1404
57,1308
64,1443
66,1527
63,1363
62,1385
64,1429
59,1321
65,1481
57,1243
58,1268
59,1305
56,1276
-,-,-,-
72,1710
75,1731
76,1786
66,1568
74,1746
74,1719
76,1780
66,1491
74,1708
71,1636
65,1444
65,1452
68,1530
68,1527
71,1684
66,1551
66,1474
66,1471
59,1327
65,1536
61,1353
58,1264
59,1371
56,1273
64,1370
61,1369
60,1343
58,1234
63,1442
63,1462
64,1435
58,1310
63,1486
66,1588
61,1359
57,1377
58,1370
63,1435
61,1376
54,1247
54,1158
62,1333
52,1239
-,-,-,-
74,1732
73,1714
74,1768
72,1640
76,1784
71,1678
74,1719
68,1567
62,1369
68,1530
73,1693
69,1569
70,1591
69,1539
68,1575
70,1650
68,1532
68,1536
63,1431
63,1427
64,1479
55,1302
60,1393
61,1490
60,1262
65,1428
62,1421
63,1422
61,1397
61,1435
61,1367
54,1192
61,1449
67,1608
67,1509
62,1382
65,1495
57,1318
59,1300
51,1128
58,1307
57,1291
60,1401
-,-,-,-
72,1650
74,1698
75,1747
66,1545
75,1804
77,1832
75,1745
74,1704
60,1318
74,1712
70,1621
64,1459
71,1617
71,1617
71,1684
60,1347
64,1377
62,1392
65,1452
58,1366
64,1445
60,1364
61,1378
60,1474
65,1426
59,1302
61,1334
63,1486
62,1391
63,1415
63,1477
57,1200
66,1570
60,1356
62,1358
60,1315
56,1364
60,1313
60,1432
58,1338
59,1388
56,1306
55,1277
-,-,-,-
74,1765
77,1832
72,1675
69,1637
77,1840
73,1732
77,1832
66,1456
65,1517
72,1624
72,1660
68,1601
66,1517
69,1551
68,1622
67,1595
67,1514
70,1618
61,1333
61,1378
64,1465
59,1309
58,1369
63,1550
65,1433
64,1417
56,1240
57,1265
62,1490
65,1494
61,1407
64,1481
64,1525
69,1544
58,1359
58,1288
59,1391
61,1391
57,1258
58,1223
54,1165
57,1201
53,1227
-,-,-,-
74,1744
70,1634
72,1680
68,1512
77,1832
77,1830
73,1695
67,1509
74,1704
71,1662
74,1718
64,1405
61,1375
62,1437
67,1599
67,1583
66,1463
70,1598
62,1348
58,1300
59,1324
59,1309
59,1351
57,1294
64,1547
59,1345
59,1334
63,1356
62,1371
58,1305
63,1435
65,1567
59,1348
61,1420
64,1474
58,1301
59,1323
68,1599
59,1345
58,1359
56,1239
62,1412
53,1242
-,-,-,-
77,1830
74,1761
77,1816
77,1828
74,1725
74,1745
73,1687
66,1459
75,1785
70,1622
64,1402
69,1584
67,1484
68,1551
69,1651
71,1704
66,1475
69,1566
60,1274
65,1516
60,1340
64,1460
61,1354
59,1356
62,1455
61,1438
64,1468
56,1214
63,1358
60,1329
58,1340
56,1241
60,1481
64,1497
67,1536
62,1415
63,1460
58,1316
63,1479
59,1352
61,1385
64,1385
52,1163
-,-,-,-
73,1718
76,1802
76,1789
73,1756
68,1601
77,1816
75,1792
69,1593
75,1785
73,1698
74,1762
61,1344
68,1551
63,1423
61,1415
68,1603
70,1588
68,1544
66,1473
61,1389
61,1356
63,1444
57,1255
62,1426
65,1577
59,1434
63,1372
67,1462
55,1238
60,1355
60,1385
65,1500
65,1474
60,1403
61,1460
62,1500
65,1451
61,1400
56,1248
64,1453
57,1233
60,1380
59,1421
-,-,-,-
70,1679
77,1824
77,1812
76,1779
77,1818
76,1818
72,1656
73,1717
67,1536
70,1580
73,1729
68,1523
68,1565
68,1587
70,1653
71,1684
70,1588
69,1568
55,1202
61,1381
60,1282
65,1442
63,1441
59,1336
63,1471
63,1484
62,1374
63,1332
60,1357
60,1349
61,1460
58,1286
62,1452
58,1390
65,1556
62,1454
57,1219
60,1352
63,1424
60,1366
60,1288
60,1410
55,1312
-,-,-,-
66,1548
73,1672
73,1666
71,1652
76,1783
75,1756
74,1731
71,1672
67,1564
66,1493
75,1781
69,1590
71,1623
71,1617
71,1684
71,1684
65,1452
69,1592
63,1447
59,1335
62,1386
60,1344
57,1336
60,1362
62,1431
62,1430
58,1260
64,1476
62,1384
60,1347
69,1661
65,1500
65,1528
59,1357
54,1248
63,1454
61,1340
58,1299
58,1318
64,1483
51,1166
57,1303
62,1468
-,-,-,-
67,1588
75,1761
75,1801
73,1687
77,1814
75,1758
75,1790
72,1629
72,1697
74,1712
75,1777
71,1615
64,1432
71,1613
64,1532
67,1583
67,1540
66,1516
58,1283
65,1489
61,1396
59,1261
60,1345
61,1385
64,1524
58,1376
61,1440
61,1327
61,1336
60,1300
60,1309
56,1102
56,1217
60,1386
56,1250
64,1478
61,1267
61,1395
57,1284
63,1409
56,1251
60,1369
57,1296
-,-,-,-
71,1643
66,1449
74,1771
76,1779
74,1741
77,1810
74,1696
73,1715
69,1565
74,1747
74,1743
69,1532
65,1522
71,1619
71,1684
66,1520
64,1499
69,1565
65,1446
58,1300
65,1470
63,1397
61,1369
62,1450
61,1366
61,1423
59,1448
66,1444
65,1381
60,1290
62,1440
65,1556
63,1439
61,1471
58,1320
62,1381
66,1550
62,1505
58,1323
63,1423
57,1277
59,1337
55,1266
-,-,-,-
74,1730
77,1804
77,1836
73,1765
72,1625
77,1824
70,1668
72,1685
69,1551
73,1718
72,1683
60,1305
64,1422
64,1428
68,1572
68,1612
67,1566
70,1588
62,1394
62,1440
63,1487
67,1511
67,1544
59,1339
69,1652
64,1534
59,1381
61,1381
70,1592
63,1379
63,1386
58,1309
61,1370
62,1437
63,1512
55,1272
60,1361
59,1425
60,1395
61,1299
57,1336
58,1223
58,1349
-,-,-,-
72,1720
74,1727
69,1633
67,1546
73,1719
72,1645
71,1598
71,1655
64,1463
73,1684
63,1394
65,1480
67,1483
65,1453
68,1616
70,1640
65,1434
66,1469
66,1436
61,1286
66,1535
61,1349
63,1591
60,1343
61,1373
62,1413
56,1308
64,1537
66,1424
53,1081
59,1315
64,1554
61,1341
62,1407
57,1289
62,1417
65,1517
60,1362
55,1305
59,1240
61,1400
59,1341
55,1203
-,-,-,-
72,1747
72,1720
74,1735
77,1804
75,1744
73,1735
73,1719
66,1424
68,1510
68,1508
66,1472
71,1615
66,1473
71,1613
64,1485
71,1690
70,1608
67,1514
61,1256
67,1531
64,1474
59,1317
61,1367
60,1402
65,1441
62,1434
53,1204
58,1340
60,1369
61,1368
63,1414
61,1385
64,1503
64,1495
58,1381
58,1313
60,1319
64,1431
60,1386
59,1260
57,1234
58,1319
55,1259
-,-,-,-
69,1613
74,1753
73,1737
77,1804
75,1768
72,1718
73,1674
75,1777
69,1588
73,1715
67,1571
65,1465
69,1577
63,1415
69,1650
65,1592
68,1571
64,1443
63,1399
61,1385
60,1347
63,1387
54,1242
65,1468
60,1368
61,1423
60,1348
63,1478
63,1399
58,1305
58,1322
54,1159
65,1524
61,1400
64,1533
65,1539
61,1404
61,1394
57,1304
60,1297
63,1495
56,1240
55,1298
-,-,-,-
72,1694
72,1679
73,1722
74,1735
76,1805
75,1745
74,1695
64,1433
70,1620
75,1790
68,1553
66,1503
68,1545
66,1475
71,1684
68,1625
67,1525
68,1526
65,1394
60,1324
63,1468
65,1480
65,1546
57,1241
63,1468
60,1399
59,1352
62,1518
60,1350
62,1373
59,1322
60,1306
63,1434
64,1452
65,1487
57,1356
63,1441
58,1298
55,1273
61,1297
53,1214
63,1431
57,1319
-,-,-,-
72,1685
72,1642
73,1726
71,1683
76,1765
69,1609
72,1643
68,1556
73,1703
75,1783
67,1523
71,1613
61,1366
64,1429
71,1688
66,1564
62,1404
64,1456
69,1599
62,1439
61,1428
63,1421
64,1517
59,1345
64,1489
60,1374
66,1601
57,1364
60,1317
59,1394
64,1531
61,1370
61,1401
59,1361
64,1467
61,1410
56,1232
61,1474
62,1443
58,1283
55,1164
60,1276
64,1506
-,-,-,-
71,1681
69,1593
74,1734
73,1671
74,1796
67,1553
76,1757
75,1777
74,1759
73,1686
73,1695
71,1613
68,1545
69,1546
69,1623
68,1583
70,1588
70,1592
65,1434
67,1502
61,1442
65,1508
55,1322
59,1355
62,1368
61,1351
64,1446
61,1490
61,1317
60,1372
60,1349
64,1467
59,1309
59,1335
57,1308
63,1499
63,1442
60,1444
55,1215
60,1307
56,1223
58,1335
59,1362
-,-,-,-
66,1485
76,1801
74,1752
75,1732
67,1555
70,1681
70,1603
72,1700
75,1777
69,1623
72,1693
66,1463
67,1536
66,1483
68,1594
70,1648
68,1528
66,1483
64,1404
62,1393
64,1459
67,1564
65,1556
66,1484
65,1484
60,1393
62,1484
62,1472
63,1361
61,1319
62,1392
64,1459
60,1336
69,1632
56,1298
64,1474
56,1263
63,1447
60,1444
61,1303
54,1197
55,1132
59,1330
-,-,-,-
69,1582
77,1804
77,1804
64,1501
68,1617
73,1773
75,1747
74,1728
75,1777
73,1705
74,1755
69,1540
68,1525
66,1494
61,1479
63,1509
69,1566
69,1557
58,1224
61,1412
61,1418
62,1478
61,1383
63,1532
66,1520
65,1466
52,1150
65,1537
60,1467
60,1347
61,1377
61,1304
58,1233
60,1446
58,1349
62,1485
63,1432
63,1483
60,1333
59,1310
57,1271
52,1100
52,1174
-,-,-,-
77,1828
75,1741
73,1723
72,1713
72,1700
77,1804
76,1820
71,1617
75,1777
73,1710
72,1708
68,1597
71,1613
69,1549
71,1684
59,1385
68,1542
70,1594
62,1356
60,1298
70,1632
64,1466
63,1456
63,1451
60,1367
63,1395
54,1159
61,1425
62,1490
63,1384
59,1365
66,1522
61,1401
62,1444
61,1371
62,1496
64,1499
57,1266
59,1352
60,1284
60,1305
60,1422
59,1332
-,-,-,-
74,1714
73,1728
75,1734
72,1643
67,1529
70,1689
75,1780
74,1693
64,1423
68,1534
73,1722
69,1555
68,1532
71,1613
71,1680
71,1708
58,1332
70,1592
67,1528
63,1450
62,1409
61,1496
61,1429
56,1292
63,1422
65,1452
58,1352
55,1232
59,1409
62,1375
63,1404
61,1443
62,1407
62,1475
66,1557
65,1513
65,1476
63,1525
64,1484
60,1295
58,1289
58,1256
59,1321
-,-,-,-
75,1748
74,1738
77,1804
73,1719
69,1547
77,1804
77,1804
74,1769
62,1376
74,1720
64,1487
65,1534
70,1576
65,1485
71,1708
67,1595
66,1477
66,1482
60,1371
58,1321
65,1429
60,1310
58,1341
70,1708
59,1281
60,1361
56,1208
62,1435
61,1451
61,1391
61,1315
61,1402
64,1402
60,1441
60,1425
64,1562
61,1434
59,1335
58,1283
60,1332
58,1257
59,1280
59,1370
-,-,-,-
76,1794
72,1683
76,1771
73,1721
73,1723
76,1786
74,1757
73,1671
75,1777
72,1701
67,1506
69,1565
65,1487
69,1546
67,1571
70,1638
69,1592
70,1594
63,1332
64,1444
59,1308
62,1386
65,1546
59,1434
65,1473
58,1267
61,1382
63,1482
58,1362
63,1366
63,1370
63,1395
58,1355
63,1410
62,1385
63,1532
66,1565
66,1537
61,1450
57,1125
55,1259
54,1193
54,1179
-,-,-,-
76,1798
64,1524
70,1631
64,1477
74,1766
73,1739
73,1689
71,1643
70,1644
72,1675
62,1408
65,1520
68,1540
70,1589
64,1499
69,1646
67,1512
70,1588
67,1536
66,1447
61,1445
61,1295
69,1644
65,1521
66,1553
64,1496
58,1343
62,1538
63,1524
65,1450
60,1367
62,1405
61,1327
58,1353
63,1451
61,1358
60,1384
64,1468
60,1350
59,1296
58,1253
59,1362
58,1302
-,-,-,-
72,1642
73,1676
74,1711
76,1791
75,1756
75,1743
75,1760
66,1524
65,1445
73,1683
74,1728
65,1438
68,1549
67,1493
63,1493
66,1517
60,1334
67,1489
65,1462
66,1519
63,1400
62,1413
68,1642
64,1442
62,1382
63,1431
59,1311
58,1294
64,1567
63,1514
61,1333
59,1288
67,1480
61,1443
64,1521
60,1421
62,1443
58,1307
57,1289
61,1298
56,1236
63,1466
62,1431
-,-,-,-
69,1601
74,1780
72,1693
76,1785
76,1782
74,1731
76,1791
74,1725
68,1594
66,1520
67,1528
63,1388
64,1420
67,1580
70,1661
66,1517
64,1426
64,1490
62,1419
62,1435
62,1415
61,1331
61,1418
68,1637
60,1359
63,1385
60,1392
58,1318
66,1539
63,1360
64,1397
58,1181
60,1429
64,1449
58,1284
58,1309
62,1402
65,1510
62,1428
53,1141
59,1356
62,1400
64,1555
-,-,-,-
73,1773
75,1766
76,1795
66,1566
72,1674
72,1680
72,1698
66,1499
75,1777
65,1500
75,1773
69,1593
63,1413
67,1532
62,1451
60,1395
70,1588
65,1480
60,1497
64,1464
60,1410
66,1463
63,1401
68,1584
66,1470
57,1270
58,1271
59,1340
62,1463
59,1359
65,1502
57,1239
64,1486
67,1597
61,1386
61,1498
67,1638
56,1238
59,1287
57,1205
56,1261
52,1119
53,1154
-,-,-,-
72,1693
77,1804
68,1618
74,1732
76,1782
75,1793
74,1801
68,1509
73,1717
75,1773
72,1704
67,1511
69,1557
67,1494
65,1513
71,1708
70,1590
65,1456
64,1401
61,1338
59,1358
65,1523
60,1355
66,1519
67,1573
61,1357
61,1429
64,1520
60,1449
61,1343
62,1424
63,1359
58,1314
61,1350
62,1426
64,1484
58,1342
65,1472
57,1277
56,1189
56,1271
59,1382
58,1285
-,-,-,-
75,1779
75,1747
75,1737
75,1764
72,1696
69,1648
69,1624
74,1747
63,1387
73,1739
72,1678
70,1588
61,1357
58,1308
66,1554
67,1572
69,1564
70,1596
63,1373
64,1509
65,1471
60,1314
57,1318
63,1462
59,1323
67,1535
60,1298
59,1343
61,1522
58,1287
59,1318
63,1539
58,1330
62,1464
63,1467
60,1435
62,1423
59,1270
55,1199
60,1300
60,1366
62,1405
50,1191
-,-,-,-
67,1543
76,1789
77,1807
70,1657
72,1706
76,1777
70,1636
73,1722
70,1641
75,1773
70,1623
66,1487
64,1475
71,1613
71,1684
65,1545
70,1594
70,1594
65,1420
60,1362
60,1426
62,1409
65,1527
61,1439
62,1352
64,1414
63,1417
61,1413
65,1583
61,1380
59,1260
62,1336
57,1252
62,1415
63,1389
60,1403
60,1403
64,1461
60,1403
63,1405
57,1256
59,1322
60,1340
-,-,-,-
76,1781
73,1664
71,1652
77,1810
71,1701
77,1804
68,1599
73,1705
75,1783
69,1598
61,1363
71,1613
67,1493
71,1613
69,1631
66,1536
66,1468
66,1458
68,1555
59,1336
61,1452
64,1431
63,1428
62,1411
61,1384
60,1293
61,1460
63,1458
62,1489
63,1490
61,1357
60,1385
65,1440
62,1417
63,1469
61,1479
63,1475
64,1481
62,1342
60,1262
58,1292
60,1311
53,1207
-,-,-,-
76,1790
77,1820
70,1605
76,1771
77,1804
74,1726
74,1741
66,1486
75,1763
72,1705
75,1777
64,1433
66,1486
63,1412
70,1638
65,1500
68,1531
63,1435
61,1373
66,1492
62,1517
58,1299
67,1655
63,1425
63,1476
62,1354
56,1307
60,1406
58,1347
65,1498
64,1427
59,1374
58,1328
66,1566
68,1604
68,1612
64,1465
62,1436
64,1436
59,1232
54,1207
56,1269
58,1280
-,-,-,-
76,1773
74,1745
74,1772
67,1521
71,1695
69,1624
74,1720
72,1698
72,1653
75,1763
68,1542
70,1584
71,1613
65,1472
71,1668
66,1535
68,1587
70,1588
62,1330
64,1462
62,1396
59,1251
67,1605
64,1473
61,1337
60,1323
60,1395
65,1494
65,1545
62,1446
56,1332
59,1391
62,1369
59,1369
60,1333
64,1524
57,1316
60,1291
58,1317
62,1372
60,1345
61,1389
55,1280
-,-,-,-
77,1804
72,1712
72,1642
74,1734
75,1762
76,1781
71,1669
71,1646
64,1420
75,1763
67,1549
71,1613
67,1524
70,1592
63,1444
68,1600
70,1594
69,1565
65,1476
57,1286
64,1539
60,1327
57,1288
62,1486
64,1450
66,1453
59,1260
59,1332
58,1284
64,1539
61,1434
61,1330
57,1255
58,1358
68,1517
60,1401
62,1422
63,1481
60,1347
60,1376
60,1322
58,1280
56,1241
-,-,-,-
67,1520
76,1782
67,1613
72,1669
72,1743
75,1748
74,1724
68,1552
68,1533
75,1767
67,1510
69,1557
64,1434
71,1613
69,1621
68,1579
64,1454
70,1588
64,1425
63,1436
62,1364
66,1481
67,1600
61,1365
62,1391
64,1452
61,1408
63,1464
64,1524
64,1482
55,1208
63,1517
66,1456
62,1390
62,1311
66,1588
62,1425
64,1469
64,1575
58,1254
60,1330
52,1131
61,1405
-,-,-,-
74,1784
68,1600
77,1822
74,1724
76,1793
69,1545
75,1786
75,1763
74,1761
73,1708
75,1763
71,1613
70,1615
65,1454
67,1551
65,1490
68,1542
67,1519
66,1469
66,1479
65,1524
61,1331
67,1576
67,1572
63,1423
61,1385
64,1396
57,1221
67,1523
63,1484
59,1305
65,1580
63,1400
59,1359
58,1275
66,1522
58,1308
63,1410
61,1423
55,1136
55,1209
55,1265
58,1335
-,-,-,-
76,1824
75,1775
77,1806
71,1656
69,1589
72,1695
76,1790
74,1715
64,1445
63,1450
74,1744
68,1514
67,1518
65,1494
69,1606
62,1518
70,1588
64,1422
65,1412
60,1296
61,1462
63,1432
67,1573
61,1417
64,1457
60,1377
62,1396
62,1445
61,1452
61,1447
57,1338
66,1541
60,1255
61,1367
59,1365
67,1562
60,1417
59,1297
59,1321
57,1284
56,1281
58,1362
55,1326
-,-,-,-
73,1696
75,1773
72,1662
75,1740
77,1806
69,1589
70,1701
73,1694
75,1763
68,1525
71,1642
66,1493
71,1613
69,1562
71,1688
66,1546
68,1549
62,1392
60,1260
61,1385
57,1380
66,1481
63,1453
64,1399
60,1326
62,1389
61,1356
56,1251
60,1342
58,1293
61,1461
60,1449
63,1391
65,1449
62,1353
64,1528
63,1471
61,1301
52,1188
60,1301
55,1214
59,1291
59,1383
-,-,-,-
69,1582
74,1742
67,1529
70,1701
69,1634
73,1713
73,1713
67,1534
75,1764
64,1487
74,1749
67,1517
66,1493
66,1463
70,1647
69,1654
65,1434
70,1618
62,1403
62,1372
57,1320
61,1315
64,1473
64,1478
62,1372
65,1524
62,1392
60,1363
64,1450
63,1416
64,1522
61,1402
64,1370
60,1352
58,1272
61,1414
62,1406
64,1422
65,1496
60,1340
58,1325
56,1272
57,1336
-,-,-,-
69,1585
73,1731
70,1601
68,1546
70,1636
77,1804
72,1705
75,1750
74,1745
70,1664
72,1662
70,1568
71,1613
70,1578
63,1416
63,1480
60,1345
60,1356
62,1358
59,1345
65,1506
63,1474
65,1540
60,1343
59,1317
61,1342
66,1524
62,1411
65,1491
65,1525
59,1412
59,1391
63,1363
66,1462
57,1300
60,1448
62,1466
63,1414
57,1303
58,1350
55,1176
58,1276
58,1290
-,-,-,-
78,1849
77,1810
77,1804
66,1529
74,1757
73,1679
71,1683
73,1694
73,1707
65,1468
64,1462
70,1570
67,1493
62,1392
66,1523
61,1413
63,1374
66,1497
63,1425
53,1192
63,1464
65,1454
66,1497
61,1401
63,1418
63,1423
59,1346
57,1254
65,1526
64,1448
63,1462
61,1486
63,1459
66,1454
62,1367
64,1446
58,1341
60,1390
57,1314
53,1169
58,1268
57,1229
58,1369
-,-,-,-
75,1755
71,1660
75,1757
68,1550
68,1616
72,1722
78,1849
75,1772
73,1707
70,1632
64,1471
71,1613
64,1435
66,1469
67,1550
69,1600
66,1451
70,1602
65,1464
59,1334
58,1286
59,1277
64,1433
63,1459
61,1389
59,1388
59,1323
62,1431
60,1383
57,1282
59,1444
58,1359
60,1294
67,1519
67,1524
65,1540
63,1521
62,1461
63,1449
60,1221
55,1152
62,1383
58,1435
-,-,-,-
78,1849
77,1834
78,1865
75,1732
78,1849
75,1808
74,1713
73,1709
66,1508
71,1638
74,1715
68,1524
71,1613
65,1445
68,1581
71,1670
70,1588
70,1590
60,1378
59,1305
63,1465
60,1399
58,1302
57,1348
59,1280
63,1456
61,1401
56,1189
58,1333
65,1530
57,1280
64,1480
61,1360
59,1288
62,1399
60,1367
56,1299
62,1432
58,1314
61,1320
53,1156
59,1284
59,1406
-,-,-,-
68,1540
78,1849
67,1591
69,1539
78,1849
74,1744
67,1535
67,1521
74,1737
70,1619
75,1756
65,1464
71,1613
71,1601
66,1544
62,1362
67,1493
69,1565
63,1411
59,1277
60,1407
65,1445
61,1435
59,1311
62,1362
67,1495
65,1499
59,1282
63,1422
60,1353
63,1447
61,1480
66,1478
65,1436
60,1294
60,1420
58,1345
56,1266
60,1372
62,1372
62,1397
58,1227
54,1175
-,-,-,-
76,1810
70,1631
72,1636
68,1599
66,1531
77,1804
77,1828
69,1603
75,1750
72,1652
75,1772
67,1497
69,1546
70,1611
70,1677
69,1627
62,1358
69,1559
70,1587
67,1599
63,1455
65,1454
63,1433
63,1468
66,1481
63,1429
62,1340
61,1385
64,1481
64,1491
59,1367
60,1432
60,1343
61,1375
60,1321
63,1516
62,1509
61,1371
55,1243
56,1192
58,1281
63,1447
58,1322
-,-,-,-
71,1675
74,1755
71,1618
76,1785
75,1763
70,1671
76,1787
65,1563
72,1669
64,1434
66,1435
66,1506
70,1584
61,1321
71,1668
67,1548
69,1550
70,1587
62,1399
61,1447
63,1422
59,1316
61,1392
61,1407
62,1390
63,1411
66,1517
63,1479
64,1472
63,1507
62,1396
59,1461
63,1362
62,1308
58,1218
59,1403
60,1349
63,1456
59,1304
59,1242
54,1218
58,1315
55,1283
-,-,-,-
74,1789
74,1714
77,1804
78,1849
74,1752
72,1690
68,1597
71,1594
75,1750
61,1425
73,1698
65,1464
68,1528
69,1551
68,1610
67,1553
69,1550
67,1534
63,1338
65,1438
65,1511
61,1300
61,1458
66,1471
62,1386
65,1543
60,1300
62,1382
55,1255
68,1596
56,1306
61,1476
60,1276
66,1466
61,1359
62,1373
62,1422
63,1457
63,1442
57,1295
59,1303
60,1339
60,1294
-,-,-,-
74,1702
75,1757
77,1804
73,1712
70,1620
74,1702
70,1626
66,1513
75,1781
69,1550
74,1746
67,1471
60,1345
70,1569
65,1522
69,1587
69,1584
70,1627
62,1435
62,1375
67,1677
67,1507
63,1468
63,1363
63,1330
61,1372
62,1355
61,1373
61,1434
57,1284
64,1453
62,1369
66,1465
62,1412
59,1303
62,1424
61,1393
58,1283
55,1288
60,1314
57,1230
54,1152
52,1195
-,-,-,-
73,1732
78,1851
73,1741
78,1849
78,1849
71,1699
66,1499
66,1508
72,1643
72,1722
74,1726
71,1601
66,1477
62,1389
61,1388
71,1668
66,1482
70,1587
61,1386
63,1461
70,1673
57,1271
65,1573
57,1316
61,1304
61,1395
61,1373
59,1361
61,1328
64,1508
65,1607
60,1406
63,1429
60,1307
60,1377
64,1495
59,1380
64,1446
63,1464
60,1305
57,1223
53,1291
62,1447
-,-,-,-
69,1637
78,1849
71,1614
71,1658
74,1727
70,1629
65,1501
67,1509
71,1663
73,1722
71,1659
71,1613
71,1637
71,1601
71,1668
71,1672
65,1438
69,1559
62,1453
60,1411
60,1367
58,1242
59,1362
63,1479
59,1303
61,1378
58,1268
61,1410
60,1376
59,1318
60,1423
62,1576
62,1393
64,1403
57,1224
68,1557
56,1293
63,1475
61,1372
57,1296
57,1289
58,1312
60,1346
-,-,-,-
77,1810
66,1548
78,1851
75,1792
70,1589
72,1741
77,1812
72,1685
69,1590
71,1671
65,1472
67,1552
66,1456
71,1601
68,1567
59,1340
65,1411
65,1455
63,1431
65,1439
63,1462
63,1428
57,1335
66,1518
62,1372
59,1338
63,1461
66,1518
56,1221
58,1283
58,1309
64,1514
64,1544
62,1323
65,1482
66,1474
54,1219
62,1427
56,1319
61,1327
62,1425
59,1279
55,1257
-,-,-,-
78,1849
78,1849
71,1695
75,1785
78,1849
75,1763
76,1798
75,1750
75,1750
71,1600
74,1711
68,1503
67,1500
63,1392
67,1571
71,1668
70,1587
70,1581
62,1425
65,1488
62,1453
58,1311
62,1486
67,1595
59,1267
58,1301
65,1526
64,1423
55,1231
63,1453
64,1459
55,1341
63,1583
63,1422
57,1255
62,1338
58,1288
65,1480
56,1291
60,1276
56,1283
55,1264
62,1399
-,-,-,-
73,1684
68,1605
73,1688
68,1604
76,1801
69,1587
78,1847
75,1772
69,1560
66,1535
72,1684
68,1541
70,1612
70,1603
67,1604
70,1635
70,1581
70,1581
64,1438
58,1311
64,1502
66,1521
62,1459
60,1372
66,1477
60,1293
59,1347
59,1257
62,1398
67,1506
62,1412
60,1453
60,1455
58,1213
64,1475
62,1426
60,1425
63,1510
56,1142
60,1354
59,1321
56,1253
56,1247
-,-,-,-
68,1599
69,1552
69,1591
75,1747
70,1645
71,1691
76,1786
67,1509
75,1750
73,1684
67,1522
65,1423
70,1574
71,1605
64,1465
70,1647
69,1552
64,1345
63,1385
60,1323
60,1334
65,1473
64,1521
67,1619
64,1453
61,1301
65,1511
62,1465
59,1381
60,1337
63,1387
57,1268
61,1412
67,1501
61,1307
58,1302
56,1315
57,1271
63,1419
59,1314
55,1179
60,1399
52,1146
-,-,-,-
78,1847
73,1741
74,1752
68,1585
68,1585
72,1653
71,1608
71,1642
69,1606
73,1711
65,1481
67,1500
66,1480
70,1574
70,1655
62,1447
67,1532
68,1522
64,1441
62,1406
64,1475
65,1433
62,1442
63,1410
64,1423
61,1390
58,1300
57,1251
56,1252
65,1523
65,1480
60,1380
65,1530
61,1443
59,1347
63,1367
66,1593
58,1361
63,1389
60,1314
59,1304
53,1132
57,1334
-,-,-,-
74,1746
71,1666
76,1804
67,1527
78,1839
78,1847
72,1718
72,1654
72,1647
75,1750
64,1437
68,1543
66,1476
71,1637
68,1603
67,1537
70,1586
65,1414
66,1520
66,1480
63,1484
61,1403
66,1533
63,1460
61,1332
61,1402
63,1396
59,1318
60,1374
67,1584
58,1343
63,1501
61,1431
61,1400
60,1405
64,1359
66,1592
64,1446
56,1314
58,1336
55,1231
62,1411
58,1311
-,-,-,-
70,1641
71,1688
72,1682
66,1454
71,1675
72,1669
76,1771
71,1681
73,1699
74,1748
70,1587
69,1534
64,1424
66,1483
64,1443
68,1565
65,1477
65,1370
62,1320
63,1428
59,1393
64,1440
67,1549
64,1483
63,1404
58,1353
59,1326
62,1450
58,1303
65,1501
63,1431
61,1462
60,1404
60,1261
61,1371
62,1406
62,1463
64,1417
56,1288
61,1347
52,1130
57,1288
62,1433
-,-,-,-
77,1796
73,1735
70,1602
74,1668
69,1597
71,1641
68,1619
75,1762
73,1702
74,1743
66,1556
68,1528
61,1362
71,1601
62,1453
68,1633
68,1523
64,1399
64,1459
62,1390
60,1391
63,1373
61,1383
67,1568
62,1317
65,1438
62,1422
64,1472
60,1341
63,1518
65,1496
54,1199
62,1502
65,1486
61,1317
63,1337
60,1455
56,1189
62,1454
64,1417
59,1303
62,1427
57,1297
-,-,-,-
69,1597
62,1397
78,1837
74,1697
72,1698
71,1663
75,1756
67,1458
71,1633
71,1644
70,1621
65,1522
70,1565
61,1373
65,1483
70,1638
66,1442
70,1585
65,1497
63,1449
58,1427
63,1361
59,1455
62,1388
59,1285
62,1430
58,1277
59,1271
60,1361
62,1442
67,1553
60,1439
60,1441
64,1446
63,1455
60,1307
62,1441
66,1553
62,1380
52,1090
61,1330
58,1294
57,1279
-,-,-,-
76,1765
73,1715
77,1809
72,1675
74,1752
69,1680
73,1673
71,1681
69,1613
75,1750
73,1757
69,1620
66,1476
64,1407
68,1619
60,1388
69,1545
70,1579
64,1526
62,1338
58,1361
59,1291
54,1223
65,1574
62,1374
60,1353
66,1482
61,1435
61,1423
59,1350
61,1464
62,1380
57,1310
59,1316
60,1301
58,1255
63,1416
55,1176
61,1420
61,1290
58,1244
56,1325
61,1462
-,-,-,-
78,1837
68,1511
73,1713
75,1741
78,1837
74,1731
71,1718
75,1750
73,1720
69,1588
70,1580
70,1598
71,1611
71,1601
71,1673
71,1670
70,1579
66,1474
63,1374
63,1452
62,1491
64,1471
63,1412
65,1499
61,1338
61,1352
62,1426
61,1365
61,1405
67,1556
64,1490
58,1404
63,1487
64,1454
61,1361
56,1238
67,1570
65,1500
62,1353
56,1179
59,1332
63,1496
58,1320
-,-,-,-
63,1387
69,1567
76,1777
76,1786
68,1553
71,1629
78,1837
73,1680
73,1747
73,1674
74,1717
72,1649
68,1570
71,1601
68,1575
71,1672
69,1555
70,1575
71,1579
64,1489
63,1420
59,1289
66,1597
63,1416
63,1404
63,1395
61,1338
60,1415
59,1375
57,1283
61,1438
61,1423
60,1406
62,1349
55,1215
65,1491
61,1444
62,1443
59,1393
61,1425
56,1229
53,1147
56,1321
-,-,-,-
69,1606
78,1837
67,1497
78,1837
78,1837
69,1571
72,1655
67,1552
62,1401
67,1544
75,1750
66,1476
65,1460
63,1384
63,1356
70,1594
71,1668
65,1527
64,1392
60,1377
64,1550
61,1385
60,1367
61,1356
61,1303
64,1509
65,1488
59,1342
64,1460
64,1467
61,1466
64,1523
65,1569
67,1548
62,1344
58,1225
63,1475
67,1543
50,1126
61,1355
60,1365
59,1337
55,1225
-,-,-,-
70,1627
72,1670
68,1599
76,1747
77,1807
73,1705
70,1612
69,1578
71,1634
71,1612
75,1750
65,1465
72,1649
72,1659
70,1557
69,1520
71,1680
71,1668
66,1482
64,1486
61,1418
60,1314
59,1367
61,1360
59,1259
59,1375
66,1453
67,1530
57,1295
63,1430
66,1561
59,1414
66,1572
62,1393
59,1337
67,1517
65,1586
65,1554
63,1444
63,1383
55,1207
55,1248
62,1474
-,-,-,-
78,1841
72,1655
78,1837
78,1841
77,1794
70,1606
72,1673
74,1709
70,1591
70,1569
73,1709
67,1487
65,1427
72,1647
66,1457
70,1556
62,1421
67,1603
65,1370
60,1380
62,1491
61,1386
61,1334
61,1405
60,1311
66,1521
64,1382
65,1496
62,1445
62,1394
63,1467
66,1553
62,1470
62,1355
61,1387
55,1245
61,1409
57,1309
54,1169
60,1328
54,1272
59,1339
57,1288
-,-,-,-
70,1608
75,1739
76,1764
71,1679
66,1454
74,1744
71,1643
70,1631
74,1746
68,1586
71,1634
65,1471
69,1553
62,1401
67,1488
69,1525
71,1668
70,1684
64,1479
64,1468
63,1554
59,1270
65,1551
57,1264
57,1264
63,1436
61,1341
64,1459
58,1322
65,1534
65,1452
61,1442
59,1429
58,1283
66,1544
62,1362
61,1405
59,1345
60,1394
58,1285
55,1218
61,1381
54,1190
-,-,-,-
77,1824
73,1722
76,1782
78,1837
75,1735
67,1562
73,1649
74,1753
73,1684
63,1463
74,1720
71,1620
70,1588
70,1607
68,1530
70,1535
69,1611
69,1617
64,1390
62,1463
62,1426
63,1414
62,1440
66,1570
58,1261
62,1467
59,1300
61,1440
61,1435
63,1477
62,1385
60,1427
58,1411
61,1406
57,1241
64,1496
63,1537
61,1411
58,1321
57,1238
61,1324
57,1248
64,1510
-,-,-,-
70,1591
67,1508
72,1646
69,1570
78,1839
71,1633
69,1627
75,1767
70,1611
73,1693
61,1404
71,1616
69,1558
68,1575
71,1569
66,1454
62,1409
69,1615
61,1387
62,1443
63,1502
58,1276
62,1405
66,1498
63,1428
60,1359
60,1358
66,1514
58,1250
68,1548
61,1409
59,1340
64,1617
61,1370
60,1339
56,1187
61,1373
63,1440
56,1289
59,1369
60,1326
58,1230
58,1319
-,-,-,-
78,1849
76,1773
71,1657
69,1563
71,1638
75,1757
72,1643
72,1649
73,1698
71,1588
75,1750
72,1647
72,1651
72,1655
68,1521
62,1331
68,1602
67,1579
62,1394
60,1371
62,1439
57,1282
61,1392
64,1466
59,1300
61,1364
63,1440
66,1466
64,1480
60,1296
65,1545
61,1429
61,1480
62,1390
62,1434
62,1412
64,1458
65,1506
60,1328
59,1278
59,1278
58,1329
64,1440
-,-,-,-
67,1555
74,1721
77,1831
78,1837
75,1747
66,1514
78,1837
75,1750
75,1756
71,1588
71,1655
62,1418
64,1426
72,1666
70,1553
68,1494
68,1581
63,1480
64,1391
60,1414
63,1509
64,1439
63,1507
65,1463
64,1410
57,1253
68,1583
63,1412
62,1432
60,1343
57,1355
62,1436
58,1404
62,1347
66,1503
60,1303
62,1375
62,1438
59,1295
58,1254
61,1353
53,1192
58,1317
-,-,-,-
77,1815
78,1837
74,1710
78,1837
74,1711
72,1683
76,1816
75,1752
74,1746
68,1538
71,1628
63,1442
63,1432
67,1584
70,1566
61,1388
68,1605
67,1543
61,1311
60,1392
66,1582
59,1337
60,1352
60,1369
67,1564
63,1496
60,1384
63,1421
61,1362
59,1330
62,1414
60,1369
59,1384
63,1423
60,1283
61,1332
64,1509
63,1422
61,1402
58,1280
55,1213
61,1375
57,1219
-,-,-,-
78,1851
78,1837
73,1742
78,1837
76,1769
78,1837
77,1796
70,1635
73,1722
71,1654
75,1772
67,1543
68,1520
71,1632
65,1439
71,1599
66,1477
62,1472
63,1433
63,1387
62,1482
62,1392
63,1438
60,1423
69,1568
62,1435
63,1429
61,1397
64,1372
60,1416
59,1388
63,1468
60,1412
62,1312
59,1275
63,1362
59,1388
61,1424
60,1428
60,1307
59,1363
60,1353
53,1128
-,-,-,-
75,1718
69,1636
75,1714
74,1719
78,1837
74,1701
71,1637
68,1569
67,1494
75,1750
63,1470
72,1647
71,1624
66,1484
71,1567
71,1569
68,1565
69,1618
63,1401
56,1338
66,1565
67,1547
62,1394
61,1401
62,1450
62,1365
61,1405
65,1454
65,1458
59,1265
58,1333
60,1341
57,1338
57,1290
60,1285
61,1405
58,1268
66,1539
61,1403
59,1317
53,1196
61,1400
63,1485
-,-,-,-
74,1705
74,1684
78,1833
69,1603
67,1548
74,1749
76,1791
65,1474
70,1580
75,1772
75,1750
66,1500
63,1408
72,1647
70,1567
71,1567
71,1674
71,1666
67,1487
64,1453
61,1408
59,1299
63,1357
62,1394
61,1446
68,1565
63,1396
58,1260
62,1416
61,1338
64,1520
62,1467
60,1462
62,1443
58,1278
63,1415
64,1515
58,1374
57,1339
64,1400
59,1270
57,1380
62,1424
-,-,-,-
77,1809
66,1544
70,1647
78,1833
75,1753
69,1544
69,1575
75,1750
67,1477
74,1748
68,1549
72,1647
70,1599
65,1457
71,1573
66,1442
71,1668
66,1526
64,1417
64,1455
61,1432
61,1355
59,1328
66,1590
62,1367
63,1401
63,1494
65,1468
66,1488
59,1396
67,1564
63,1472
64,1528
64,1441
61,1279
61,1371
63,1504
61,1385
63,1407
54,1189
56,1246
61,1426
56,1174
-,-,-,-
78,1833
76,1812
78,1833
76,1769
77,1805
78,1843
78,1833
66,1491
75,1764
73,1714
73,1732
72,1643
66,1488
62,1388
72,1629
70,1565
69,1641
65,1503
60,1274
68,1581
63,1489
60,1361
59,1314
67,1575
65,1537
64,1456
65,1460
60,1353
62,1440
59,1363
63,1453
64,1530
58,1369
60,1354
63,1468
61,1415
64,1486
63,1505
59,1362
62,1383
56,1287
62,1431
53,1130
-,-,-,-
72,1641
77,1799
66,1552
69,1607
77,1821
78,1833
67,1551
74,1726
74,1727
67,1545
69,1595
69,1560
61,1382
68,1544
67,1515
69,1519
71,1666
69,1623
63,1406
58,1337
61,1380
63,1360
58,1195
64,1465
64,1423
62,1396
58,1327
60,1312
58,1315
60,1342
59,1373
63,1480
62,1478
59,1251
61,1322
61,1402
65,1517
68,1579
60,1373
58,1235
63,1428
58,1336
61,1393
-,-,-,-
70,1611
78,1833
72,1738
72,1671
77,1805
68,1562
68,1554
63,1447
74,1780
71,1610
74,1726
71,1607
63,1396
68,1530
63,1423
61,1352
71,1666
67,1516
67,1514
66,1542
63,1462
63,1346
67,1562
62,1431
63,1435
64,1487
57,1297
60,1299
64,1454
63,1471
65,1459
61,1436
59,1422
60,1501
57,1255
64,1453
60,1328
64,1479
57,1314
59,1232
58,1291
60,1379
54,1199
-,-,-,-
78,1833
69,1543
75,1791
67,1537
70,1632
72,1653
73,1740
67,1492
74,1765
69,1611
68,1550
72,1625
69,1544
72,1631
70,1588
72,1643
61,1382
66,1553
62,1399
64,1416
62,1461
65,1479
62,1414
66,1529
68,1603
61,1488
63,1389
65,1497
63,1475
63,1475
62,1405
63,1451
59,1281
59,1461
65,1476
67,1553
62,1285
62,1396
62,1423
61,1334
52,1160
60,1316
57,1243
-,-,-,-
63,1448
69,1590
68,1580
77,1816
69,1597
70,1671
75,1781
74,1751
75,1750
75,1752
69,1627
62,1354
68,1530
67,1536
61,1376
72,1643
71,1664
71,1672
63,1423
63,1464
60,1396
60,1368
64,1440
62,1436
61,1469
63,1395
62,1410
59,1341
65,1480
62,1459
56,1260
65,1558
59,1344
59,1362
62,1337
59,1342
59,1323
62,1442
59,1377
63,1439
57,1199
61,1401
52,1225
-,-,-,-
68,1601
69,1640
78,1833
78,1835
70,1675
78,1833
69,1606
75,1750
73,1711
69,1575
74,1726
70,1546
72,1625
66,1520
70,1596
71,1619
71,1694
69,1585
64,1404
66,1532
67,1563
63,1405
64,1396
60,1415
65,1511
66,1498
65,1436
63,1429
65,1550
62,1495
60,1322
63,1413
59,1321
56,1323
62,1466
63,1358
66,1472
64,1464
61,1445
63,1395
62,1344
64,1476
60,1332
-,-,-,-
69,1615
77,1812
68,1583
76,1797
72,1656
76,1766
65,1496
71,1657
66,1513
72,1642
71,1673
72,1600
70,1583
67,1497
70,1597
72,1643
65,1511
60,1394
66,1509
59,1320
65,1520
60,1307
63,1390
67,1560
66,1532
60,1397
62,1363
57,1275
64,1425
65,1529
61,1426
64,1485
63,1475
51,1177
60,1336
63,1446
63,1340
63,1475
59,1288
60,1342
52,1103
61,1333
56,1243
-,-,-,-
77,1814
74,1687
73,1742
77,1806
78,1833
74,1670
64,1414
73,1650
73,1670
71,1666
75,1750
65,1461
68,1500
63,1411
64,1456
70,1576
67,1557
64,1475
61,1335
61,1355
66,1498
58,1294
66,1551
69,1601
66,1552
60,1286
63,1384
62,1404
63,1456
62,1467
63,1406
65,1445
59,1375
61,1398
58,1332
61,1363
62,1349
60,1386
65,1425
65,1431
58,1250
65,1466
58,1247
-,-,-,-
69,1563
71,1686
73,1696
67,1558
74,1763
69,1623
73,1664
75,1752
66,1497
70,1658
73,1714
70,1544
64,1440
68,1579
63,1418
66,1462
70,1623
67,1584
64,1383
64,1456
65,1502
61,1381
65,1536
66,1547
64,1523
64,1461
61,1446
64,1421
60,1365
60,1347
57,1273
63,1465
59,1343
60,1427
65,1473
61,1395
56,1185
62,1431
62,1351
59,1236
62,1454
56,1209
58,1256
-,-,-,-
76,1759
72,1654
75,1758
74,1722
76,1787
70,1617
78,1833
75,1750
59,1321
73,1710
75,1752
64,1404
72,1600
68,1484
70,1606
72,1643
69,1599
68,1591
61,1346
58,1231
59,1329
64,1422
64,1432
62,1532
61,1400
60,1276
59,1282
60,1388
64,1508
63,1531
64,1465
62,1403
61,1463
59,1389
65,1470
64,1435
65,1462
64,1493
59,1355
55,1182
56,1199
60,1328
58,1319
-,-,-,-
76,1767
68,1600
78,1839
75,1742
70,1589
69,1573
70,1600
74,1753
75,1750
75,1750
75,1750
68,1524
71,1600
71,1602
63,1400
63,1396
70,1621
69,1596
64,1473
64,1424
65,1514
63,1446
57,1211
63,1502
62,1458
61,1399
61,1378
66,1519
63,1439
66,1588
59,1368
63,1488
60,1402
62,1511
61,1348
67,1552
60,1295
62,1414
59,1345
59,1330
62,1434
56,1201
56,1234
-,-,-,-
71,1611
77,1815
73,1660
78,1845
77,1815
78,1833
78,1833
73,1695
73,1666
63,1447
68,1586
63,1432
66,1446
67,1479
73,1680
67,1507
65,1522
66,1544
66,1462
58,1323
65,1530
62,1414
64,1449
64,1530
63,1458
56,1253
64,1460
61,1411
67,1604
66,1579
56,1218
65,1527
60,1402
61,1422
60,1357
62,1328
62,1379
63,1445
62,1355
55,1181
61,1412
54,1168
61,1369
-,-,-,-
71,1633
70,1671
73,1740
75,1735
67,1559
77,1805
72,1657
73,1720
72,1710
71,1624
71,1599
72,1671
61,1343
73,1680
68,1493
71,1592
65,1487
71,1664
63,1363
64,1430
61,1390
60,1311
66,1420
63,1472
65,1514
64,1421
61,1328
63,1439
59,1331
64,1491
54,1172
63,1478
59,1296
63,1532
56,1258
60,1297
56,1170
65,1527
61,1398
63,1411
59,1397
59,1263
58,1227
-,-,-,-
71,1683
73,1669
77,1790
70,1652
67,1509
66,1468
72,1646
72,1657
70,1622
71,1649
72,1621
71,1621
68,1525
73,1680
71,1579
71,1594
65,1471
67,1549
60,1289
67,1519
65,1488
57,1162
65,1426
61,1421
60,1371
66,1510
63,1487
61,1383
59,1298
66,1522
59,1396
65,1496
61,1369
56,1305
59,1263
64,1448
66,1485
65,1567
66,1489
61,1289
60,1370
57,1240
59,1349
-,-,-,-
69,1612
69,1595
62,1430
70,1613
67,1519
78,1833
69,1567
66,1531
64,1433
75,1764
75,1750
71,1634
69,1556
68,1551
68,1528
63,1399
67,1548
69,1652
61,1284
68,1574
62,1383
57,1188
66,1426
58,1332
65,1456
66,1538
61,1439
65,1515
63,1445
61,1411
55,1210
61,1418
62,1406
60,1476
61,1398
61,1316
63,1392
68,1641
61,1371
59,1256
55,1207
57,1279
56,1186
-,-,-,-
66,1493
75,1714
71,1629
78,1831
72,1608
77,1796
78,1839
72,1640
65,1481
74,1744
61,1425
61,1331
64,1445
71,1610
60,1354
66,1483
67,1532
66,1540
65,1461
69,1583
61,1437
63,1431
61,1385
64,1463
68,1593
68,1597
67,1492
63,1429
67,1524
63,1451
54,1154
63,1464
64,1530
59,1383
63,1524
60,1348
62,1451
62,1346
60,1358
57,1243
60,1397
59,1305
63,1481
-,-,-,-
62,1421
75,1726
73,1676
73,1664
72,1616
72,1616
78,1843
75,1758
66,1517
75,1750
72,1640
70,1593
68,1535
72,1649
69,1519
66,1470
68,1585
68,1571
62,1402
68,1530
65,1493
67,1470
68,1475
61,1434
65,1621
63,1497
63,1413
59,1345
66,1488
62,1370
56,1231
66,1575
61,1445
64,1534
60,1463
57,1266
63,1554
61,1294
60,1299
62,1331
58,1336
59,1365
56,1275
-,-,-,-
74,1717
78,1831
68,1561
78,1839
72,1648
72,1666
72,1665
73,1698
74,1746
66,1531
75,1754
73,1680
63,1406
65,1519
64,1434
64,1437
71,1662
71,1678
65,1458
64,1417
61,1446
59,1315
64,1487
62,1443
62,1456
61,1332
56,1180
61,1385
63,1381
63,1475
60,1395
62,1493
64,1466
53,1158
62,1488
63,1372
65,1479
64,1366
62,1402
61,1292
60,1403
55,1259
58,1271
-,-,-,-
73,1654
69,1594
75,1782
76,1774
78,1833
70,1631
67,1545
64,1496
70,1608
67,1552
75,1750
64,1426
66,1481
72,1671
65,1487
71,1582
67,1547
65,1528
59,1315
60,1312
54,1153
65,1401
61,1347
63,1362
68,1590
63,1412
64,1401
62,1404
62,1322
61,1417
56,1228
63,1483
64,1569
57,1319
56,1305
61,1476
62,1362
63,1360
56,1204
60,1304
65,1515
59,1359
56,1290
-,-,-,-
78,1847
78,1835
77,1778
75,1727
77,1809
73,1669
67,1519
71,1611
74,1725
75,1750
74,1695
68,1570
66,1476
68,1529
68,1550
65,1460
62,1421
71,1662
66,1527
64,1521
63,1448
60,1365
59,1259
62,1455
65,1544
53,1147
62,1403
61,1403
64,1425
63,1416
64,1471
64,1517
63,1464
57,1318
61,1481
63,1426
66,1494
55,1205
60,1287
55,1239
62,1464
58,1313
58,1316
-,-,-,-
78,1831
78,1831
71,1639
76,1767
70,1578
70,1642
75,1748
70,1596
67,1532
71,1657
71,1657
72,1663
69,1595
70,1571
67,1475
70,1579
66,1540
62,1449
68,1549
64,1412
62,1437
58,1281
63,1426
64,1508
65,1510
59,1346
57,1223
55,1216
61,1320
63,1435
58,1290
64,1459
63,1409
59,1359
61,1418
60,1319
61,1304
62,1389
58,1290
62,1327
61,1339
58,1292
63,1390
-,-,-,-
74,1716
71,1660
71,1680
73,1715
72,1633
70,1604
78,1839
75,1764
75,1750
71,1661
64,1481
65,1439
70,1626
64,1379
62,1397
72,1600
70,1664
65,1523
61,1366
65,1459
63,1403
56,1195
60,1378
66,1566
58,1289
61,1336
60,1354
60,1397
64,1456
63,1438
62,1372
61,1436
67,1600
64,1518
59,1401
62,1383
66,1531
63,1433
63,1416
63,1349
62,1384
58,1300
55,1238
-,-,-,-
72,1629
74,1712
75,1762
77,1792
71,1629
74,1701
78,1831
68,1572
66,1473
68,1525
74,1732
69,1591
68,1514
73,1684
64,1446
71,1585
69,1611
66,1532
56,1349
66,1523
62,1462
64,1515
64,1410
60,1352
64,1509
61,1421
64,1469
58,1178
58,1350
62,1430
56,1228
64,1430
70,1697
59,1337
64,1587
60,1299
63,1386
59,1277
58,1237
62,1333
59,1350
58,1320
63,1483
-,-,-,-
76,1784
75,1749
77,1811
78,1833
69,1567
76,1753
71,1643
69,1597
68,1558
66,1519
74,1741
63,1455
71,1648
70,1605
69,1562
63,1452
71,1720
64,1490
60,1310
66,1487
55,1287
60,1329
61,1347
61,1333
67,1546
58,1319
61,1382
61,1321
66,1515
60,1342
62,1434
59,1361
60,1397
57,1323
56,1341
57,1309
66,1456
64,1391
57,1263
63,1349
53,1205
61,1406
55,1247
-,-,-,-
69,1599
69,1605
68,1614
68,1561
73,1665
75,1730
72,1668
62,1412
75,1750
65,1435
73,1726
68,1542
65,1430
65,1432
68,1537
68,1532
71,1652
63,1490
64,1441
65,1467
61,1381
60,1318
57,1289
63,1415
62,1434
65,1545
59,1330
62,1377
63,1459
63,1406
69,1652
59,1369
62,1434
63,1451
56,1267
62,1381
70,1698
61,1345
59,1315
59,1268
60,1430
57,1253
62,1327
-,-,-,-
78,1831
74,1731
70,1569
78,1831
72,1700
74,1766
72,1668
74,1725
68,1538
74,1739
63,1447
70,1601
72,1671
66,1472
71,1663
71,1577
60,1419
66,1522
66,1517
63,1447
67,1497
61,1432
61,1413
62,1386
61,1358
62,1372
67,1528
65,1566
65,1418
64,1431
62,1408
63,1436
58,1298
55,1257
65,1508
64,1579
61,1316
59,1290
63,1407
61,1300
57,1288
61,1359
63,1455
-,-,-,-
78,1831
72,1641
72,1644
65,1433
77,1818
62,1453
76,1759
73,1720
71,1639
75,1750
69,1586
69,1590
68,1505
71,1618
64,1418
72,1600
71,1652
70,1615
62,1307
66,1525
66,1523
69,1668
63,1402
66,1511
56,1245
69,1632
63,1428
60,1481
63,1405
63,1377
64,1446
57,1211
64,1516
63,1466
61,1432
60,1481
63,1498
61,1293
62,1392
59,1309
63,1467
61,1415
59,1342
-,-,-,-
76,1784
70,1633
78,1831
75,1720
67,1502
71,1655
68,1569
75,1750
75,1760
75,1738
75,1750
72,1664
72,1646
65,1474
70,1588
66,1441
71,1652
65,1477
60,1292
61,1431
61,1447
60,1434
64,1598
61,1413
63,1471
65,1548
57,1273
64,1509
62,1412
59,1389
60,1384
62,1403
57,1263
64,1468
56,1286
63,1491
60,1316
61,1361
65,1522
65,1551
57,1313
59,1287
59,1307
-,-,-,-
73,1710
73,1699
73,1672
73,1697
70,1577
66,1521
78,1835
75,1740
75,1756
75,1748
74,1697
61,1342
63,1455
69,1538
71,1592
72,1600
71,1664
66,1537
61,1332
63,1511
63,1528
64,1534
68,1559
61,1362
63,1358
61,1430
60,1424
61,1461
61,1294
66,1500
56,1291
63,1448
60,1269
62,1398
62,1433
60,1481
62,1461
64,1382
61,1368
60,1281
60,1326
58,1310
62,1416
-,-,-,-
71,1651
78,1831
65,1446
73,1686
78,1831
73,1685
76,1786
68,1531
70,1602
74,1725
71,1625
67,1514
66,1485
73,1680
70,1543
65,1470
71,1652
65,1518
60,1271
65,1419
65,1513
67,1565
63,1507
60,1305
65,1466
58,1290
65,1487
62,1411
59,1305
58,1222
60,1338
61,1381
58,1355
62,1468
57,1263
62,1515
54,1142
64,1458
64,1394
62,1391
64,1405
55,1212
56,1178
-,-,-,-
71,1630
75,1739
72,1645
69,1538
70,1632
76,1799
73,1673
69,1571
72,1660
70,1660
68,1575
69,1582
68,1553
68,1516
65,1422
71,1600
69,1575
68,1555
66,1501
59,1355
64,1555
61,1443
61,1417
59,1309
65,1438
63,1540
66,1499
58,1395
67,1460
62,1393
65,1446
61,1358
65,1482
64,1485
59,1342
58,1399
60,1357
60,1284
64,1455
64,1449
60,1403
58,1291
54,1184
-,-,-,-
69,1612
77,1808
69,1547
76,1779
69,1610
77,1835
71,1591
74,1739
65,1501
73,1700
62,1447
67,1486
69,1543
69,1584
68,1526
64,1441
66,1498
71,1652
66,1546
64,1498
63,1406
64,1418
68,1571
58,1268
62,1393
63,1500
61,1389
63,1491
61,1363
64,1460
60,1332
62,1418
58,1311
66,1510
65,1560
63,1565
60,1357
56,1309
66,1561
66,1511
58,1273
59,1347
61,1386
-,-,-,-
64,1499
71,1607
74,1711
74,1715
78,1831
69,1585
78,1831
71,1597
68,1586
75,1738
74,1727
66,1537
65,1478
72,1645
63,1415
60,1333
64,1499
66,1503
63,1350
62,1389
61,1493
65,1478
66,1506
63,1431
54,1151
57,1322
58,1322
61,1420
62,1414
60,1285
62,1430
65,1494
58,1287
66,1487
54,1245
63,1516
65,1428
58,1252
63,1479
63,1536
59,1339
52,1180
59,1346
-,-,-,-
74,1684
77,1792
77,1794
73,1674
63,1460
77,1808
78,1831
75,1738
71,1611
68,1557
75,1738
69,1597
70,1631
66,1562
71,1594
72,1602
71,1652
68,1611
57,1255
61,1405
60,1371
65,1565
60,1356
57,1268
58,1259
57,1388
66,1531
63,1449
64,1435
62,1323
61,1335
63,1502
58,1296
63,1502
60,1413
60,1473
59,1318
64,1384
63,1403
63,1376
62,1456
64,1387
53,1096
-,-,-,-
74,1708
66,1595
78,1831
71,1649
74,1731
70,1608
71,1667
67,1511
67,1536
74,1725
75,1738
62,1406
67,1483
71,1664
60,1344
69,1545
68,1620
66,1530
69,1567
60,1426
64,1417
65,1556
65,1501
67,1534
61,1367
61,1429
63,1399
63,1431
64,1509
63,1408
65,1398
63,1393
61,1345
66,1519
60,1390
62,1506
66,1486
62,1345
65,1447
65,1398
60,1355
61,1365
62,1379
-,-,-,-
68,1562
69,1531
72,1632
77,1806
70,1646
68,1543
67,1559
75,1752
72,1665
67,1538
70,1601
67,1489
69,1551
67,1537
70,1596
72,1600
61,1390
66,1532
61,1413
65,1444
66,1576
60,1378
65,1537
62,1328
62,1427
64,1450
64,1446
58,1301
58,1261
59,1298
62,1352
58,1257
60,1232
67,1599
55,1305
61,1484
60,1397
60,1415
64,1434
60,1287
58,1326
59,1308
61,1325
-,-,-,-
74,1693
73,1688
67,1545
77,1805
75,1768
68,1549
77,1790
73,1676
68,1552
71,1644
74,1728
70,1590
71,1637
63,1507
63,1391
68,1521
63,1470
70,1614
61,1312
64,1496
68,1668
62,1413
65,1490
62,1383
61,1329
58,1327
61,1422
64,1535
60,1345
67,1523
61,1379
61,1345
58,1280
67,1571
62,1523
65,1686
62,1381
56,1296
61,1398
53,1123
59,1317
63,1392
58,1269
-,-,-,-
75,1719
78,1835
70,1639
73,1738
78,1835
78,1831
74,1740
74,1715
72,1672
73,1679
65,1459
65,1476
63,1444
64,1460
67,1499
72,1600
67,1552
67,1560
63,1369
66,1603
60,1396
64,1457
62,1468
62,1357
64,1432
63,1479
65,1478
63,1455
59,1295
67,1500
58,1330
66,1517
57,1255
59,1346
54,1239
64,1560
61,1371
62,1353
62,1366
56,1236
61,1494
63,1347
56,1245
-,-,-,-
72,1676
77,1790
70,1673
72,1633
70,1651
69,1580
72,1681
69,1571
62,1437
70,1627
69,1567
71,1619
71,1640
70,1595
71,1618
67,1498
65,1522
63,1486
62,1349
62,1436
60,1412
63,1513
64,1454
62,1363
59,1383
64,1427
58,1367
61,1448
63,1453
61,1379
65,1488
62,1371
56,1274
60,1389
60,1363
56,1384
63,1432
59,1356
57,1217
62,1412
55,1196
56,1250
55,1224
-,-,-,-
69,1560
69,1555
75,1741
76,1754
78,1831
75,1732
70,1607
74,1734
67,1551
73,1681
71,1614
67,1513
62,1385
67,1562
62,1363
68,1560
70,1626
72,1702
64,1357
63,1415
64,1527
65,1551
64,1485
66,1472
61,1357
60,1376
58,1278
63,1434
60,1371
62,1354
59,1241
62,1354
58,1368
63,1440
57,1264
61,1422
58,1322
62,1364
58,1293
64,1453
54,1221
59,1398
64,1504
-,-,-,-
74,1698
73,1672
66,1562
68,1626
78,1835
71,1667
69,1577
73,1703
73,1750
75,1744
63,1389
66,1473
71,1625
68,1547
71,1583
64,1424
62,1415
67,1585
64,1420
62,1421
64,1533
61,1450
64,1500
59,1346
63,1471
60,1353
60,1356
63,1452
57,1219
63,1455
61,1423
63,1484
58,1288
62,1419
58,1379
58,1375
62,1412
59,1284
57,1269
64,1429
61,1348
62,1385
53,1223
-,-,-,-
76,1790
70,1619
74,1702
77,1778
69,1554
76,1764
78,1831
70,1652
66,1592
75,1734
67,1537
68,1563
71,1628
65,1461
71,1570
66,1472
71,1671
72,1702
62,1423
61,1467
63,1419
65,1635
66,1502
62,1478
65,1356
61,1417
63,1428
61,1464
63,1444
64,1471
65,1456
63,1445
59,1348
59,1351
62,1487
64,1586
62,1390
61,1323
63,1398
60,1286
57,1242
62,1341
55,1243
-,-,-,-
73,1669
70,1629
71,1622
64,1511
71,1619
73,1693
73,1716
75,1734
70,1668
70,1582
74,1716
61,1328
65,1463
72,1675
66,1525
72,1600
67,1562
72,1694
67,1515
64,1464
60,1325
66,1563
57,1242
63,1448
62,1442
65,1514
62,1392
60,1429
56,1268
59,1275
66,1506
60,1331
55,1265
65,1446
54,1232
60,1445
66,1470
66,1474
58,1337
62,1377
59,1353
61,1295
60,1282
-,-,-,-
70,1633
68,1542
73,1675
65,1449
68,1560
73,1700
73,1704
74,1713
73,1683
61,1396
66,1490
67,1488
69,1568
65,1463
72,1600
64,1510
69,1610
71,1656
65,1516
64,1434
58,1405
65,1516
66,1517
60,1336
61,1300
64,1455
69,1653
63,1466
67,1523
62,1447
61,1308
66,1546
55,1222
66,1558
63,1456
66,1645
56,1248
58,1289
62,1397
63,1355
58,1348
63,1421
58,1360
-,-,-,-
77,1829
78,1831
69,1579
74,1714
72,1661
63,1403
76,1780
65,1502
69,1598
71,1596
70,1596
72,1668
73,1680
71,1621
68,1487
71,1577
69,1578
72,1694
61,1340
66,1441
64,1480
62,1382
63,1502
65,1440
62,1403
64,1427
66,1520
61,1395
62,1414
59,1235
63,1355
61,1300
59,1382
61,1412
59,1378
64,1481
55,1169
64,1489
58,1310
61,1329
58,1332
58,1252
60,1346
-,-,-,-
64,1384
70,1645
74,1693
77,1831
70,1632
68,1560
74,1734
70,1562
75,1750
69,1581
68,1625
73,1700
70,1578
72,1655
70,1540
71,1606
72,1694
65,1485
64,1441
60,1371
59,1375
66,1485
65,1506
65,1499
60,1307
63,1437
65,1445
64,1505
64,1453
63,1394
63,1433
67,1519
61,1448
61,1395
64,1509
56,1369
64,1439
65,1452
60,1336
58,1181
60,1347
64,1415
61,1388
-,-,-,-
74,1688
77,1833
72,1717
78,1835
65,1530
78,1831
78,1837
72,1662
69,1588
72,1614
69,1581
67,1537
71,1645
71,1614
69,1584
67,1499
67,1565
69,1617
66,1482
59,1294
62,1430
64,1476
57,1302
60,1324
56,1184
65,1490
57,1301
64,1446
59,1316
69,1619
59,1274
62,1409
61,1312
65,1512
62,1448
61,1502
62,1379
64,1507
68,1547
65,1462
59,1348
56,1082
55,1179
-,-,-,-
75,1752
76,1765
65,1519
65,1484
78,1831
69,1624
71,1670
71,1631
64,1434
66,1461
60,1332
73,1680
61,1350
73,1680
72,1600
63,1445
72,1694
61,1443
69,1591
67,1544
67,1579
61,1457
60,1330
61,1286
64,1385
60,1323
62,1449
67,1623
64,1525
58,1349
64,1438
63,1423
62,1383
61,1388
63,1483
63,1507
61,1448
63,1388
60,1332
59,1251
60,1392
58,1260
61,1380
-,-,-,-
72,1628
71,1644
78,1843
76,1778
78,1831
70,1633
77,1800
61,1442
69,1568
70,1642
75,1734
69,1595
73,1680
62,1366
68,1535
68,1512
64,1506
69,1566
64,1468
63,1523
66,1508
66,1544
66,1511
64,1470
61,1327
65,1505
63,1400
62,1448
63,1492
59,1340
56,1257
63,1442
59,1282
58,1382
61,1343
57,1343
60,1442
60,1310
60,1273
62,1369
56,1227
57,1288
63,1459
-,-,-,-
75,1729
75,1761
69,1557
69,1531
78,1831
63,1403
76,1752
63,1395
73,1683
63,1414
73,1683
71,1628
70,1609
70,1601
70,1586
68,1527
71,1660
66,1519
66,1480
60,1376
61,1465
62,1408
62,1495
59,1330
62,1387
65,1461
60,1445
64,1414
59,1415
63,1463
66,1543
61,1376
63,1433
58,1310
65,1574
63,1503
59,1422
61,1379
60,1316
59,1315
53,1148
61,1348
61,1418
-,-,-,-
76,1755
75,1732
68,1606
72,1724
67,1587
76,1810
76,1771
73,1710
67,1515
63,1431
75,1734
68,1572
62,1411
70,1592
71,1606
70,1567
65,1514
64,1484
61,1305
58,1275
61,1382
57,1272
59,1413
60,1313
65,1453
64,1498
60,1377
62,1431
63,1484
59,1325
59,1313
64,1452
61,1421
58,1302
65,1531
62,1460
58,1372
63,1415
63,1401
63,1397
57,1233
63,1482
58,1320
-,-,-,-
73,1679
74,1689
76,1757
71,1625
76,1789
78,1831
78,1831
69,1607
75,1734
73,1696
68,1548
73,1680
73,1686
69,1548
65,1402
68,1564
62,1425
62,1444
64,1443
65,1526
67,1581
64,1512
59,1368
62,1381
65,1424
66,1475
61,1368
59,1375
62,1467
64,1465
62,1394
63,1426
64,1513
59,1307
66,1544
63,1450
61,1439
60,1368
60,1285
66,1500
57,1246
60,1283
58,1240
-,-,-,-
68,1609
77,1811
78,1831
77,1831
74,1704
64,1484
74,1701
66,1503
61,1369
75,1734
74,1713
63,1379
61,1345
69,1554
70,1578
71,1564
62,1415
67,1568
63,1365
64,1461
64,1549
61,1432
61,1398
60,1385
60,1355
61,1408
64,1449
66,1547
64,1470
64,1473
65,1452
59,1277
66,1509
58,1315
65,1465
67,1561
63,1510
61,1348
59,1276
60,1325
56,1253
61,1333
56,1271
-,-,-,-
78,1831
77,1816
78,1831
72,1639
77,1800
77,1831
77,1778
75,1734
72,1661
64,1466
66,1490
73,1680
70,1599
66,1461
64,1449
72,1600
72,1694
72,1705
68,1523
57,1221
57,1333
64,1487
63,1440
63,1376
57,1313
60,1431
64,1385
60,1379
66,1521
63,1497
61,1341
67,1570
61,1386
59,1321
65,1500
56,1293
62,1444
60,1308
65,1436
59,1365
60,1358
61,1377
60,1377
-,-,-,-
72,1624
71,1645
72,1633
78,1831
71,1670
72,1641
72,1692
75,1734
66,1490
65,1474
70,1607
65,1511
68,1554
67,1486
68,1506
68,1520
66,1533
65,1504
60,1277
64,1491
65,1502
61,1417
63,1427
57,1229
58,1285
56,1217
59,1313
62,1404
64,1549
66,1519
61,1399
64,1471
68,1615
56,1245
56,1300
57,1253
59,1472
64,1455
63,1405
62,1407
57,1376
65,1382
59,1250
-,-,-,-
71,1661
72,1718
68,1645
78,1831
74,1695
71,1657
65,1443
65,1522
75,1734
73,1684
75,1734
65,1447
63,1425
72,1635
67,1576
68,1519
68,1621
65,1519
63,1416
62,1420
58,1355
61,1408
63,1454
60,1336
65,1496
66,1493
63,1498
61,1379
61,1430
55,1187
58,1271
65,1434
63,1450
61,1462
65,1520
58,1359
58,1331
62,1360
61,1341
63,1456
63,1366
64,1505
56,1208
-,-,-,-
75,1750
69,1563
71,1649
69,1544
72,1666
76,1768
77,1790
67,1535
68,1521
75,1730
69,1634
73,1684
71,1644
66,1477
72,1600
71,1596
67,1552
65,1536
69,1557
63,1442
62,1451
67,1555
62,1458
62,1354
63,1400
64,1511
65,1481
63,1495
60,1361
64,1474
60,1316
67,1530
65,1494
58,1329
62,1369
63,1456
61,1455
63,1389
60,1310
60,1290
60,1278
56,1224
52,1057
-,-,-,-
74,1719
71,1651
78,1839
74,1748
70,1678
67,1566
72,1689
75,1734
75,1730
75,1730
66,1543
70,1590
68,1582
64,1453
72,1626
72,1600
63,1433
64,1512
59,1229
65,1519
60,1382
63,1486
61,1314
61,1351
65,1426
63,1495
65,1429
65,1483
62,1463
64,1357
63,1461
64,1446
62,1411
57,1271
68,1580
62,1405
61,1464
63,1433
61,1368
61,1389
58,1242
58,1311
58,1362
-,-,-,-
78,1833
70,1591
78,1851
69,1598
72,1648
69,1573
78,1831
74,1718
64,1468
69,1612
71,1616
64,1487
64,1468
68,1559
70,1581
68,1542
67,1527
72,1682
62,1389
68,1596
63,1478
58,1332
65,1572
59,1305
60,1371
68,1603
68,1569
61,1373
63,1459
60,1343
57,1323
63,1426
66,1489
63,1498
60,1397
57,1304
58,1371
59,1250
62,1362
66,1485
65,1448
58,1302
64,1495
-,-,-,-
68,1554
67,1520
73,1702
74,1693
78,1831
74,1711
75,1731
74,1695
67,1499
63,1409
75,1728
67,1513
73,1705
73,1680
69,1538
66,1506
61,1364
69,1596
54,1234
67,1567
61,1433
60,1373
58,1375
68,1627
63,1358
67,1570
69,1590
68,1592
65,1513
65,1452
58,1317
65,1477
65,1470
65,1558
65,1523
63,1462
65,1581
63,1408
59,1330
59,1319
61,1330
55,1293
58,1324
-,-,-,-
76,1769
71,1634
69,1555
78,1831
70,1598
74,1747
67,1594
74,1693
72,1646
70,1647
73,1668
66,1476
71,1609
72,1645
69,1529
71,1573
69,1607
70,1652
63,1440
63,1429
63,1432
62,1435
64,1470
64,1513
63,1417
61,1385
63,1429
64,1495
61,1376
60,1407
58,1308
60,1361
57,1255
66,1501
65,1525
62,1436
57,1367
66,1569
58,1295
61,1377
59,1313
58,1242
56,1292
-,-,-,-
74,1685
77,1785
71,1628
67,1569
73,1749
78,1833
78,1831
66,1512
75,1734
70,1587
72,1652
72,1643
69,1586
69,1559
57,1296
69,1518
66,1506
72,1682
61,1315
63,1487
67,1584
67,1580
63,1452
61,1411
61,1334
62,1465
58,1430
66,1541
70,1669
55,1148
63,1442
64,1384
61,1368
64,1433
64,1499
58,1295
61,1412
63,1380
64,1438
61,1464
58,1186
59,1363
59,1369
-,-,-,-
75,1729
69,1563
71,1609
74,1711
70,1619
72,1689
69,1585
65,1520
60,1341
73,1666
66,1545
73,1680
69,1618
68,1567
69,1529
67,1494
72,1682
67,1568
63,1389
62,1420
60,1409
63,1509
64,1469
63,1464
62,1455
65,1442
59,1379
63,1456
60,1353
57,1294
58,1351
64,1527
63,1402
60,1399
61,1411
55,1299
63,1508
63,1390
62,1440
54,1165
62,1408
66,1569
60,1377
-,-,-,-