1258,50
1246,50
1187,48
1221,49
1200,48
1324,51
1204,46
1180,47
1283,51
1204,48
1292,52
1369,54
1326,53
1323,53
1284,53
1247,48
1235,50
1317,50
1306,52
1256,52
1216,49
1220,49
1313,53
1301,52
1320,53
1339,54
1256,51
1287,50
1138,46
1348,53
1298,52
1317,51
1339,54
1251,49
1339,54
1305,53
1287,53
1272,51
1300,53
1220,49
1345,54
1304,53
1271,52
1331,52
1270,50
1300,53
1274,53
1372,55
1369,54
1282,49
1349,52
1296,52
1187,46
1284,51
1350,54
1235,50
1289,51
1230,48
1320,51
1174,46
1343,52
1264,51
1348,53
1269,51
1258,51
1327,53
1258,48
1369,54
1376,55
1241,49
1276,49
1249,50
1346,53
1331,51
1171,46
1148,46
1306,51
1361,53
1369,54
1254,49
1282,51
1336,53
1349,53
1346,53
1408,55
1225,48
1261,48
1227,49
1303,51
1377,53
1377,54
1308,54
1337,53
1350,52
1378,55
1428,55
1348,54
1276,51
1252,51
1435,55
1327,53
1309,53
1231,49
1331,53
1341,52
1304,51
1277,50
1319,51
1325,52
1396,55
1293,52
1361,54
1354,54
1248,51
1257,50
1186,46
1263,51
1318,52
1389,53
1335,54
1258,50
1421,56
1364,55
1341,52
1267,51
1201,49
1244,50
1178,46
1347,51
1209,49
1308,52
1235,49
1328,52
1272,51
1310,52
1206,49
1282,51
1321,53
1235,50
1356,53
1367,51
1373,54
1361,55
1131,47
1299,52
1221,50
1308,52
1226,50
1393,56
1254,51
1234,51
1269,52
1217,50
1328,53
1219,50
1362,55
1357,55
1377,55
1370,55
1265,51
1221,49
1298,52
1343,53
1342,54
1235,51
1297,52
1222,48
1296,52
1245,49
1097,45
1301,53
1325,51
1394,55
1365,55
1290,53
1274,51
1243,50
1258,50
1298,52
1353,55
1196,49
1249,50
1312,52
1299,51
1277,50
1248,51
1305,53
1327,53
1309,52
1257,52
1121,47
1300,52
1279,50
1293,49
1291,53
1372,55
1369,54
1229,50
1265,52
1326,53
1284,52
1441,57
1282,51
1344,54
1302,52
1195,49
1372,54
1343,53
1245,51
1435,57
1221,50
1116,47
1190,50
1307,53
1345,55
1185,49
1272,51
1229,50
1356,53
1280,53
1307,53
1344,54
1197,48
1313,52
1376,53
1274,51
1305,53
1416,56
1364,54
1334,54
1412,56
1180,50
1224,50
1351,55
1228,49
1280,53
1285,52
1296,53
1333,55
1309,52
1258,51
1322,54
1356,55
1367,55
1383,54
1381,55
1179,47
1311,53
1243,51
1369,55
1377,55
1278,51
1283,52
1329,53
1250,49
1354,53
1311,52
1272,52
1287,52
1300,52
1348,54
1334,54
1275,51
1313,53
1323,54
1214,47
1272,51
1196,49
1314,53
1331,54
1189,48
1261,52
1307,54
1190,47
1239,50
1250,50
1292,52
1435,57
1352,55
1190,49
1301,53
1194,49
1291,52
1187,49
1255,52
1405,55
1228,51
1289,53
1274,52
1291,52
1393,55
1311,52
1270,52
1294,53
1235,49
1363,54
1376,54
1379,54
1296,54
1403,56
1323,53
1350,54
1392,53
1312,53
1256,49
1335,54
1310,53
1272,51
1289,52
1282,53
1375,55
1366,54
1275,52
1285,51
1290,52
1176,47
1354,54
1368,53
1363,55
1202,49
1369,55
1312,53
1334,53
1300,53
1249,51
1334,54
1296,52
1276,52
1169,47
1225,51
1257,49
1300,54
1299,51
1357,55
1275,52
1272,52
1200,50
1179,50
1342,54
1175,49
1422,56
1300,53
1332,54
1328,53
1267,52
1126,47
1276,51
1203,49
1251,51
1251,50
1182,49
1343,53
1300,51
1273,52
1270,51
1375,55
1284,50
1179,49
1278,51
1272,51
1333,54
1247,51
1246,51
1375,55
1250,49
1290,51
1195,49
1276,52
1296,52
1207,51
1236,51
1273,51
1246,51
1231,50
1132,47
1223,50
1419,57
1267,52
1312,50
1236,51
1322,54
1337,54
1330,54
1339,54
1320,53
1294,53
1312,53
1371,55
1361,54
1261,50
1249,51
1294,52
1344,54
1278,51
1250,52
1209,50
1214,50
1235,50
1258,51
1214,51
1295,53
1386,55
1274,52
1271,51
1309,54
1232,51
1435,57
1256,50
1350,55
1231,51
1380,55
1230,51
1343,54
1225,51
1415,57
1407,55
1352,54
1357,55
1331,55
1225,51
1400,56
1366,55
1377,56
1329,53
1297,54
1290,53
1362,55
1280,51
1262,51
1321,53
1200,51
1346,54
1281,53
1329,52
1392,56
1348,53
1280,52
1369,54
1326,55
1399,56
1254,50
1383,55
1192,51
1290,53
1267,51
1346,54
1253,52
1381,55
1403,56
1232,51
1293,52
1271,51
1217,50
1310,53
1171,49
1160,50
1334,54
1380,56
1344,54
1301,53
1295,54
1380,56
1291,51
1191,49
1346,54
1381,55
1303,53
1366,54
1284,52
1337,54
1361,55
1433,57
1249,50
1406,56
1341,54
1356,55
1323,54
1369,54
1397,56
1413,56
1304,53
1371,56
1333,53
1336,54
1267,53
1353,55
1275,52
1270,52
1222,50
1371,55
1305,52
1218,49
1373,56
1276,52
1399,56
1319,54
1290,52
1323,54
1240,51
1371,55
1314,54
1303,52
1192,51
1245,52
1294,53
1321,54
1272,52
1288,51
1328,54
1198,51
1273,52
1328,55
1338,54
1235,51
1319,53
1351,54
1404,56
1277,52
1248,51
1393,55
1401,56
1251,51
1313,54
1419,57
1185,49
1213,50
1187,51
1279,53
1314,53
1253,51
1417,56
1275,53
1287,53
1281,51
1244,51
1288,54
1292,53
1230,51
1303,53
1309,53
1266,51
1358,54
1284,53
1303,53
1250,51
1343,54
1374,56
1374,55
1317,53
1278,52
1451,58
1242,52
1281,51
1246,51
1239,51
1415,57
1272,52
1355,55
1312,55
1332,54
1338,53
1386,56
1285,52
1187,46
1316,52
1388,56
1448,58
1256,52
1347,55
1379,55
1260,52
1333,53
1180,48
1313,53
1309,53
1301,53
1205,51
1438,57
1345,54
1391,55
1429,57
1429,57
1275,53
1277,52
1316,54
1176,49
1225,51
1365,55
1324,54
1334,54
1367,55
1417,57
1226,50
1415,57
1378,56
1335,54
1251,52
1205,50
1333,53
1285,54
1342,54
1323,54
1429,57
1342,55
1350,56
1387,56
1324,53
1339,54
1195,51
1328,53
1320,54
1309,53
1361,55
1247,52
1281,53
1243,49
1297,52
1342,55
1264,52
1334,54
1385,55
1267,51
1288,53
1370,55
1471,59
1330,53
1316,54
1252,52
1264,51
1397,55
1358,56
1268,52
1444,58
1218,51
1355,56
1293,51
1335,54
1434,57
1330,55
1320,55
1376,56
1311,55
1279,52
1292,53
1354,54
1416,56
1352,55
1330,53
1162,48
1359,54
1305,54
1324,53
1289,53
1314,54
1194,52
1272,52
1302,53
1336,54
1348,53
1258,51
1312,53
1255,52
1254,51
1398,56
1307,53
1299,53
1336,54
1332,54
1406,56
1371,55
1332,54
1344,54
1373,55
1287,52
1341,55
1371,56
1432,58
1341,55
1358,55
1288,52
1253,51
1400,57
1239,51
1264,52
1251,51
1372,54
1314,51
1336,53
1329,54
1367,55
1346,54
1304,54
1292,54
1343,55
1344,53
1357,54
1403,57
1355,56
1409,55
1372,56
1295,53
1344,55
1316,53
1384,57
1295,52
1328,54
1417,58
1317,53
1228,51
1298,52
1421,57
1226,50
1307,53
1438,58
1308,53
1390,56
1299,53
1280,52
1356,56
1375,55
1301,53
1375,55
1298,54
1240,51
1279,53
1391,57
1344,54
1288,53
1375,56
1448,58
1395,57
1307,53
1358,54
1306,54
1335,54
1280,53
1282,52
1144,48
1333,55
1206,51
1293,52
1278,53
1337,56
1368,56
1378,55
1309,54
1313,52
1385,56
1377,56
1434,58
1317,54
1327,53
1374,55
1415,57
1343,54
1376,55
1423,57
1199,49
1355,55
1281,52
1378,56
1413,57
1153,47
1271,52
1329,54
1294,53
1399,57
1274,51
1222,49
1298,54
1309,53
1186,50
1357,54
1314,53
1306,54
1267,53
1408,56
1305,52
1258,50
1358,55
1366,55
1264,50
1400,56
1307,54
1425,58
1174,49
1267,52
1394,55
1438,56
1356,56
1394,55
1386,55
1348,54
1417,57
1386,56
1406,56
1344,55
1308,55
1307,53
1393,55
1352,54
1175,49
1246,50
1408,56
1386,57
1354,55
1352,54
1280,52
1340,54
1287,53
1295,54
1312,53
1272,52
1316,53
1226,50
1337,55
1316,52
1304,54
1291,52
1479,59
1285,53
1344,55
1396,56
1341,55
1332,54
1242,51
1287,53
1317,54
1284,53
1297,53
1234,51
1358,55
1479,58
1341,55
1283,53
1299,53
1419,56
1371,55
1333,54
1328,54
1332,55
1405,57
1241,51
1444,58
1359,55
1312,54
1201,50
1289,52
1341,54
1264,53
1374,56
1365,55
1246,51
1334,54
1414,57
1399,56
1387,56
1359,55
1319,53
1347,55
1316,54
1410,57
1252,51
1384,55
1311,54
1242,52
1368,56
1336,54
1378,56
1404,57
1241,52
1259,51
1319,53
1325,54
1319,55
1340,54
1422,57
1309,53
1392,56
1369,54
1392,56
1232,51
1410,56
1374,56
1330,54
1357,55
1384,55
1232,52
1287,53
1299,52
1270,53
1202,51
1305,54
1310,53
1426,58
1311,54
1273,52
1294,53
1234,52
1375,55
1389,56
1295,52
1338,54
1347,55
1303,54
1351,54
1194,51
1367,54
1335,55
1363,55
1351,55
1281,52
1275,52
1360,55
1232,51
1390,56
1396,55
1225,50
1318,55
1297,54
1386,56
1296,54
1161,49
1261,52
1310,53
1177,51
1258,52
1243,51
1320,52
1419,57
1262,50
1379,56
1252,51
1347,54
1408,56
1322,52
1469,59
1305,51
1426,58
1398,56
1253,52
1418,57
1283,53
1354,55
1348,54
1344,54
1358,55
1298,52
1371,55
1268,53
1382,55
1315,53
1345,55
1350,55
1293,52
1323,54
1276,51
1424,58
1437,58
1309,52
1330,54
1270,51
1305,53
1386,57
1330,53
1356,54
1361,55
1246,50
1306,52
1359,56
1420,56
1366,55
1340,55
1282,52
1423,56
1409,56
1389,57
1386,56
1297,55
1368,56
1283,53
1438,57
1375,56
1415,57
1408,56
1305,52
1424,57
1303,53
1278,52
1437,57
1364,54
1263,51
1331,54
1471,59
1348,53
1427,58
1461,58
1412,57
1426,57
1473,59
1297,53
1343,55
1300,53
1239,52
1408,56
1401,56
1372,53
1387,56
1420,57
1221,51
1320,54
1447,56
1396,56
1405,57
1396,55
1379,56
1387,56
1347,54
1458,58
1434,57
1243,52
1333,54
1390,56
1217,50
1442,58
1332,53
1294,53
1340,54
1296,53
1387,57
1412,57
1329,54
1336,53
1350,54
1335,54
1364,54
1270,52
1377,55
1262,52
1376,56
1358,55
1437,57
1379,56
1345,55
1353,54
1377,54
1372,56
1359,55
1360,54
1383,56
1264,51
1351,55
1231,51
1488,58
1396,54
1401,57
1277,53
1357,53
1408,57
1254,50
1368,56
1334,54
1483,58
1300,52
1332,54
1432,57
1293,53
1246,52
1358,55
1444,57
1306,52
1311,53
1315,54
1334,53
1390,56
1305,53
1356,56
1336,54
1394,56
1290,54
1364,55
1181,49
1311,53
1274,53
1412,56
1324,53
1367,56
1181,49
1351,55
1212,52
1343,55
1456,58
1302,53
1342,54
1350,55
1316,54
1388,57
1390,56
1375,55
1281,51
1295,52
1271,52
1362,55
1371,55
1398,56
1301,51
1315,54
1412,56
1444,57
1288,52
1299,52
1388,55
1326,54
1322,53
1373,55
1340,54
1268,52
1281,51
1426,58
1377,55
1363,54
1396,56
1342,54
1367,55
1419,57
1354,54
1389,57
1292,52
1404,56
1363,54
1311,54
1318,53
1377,54
1425,57
1366,54
1467,59
1370,55
1378,56
1190,49
1345,55
1371,54
1327,52
1373,55
1432,57
1261,50
1396,56
1242,51
1428,57
1451,58
1302,53
1391,56
1373,56
1421,57
1348,56
1409,56
1344,54
1291,53
1287,53
1371,55
1394,55
1290,51
1376,55
1394,57
1383,55
1427,57
1312,54
1351,54
1326,54
1477,59
1376,55
1379,55
1294,51
1254,50
1387,56
1291,53
1389,55
1327,53
1446,58
1313,53
1263,51
1326,51
1283,53
1503,59
1426,57
1384,56
1305,53
1397,56
1391,56
1364,54
1211,50
1246,50
1223,49
1276,52
1355,55
1259,50
1300,53
1445,58
1358,56
1324,53
1435,57
1269,51
1283,52
1253,51
1369,56
1346,55
1286,52
1328,54
1386,56
1389,55
1312,54
1373,54
1341,54
1370,54
1364,55
1296,53
1425,57
1353,55
1368,55
1311,51
1193,51
1326,54
1405,55
1423,57
1357,55
1394,55
1392,56
1267,52
1287,53
1332,54
1380,56
1307,53
1294,53
1398,55
1365,55
1314,53
1327,54
1443,56
1335,53
1409,55
1251,50
1358,55
1367,55
1475,59
1382,55
1367,54
1413,56
1320,54
1364,54
1403,55
1362,56
1277,52
1387,55
1380,55
1340,54
1324,53
1340,54
1410,56
1332,53
1344,54
1329,54
1317,53
1343,54
1351,54
1313,52
1275,53
1332,54
1441,56
1398,55
1430,58
1425,57
1471,59
1429,57
1441,58
1362,56
1418,56
1327,53
1403,56
1291,53
1291,53
1324,53
1378,55
1275,51
1442,58
1318,53
1408,57
1263,51
1388,57
1344,54
1271,53
1475,59
1332,54
1273,50
1305,53
1361,53
1326,54
1402,57
1352,54
1411,56
1367,56
1441,58
1221,50
1248,51
1354,55
1420,55
1365,55
1312,53
1403,55
1336,53
1366,54
1286,53
1371,56
1408,56
1368,54
1427,56
1423,56
1349,53
1355,56
1384,56
1340,54
1394,56
1305,53
1293,52
1393,56
1300,52
1475,59
1444,58
1377,53
1392,56
1443,56
1318,54
1276,52
1343,55
1409,56
1423,57
1266,51
1387,56
1224,51
1364,55
1360,56
1297,52
1367,54
1273,52
1391,56
1409,57
1324,52
1328,54
1435,58
1292,53
1314,53
1366,56
1361,55
1310,53
1374,54
1236,52
1475,58
1473,59
1348,54
1434,57
1455,57
1387,57
1349,53
1408,57
1367,55
1386,55
1337,55
1252,50
1375,55
1439,58
1425,56
1310,51
1317,53
1423,57
1388,56
1306,54
1409,57
1316,54
1395,57
1331,53
1333,53
1472,59
1332,55
1354,54
1350,55
1333,54
1423,57
1376,56
1289,53
1413,56
1382,56
1403,56
1429,58
1290,52
1388,55
1420,56
1370,54
1455,59
1343,54
1358,54
1363,55
1324,54
1311,53
1386,56
1285,53
1218,50
1349,54
1432,57
1351,55
1400,56
1434,58
1373,55
1473,59
1300,53
1427,57
1319,52
1384,55
1367,55
1299,52
1335,53
1399,57
1365,55
1341,54
1376,55
1332,53
1347,55
1294,52
1338,53
1390,56
1353,55
1340,54
1413,57
1357,55
1369,55
1354,55
1360,55
1352,54
1325,52
1301,52
1399,56
1398,56
1348,54
1420,57
1265,53
1422,56
1262,52
1279,52
1270,51
1310,53
1239,51
1391,56
1331,53
1356,54
1369,56
1342,54
1304,52
1420,58
1376,55
1327,54
1316,52
1295,53
1465,59
1371,56
1420,56
1347,55
1457,59
1327,54
1380,55
1366,56
1464,58
1424,57
1367,56
1396,56
1325,54
1403,56
1392,53
1363,56
1262,52
1389,55
1359,54
1275,52
1320,54
1388,56
1175,48
1370,55
1406,56
1312,53
1442,57
1435,58
1265,52
1356,55
1334,55
1382,56
1350,55
1356,55
1368,54
1363,55
1367,56
1402,56
1407,56
1315,53
1412,58
1317,54
1376,55
1474,58
1369,56
1224,50
1346,52
1319,55
1251,52
1351,56
1354,55
1220,51
1422,58
1376,55
1250,52
1360,55
1306,53
1425,57
1371,56
1389,55
1374,56
1202,47
1282,52
1390,56
1347,54
1292,54
1324,54
1364,55
1401,56
1399,56
1415,56
1372,55
1404,55
1362,55
1396,56
1450,58
1295,52
1428,58
1319,53
1303,53
1429,57
1403,57
1367,55
1390,56
1370,56
1460,58
1322,53
1358,55
1437,58
1340,55
1343,55
1253,53
1360,56
1306,53
1374,56
1439,58
1432,55
1340,54
1321,53
1342,53
1348,55
1331,53
1426,56
1378,56
1347,55
1340,52
1318,54
1364,56
1342,53
1352,56
1430,58
1411,57
1270,52
1442,57
1343,54
1393,56
1353,55
1444,58
1369,56
1418,57
1286,53
1411,55
1303,53
1413,57
1315,51
1307,53
1267,52
1382,55
1336,54
1289,53
1292,52
1339,54
1328,53
1365,56
1367,56
1364,54
1329,52
1320,53
1446,57
1371,55
1312,53
1356,54
1314,52
1438,57
1249,52
1324,54
1326,53
1377,55
1421,58
1438,58
1332,54
1318,54
1385,55
1370,56
1365,54
1306,51
1412,57
1245,48
1351,56
1353,55
1416,57
1430,57
1333,54
1237,52
1303,52
1446,58
1365,55
1415,57
1257,51
1264,53
1308,54
1396,56
1394,56
1378,56
1285,53
1291,52
1281,53
1280,52
1292,54
1347,54
1344,54
1308,53
1424,58
1322,52
1350,53
1352,54
1332,55
1403,57
1381,56
1281,54
1475,58
1220,51
1445,58
1327,53
1315,54
1300,54
1394,56
1347,54
1310,54
1374,56
1371,53
1285,53
1366,55
1336,55
1306,55
1455,58
1378,55
1402,57
1313,52
1388,56
1428,56
1344,55
1330,53
1314,52
1374,56
1331,54
1431,56
1239,49
1327,53
1350,54
1353,56
1320,54
1414,56
1335,54
1339,54
1346,55
1358,55
1347,54
1454,58
1345,53
1212,48
1315,53
1279,52
1453,59
1297,54
1375,55
1330,52
1391,56
1239,52
1368,55
1344,54
1369,56
1342,56
1416,56
1356,55
1339,56
1327,54
1352,53
1321,53
1353,55
1286,53
1318,54
1415,57
1382,56
1365,55
1358,55
1405,58
1404,57
1441,57
1293,53
1291,53
1378,55
1288,52
1380,57
1376,56
1375,55
1305,54
1361,55
1328,53
1343,54
1406,56
1363,55
1258,50
1461,58
1272,52
1287,52
1280,52
1238,51
1433,56
1371,55
1324,55
1400,56
1311,54
1439,57
1374,55
1428,58
1266,53
1305,54
1418,56
1301,52
1400,56
1300,52
1293,54
1367,55
1390,57
1281,52
1334,54
1184,49
1352,56
1387,55
1362,54
1338,54
1371,55
1318,54
1331,54
1405,56
1301,52
1449,57
1269,53
1311,54
1446,57
1320,54
1365,56
1426,58
1327,54
1286,53
1426,58
1316,53
1331,54
1326,52
1447,56
1346,55
1300,53
1440,58
1351,55
1263,51
1239,51
1353,54
1342,55
1322,52
1401,57
1376,56
1297,54
1368,55
1298,52
1337,54
1288,53
1394,56
1403,56
1393,57
1404,56
1374,55
1294,53
1352,56
1434,55
1325,53
1337,55
1388,56
1328,54
1399,56
1391,57
1374,54
1324,54
1349,55
1322,54
1451,59
1458,58
1299,53
1294,54
1351,55
1339,54
1192,50
1375,55
1359,56
1404,56
1366,56
1342,55
1352,56
1370,56
1378,56
1375,56
1316,55
1312,54
1409,57
1329,55
1367,54
1384,56
1368,56
1315,54
1378,55
1407,57
1390,57
1471,59
1388,56
1350,55
1457,59
1416,56
1386,55
1423,57
1429,58
1392,56
1393,56
1441,57
1357,54
1324,53
1243,50
1267,51
1405,56
1409,57
1340,54
1282,52
1292,54
1402,56
1331,54
1311,55
1207,49
1249,53
1239,50
1395,56
1383,57
1455,59
1311,54
1378,55
1335,54
1323,54
1384,56
1215,49
1370,56
1428,56
1395,57
1417,58
1327,54
1257,53
1345,54
1368,57
1246,51
1150,50
1352,55
1193,50
1344,56
1428,58
1362,56
1275,52
1328,54
1387,55
1389,57
1362,54
1358,55
1353,55
1331,55
1382,56
1309,53
1312,54
1346,55
1328,55
1431,57
1379,55
1346,53
1340,55
1404,56
1212,51
1210,50
1312,53
1325,55
1403,56
1353,55
1361,54
1267,50
1347,54
1362,54
1329,55
1360,56
1428,58
1391,55
1369,56
1346,56
1290,53
1258,52
1396,57
1446,57
1383,57
1420,58
1383,56
1393,56
1386,56
1377,55
1409,57
1320,53
1300,54
1351,55
1416,57
1189,52
1350,56
1351,54
1416,57
1391,55
1366,57
1314,52
1322,54
1301,54
1301,53
1333,55
1375,55
1418,57
1311,53
1263,51
1360,55
1322,52
1342,56
1403,55
1172,50
1444,58
1231,52
1391,56
1277,51
1342,54
1411,58
1366,55
1354,54
1406,56
1428,58
1320,55
1422,57
1401,56
1406,56
1376,56
1392,57
1385,57
1443,57
1420,57
1368,56
1333,53
1376,56
1308,53
1459,58
1378,56
1456,58
1302,55
1334,55
1373,56
1434,57
1398,56
1292,52
1256,52
1363,56
1208,49
1352,56
1423,58
1320,54
1311,54
1470,58
1373,55
1447,59
1288,52
1339,54
1284,54
1387,56
1370,57
1227,52
1436,58
1387,55
1393,55
1349,55
1383,57
1336,54
1335,54
1382,56
1412,57
1389,56
1228,50
1383,56
1412,58
1428,56
1323,55
1387,57
1469,59
1301,53
1327,53
1333,55
1347,54
1328,55
1304,54
1282,51
1242,51
1367,56
1313,55
1386,56
1351,55
1319,52
1349,55
1342,54
1321,55
1344,55
1382,56
1363,56
1418,57
1282,53
1329,55
1325,53
1393,56
1232,51
1176,49
1375,56
1330,54
1357,56
1390,55
1294,54
1372,56
1390,55
1348,54
1314,56
1362,56
1360,55
1289,52
1389,56
1371,55
1248,52
1370,56
1434,58
1359,56
1401,56
1421,57
1432,58
1336,55
1425,58
1330,56
1356,56
1362,56
1242,53
1321,54
1428,58
1367,55
1370,56
1294,53
1444,58
1284,53
1350,56
1326,55
1439,59
1276,52
1385,57
1434,58
1322,54
1414,57
1388,56
1371,56
1385,57
1332,54
1284,54
1331,55
1328,55
1349,55
1321,55
1361,55
1373,55
1383,56
1382,56
1333,55
1256,51
1344,54
1365,56
1276,51
1356,53
1179,49
1338,55
1417,56
1318,54
1397,57
1391,58
1444,57
1248,52
1373,55
1443,59
1368,55
1405,58
1368,55
1428,58
1375,56
1342,54
1212,48
1264,51
1338,56
1352,56
1358,56
1302,54
1362,56
1347,55
1254,52
1339,53
1415,57
1360,56
1439,59
1438,57
1417,58
1387,57
1344,55
1424,56
1306,53
1339,53
1383,54
1346,55
1292,52
1373,56
1386,57
1337,55
1350,53
1465,57
1358,56
1286,53
1347,56
1288,52
1416,57
1430,58
1453,57
1385,56
1402,57
1342,54
1390,57
1420,58
1323,53
1306,53
1437,57
1416,58
1412,58
1392,56
1344,54
1318,55
1298,54
1379,57
1320,55
1331,54
1271,52
1337,55
1350,55
1393,57
1301,54
1427,57
1285,53
1326,55
1388,57
1365,56
1379,56
1347,55
1317,53
1318,54
1308,53
1309,51
1345,55
1406,57
1328,54
1333,53
1338,55
1404,56
1291,52
1402,57
1367,56
1392,57
1420,57
1323,53
1317,55
1412,56
1453,59
1369,55
1361,55
1320,54
1354,55
1281,53
1340,55
1361,56
1334,55
1205,52
1371,56
1329,55
1251,52
1280,53
1203,51
1336,55
1350,55
1420,57
1302,53
1342,55
1326,55
1252,51
1395,57
1341,53
1425,56
1263,50
1336,55
1356,55
1354,54
1292,53
1408,57
1310,54
1353,56
1366,56
1409,57
1352,53
1235,53
1329,54
1365,55
1382,56
1295,51
1282,51
1287,52
1342,54
1261,52
1379,56
1319,54
1356,56
1349,55
1346,55
1331,54
1368,54
1424,58
1296,54
1338,53
1298,55
1316,53
1385,56
1307,53
1349,54
1423,58
1375,55
1234,51
1240,53
1412,56
1421,57
1439,59
1353,55
1439,59
1340,53
1358,56
1212,50
1250,51
1371,56
1332,55
1295,52
1356,55
1340,53
1403,56
1314,54
1352,55
1276,52
1376,55
1445,59
1353,54
1389,57
1460,59
1380,55
1402,56
1272,53
1345,54
1317,54
1361,55
1328,54
1402,55
1321,53
1385,57
1453,59
1399,56
1419,57
1274,53
1457,59
1330,52
1439,59
1399,56
1417,57
1264,53
1413,57
1343,55
1404,57
1388,57
1405,55
1424,57
1427,58
1216,51
1380,56
1402,57
1418,56
1371,55
1293,54
1339,56
1223,50
1399,57
1284,51
1359,56
1272,53
1307,54
1285,52
1438,58
1407,56
1439,58
1348,54
1437,59
1376,56
1350,55
1203,51
1429,57
1300,53
1318,54
1361,56
1358,55
1414,57
1277,54
1416,57
1384,56
1355,55
1401,57
1286,52
1350,54
1415,57
1382,56
1384,57
1437,59
1417,57
1378,56
1352,53
1323,56
1424,58
1401,57
1348,55
1361,55
1274,52
1408,58
1430,58
1354,55
1337,54
1340,56
1317,53
1391,57
1404,56
1324,55
1355,55
1313,55
1344,54
1364,55
1452,56
1291,54
1307,53
1271,52
1396,57
1356,55
1325,54
1318,55
1282,52
1400,58
1381,56
1349,56
1422,56
1319,55
1375,56
1450,58
1285,53
1305,54
1371,56
1285,54
1308,53
1351,56
1360,56
1349,56
1283,52
1439,59
1320,54
1382,56
1324,54
1386,55
1407,58
1316,55
1366,55
1434,58
1362,56
1452,59
1433,59
1402,56
1372,56
1280,53
1400,56
1357,55
1379,56
1301,54
1427,58
1421,57
1301,53
1373,55
1376,55
1359,56
1224,53
1343,56
1366,57
1388,57
1392,57
1211,52
1279,54
1296,54
1322,54
1335,56
1394,57
1351,56
1402,57
1310,52
1350,55
1367,55
1414,58
1425,56
1297,53
1312,53
1395,57
1390,56
1273,52
1251,52
1426,58
1351,54
1385,56
1350,55
1312,53
1391,57
1237,51
1435,59
1273,53
1390,56
1220,52
1341,56
1360,56
1286,53
1277,53
1450,58
1264,53
1332,55
1394,57
1382,57
1396,57
1330,54
1345,55
1400,57
1448,58
1386,55
1314,54
1375,56
1284,53
1301,52
1307,54
1410,57
1361,54
1387,56
1388,56
1228,50
1338,54
1318,54
1324,54
1316,55
1441,57
1270,54
1312,54
1367,56
1324,54
1366,56
1202,50
1262,52
1388,57
1304,54
1287,53
1357,54
1411,57
1448,58
1323,54
1412,56
1251,53
1392,57
1294,54
1374,56
1439,59
1402,56
1321,54
1404,58
1262,51
1334,53
1333,54
1269,54
1373,56
1356,56
1260,52
1352,56
1319,55
1327,53
1291,53
1292,52
1338,54
1372,56
1361,56
1362,55
1276,53
1406,57
1422,57
1320,54
1378,56
1382,55
1367,55
1356,55
1387,56
1421,58
1316,55
1281,54
1307,54
1346,56
1247,51
1355,56
1343,56
1222,52
1373,57
1388,57
1320,54
1350,56
1403,58
1343,56
1338,56
1404,56
1406,58
1302,53
1350,55
1367,55
1257,52
1416,57
1395,58
1341,55
1358,56
1365,57
1269,53
1382,57
1403,58
1390,57
1403,57
1300,52
1334,54
1244,53
1428,58
1237,51
1313,53
1301,52
1382,56
1401,57
1396,57
1379,56
1344,55
1316,53
1263,53
1348,55
1334,55
1363,55
1429,58
1329,54
1278,53
1385,56
1328,54
1357,55
1311,54
1229,50
1345,55
1410,56
1260,53
1435,59
1356,55
1333,53
1417,57
1346,55
1377,55
1332,56
1342,56
1370,56
1440,58
1368,56
1376,57
1468,58
1414,58
1422,58
1386,57
1352,55
1391,57
1378,56
1416,58
1318,54
1232,51
1329,55
1335,54
1254,51
1335,56
1406,58
1276,51
1315,53
1357,56
1366,56
1409,57
1264,51
1331,56
1443,58
1408,58
1358,55
1232,52
1351,54
1227,53
1375,56
1410,57
1330,55
1380,56
1424,58
1374,56
1307,54
1386,56
1146,48
1414,57
1289,54
1333,55
1404,56
1394,57
1317,54
1371,57
1329,55
1400,57
1435,59
1392,56
1356,56
1258,52
1342,55
1375,57
1358,54
1329,55
1348,55
1412,58
1334,56
1333,53
1340,53
1378,56
1342,56
1321,54
1396,56
1359,55
1388,55
1315,53
1295,53
1317,55
1373,56
1372,55
1287,52
1419,57
1287,53
1205,50
1390,56
1331,56
1319,54
1405,58
1405,57
1418,58
1355,56
1357,55
1418,58
1328,53
1313,52
1322,55
1370,55
1341,55
1331,54
1413,57
1413,56
1358,56
1235,51
1439,59
1360,55
1309,54
1344,55
1267,51
1269,52
1335,55
1378,56
1403,56
1352,54
1399,57
1303,55
1301,54
1435,59
1286,52
1425,58
1354,56
1303,54
1351,56
1382,56
1302,53
1330,55
1388,57
1258,51
1241,51
1353,55
1326,55
1364,55
1307,53
1283,53
1330,54
1317,54
1403,56
1329,53
1378,57
1333,54
1257,52
1265,50
1317,53
1371,57
1361,55
1254,53
1256,51
1356,55
1319,55
1365,56
1429,58
1295,54
1356,54
1335,56
1323,55
1338,54
1368,57
1370,56
1235,53
1381,57
1361,56
1375,56
1396,56
1368,56
1376,56
1276,52
1345,55
1344,54
1368,55
1348,55
1267,51
1398,56
1247,52
1368,56
1257,51
1395,56
1428,57
1363,56
1388,57
1371,55
1352,55
1379,57
1188,51
1459,59
1279,53
1384,57
1296,53
1351,55
1432,58
1389,57
1304,54
1299,53
1387,57
1336,56
1337,54
1271,52
1327,54
1338,56
1378,56
1286,54
1325,54
1408,58
1437,59
1333,54
1326,54
1344,56
1322,55
1360,56
1367,56
1325,55
1359,56
1308,53
1308,54
1345,55
1293,54
1398,57
1418,58
1305,53
1321,54
1409,57
1250,53
1328,54
1232,51
1382,56
1233,52
1390,55
1312,53
1435,59
1377,56
1423,58
1231,51
1351,56
1461,58
1319,55
1449,59
1283,52
1384,56
1406,56
1441,59
1352,55
1385,57
1409,56
1419,57
1433,58
1363,56
1244,52
1404,57
1420,58
1245,51
1312,54
1244,50
1359,56
1345,55
1372,57
1346,55
1273,51
1353,56
1374,55
1319,55
1399,57
1392,56
1241,50
1378,56
1326,54
1389,55
1255,53
1416,56
1383,56
1409,57
1360,55
1270,53
1376,57
1288,53
1279,52
1426,56
1358,57
1353,55
1340,55
1394,58
1379,57
1358,55
1293,52
1424,58
1349,54
1320,54
1351,55
1248,53
1334,56
1156,48
1315,54
1320,54
1329,56
1300,52
1441,59
1289,54
1332,54
1364,56
1363,57
1260,52
1342,56
1313,55
1201,51
1422,58
1406,58
1471,59
1410,57
1353,55
1377,56
1420,58
1303,52
1341,56
1434,58
1335,55
1318,54
1402,57
1331,55
1444,57
1465,59
1379,56
1324,54
1299,53
1303,53
1191,50
1235,50
1349,54
1311,53
1376,56
1389,56
1345,55
1342,54
1423,57
1422,58
1300,52
1337,55
1334,56
1190,50
1403,58
1374,55
1319,54
1308,54
1255,53
1393,56
1432,58
1380,57
1383,56
1318,55
1344,55
1433,59
1267,52
1385,56
1382,57
1306,53
1303,53
1320,55
1315,55
1274,53
1274,51
1420,58
1298,54
1358,55
1412,58
1402,57
1422,56
1364,56
1428,57
1165,49
1385,57
1397,57
1366,55
1420,57
1363,57
1343,56
1332,55
1375,55
1319,55
1355,56
1315,53
1305,54
1352,55
1298,53
1317,53
1291,53
1336,55
1364,56
1367,57
1388,56
1321,55
1395,56
1226,51
1300,54
1318,54
1354,56
1411,57
1320,54
1321,55
1404,56
1339,55
1385,56
1302,54
1341,55
1419,57
1426,58
1414,56
1373,57
1455,59
1320,54
1369,55
1275,54
1333,55
1371,55
1397,57
1399,57
1413,56
1394,56
1216,50
1394,56
1357,56
1315,55
1431,57
1369,56
1399,57
1378,56
1346,55
1294,53
1435,57
1398,56
1388,57
1280,53
1396,57
1229,51
1395,57
1301,53
1276,52
1322,53
1421,58
1400,57
1277,52
1282,53
1340,54
1380,57
1434,58
1378,56
1309,51
1429,57
1291,54
1445,59
1349,55
1249,50
1410,56
1285,54
1344,56
1377,56
1460,58
1361,55
1357,56
1265,52
1322,54
1346,56
1383,57
1413,58
1413,57
1360,56
1347,54
1420,58
1246,52
1359,55
1375,56
1364,56
1406,57
1294,53
1378,56
1340,56
1321,55
1361,56
1319,53
1379,56
1445,59
1365,55
1418,58
1298,54
1378,57
1376,56
1315,53
1387,55
1320,55
1380,56
1347,54
1441,58
1377,55
1351,56
1389,57
1358,55
1234,50
1329,53
1416,57
1263,53
1382,56
1355,54
1278,52
1384,56
1445,59
1373,55
1454,58
1328,54
1324,54
1417,58
1359,56
1384,56
1291,54
1389,56
1359,56
1447,58
1434,58
1334,55
1342,54
1343,55
1304,54
1366,56
1306,55
1267,51
1341,53
1380,57
1380,56
1275,51
1340,56
1370,56
1385,56
1379,56
1384,55
1356,56
1355,55
1307,55
1380,57
1346,56
1324,53
1208,51
1389,57
1361,56
1383,56
1332,56
1381,57
1425,58
1275,54
1430,58
1287,53
1308,54
1286,53
1396,57
1388,57
1408,58
1306,54
1365,56
1466,58
1317,54
1346,55
1305,54
1300,55
1366,54
1383,56
1298,54
1382,57
1381,55
1349,56
1350,56
1473,59
1306,54
1417,58
1356,54
1453,59
1377,56
1416,58
1368,56
1364,55
1302,54
1331,55
1428,58
1346,56
1379,56
1305,54
1453,59
1387,57
1465,59
1359,56
1268,53
1356,55
1407,57
1280,54
1343,54
1241,51
1436,58
1395,57
1342,53
1436,57
1361,56
1415,58
1407,56
1419,58
1383,57
1335,55
1308,54
1371,56
1422,58
1343,55
1378,55
1324,54
1431,58
1330,53
1393,57
1422,58
1383,57
1408,58
1363,56
1318,55
1469,59
1290,54
1301,54
1391,57
1407,56
1348,55
1344,55
1383,57
1426,58
1287,55
1345,55
1444,58
1167,48
1336,56
1382,53
1378,55
1441,56
1335,55
1325,55
1307,55
1359,56
1250,51
1351,55
1384,57
1423,57
1309,55
1434,58
1325,54
1386,57
1397,57
1350,55
1269,53
1196,49
1287,53
1424,58
1345,52
1406,57
1277,54
1408,57
1317,55
1410,57
1333,55
1299,53
1358,54
1311,54
1354,56
1330,53
1346,55
1372,56
1341,54
1266,52
1334,55
1385,56
1342,54
1407,57
1418,56
1368,55
1409,58
1376,57
1414,57
1303,54
1360,56
1311,53
1360,56
1359,56
1269,53
1355,55
1312,55
1406,57
1422,58
1397,57
1382,57
1353,55
1407,57
1425,58
1372,57
1336,53
1308,54
1362,56
1411,57
1359,57
1397,56
1307,54
1342,54
1405,57
1332,54
1391,57
1312,53
1322,53
1428,58
1341,55
1457,58
1294,54
1318,54
1266,52
1420,58
1373,56
1433,58
1343,56
1345,54
1301,52
1325,55
1401,57
1249,53
1267,52
1351,55
1350,56
1339,55
1464,58
1362,56
1292,53
1423,57
1330,55
1231,52
1408,57
1361,54
1233,51
1383,56
1354,55
1358,56
1370,57
1310,53
1394,57
1445,56
1363,57
1340,54
1280,53
1357,56
1403,58
1328,54
1405,57
1265,53
1241,52
1424,58
1364,55
1406,57
1282,52
1369,57
1416,58
1349,55
1295,54
1299,55
1331,55
1410,57
1373,56
1355,55
1341,54
1408,58
1408,58
1386,56
1379,56
1283,54
1346,54
1376,56
1420,59
1373,57
1306,54
1376,58
1381,57
1290,53
1370,55
1393,57
1341,55
1243,51
1347,55
1380,57
1339,55
1404,58
1340,55
1337,55
1259,53
1230,51
1182,50
1435,58
1369,57
1357,54
1328,54
1430,59
1400,57
1287,54
1408,58
1382,58
1271,54
1321,54
1333,56
1395,58
1351,56
1270,52
1350,56
1353,56
1320,54
1290,54
1301,54
1432,59
1433,58
1355,55
1344,55
1307,55
1386,55
1351,55
1277,52
1366,56
1238,53
1450,59
1405,56
1301,55
1399,57
1352,55
1352,55
1388,56
1365,56
1339,54
1280,55
1321,55
1420,59
1405,58
1298,54
1342,56
1319,55
1283,54
1363,56
1281,53
1361,57
1372,56
1373,56
1382,56
1291,52
1460,58
1393,57
1267,54
1382,57
1308,53
1412,57
1405,56
1386,57
1248,52
1391,58
1263,54
1304,54
1335,54
1276,53
1418,57
1256,52
1342,54
1226,52
1252,54
1344,56
1342,57
1271,53
1311,55
1407,58
1374,56
1340,54
1405,56
1428,58
1343,54
1438,57
1397,55
1411,57
1359,57
1416,55
1267,52
1375,57
1331,55
1448,58
1270,53
1323,54
1315,54
1276,52
1422,57
1363,56
1344,56
1437,57
1351,56
1360,55
1357,56
1325,54
1294,54
1390,58
1345,54
1403,57
1361,53
1376,57
1337,56
1303,56
1358,54
1340,55
1448,59
1450,59
1388,55
1356,55
1307,55
1323,55
1367,57
1278,53
1378,57
1333,55
1362,57
1248,51
1421,59
1280,53
1340,55
1405,57
1251,53
1363,56
1359,54
1328,55
1390,56
1283,54
1249,52
1394,57
1398,55
1393,58
1351,55
1379,55
1312,53
1326,55
1301,55
1353,56
1301,53
1277,54
1405,57
1383,55
1284,53
1284,53
1424,57
1384,56
1416,58
1387,57
1266,52
1420,59
1334,53
1147,49
1312,55
1327,53
1320,52
1311,54
1268,52
1388,58
1361,57
1421,57
1401,58
1328,55
1430,57
1333,54
1356,55
1332,55
1365,57
1438,58
1362,57
1390,55
1298,51
1374,56
1309,54
1370,56
1348,55
1371,56
1382,56
1363,57
1310,53
1407,57
1372,54
1305,54
1346,56
1373,56
1306,56
1301,53
1254,52
1373,56
1354,55
1331,56
1392,57
1458,59
1373,57
1360,57
1410,58
1391,56
1344,55
1352,55
1351,56
1369,57
1381,57
1505,60
1369,56
1321,54
1323,54
1382,56
1259,52
1419,56
1362,55
1382,55
1285,54
1361,56
1298,53
1362,55
1364,56
1489,60
1226,52
1332,54
1370,56
1423,57
1252,50
1489,60
1343,55
1238,51
1386,56
1364,56
1267,53
1346,54
1225,52
1320,54
1409,57
1370,56
1254,53
1250,52
1367,55
1355,55
1295,54
1429,57
1307,53
1380,55
1452,59
1308,55
1387,57
1289,53
1386,56
1267,52
1430,58
1368,56
1381,56
1351,55
1346,56
1416,57
1321,55
1440,57
1399,56
1301,53
1275,53
1305,53
1416,56
1305,52
1364,55
1326,55
1352,54
1341,53
1326,55
1357,55
1374,57
1438,58
1452,59
1169,49
1420,57
1331,52
1377,57
1367,55
1201,50
1367,56
1278,52
1374,56
1331,55
1276,52
1262,54
1383,56
1275,51
1400,57
1280,53
1373,56
1370,55
1312,53
1291,54
1351,55
1346,55
1381,55
1351,56
1345,54
1428,57
1345,54
1298,53
1247,51
1289,52
1397,56
1417,57
1385,57
1290,53
1209,50
1333,54
1319,55
1366,54
1327,55
1217,49
1426,58
1429,59
1415,58
1351,55
1338,55
1294,54
1297,54
1414,55
1393,56
1404,57
1333,54
1288,52
1291,53
1378,56
1326,54
1329,54
1509,60
1447,59
1319,54
1266,53
1308,55
1362,56
1323,54
1346,56
1317,54
1362,56
1426,58
1180,50
1324,56
1377,55
1257,51
1302,54
1391,57
1225,51
1411,56
1321,54
1400,57
1282,53
1235,51
1345,55
1373,56
1338,54
1424,57
1300,53
1434,57
1395,56
1257,50
1396,56
1468,59
1282,53
1370,55
1391,56
1269,53
1381,56
1366,54
1403,57
1363,55
1282,51
1310,54
1238,52
1348,55
1315,54
1387,55
1448,59
1397,56
1292,54
1375,57
1324,54
1417,56
1400,56
1392,55
1314,52
1341,55
1301,54
1346,54
1267,52
1359,55
1221,51
1301,53
1237,51
1235,51
1274,52
1289,54
1412,57
1365,55
1361,55
1376,57
1383,56
1279,53
1284,53
1430,56
1340,55
1303,53
1373,56
1313,54
1331,55
1422,57
1441,57
1281,54
1300,53
1450,59
1334,54
1451,57
1349,56
1361,56
1317,55
1326,55
1316,54
1395,56
1420,57
1359,56
1338,54
1387,56
1417,57
1447,56
1283,52
1286,53
1426,58
1377,55
1380,55
1357,55
1437,57
1328,54
1507,60
1265,53
1202,51
1323,54
1230,51
1344,54
1310,54
1225,51
1276,52
1308,52
1401,56
1309,54
1359,55
1347,54
1404,57
1387,56
1392,57
1317,53
1277,52
1329,53
1383,55
1335,54
1303,52
1261,53
1369,56
1348,54
1357,55
1391,56
1162,49
1337,54
1381,54
1284,51
1305,54
1307,54
1198,49
1419,57
1226,47
1392,56
1412,57
1232,52
1338,55
1374,56
1333,54
1457,58
1249,51
1459,58
1338,53
1337,54
1294,54
1341,54
1428,58
1322,54
1388,57
1354,55
1332,56
1328,53
1381,56
1437,58
1287,52
1271,52
1277,53
1463,59
1381,55
1199,49
1288,53
1326,55
1412,58
1452,59
1374,57
1464,59
1283,52
1402,57
1380,57
1283,51
1265,53
1421,58
1307,52
1427,56
1256,52
1224,52
1329,53
1336,55
1368,56
1389,56
1332,55
1445,59
1453,58
1243,51
1336,54
1390,54
1348,54
1384,54
1238,52
1321,55
1420,57
1249,52
1323,54
1357,56
1366,55
1448,59
1237,52
1299,53
1302,53
1271,53
1262,53
1244,50
1324,54
1400,56
1376,55
1364,56
1319,55
1242,52
1237,52
1333,53
1411,57
1339,55
1370,56
1163,50
1367,56
1488,59
1392,57
1302,54
1249,50
1419,58
1281,53
1206,51
1258,53
1414,57
1382,55
1428,57
1370,56
1374,55
1301,53
1289,53
1419,55
1304,54
1244,53
1298,54
1344,55
1273,51
1364,55
1244,51
1447,59
1371,56
1388,57
1366,55
1352,55
1264,52
1416,58
1376,56
1296,54
1393,55
1392,56
1420,58
1393,56
1363,55
1280,54
1376,55
1489,60
1274,53
1300,55
1230,53
1411,58
1298,52
1270,53
1314,55
1255,52
1349,55
1322,55
1286,54
1326,54
1472,58
1355,56
1263,53
1338,55
1294,54
1307,53
1195,49
1430,58
1373,56
1293,53
1218,51
1365,57
1336,55
1426,58
1320,55
1328,54
1374,57
1224,52
1374,56
1391,56
1246,52
1153,49
1337,54
1469,59
1398,57
1335,54
1380,55
1355,56
1310,55
1313,55
1277,51
1373,55
1308,54
1403,57
1291,55
1368,56
1348,54
1309,54
1388,56
1340,55
1260,53
1257,53
1354,54
1395,57
1411,58
1379,57
1359,56
1465,58
1315,55
1209,50
1462,59
1391,57
1395,55
1268,53
1290,52
1269,51
1246,53
1274,54
1353,56
1317,54
1335,55
1396,56
1329,53
1473,59
1348,56
1298,53
1231,51
1379,57
1285,53
1416,57
1402,57
1373,57
1243,53
1322,55
1341,55
1425,56
1264,53
1297,55
1233,53
1274,54
1287,55
1345,55
1316,54
1344,56
1422,58
1483,60
1381,56
1223,49
1302,53
1355,56
1407,57
1226,51
1363,55
1367,54
1349,55
1447,58
1306,54
1406,56
1335,55
1355,55
1283,53
1478,59
1333,55
1458,59
1348,56
1356,56
1381,56
1385,56
1430,58
1279,52
1275,52
1321,52
1374,55
1350,55
1360,55
1221,50
1403,56
1416,58
1443,58
1388,57
1395,56
1411,57
1336,54
1344,55
1401,56
1421,57
1404,56
1339,55
1180,51
1372,55
1382,55
1473,59
1403,57
1279,54
1340,55
1360,55
1436,58
1367,54
1342,54
1295,52
1252,53
1327,55
1344,55
1193,51
1348,55
1340,55
1390,56
1446,59
1227,50
1370,56
1307,55
1233,52
1282,53
1307,54
1319,54
1365,56
1449,58
1355,56
1405,57
1329,54
1312,54
1485,59
1463,59
1339,54
1436,58
1263,54
1348,55
1233,50
1280,54
1240,52
1390,57
1273,53
1313,54
1345,56
1454,59
1325,55
1304,54
1304,53
1373,57
1390,56
1321,55
1346,55
1371,57
1368,55
1361,55
1252,52
1377,56
1358,56
1385,57
1485,59
1421,57
1416,56
1273,51
1324,55
1258,53
1487,59
1320,54
1353,56
1242,51
1388,55
1375,56
1409,57
1327,53
1245,52
1341,55
1404,56
1418,57
1358,56
1227,51
1461,59
1350,56
1229,50
1284,53
1314,54
1289,52
1322,54
1366,56
1395,56
1342,54
1447,57
1368,56
1458,58
1335,55
1283,55
1359,57
1375,57
1313,54
1218,50
1277,55
1472,59
1372,56
1319,53
1299,53
1305,54
1390,55
1381,56
1291,53
1344,54
1254,51
1384,57
1332,53
1420,58
1365,56
1378,56
1459,59
1339,55
1367,57
1426,58
1368,55
1384,56
1332,53
1345,56
1258,53
1404,58
1418,57
1289,53
1444,58
1416,58
1376,55
1303,55
1322,55
1366,54
1314,54
1361,56
1300,54
1380,55
1347,55
1335,54
1214,50
1333,56
1307,53
1354,56
1348,54
1272,53
1387,54
1368,56
1398,57
1428,58
1294,54
1301,53
1344,55
1320,54
1387,55
1282,54
1383,57
1282,53
1386,56
1486,59
1347,55
1346,54
1351,54
1318,54
1342,56
1385,55
1363,55
1340,54
1377,57
1302,53
1271,54
1212,49
1415,57
1428,57
1333,55
1398,55
1339,55
1393,55
1431,57
1414,56
1427,58
1329,54
1418,57
1353,55
1456,57
1304,55
1237,52
1315,54
1393,56
1432,56
1356,55
1364,54
1281,52
1285,53
1461,59
1375,55
1367,56
1487,60
1345,55
1353,54
1427,57
1456,58
1310,52
1476,59
1286,53
1322,53
1327,54
1381,56
1301,55
1284,55
1437,57
1245,52
1371,57
1297,55
1321,54
1331,56
1431,57
1369,55
1339,54
1360,55
1370,56
1373,56
1331,54
1325,55
1390,57
1462,59
1374,56
1429,57
1292,53
1242,52
1342,54
1311,54
1426,57
1241,52
1368,56
1341,56
1403,58
1372,55
1371,56
1386,56
1293,53
1319,54
1280,53
1428,57
1330,54
1290,54
1260,51
1466,59
1365,56
1488,59
1247,52
1309,52
1349,53
1356,55
1339,54
1386,56
1301,54
1429,57
1380,56
1284,52
1317,54
1337,55
1349,55
1414,57
1335,55
1328,54
1213,49
1375,55
1334,56
1382,57
1370,55
1362,55
1324,54
1405,57
1441,58
1260,53
1352,56
1378,55
1396,56
1285,53
1473,58
1423,58
1344,56
1321,54
1400,56
1325,54
1392,56
1404,56
1396,56
1414,58
1367,55
1326,55
1450,59
1329,53
1203,51
1337,55
1340,55
1319,54
1352,54
1273,51
1378,55
1299,52
1323,55
1322,53
1294,53
1316,55
1422,57
1336,54
1310,53
1277,53
1450,58
1247,51
1274,52
1460,58
1388,56
1220,50
1248,51
1246,49
1399,57
1325,53
1404,58
1329,54
1336,54
1392,56
1424,56
1394,55
1421,58
1341,56
1408,56
1352,55
1254,53
1410,57
1430,58
1333,56
1331,53
1377,54
1407,57
1288,53
1393,56
1382,56
1342,55
1314,55
1314,54
1297,54
1309,54
1415,58
1381,56
1266,52
1377,57
1427,57
1374,56
1348,56
1324,55
1403,56
1406,55
1302,54
1305,53
1160,48
1405,56
1423,58
1311,53
1379,55
1413,56
1339,55
1287,53
1411,57
1278,53
1354,55
1421,58
1483,59
1351,55
1364,56
1348,56
1317,54
1291,54
1350,54
1415,57
1460,59
1232,50
1427,58
1346,56
1464,59
1333,54
1465,59
1397,56
1373,57
1338,55
1288,53
1451,57
1325,55
1314,54
1365,55
1409,57
1417,58
1305,54
1295,55
1437,58
1381,57
1241,51
1424,58
1358,57
1380,56
1328,54
1410,57
1380,56
1395,57
1298,53
1342,55
1215,51
1276,51
1332,55
1401,57
1376,56
1388,55
1383,56
1324,56
1380,56
1357,55
1257,53
1397,55
1368,55
1315,52
1383,56
1398,58
1263,53
1335,54
1388,56
1253,52
1324,55
1260,51
1326,55
1332,54
1458,58
1291,55
1199,49
1472,58
1389,56
1313,54
1353,56
1236,51
1378,56
1424,57
1495,60
1285,52
1376,54
1344,54
1382,56
1360,55
1462,58
1378,56
1316,54
1335,54
1251,51
1391,56
1354,56
1334,55
1337,54
1345,55
1462,58
1362,56
1329,55
1310,53
1339,55
1322,55
1330,55
1337,56
1414,58
1378,57
1373,57
1444,58
1401,58
1359,56
1358,54
1428,59
1386,57
1402,56
1438,58
1372,56
1437,58
1342,56
1367,55
1347,56
1255,52
1317,54
1384,56
1379,54
1309,55
1376,56
1308,54
1424,57
1300,52
1375,56
1332,53
1377,56
1214,50
1311,54
1282,53
1260,54
1408,56
1190,51
1276,53
1361,56
1268,53
1258,52
1389,55
1431,57
1435,58
1372,55
1397,56
1346,55
1392,56
1290,53
1282,52
1315,55
1328,55
1393,56
1355,56
1372,56
1342,56
1431,56
1386,56
1354,55
1383,56
1351,56
1348,56
1319,54
1444,59
1313,54
1254,52
1224,51
1368,56
1285,53
1438,58
1429,58
1430,58
1308,53
1342,55
1280,54
1340,55
1433,57
1408,57
1267,52
1391,56
1285,52
1394,57
1369,56
1364,56
1352,55
1312,55
1289,54
1517,60
1355,55
1380,56
1351,55
1278,54
1355,56
1263,52
1233,52
1339,56
1453,59
1304,53
1360,55
1370,55
1387,56
1325,55
1303,54
1326,54
1452,58
1421,57
1456,59
1434,58
1389,56
1356,56
1418,57
1472,59
1408,57
1365,55
1361,56
1403,57
1261,52
1320,55
1470,59
1553,60
1406,56
1364,55
1441,56
1408,55
1446,57
1311,54
1421,58
1421,57
1446,58
1412,58
1370,55
1367,56
1370,56
1393,56
1253,52
1433,58
1320,54
1396,57
1358,55
1295,54
1273,52
1353,54
1369,56
1296,53
1355,55
1473,59
1341,54
1384,56
1438,58
1272,54
1305,54
1317,54
1327,54
1241,52
1450,58
1356,55
1312,55
1278,53
1241,51
1244,53
1347,53
1271,51
1361,55
1418,57
1356,55
1434,57
1301,53
1485,60
1431,58
1378,56
1417,57
1398,56
1409,57
1456,58
1327,54
1299,54
1360,54
1422,58
1335,54
1294,53
1469,59
1308,54
1388,56
1462,59
1461,58
1438,58
1369,55
1355,55
1358,55
1298,54
1383,56
1411,57
1320,53
1515,60
1283,52
1276,53
1168,50
1457,59
1273,53
1369,55
1320,54
1428,58
1221,50
1220,50
1255,52
1367,56
1374,55
1325,54
1350,55
1263,52
1323,54
1402,56
1370,56
1403,55
1331,56
1357,55
1338,55
1384,57
1293,53
1340,53
1361,55
1326,55
1255,51
1324,54
1319,55
1339,54
1390,57
1265,51
1446,58
1501,60
1352,55
1387,57
1400,57
1356,54
1428,58
1337,55
1367,55
1312,53
1317,54
1374,56
1255,52
1381,56
1380,57
1383,57
1264,52
1336,56
1503,59
1379,56
1255,51
1306,53
1441,58
1277,52
1405,57
1335,55
1313,54
1317,54
1372,55
1293,53
1377,56
1450,58
1325,54
1411,58
1380,57
1349,56
1332,54
1397,56
1313,54
1355,54
1499,59
1438,58
1328,54
1286,54
1437,58
1179,48
1382,57
1395,55
1406,57
1263,52
1293,53
1373,56
1343,55
1299,54
1248,52
1284,52
1421,57
1382,57
1253,52
1425,58
1341,55
1332,55
1455,58
1400,57
1385,57
1360,57
1428,58
1483,60
1336,55
1302,53
1323,53
1365,55
1232,52
1375,55
1323,55
1350,55
1375,55
1369,55
1421,58
1260,54
1332,55
1305,55
1376,55
1274,50
1302,54
1381,57
1321,54
1342,56
1283,53
1283,52
1325,55
1374,56
1420,57
1220,52
1387,54
1366,55
1217,51
1352,54
1287,54
1312,54
1471,59
1402,56
1371,55
1425,56
1388,57
1409,57
1337,55
1393,55
1434,58
1277,51
1313,54
1511,60
1405,55
1355,55
1395,56
1336,55
1390,56
1462,58
1224,51
1367,56
1345,56
1378,55
1230,52
1341,55
1463,59
1410,58
1351,56
1409,57
1374,55
1383,55
1350,56
1383,56
1426,57
1426,58
1322,55
1337,55
1446,59
1278,54
1282,53
1413,57
1321,54
1273,52
1305,55
1353,55
1355,54
1292,53
1366,53
1270,53
1304,54
1341,54
1394,57
1290,54
1322,54
1276,53
1437,58
1305,54
1366,56
1222,52
1464,59
1432,56
1433,57
1437,58
1317,54
1413,57
1351,56
1371,56
1317,55
1332,55
1460,59
1323,55
1249,50
1391,57
1336,55
1397,58
1297,54
1331,54
1462,57
1391,57
1421,57
1384,56
1371,55
1357,55
1329,55
1338,55
1394,56
1420,58
1388,55
1356,56
1387,57
1414,56
1261,52
1448,59
1252,53
1332,53
1380,56
1398,57
1470,59
1466,59
1386,57
1321,53
1303,54
1413,58
1313,55
1404,56
1342,56
1349,55
1356,54
1339,55
1180,49
1361,56
1322,54
1367,55
1353,55
1409,56
1353,55
1294,53
1221,51
1462,59
1314,53
1272,53
1323,54
1338,54
1410,58
1411,58
1418,56
1445,59
1371,54
1388,56
1355,56
1416,56
1340,54
1381,57
1378,56
1399,57
1382,56
1342,55
1402,57
1337,56
1248,52
1456,59
1388,56
1311,53
1343,56
1245,53
1300,53
1483,60
1380,54
1411,58
1449,57
1302,54
1298,54
1347,56
1500,59
1448,58
1333,54
1330,54
1388,56
1321,55
1315,55
1468,59
1418,58
1300,54
1318,56
1397,56
1320,54
1332,55
1393,56
1318,54
1398,57
1388,56
1377,54
1375,54
1258,52
1462,58
1390,56
1362,55
1398,57
1384,55
1462,59
1311,54
1371,55
1356,53
1314,55
1202,51
1414,58
1275,53
1390,56
1282,52
1320,54
1312,55
1410,56
1414,57
1235,53
1374,56
1315,54
1251,52
1412,56
1287,53
1352,55
1394,57
1359,55
1435,57
1254,52
1378,55
1281,53
1267,53
1423,57
1383,56
1452,58
1295,54
1384,56
1411,58
1329,55
1363,56
1404,57
1397,57
1299,53
1311,54
1317,53
1405,57
1340,56
1356,55
1335,55
1475,58
1285,54
1226,52
1310,52
1469,59
1305,54
1259,53
1422,57
1359,56
1366,57
1384,56
1305,53
1314,53
1322,54
1445,57
1377,55
1465,58
1413,56
1385,55
1353,56
1265,52
1292,53
1398,56
1350,54
1316,53
1286,52
1404,57
1388,55
1363,56
1393,57
1394,57
1290,53
1421,58
1314,54
1310,54
1313,54
1420,57
1220,51
1341,54
1401,57
1324,53
1292,54
1280,52
1402,57
1410,57
1324,53
1456,57
1404,57
1411,57
1282,53
1383,56
1291,55
1231,51
1373,56
1416,55
1391,56
1356,55
1368,56
1429,57
1396,57
1332,54
1389,57
1448,58
1476,59
1286,52
1429,58
1381,56
1331,54
1440,58
1247,52
1214,51
1354,55
1314,55
1305,54
1449,58
1374,56
1372,56
1347,55
1390,56
1310,52
1306,55
1286,54
1387,57
1352,56
1359,56
1379,56
1316,55
1311,53
1302,52
1314,55
1394,57
1352,55
1383,56
1360,56
1370,57
1328,53
1444,58
1447,58
1353,55
1297,54
1402,57
1503,59
1339,55
1383,56
1415,56
1441,58
1392,56
1301,54
1379,56
1406,57
1331,54
1309,53
1404,57
1299,53
1461,59
1336,55
1388,56
1312,55
1400,56
1335,55
1275,54
1414,57
1360,55
1436,58
1278,52
1331,55
1396,56
1318,53
1362,56
1402,58
1377,57
1420,57
1329,55
1258,53
1388,57
1307,54
1400,56
1317,53
1372,57
1401,57
1388,56
1389,56
1284,53
1266,52
1359,55
1367,53
1228,50
1352,55
1346,55
1366,55
1408,57
1433,57
1258,51
1479,60
1303,55
1249,52
1297,54
1296,52
1296,54
1237,52
1305,54
1367,55
1348,55
1324,55
1387,56
1392,57
1332,55
1432,58
1485,60
1350,55
1247,52
1427,57
1403,57
1272,53
1366,54
1420,58
1375,57
1204,51
1401,57
1413,57
1442,58
1356,56
1392,57
1293,54
1386,56
1358,55
1289,53
1366,54
1322,54
1347,55
1383,57
1295,54
1337,54
1487,60
1315,54
1299,53
1460,59
1359,56
1246,50
1296,52
1373,56
1348,55
1387,57
1243,53
1328,54
1273,52
1395,57
1401,55
1360,55
1301,53
1411,57
1231,53
1343,56
1328,55
1384,57
1444,58
1422,57
1389,56
1399,57
1411,58
1335,53
1455,58
1267,53
1259,51
1401,57
1393,57
1178,50
1324,55
1379,57
1404,57
1185,51
1351,55
1311,55
1460,59
1423,58
1422,57
1303,54
1369,56
1432,57
1432,58
1266,53
1360,54
1298,54
1287,53
1259,50
1251,52
1297,54
1252,53
1309,53
1413,57
1372,55
1407,57
1373,57
1367,56
1431,58
1288,54
1313,55
1446,58
1420,58
1312,51
1263,53
1459,58
1202,50
1391,57
1329,52
1359,55
1354,55
1370,56
1466,58
1397,57
1329,54
1395,57
1387,57
1359,55
1390,57
1235,52
1244,52
1277,52
1401,56
1407,57
1432,58
1418,56
1235,52
1462,59
1415,57
1321,55
1440,57
1246,52
1234,51
1329,55
1361,56
1199,50
1337,56
1306,52
1232,51
1353,55
1286,53
1330,54
1454,59
1407,57
1280,52
1224,51
1380,57
1370,55
1449,57
1465,59
1355,56
1332,54
1373,56
1382,56
1337,54
1411,57
1291,54
1376,56
1407,57
1180,51
1313,53
1386,57
1386,56
1264,53
1324,55
1236,52
1235,50
1343,53
1205,50
1339,55
1371,55
1339,54
1455,59
1318,54
1311,54
1327,55
1361,55
1475,59
1254,54
1330,54
1404,57
1460,59
1352,56
1309,54
1487,60
1272,51
1319,54
1294,54
1333,54
1364,57
1422,58
1398,56
1132,49
1497,60
1342,55
1328,55
1308,55
1318,55
1288,54
1315,55
1360,56
1344,55
1288,53
1409,56
1385,55
1278,53
1271,53
1319,55
1382,55
1373,56
1251,52
1373,56
1331,55
1297,54
1370,56
1352,56
1339,55
1452,59
1374,57
1359,56
1468,59
1322,55
1436,56
1364,57
1308,54
1406,58
1267,53
1392,57
1328,55
1240,52
1336,54
1370,55
1336,55
1408,57
1244,50
1422,58
1245,52
1419,57
1365,55
1387,56
1286,54
1387,56
1384,57
1367,56
1317,54
1285,53
1331,56
1209,50
1405,55
1397,56
1461,58
1344,55
1298,55
1342,55
1269,53
1317,54
1368,56
1218,50
1410,57
1369,56
1275,51
1427,58
1402,57
1380,56
1232,52
1262,52
1362,55
1371,56
1445,58
1426,57
1454,59
1458,59
1368,55
1361,56
1365,55
1424,58
1376,55
1339,56
1326,56
1450,58
1390,55
1291,53
1458,59
1357,56
1354,54
1281,53
1380,57
1388,57
1388,56
1358,54
1338,54
1342,54
1400,56
1247,52
1378,57
1326,55
1356,55
1307,54
1433,56
1359,54
1326,55
1442,56
1302,51
1406,56
1333,55
1459,58
1286,52
1348,55
1402,56
1468,59
1280,54
1358,56
1465,59
1401,56
1340,55
1438,58
1281,53
1427,57
1327,53
1420,57
1439,57
1369,57
1242,52
1185,51
1311,55
1322,54
1355,56
1331,56
1212,52
1346,54
1286,55
1339,55
1410,59
1394,56
1294,54
1273,53
1398,57
1279,52
1346,55
1273,53
1375,56
1388,56
1138,47
1386,57
1290,54
1495,60
1388,57
1333,55
1388,57
1402,57
1350,55
1416,58
1410,57
1386,57
1278,51
1420,58
1359,53
1320,53
1284,53
1488,59
1372,56
1316,55
1269,51
1495,60
1306,54
1294,54
1367,56
1260,52
1327,55
1444,56
1229,52
1424,58
1328,55
1375,56
1398,58
1358,56
1396,57
1293,53
1260,52
1252,52
1261,52
1325,55
1425,57
1495,60
1322,56
1318,53
1304,53
1280,53
1465,58
1314,54
1396,57
1386,56
1416,57
1300,54
1353,56
1194,49
1352,56
1339,54
1408,58
1432,58
1408,56
1259,53
1276,52
1357,54
1259,52
1378,56
1321,55
1445,58
1451,59
1429,58
1417,58
1344,54
1385,55
1278,53
1460,59
1459,59
1231,52
1367,56
1352,55
1401,57
1393,57
1407,58
1347,56
1306,55
1312,55
1469,59
1292,54
1440,59
1266,52
1335,56
1334,53
1393,57
1281,52
1390,56
1440,58
1372,55
1368,54
1323,54
1258,53
1293,55
1287,54
1368,55
1290,53
1336,55
1368,56
1359,56
1361,55
1291,53
1350,56
1411,57
1284,53
1359,57
1331,53
1333,55
1341,55
1322,53
1378,56
1365,55
1341,56
1328,54
1358,55
1327,54
1293,55
1393,55
1333,54
1412,57
1299,53
1458,59
1374,56
1341,56
1385,57
1331,54
1315,56
1278,53
1358,55
1466,59
1358,56
1365,56
1321,55
1381,57
1422,57
1381,56
1448,57
1337,55
1347,55
1463,58
1316,52
1377,55
1344,56
1226,52
1385,55
1430,57
1338,55
1282,53
1321,54
1417,58
1331,55
1438,59
1365,56
1345,55
1349,56
1335,55
1380,57
1399,57
1348,54
1277,52
1418,58
1312,54
1311,54
1394,56
1338,53
1279,54
1265,52
1253,51
1343,55
1421,57
1386,56
1408,57
1424,56
1469,59
1446,59
1358,56
1290,52
1375,56
1276,52
1352,54
1396,56
1441,59
1307,54
1329,55
1339,55
1336,55
1312,54
1452,58
1299,52
1318,53
1367,56
1434,58
1346,56
1372,57
1440,57
1374,56
1268,51
1291,52
1299,53
1343,54
1385,57
1396,57
1349,54
1284,54
1439,57
1376,54
1454,58
1265,51
1346,56
1337,54
1442,59
1431,58
1277,53
1394,56
1302,54
1262,51
1328,55
1325,54
1364,56
1196,50
1366,56
1308,52
1294,53
1307,54
1392,56
1309,55
1356,56
1372,55
1231,50
1332,54
1387,57
1385,56
1456,58
1367,57
1370,56
1323,54
1401,57
1329,54
1275,54
1442,58
1462,57
1386,57
1410,57
1327,54
1370,55
1286,54
1324,54
1358,55
1310,54
1288,53
1188,51
1299,55
1248,53
1443,57
1392,55
1385,57
1422,56
1352,56
1289,54
1375,55
1340,55
1346,55
1280,53
1377,54
1383,55
1387,56
1381,55
1434,56
1155,49
1350,55
1386,55
1293,53
1466,58
1445,59
1273,53
1316,53
1348,55
1322,55
1240,50
1309,54
1339,56
1291,54
1332,52
1340,55
1244,52
1310,54
1166,49
1301,52
1400,56
1360,55
1396,56
1349,55
1273,51
1389,57
1292,54
1315,55
1332,56
1377,56
1350,55
1326,54
1350,55
1351,56
1345,56
1332,55
1346,55
1305,52
1401,57
1322,55
1415,58
1266,53
1316,55
1403,56
1355,56
1264,53
1277,51
1328,53
1366,55
1209,51
1303,53
1255,52
1338,55
1335,56
1351,54
1428,58
1256,53
1389,56
1253,53
1308,53
1430,57
1505,60
1342,55
1322,54
1344,56
1343,55
1268,53
1262,53
1285,53
1365,55
1303,54
1366,56
1332,56
1287,53
1252,52
1349,56
1260,52
1439,58
1283,53
1390,56
1294,53
1408,56
1450,59
1408,58
1401,56
1377,57
1349,56
1417,57
1399,57
1434,58
1277,52
1433,58
1402,58
1299,54
1324,54
1321,54
1308,54
1309,54
1454,57
1413,57
1318,54
1260,52
1384,57
1344,55
1266,52
1453,59
1261,52
1373,54
1280,52
1420,56
1206,50
1322,54
1401,58
1470,59
1318,55
1310,53
1319,55
1382,56
1365,55
1350,56
1292,53
1284,54
1409,57
1328,55
1282,53
1360,55
1363,56
1344,54
1416,58
1427,56
1279,55
1312,55
1307,54
1366,57
1388,56
1444,58
1414,57
1298,54
1419,58
1466,59
1356,55
1451,58
1332,54
1394,56
1446,59
1317,54
1379,56
1316,54
1375,56
1197,50
1350,56
1288,55
1283,53
1380,55
1295,53
1416,57
1364,55
1365,56
1370,57
1345,56
1264,52
1427,57
1351,54
1284,54
1277,53
1372,55
1384,56
1157,50
1325,55
1283,54
1286,53
1315,54
1331,54
1402,57
1388,56
1238,51
1325,55
1329,54
1422,57
1320,56
1380,56
1373,56
1260,52
1417,58
1375,57
1265,53
1390,57
1293,54
1329,55
1306,53
1332,55
1389,57
1440,58
1392,57
1340,53
1442,59
1448,58
1296,53
1327,55
1435,56
1328,55
1362,56
1491,59
1380,55
1428,58
1383,57
1398,56
1424,56
1333,53
1489,59
1377,55
1220,51
1318,55
1268,54
1284,53
1355,56
1396,57
1333,54
1222,52
1368,57
1288,54
1377,56
1314,54
1343,55
1316,55
1347,55
1441,57
1262,52
1247,52
1352,56
1400,57
1282,53
1413,57
1372,55
1460,59
1337,55
1420,57
1253,53
1391,57
1424,57
1412,58
1281,52
1320,55
1329,53
1348,55
1282,54
1322,55
1326,55
1470,59
1305,53
1319,53
1293,54
1230,51
1368,57
1382,56
1407,57
1382,55
1354,55
1342,55
1437,58
1401,57
1351,54
1349,55
1329,55
1347,56
1325,55
1426,57
1377,56
1272,52
1313,55
1310,54
1343,55
1318,53
1333,55
1256,51
1378,56
1312,55
1279,52
1400,57
1359,56
1330,54
1198,52
1293,54
1238,52
1389,55
1335,55
1358,54
1391,55
1242,51
1369,56
1418,58
1360,56
1355,55
1308,54
1268,53
1206,48
1278,53
1393,55
1410,56
1360,55
1357,55
1315,54
1363,56
1420,57
1425,58
1376,57
1415,57
1397,57
1429,57
1415,57
1312,54
1359,56
1306,53
1388,57
1268,53
1380,56
1345,53
1435,58
1331,55
1339,53
1165,50
1311,54
1304,54
1269,53
1221,52
1400,56
1316,55
1357,56
1397,57
1423,58
1350,56
1321,54
1266,54
1414,57
1393,57
1406,57
1326,54
1355,55
1383,57
1324,55
1288,53
1252,52
1450,58
1403,56
1378,57
1405,56
1539,60
1308,54
1393,57
1388,56
1323,55
1208,50
1358,55
1291,53
1342,55
1416,57
1414,57
1495,60
1371,55
1347,56
1434,58
1394,56
1357,56
1478,59
1075,47
1332,55
1329,54
1408,57
1440,59
1313,54
1354,55
1474,59
1331,55
1370,55
1430,58
1199,51
1369,56
1301,54
1235,53
1325,55
1362,56
1375,57
1264,52
1327,55
1474,59
1347,55
1449,58
1273,53
1437,58
1349,54
1350,55
1427,58
1316,55
1286,52
1206,49
1340,55
1347,55
1351,56
1363,56
1353,55
1325,55
1344,56
1321,55
1444,58
1246,53
1340,55
1428,58
1349,56
1324,55
1192,51
1177,52
1381,55
1359,55
1354,54
1359,55
1361,56
1404,58
1402,57
1437,57
1371,56
1336,56
1341,54
1378,56
1262,51
1449,58
1336,56
1291,54
1329,56
1279,52
1213,51
1278,53
1369,56
1295,54
1272,53
1248,52
1400,54
1341,55
1281,53
1404,56
1343,54
1439,58
1391,57
1306,52
1294,55
1344,55
1310,54
1322,55
1296,53
1335,55
1312,54
1461,59
1373,56
1425,58
1237,52
1376,56
1410,56
1323,54
1277,54
1420,58
1330,55
1308,53
1270,54
1354,55
1347,53
1371,56
1468,59
1489,58
1341,54
1232,52
1340,56
1322,55
1244,53
1399,55
1315,53
1330,53
1324,54
1323,55
1453,59
1337,55
1362,55
1261,54
1262,52
1322,54
1374,56
1380,55
1397,57
1463,58
1448,58
1269,51
1468,59
1430,58
1204,51
1459,58
1379,57
1250,51
1279,52
1352,55
1332,54
1288,54
1371,56
1381,57
1350,56
1288,53
1323,55
1399,58
1223,50
1410,56
1371,56
1503,60
1356,54
1284,53
1435,58
1276,53
1301,52
1315,55
1309,54
1392,57
1331,55
1420,57
1342,56
1395,57
1355,55
1364,56
1414,57
1422,58
1413,58
1337,55
1283,54
1360,55
1232,52
1361,56
1419,57
1330,55
1387,56
1255,52
1403,57
1340,56
1417,57
1378,56
1336,55
1334,54
1436,58
1298,54
1288,54
1297,54
1346,56
1266,54
1308,54
1348,55
1404,57
1323,54
1359,57
1254,52
1332,55
1360,55
1349,55
1350,56
1343,55
1360,56
1355,56
1350,56
1421,56
1376,53
1362,55
1376,56
1423,58
1299,54
1364,57
1386,56
1350,56
1245,51
1375,55
1357,56
1396,56
1311,55
1306,53
1279,52
1382,55
1418,57
1363,55
1401,57
1246,51
1392,55
1306,53
1380,57
1408,56
1272,52
1273,53
1288,53
1340,55
1430,57
1312,55
1323,55
1302,53
1310,54
1381,57
1442,58
1355,54
1279,54
1406,58
1311,55
1427,58
1402,55
1421,57
1244,52
1395,57
1270,53
1336,56
1300,53
1204,51
1455,59
1375,56
1286,54
1315,56
1257,53
1292,53
1259,52
1321,55
1274,54
1414,58
1263,53
1352,55
1293,54
1444,58
1402,57
1289,54
1267,53
1247,52
1344,55
1315,54
1432,58
1234,53
1395,55
1317,54
1428,57
1400,56
1249,52
1300,54
1280,53
1307,54
1318,54
1363,57
1317,54
1357,57
1277,53
1385,57
1380,56
1317,53
1278,52
1430,56
1386,57
1312,55
1308,54
1434,58
1328,55
1345,55
1441,58
1278,53
1394,57
1283,53
1296,52
1304,55
1325,53
1495,60
1369,55
1385,56
1374,55
1468,57
1344,56
1354,56
1317,55
1354,56
1244,52
1394,56
1285,51
1438,58
1406,57
1316,55
1331,55
1333,55
1276,55
1404,57
1316,53
1396,57
1301,52
1294,54
1231,51
1354,56
1479,60
1323,54
1345,55
1425,58
1362,56
1328,56
1252,53
1432,58
1308,55
1344,56
1338,56
1323,55
1381,55
1392,57
1423,57
1411,56
1480,58
1387,57
1344,56
1343,54
1305,55
1148,49
1360,56
1326,54
1424,58
1311,55
1290,54
1444,59
1338,54
1372,55
1366,57
1231,52
1373,56
1367,56
1320,54
1307,53
1367,55
1349,55
1443,59
1236,49
1289,52
1347,56
1212,51
1388,57
1373,55
1269,51
1239,51
1285,54
1426,58
1313,54
1346,55
1357,55
1399,57
1356,55
1386,56
1385,57
1399,57
1414,57
1445,58
1273,54
1466,59
1352,56
1380,56
1445,56
1211,51
1348,55
1311,54
1318,55
1264,53
1275,53
1312,51
1315,54
1295,53
1397,57
1308,53
1343,55
1247,53
1309,54
1308,54
1437,57
1372,56
1254,53
1405,56
1265,53
1287,53
1421,57
1315,55
1225,52
1239,53
1224,51
1100,49
1365,55
1305,53
1336,55
1276,54
1302,53
1310,54
1378,57
1240,52
1377,55
1319,55
1303,53
1342,55
1346,56
1338,54
1281,53
1292,53
1362,55
1300,54
1469,59
1405,57
1434,58
1350,55
1268,51
1341,56
1334,56
1303,54
1357,55
1358,56
1415,57
1366,55
1237,51
1274,54
1277,53
1369,55
1315,53
1470,59
1387,55
1140,47
1318,55
1481,59
1393,55
1306,54
1268,54
1368,56
1337,55
1295,54
1493,60
1422,58
1260,52
1241,51
1379,56
1393,56
1345,56
1490,59
1375,57
1387,57
1342,54
1354,55
1302,52
1367,56
1333,55
1343,56
1306,52
1307,54
1318,54
1264,52
1319,55
1359,54
1298,52
1392,56
1358,55
1310,54
1464,59
1323,55
1239,53
1327,52
1331,55
1372,56
1225,52
1341,55
1329,54
1325,55
1325,55
1395,56
1392,55
1228,52
1242,51
1323,55
1335,55
1306,54
1409,57
1283,52
1361,55
1189,50
1320,55
1323,55
1285,53
1325,55
1192,50
1319,53
1453,57
1324,55
1355,54
1377,56
1266,53
1313,54
1285,54
1336,56
1192,50
1263,53
1413,57
1348,55
1415,57
1312,54
1409,57
1388,56
1243,52
1373,56
1320,55
1319,54
1342,55
1441,59
1415,57
1398,57
1297,54
1253,52
1487,60
1279,53
1428,58
1263,53
1345,56
1305,53
1268,52
1365,55
1286,53
1382,57
1321,54
1330,55
1426,57
1297,54
1458,59
1436,58
1265,52
1351,54
1301,54
1283,53
1280,53
1269,53
1192,51
1370,54
1312,54
1404,57
1360,56
1308,53
1341,55
1289,52
1274,53
1383,56
1325,54
1331,55
1362,56
1352,56
1349,54
1381,55
1271,53
1410,56
1390,56
1312,54
1444,58
1303,53
1319,54
1355,55
1343,54
1327,54
1271,52
1331,54
1411,55
1344,54
1313,53
1377,56
1297,53
1356,56
1388,56
1441,57
1288,54
1365,56
1354,54
1311,54
1328,55
1272,53
1258,52
1346,55
1378,57
1303,53
1268,53
1278,53
1359,57
1363,56
1198,50
1274,52
1281,54
1403,58
1345,55
1414,57
1343,55
1389,56
1297,54
1316,55
1232,52
1336,55
1358,56
1385,57
1312,53
1366,56
1305,53
1276,53
1328,54
1381,56
1335,54
1314,54
1271,52
1313,55
1337,55
1450,59
1255,53
1318,54
1294,53
1422,57
1413,57
1236,51
1323,53
1384,56
1346,54
1296,54
1340,56
1358,55
1390,57
1329,55
1398,55
1258,53
1472,58
1418,56
1290,54
1369,56
1489,59
1411,56
1377,56
1259,52
1234,51
1448,58
1351,56
1345,55
1294,53
1319,54
1323,54
1472,59
1205,51
1335,55
1351,56
1507,60
1232,51
1413,57
1455,59
1339,55
1378,56
1337,55
1325,55
1332,55
1495,60
1388,57
1465,59
1412,57
1373,55
1271,52
1334,55
1354,56
1294,54
1298,54
1412,58
1265,53
1341,55
1329,54
1284,53
1328,55
1265,53
1366,55
1277,54
1306,53
1481,60
1385,56
1315,55
1338,56
1283,54
1293,54
1348,54
1336,54
1275,52
1269,52
1254,53
1367,55
1241,51
1281,53
1265,51
1454,58
1379,56
1392,56
1276,52
1335,56
1381,56
1329,55
1416,58
1296,54
1365,55
1358,56
1255,52
1350,56
1342,55
1415,57
1219,52
1376,56
1270,54
1338,56
1338,55
1299,54
1387,57
1373,56
1302,54
1278,53
1328,55
1218,51
1394,56
1303,55
1275,53
1400,57
1321,54
1350,55
1274,53
1227,51
1378,57
1361,56
1346,55
1323,55
1319,54
1408,57
1323,54
1257,54
1366,56
1394,55
1337,54
1351,56
1330,54
1261,53
1293,53
1306,54
1309,54
1301,54
1332,54
1290,54
1448,58
1386,56
1392,57
1231,52
1359,55
1268,53
1336,55
1304,54
1266,52
1290,54
1301,52
1356,55
1288,53
1432,58
1351,55
1401,56
1246,53
1307,52
1342,53
1309,55
1354,55
1355,55
1370,56
1323,55
1378,54
1446,58
1453,59
1337,55
1328,55
1403,56
1368,56
1310,55
1357,55
1320,55
1346,54
1456,59
1337,55
1347,55
1265,52
1363,55
1386,56
1270,54
1390,56
1240,53
1365,55
1290,53
1385,56
1186,51
1370,55
1188,50
1372,56
1283,52
1288,55
1417,57
1288,53
1414,56
1329,55
1218,50
1377,56
1470,58
1296,55
1280,52
1475,57
1418,57
1311,54
1491,59
1408,57
1400,56
1399,57
1293,54
1364,55
1431,58
1295,54
1280,53
1364,56
1223,50
1238,51
1392,55
1403,56
1274,53
1323,53
1233,53
1310,54
1400,57
1307,54
1250,51
1338,56
1216,53
1276,53
1142,49
1312,54
1261,54
1396,58
1368,56
1407,58
1333,54
1368,57
1331,54
1145,49
1407,56
1374,54
1357,55
1299,54
1410,56
1388,56
1289,54
1349,53
1465,59
1389,57
1462,58
1361,56
1409,58
1365,56
1301,54
1438,58
1354,56
1217,51
1345,55
1369,55
1324,55
1368,57
1338,55
1293,54
1364,56
1323,55
1344,54
1290,53
1329,55
1304,54
1337,55
1346,56
1330,55
1337,55
1400,57
1374,56
1261,54
1253,53
1410,58
1207,50
1410,57
1408,57
1391,56
1255,52
1301,54
1297,53
1415,57
1312,54
1244,53
1284,52
1330,54
1454,59
1271,52
1321,54
1361,56
1394,57
1236,53
1200,50
1481,60
1408,57
1356,55
1409,57
1415,57
1332,55
1285,54
1437,58
1385,56
1378,56
1330,55
1264,51
1324,53
1401,57
1330,55
1319,55
1306,55
1440,57
1331,55
1325,55
1317,54
1258,51
1267,53
1328,54
1367,56
1446,58
1374,57
1420,58
1264,52
1194,50
1434,58
1300,52
1282,53
1385,55
1236,51
1349,55
1416,56
1264,53
1421,58
1472,59
1304,54
1265,53
1263,53
1331,54
1304,53
1341,55
1316,53
1482,59
1386,56
1370,56
1238,53
1371,55
1343,54
1323,55
1284,53
1321,55
1310,53
1289,54
1363,56
1333,54
1345,55
1263,53
1361,56
1384,56
1419,57
1279,53
1266,52
1393,54
1322,55
1456,57
1307,55
1344,54
1310,53
1387,56
1295,52
1379,56
1362,55
1296,53
1288,53
1316,54
1332,54
1340,55
1370,56
1420,57
1351,55
1365,54
1298,54
1368,57
1390,57
1250,52
1314,55
1373,55
1279,54
1361,56
1208,50
1346,54
1300,55
1310,54
1322,53
1354,56
1432,58
1382,56
1357,56
1306,54
1287,52
1333,55
1359,55
1226,50
1323,54
1301,55
1428,58
1254,52
1355,56
1369,56
1379,56
1471,59
1292,53
1305,54
1281,53
1303,54
1352,55
1329,54
1445,59
1325,54
1230,52
1373,56
1374,54
1310,54
1340,55
1408,58
1293,54
1310,54
1340,55
1386,56
1310,55
1283,55
1359,54
1328,55
1210,51
1338,55
1356,55
1382,57
1283,53
1221,51
1380,55
1418,58
1307,53
1278,54
1286,53
1431,58
1251,52
1375,56
1408,57
1363,54
1399,56
1257,52
1377,56
1326,55
1291,54
1368,56
1289,53
1384,55
1359,54
1331,54
1340,55
1299,54
1227,50
1330,54
1364,57
1349,55
1281,54
1312,53
1366,55
1426,58
1264,52
1311,54
1322,55
1266,53
1397,57
1201,51
1304,54
1387,57
1300,52
1393,56
1324,53
1399,57
1279,53
1460,58
1278,53
1285,54
1444,56
1405,57
1378,56
1275,52
1380,56
1382,56
1360,55
1415,55
1337,54
1392,56
1310,55
1292,53
1316,55
1293,51
1399,56
1396,57
1295,53
1391,55
1415,58
1261,52
1286,54
1377,56
1330,55
1324,55
1428,58
1291,53
1176,50
1392,56
1294,54
1350,55
1260,52
1241,51
1427,58
1300,52
1374,56
1313,55
1300,54
1393,57
1325,54
1319,55
1145,50
1360,57
1368,56
1360,57
1265,52
1330,55
1281,54
1367,54
1257,53
1368,56
1330,54
1262,52
1283,54
1271,53
1387,55
1472,59
1373,55
1448,59
1223,50
1458,59
1470,58
1392,55
1367,56
1334,54
1292,54
1297,54
1373,55
1283,54
1324,54
1342,55
1395,57
1336,54
1372,57
1351,55
1423,57
1459,58
1448,58
1385,56
1306,54
1329,55
1300,53
1345,54
1356,56
1340,53
1273,53
1505,60
1334,55
1374,55
1255,52
1199,49
1204,50
1321,54
1384,57
1410,56
1449,59
1257,53
1328,55
1243,52
1303,54
1267,54
1409,57
1330,54
1320,54
1323,55
1324,54
1363,55
1419,56
1271,53
1372,55
1320,55
1229,52
1326,54
1396,56
1373,56
1359,56
1244,54
1240,52
1351,56
1405,57
1270,54
1314,55
1232,52
1419,57
1395,57
1361,56
1256,53
1431,57
1371,55
1415,58
1296,53
1353,55
1267,52
1399,57
1397,57
1345,54
1366,56
1336,56
1426,56
1280,52
1298,54
1247,52
1340,54
1293,55
1308,54
1182,50
1317,55
1278,54
1368,55
1444,58
1487,60
1195,51
1398,57
1313,55
1381,57
1341,56
1317,54
1248,52
1334,54
1315,55
1375,54
1300,54
1308,55
1345,55
1268,53
1344,56
1352,57
1431,57
1341,55
1389,57
1383,58
1357,56
1257,51
1363,55
1345,56
1326,55
1309,54
1207,51
1324,54
1385,56
1212,51
1326,54
1294,55
1369,55
1359,56
1376,57
1275,53
1384,57
1361,56
1312,53
1395,57
1372,56
1219,50
1277,54
1325,55
1356,54
1288,53
1274,54
1377,56
1280,53
1418,58
1373,55
1370,56
1306,54
1293,53
1164,50
1347,55
1326,54
1311,54
1337,56
1254,52
1264,55
1260,53
1323,55
1329,54
1252,51
1338,54
1400,57
1310,55
1325,55
1278,53
1336,55
1363,56
1374,57
1299,53
1275,52
1328,54
1341,56
1467,59
1326,55
1408,57
1308,54
1362,56
1318,56
1247,51
1392,57
1282,54
1313,55
1391,56
1401,57
1401,56
1382,57
1356,54
1345,56
1326,55
1377,57
1288,53
1304,53
1312,55
1360,55
1283,54
1300,53
1293,55
1349,54
1241,52
1300,54
1307,55
1327,55
1290,54
1351,55
1363,55
1275,53
1281,54
1416,58
1388,56
1459,58
1329,54
1271,52
1220,52
1268,53
1254,52
1348,54
1356,56
1401,57
1285,52
1372,57
1389,56
1317,55
1432,56
1212,52
1395,57
1292,53
1334,55
1304,54
1316,54
1250,51
1355,54
1296,54
1365,56
1197,51
1340,55
1360,55
1385,57
1385,56
1378,55
1428,57
1286,53
1344,55
1344,55
1389,55
1278,53
1340,55
1298,53
1425,58
1421,56
1447,59
1313,54
1265,53
1375,56
1316,53
1413,57
1394,57
1247,52
1209,49
1328,54
1328,53
1337,55
1384,57
1281,53
1400,58
1278,53
1346,55
1395,57
1302,53
1303,54
1340,54
1311,55
1385,56
1382,56
1356,56
1356,55
1420,57
1339,55
1306,53
1278,52
1403,56
1367,57
1452,58
1446,58
1411,57
1412,58
1273,53
1369,55
1436,58
1329,54
1309,53
1241,52
1420,57
1358,56
1332,53
1251,51
1466,59
1335,56
1375,57
1297,53
1447,59
1311,55
1300,55
1460,59
1264,51
1345,55
1239,51
1318,54
1433,58
1448,58
1321,54
1402,55
1419,57
1262,53
1279,54
1296,54
1326,55
1288,53
1234,50
1321,52
1285,53
1467,59
1175,50
1442,58
1234,52
1230,53
1373,55
1312,54
1316,55
1304,54
1381,57
1408,58
1353,56
1282,53
1348,54
1204,50
1241,52
1103,47
1347,54
1381,56
1291,54
1343,55
1317,54
1397,57
1448,59
1363,55
1309,54
1223,50
1335,56
1302,54
1358,54
1306,54
1424,58
1338,55
1266,53
1380,56
1188,50
1390,57
1295,55
1397,55
1312,55
1353,56
1329,56
1399,57
1489,59
1380,57
1365,55
1273,50
1222,52
1233,50
1328,54
1314,53
1362,56
1321,54
1441,56
1323,55
1275,53
1370,55
1436,58
1411,57
1362,56
1098,49
1333,54
1368,55
1322,55
1449,57
1292,53
1412,57
1405,57
1355,54
1380,57
1309,54
1362,56
1444,59
1315,55
1418,58
1278,52
1322,55
1252,51
1354,56
1333,54
1275,52
1403,57
1235,52
1376,56
1401,57
1383,56
1359,55
1366,56
1311,54
1276,53
1296,53
1489,60
1396,56
1267,53
1343,55
1396,57
1367,57
1321,54
1469,59
1280,53
1332,56
1246,52
1411,56
1289,53
1311,54
1243,52
1327,53
1194,49
1301,54
1284,54
1395,57
1293,53
1338,55
1394,56
1408,57
1301,54
1349,56
1359,55
1404,58
1317,55
1332,55
1366,54
1382,56
1335,54
1370,56
1349,56
1323,54
1393,57
1443,59
1266,52
1361,56
1239,52
1379,56
1280,53
1364,56
1431,59
1228,51
1285,54
1282,54
1279,53
1347,55
1293,53
1258,52
1314,55
1443,59
1463,59
1369,56
1217,51
1191,51
1406,55
1428,58
1341,55
1485,60
1380,56
1338,55
1207,50
1253,52
1335,52
1314,55
1373,56
1308,54
1260,52
1377,56
1401,57
1328,55
1400,57
1421,58
1287,53
1322,55
1356,56
1299,54
1348,55
1411,57
1381,57
1316,55
1423,57
1437,58
1296,53
1384,57
1332,56
1367,56
1364,56
1284,53
1359,55
1318,54
1351,55
1327,55
1347,55
1268,52
1452,59
1273,54
1338,55
1289,54
1323,55
1326,55
1243,53
1275,52
1280,54
1300,54
1346,55
1372,55
1408,55
1321,54
1233,52
1396,57
1262,54
1394,57
1391,56
1313,54
1284,54
1226,52
1281,54
1301,55
1384,55
1339,56
1262,53
1300,54
1327,55
1267,52
1306,54
1341,55
1247,51
1279,52
1334,54
1307,55
1257,53
1296,54
1449,58
1397,57
1459,59
1341,55
1287,53
1384,55
1270,54
1481,60
1431,57
1347,56
1328,55
1238,51
1373,55
1276,52
1307,53
1375,56
1326,55
1260,52
1296,54
1450,59
1213,51
1290,53
1378,56
1392,57
1432,58
1278,54
1466,59
1275,53
1330,56
1473,59
1436,58
1349,54
1342,55
1365,55
1417,57
1329,54
1452,58
1279,53
1380,56
1398,57
1361,56
1343,55
1465,58
1320,55
1323,54
1352,55
1243,52
1302,54
1269,53
1371,54
1321,55
1358,56
1240,51
1222,51
1279,54
1382,57
1302,55
1430,56
1273,53
1291,54
1481,60
1368,55
1295,54
1321,55
1365,56
1367,57
1367,55
1281,52
1308,53
1335,55
1300,53
1401,56
1291,52
1238,51
1232,50
1310,54
1415,56
1280,53
1336,56
1345,56
1350,55
1328,54
1373,55
1317,55
1421,57
1415,58
1320,52
1280,52
1395,57
1309,54
1264,51
1367,56
1439,57
1425,55
1360,55
1350,56
1343,54
1306,53
1362,55
1387,57
1396,57
1312,53
1313,54
1300,54
1317,55
1351,55
1376,56
1232,50
1341,54
1308,54
1485,58
1343,55
1309,55
1316,55
1307,55
1430,58
1439,58
1349,56
1342,55
1250,53
1374,54
1342,56
1305,54
1319,55
1325,54
1420,57
1338,55
1302,54
1279,53
1348,55
1417,56
1250,51
1399,57
1325,54
1343,56
1367,55
1290,53
1332,54
1376,56
1274,53
1424,56
1224,52
1346,55
1282,54
1385,57
1386,57
1365,55
1373,56
1324,53
1462,59
1363,56
1273,52
1325,54
1376,56
1305,54
1362,56
1289,53
1429,57
1342,55
1323,54
1341,56
1318,55
1347,54
1422,57
1327,55
1319,54
1227,50
1287,53
1309,55
1334,53
1134,49
1360,55
1387,57
1310,55
1272,53
1361,56
1281,53
1259,51
1385,54
1262,52
1209,51
1273,53
1331,55
1394,57
1301,54
1449,59
1278,52
1320,54
1318,55
1246,52
1181,49
1321,53
1357,55
1314,55
1458,58
1341,55
1461,59
1299,54
1292,54
1228,49
1409,58
1231,51
1447,58
1323,54
1250,52
1302,54
1358,54
1239,53
1312,55
1211,51
1277,52
1321,54
1315,54
1319,54
1433,58
1334,55
1370,55
1288,53
1268,53
1260,51
1322,54
1345,54
1416,55
1233,51
1354,55
1499,60
1241,52
1271,54
1421,57
1372,57
1367,56
1342,55
1282,53
1349,54
1341,55
1373,56
1385,56
1243,52
1309,54
1386,57
1290,54
1270,54
1339,55
1436,59
1446,59
1330,55
1297,54
1441,57
1200,50
1319,54
1244,53
1352,54
1340,55
1396,56
1343,56
1252,52
1513,60
1326,54
1375,56
1349,56
1218,52
1314,54
1288,52
1388,57
1336,55
1377,56
1217,51
1464,59
1303,54
1347,55
1226,51
1341,55
1439,58
1312,55
1371,57
1368,55
1479,59
1304,55
1382,57
1426,58
1356,56
1329,55
1422,58
1433,58
1343,55
1346,56
1288,52
1461,57
1419,58
1373,56
1289,54
1342,56
1312,53
1305,53
1335,55
1351,54
1399,57
1320,54
1310,54
1239,52
1282,53
1340,55
1278,53
1332,55
1332,53
1329,55
1315,55
1432,57
1342,56
1404,57
1253,52
1411,58
1220,51
1292,53
1268,52
1401,56
1287,53
1302,54
1410,56
1428,58
1380,56
1382,56
1322,55
1466,59
1386,57
1211,49
1319,54
1393,57
1318,54
1317,54
1390,58
1308,53
1254,53
1334,54
1319,55
1367,55
1320,55
1233,51
1267,53
1234,52
1336,55
1398,56
1354,56
1351,55
1239,51
1314,54
1283,52
1355,55
1356,54
1444,59
1264,53
1397,56
1314,53
1298,52
1389,57
1241,52
1431,58
1374,57
1313,56
1292,54
1353,55
1071,47
1354,54
1413,56
1392,57
1391,56
1313,53
1268,54
1376,56
1317,53
1387,57
1479,60
1191,50
1290,54
1327,54
1402,56
1360,57
1276,51
1258,52
1295,53
1339,56
1299,53
1228,51
1333,53
1460,58
1333,53
1418,56
1263,53
1341,54
1300,54
1195,51
1270,52
1307,54
1437,58
1418,58
1435,59
1328,54
1305,53
1351,55
1350,55
1319,54
1420,57
1495,60
1357,55
1331,55
1345,55
1359,55
1369,55
1261,51
1340,55
1340,56
1328,54
1330,55
1295,53
1389,57
1270,51
1437,58
1350,55
1374,55
1227,50
1286,54
1438,58
1390,56
1259,52
1411,58
1398,57
1293,53
1307,54
1275,53
1419,56
1353,56
1351,55
1451,58
1189,50
1307,55
1387,57
1291,54
1446,59
1223,50
1240,51
1285,54
1322,54
1345,56
1329,54
1407,57
1299,53
1240,52
1317,55
1269,53
1372,56
1408,57
1406,57
1479,60
1413,58
1391,55
1272,53
1449,58
1355,56
1271,52
1243,53
1380,56
1316,53
1310,53
1331,55
1297,54
1528,59
1299,53
1260,52
1468,58
1312,55
1377,56
1362,55
1397,57
1402,57
1298,54
1319,53
1400,56
1315,54
1428,56
1450,59
1318,54
1282,53
1249,52
1282,54
1340,55
1358,54
1258,52
1301,53
1285,54
1391,57
1397,57
1331,56
1317,54
1352,55
1357,56
1290,53
1366,54
1441,58
1433,58
1225,50
1322,55
1372,56
1328,55
1344,54
1275,53
1423,57
1479,60
1394,56
1340,53
1319,54
1349,54
1315,54
1316,54
1279,52
1299,52
1287,54
1285,52
1379,57
1332,55
1266,52
1424,58
1135,48
1322,53
1390,57
1367,56
1206,52
1431,59
1258,52
1293,54
1287,54
1230,52
1371,56
1342,54
1330,55
1320,55
1386,56
1440,58
1404,56
1219,48
1297,54
1407,58
1334,56
1474,59
1495,60
1279,54
1335,56
1289,53
1313,54
1412,55
1391,56
1305,53
1394,57
1323,55
1371,56
1248,52
1312,54
1381,56
1290,53
1382,57
1354,55
1482,59
1368,56
1362,55
1350,55
1309,55
1466,59
1307,54
1363,56
1362,56
1247,51
1406,56
1356,55
1342,55
1340,54
1374,57
1398,57
1345,55
1359,55
1316,54
1369,57
1343,54
1298,54
1402,57
1396,57
1332,55
1272,53
1334,54
1374,55
1244,51
1372,56
1381,56
1375,55
1360,57
1253,52
1314,53
1412,57
1421,56
1306,54
1310,55
1402,55
1471,58
1267,52
1339,55
1391,56
1267,53
1362,55
1456,58
1362,56
1477,58
1365,55
1267,51
1364,56
1496,59
1339,55
1314,55
1450,57
1384,57
1267,53
1423,58
1325,55
1529,60
1235,51
1373,57
1321,55
1388,58
1339,55
1295,54
1342,55
1479,60
1430,58
1480,59
1282,54
1354,55
1341,55
1403,56
1409,56
1358,55
1355,55
1337,55
1337,56
1406,56
1450,57
1376,56
1323,54
1229,52
1361,56
1398,57
1271,52
1363,57
1313,53
1367,57
1351,56
1287,53
1417,57
1324,55
1411,57
1263,53
1316,54
1380,57
1407,57
1316,54
1378,55
1355,56
1255,53
1221,50
1423,56
1362,56
1303,54
1327,55
1506,59
1204,51
1251,52
1363,57
1336,54
1315,53
1278,52
1298,53
1342,55
1481,59
1350,56
1481,60
1303,52
1276,53
1326,54
1240,52
1440,58
1331,55
1394,56
1396,57
1437,58
1296,54
1338,53
1311,55
1399,57
1382,56
1364,56
1312,55
1349,56
1330,55
1231,51
1435,58
1374,56
1379,56
1334,56
1488,58
1405,58
1313,53
1440,57
1467,57
1371,55
1343,53
1319,54
1452,59
1360,56
1383,56
1368,56
1304,54
1439,58
1353,55
1271,52
1453,59
1262,51
1406,56
1272,53
1341,53
1357,55
1375,57
1307,53
1364,55
1345,55
1372,56
1410,57
1396,56
1433,58
1224,51
1304,54
1303,52
1315,56
1430,57
1207,51
1483,60
1445,58
1323,54
1276,54
1348,54
1337,55
1325,55
1412,57
1370,55
1293,54
1465,58
1332,54
1396,57
1319,54
1360,54
1286,54
1307,55
1336,54
1380,55
1364,56
1485,60
1423,58
1335,55
1376,57
1328,54
1408,56
1389,56
1420,55
1285,53
1292,53
1375,56
1407,57
1401,57
1351,56
1311,52
1305,55
1270,51
1405,57
1368,56
1442,59
1382,56
1431,56
1293,54
1297,53
1376,54
1385,56
1263,52
1383,56
1410,55
1337,56
1281,53
1390,56
1374,55
1411,56
1312,54
1345,56
1323,54
1396,56
1390,55
1432,57
1477,60
1331,53
1322,55
1385,56
1457,58
1294,53
1308,53
1342,53
1269,54
1331,54
1316,53
1330,55
1378,56
1311,54
1298,55
1284,53
1434,56
1241,51
1372,55
1377,55
1315,56
1386,57
1313,55
1285,54
1425,57
1378,57
1241,51
1412,57
1357,55
1317,54
1396,56
1337,55
1330,55
1284,54
1400,54
1437,57
1338,55
1286,53
1369,56
1188,50
1395,56
1242,51
1219,52
1333,55
1431,58
1369,56
1337,55
1348,55
1389,57
1201,50
1304,54
1442,58
1349,56
1322,54
1418,57
1332,54
1413,57
1302,54
1306,54
1247,53
1418,58
1236,53
1272,52
1432,58
1358,56
1372,57
1360,55
1292,55
1288,54
1375,56
1386,56
1408,57
1382,56
1222,50
1398,56
1405,57
1385,56
1265,53
1238,50
1255,52
1297,54
1340,54
1363,56
1260,52
1396,56
1293,54
1354,55
1505,58
1325,54
1395,56
1300,53
1231,51
1339,55
1288,54
1328,55
1307,51
1310,55
1366,55
1318,53
1368,54
1321,55
1319,52
1344,56
1331,54
1325,54
1423,57
1406,56
1270,53
1312,55
1381,56
1298,54
1474,59
1374,56
1411,57
1256,52
1473,58
1453,57
1260,51
1420,58
1347,55
1216,50
1373,57
1299,53
1432,57
1227,51
1378,55
1380,56
1304,50
1377,55
1342,54
1403,56
1464,59
1198,51
1402,56
1231,51
1253,53
1451,58
1397,56
1357,54
1363,55
1372,55
1292,54
1284,53
1350,56
1301,55
1229,50
1389,57
1266,53
1245,51
1258,53
1251,52
1322,55
1449,57
1241,51
1345,55
1281,54
1322,55
1305,55
1231,51
1338,55
1359,56
1291,53
1327,54
1389,56
1340,56
1352,56
1403,56
1429,58
1339,54
1380,56
1363,56
1320,55
1291,53
1420,56
1324,55
1313,55
1263,52
1260,52
1423,57
1387,57
1310,55
1408,56
1335,56
1368,56
1155,50
1385,56
1297,54
1332,54
1309,55
1307,54
1398,56
1387,57
1387,55
1336,56
1367,55
1207,50
1470,59
1228,50
1302,53
1238,52
1349,55
1366,56
1279,52
1451,57
1365,55
1337,55
1295,55
1340,56
1140,50
1254,52
1274,52
1322,55
1316,55
1352,55
1234,51
1411,57
1275,53
1309,54
1393,57
1334,55
1353,56
1336,55
1216,51
1287,53
1529,60
1300,52
1288,53
1337,55
1285,53
1398,56
1412,58
1389,57
1362,54
1387,55
1275,53
1220,48
1307,53
1358,56
1185,51
1351,55
1275,55
1429,57
1242,51
1389,57
1379,56
1369,56
1427,58
1306,52
1367,56
1222,51
1304,54
1375,55
1328,55
1333,54
1351,55
1316,54
1449,58
1450,58
1240,52
1225,52
1355,56
1287,55
1351,55
1379,56
1388,57
1316,55
1350,54
1256,52
1399,57
1301,55
1398,57
1337,54
1355,55
1268,53
1439,58
1359,56
1442,58
1269,52
1360,55
1266,54
1283,53
1274,53
1315,56
1282,54
1437,59
1355,56
1347,56
1411,57
1328,54
1344,55
1298,53
1320,54
1314,53
1146,48
1295,51
1323,54
1473,59
1331,55
1380,57
1369,56
1363,54
1211,50
1281,55
1347,54
1446,58
1431,58
1300,54
1410,57
1286,53
1287,55
1433,57
1276,52
1415,58
1375,56
1293,54
1310,54
1358,56
1410,55
1327,54
1303,54
1298,53
1205,50
1428,57
1417,57
1333,56
1358,55
1256,52
1462,59
1235,52
1326,54
1198,51
1326,54
1343,56
1361,55
1392,57
1272,53
1302,54
1410,57
1335,55
1313,53
1245,52
1279,53
1413,57
1435,58
1398,57
1410,58
1241,52
1235,52
1418,58
1382,56
1417,57
1325,54
1360,55
1315,55
1370,56
1347,55
1456,59
1320,54
1270,53
1421,57
1387,57
1321,54
1280,52
1425,58
1293,53
1298,53
1359,57
1400,55
1450,59
1320,54
1352,55
1373,56
1430,56
1341,54
1369,55
1313,54
1264,53
1389,56
1275,52
1491,57
1330,53
1421,57
1346,53
1357,55
1363,57
1292,54
1401,56
1364,57
1413,58
1442,58
1266,54
1317,54
1378,56
1302,55
1357,56
1326,55
1349,56
1448,59
1359,55
1388,56
1369,53
1345,55
1398,57
1381,56
1361,56
1355,54
1259,55
1403,57
1383,56
1138,48
1349,55
1459,59
1425,57
1252,50
1277,54
1406,56
1379,54
1253,52
1271,53
1339,53
1360,56
1266,51
1265,51
1413,58
1348,55
1269,53
1388,56
1377,56
1435,57
1350,56
1451,57
1414,55
1355,56
1394,56
1415,58
1372,56
1332,55
1343,55
1326,54
1300,53
1323,54
1437,59
1489,57
1363,54
1318,55
1353,56
1271,51
1369,54
1386,57
1378,56
1314,54
1399,57
1350,53
1373,55
1342,56
1277,54
1444,58
1285,52
1428,58
1269,52
1280,53
1362,56
1353,55
1322,54
1378,55
1358,56
1354,54
1453,58
1403,56
1320,54
1288,53
1428,57
1342,55
1405,57
1326,55
1422,57
1366,56
1358,55
1427,56
1287,53
1467,58
1308,54
1423,56
1253,53
1373,56
1355,55
1355,55
1343,55
1369,56
1472,59
1408,56
1320,54
1371,56
1284,53
1273,54
1446,58
1389,57
1372,57
1325,54
1336,56
1250,53
1337,56
1333,53
1398,57
1414,57
1328,53
1440,58
1404,57
1323,52
1360,56
1315,56
1326,54
1391,56
1291,53
1257,51
1450,58
1279,53
1448,59
1421,58
1269,52
1332,54
1486,58
1246,52
1321,52
1385,57
1303,54
1241,50
1386,57
1434,58
1339,56
1297,53
1298,55
1470,58
1439,58
1315,55
1180,48
1315,54
1383,57
1371,56
1310,54
1213,52
1327,54
1322,54
1386,57
1475,60
1458,59
1295,54
1246,51
1337,54
1380,55
1423,58
1390,57
1378,54
1277,52
1233,52
1518,57
1424,58
1325,55
1464,57
1187,48
1286,53
1349,56
1264,53
1371,56
1244,51
1222,51
1395,56
1288,53
1362,55
1339,55
1423,58
1383,56
1395,56
1197,51
1318,54
1344,56
1277,53
1407,56
1383,56
1257,54
1378,56
1333,54
1354,54
1311,54
1428,57
1301,55
1475,60
1411,56
1184,47
1346,55
1464,59
1359,56
1387,56
1402,56
1373,56
1300,53
1400,57
1368,55
1361,54
1293,53
1410,56
1445,59
1363,55
1255,52
1322,52
1283,54
1292,54
1369,56
1240,52
1454,59
1350,56
1354,55
1251,53
1304,54
1347,55
1234,52
1378,57
1304,54
1366,56
1366,55
1262,53
1280,53
1299,54
1366,55
1432,58
1394,57
1212,50
1325,55
1302,52
1443,56
1313,54
1292,54
1439,57
1183,50
1433,58
1434,58
1383,56
1306,54
1350,54
1420,58
1341,56
1289,52
1400,57
1357,55
1314,54
1240,51
1281,53
1264,52
1367,53
1354,55
1319,54
1328,55
1351,56
1347,54
1370,55
1512,59
1304,54
1406,57
1352,55
1334,54
1321,55
1207,50
1308,54
1413,57
1420,55
1348,54
1306,54
1236,53
1323,54
1380,57
1387,57
1301,54
1356,56
1412,57
1370,55
1371,56
1324,54
1433,58
1436,58
1327,56
1361,56
1327,54
1281,51
1253,53
1288,53
1279,54
1480,58
1295,52
1454,58
1387,56
1266,51
1318,53
1374,55
1380,55
1336,55
1423,58
1361,56
1389,56
1335,55
1370,57
1441,58
1242,51
1289,54
1263,53
1315,52
1285,53
1232,51
1329,54
1309,53
1375,56
1382,55
1341,54
1313,54
1361,55
1283,53
1263,54
1363,56
1387,56
1332,55
1384,54
1361,55
1447,56
1365,55
1224,50
1304,55
1341,54
1326,54
1489,60
1356,56
1390,57
1416,58
1391,56
1322,53
1295,54
1281,52
1346,56
1322,55
1354,56
1489,60
1455,57
1316,55
1260,52
1218,52
1399,57
1405,57
1416,57
1354,54
1291,52
1437,59
1313,53
1284,52
1357,54
1383,56
1241,53
1319,53
1344,55
1351,56
1362,56
1350,53
1316,55
1396,57
1352,55
1274,54
1384,57
1238,52
1309,54
1234,53
1262,54
1334,55
1242,51
1267,53
1435,57
1452,58
1332,55
1291,53
1396,56
1266,52
1283,54
1247,53
1153,50
1351,56
1368,56
1381,56
1257,52
1305,54
1311,54
1289,54
1408,58
1362,56
1196,51
1337,55
1195,51
1288,53
1360,55
1350,56
1349,56
1321,55
1318,55
1258,51
1187,51
1403,56
1370,55
1329,55
1335,54
1313,54
1401,56
1344,55
1305,52
1322,55
1372,56
1364,57
1272,52
1313,54
1280,52
1358,54
1262,53
1401,56
1323,55
1312,55
1400,57
1379,57
1295,53
1207,52
1277,52
1458,58
1290,54
1355,55
1284,53
1371,56
1381,55
1396,56
1311,54
1431,59
1367,56
1363,55
1247,52
1342,55
1323,55
1381,57
1410,56
1438,57
1331,55
1316,54
1324,54
1369,56
1321,54
1230,52
1394,57
1362,54
1345,56
1366,55
1461,59
1294,52
1369,56
1390,55
1408,57
1466,59
1458,59
1327,55
1335,55
1250,51
1354,55
1409,57
1427,56
1252,54
1295,52
1293,52
1361,55
1393,56
1340,55
1363,55
1230,51
1344,56
1331,53
1401,57
1406,56
1380,56
1401,57
1354,56
1435,57
1370,56
1297,54
1261,52
1362,56
1281,53
1287,54
1345,56
1329,54
1348,55
1348,54
1443,58
1334,55
1322,54
1304,54
1384,56
1299,54
1384,57
1437,56
1394,57
1331,56
1438,56
1464,57
1355,55
1395,56
1391,56
1333,55
1331,55
1335,54
1355,56
1422,57
1405,57
1292,53
1421,57
1422,58
1388,57
1309,55
1340,56
1363,56
1286,54
1215,52
1314,55
1379,57
1214,50
1391,56
1299,51
1316,53
1366,56
1289,53
1230,50
1264,52
1311,54
1362,55
1441,57
1348,55
1401,56
1281,54
1321,54
1378,56
1376,57
1412,58
1292,53
1276,53
1238,52
1374,56
1437,59
1276,53
1373,56
1420,57
1368,56
1317,54
1250,54
1363,53
1384,57
1254,51
1429,57
1375,57
1279,53
1339,55
1324,52
1435,57
1255,53
1437,56
1385,56
1312,56
1402,57
1269,51
1426,58
1336,55
1369,56
1467,59
1317,56
1392,56
1246,52
1430,57
1382,57
1297,54
1451,57
1406,56
1396,55
1280,53
1340,56
1286,54
1327,55
1310,53
1435,58
1252,51
1440,58
1491,60
1349,54
1413,56
1323,54
1244,51
1246,51
1364,56
1454,56
1372,56
1309,54
1366,56
1344,55
1417,57
1384,56
1339,55
1237,50
1340,56
1309,54
1415,58
1395,57
1369,57
1398,56
1391,57
1347,57
1460,58
1403,57
1338,55
1268,52
1410,56
1421,56
1351,56
1300,52
1418,58
1428,57
1247,52
1393,57
1254,53
1352,56
1254,53
1277,52
1363,54
1351,56
1396,57
1363,55
1401,57
1366,56
1420,58
1356,56
1320,54
1380,56
1359,56
1384,56
1455,58
1394,56
1310,54
1391,56
1230,53
1279,53
1413,57
1439,58
1231,52
1409,58
1260,51
1329,55
1342,56
1414,58
1401,54
1375,55
1293,52
1295,54
1290,53
1344,54
1399,55
1361,55
1356,56
1351,55
1317,55
1393,56
1376,56
1436,57
1281,53
1372,55
1323,52
1411,57
1243,52
1412,56
1398,56
1362,56
1331,55
1301,53
1370,56
1442,59
1409,57
1473,59
1321,56
1263,54
1214,51
1229,50
1307,55
1290,54
1390,55
1312,53
1378,56
1317,54
1277,53
1442,59
1413,56
1397,54
1375,56
1341,55
1325,54
1314,53
1284,51
1344,53
1375,56
1365,56
1403,57
1308,55
1314,55
1333,55
1385,55
1342,54
1359,56
1359,55
1480,59
1321,53
1335,54
1330,53
1283,54
1448,57
1335,56
1387,56
1339,55
1368,55
1344,56
1374,56
1176,49
1499,60
1351,55
1377,57
1349,55
1287,54
1344,55
1251,51
1404,56
1407,55
1396,56
1279,54
1349,57
1291,53
1334,54
1390,56
1371,56
1386,56
1320,54
1295,54
1302,53
1437,58
1385,56
1332,55
1274,51
1362,55
1300,53
1328,53
1445,58
1275,54
1282,54
1252,52
1470,59
1306,53
1257,52
1311,52
1368,56
1359,55
1314,54
1339,54
1370,55
1332,55
1414,57
1436,58
1250,51
1387,55
1406,56
1398,57
1415,57
1418,57
1364,56
1390,55
1311,54
1257,53
1436,58
1316,53
1429,57
1386,56
1230,52
1321,55
1396,56
1389,57
1399,56
1357,56
1198,51
1296,52
1277,52
1299,53
1288,54
1301,53
1363,55
1429,57
1298,55