63,1465
57,1284
63,1427
57,1317
60,1411
57,1342
58,1300
57,1303
62,1442
58,1389
63,1433
58,1281
55,1257
59,1290
60,1380
61,1382
55,1285
62,1499
60,1244
61,1363
58,1374
58,1252
57,1306
60,1425
56,1265
59,1352
62,1429
54,1177
61,1489
61,1421
-,-,-,-
63,1458
63,1465
62,1416
64,1475
63,1459
63,1465
63,1465
62,1424
63,1463
63,1465
62,1459
63,1481
64,1498
62,1424
62,1482
63,1465
65,1545
63,1469
63,1465
60,1408
62,1378
60,1379
63,1461
60,1396
59,1380
63,1465
60,1397
60,1382
57,1284
58,1317
58,1315
57,1290
58,1313
57,1284
59,1381
57,1272
60,1444
59,1381
58,1304
56,1236
59,1373
57,1284
66,1550
59,1323
63,1432
62,1401
63,1419
62,1401
64,1503
63,1417
61,1409
61,1379
58,1336
57,1392
55,1260
54,1162
60,1390
56,1278
55,1278
64,1448
55,1237
56,1240
61,1393
59,1272
58,1273
61,1385
62,1468
58,1250
61,1400
56,1357
56,1261
59,1457
56,1299
56,1285
55,1230
59,1343
58,1338
59,1394
62,1393
-,-,-,-
63,1458
66,1548
66,1550
66,1550
65,1510
65,1514
65,1536
66,1550
64,1560
66,1550
62,1505
66,1528
59,1351
65,1522
66,1540
62,1489
65,1544
66,1550
66,1546
66,1550
65,1521
64,1482
65,1569
65,1563
63,1441
65,1540
66,1542
66,1612
64,1484
64,1489
64,1470
65,1530
66,1572
62,1413
66,1574
61,1413
65,1545
66,1491
62,1414
65,1545
65,1545
61,1391
60,1375
64,1448
64,1421
62,1368
64,1450
62,1423
66,1509
63,1400
60,1319
65,1480
59,1346
53,1161
65,1609
61,1428
59,1319
59,1356
56,1279
58,1319
57,1372
62,1366
61,1344
59,1315
58,1400
61,1433
60,1445
55,1267
56,1293
56,1181
59,1361
51,1131
63,1485
54,1203
59,1452
54,1289
59,1318
61,1376
58,1303
-,-,-,-
65,1468
65,1448
67,1547
64,1446
64,1423
65,1517
67,1532
67,1527
64,1449
65,1498
67,1547
60,1319
67,1548
66,1493
67,1529
61,1377
68,1540
64,1419
64,1436
68,1574
66,1491
66,1489
66,1504
63,1430
66,1540
61,1353
63,1409
65,1483
66,1509
66,1479
64,1498
66,1503
65,1517
66,1511
64,1396
67,1541
63,1439
64,1452
65,1511
60,1360
65,1443
66,1489
66,1528
64,1536
60,1395
65,1506
62,1394
65,1508
63,1456
60,1308
64,1513
67,1547
61,1474
60,1383
59,1337
54,1253
64,1467
56,1340
60,1360
56,1280
60,1440
61,1399
57,1299
62,1389
60,1417
60,1350
58,1376
59,1358
53,1218
53,1218
57,1281
63,1521
57,1300
54,1244
58,1342
58,1286
58,1271
57,1336
56,1269
-,-,-,-
66,1469
67,1501
62,1416
64,1433
65,1462
63,1449
64,1434
60,1322
66,1510
66,1492
68,1538
66,1499
68,1540
63,1399
68,1542
68,1540
68,1540
65,1485
68,1540
67,1495
68,1538
66,1484
69,1549
66,1490
64,1448
66,1457
67,1515
63,1338
65,1490
65,1495
67,1541
67,1544
67,1545
67,1533
66,1524
66,1516
66,1471
63,1403
66,1479
64,1424
67,1541
64,1484
67,1551
67,1547
66,1537
60,1360
67,1590
67,1547
65,1511
65,1472
68,1598
68,1567
59,1389
56,1325
66,1565
53,1163
63,1447
55,1240
60,1345
59,1408
61,1424
60,1326
53,1240
56,1283
55,1252
61,1429
60,1469
55,1272
59,1334
56,1314
60,1404
57,1302
61,1440
60,1425
55,1193
58,1258
57,1320
58,1304
58,1391
-,-,-,-
67,1520
66,1509
65,1417
67,1471
69,1566
69,1556
70,1576
65,1507
69,1551
69,1549
69,1558
66,1509
66,1532
67,1480
69,1549
65,1456
69,1549
69,1549
69,1573
68,1512
62,1391
65,1447
69,1549
67,1493
65,1458
70,1580
69,1543
65,1475
66,1539
63,1457
63,1444
65,1497
68,1575
63,1441
67,1528
66,1514
66,1514
68,1567
68,1581
60,1399
67,1590
68,1567
66,1498
66,1482
68,1575
68,1581
67,1527
67,1535
65,1444
66,1525
67,1533
64,1465
61,1458
58,1347
59,1322
56,1261
60,1404
61,1340
62,1508
56,1274
57,1305
61,1328
56,1272
60,1333
56,1223
60,1359
61,1405
61,1472
57,1328
56,1286
54,1201
59,1332
59,1358
60,1377
56,1253
56,1330
57,1277
61,1373
55,1290
-,-,-,-
68,1523
67,1528
70,1588
68,1578
67,1553
65,1445
65,1444
70,1611
69,1553
70,1598
68,1526
68,1548
65,1438
70,1578
67,1570
70,1576
62,1387
71,1616
70,1576
67,1510
66,1498
67,1535
67,1467
69,1540
70,1587
68,1549
68,1518
68,1534
64,1469
68,1567
63,1433
68,1567
68,1567
61,1370
59,1325
67,1555
67,1586
65,1502
68,1567
68,1579
63,1462
62,1431
68,1575
68,1577
65,1472
68,1550
67,1566
62,1445
64,1448
68,1577
64,1413
68,1575
58,1368
61,1497
58,1281
58,1248
54,1270
58,1405
53,1188
53,1227
58,1247
58,1288
58,1290
60,1363
61,1403
59,1382
52,1149
59,1416
58,1331
58,1381
57,1242
57,1310
58,1343
61,1381
59,1426
57,1304
56,1243
57,1268
60,1387
-,-,-,-
71,1616
66,1479
71,1629
71,1616
58,1258
66,1517
68,1549
70,1581
68,1534
68,1556
67,1466
69,1570
66,1520
68,1585
66,1440
71,1648
71,1616
62,1358
71,1616
71,1616
71,1639
69,1531
63,1420
63,1410
68,1553
67,1543
67,1538
65,1413
67,1565
67,1522
68,1550
67,1518
70,1609
67,1538
63,1434
67,1534
62,1402
69,1582
66,1532
68,1550
65,1467
62,1320
65,1491
67,1579
65,1486
60,1376
67,1540
66,1550
65,1440
66,1489
67,1529
63,1444
60,1363
61,1423
59,1375
60,1328
59,1412
61,1454
59,1347
62,1459
58,1300
53,1112
55,1207
60,1342
61,1373
60,1352
56,1283
58,1353
57,1333
55,1312
56,1292
59,1334
61,1411
55,1208
58,1338
58,1324
57,1241
58,1342
57,1343
-,-,-,-
70,1606
71,1614
69,1563
67,1537
64,1463
71,1627
64,1435
69,1523
64,1389
65,1423
68,1602
71,1622
71,1616
66,1469
71,1616
65,1472
68,1592
71,1616
69,1551
71,1616
71,1616
65,1453
67,1522
68,1554
68,1534
62,1354
66,1515
71,1616
69,1589
64,1439
65,1508
70,1609
70,1609
67,1505
64,1515
70,1601
67,1518
69,1613
70,1605
62,1346
71,1661
71,1639
58,1287
62,1387
61,1380
64,1423
62,1427
66,1513
62,1427
66,1516
62,1434
68,1561
60,1427
58,1390
58,1260
60,1363
58,1372
59,1355
61,1443
62,1511
57,1290
60,1314
59,1349
62,1413
60,1446
61,1416
57,1297
59,1324
63,1477
63,1517
59,1366
60,1359
63,1416
56,1303
58,1364
58,1369
53,1180
62,1414
57,1288
-,-,-,-
69,1585
68,1580
71,1602
64,1460
69,1523
64,1371
69,1591
64,1396
67,1480
67,1491
70,1568
71,1618
68,1575
61,1336
71,1625
67,1534
63,1427
60,1353
71,1614
71,1614
69,1579
64,1379
68,1578
67,1498
69,1534
63,1369
71,1614
68,1538
71,1639
71,1639
66,1506
70,1641
70,1616
62,1354
69,1568
68,1561
64,1432
68,1603
68,1597
72,1687
67,1524
69,1591
67,1540
66,1539
60,1302
66,1584
67,1527
60,1342
65,1500
60,1430
66,1577
67,1540
61,1359
64,1440
57,1311
60,1362
60,1409
59,1378
57,1295
60,1362
63,1448
59,1303
62,1394
62,1391
58,1336
61,1450
62,1363
61,1354
58,1321
60,1429
58,1357
58,1288
61,1421
59,1392
57,1280
60,1335
61,1466
60,1354
58,1308
-,-,-,-
72,1687
72,1679
69,1600
71,1661
66,1507
70,1605
64,1477
72,1687
69,1583
72,1687
68,1555
70,1633
68,1603
65,1541
63,1451
70,1597
69,1569
71,1643
69,1555
70,1626
66,1481
71,1667
72,1683
65,1484
71,1672
67,1493
70,1628
70,1592
69,1604
66,1511
71,1608
64,1356
68,1547
71,1602
69,1548
67,1502
71,1649
67,1548
65,1453
60,1367
71,1604
71,1604
67,1530
68,1565
67,1551
62,1457
66,1508
59,1319
68,1561
62,1380
64,1523
59,1328
62,1488
59,1417
60,1382
58,1359
63,1372
56,1205
58,1302
59,1322
56,1339
61,1385
60,1358
58,1394
62,1459
56,1336
60,1327
60,1291
55,1211
63,1446
61,1440
61,1397
59,1404
61,1422
59,1351
56,1274
58,1302
58,1346
58,1332
-,-,-,-
72,1677
67,1530
62,1396
64,1456
68,1580
72,1677
66,1576
66,1509
69,1589
68,1556
63,1513
69,1586
64,1449
70,1645
66,1515
71,1651
63,1430
69,1642
69,1613
68,1607
67,1494
72,1679
65,1557
66,1524
63,1401
72,1683
71,1659
64,1426
71,1604
67,1595
69,1577
70,1556
71,1602
71,1602
66,1473
71,1604
65,1455
67,1509
71,1613
67,1537
71,1602
65,1475
62,1387
62,1396
63,1499
70,1655
67,1558
66,1549
62,1420
67,1529
68,1567
68,1561
60,1371
63,1495
60,1407
60,1363
59,1341
62,1417
60,1359
59,1289
65,1569
54,1229
56,1282
62,1439
54,1283
59,1333
54,1216
61,1385
59,1349
59,1400
60,1422
61,1436
60,1433
62,1446
57,1272
57,1248
61,1328
60,1358
56,1254
-,-,-,-
72,1677
72,1677
72,1677
68,1540
71,1625
69,1590
68,1558
72,1677
69,1658
70,1680
66,1429
72,1681
66,1522
66,1512
64,1483
67,1500
64,1473
66,1470
69,1547
69,1585
69,1581
70,1624
71,1639
68,1556
66,1525
69,1596
66,1494
61,1443
71,1608
67,1551
65,1439
71,1602
68,1531
68,1540
67,1542
68,1515
64,1394
70,1588
72,1654
67,1492
64,1500
70,1589
60,1364
70,1661
70,1669
66,1577
68,1604
68,1620
69,1665
59,1307
70,1655
70,1653
57,1264
63,1450
65,1498
61,1336
58,1292
59,1400
56,1280
63,1420
61,1434
59,1421
57,1251
57,1350
58,1293
59,1339
59,1319
58,1298
65,1581
60,1384
61,1420
55,1193
57,1317
54,1234
58,1312
56,1221
58,1286
57,1326
56,1208
-,-,-,-
66,1450
64,1477
65,1484
71,1640
67,1535
71,1640
68,1616
72,1663
65,1495
70,1572
65,1466
70,1611
68,1545
72,1654
67,1558
72,1665
70,1626
68,1504
72,1654
67,1546
72,1654
70,1629
72,1654
68,1587
69,1588
66,1472
70,1550
66,1519
68,1564
67,1573
70,1605
72,1677
68,1585
68,1577
64,1542
70,1597
66,1500
72,1677
62,1342
68,1547
64,1423
71,1677
60,1386
69,1599
60,1394
59,1346
64,1555
68,1607
70,1653
70,1665
66,1561
61,1484
60,1422
65,1477
59,1365
66,1562
63,1428
59,1277
57,1275
57,1173
62,1481
55,1231
58,1341
61,1337
60,1294
58,1355
61,1424
56,1281
61,1406
57,1216
64,1448
58,1379
61,1409
63,1485
60,1257
58,1357
58,1304
59,1386
58,1337
-,-,-,-
64,1433
72,1654
66,1451
72,1654
72,1671
66,1448
65,1442
69,1547
72,1705
72,1654
72,1650
68,1514
70,1598
72,1660
70,1613
67,1532
71,1663
72,1654
71,1636
67,1558
68,1550
72,1660
66,1511
66,1481
72,1671
69,1564
71,1663
69,1628
72,1677
72,1677
71,1657
72,1677
68,1578
67,1571
72,1677
71,1657
71,1661
65,1464
65,1418
70,1626
64,1466
70,1617
67,1616
69,1633
68,1626
68,1607
67,1571
62,1436
68,1630
70,1653
63,1468
69,1638
66,1604
60,1424
65,1498
62,1437
64,1515
60,1400
63,1358
56,1232
55,1277
63,1508
58,1314
57,1361
56,1341
59,1335
54,1171
56,1239
62,1379
55,1331
58,1344
58,1325
63,1427
59,1348
58,1321
51,1205
58,1321
53,1159
60,1370
-,-,-,-
69,1633
71,1606
69,1563
70,1570
66,1474
64,1390
70,1622
65,1497
68,1521
66,1469
69,1609
72,1669
71,1614
67,1500
69,1579
68,1540
67,1541
66,1497
64,1410
72,1650
72,1665
68,1573
65,1524
70,1626
69,1576
66,1455
72,1650
71,1627
69,1600
67,1536
67,1516
68,1599
66,1518
65,1458
72,1677
68,1551
67,1528
72,1677
61,1335
61,1351
70,1680
71,1661
70,1659
69,1633
70,1672
69,1667
69,1627
67,1587
70,1653
63,1448
70,1653
70,1653
61,1404
62,1439
60,1374
59,1329
61,1389
57,1434
63,1403
58,1267
56,1138
59,1327
59,1346
59,1343
63,1465
56,1241
60,1358
61,1390
58,1277
56,1250
63,1427
57,1308
59,1355
58,1339
55,1292
58,1350
57,1252
57,1328
59,1360
-,-,-,-
67,1538
69,1558
67,1512
71,1636
65,1451
68,1553
67,1519
65,1463
67,1506
72,1650
70,1572
64,1449
72,1650
65,1464
69,1597
72,1675
68,1579
68,1567
71,1598
72,1661
67,1546
71,1669
70,1615
71,1640
72,1650
67,1553
69,1582
64,1430
72,1677
67,1562
69,1601
71,1630
68,1590
69,1605
69,1586
72,1677
67,1524
72,1677
64,1468
68,1613
65,1510
68,1534
67,1579
68,1604
72,1760
66,1552
70,1667
65,1513
65,1546
62,1416
62,1441
64,1517
62,1503
63,1468
62,1435
61,1350
65,1511
56,1265
65,1496
56,1219
63,1458
62,1492
58,1293
61,1388
57,1301
61,1442
61,1505
59,1319
64,1462
61,1437
57,1298
59,1293
60,1396
60,1373
61,1475
60,1326
54,1220
59,1330
57,1257
-,-,-,-
68,1513
71,1647
72,1669
70,1622
65,1451
72,1650
65,1414
72,1648
71,1612
72,1650
70,1601
72,1650
68,1541
72,1679
72,1652
72,1650
66,1466
68,1543
67,1507
62,1422
72,1650
69,1561
72,1665
67,1547
67,1551
71,1616
72,1650
72,1664
71,1648
69,1590
68,1565
65,1491
65,1486
69,1538
69,1598
67,1556
62,1428
69,1580
72,1677
64,1577
72,1677
72,1677
72,1760
69,1699
60,1362
70,1682
63,1444
68,1628
71,1763
70,1692
71,1740
72,1786
59,1394
59,1296
65,1506
63,1435
64,1480
57,1240
58,1295
60,1414
60,1336
58,1261
63,1432
59,1276
59,1355
61,1459
52,1186
62,1481
58,1295
61,1330
59,1350
59,1388
60,1348
60,1347
59,1355
60,1336
60,1333
59,1394
56,1290
-,-,-,-
71,1673
68,1524
71,1604
67,1549
72,1648
70,1601
72,1648
67,1497
68,1542
68,1551
64,1431
68,1549
72,1648
67,1548
67,1576
66,1490
68,1551
68,1498
72,1648
67,1532
72,1648
70,1622
72,1650
67,1480
72,1678
66,1512
66,1495
72,1665
63,1364
71,1658
71,1653
66,1474
68,1540
72,1685
65,1522
69,1605
72,1677
72,1677
66,1545
71,1635
72,1677
64,1475
61,1422
66,1597
63,1465
64,1474
62,1445
69,1705
67,1621
71,1761
72,1760
70,1684
59,1289
56,1235
59,1288
59,1324
64,1497
63,1501
53,1186
55,1288
58,1338
62,1416
59,1348
57,1219
59,1312
56,1243
61,1416
58,1477
54,1069
60,1478
62,1443
55,1277
65,1539
59,1360
60,1404
59,1474
59,1238
52,1145
66,1539
-,-,-,-
71,1634
72,1659
64,1426
72,1665
69,1601
72,1673
64,1410
66,1474
70,1588
69,1584
68,1563
63,1425
71,1626
72,1648
66,1468
70,1578
68,1582
69,1584
72,1648
68,1608
68,1557
67,1517
61,1366
71,1634
72,1648
63,1424
71,1615
67,1515
68,1578
66,1429
68,1545
70,1636
69,1564
72,1677
71,1679
64,1436
69,1600
72,1677
70,1595
63,1369
72,1677
67,1531
72,1760
61,1374
72,1758
61,1467
69,1709
72,1760
63,1452
72,1760
63,1510
72,1760
63,1447
65,1515
63,1582
56,1233
62,1316
61,1362
66,1542
60,1405
57,1235
60,1450
60,1343
59,1389
59,1410
60,1316
62,1398
61,1375
61,1412
61,1447
58,1291
59,1268
57,1284
56,1237
60,1421
54,1275
62,1464
57,1309
59,1332
-,-,-,-
66,1464
65,1449
70,1606
72,1648
72,1648
72,1652
72,1693
72,1661
72,1650
71,1611
72,1648
59,1300
67,1537
71,1614
65,1488
72,1648
71,1630
71,1630
70,1603
69,1625
67,1563
72,1650
68,1549
72,1648
68,1543
72,1648
72,1648
67,1513
67,1555
72,1681
72,1677
72,1685
71,1635
68,1578
69,1638
72,1685
65,1515
72,1677
70,1601
63,1435
67,1545
68,1556
61,1439
70,1732
68,1675
62,1470
72,1768
69,1673
64,1481
64,1535
72,1758
72,1770
58,1358
67,1581
62,1450
62,1435
60,1346
60,1334
62,1420
59,1397
60,1333
56,1310
64,1480
57,1285
58,1355
59,1262
57,1315
60,1336
60,1342
55,1208
63,1351
63,1473
61,1365
64,1543
58,1311
56,1279
58,1354
57,1247
60,1401
-,-,-,-
63,1367
68,1555
72,1654
63,1435
68,1524
71,1636
71,1630
67,1541
65,1472
71,1623
70,1641
69,1574
72,1657
72,1648
71,1630
70,1619
70,1590
64,1420
72,1656
66,1526
69,1527
69,1574
65,1504
72,1648
71,1664
68,1552
64,1468
69,1538
72,1677
71,1650
72,1677
71,1649
70,1610
72,1679
67,1522
65,1471
62,1446
66,1508
72,1677
66,1535
68,1558
70,1599
70,1705
60,1390
64,1498
68,1645
71,1757
72,1758
60,1373
70,1720
67,1571
71,1747
64,1460
63,1521
59,1335
57,1298
61,1469
61,1362
61,1369
59,1413
61,1420
58,1326
61,1376
54,1217
59,1236
63,1453
64,1436
60,1255
60,1344
62,1445
60,1334
57,1286
60,1457
62,1401
63,1489
58,1362
63,1400
59,1339
58,1285
-,-,-,-
66,1473
72,1648
62,1413
71,1656
63,1417
71,1626
70,1587
69,1628
71,1634
66,1471
67,1505
72,1648
71,1626
71,1647
72,1650
63,1332
66,1522
72,1659
69,1525
68,1549
63,1415
61,1358
70,1595
72,1648
67,1539
72,1652
72,1648
71,1604
69,1620
71,1679
71,1645
70,1640
71,1639
67,1499
69,1629
72,1681
63,1444
66,1515
71,1657
65,1516
71,1633
69,1558
67,1564
61,1458
63,1439
67,1533
60,1397
69,1656
68,1644
67,1624
70,1693
71,1721
66,1554
65,1494
55,1237
59,1389
59,1332
62,1382
60,1384
61,1414
58,1287
57,1247
61,1446
56,1210
64,1432
56,1242
60,1336
58,1272
66,1573
64,1553
59,1307
58,1362
63,1419
61,1454
57,1364
63,1485
62,1414
62,1466
58,1316
-,-,-,-
72,1648
62,1413
68,1523
64,1419
70,1600
67,1533
71,1677
70,1631
71,1604
71,1632
67,1565
61,1332
66,1522
61,1370
72,1672
69,1614
68,1498
64,1467
72,1654
72,1648
72,1648
67,1586
72,1648
72,1654
71,1630
69,1544
72,1655
67,1505
63,1485
72,1677
73,1721
69,1540
71,1633
72,1690
70,1598
70,1594
67,1499
66,1496
66,1484
69,1573
67,1549
71,1642
68,1639
72,1752
72,1780
64,1464
72,1770
69,1709
72,1748
72,1758
68,1623
65,1540
59,1379
60,1395
60,1339
62,1490
59,1404
65,1542
63,1452
62,1497
63,1485
59,1372
57,1331
60,1398
60,1387
59,1352
53,1263
61,1432
62,1400
61,1361
60,1335
62,1415
66,1511
57,1266
65,1510
57,1339
62,1441
58,1333
63,1443
-,-,-,-
70,1647
71,1666
73,1721
66,1567
66,1531
65,1486
67,1546
70,1658
72,1687
70,1634
71,1690
73,1739
71,1684
68,1599
70,1635
72,1692
72,1713
73,1729
68,1583
64,1488
72,1700
73,1723
73,1721
68,1598
67,1562
73,1721
69,1577
71,1657
69,1612
69,1569
62,1364
66,1516
70,1605
67,1525
70,1630
69,1583
66,1491
70,1608
68,1513
71,1655
67,1519
72,1646
72,1754
58,1307
64,1480
65,1537
72,1748
72,1750
63,1452
64,1514
71,1747
64,1458
63,1428
60,1398
57,1335
58,1324
56,1290
62,1403
58,1310
61,1328
59,1375
60,1408
63,1463
60,1393
57,1282
57,1391
63,1570
62,1459
56,1286
60,1355
60,1418
58,1360
60,1351
57,1265
61,1368
56,1345
55,1233
63,1479
59,1368
-,-,-,-
71,1710
65,1457
68,1546
71,1686
70,1649
73,1721
67,1565
71,1675
67,1604
73,1723
67,1526
74,1779
73,1717
68,1652
69,1687
66,1539
69,1610
69,1624
63,1462
65,1466
67,1551
73,1727
64,1465
73,1721
72,1709
72,1707
67,1564
69,1630
71,1624
68,1565
72,1654
68,1608
63,1376
69,1604
72,1646
70,1566
70,1597
71,1621
70,1595
61,1368
71,1650
63,1432
70,1695
67,1571
67,1597
66,1510
67,1603
72,1746
66,1577
72,1748
63,1436
72,1742
60,1380
58,1319
59,1364
61,1374
61,1510
62,1414
59,1435
64,1471
58,1338
63,1404
63,1486
63,1464
59,1362
61,1492
59,1359
56,1266
56,1291
58,1210
58,1301
58,1307
62,1406
60,1307
60,1344
58,1348
58,1292
60,1405
59,1362
-,-,-,-
67,1544
62,1419
72,1739
68,1572
70,1628
66,1511
66,1543
74,1777
69,1611
73,1741
63,1439
65,1530
66,1512
69,1623
74,1779
67,1533
70,1692
70,1685
70,1657
69,1603
74,1779
72,1715
69,1599
66,1520
65,1460
68,1589
71,1663
69,1581
67,1585
67,1504
69,1590
70,1624
65,1460
72,1648
64,1422
67,1530
72,1697
72,1680
72,1663
65,1504
71,1629
71,1616
68,1655
68,1624
72,1740
72,1746
70,1716
72,1744
69,1630
71,1733
72,1742
62,1472
61,1411
58,1408
62,1460
61,1475
58,1324
65,1434
59,1393
61,1317
63,1532
60,1406
57,1365
59,1386
60,1409
61,1337
60,1382
57,1232
57,1323
58,1251
61,1377
59,1330
63,1481
57,1268
62,1456
55,1307
60,1393
56,1293
58,1354
-,-,-,-
74,1777
69,1640
74,1777
67,1560
73,1742
64,1487
73,1741
68,1625
74,1777
73,1733
74,1777
71,1670
70,1659
69,1659
73,1752
70,1654
68,1565
72,1713
65,1543
74,1777
71,1653
73,1751
74,1781
73,1736
70,1598
63,1454
74,1777
74,1777
71,1612
71,1624
65,1433
71,1662
70,1619
65,1456
65,1445
69,1527
69,1606
71,1606
69,1570
68,1565
69,1575
72,1654
71,1733
72,1740
66,1555
72,1742
68,1619
70,1673
66,1615
67,1633
69,1633
64,1476
66,1504
62,1485
62,1445
62,1427
59,1344
65,1513
62,1417
60,1376
63,1422
65,1494
63,1434
63,1436
63,1439
57,1241
59,1388
57,1366
63,1465
56,1214
55,1227
63,1354
65,1521
62,1378
62,1497
62,1420
57,1313
61,1437
57,1334
-,-,-,-
71,1672
70,1654
68,1625
69,1619
66,1514
68,1573
67,1528
72,1700
74,1781
67,1516
68,1607
72,1682
65,1518
72,1714
70,1664
63,1463
73,1731
68,1583
74,1777
60,1363
74,1785
74,1793
72,1701
72,1765
73,1749
70,1651
70,1638
71,1728
66,1505
69,1544
69,1552
72,1646
70,1634
69,1616
71,1625
69,1616
69,1588
71,1609
66,1499
66,1446
66,1488
72,1648
70,1712
61,1436
70,1676
67,1606
63,1486
72,1740
72,1740
61,1421
65,1484
73,1730
63,1552
60,1356
59,1351
56,1321
59,1387
63,1486
61,1420
62,1511
61,1362
58,1385
60,1371
61,1436
60,1351
62,1449
62,1445
57,1356
61,1468
60,1360
55,1201
60,1320
61,1372
58,1282
62,1489
59,1354
55,1268
58,1366
59,1396
-,-,-,-
73,1723
69,1612
74,1777
67,1536
74,1777
71,1688
65,1567
74,1777
74,1777
74,1779
70,1686
73,1743
74,1777
66,1510
72,1713
75,1816
66,1567
69,1637
72,1711
69,1598
74,1777
64,1502
74,1781
67,1575
64,1398
72,1702
71,1673
67,1582
72,1701
65,1516
68,1595
69,1624
72,1704
70,1659
69,1665
67,1544
73,1732
60,1330
61,1355
70,1633
61,1346
68,1596
71,1616
69,1549
66,1552
70,1604
69,1557
72,1650
71,1606
62,1406
68,1563
71,1611
61,1448
61,1451
57,1254
57,1299
64,1510
59,1314
61,1348
60,1358
63,1466
62,1382
60,1341
60,1405
57,1330
62,1415
62,1508
56,1365
59,1362
59,1441
56,1231
60,1309
61,1422
58,1241
63,1445
56,1253
62,1459
58,1389
58,1376
-,-,-,-
75,1808
69,1599
75,1816
70,1642
71,1694
71,1662
70,1645
74,1776
70,1654
70,1628
73,1743
67,1573
70,1625
63,1404
73,1769
70,1627
73,1735
67,1543
73,1748
67,1639
71,1703
72,1741
69,1586
68,1612
70,1654
66,1517
64,1478
66,1486
67,1589
60,1418
72,1730
73,1742
69,1623
71,1682
67,1562
67,1616
66,1505
67,1565
66,1472
69,1619
73,1736
66,1516
71,1634
71,1613
65,1424
70,1589
72,1646
67,1520
73,1715
69,1543
70,1614
71,1665
64,1475
59,1345
64,1534
62,1445
61,1377
64,1519
59,1315
59,1279
61,1356
58,1330
60,1390
63,1437
64,1456
64,1480
60,1424
62,1471
61,1408
59,1370
61,1440
65,1445
59,1373
57,1369
59,1448
60,1400
58,1391
52,1125
60,1344
-,-,-,-
74,1830
75,1808
75,1816
69,1623
75,1808
69,1653
70,1664
72,1698
72,1710
72,1661
75,1816
66,1543
69,1613
69,1613
73,1728
66,1483
70,1644
61,1326
75,1806
68,1607
72,1666
67,1568
70,1640
71,1672
72,1699
71,1766
72,1689
68,1554
62,1364
70,1628
71,1689
67,1474
71,1637
71,1652
73,1730
72,1702
72,1667
70,1653
73,1715
72,1692
69,1579
73,1715
73,1730
72,1706
60,1345
62,1482
68,1594
73,1730
62,1430
73,1728
73,1728
73,1728
62,1377
61,1455
61,1416
64,1448
61,1435
59,1325
58,1274
62,1355
64,1534
65,1485
58,1332
60,1364
63,1400
65,1550
60,1383
58,1272
57,1307
62,1426
58,1324
58,1319
59,1311
59,1354
64,1504
60,1361
64,1494
59,1445
60,1402
-,-,-,-
70,1636
74,1770
68,1518
69,1591
65,1515
63,1424
74,1781
72,1696
70,1660
73,1745
75,1806
74,1742
67,1564
67,1564
65,1525
68,1518
75,1806
69,1595
66,1547
72,1725
75,1806
72,1686
73,1717
61,1359
68,1593
72,1700
75,1806
70,1666
69,1531
62,1393
67,1544
70,1642
68,1496
73,1734
71,1629
73,1715
67,1579
73,1711
73,1713
67,1524
69,1600
68,1551
73,1732
66,1522
73,1728
72,1690
73,1728
69,1605
70,1662
70,1644
73,1730
73,1728
62,1448
59,1306
58,1264
64,1509
60,1484
58,1338
59,1341
63,1523
63,1379
64,1523
63,1455
60,1402
66,1532
62,1422
64,1431
57,1320
58,1321
61,1368
55,1317
59,1400
61,1377
59,1312
57,1290
58,1292
57,1261
57,1336
60,1395
-,-,-,-
69,1601
75,1828
65,1455
65,1469
65,1484
75,1806
72,1725
74,1768
69,1592
75,1806
69,1618
73,1754
74,1772
63,1451
74,1774
65,1562
71,1664
74,1760
71,1641
73,1722
67,1556
73,1730
72,1686
73,1729
68,1616
72,1673
72,1700
68,1571
72,1690
73,1713
71,1655
70,1616
70,1617
65,1496
72,1682
63,1445
72,1654
66,1547
73,1709
62,1396
70,1645
70,1603
62,1422
68,1598
71,1686
73,1728
63,1373
66,1551
67,1560
73,1728
73,1728
67,1536
60,1401
61,1364
65,1514
59,1293
57,1293
58,1371
58,1384
60,1380
60,1327
64,1435
66,1580
61,1353
63,1428
60,1385
55,1209
60,1428
61,1388
60,1306
57,1359
58,1320
56,1268
59,1361
64,1487
60,1357
64,1484
55,1372
62,1463
-,-,-,-
63,1488
62,1370
70,1667
75,1806
67,1570
75,1806
73,1777
69,1609
73,1734
66,1478
65,1509
69,1641
66,1533
67,1612
72,1720
64,1530
65,1430
68,1584
75,1812
73,1704
72,1692
75,1800
75,1806
68,1546
72,1685
75,1806
71,1644
70,1644
65,1482
69,1598
63,1376
72,1661
70,1600
67,1544
70,1641
68,1575
72,1696
72,1663
72,1679
71,1638
72,1669
70,1659
63,1478
63,1487
71,1695
61,1352
73,1728
72,1700
67,1624
62,1377
68,1585
73,1728
60,1307
61,1442
64,1444
63,1487
56,1276
59,1395
61,1419
66,1619
56,1266
63,1407
62,1461
63,1425
59,1266
58,1303
60,1392
54,1231
58,1261
56,1277
61,1344
57,1235
59,1328
59,1269
57,1337
62,1465
59,1276
61,1504
58,1318
-,-,-,-
75,1800
69,1614
68,1575
65,1530
73,1741
75,1800
69,1602
68,1568
75,1800
72,1695
73,1768
71,1644
64,1419
73,1728
74,1760
75,1800
74,1766
63,1402
69,1618
74,1758
75,1800
68,1562
67,1531
63,1371
67,1594
67,1516
69,1609
69,1635
72,1672
71,1684
68,1562
72,1681
67,1487
73,1709
73,1717
72,1696
70,1620
69,1624
67,1527
72,1663
71,1642
69,1576
62,1473
70,1648
68,1578
70,1606
66,1537
68,1583
71,1674
68,1549
72,1710
73,1730
63,1486
61,1462
61,1404
58,1368
61,1425
58,1313
55,1269
65,1591
59,1245
61,1424
65,1463
59,1315
57,1340
61,1366
64,1450
60,1380
61,1475
59,1340
58,1273
59,1438
61,1392
61,1377
61,1474
58,1264
54,1240
62,1500
55,1240
-,-,-,-
70,1632
75,1800
70,1627
67,1575
70,1674
74,1768
71,1669
65,1472
66,1457
75,1810
72,1692
74,1748
63,1431
72,1684
70,1622
75,1800
68,1551
71,1655
69,1583
67,1503
71,1660
71,1666
75,1800
75,1812
73,1739
70,1643
72,1698
66,1510
70,1619
73,1709
73,1709
73,1709
73,1719
58,1232
72,1661
72,1692
70,1609
73,1728
66,1449
69,1595
72,1678
72,1677
69,1667
72,1706
66,1550
73,1728
71,1653
61,1361
64,1409
68,1622
71,1678
73,1728
59,1377
61,1388
59,1379
59,1371
62,1477
64,1473
59,1350
59,1348
63,1414
60,1261
61,1442
58,1363
60,1337
64,1538
57,1246
57,1262
64,1561
64,1509
58,1279
60,1363
62,1439
60,1404
60,1358
56,1163
61,1401
58,1346
55,1206
-,-,-,-
71,1660
72,1701
67,1558
74,1766
71,1627
66,1545
67,1588
69,1601
67,1570
69,1598
66,1550
73,1728
65,1496
68,1640
67,1567
74,1782
67,1547
70,1631
64,1434
74,1764
75,1800
70,1653
70,1654
64,1440
69,1586
63,1385
74,1794
69,1616
73,1709
73,1717
69,1619
73,1709
73,1722
67,1570
73,1709
67,1508
73,1709
72,1679
72,1689
71,1685
73,1709
65,1502
64,1522
70,1606
68,1574
70,1614
69,1649
68,1595
71,1698
73,1728
73,1728
67,1546
64,1517
60,1400
67,1537
57,1259
61,1476
57,1319
60,1343
65,1556
59,1298
62,1456
64,1481
60,1311
57,1310
59,1308
65,1560
58,1360
59,1397
62,1420
59,1329
59,1363
59,1343
59,1344
60,1391
58,1305
60,1351
58,1327
61,1380
-,-,-,-
66,1469
62,1361
73,1728
70,1646
72,1684
71,1647
73,1736
73,1728
69,1610
73,1718
70,1644
73,1728
61,1413
74,1766
67,1552
68,1588
73,1731
64,1467
63,1444
68,1559
68,1645
74,1766
73,1731
63,1436
73,1721
72,1671
70,1622
73,1742
73,1709
68,1613
72,1680
70,1622
69,1600
65,1465
71,1661
69,1590
71,1646
65,1506
70,1625
72,1685
73,1709
73,1709
68,1594
69,1630
73,1728
71,1682
71,1679
68,1636
68,1587
63,1404
65,1510
66,1501
65,1475
61,1469
60,1343
56,1318
59,1360
60,1355
60,1399
62,1480
59,1406
64,1465
54,1250
56,1264
58,1266
61,1418
64,1542
58,1333
61,1431
59,1290
57,1250
58,1309
59,1374
61,1438
64,1459
55,1182
63,1484
59,1330
56,1238
-,-,-,-
73,1733
72,1710
69,1614
75,1804
75,1802
71,1708
67,1537
75,1800
73,1714
75,1810
68,1608
71,1702
65,1485
74,1782
72,1673
75,1800
64,1434
74,1784
74,1779
68,1603
66,1526
74,1766
74,1782
66,1515
66,1522
68,1556
63,1459
73,1733
70,1638
73,1709
63,1417
68,1575
73,1709
60,1354
73,1717
73,1717
70,1646
70,1634
66,1545
66,1529
67,1510
71,1654
67,1540
68,1650
69,1614
73,1728
64,1460
70,1635
73,1728
69,1663
70,1639
69,1607
58,1256
64,1514
62,1496
56,1315
64,1522
64,1498
60,1427
64,1498
58,1299
61,1379
57,1281
63,1502
58,1266
59,1372
58,1354
56,1284
60,1391
56,1260
57,1295
59,1288
54,1196
60,1425
58,1242
61,1364
58,1316
61,1453
63,1432
-,-,-,-
67,1561
72,1680
71,1688
70,1663
75,1798
66,1504
70,1657
74,1744
74,1748
74,1754
75,1800
70,1633
74,1766
66,1523
75,1800
74,1784
67,1518
73,1743
65,1416
69,1649
75,1800
75,1810
65,1458
64,1396
71,1700
64,1459
70,1667
73,1771
69,1624
73,1709
63,1420
69,1626
68,1582
65,1443
70,1620
64,1476
71,1656
72,1677
69,1577
67,1531
69,1596
72,1672
69,1621
68,1564
63,1397
66,1520
64,1451
71,1664
73,1740
67,1530
70,1622
71,1662
62,1340
61,1492
64,1510
59,1384
58,1301
60,1405
56,1314
62,1468
61,1323
63,1442
63,1425
66,1587
58,1248
59,1325
64,1445
63,1579
62,1459
61,1443
59,1389
60,1402
57,1331
59,1271
62,1388
59,1290
58,1350
62,1331
59,1359
-,-,-,-
66,1545
71,1673
71,1639
72,1713
62,1423
73,1721
69,1597
68,1621
74,1750
74,1786
74,1764
75,1796
73,1756
73,1748
71,1661
70,1612
70,1657
70,1608
68,1569
70,1671
70,1612
66,1569
63,1424
64,1437
75,1806
72,1735
74,1763
75,1798
65,1449
68,1531
73,1709
65,1443
69,1621
68,1513
68,1548
73,1723
62,1360
71,1653
71,1623
68,1567
73,1709
73,1709
62,1348
69,1662
67,1536
66,1572
69,1633
69,1628
70,1670
63,1409
72,1698
71,1680
64,1531
65,1467
61,1380
54,1294
65,1538
59,1333
59,1382
60,1421
62,1427
62,1409
59,1224
62,1380
63,1395
61,1482
64,1501
58,1384
64,1481
58,1424
59,1376
57,1297
63,1483
63,1464
63,1529
56,1243
59,1319
58,1288
56,1276
-,-,-,-
75,1796
72,1687
70,1620
73,1750
70,1627
75,1796
72,1691
74,1772
66,1524
67,1560
73,1736
68,1541
69,1636
71,1678
65,1459
68,1557
66,1531
71,1720
64,1402
72,1692
68,1648
75,1796
67,1531
73,1753
75,1796
71,1671
74,1772
73,1736
64,1466
71,1692
65,1478
66,1541
63,1352
73,1709
69,1586
67,1573
68,1602
68,1577
63,1411
68,1563
72,1687
70,1656
60,1441
68,1620
66,1515
71,1692
70,1625
71,1678
62,1435
58,1287
69,1617
73,1728
63,1407
61,1357
65,1542
59,1431
64,1505
60,1441
63,1435
62,1392
59,1409
57,1239
61,1407
61,1376
62,1411
63,1470
64,1480
64,1437
55,1247
61,1359
58,1334
64,1394
61,1434
61,1423
58,1311
59,1315
63,1442
58,1263
58,1408
-,-,-,-
75,1796
69,1585
68,1575
65,1468
75,1796
75,1796
67,1564
69,1602
71,1656
66,1542
69,1575
68,1559
67,1581
72,1753
73,1730
75,1796
68,1638
66,1471
64,1370
65,1562
71,1638
65,1469
71,1657
70,1663
73,1732
66,1534
66,1541
68,1585
71,1623
71,1664
67,1473
72,1679
65,1420
65,1494
68,1643
73,1709
70,1604
73,1709
72,1701
73,1709
68,1559
64,1529
73,1734
73,1728
73,1730
69,1648
73,1728
71,1678
65,1549
65,1473
73,1726
73,1728
57,1241
60,1353
58,1331
54,1215
65,1529
57,1229
64,1489
64,1460
57,1343
62,1363
60,1311
59,1342
63,1425
62,1469
64,1487
58,1255
61,1344
58,1330
61,1468
59,1311
64,1491
61,1396
60,1408
52,1135
57,1269
61,1380
56,1298
-,-,-,-
65,1534
68,1601
75,1796
75,1792
73,1741
72,1737
71,1664
75,1818
66,1547
75,1798
68,1569
71,1656
69,1578
74,1820
69,1579
66,1505
70,1656
73,1732
70,1628
70,1648
73,1736
70,1653
70,1598
71,1662
68,1575
68,1602
71,1670
70,1638
73,1709
69,1590
72,1659
71,1695
66,1541
71,1623
70,1574
55,1180
73,1713
68,1575
73,1709
73,1711
69,1599
72,1679
72,1709
72,1713
68,1560
67,1583
62,1381
69,1602
73,1726
59,1348
68,1631
70,1643
58,1337
62,1438
61,1352
61,1445
61,1473
56,1318
61,1373
62,1424
62,1490
61,1338
60,1328
63,1470
55,1220
60,1455
64,1473
63,1507
65,1503
61,1331
58,1307
58,1247
59,1307
56,1253
62,1445
62,1436
59,1295
61,1386
61,1360
-,-,-,-
75,1802
66,1536
72,1712
75,1792
69,1583
67,1539
72,1697
70,1629
75,1792
74,1746
70,1629
64,1480
73,1714
71,1671
71,1675
64,1465
75,1792
65,1544
73,1761
75,1794
75,1792
75,1792
75,1794
68,1548
73,1713
72,1739
63,1446
67,1568
63,1450
73,1709
72,1674
65,1443
68,1635
73,1719
73,1717
68,1589
68,1561
73,1709
63,1390
69,1530
70,1613
68,1589
61,1445
62,1361
62,1480
70,1682
62,1401
69,1603
73,1726
71,1694
62,1421
64,1511
60,1349
60,1317
58,1309
64,1457
62,1432
59,1417
61,1345
61,1442
60,1398
63,1463
61,1336
64,1515
63,1541
60,1333
57,1321
58,1273
63,1442
59,1367
62,1434
57,1267
59,1296
62,1324
60,1376
61,1420
62,1370
56,1244
55,1268
-,-,-,-
73,1713
69,1588
71,1632
71,1677
70,1647
69,1589
68,1636
74,1764
73,1745
65,1465
72,1713
72,1699
75,1796
63,1479
73,1720
63,1501
67,1520
75,1792
70,1639
71,1644
64,1409
66,1487
71,1629
68,1637
73,1722
73,1745
75,1792
74,1773
72,1673
73,1713
71,1656
66,1531
73,1709
69,1554
73,1709
69,1608
67,1537
66,1492
67,1589
69,1603
70,1675
70,1626
68,1586
69,1598
68,1592
70,1648
69,1635
64,1460
73,1732
73,1732
73,1738
62,1421
59,1361
64,1537
61,1365
60,1423
59,1345
60,1417
61,1399
59,1348
63,1458
60,1376
63,1434
62,1434
62,1447
65,1506
59,1376
63,1504
57,1249
61,1410
63,1406
61,1429
58,1350
58,1371
59,1331
59,1289
56,1235
59,1317
58,1397
-,-,-,-
73,1742
75,1792
65,1478
70,1650
72,1688
66,1531
75,1792
75,1802
64,1474
74,1754
68,1578
70,1668
74,1764
68,1587
74,1754
75,1792
68,1550
70,1616
72,1688
66,1533
75,1792
70,1634
72,1684
72,1683
71,1646
73,1720
73,1726
69,1599
73,1711
72,1670
67,1526
70,1630
67,1538
73,1717
73,1709
73,1709
64,1429
73,1709
73,1721
73,1717
67,1481
66,1497
62,1410
67,1578
65,1492
73,1726
71,1666
69,1590
67,1620
73,1726
60,1345
73,1726
57,1333
62,1517
53,1144
60,1369
59,1309
62,1427
55,1225
64,1481
61,1403
59,1262
56,1246
61,1410
65,1523
59,1331
63,1477
61,1427
57,1252
59,1326
58,1278
62,1475
62,1440
60,1410
63,1482
55,1172
56,1265
61,1382
59,1391
-,-,-,-
69,1587
67,1521
69,1585
67,1532
73,1728
69,1569
72,1680
71,1670
73,1741
75,1792
68,1590
63,1397
75,1792
73,1722
71,1664
70,1616
72,1719
71,1671
67,1551
72,1707
71,1668
74,1787
67,1591
72,1688
67,1527
71,1671
63,1448
75,1790
65,1415
65,1502
69,1579
72,1661
68,1601
67,1576
73,1709
73,1728
69,1580
71,1623
70,1626
67,1510
69,1584
71,1656
73,1726
69,1606
63,1425
73,1726
69,1599
73,1726
72,1721
73,1732
68,1588
72,1698
64,1445
58,1409
60,1376
64,1486
61,1428
64,1488
59,1330
61,1382
61,1405
57,1223
63,1402
59,1462
61,1351
62,1385
62,1434
63,1438
58,1277
57,1279
66,1599
63,1376
62,1434
58,1329
66,1592
59,1390
58,1316
60,1352
59,1464
-,-,-,-
68,1590
66,1518
74,1790
75,1790
72,1691
67,1552
69,1611
75,1790
75,1790
73,1710
66,1568
75,1790
72,1749
73,1718
63,1490
75,1790
71,1732
75,1790
71,1621
75,1794
75,1802
75,1794
62,1420
70,1643
69,1595
71,1682
71,1679
70,1626
72,1683
68,1527
70,1632
73,1711
62,1450
70,1606
61,1358
66,1531
68,1603
70,1630
73,1719
72,1672
70,1631
71,1653
70,1651
72,1694
72,1708
61,1375
72,1713
72,1703
73,1726
69,1597
70,1631
69,1608
59,1267
61,1397
64,1464
61,1448
59,1365
59,1354
61,1418
65,1514
58,1440
59,1363
64,1554
62,1334
64,1426
62,1412
62,1416
59,1303
64,1493
61,1442
61,1366
60,1378
60,1360
60,1376
61,1452
62,1422
57,1247
64,1420
57,1313
-,-,-,-
74,1778
65,1507
65,1472
65,1455
75,1790
65,1525
74,1766
70,1620
73,1730
75,1790
73,1764
75,1790
69,1567
68,1566
75,1790
69,1649
68,1566
71,1657
69,1579
72,1717
63,1511
69,1625
74,1752
67,1554
74,1760
72,1725
68,1577
71,1673
67,1528
67,1494
71,1653
69,1651
69,1576
60,1353
68,1605
73,1709
70,1600
67,1514
66,1445
71,1656
71,1669
66,1523
68,1574
71,1660
70,1606
69,1608
69,1648
62,1361
65,1513
60,1357
64,1492
73,1726
61,1400
64,1472
59,1355
57,1371
61,1378
59,1378
63,1412
60,1414
62,1419
58,1304
64,1480
61,1400
60,1305
62,1484
63,1550
62,1423
61,1432
62,1461
63,1399
61,1391
60,1339
65,1520
60,1420
62,1435
59,1326
56,1279
59,1359
-,-,-,-
65,1483
69,1641
75,1790
74,1776
72,1668
70,1637
72,1688
65,1483
75,1790
68,1587
74,1764
74,1761
72,1735
73,1708
74,1756
75,1800
71,1676
75,1790
68,1572
75,1790
67,1514
72,1686
65,1478
75,1792
67,1537
69,1614
73,1744
68,1558
68,1544
70,1601
73,1713
66,1541
72,1688
70,1632
64,1420
68,1573
69,1607
69,1592
72,1682
69,1597
73,1722
63,1420
67,1557
70,1606
65,1484
66,1500
71,1668
73,1726
63,1408
68,1574
73,1726
65,1464
59,1334
64,1390
56,1246
60,1327
54,1228
56,1273
60,1398
65,1556
59,1329
63,1494
54,1252
60,1276
63,1386
61,1420
62,1456
61,1396
67,1532
60,1422
57,1327
60,1357
59,1425
57,1234
58,1336
59,1389
61,1391
56,1211
62,1481
-,-,-,-
75,1790
61,1318
75,1790
70,1675
73,1706
68,1566
70,1628
63,1497
73,1706
66,1540
73,1723
72,1729
72,1749
75,1794
74,1756
75,1790
72,1677
67,1517
73,1704
73,1736
63,1454
68,1571
70,1624
75,1790
62,1354
69,1622
71,1685
69,1664
73,1709
71,1657
71,1623
69,1583
73,1709
73,1717
72,1679
67,1540
72,1705
64,1417
73,1722
66,1525
71,1648
73,1709
66,1541
73,1726
73,1728
69,1591
66,1524
72,1726
64,1444
73,1732
66,1503
68,1628
61,1401
64,1489
61,1349
60,1382
58,1383
64,1483
60,1380
64,1504
65,1522
63,1460
62,1489
60,1369
60,1317
63,1391
62,1395
61,1345
65,1547
60,1440
59,1324
61,1327
62,1422
58,1325
58,1324
61,1475
62,1387
65,1544
61,1433
-,-,-,-
67,1544
66,1534
69,1658
67,1556
75,1796
75,1794
74,1765
71,1643
64,1446
75,1796
75,1792
66,1562
70,1659
68,1571
75,1792
64,1485
66,1485
62,1395
66,1492
71,1642
73,1740
74,1756
75,1790
69,1609
67,1589
67,1584
69,1636
68,1560
69,1579
73,1722
67,1541
61,1373
72,1679
73,1711
61,1356
67,1555
69,1606
63,1450
67,1552
72,1681
70,1646
69,1649
68,1578
68,1531
66,1582
65,1539
61,1385
68,1571
69,1643
70,1606
73,1726
68,1585
59,1322
62,1404
65,1572
57,1299
56,1271
63,1475
56,1244
59,1317
68,1607
61,1422
57,1336
60,1426
63,1359
65,1447
61,1363
63,1418
63,1408
60,1339
58,1279
61,1400
56,1234
65,1456
60,1332
58,1324
60,1378
60,1348
57,1329
-,-,-,-
64,1501
71,1671
69,1637
73,1723
74,1766
64,1474
66,1531
73,1747
68,1568
60,1327
73,1737
73,1747
67,1508
73,1704
71,1675
63,1476
70,1668
75,1790
75,1790
68,1630
70,1639
75,1790
74,1752
71,1669
64,1409
71,1654
72,1708
75,1790
73,1709
70,1600
73,1722
66,1524
63,1370
65,1482
67,1535
69,1626
73,1709
62,1442
65,1450
73,1709
71,1646
70,1633
68,1619
69,1608
68,1595
69,1590
73,1726
69,1581
70,1648
70,1689
66,1502
71,1624
60,1450
65,1453
60,1363
62,1410
64,1485
58,1366
62,1385
59,1393
61,1470
62,1478
62,1470
60,1404
56,1207
64,1476
62,1373
67,1527
62,1453
63,1491
65,1501
62,1435
59,1345
58,1239
61,1382
63,1466
57,1326
56,1219
58,1411
-,-,-,-
71,1644
69,1606
71,1621
65,1461
68,1571
64,1508
74,1760
74,1756
75,1790
71,1631
65,1516
65,1461
74,1754
70,1620
69,1608
70,1658
66,1524
68,1553
69,1549
62,1389
75,1790
71,1631
72,1655
72,1688
75,1798
65,1492
68,1571
73,1740
69,1613
67,1487
69,1582
72,1689
70,1597
70,1626
68,1550
64,1390
72,1676
67,1519
71,1682
71,1698
68,1510
73,1715
70,1704
63,1408
67,1582
66,1558
67,1584
69,1642
64,1462
73,1726
66,1493
63,1398
65,1585
61,1368
59,1340
63,1455
60,1413
58,1325
58,1349
57,1335
60,1388
62,1425
61,1415
59,1306
58,1338
59,1270
64,1399
61,1344
61,1359
63,1477
61,1404
59,1380
61,1372
60,1262
58,1325
60,1406
56,1336
58,1322
57,1358
-,-,-,-
75,1800
74,1746
72,1685
65,1550
69,1637
66,1520
75,1794
68,1575
71,1675
72,1697
66,1512
72,1687
75,1790
69,1585
70,1633
74,1787
67,1517
68,1556
72,1705
66,1541
66,1541
67,1535
72,1765
70,1623
73,1737
68,1571
72,1695
69,1614
73,1709
73,1709
65,1503
70,1676
69,1586
69,1623
68,1544
72,1674
73,1709
73,1722
73,1709
72,1691
70,1627
73,1709
71,1674
70,1624
70,1658
68,1592
67,1573
72,1706
71,1680
72,1708
66,1529
73,1726
62,1431
65,1524
57,1250
60,1350
63,1513
61,1411
59,1328
62,1487
61,1394
55,1304
67,1582
63,1476
56,1326
64,1476
60,1388
58,1313
58,1370
58,1371
59,1266
63,1556
62,1432
56,1182
61,1403
59,1312
58,1380
59,1312
56,1325
-,-,-,-
65,1492
72,1717
72,1734
70,1601
72,1747
71,1666
73,1720
68,1574
73,1746
68,1574
69,1587
72,1672
73,1710
73,1701
75,1790
75,1790
74,1776
68,1637
75,1794
68,1600
73,1718
71,1654
75,1792
71,1644
74,1778
74,1752
72,1718
71,1657
66,1449
66,1459
72,1685
70,1633
73,1711
73,1709
71,1657
71,1634
69,1626
67,1527
67,1501
73,1709
67,1501
67,1489
65,1588
59,1264
65,1449
70,1663
71,1664
70,1692
67,1552
71,1684
73,1730
69,1600
63,1465
65,1497
61,1407
62,1421
58,1342
60,1317
56,1349
61,1390
61,1417
60,1393
58,1305
61,1467
61,1511
62,1408
63,1387
55,1217
54,1188
61,1344
65,1479
59,1361
61,1401
62,1335
60,1339
60,1367
61,1394
56,1224
59,1424
-,-,-,-
68,1571
65,1497
72,1727
75,1800
68,1604
65,1538
68,1557
71,1634
75,1816
70,1650
68,1571
72,1675
74,1768
62,1471
58,1265
67,1566
66,1479
70,1638
73,1721
62,1438
65,1445
75,1790
68,1615
66,1531
73,1737
73,1758
69,1600
71,1641
66,1537
72,1687
70,1622
73,1709
73,1709
68,1561
72,1672
69,1577
73,1709
70,1610
70,1619
73,1709
69,1577
73,1709
69,1620
68,1593
68,1580
73,1726
69,1581
71,1678
64,1429
73,1732
63,1399
63,1433
59,1397
65,1478
62,1339
65,1514
61,1406
62,1387
61,1420
62,1426
66,1578
55,1260
62,1469
63,1387
57,1300
55,1209
58,1250
57,1269
63,1424
55,1251
56,1263
63,1460
56,1307
64,1465
65,1477
53,1176
55,1357
58,1257
56,1322
-,-,-,-
66,1568
70,1615
66,1485
70,1639
74,1767
74,1754
69,1587
71,1652
74,1754
65,1478
63,1423
64,1499
66,1516
71,1702
67,1578
75,1790
69,1609
70,1586
71,1684
72,1702
71,1679
62,1454
72,1716
75,1790
66,1539
75,1790
66,1474
75,1790
71,1646
71,1657
68,1516
64,1490
62,1405
72,1695
70,1609
73,1730
64,1415
65,1484
73,1709
73,1709
71,1609
71,1690
72,1714
65,1518
64,1471
69,1606
70,1614
73,1726
72,1690
66,1542
60,1409
69,1601
63,1578
61,1446
62,1369
62,1355
64,1526
60,1394
59,1375
59,1448
59,1384
58,1367
60,1413
61,1408
58,1321
55,1225
62,1353
59,1286
65,1470
60,1381
59,1351
60,1369
54,1246
59,1348
58,1276
56,1223
58,1309
61,1392
59,1390
-,-,-,-
65,1540
71,1684
73,1727
70,1613
65,1523
73,1725
65,1462
62,1362
75,1790
66,1578
73,1745
73,1722
73,1741
75,1790
66,1541
72,1708
72,1702
66,1477
70,1617
69,1633
70,1713
75,1790
71,1620
74,1771
68,1599
66,1539
71,1672
75,1790
69,1599
72,1690
73,1711
70,1602
60,1388
72,1671
73,1709
68,1559
70,1648
71,1641
62,1415
73,1709
71,1664
70,1665
68,1613
71,1698
73,1726
71,1674
63,1390
71,1690
67,1604
70,1717
70,1672
70,1662
61,1455
61,1372
66,1539
65,1520
60,1386
60,1378
60,1406
63,1455
56,1302
59,1430
63,1420
57,1364
57,1376
60,1255
62,1430
59,1312
58,1302
63,1414
58,1276
59,1292
59,1357
62,1417
63,1407
60,1348
60,1378
58,1326
62,1451
-,-,-,-
70,1639
72,1700
67,1553
66,1524
63,1497
63,1441
71,1681
74,1806
66,1516
72,1739
72,1694
68,1590
67,1531
73,1763
72,1680
69,1604
74,1775
69,1594
68,1615
66,1537
74,1756
74,1770
74,1742
67,1570
75,1790
71,1679
75,1790
72,1694
59,1292
70,1630
69,1595
67,1501
67,1541
68,1579
61,1394
65,1468
73,1722
71,1645
72,1674
73,1713
62,1345
71,1650
73,1726
71,1712
73,1726
73,1726
72,1700
63,1419
69,1607
64,1488
70,1606
70,1692
62,1477
56,1242
64,1458
63,1435
68,1556
61,1408
60,1353
60,1391
64,1486
59,1362
61,1313
60,1411
64,1559
61,1357
61,1383
57,1204
57,1292
61,1356
54,1162
57,1334
61,1420
65,1506
61,1390
60,1467
62,1537
61,1370
57,1356
-,-,-,-
73,1736
73,1726
72,1676
68,1578
68,1557
74,1746
67,1535
68,1573
75,1790
74,1760
70,1633
66,1541
72,1683
69,1634
73,1732
75,1790
75,1794
75,1790
72,1727
72,1689
71,1659
75,1790
66,1500
69,1582
74,1756
73,1738
69,1633
75,1792
73,1709
70,1636
73,1709
68,1529
73,1709
73,1711
61,1356
69,1590
71,1649
73,1709
72,1711
69,1635
64,1424
62,1394
68,1629
61,1307
69,1612
72,1712
69,1601
70,1610
66,1520
69,1595
68,1580
72,1704
66,1569
59,1366
61,1359
59,1333
65,1491
62,1356
61,1315
56,1272
58,1300
52,1234
61,1335
61,1373
59,1365
60,1254
61,1352
57,1262
58,1308
62,1360
56,1276
63,1453
62,1359
63,1469
60,1341
59,1326
61,1469
58,1296
57,1317
-,-,-,-
64,1441
74,1748
74,1775
68,1623
75,1792
69,1629
68,1589
73,1740
75,1790
71,1628
75,1790
67,1556
73,1728
59,1336
72,1709
65,1500
73,1739
74,1771
73,1726
74,1756
74,1748
75,1790
72,1727
68,1623
70,1654
69,1644
74,1767
67,1558
63,1352
72,1683
65,1451
68,1579
71,1658
73,1709
72,1672
73,1709
69,1623
71,1645
65,1498
73,1724
73,1709
73,1709
72,1724
73,1726
71,1698
69,1626
66,1472
61,1338
73,1726
69,1614
73,1726
70,1620
62,1446
68,1623
60,1281
61,1305
64,1434
61,1424
61,1424
59,1311
62,1481
61,1374
61,1454
58,1345
60,1397
52,1110
60,1342
63,1470
57,1225
59,1373
60,1358
61,1423
56,1227
57,1375
54,1147
61,1379
56,1268
54,1220
57,1338
-,-,-,-
73,1732
75,1790
74,1760
60,1342
75,1794
75,1794
68,1558
70,1625
72,1655
69,1611
62,1389
70,1639
74,1786
72,1701
70,1656
69,1617
66,1537
71,1676
70,1647
70,1616
75,1794
73,1701
69,1600
74,1748
73,1706
74,1772
72,1700
62,1415
73,1711
73,1728
65,1436
73,1709
71,1660
70,1609
73,1730
73,1709
71,1666
67,1528
73,1709
73,1717
65,1454
70,1622
64,1476
73,1726
72,1711
73,1726
64,1450
66,1560
63,1412
64,1456
68,1597
73,1726
63,1403
60,1398
63,1412
61,1346
62,1383
64,1476
58,1385
62,1392
61,1410
60,1428
64,1454
63,1546
63,1520
58,1239
57,1307
62,1336
56,1249
61,1451
62,1476
61,1365
63,1440
65,1549
58,1255
60,1407
56,1271
58,1226
59,1445
-,-,-,-
64,1494
73,1749
70,1615
63,1455
71,1642
72,1749
72,1725
73,1718
64,1467
68,1626
71,1657
75,1790
65,1499
63,1447
70,1589
71,1653
73,1708
72,1680
63,1412
69,1637
72,1703
71,1644
65,1478
72,1682
66,1534
67,1545
73,1724
65,1501
73,1719
73,1709
72,1686
64,1449
64,1447
67,1540
71,1627
72,1669
60,1339
71,1619
66,1522
66,1490
68,1512
69,1625
73,1728
67,1561
65,1518
71,1680
71,1724
66,1540
70,1634
67,1603
73,1726
73,1726
59,1346
59,1345
62,1460
58,1238
63,1390
64,1494
62,1488
59,1383
59,1389
58,1323
59,1279
62,1413
58,1406
64,1498
63,1492
59,1256
55,1222
59,1298
64,1472
60,1306
64,1384
60,1407
62,1417
59,1349
61,1390
55,1229
56,1275
-,-,-,-
75,1792
62,1378
69,1589
69,1576
66,1507
68,1596
71,1682
73,1740
69,1615
72,1675
70,1642
74,1748
68,1571
65,1479
74,1756
70,1616
72,1677
75,1800
74,1752
74,1766
72,1668
73,1704
69,1589
66,1485
69,1595
67,1540
74,1754
71,1658
72,1681
64,1498
66,1524
72,1661
73,1709
68,1529
66,1531
67,1510
72,1659
67,1576
69,1577
72,1661
73,1709
65,1413
67,1583
64,1432
65,1519
65,1505
67,1561
63,1398
67,1523
69,1615
73,1726
68,1595
63,1460
61,1399
60,1370
59,1345
60,1339
63,1480
59,1325
59,1326
66,1582
63,1446
60,1383
62,1442
64,1528
59,1319
61,1340
62,1341
62,1413
61,1411
59,1278
60,1364
59,1326
62,1541
60,1339
57,1302
55,1311
61,1328
65,1547
-,-,-,-
71,1642
75,1802
73,1758
71,1642
66,1518
67,1513
71,1704
68,1589
74,1752
68,1579
75,1790
70,1626
71,1688
75,1792
67,1541
72,1740
74,1750
74,1760
74,1770
69,1609
64,1486
67,1539
70,1645
67,1578
66,1576
75,1792
70,1622
65,1417
69,1576
70,1609
68,1567
73,1711
66,1525
68,1621
68,1540
73,1724
73,1709
63,1412
69,1635
65,1500
70,1642
63,1404
69,1617
73,1726
73,1726
71,1680
65,1464
65,1484
60,1330
71,1678
62,1401
65,1516
63,1420
62,1469
64,1392
63,1415
69,1608
62,1444
63,1526
62,1414
59,1413
59,1457
61,1390
62,1371
60,1445
62,1418
63,1414
57,1338
58,1414
61,1397
63,1459
57,1298
66,1562
56,1255
60,1430
57,1203
58,1361
54,1246
61,1424
-,-,-,-
71,1649
74,1766
65,1486
68,1603
75,1790
65,1483
66,1549
62,1385
68,1553
71,1666
75,1790
75,1790
68,1562
74,1807
64,1496
63,1434
73,1737
70,1633
71,1675
75,1790
68,1607
70,1643
74,1756
75,1790
72,1700
72,1686
64,1465
73,1727
67,1501
73,1709
65,1442
67,1473
71,1662
60,1302
71,1607
66,1577
73,1709
70,1653
64,1496
73,1719
66,1524
73,1703
67,1578
73,1726
70,1636
70,1606
73,1744
73,1726
71,1680
64,1470
70,1639
67,1585
63,1451
63,1501
56,1327
61,1446
65,1476
60,1308
60,1315
61,1387
67,1591
58,1404
59,1352
59,1367
54,1217
59,1355
56,1218
63,1429
60,1406
61,1478
61,1333
63,1456
65,1478
58,1296
60,1412
63,1396
62,1418
56,1270
57,1283
-,-,-,-
65,1447
66,1524
70,1621
69,1632
66,1487
70,1629
75,1816
72,1765
74,1750
75,1790
73,1704
67,1605
67,1589
74,1770
75,1794
73,1727
72,1692
64,1491
75,1790
72,1678
69,1584
72,1708
67,1542
75,1790
70,1606
73,1708
74,1774
67,1558
68,1532
73,1703
73,1703
71,1702
73,1709
67,1523
68,1539
69,1582
71,1631
73,1718
71,1642
73,1703
72,1657
67,1541
71,1664
63,1413
65,1534
66,1475
69,1641
65,1518
68,1549
73,1732
73,1740
69,1606
61,1410
59,1358
62,1419
60,1358
60,1328
64,1472
66,1554
60,1328
58,1349
61,1444
60,1443
63,1439
62,1404
60,1438
58,1287
61,1331
63,1428
58,1330
61,1482
59,1332
56,1273
53,1214
64,1554
60,1315
63,1434
58,1327
59,1267
-,-,-,-
68,1587
75,1792
68,1575
71,1679
66,1510
68,1564
75,1790
72,1663
69,1634
69,1625
70,1625
73,1710
70,1645
75,1790
66,1547
69,1618
64,1465
70,1657
75,1790
74,1752
74,1768
69,1594
64,1465
69,1609
72,1733
75,1802
73,1707
75,1790
68,1537
73,1703
69,1574
73,1703
70,1630
68,1511
63,1374
73,1703
72,1689
71,1644
73,1703
72,1689
68,1518
73,1703
73,1736
63,1414
66,1544
68,1597
65,1499
71,1695
65,1452
67,1558
58,1335
73,1726
57,1199
65,1574
60,1416
60,1420
60,1402
61,1409
65,1500
60,1333
57,1258
64,1473
62,1442
64,1501
58,1334
61,1401
62,1340
59,1296
60,1338
57,1308
62,1356
62,1390
60,1366
58,1400
58,1338
58,1294
61,1364
55,1235
58,1299
-,-,-,-
66,1541
68,1560
75,1790
70,1688
70,1636
75,1790
72,1709
71,1636
73,1775
74,1772
71,1657
74,1758
66,1494
73,1746
74,1748
75,1794
73,1722
73,1727
75,1790
73,1729
62,1417
75,1790
75,1790
68,1575
73,1730
67,1545
73,1714
69,1621
73,1703
65,1471
73,1703
73,1703
73,1703
72,1657
71,1652
65,1418
72,1657
73,1718
70,1605
63,1430
72,1695
60,1405
65,1477
69,1632
65,1470
70,1638
65,1484
67,1561
73,1730
73,1726
73,1726
73,1726
61,1351
65,1525
63,1460
66,1475
61,1374
60,1340
63,1445
62,1375
63,1489
60,1324
58,1428
60,1342
58,1286
60,1477
61,1361
62,1366
61,1408
54,1167
57,1242
60,1277
56,1267
54,1292
61,1467
59,1280
59,1328
59,1445
57,1244
-,-,-,-
75,1790
72,1697
74,1758
73,1727
73,1727
73,1726
75,1790
60,1364
66,1487
63,1373
74,1754
71,1705
69,1620
73,1713
73,1722
72,1687
74,1774
73,1747
60,1364
75,1790
71,1644
69,1589
75,1790
72,1688
69,1576
73,1706
74,1784
69,1613
72,1668
68,1556
65,1438
62,1393
73,1703
71,1602
62,1324
73,1732
61,1350
68,1557
70,1645
73,1703
68,1560
72,1659
66,1599
72,1726
70,1652
71,1701
68,1527
70,1644
73,1726
69,1622
73,1726
62,1366
63,1437
63,1458
63,1502
65,1474
60,1354
66,1519
61,1381
54,1178
59,1337
60,1396
61,1422
60,1375
67,1570
58,1326
57,1239
62,1389
61,1383
61,1407
62,1422
58,1332
59,1374
56,1284
60,1421
59,1277
59,1388
59,1338
61,1368
-,-,-,-
74,1780
64,1519
69,1644
75,1790
75,1790
75,1790
73,1705
62,1471
70,1628
71,1649
65,1492
75,1790
75,1790
74,1746
73,1733
65,1482
70,1652
73,1745
71,1679
72,1680
74,1767
74,1784
72,1702
69,1638
72,1735
65,1478
74,1764
71,1646
69,1626
69,1614
71,1656
73,1703
70,1615
65,1454
68,1566
65,1446
62,1422
73,1703
73,1730
61,1356
69,1596
73,1703
68,1587
72,1702
64,1500
67,1540
69,1612
66,1545
68,1589
64,1493
73,1726
72,1706
67,1487
62,1426
62,1410
59,1327
61,1387
61,1438
65,1512
63,1473
61,1356
60,1341
65,1553
60,1403
58,1378
63,1500
59,1301
62,1348
65,1466
63,1505
63,1445
59,1363
57,1212
55,1296
59,1476
57,1189
60,1386
63,1398
56,1238
-,-,-,-
74,1752
68,1573
74,1748
75,1790
71,1676
66,1558
74,1756
71,1652
71,1663
71,1644
75,1790
69,1670
61,1318
71,1663
68,1571
66,1475
73,1724
75,1790
71,1723
75,1790
73,1740
70,1658
70,1643
73,1725
68,1568
75,1790
67,1570
67,1506
73,1703
71,1676
70,1595
67,1601
66,1512
69,1530
73,1703
73,1703
65,1443
69,1574
73,1715
68,1517
64,1393
73,1703
66,1539
73,1726
68,1564
68,1631
73,1728
72,1715
70,1636
63,1404
71,1684
73,1726
54,1187
64,1459
62,1422
59,1332
61,1349
63,1512
61,1523
61,1416
59,1395
63,1428
60,1347
62,1422
60,1380
54,1245
60,1369
58,1298
66,1555
59,1380
59,1354
63,1425
59,1341
56,1302
62,1471
58,1294
53,1267
60,1419
63,1446
-,-,-,-
64,1424
73,1739
72,1734
70,1619
75,1794
74,1750
74,1785
66,1475
72,1714
73,1727
72,1731
64,1483
67,1586
71,1670
74,1799
71,1650
69,1580
70,1637
75,1802
73,1722
72,1670
73,1782
71,1649
63,1396
75,1792
74,1756
65,1505
71,1672
72,1682
69,1603
72,1671
73,1703
73,1703
73,1703
73,1703
66,1564
69,1580
63,1389
69,1589
70,1630
64,1488
73,1716
63,1482
72,1704
69,1591
61,1431
63,1394
73,1726
73,1732
73,1726
73,1726
72,1694
65,1450
63,1410
64,1543
56,1348
62,1396
61,1434
56,1276
64,1536
57,1330
56,1280
61,1431
62,1413
61,1422
62,1403
61,1477
62,1363
62,1464
62,1420
55,1265
64,1431
61,1426
57,1239
61,1414
59,1280
62,1393
56,1296
58,1245
-,-,-,-
69,1599
69,1612
72,1692
74,1754
75,1790
75,1800
75,1790
71,1649
75,1790
73,1724
71,1666
68,1580
66,1524
70,1660
71,1623
66,1545
67,1587
73,1694
72,1688
65,1474
64,1363
64,1370
75,1790
75,1790
73,1732
75,1788
71,1655
73,1718
63,1373
73,1709
71,1624
73,1703
70,1585
73,1701
68,1597
63,1453
65,1503
73,1703
63,1373
71,1673
73,1703
66,1486
68,1561
68,1609
68,1589
70,1644
73,1726
65,1510
63,1397
60,1355
70,1628
66,1534
64,1416
61,1434
55,1310
60,1330
62,1507
63,1430
61,1445
62,1409
60,1294
59,1343
62,1429
63,1516
61,1400
62,1421
62,1460
56,1192
55,1233
61,1418
58,1299
59,1283
59,1369
59,1388
61,1471
59,1288
64,1491
56,1286
57,1209
-,-,-,-
73,1764
68,1583
74,1752
66,1512
69,1617
71,1625
70,1651
75,1788
68,1571
72,1713
72,1751
73,1741
71,1691
75,1788
74,1768
75,1788
69,1606
70,1646
72,1696
75,1788
70,1664
70,1643
69,1644
74,1738
71,1688
73,1710
70,1671
66,1501
73,1701
73,1701
67,1539
58,1301
70,1593
73,1703
60,1369
69,1526
71,1676
72,1686
73,1714
68,1551
73,1718
65,1488
68,1578
73,1728
69,1630
69,1635
73,1732
73,1726
71,1673
71,1698
73,1726
73,1726
61,1352
61,1328
62,1456
58,1333
58,1260
61,1385
56,1234
67,1594
60,1380
54,1162
63,1419
62,1451
61,1431
65,1468
55,1273
58,1269
63,1383
57,1239
57,1318
65,1569
59,1399
60,1307
62,1485
61,1311
59,1322
57,1378
56,1220
-,-,-,-
74,1760
69,1619
72,1696
65,1496
73,1720
71,1692
75,1788
66,1541
65,1528
68,1584
69,1606
70,1630
72,1683
74,1758
70,1661
72,1706
73,1728
68,1559
69,1612
75,1792
64,1486
68,1589
74,1789
70,1597
73,1720
68,1582
68,1606
71,1669
69,1546
71,1662
66,1557
64,1404
64,1456
70,1671
70,1672
66,1502
73,1701
73,1701
70,1622
68,1585
67,1524
73,1701
68,1614
69,1587
63,1472
73,1726
72,1682
69,1629
71,1655
69,1614
72,1703
72,1704
62,1377
61,1344
60,1420
64,1472
66,1496
58,1323
64,1530
66,1569
59,1307
63,1454
62,1405
57,1311
60,1442
61,1419
64,1520
62,1375
62,1370
57,1273
60,1378
62,1413
59,1356
57,1321
58,1425
60,1312
58,1390
57,1326
57,1253
-,-,-,-
69,1574
65,1570
74,1770
75,1788
67,1548
70,1655
71,1651
65,1465
71,1671
71,1658
67,1527
65,1497
72,1686
71,1687
73,1718
68,1541
73,1724
69,1584
75,1788
74,1762
68,1590
70,1637
66,1513
71,1691
72,1700
64,1481
75,1790
74,1742
72,1653
68,1567
71,1638
73,1701
70,1636
72,1653
69,1592
71,1633
66,1567
68,1613
60,1327
72,1702
72,1671
72,1653
69,1622
69,1631
70,1631
70,1651
73,1732
73,1728
71,1672
62,1430
63,1465
62,1403
61,1309
62,1381
61,1460
62,1411
62,1431
61,1456
60,1421
65,1471
58,1310
63,1535
61,1378
61,1438
62,1400
56,1315
64,1495
58,1190
60,1247
58,1345
62,1486
61,1395
62,1460
51,1133
55,1317
59,1313
58,1309
60,1424
54,1227
-,-,-,-
71,1654
71,1691
66,1564
71,1645
73,1732
75,1788
67,1588
73,1722
67,1525
70,1631
67,1527
70,1626
72,1667
73,1710
67,1533
75,1788
69,1622
69,1581
67,1583
71,1663
66,1542
75,1788
66,1535
75,1788
75,1788
75,1788
64,1505
68,1598
73,1711
69,1572
73,1701
68,1592
72,1669
68,1567
66,1478
64,1460
61,1380
62,1349
65,1443
63,1419
72,1694
71,1635
70,1606
67,1604
63,1417
62,1361
68,1613
73,1736
60,1318
67,1595
70,1642
73,1726
63,1450
60,1407
63,1505
59,1374
59,1249
60,1349
64,1516
65,1505
56,1292
60,1324
55,1257
56,1310
67,1600
60,1374
60,1457
62,1328
56,1291
65,1489
63,1474
62,1398
58,1341
55,1263
65,1549
58,1284
60,1400
60,1399
56,1371
-,-,-,-
75,1790
67,1560
69,1579
68,1590
69,1645
74,1732
63,1501
63,1391
75,1788
72,1744
71,1660
71,1658
72,1711
67,1570
68,1565
72,1721
71,1699
67,1568
68,1541
70,1648
72,1704
75,1790
65,1521
65,1474
66,1565
63,1412
65,1434
68,1588
70,1634
66,1516
71,1633
73,1713
68,1541
71,1655
71,1651
68,1585
66,1572
73,1703
73,1701
73,1701
72,1662
73,1703
69,1601
65,1522
61,1376
70,1660
73,1740
69,1620
73,1726
72,1687
69,1660
61,1361
56,1233
60,1384
58,1385
63,1379
60,1317
61,1360
60,1394
65,1520
56,1183
60,1436
57,1246
56,1259
62,1416
59,1339
61,1349
59,1250
62,1330
63,1421
59,1343
61,1357
61,1428
55,1285
63,1538
58,1273
59,1400
61,1373
60,1329
-,-,-,-
72,1673
67,1601
66,1552
72,1673
69,1577
75,1788
75,1804
73,1755
66,1487
69,1622
71,1642
74,1766
69,1629
74,1754
73,1696
70,1645
67,1548
73,1738
74,1748
69,1623
65,1484
66,1524
67,1581
71,1695
70,1656
68,1604
69,1572
69,1622
73,1714
67,1526
69,1571
69,1587
73,1701
66,1550
73,1701
71,1631
70,1636
70,1615
63,1470
73,1719
73,1713
73,1703
67,1580
68,1624
72,1692
68,1600
72,1711
71,1676
69,1633
73,1726
72,1706
71,1686
67,1501
64,1453
59,1415
61,1398
62,1382
59,1394
64,1505
63,1551
60,1365
67,1574
59,1369
61,1376
62,1433
59,1389
63,1589
60,1372
63,1463
58,1326
61,1390
57,1329
56,1210
61,1412
63,1538
58,1234
58,1325
60,1340
57,1388
-,-,-,-
72,1660
68,1567
66,1531
71,1642
60,1342
72,1690
72,1720
71,1674
69,1581
70,1649
69,1607
73,1749
72,1682
75,1808
72,1676
72,1672
72,1667
75,1788
69,1564
74,1789
72,1673
68,1624
67,1533
66,1540
69,1595
71,1672
66,1559
67,1548
68,1567
69,1628
71,1649
69,1577
73,1701
72,1677
61,1366
73,1701
66,1528
66,1518
66,1518
67,1533
73,1701
68,1575
65,1414
70,1649
71,1672
70,1636
69,1631
68,1594
64,1460
67,1536
70,1640
63,1474
63,1441
61,1386
65,1473
62,1375
62,1355
62,1467
57,1280
62,1434
65,1512
57,1308
57,1349
60,1372
60,1386
58,1332
62,1440
62,1330
60,1305
62,1333
61,1388
65,1492
62,1373
60,1399
66,1641
59,1265
58,1282
59,1405
62,1454
-,-,-,-
72,1707
69,1648
69,1601
72,1703
70,1590
67,1522
75,1788
69,1581
69,1588
70,1645
75,1788
69,1605
75,1788
70,1610
64,1487
72,1688
74,1740
68,1576
68,1636
67,1560
65,1492
74,1744
74,1772
74,1736
66,1524
75,1788
66,1524
75,1788
64,1396
69,1597
71,1645
73,1714
73,1701
69,1577
71,1631
73,1701
68,1534
73,1701
69,1581
67,1548
72,1657
68,1645
65,1519
64,1497
70,1606
70,1639
68,1589
69,1588
65,1498
58,1366
67,1565
72,1708
69,1615
64,1541
58,1397
63,1463
62,1416
61,1368
58,1332
56,1215
66,1526
58,1313
56,1269
59,1334
62,1480
62,1419
63,1524
62,1469
61,1288
57,1259
59,1378
55,1259
59,1328
56,1223
57,1352
60,1336
60,1395
60,1318
58,1264
-,-,-,-
72,1678
70,1608
71,1699
67,1563
62,1371
75,1796
63,1391
66,1530
69,1614
72,1690
74,1738
71,1658
71,1690
70,1620
69,1579
74,1758
71,1688
68,1601
75,1788
70,1626
75,1788
73,1714
73,1757
73,1706
68,1556
75,1792
66,1541
75,1788
73,1714
73,1713
73,1701
73,1701
71,1665
70,1676
72,1669
69,1602
70,1618
68,1522
71,1700
68,1543
63,1452
72,1683
73,1726
72,1712
66,1543
67,1591
66,1570
70,1673
67,1563
73,1682
65,1461
66,1548
65,1513
63,1466
64,1508
63,1417
65,1548
60,1422
56,1371
63,1458
65,1461
57,1461
59,1312
58,1279
62,1402
60,1356
63,1465
62,1420
59,1307
62,1373
58,1311
63,1504
57,1262
56,1211
56,1244
59,1302
60,1335
57,1321
55,1221
-,-,-,-
71,1649
75,1788
72,1706
73,1737
74,1772
72,1695
70,1645
74,1757
71,1692
70,1645
68,1615
73,1728
70,1628
71,1666
71,1608
72,1667
68,1563
75,1792
75,1792
65,1457
64,1466
66,1556
75,1790
75,1790
70,1665
69,1631
67,1477
71,1631
68,1552
63,1453
69,1558
65,1451
73,1690
73,1682
71,1644
73,1682
65,1429
71,1650
63,1435
72,1703
70,1612
71,1633
73,1701
68,1567
65,1460
69,1586
57,1317
72,1665
71,1631
73,1709
69,1601
72,1646
63,1421
61,1416
55,1296
61,1317
61,1325
59,1302
65,1546
57,1293
65,1585
64,1466
64,1434
63,1531
63,1539
61,1405
61,1486
65,1551
64,1437
62,1379
59,1273
57,1315
63,1453
62,1443
60,1403
60,1334
58,1345
61,1509
58,1237
-,-,-,-
69,1579
72,1693
67,1589
71,1663
72,1677
67,1548
75,1788
75,1792
75,1788
74,1754
67,1542
74,1759
75,1788
72,1688
75,1788
68,1565
66,1541
71,1663
70,1643
70,1658
67,1589
65,1416
73,1696
74,1740
72,1700
72,1689
67,1529
65,1462
66,1516
73,1682
72,1696
61,1322
60,1393
63,1434
70,1604
60,1308
67,1524
71,1656
73,1688
72,1660
65,1511
70,1638
73,1701
71,1666
73,1726
73,1717
70,1590
68,1525
67,1558
71,1633
65,1493
73,1701
64,1412
67,1576
65,1555
61,1404
54,1171
62,1401
64,1537
58,1339
62,1385
63,1458
62,1419
57,1354
61,1443
67,1581
63,1530
65,1604
62,1398
61,1314
62,1499
59,1294
60,1292
65,1579
59,1361
60,1252
60,1400
60,1340
58,1258
-,-,-,-
65,1498
67,1546
68,1541
75,1788
66,1538
75,1790
73,1733
66,1552
73,1708
66,1480
72,1673
71,1654
75,1788
71,1679
71,1675
68,1603
72,1714
71,1645
75,1790
63,1468
75,1788
69,1645
74,1780
64,1449
70,1626
73,1728
67,1582
69,1618
73,1694
73,1700
65,1426
65,1427
69,1562
60,1397
71,1657
72,1656
73,1682
62,1350
70,1607
71,1646
62,1408
73,1682
73,1714
73,1707
65,1441
67,1524
67,1564
69,1589
68,1559
68,1519
71,1680
68,1598
62,1346
64,1443
58,1338
62,1397
59,1253
62,1393
63,1425
60,1360
61,1497
68,1573
60,1421
59,1376
61,1415
57,1254
59,1363
60,1408
60,1263
63,1384
61,1383
59,1251
62,1412
61,1390
57,1279
61,1331
61,1442
61,1421
58,1269
-,-,-,-
75,1788
70,1616
71,1674
71,1679
75,1788
75,1788
67,1519
72,1703
70,1638
72,1703
68,1543
70,1637
74,1762
71,1680
73,1738
71,1677
74,1736
69,1645
68,1548
74,1733
71,1632
70,1615
72,1678
69,1607
70,1599
67,1600
69,1587
75,1788
65,1455
70,1572
70,1607
67,1512
72,1666
71,1631
73,1682
68,1542
65,1468
60,1357
68,1637
73,1682
70,1606
70,1603
68,1491
73,1714
71,1601
72,1699
68,1579
68,1551
71,1700
70,1637
64,1444
64,1426
60,1306
65,1575
62,1368
61,1449
57,1314
60,1280
59,1285
63,1404
61,1381
64,1494
57,1284
59,1348
57,1272
58,1317
63,1517
58,1356
63,1396
63,1400
64,1494
62,1442
64,1463
61,1365
55,1241
54,1200
62,1385
60,1358
62,1424
-,-,-,-
65,1533
70,1657
75,1788
69,1655
75,1792
70,1608
71,1682
68,1537
71,1636
73,1717
72,1679
75,1788
69,1613
69,1627
70,1661
72,1702
74,1742
73,1708
66,1542
67,1483
66,1549
67,1550
75,1792
72,1674
69,1599
68,1559
72,1706
70,1625
73,1680
66,1475
69,1556
72,1696
63,1375
73,1702
65,1431
71,1606
70,1590
73,1682
65,1461
65,1483
68,1626
74,1734
67,1570
64,1482
67,1519
69,1606
70,1604
72,1688
71,1640
73,1701
73,1711
69,1555
60,1293
64,1480
57,1237
60,1316
60,1308
63,1425
57,1328
64,1544
59,1329
61,1343
59,1318
57,1375
62,1373
61,1395
63,1500
63,1454
55,1112
60,1301
57,1373
57,1310
69,1632
59,1356
61,1430
55,1218
59,1363
60,1449
56,1213
-,-,-,-
74,1750
74,1752
67,1583
72,1747
72,1688
75,1788
74,1746
72,1668
70,1616
74,1754
70,1614
64,1462
69,1644
69,1644
74,1742
71,1651
71,1653
70,1606
71,1708
65,1549
70,1656
71,1689
65,1515
73,1733
67,1564
65,1498
68,1618
75,1788
74,1744
61,1349
73,1706
67,1507
60,1393
62,1337
64,1455
74,1744
68,1576
74,1734
73,1698
71,1644
64,1383
74,1734
62,1339
73,1701
65,1512
62,1396
71,1615
70,1610
64,1512
72,1651
64,1396
70,1586
62,1340
58,1333
62,1444
59,1320
59,1386
63,1421
59,1271
60,1380
60,1393
64,1502
55,1257
57,1258
57,1344
61,1475
58,1354
63,1492
63,1472
59,1277
57,1278
61,1315
61,1383
58,1305
58,1404
62,1391
62,1424
59,1360
60,1366
-,-,-,-
67,1593
71,1666
72,1667
68,1567
74,1772
73,1739
66,1465
72,1691
67,1576
71,1656
67,1542
73,1723
75,1788
75,1788
75,1788
70,1656
70,1664
64,1453
71,1721
68,1586
70,1651
73,1714
75,1790
73,1758
65,1455
75,1788
75,1788
69,1574
65,1474
70,1628
63,1503
74,1734
67,1486
72,1678
64,1475
73,1752
74,1734
72,1702
72,1646
71,1628
71,1665
73,1717
73,1718
71,1678
66,1505
73,1701
66,1528
65,1512
72,1690
62,1368
68,1528
63,1452
61,1402
65,1521
59,1244
57,1219
59,1367
65,1538
64,1441
59,1398
62,1406
61,1363
58,1340
56,1264
54,1269
57,1271
60,1315
61,1374
57,1331
60,1275
63,1327
56,1246
63,1437
58,1369
60,1350
62,1397
55,1219
51,1130
55,1218
-,-,-,-
67,1563
62,1420
75,1788
75,1788
75,1788
73,1735
75,1788
75,1788
73,1714
70,1645
63,1449
67,1589
59,1326
75,1788
75,1788
71,1643
75,1792
73,1729
69,1589
68,1559
71,1691
71,1649
71,1663
64,1472
75,1788
70,1624
74,1752
72,1705
65,1453
60,1393
66,1511
72,1658
66,1517
71,1692
71,1672
65,1427
65,1468
67,1526
71,1654
67,1556
68,1578
72,1666
69,1615
63,1399
72,1649
73,1701
73,1709
71,1627
70,1634
68,1574
70,1694
65,1497
65,1479
64,1518
56,1303
66,1490
65,1535
57,1327
65,1411
62,1448
63,1435
61,1429
66,1509
59,1414
56,1308
60,1331
63,1547
60,1385
58,1301
59,1310
59,1271
60,1383
61,1443
60,1327
59,1361
60,1314
63,1476
59,1373
57,1323
-,-,-,-
73,1728
75,1790
67,1571
72,1665
74,1770
71,1687
72,1719
65,1507
69,1614
70,1656
64,1491
65,1463
71,1677
74,1762
75,1788
63,1393
75,1788
69,1648
72,1665
71,1699
68,1614
69,1613
71,1642
73,1751
62,1383
75,1788
75,1788
68,1571
67,1566
73,1682
69,1597
66,1515
70,1611
72,1658
74,1726
71,1659
74,1750
68,1585
71,1669
72,1684
70,1609
63,1464
73,1709
70,1602
66,1564
73,1718
64,1495
69,1584
67,1547
64,1432
70,1634
69,1628
64,1416
62,1378
57,1290
67,1573
61,1439
61,1366
58,1284
60,1391
65,1596
57,1269
61,1310
57,1316
58,1408
60,1336
59,1411
57,1349
59,1363
59,1243
57,1252
63,1472
59,1342
60,1375
60,1431
60,1294
56,1298
65,1482
61,1395
-,-,-,-
75,1788
75,1788
72,1665
72,1673
66,1460
69,1570
75,1788
71,1686
70,1617
73,1730
70,1637
67,1561
71,1677
73,1726
70,1616
66,1556
65,1439
69,1645
74,1754
69,1585
68,1604
68,1541
73,1736
73,1726
73,1724
63,1410
74,1798
70,1638
68,1559
74,1728
67,1541
73,1691
68,1566
71,1626
64,1431
73,1708
73,1689
69,1557
74,1728
74,1720
74,1726
73,1689
60,1373
68,1593
70,1618
73,1730
68,1522
71,1655
73,1701
72,1653
68,1624
68,1570
63,1397
64,1421
57,1268
62,1438
60,1383
59,1288
61,1453
65,1576
61,1476
61,1433
58,1417
58,1384
56,1332
57,1309
57,1289
63,1516
68,1642
56,1287
64,1466
61,1444
66,1602
54,1176
59,1351
63,1496
59,1268
55,1283
54,1187
-,-,-,-
71,1687
71,1651
72,1662
68,1560
64,1445
71,1684
66,1486
60,1362
67,1553
73,1714
73,1708
73,1718
73,1724
70,1622
71,1659
65,1497
75,1788
67,1537
71,1708
62,1420
73,1732
67,1617
72,1676
71,1608
68,1538
65,1475
72,1674
74,1788
62,1405
64,1486
62,1355
73,1696
63,1453
74,1728
73,1687
74,1720
68,1589
74,1720
66,1510
74,1722
70,1644
71,1643
71,1646
73,1701
73,1707
71,1638
73,1701
66,1496
68,1559
71,1650
65,1435
70,1647
57,1196
56,1233
63,1404
64,1496
62,1396
63,1513
61,1342
59,1355
62,1465
64,1592
60,1356
60,1342
59,1378
59,1302
59,1286
62,1461
60,1401
58,1336
64,1466
60,1253
60,1424
59,1311
56,1282
58,1386
61,1373
57,1255
58,1264
-,-,-,-
68,1555
72,1684
66,1485
65,1530
73,1724
65,1416
73,1711
73,1731
67,1531
73,1708
68,1595
67,1583
71,1676
70,1651
66,1544
72,1662
73,1722
75,1788
74,1786
72,1676
69,1579
66,1517
73,1696
72,1695
64,1387
67,1531
72,1684
73,1730
74,1722
68,1622
74,1724
61,1328
74,1720
70,1646
74,1720
67,1544
72,1673
65,1491
70,1600
70,1621
68,1551
70,1616
70,1629
69,1526
71,1678
66,1473
68,1582
67,1538
67,1518
65,1451
72,1659
73,1701
66,1516
64,1420
65,1546
63,1482
62,1456
64,1483
62,1392
65,1462
62,1478
61,1401
63,1436
64,1500
63,1478
56,1367
58,1386
59,1445
58,1345
63,1485
55,1171
60,1413
59,1399
52,1186
54,1215
58,1352
61,1351
60,1343
56,1185
-,-,-,-
73,1710
68,1616
73,1712
72,1729
71,1683
66,1516
68,1559
74,1763
73,1733
69,1631
68,1567
73,1712
72,1684
66,1534
72,1678
72,1665
68,1549
72,1691
74,1732
67,1530
66,1479
75,1788
67,1578
71,1662
64,1450
68,1590
74,1766
63,1426
68,1583
74,1720
73,1680
73,1697
72,1663
74,1724
74,1740
65,1448
68,1556
70,1599
65,1446
74,1722
72,1656
64,1448
64,1427
73,1728
69,1589
73,1701
67,1533
63,1373
68,1545
69,1571
63,1445
73,1701
59,1272
57,1241
60,1383
61,1497
62,1480
58,1361
60,1332
66,1509
61,1378
60,1354
61,1446
60,1342
60,1352
56,1288
63,1474
57,1297
56,1358
59,1402
62,1397
63,1390
58,1409
61,1296
59,1329
60,1396
57,1208
61,1382
58,1264
-,-,-,-
72,1706
75,1790
68,1587
73,1770
69,1622
65,1527
66,1508
74,1748
66,1540
71,1692
69,1613
75,1788
70,1669
72,1706
74,1742
75,1792
67,1583
62,1420
66,1494
70,1648
69,1628
69,1622
71,1699
73,1730
66,1540
72,1726
75,1788
75,1788
73,1674
63,1364
74,1718
73,1706
64,1425
69,1590
65,1493
62,1383
73,1698
74,1720
74,1720
70,1607
73,1698
64,1411
67,1504
73,1701
73,1701
65,1464
73,1701
61,1347
73,1711
71,1682
68,1527
66,1470
66,1477
60,1411
61,1453
64,1419
62,1490
64,1545
59,1372
59,1298
60,1386
61,1416
64,1503
59,1348
63,1489
60,1339
58,1268
62,1466
61,1492
56,1315
64,1440
64,1438
57,1329
58,1341
58,1297
57,1352
56,1236
57,1255
60,1359
-,-,-,-
69,1601
75,1788
69,1579
69,1635
71,1656
71,1680
72,1695
75,1788
71,1705
71,1680
73,1720
75,1792
66,1539
72,1672
68,1543
66,1524
75,1788
69,1551
71,1658
72,1726
64,1513
75,1788
67,1545
72,1684
64,1441
69,1581
68,1550
73,1729
74,1720
67,1503
74,1718
69,1597
70,1590
73,1690
65,1453
63,1456
74,1720
74,1718
71,1663
63,1362
62,1371
69,1570
69,1560
68,1567
73,1707
70,1593
66,1519
71,1627
67,1556
67,1529
65,1465
73,1711
65,1451
62,1420
66,1539
61,1416
58,1315
62,1428
57,1357
64,1476
60,1351
56,1245
58,1371
66,1537
62,1455
55,1233
55,1296
60,1369
62,1455
60,1362
61,1371
61,1403
59,1417
62,1381
64,1463
61,1336
58,1247
60,1424
60,1338
-,-,-,-
72,1706
75,1788
64,1435
67,1564
73,1720
72,1686
74,1763
71,1691
74,1770
75,1788
69,1630
72,1704
69,1581
70,1653
71,1662
69,1651
71,1643
73,1728
72,1683
73,1717
75,1788
66,1512
75,1788
70,1645
71,1663
68,1525
74,1748
71,1667
67,1479
67,1612
74,1720
74,1716
73,1676
71,1616
71,1618
72,1656
63,1363
69,1587
74,1718
72,1652
74,1718
74,1720
66,1509
63,1406
65,1494
72,1658
69,1586
65,1460
71,1649
73,1701
71,1678
68,1528
64,1426
59,1345
61,1370
66,1554
59,1415
59,1315
64,1477
61,1343
64,1483
57,1246
62,1451
61,1463
64,1475
57,1324
61,1365
59,1413
61,1459
60,1394
56,1254
67,1540
58,1275
59,1346
63,1494
64,1535
60,1314
57,1275
61,1369
-,-,-,-
74,1754
68,1563
72,1691
66,1527
73,1765
75,1788
75,1802
68,1564
70,1670
66,1483
67,1541
70,1632
70,1626
73,1736
66,1541
72,1684
63,1435
68,1555
71,1649
74,1756
71,1676
75,1788
69,1607
75,1788
75,1788
74,1736
73,1708
71,1685
60,1347
65,1429
74,1716
74,1718
74,1716
63,1372
74,1716
73,1685
67,1506
74,1716
73,1700
67,1497
70,1610
66,1487
68,1570
72,1672
61,1428
64,1461
68,1546
70,1633
70,1617
73,1716
68,1601
65,1479
63,1433
53,1121
59,1415
57,1227
62,1481
61,1460
66,1529
60,1347
62,1396
64,1526
64,1506
64,1487
56,1235
63,1434
62,1476
62,1434
60,1384
58,1343
57,1331
60,1360
61,1386
57,1240
61,1407
57,1303
61,1321
61,1548
63,1415
-,-,-,-
68,1590
69,1645
73,1761
64,1437
74,1762
70,1671
71,1679
62,1420
67,1562
72,1667
75,1786
67,1595
71,1642
70,1610
71,1673
75,1788
72,1700
74,1748
68,1564
68,1570
71,1692
67,1519
63,1439
73,1730
67,1540
74,1738
73,1714
68,1586
74,1730
74,1720
73,1689
74,1744
73,1715
73,1680
73,1693
57,1216
71,1651
72,1648
74,1732
74,1730
65,1485
74,1716
65,1465
73,1705
68,1554
68,1551
67,1469
71,1625
67,1556
68,1582
69,1609
72,1669
57,1143
62,1375
66,1473
59,1367
54,1272
63,1484
57,1251
58,1249
60,1354
66,1551
60,1368
64,1454
58,1363
60,1374
58,1346
55,1220
65,1500
59,1405
61,1501
60,1260
57,1209
59,1310
58,1286
60,1387
57,1311
58,1322
55,1211
-,-,-,-
70,1643
74,1748
65,1461
74,1738
75,1786
75,1786
71,1684
70,1601
63,1385
69,1599
73,1724
71,1682
70,1628
71,1665
74,1765
67,1542
69,1601
71,1648
66,1515
67,1567
73,1721
68,1616
75,1786
68,1537
71,1678
67,1491
74,1752
71,1670
74,1716
71,1641
61,1309
59,1296
64,1443
73,1685
65,1487
74,1720
69,1593
71,1651
61,1344
73,1689
63,1413
66,1550
72,1691
70,1640
73,1701
73,1724
71,1680
65,1451
68,1527
73,1709
69,1606
73,1705
62,1349
60,1350
66,1558
64,1466
57,1313
63,1484
61,1463
62,1365
66,1478
62,1439
61,1421
60,1297
56,1222
69,1609
51,1173
66,1513
58,1352
63,1460
63,1456
62,1391
59,1337
59,1283
60,1344
62,1457
61,1339
59,1406
56,1234
-,-,-,-
75,1788
73,1718
73,1730
73,1690
68,1589
75,1796
71,1654
68,1581
68,1586
70,1634
72,1674
71,1660
69,1596
71,1672
67,1582
67,1489
71,1637
67,1574
70,1590
73,1727
65,1464
69,1588
64,1471
73,1742
73,1739
75,1800
73,1708
73,1724
72,1714
69,1543
74,1724
65,1453
74,1716
74,1714
66,1552
61,1309
74,1720
73,1680
74,1716
67,1610
65,1450
74,1716
67,1528
69,1571
72,1648
73,1701
69,1581
69,1521
69,1581
73,1703
71,1615
71,1680
58,1241
60,1387
62,1461
63,1458
61,1421
61,1419
58,1387
64,1432
59,1291
61,1371
59,1309
62,1425
54,1153
60,1361
64,1484
57,1359
62,1463
58,1282
63,1489
57,1244
58,1294
57,1310
61,1398
58,1335
57,1223
63,1450
59,1247
-,-,-,-
64,1527
71,1694
66,1515
71,1661
69,1641
72,1734
73,1708
75,1786
72,1686
74,1799
72,1734
72,1658
70,1655
64,1495
69,1553
67,1544
69,1585
69,1638
73,1730
67,1503
68,1532
75,1786
62,1444
72,1696
66,1517
66,1570
69,1599
66,1492
74,1714
71,1651
64,1479
68,1532
68,1501
72,1670
74,1718
61,1316
74,1716
74,1714
70,1639
68,1547
70,1586
64,1426
65,1447
69,1571
73,1701
64,1482
72,1666
66,1496
67,1570
69,1588
59,1379
65,1521
60,1310
62,1385
65,1464
65,1549
64,1451
62,1434
62,1512
68,1613
65,1485
63,1379
63,1467
67,1635
60,1340
61,1370
59,1273
59,1354
61,1432
60,1335
63,1485
63,1370
62,1421
58,1303
58,1286
58,1343
60,1281
62,1432
57,1226
-,-,-,-
70,1637
71,1643
75,1786
63,1426
73,1708
64,1435
69,1591
67,1568
66,1550
74,1738
67,1625
70,1628
63,1446
69,1601
72,1698
64,1468
68,1555
68,1601
66,1546
71,1674
72,1686
74,1786
75,1806
71,1670
66,1524
72,1688
74,1770
64,1421
64,1403
63,1395
69,1561
65,1451
59,1333
67,1524
69,1572
73,1676
74,1714
66,1574
74,1714
67,1547
66,1478
74,1724
73,1719
73,1701
72,1685
69,1625
73,1701
69,1619
73,1707
72,1668
68,1545
72,1694
64,1416
64,1423
63,1516
60,1362
63,1432
63,1536
58,1290
60,1381
56,1227
61,1355
63,1445
61,1393
60,1395
60,1338
56,1265
55,1310
60,1348
60,1332
60,1393
60,1361
58,1335
60,1390
66,1592
63,1450
62,1357
63,1483
57,1231
-,-,-,-
75,1786
70,1630
74,1754
72,1690
75,1788
75,1786
72,1663
73,1742
66,1543
74,1744
75,1794
69,1606
67,1600
68,1620
71,1680
70,1606
75,1784
71,1651
71,1676
72,1690
66,1487
71,1674
69,1590
74,1740
72,1664
67,1538
68,1613
73,1721
72,1671
70,1621
72,1662
74,1720
61,1353
74,1714
74,1714
74,1714
63,1429
63,1393
72,1676
68,1565
73,1685
65,1466
68,1583
70,1615
73,1701
68,1541
66,1492
73,1714
69,1572
70,1579
73,1719
70,1597
62,1316
62,1394
58,1363
61,1422
63,1459
62,1444
61,1396
61,1506
58,1276
60,1286
59,1382
62,1507
63,1468
55,1220
63,1480
57,1251
57,1269
60,1333
62,1539
61,1473
62,1348
64,1529
60,1395
54,1146
60,1329
61,1378
59,1246
-,-,-,-
75,1784
75,1786
71,1660
74,1742
73,1706
74,1744
64,1461
71,1652
65,1406
66,1471
73,1755
66,1558
70,1636
64,1477
74,1770
70,1645
72,1706
74,1744
74,1734
73,1753
72,1726
74,1746
74,1748
68,1586
72,1700
73,1753
73,1708
70,1661
74,1714
73,1684
73,1685
70,1584
70,1586
74,1720
64,1422
74,1714
69,1566
74,1714
72,1671
61,1389
73,1676
69,1553
70,1637
73,1701
67,1539
73,1701
69,1600
73,1719
73,1701
73,1701
73,1701
66,1498
61,1332
65,1492
66,1491
63,1476
62,1488
59,1377
63,1489
67,1569
61,1339
59,1358
56,1258
60,1344
63,1435
57,1300
60,1321
61,1419
61,1391
62,1434
61,1391
57,1315
62,1347
59,1339
58,1237
57,1335
58,1201
58,1274
59,1319
-,-,-,-
74,1766
71,1683
69,1605
75,1784
71,1661
69,1583
73,1718
70,1625
70,1629
75,1784
75,1784
66,1517
65,1501
72,1718
70,1649
68,1559
69,1619
73,1778
75,1784
69,1595
75,1784
70,1638
73,1718
74,1750
74,1740
75,1784
71,1669
65,1490
71,1685
74,1722
72,1650
67,1553
62,1368
73,1695
72,1653
65,1441
68,1560
72,1663
74,1714
64,1460
74,1730
62,1339
64,1421
71,1626
72,1650
66,1564
69,1608
65,1453
73,1730
73,1701
69,1554
66,1507
65,1393
62,1391
56,1243
61,1403
64,1526
61,1445
62,1451
62,1444
62,1398
64,1424
65,1506
62,1431
62,1485
61,1422
59,1315
62,1457
59,1343
59,1353
60,1381
59,1366
56,1188
61,1387
57,1268
60,1355
61,1348
60,1345
54,1164
-,-,-,-
71,1680
74,1760
74,1734
75,1784
64,1441
72,1700
70,1618
71,1673
71,1679
71,1670
69,1621
72,1674
67,1516
74,1742
64,1493
70,1661
73,1688
73,1721
71,1687
74,1732
72,1671
65,1532
72,1680
70,1643
75,1786
75,1798
69,1633
74,1760
74,1714
71,1623
71,1649
73,1695
65,1473
65,1448
73,1719
69,1588
67,1505
74,1716
69,1625
74,1720
72,1679
71,1610
68,1546
73,1718
67,1539
69,1546
69,1541
73,1701
67,1520
72,1665
66,1460
71,1696
60,1369
63,1429
61,1445
61,1420
63,1510
63,1495
63,1487
57,1310
61,1383
65,1483
59,1350
65,1529
60,1340
62,1449
61,1398
58,1338
63,1462
60,1342
58,1357
61,1415
62,1421
61,1435
56,1243
55,1201
60,1385
58,1322
59,1294
-,-,-,-
73,1714
71,1678
71,1668
71,1666
73,1724
72,1725
74,1740
64,1445
70,1585
75,1784
71,1715
75,1792
62,1369
62,1410
69,1590
75,1784
62,1378
69,1593
74,1760
65,1560
69,1612
68,1590
75,1784
66,1507
71,1662
75,1784
70,1614
68,1570
70,1636
68,1525
61,1331
74,1724
73,1696
66,1458
74,1726
64,1456
68,1501
69,1569
73,1664
68,1540
63,1382
74,1730
58,1271
70,1613
71,1629
73,1714
72,1687
73,1707
72,1686
62,1385
68,1570
73,1722
66,1489
60,1384
67,1572
56,1224
56,1242
62,1441
59,1311
60,1392
64,1451
60,1370
62,1468
60,1422
63,1457
60,1386
62,1424
61,1422
60,1417
59,1364
62,1438
63,1468
58,1342
61,1436
58,1276
56,1258
58,1225
62,1491
60,1328
-,-,-,-
72,1682
75,1784
70,1623
71,1643
65,1461
70,1619
68,1557
75,1792
72,1650
74,1742
72,1684
68,1633
66,1555
70,1630
75,1784
75,1786
75,1806
66,1528
73,1724
70,1595
73,1730
70,1614
67,1578
74,1744
68,1522
69,1630
73,1733
73,1712
66,1450
71,1655
70,1604
58,1238
63,1467
74,1714
74,1714
71,1636
68,1545
68,1536
69,1548
74,1720
74,1720
71,1643
70,1606
70,1618
68,1577
65,1477
73,1709
73,1701
69,1571
70,1626
73,1701
68,1511
70,1563
53,1179
59,1350
60,1402
68,1629
59,1374
62,1482
59,1423
61,1336
62,1389
64,1541
57,1331
62,1437
64,1468
63,1414
63,1566
63,1524
59,1329
59,1381
57,1293
58,1266
59,1321
57,1322
58,1321
61,1335
60,1371
58,1302
-,-,-,-
64,1487
68,1567
63,1482
68,1578
75,1794
71,1657
74,1734
72,1704
74,1756
70,1628
66,1513
74,1771
69,1576
72,1731
69,1607
66,1568
71,1706
75,1784
71,1664
75,1784
75,1788
75,1784
74,1762
73,1705
70,1609
68,1542
74,1768
75,1786
64,1418
63,1416
63,1429
73,1683
73,1674
67,1498
74,1710
74,1714
70,1670
74,1726
71,1685
68,1535
68,1554
70,1615
66,1525
73,1701
67,1521
73,1701
70,1609
65,1454
70,1590
69,1546
66,1483
69,1558
61,1341
60,1355
61,1372
62,1505
68,1584
57,1377
61,1425
58,1376
64,1497
59,1254
64,1460
64,1429
61,1366
65,1534
60,1411
56,1262
63,1511
63,1485
56,1302
63,1482
58,1352
62,1381
59,1306
60,1422
58,1228
61,1463
60,1352
-,-,-,-
71,1699
73,1716
75,1784
67,1575
68,1588
68,1588
72,1711
70,1631
72,1682
72,1691
75,1784
69,1625
69,1596
75,1784
68,1549
74,1767
71,1686
70,1653
74,1760
70,1594
66,1547
62,1422
73,1739
70,1675
70,1624
69,1633
75,1784
73,1763
74,1710
66,1444
71,1623
62,1323
64,1462
63,1409
70,1598
74,1710
69,1557
72,1670
61,1320
72,1651
72,1626
74,1724
73,1701
60,1369
69,1575
71,1634
66,1509
67,1575
70,1678
71,1655
64,1439
72,1688
58,1241
57,1231
59,1329
59,1378
63,1393
67,1614
61,1396
58,1303
58,1298
59,1350
56,1284
60,1360
58,1279
63,1453
61,1339
59,1330
58,1368
65,1546
56,1281
61,1528
60,1295
57,1313
60,1397
59,1384
57,1255
58,1390
56,1210
-,-,-,-
67,1563
70,1624
69,1578
69,1626
73,1709
75,1794
69,1640
75,1784
69,1568
66,1532
75,1786
75,1784
67,1585
66,1491
74,1750
75,1784
68,1578
67,1570
75,1788
68,1583
75,1786
70,1651
75,1784
75,1784
69,1626
72,1710
73,1717
68,1606
74,1718
74,1718
72,1708
72,1669
64,1418
73,1681
65,1458
69,1565
73,1680
74,1710
65,1470
68,1486
70,1603
73,1693
73,1713
70,1694
65,1469
73,1709
68,1556
67,1522
70,1615
68,1527
71,1651
70,1582
63,1452
63,1445
67,1554
66,1600
64,1361
63,1453
60,1335
61,1455
61,1366
59,1311
61,1396
61,1442
65,1507
61,1434
58,1308
64,1479
61,1392
59,1334
57,1367
66,1596
58,1239
61,1383
62,1353
56,1286
60,1368
59,1303
58,1263
-,-,-,-
71,1679
68,1541
65,1540
68,1533
71,1670
68,1556
73,1739
69,1593
65,1490
72,1708
65,1487
67,1522
75,1788
75,1796
75,1784
69,1620
72,1671
70,1653
70,1613
70,1617
73,1702
66,1517
69,1588
68,1596
66,1555
68,1563
67,1533
70,1656
73,1672
71,1652
64,1450
71,1627
68,1541
60,1288
66,1474
70,1611
65,1477
74,1710
66,1532
74,1710
74,1710
68,1536
73,1703
69,1654
69,1575
65,1427
73,1701
71,1645
65,1480
73,1701
69,1570
71,1685
57,1259
59,1315
62,1499
62,1389
64,1450
57,1345
63,1458
59,1429
63,1417
63,1474
63,1488
62,1418
64,1488
61,1327
68,1547
56,1250
63,1489
61,1400
61,1378
55,1173
60,1318
59,1313
62,1398
56,1279
56,1277
58,1260
59,1418
-,-,-,-
68,1582
68,1546
68,1580
74,1746
72,1690
75,1784
63,1457
64,1486
72,1719
74,1748
65,1485
67,1567
75,1784
75,1784
69,1606
67,1544
73,1692
71,1679
63,1482
74,1764
63,1433
63,1405
68,1546
75,1784
72,1721
74,1771
65,1461
71,1671
74,1710
67,1515
69,1595
72,1673
73,1697
74,1712
66,1476
72,1682
73,1666
70,1601
74,1710
74,1710
71,1639
61,1331
73,1701
70,1643
70,1594
68,1546
73,1701
73,1705
67,1547
73,1709
63,1425
73,1701
64,1385
60,1309
56,1304
65,1455
61,1434
61,1344
57,1358
61,1366
60,1396
58,1250
64,1416
54,1182
64,1510
64,1490
58,1293
59,1355
60,1351
59,1324
60,1474
59,1390
61,1420
57,1274
58,1253
57,1349
60,1323
57,1253
59,1335
-,-,-,-
75,1784
74,1742
66,1508
70,1623
75,1784
72,1676
74,1764
66,1565
74,1766
63,1463
75,1784
69,1600
72,1698
75,1786
65,1528
73,1704
75,1784
69,1629
72,1715
72,1677
72,1731
72,1715
71,1686
65,1494
69,1640
67,1541
67,1604
75,1784
74,1732
74,1710
71,1661
73,1691
74,1710
65,1464
74,1740
73,1710
68,1486
64,1429
66,1445
73,1722
74,1724
68,1569
66,1518
70,1601
66,1470
68,1582
69,1628
63,1416
67,1563
66,1499
73,1703
69,1526
61,1356
58,1315
68,1595
60,1331
61,1415
63,1412
61,1388
65,1496
61,1481
54,1182
59,1330
62,1463
64,1484
65,1496
58,1313
58,1336
57,1347
60,1354
54,1223
64,1487
58,1280
62,1491
57,1240
55,1233
57,1223
61,1367
56,1213
-,-,-,-
68,1606
75,1784
75,1794
73,1714
67,1578
72,1672
71,1694
73,1738
75,1784
73,1716
68,1679
63,1414
71,1679
67,1528
72,1694
71,1684
65,1474
74,1744
68,1559
64,1494
70,1650
68,1633
72,1658
68,1547
73,1765
70,1616
73,1726
74,1736
67,1500
66,1471
71,1629
62,1320
74,1714
69,1576
74,1710
73,1684
68,1511
69,1574
66,1509
72,1673
69,1600
72,1670
62,1407
71,1615
68,1602
73,1701
71,1665
69,1609
63,1512
72,1679
67,1538
73,1701
65,1428
61,1346
62,1419
65,1551
66,1521
65,1477
58,1322
63,1436
62,1443
63,1417
66,1469
65,1575
58,1349
59,1342
58,1294
63,1455
59,1366
60,1388
62,1487
58,1324
60,1402
60,1411
59,1324
57,1317
58,1212
63,1428
55,1203
-,-,-,-
72,1658
75,1788
74,1760
71,1673
75,1784
68,1545
65,1446
70,1678
75,1784
75,1788
75,1788
75,1784
74,1734
75,1784
71,1636
68,1612
73,1721
71,1671
67,1550
75,1806
72,1668
67,1538
72,1701
69,1647
68,1517
69,1636
67,1578
67,1545
74,1710
63,1393
67,1563
69,1554
72,1652
73,1702
66,1480
64,1440
69,1555
73,1676
70,1654
71,1661
66,1492
63,1305
66,1490
71,1646
65,1443
71,1642
62,1406
69,1606
71,1630
68,1563
67,1479
72,1656
64,1385
59,1285
60,1332
57,1291
61,1375
65,1485
59,1343
67,1570
60,1303
60,1355
63,1421
60,1402
60,1458
63,1495
60,1403
61,1328
66,1547
59,1331
64,1491
57,1284
60,1305
61,1473
56,1253
62,1362
61,1363
61,1496
61,1312
-,-,-,-
73,1745
75,1784
72,1671
72,1673
75,1794
74,1736
70,1647
64,1478
70,1701
72,1699
73,1694
70,1680
75,1800
73,1698
67,1588
66,1491
68,1619
61,1427
65,1542
75,1784
67,1541
72,1688
74,1734
71,1671
71,1665
75,1784
69,1597
75,1806
74,1748
74,1710
71,1641
68,1506
61,1363
67,1490
74,1710
73,1660
63,1363
66,1500
69,1572
74,1726
69,1565
67,1582
68,1499
72,1656
69,1578
73,1709
73,1701
73,1701
69,1667
72,1679
62,1435
66,1497
64,1416
62,1504
64,1420
64,1486
61,1453
61,1432
62,1481
63,1459
63,1509
60,1333
67,1601
57,1312
63,1428
62,1393
57,1330
56,1349
57,1320
59,1329
62,1455
59,1442
61,1313
58,1336
57,1251
60,1376
57,1195
54,1194
58,1254
-,-,-,-
69,1619
75,1786
75,1784
75,1784
72,1702
68,1557
69,1630
73,1736
73,1728
74,1766
71,1679
72,1684
74,1742
73,1728
69,1619
74,1742
61,1391
70,1619
68,1559
70,1663
75,1784
72,1678
71,1665
72,1660
72,1700
69,1643
70,1630
75,1810
74,1710
72,1675
74,1710
74,1716
73,1697
68,1576
70,1557
64,1501
69,1532
74,1716
62,1358
71,1653
74,1710
66,1515
68,1586
72,1673
73,1712
71,1646
68,1558
72,1657
73,1707
73,1701
73,1722
72,1665
60,1328
65,1461
62,1423
65,1487
63,1394
63,1374
62,1453
63,1393
59,1422
60,1352
61,1340
61,1419
65,1506
60,1411
62,1402
59,1351
63,1534
61,1415
59,1404
58,1256
57,1314
62,1356
58,1250
60,1377
64,1493
59,1363
60,1291
-,-,-,-
59,1326
67,1589
70,1673
74,1738
73,1736
69,1595
74,1750
73,1729
74,1736
62,1405
72,1684
65,1495
74,1724
71,1682
73,1697
72,1761
70,1644
67,1535
70,1609
74,1770
71,1657
73,1713
68,1588
72,1681
65,1509
72,1686
73,1760
74,1734
73,1681
74,1710
73,1691
72,1652
69,1553
70,1582
74,1710
62,1351
70,1620
59,1295
72,1655
66,1462
74,1710
57,1321
71,1612
71,1655
71,1647
67,1626
73,1701
69,1590
72,1655
68,1533
66,1534
66,1470
60,1283
58,1306
58,1246
66,1525
63,1540
57,1307
60,1336
64,1474
64,1546
60,1343
60,1311
61,1423
62,1369
59,1355
60,1368
61,1331
61,1376
57,1313
62,1455
60,1436
61,1337
63,1511
67,1550
54,1233
59,1290
59,1370
59,1400
-,-,-,-
73,1723
75,1784
67,1595
70,1617
75,1784
72,1681
69,1612
74,1756
72,1668
70,1627
67,1540
74,1752
71,1675
66,1534
67,1543
70,1617
75,1812
65,1477
64,1430
70,1630
66,1534
75,1784
65,1512
74,1771
75,1788
75,1784
75,1790
70,1615
73,1681
73,1675
65,1440
64,1431
65,1433
74,1710
62,1351
74,1710
69,1595
74,1710
72,1680
69,1596
65,1438
73,1678
70,1587
68,1510
72,1657
71,1662
63,1470
70,1597
67,1519
68,1570
69,1608
73,1714
66,1523
61,1411
63,1462
58,1310
64,1472
57,1292
62,1494
62,1471
64,1525
63,1417
60,1328
56,1295
58,1352
64,1485
62,1394
58,1341
56,1296
60,1368
60,1353
56,1284
58,1406
62,1347
60,1425
53,1184
62,1370
61,1388
57,1326
-,-,-,-
69,1583
70,1633
70,1630
71,1680
70,1623
72,1718
72,1714
69,1624
73,1708
72,1658
74,1738
72,1676
75,1784
63,1435
70,1639
75,1784
70,1605
68,1580
74,1734
75,1798
69,1604
69,1600
71,1655
66,1517
66,1497
69,1609
67,1484
71,1674
67,1608
66,1500
74,1710
65,1455
69,1562
69,1557
73,1702
64,1449
68,1495
74,1708
71,1623
66,1516
74,1710
68,1602
73,1703
67,1526
73,1703
68,1539
73,1718
69,1577
73,1701
67,1556
66,1496
68,1545
62,1322
58,1280
54,1224
64,1468
62,1407
65,1514
58,1303
66,1548
61,1510
62,1362
62,1422
62,1447
61,1407
62,1407
56,1225
63,1500
60,1391
57,1299
60,1371
63,1467
58,1358
63,1367
61,1298
58,1321
59,1263
63,1424
59,1301
-,-,-,-
71,1671
73,1736
72,1683
73,1700
72,1704
71,1647
72,1660
71,1671
67,1549
62,1404
67,1507
74,1791
75,1784
70,1624
65,1460
64,1455
68,1587
72,1656
68,1545
74,1738
73,1726
65,1519
75,1784
70,1660
73,1708
71,1698
71,1651
72,1707
70,1540
65,1435
69,1586
74,1710
71,1657
67,1447
65,1420
69,1528
65,1458
66,1443
74,1708
63,1349
65,1411
72,1664
71,1649
62,1449
69,1606
70,1590
68,1588
62,1443
67,1512
73,1710
69,1595
73,1701
65,1492
55,1218
63,1445
63,1389
64,1514
59,1331
67,1573
58,1243
55,1328
61,1365
62,1412
61,1353
61,1422
64,1512
63,1406
62,1442
59,1364
58,1299
63,1483
62,1504
58,1397
58,1282
59,1309
58,1321
58,1188
63,1463
57,1297
-,-,-,-