1127,48
1188,50
1164,49
1233,51
1252,51
1155,49
1233,51
1205,51
1268,52
1191,48
1189,51
1183,49
1118,48
1173,49
1268,52
1111,48
1268,52
1309,54
1138,50
1309,54
1296,54
1123,49
1296,54
1134,48
1199,50
1264,53
1232,53
1201,50
1104,49
1346,54
1196,50
1255,53
1188,52
1204,51
1247,53
1296,54
1234,51
1276,53
1237,52
1220,52
1270,54
1227,52
1198,52
1212,52
1261,54
1288,54
1140,48
1227,53
1268,52
1063,46
1284,53
1167,49
1196,51
1182,52
1202,50
1220,52
1229,51
1213,52
1206,51
1272,54
1136,50
1158,49
1253,53
1130,49
1142,51
1222,52
1261,54
1261,54
1132,49
1265,54
1148,49
1157,50
1147,50
1157,49
1215,53
1225,52
1196,50
1231,52
1222,53
1271,54
1202,51
1179,49
1203,52
1291,55
1278,54
1161,52
1252,54
1242,52
1291,55
1174,50
1226,52
1196,51
1260,54
1224,53
1205,52
1169,51
1249,54
1199,52
1248,53
1232,53
1140,50
1293,55
1285,54
1195,53
1291,55
1222,53
1237,53
1291,55
1233,53
1197,52
1294,54
1210,52
1175,52
1194,52
1291,55
1291,55
1218,52
1291,55
1232,53
1282,52
1126,49
1141,50
1152,50
1189,50
1291,55
1260,53
1257,54
1249,54
1183,51
1291,55
1208,53
1156,50
1289,55
1240,53
1226,53
1147,51
1174,50
1197,51
1247,54
1289,55
1235,53
1146,49
1228,51
1258,54
1285,55
1289,55
1141,50
1285,55
1200,52
1234,53
1202,52
1256,54
1192,51
1287,55
1213,51
1285,55
1270,55
1161,50
1270,55
1273,55
1248,54
1229,53
1268,55
1272,54
1117,49
1160,51
1164,50
1268,55
1251,55
1216,54
1308,55
1237,54
1274,55
1204,52
1291,54
1117,49
1204,53
1251,55
1199,53
1187,53
1289,55
1197,51
1227,54
1136,51
1139,49
1266,54
1188,52
1226,54
1212,53
1198,52
1306,54
1241,54
1251,55
1239,54
1235,54
1187,52
1220,54
1255,54
1253,55
1229,54
1252,54
1246,54
1207,53
1251,55
1251,55
1276,54
1204,52
1203,53
1210,53
1178,51
1251,55
1211,53
1266,54
1195,52
1254,56
1286,56
1149,49
1175,51
1194,52
1146,51
1254,56
1236,55
1218,54
1129,50
1252,56
1273,56
1252,56
1251,55
1290,56
1252,56
1265,55
1225,54
1271,56
1226,53
1247,54
1227,54
1163,51
1252,56
1187,53
1220,53
1120,50
1259,56
1301,55
1290,57
1257,55
1335,58
1294,56
1289,57
1322,57
1290,57
1247,55
1097,51
1230,55
1316,57
1311,57
1230,55
1269,56
1335,58
1335,58
1335,58
1264,55
1325,57
1250,55
1121,49
1239,54
1199,53
1143,50
1265,55
1333,58
1257,55
1319,57
1231,54
1317,57
1267,56
1297,57
1234,54
1293,57
1259,56
1154,51
1206,53
1193,52
1095,47
1165,51
1279,55
1225,54
1236,54
1333,58
1333,58
1333,58
1333,58
1280,56
1243,53
1228,55
1333,58
1333,58
1263,55
1226,54
1309,57
1276,55
1333,58
1337,58
1299,57
1297,56
1333,58
1132,50
1259,56
1336,58
1208,53
1137,52
1301,57
1213,54
1299,57
1200,52
1304,57
1303,57
1337,58
1297,57
1204,52
1341,58
1343,58
1210,54
1333,58
1224,53
1205,51
1236,53
1339,58
1268,56
1241,55
1286,57
1308,57
1294,56
1267,55
1160,51
1303,57
1339,58
1246,55
1297,57
1220,53
1292,57
1313,57
1181,51
1245,55
1284,57
1333,58
1173,52
1333,58
1254,55
1336,58
1253,54
1242,55
1331,58
1291,56
1241,54
1315,57
1216,53
1295,57
1251,56
1331,58
1200,53
1287,57
1287,56
1302,57
1342,58
1256,56
1297,57
1259,56
1303,57
1157,52
1331,58
1231,55
1137,51
1210,53
1329,58
1329,58
1189,51
1304,57
1202,53
1246,55
1178,52
1236,53
1333,58
1361,59
1261,54
1322,57
1229,53
1354,59
1282,57
1356,59
1147,51
1260,56
1354,59
1354,59
1354,59
1219,54
1211,53
1239,55
1297,56
1171,53
1307,57
1245,55
1324,58
1236,53
1157,52
1316,56
1195,52
1187,53
1242,55
1201,54
1393,60
1271,56
1294,56
1370,58
1352,57
1393,60
1385,59
1325,57
1302,56
1325,58
1277,56
1231,55
1213,53
1246,54
1337,58
1357,59
1344,59
1171,51
1249,54
1283,57
1393,60
1308,57
1255,54
1240,56
1326,58
1302,56
1204,52
1395,60
1207,54
1205,52
1290,55
1101,50
1215,53
1304,56
1385,58
1393,60
1403,60
1347,58
1395,60
1229,54
1350,58
1229,55
1310,58
1341,58
1393,60
1393,60
1237,55
1363,59
1393,60
1302,57
1393,60
1393,60
1286,56
1303,56
1393,60
1292,55
1279,54
1276,54
1329,57
1298,57
1268,56
1172,51
1399,60
1341,58
1337,57
1281,56
1247,56
1393,60
1138,50
1296,55
1267,55
1312,57
1383,58
1387,59
1332,58
1303,57
1357,58
1274,56
1395,60
1355,57
1304,57
1358,58
1393,60
1267,54
1345,58
1288,56
1285,55
1167,52
1397,58
1284,56
1314,56
1393,60
1303,57
1253,55
1374,57
1277,56
1395,60
1324,55
1276,54
1407,60
1319,57
1386,59
1155,51
1249,55
1270,56
1386,59
1192,53
1317,57
1372,59
1421,59
1357,59
1262,55
1259,54
1393,60
1218,54
1393,60
1199,51
1385,58
1291,56
1393,60
1244,53
1345,58
1399,60
1395,60
1187,52
1319,56
1286,56
1308,56
1264,56
1393,60
1243,54
1215,52
1267,53
1291,55
1278,56
1209,52
1311,57
1387,60
1387,60
1345,57
1135,52
1373,59
1206,52
1351,59
1393,60
1308,55
1351,58
1340,58
1379,60
1310,56
1285,57
1295,57
1198,52
1375,59
1377,60
1295,56
1274,56
1377,60
1244,53
1345,58
1145,50
1377,60
1192,52
1297,56
1383,60
1292,56
1285,56
1170,53
1389,60
1327,58
1189,51
1293,57
1305,57
1297,56
1387,60
1377,60
1361,59
1256,52
1377,60
1373,59
1284,55
1347,58
1241,55
1314,57
1219,54
1377,59
1377,60
1336,58
1389,60
1332,58
1170,53
1335,58
1345,58
1385,60
1270,55
1334,58
1154,53
1324,57
1351,58
1290,57
1074,50
1267,56
1377,60
1395,60
1357,59
1333,57
1216,54
1344,58
1347,58
1245,54
1305,56
1327,57
1377,60
1333,58
1274,56
1329,58
1278,56
1397,60
1268,56
1365,59
1234,52
1354,59
1274,56
1351,59
1257,56
1240,55
1289,57
1383,60
1300,57
1238,53
1165,53
1301,57
1379,60
1309,57
1260,55
1168,53
1367,59
1381,60
1288,56
1389,60
1265,55
1200,54
1264,56
1393,60
1231,54
1181,52
1377,59
1343,58
1121,52
1272,56
1166,52
1302,56
1294,58
1377,60
1294,56
1234,52
1377,60
1356,59
1237,54
1224,54
1377,60
1393,60
1361,58
1245,56
1367,59
1348,58
1385,60
1381,60
1341,59
1359,58
1115,49
1258,54
1385,60
1168,53
1371,58
1383,60
1245,53
1322,58
1377,60
1334,58
1223,54
1264,55
1341,58
1377,60
1307,57
1166,52
1279,57
1238,53
1381,60
1377,60
1321,57
1277,58
1363,59
1318,58
1377,60
1333,58
1325,58
1293,56
1377,60
1354,59
1387,60
1336,58
1377,60
1361,59
1274,56
1379,60
1141,51
1310,56
1355,59
1399,60
1377,60
1094,49
1377,60
1260,56
1342,58
1341,58
1379,60
1334,58
1238,53
1220,53
1174,53
1312,58
1339,58
1328,57
1258,55
1319,57
1377,60
1333,58
1409,60
1361,58
1319,57
1341,58
1361,57
1307,56
1367,59
1262,55
1215,54
1361,58
1240,54
1375,60
1322,56
1371,59
1227,54
1300,57
1324,58
1350,59
1321,56
1375,60
1294,56
1375,60
1355,59
1375,60
1307,57
1336,58
1352,58
1350,58
1243,55
1220,54
1248,55
1251,54
1189,51
1375,60
1279,57
1309,56
1300,57
1375,60
1207,51
1316,55
1375,60
1218,53
1294,57
1375,60
1283,56
1347,58
1186,52
1293,57
1387,60
1323,57
1225,52
1322,58
1248,56
1233,55
1316,57
1363,59
1294,56
1333,58
1375,60
1263,56
1313,56
1216,54
1294,56
1357,59
1366,59
1300,57
1211,54
1387,60
1375,60
1171,53
1389,60
1375,60
1300,57
1314,57
1293,56
1203,54
1318,57
1303,57
1300,57
1375,60
1314,56
1375,60
1304,56
1213,54
1335,58
1375,60
1359,59
1351,58
1375,60
1373,60
1267,56
1302,56
1313,57
1373,60
1303,56
1255,54
1322,58
1375,60
1165,52
1361,59
1247,54
1136,49
1144,50
1373,60
1349,59
1389,60
1326,58
1277,55
1391,59
1227,54
1259,55
1381,60
1373,60
1361,59
1350,59
1375,60
1352,59
1379,59
1319,57
1246,55
1185,53
1133,51
1271,57
1362,59
1361,59
1159,52
1326,57
1369,59
1135,49
1261,56
1355,59
1381,60
1383,60
1311,56
1322,58
1375,60
1238,56
1381,60
1375,60
1253,56
1238,53
1280,55
1198,54
1373,60
1226,53
1178,53
1229,54
1235,52
1332,58
1371,59
1282,57
1373,60
1225,51
1372,58
1381,60
1316,57
1355,59
1373,60
1152,53
1356,59
1375,60
1286,57
1214,54
1363,59
1256,55
1293,54
1403,60
1373,60
1375,60
1373,60
1341,59
1375,59
1381,60
1230,54
1377,60
1150,49
1284,56
1373,60
1135,49
1297,56
1375,60
1233,54
1375,60
1208,51
1393,60
1357,59
1349,59
1223,53
1270,56
1235,52
1385,60
1379,60
1373,60
1150,51
1271,55
1304,57
1195,53
1385,60
1173,53
1272,57
1096,48
1267,56
1136,50
1375,60
1291,56
1167,51
1282,56
1316,57
1248,55
1373,60
1373,60
1267,55
1377,60
1345,58
1254,56
1292,57
1342,59
1348,58
1156,50
1327,57
1373,60
1312,57
1320,58
1197,53
1338,57
1397,60
1302,56
1318,58
1391,60
1268,56
1373,60
1333,58
1316,58
1334,58
1326,58
1389,59
1381,60
1316,57
1255,54
1180,53
1371,59
1253,53
1389,60
1298,56
1210,53
1313,56
1323,57
1244,55
1362,58
1375,60
1302,56
1373,60
1375,60
1286,56
1212,54
1248,55
1187,51
1164,50
1246,54
1350,57
1373,60
1315,55
1319,58
1259,56
1373,60
1381,60
1373,60
1383,60
1373,60
1348,58
1356,59
1375,60
1375,60
1227,52
1309,56
1083,50
1200,53
1235,55
1281,57
1373,60
1379,60
1283,57
1320,58
1313,57
1264,54
1347,58
1193,51
1347,58
1238,55
1379,60
1383,59
1295,56
1148,51
1285,56
1258,55
1375,60
1381,57
1231,53
1371,60
1389,60
1206,53
1299,56
1337,59
1226,52
1320,58
1227,53
1204,53
1371,60
1344,58
1253,56
1371,60
1324,58
1190,52
1381,60
1216,54
1242,55
1237,55
1203,53
1136,51
1330,56
1371,60
1157,51
1146,51
1175,53
1385,60
1227,54
1157,52
1371,60
1306,55
1112,49
1149,51
1198,54
1279,57
1251,56
1371,60
1320,58
1256,56
1255,56
1341,59
1245,55
1333,59
1288,57
1245,53
1174,54
1211,54
1312,55
1284,54
1385,60
1371,60
1348,59
1253,54
1353,59
1381,60
1191,54
1331,59
1379,59
1371,60
1376,58
1224,54
1377,60
1234,53
1375,60
1222,54
1371,60
1324,57
1371,60
1270,55
1368,57
1187,51
1181,50
1107,48
1302,58
1248,54
1383,60
1371,60
1258,55
1242,54
1194,53
1190,53
1325,58
1272,55
1383,60
1385,60
1270,55
1257,55
1379,60
1330,58
1346,57
1276,56
1379,60
1288,57
1213,53
1200,52
1301,57
1235,54
1121,51
1152,50
1371,60
1140,52
1377,60
1081,48
1248,55
1315,57
1371,60
1157,52
1371,60
1206,53
1275,57
1286,56
1164,51
1226,53
1337,57
1305,58
1340,59
1250,55
1371,60
1266,56
1371,60
1187,53
1178,53
1228,54
1393,60
1088,51
1227,55
1371,60
1328,58
1343,58
1300,56
1293,56
1371,60
1228,55
1141,51
1283,57
1228,56
1256,56
1326,58
1371,60
1371,60
1254,56
1187,53
1348,59
1305,56
1307,57
1331,59
1344,57
1371,60
1219,52
1088,48
1258,55
1371,60
1275,57
1099,49
1371,60
1343,58
1175,52
1371,60
1216,54
1231,55
1371,60
1322,58
1156,52
1215,54
1247,55
1253,55
1176,53
1353,59
1371,60
1371,60
1287,56
1325,58
1369,60
1335,59
1204,54
1328,58
1237,54
1167,51
1236,55
1224,54
1132,49
1174,54
1241,56
1335,59
1333,59
1369,60
1161,51
1186,51
1256,55
1241,55
1307,58
1262,55
1298,57
1090,50
1369,60
1330,58
1369,60
1369,60
1349,59
1377,60
1326,57
1369,60
1342,57
1204,53
1264,55
1263,56
1315,58
1157,53
1369,60
1381,59
1286,57
1292,57
1162,52
1323,56
1369,60
1283,57
1142,51
1344,59
1279,56
1369,60
1369,60
1372,58
1273,56
1381,59
1379,59
1298,57
1226,54
1287,57
1336,56
1355,59
1175,53
1264,53
1295,55
1369,60
1310,56
1369,60
1128,49
1137,51
1255,54
1369,60
1215,53
1240,54
1326,58
1256,55
1302,57
1291,57
1193,53
1331,59
1262,56
1269,55
1186,51
1154,52
1303,56
1297,57
1263,56
1369,60
1289,57
1192,54
1377,60
1086,50
1122,49
1264,56
1369,60
1199,53
1337,58
1135,52
1240,54
1369,60
1255,56
1168,52
1371,60
1185,52
1267,56
1336,58
1223,54
1270,56
1211,52
1374,57
1221,52
1222,53
1186,52
1160,52
1275,57
1218,53
1159,50
1295,57
1090,48
1377,60
1283,57
1181,52
1379,60
1175,53
1317,58
1360,57
1205,53
1233,55
1248,55
1226,54
1190,53
1336,56
1369,60
1218,55
1303,56
1241,56
1253,56
1310,58
1288,57
1186,52
1371,60
1218,54
1258,55
1136,51
1204,54
1280,56
1280,54
1369,60
1369,60
1331,59
1369,60
1397,59
1194,52
1369,60
1208,53
1134,50
1233,53
1313,57
1208,54
1320,58
1298,56
1369,60
1381,60
1375,60
1350,59
1369,60
1220,54
1228,55
1345,58
1227,53
1207,54
1261,54
1150,50
1195,53
1214,54
1338,57
1236,54
1369,60
1359,59
1126,51
1371,60
1331,57
1262,56
1276,55
1254,55
1369,60
1264,56
1248,55
1293,56
1309,57
1369,60
1315,58
1153,51
1328,58
1306,57
1369,60
1251,55
1286,55
1250,55
1253,56
1295,57
1395,60
1121,52
1326,58
1318,58
1307,58
1367,60
1294,56
1373,60
1371,60
1298,55
1344,58
1344,59
1357,59
1367,60
1341,58
1298,57
1367,60
1305,58
1295,57
1326,57
1367,60
1180,52
1275,54
1143,51
1254,54
1317,57
1280,57
1202,53
1284,56
1359,59
1289,57
1196,52
1239,53
1262,55
1188,51
1258,56
1299,56
1351,59
1252,53
1250,55
1250,55
1238,54
1263,57
1177,52
1167,52
1306,58
1377,60
1210,53
1196,54
1332,56
1277,55
1263,56
1256,55
1182,52
1373,60
1178,51
1263,55
1347,59
1280,56
1210,53
1234,54
1244,53
1177,51
1179,51
1210,53
1332,57
1346,59
1300,58
1260,56
1275,55
1222,54
1367,60
1238,54
1351,59
1367,60
1314,58
1336,58
1179,51
1343,57
1300,58
1350,57
1361,58
1328,56
1278,55
1367,60
1322,58
1243,54
1220,54
1303,56
1367,60
1367,60
1278,55
1261,57
1237,56
1319,56
1311,58
1343,57
1204,52
1373,60
1353,58
1254,54
1345,59
1335,58
1276,55
1342,58
1244,55
1281,56
1251,56
1371,60
1288,55
1087,50
1367,60
1304,56
1160,52
1154,52
1287,56
1261,55
1337,58
1330,56
1270,56
1324,58
1367,60
1336,56
1212,53
1174,52
1279,55
1267,56
1217,53
1182,52
1074,48
1367,60
1177,51
1187,52
1123,50
1381,60
1300,57
1290,57
1367,60
1230,54
1184,53
1367,60
1220,54
1278,55
1130,51
1381,60
1298,57
1232,54
1369,60
1258,54
1338,59
1111,49
1349,58
1304,57
1373,60
1172,51
1288,57
1330,56
1311,58
1350,57
1279,56
1249,54
1359,59
1316,57
1195,52
1373,60
1371,60
1292,56
1320,57
1283,56
1177,51
1277,56
1367,60
1337,58
1371,60
1273,56
1236,55
1353,58
1328,58
1285,57
1263,56
1298,55
1179,51
1278,55
1349,59
1373,60
1194,51
1154,49
1243,56
1264,56
1385,60
1307,56
1329,59
1087,50
1367,60
1229,53
1344,59
1294,56
1333,57
1367,60
1241,53
1227,54
1325,58
1270,55
1367,60
1263,54
1377,60
1369,60
1233,54
1199,55
1305,56
1373,60
1331,58
1344,59
1200,51
1289,57
1272,55
1254,55
1375,58
1299,55
1331,59
1149,51
1266,57
1149,49
1150,52
1306,57
1367,60
1164,51
1335,59
1367,60
1270,55
1215,53
1248,55
1359,59
1270,56
1345,58
1353,58
1235,55
1359,59
1325,57
1347,59
1329,59
1271,55
1199,53
1349,58
1168,51
1333,59
1254,55
1172,53
1095,49
1244,55
1275,57
1275,57
1272,55
1250,53
1305,56
1391,59
1250,53
1286,55
1305,56
1381,60
1367,60
1345,58
1377,59
1367,60
1236,54
1373,60
1358,58
1257,56
1346,59
1367,60
1322,58
1367,60
1367,60
1159,51
1340,58
1215,53
1381,60
1340,58
1263,56
1274,57
1214,52
1317,58
1174,51
1367,60
1143,50
1367,60
1311,58
1257,54
1145,49
1121,51
1326,58
1200,53
1311,55
1256,55
1201,54
1373,60
1216,53
1317,58
1330,57
1367,60
1336,58
1367,60
1279,55
1331,59
1367,60
1236,55
1369,60
1231,55
1151,51
1328,56
1269,56
1367,60
1251,54
1141,50
1393,60
1331,59
1209,54
1265,56
1373,60
1202,53
1313,58
1329,59
1341,59
1373,60
1367,60
1281,56
1367,60
1278,57
1311,58
1373,60
1279,57
1271,55
1252,56
1379,60
1362,59
1281,54
1230,54
1290,56
1316,58
1202,52
1373,60
1178,53
1197,52
1367,60
1308,57
1249,55
1320,58
1371,60
1242,54
1164,52
1199,52
1377,58
1367,60
1367,60
1223,55
1240,54
1271,55
1171,51
1233,55
1350,59
1251,54
1379,60
1215,52
1153,50
1277,54
1297,55
1367,60
1203,53
1238,54
1333,58
1145,51
1331,59
1318,58
1367,60
1103,49
1252,56
1360,58
1205,54
1367,60
1367,60
1156,50
1178,52
1322,58
1283,57
1301,57
1240,53
1226,54
1340,58
1243,55
1350,57
1188,52
1278,55
1291,57
1241,55
1222,53
1253,52
1276,56
1379,59
1379,60
1208,53
1311,58
1258,53
1344,57
1312,57
1367,60
1303,57
1367,60
1343,59
1228,54
1331,59
1324,58
1310,57
1290,57
1257,56
1346,58
1381,60
1246,53
1350,57
1224,53
1341,58
1261,55
1258,54
1383,59
1211,53
1291,57
1333,57
1264,56
1373,60
1141,49
1367,60
1181,52
1401,59
1268,54
1331,59
1339,56
1291,57
1383,60
1331,57
1286,57
1284,56
1314,57
1349,59
1266,54
1367,60
1381,60
1253,56
1221,52
1367,60
1296,56
1367,60
1242,55
1268,54
1346,59
1234,54
1342,57
1367,60
1152,51
1215,53
1243,55
1211,54
1226,54
1377,60
1377,60
1277,55
1133,51
1267,54
1333,57
1293,57
1315,58
1188,52
1314,57
1367,60
1178,53
1216,53
1361,57
1319,55
1249,54
1346,58
1365,57
1375,60
1303,56
1182,53
1321,56
1371,60
1317,57
1204,52
1369,60
1367,60
1332,58
1350,58
1220,55
1359,58
1313,57
1369,60
1317,58
1296,57
1383,60
1367,60
1379,60
1263,56
1310,58
1231,55
1348,58
1301,56
1291,56
1180,53
1291,56
1165,52
1196,53
1332,58
1335,59
1177,52
1195,53
1367,60
1233,55
1327,58
1179,52
1333,56
1164,52
1257,56
1302,57
1355,59
1291,57
1239,55
1359,59
1278,56
1319,55
1268,54
1367,60
1329,58
1200,54
1367,60
1340,57
1364,59
1269,56
1367,60
1307,58
1371,60
1340,59
1242,54
1367,60
1222,53
1292,57
1324,58
1253,53
1302,57
1270,54
1331,59
1367,60
1325,57
1212,53
1251,56
1341,57
1325,56
1298,58
1229,55
1171,53
1379,60
1201,52
1373,60
1249,55
1367,60
1351,59
1260,55
1349,59
1176,52
1338,57
1330,57
1367,60
1308,56
1303,53
1169,51
1324,58
1367,60
1286,56
1353,59
1308,58
1373,60
1351,59
1285,57
1325,56
1359,58
1152,52
1260,55
1367,60
1316,58
1219,53
1244,55
1369,60
1296,57
1331,59
1373,60
1313,58
1170,52
1066,48
1313,56
1353,58
1203,53
1232,53
1367,60
1215,53
1215,54
1383,60
1255,54
1236,54
1297,56
1300,58
1292,56
1367,60
1302,57
1285,57
1349,59
1169,51
1210,54
1292,57
1299,57
1258,56
1180,53
1369,60
1367,60
1367,60
1342,57
1339,59
1238,52
1268,56
1308,56
1349,59
1314,57
1371,60
1313,57
1367,60
1176,50
1301,57
1369,60
1261,55
1367,60
1179,53
1367,60
1363,59
1367,60
1296,56
1193,53
1344,57
1359,58
1244,55
1211,54
1316,56
1215,55
1221,52
1259,55
1367,60
1254,55
1179,52
1235,53
1320,58
1264,56
1325,57
1373,60
1333,55
1209,54
1279,56
1365,59
1355,59
1350,59
1232,54
1286,57
1367,60
1299,56
1203,52
1334,58
1202,53
1234,52
1367,60
1359,58
1097,50
1333,59
1252,55
1280,56
1203,53
1357,57
1367,60
1343,58
1367,60
1351,59
1355,59
1256,54
1315,58
1379,58
1324,58
1326,57
1355,59
1229,54
1296,56
1313,56
1234,55
1387,60
1221,54
1367,60
1325,58
1230,55
1358,59
1356,57
1214,53
1344,59
1304,58
1343,57
1356,59
1298,57
1373,60
1239,55
1303,56
1369,60
1360,59
1367,60
1367,60
1387,60
1218,53
1324,56
1316,58
1247,54
1131,49
1369,60
1371,60
1383,60
1251,55
1342,59
1359,58
1367,60
1395,60
1301,57
1225,54
1371,58
1369,60
1395,59
1309,56
1196,53
1316,56
1261,55
1363,59
1353,59
1273,56
1272,56
1287,57
1279,55
1367,60
1357,58
1170,52
1293,57
1240,53
1125,50
1278,55
1313,56
1256,54
1344,59
1313,58
1326,58
1097,50
1361,58
1367,60
1258,55
1218,53
1367,60
1222,54
1373,60
1108,50
1359,59
1345,59
1330,57
1301,55
1373,60
1298,55
1356,59
1259,56
1196,55
1371,59
1207,52
1269,55
1313,56
1377,60
1232,52
1267,56
1371,58
1310,58
1355,59
1314,57
1373,60
1227,53
1367,60
1340,59
1187,53
1295,56
1250,55
1210,54
1333,59
1347,58
1264,56
1333,59
1306,56
1306,56
1371,60
1349,59
1233,53
1340,57
1267,56
1373,60
1195,53
1337,59
1234,54
1279,56
1323,58
1288,57
1219,54
1351,58
1314,57
1292,56
1203,53
1367,60
1367,60
1334,58
1355,59
1367,60
1367,60
1238,54
1248,54
1336,58
1309,58
1209,52
1311,58
1197,51
1340,57
1249,55
1367,60
1343,57
1338,59
1367,60
1367,60
1082,49
1375,60
1367,60
1367,60
1092,48
1310,57
1262,56
1243,55
1371,60
1229,55
1335,56
1273,54
1369,60
1253,52
1333,58
1184,51
1377,60
1229,54
1237,54
1330,58
1316,57
1203,53
1351,59
1311,57
1323,58
1246,53
1342,59
1367,60
1371,60
1222,53
1367,60
1333,58
1367,60
1293,57
1192,53
1264,57
1302,58
1367,60
1383,60
1197,52
1157,51
1343,58
1253,55
1173,52
1367,60
1288,56
1280,56
1194,52
1331,57
1000,46
1174,52
1298,57
1216,53
1282,56
1367,60
1335,56
1310,57
1313,58
1355,59
1367,60
1173,51
1367,60
1316,57
1333,59
1329,58
1294,57
1391,60
1355,58
1335,56
1275,55
1308,55
1371,59
1313,57
1228,54
1367,60
1365,59
1299,58
1350,58
1389,60
1202,54
1367,60
1259,55
1335,59
1335,56
1208,53
1165,52
1290,57
1160,51
1178,52
1287,57
1335,59
1270,55
1233,55
1315,58
1308,57
1321,58
1337,58
1244,54
1176,52
1309,57
1060,48
1259,56
1248,55
1251,56
1249,55
1263,54
1367,60
1101,51
1342,58
1216,53
1317,57
1197,53
1128,50
1178,52
1276,56
1176,52
1222,53
1379,59
1116,50
1367,60
1264,54
1300,56
1333,59
1281,56
1311,57
1323,58
1311,55
1229,54
1358,59
1292,57
1255,56
1363,59
1189,53
1321,57
1353,59
1353,58
1371,60
1293,56
1226,54
1277,56
1296,56
1308,55
1206,54
1264,56
1310,57
1220,53
1265,56
1313,57
1210,53
1172,52
1367,60
1280,56
1279,55
1331,59
1198,53
1367,60
1222,53
1294,57
1367,60
1338,58
1117,51
1367,60
1213,54
1314,58
1311,58
1207,53
1355,59
1295,57
1320,57
1383,60
1265,55
1367,60
1316,57
1309,58
1290,57
1367,60
1279,56
1164,53
1377,60
1312,57
1367,60
1359,59
1227,54
1277,57
1367,60
1140,52
1232,54
1331,57
1212,53
1287,56
1257,55
1325,57
1359,59
1249,55
1096,49
1221,52
1262,55
1367,60
1332,58
1307,57
1308,58
1245,56
1362,58
1367,60
1343,59
1347,59
1373,60
1385,60
1273,56
1371,60
1347,58
1318,57
1301,56
1348,59
1288,57
1245,55
1232,54
1339,58
1295,56
1312,57
1333,58
1240,54
1278,56
1353,59
1367,60
1156,52
1302,58
1295,57
1367,60
1367,60
1210,52
1355,58
1188,54
1184,52
1130,49
1345,57
1371,60
1333,57
1369,60
1335,59
1255,55
1385,60
1199,52
1371,60
1099,50
1189,53
1361,57
1333,58
1249,55
1363,59
1184,52
1114,50
1237,54
1363,59
1175,51
1341,57
1286,56
1359,59
1204,55
1238,54
1329,57
1284,55
1367,60
1367,60
1249,54
1365,59
1167,52
1311,58
1245,56
1312,57
1274,56
1369,59
1367,60
1379,60
1333,58
1328,58
1253,55
1246,55
1347,58
1269,56
1359,59
1207,53
1319,58
1266,56
1280,55
1334,58
1221,54
1184,52
1371,60
1159,53
1359,59
1234,52
1308,56
1329,58
1367,60
1333,58
1383,58
1300,56
1284,57
1397,60
1326,56
1333,58
1144,50
1367,60
1282,57
1330,58
1280,55
1284,57
1357,58
1331,58
1239,54
1371,60
1272,56
1292,57
1371,60
1306,57
1239,54
1241,53
1228,53
1315,57
1209,51
1344,56
1270,56
1353,59
1237,54
1276,56
1295,56
1367,60
1307,56
1377,60
1213,52
1280,55
1329,58
1335,59
1258,56
1256,54
1345,58
1367,60
1282,56
1243,53
1306,57
1332,57
1409,59
1367,60
1174,50
1203,53
1298,56
1248,55
1261,54
1206,54
1393,60
1363,59
1330,57
1288,57
1212,54
1239,53
1270,55
1244,55
1367,60
1291,56
1272,56
1252,54
1352,59
1317,57
1367,60
1375,60
1348,59
1209,53
1261,56
1365,59
1324,58
1313,58
1265,55
1359,59
1260,55
1313,56
1318,56
1327,58
1278,55
1379,60
1305,55
1337,58
1367,60
1272,55
1264,55
1272,56
1244,55
1246,55
1316,57
1178,54
1373,60
1206,55
1293,55
1333,58
1267,55
1204,53
1367,60
1247,54
1367,60
1207,55
1279,55
1253,54
1330,57
1259,55
1367,60
1233,53
1361,59
1367,60
1314,57
1285,56
1355,59
1244,53
1367,60
1373,60
1239,54
1339,59
1276,55
1153,51
1225,54
1243,54
1233,54
1367,60
1111,49
1261,55
1182,53
1199,51
1302,57
1228,53
1127,49
1367,60
1352,59
1177,53
1302,57
1075,47
1200,53
1262,55
1371,60
1230,53
1367,60
1373,60
1147,51
1304,55
1306,58
1208,54
1340,58
1349,57
1280,56
1217,52
1341,57
1305,57
1372,57
1304,55
1286,55
1298,57
1211,54
1268,56
1308,57
1293,57
1339,59
1201,54
1379,60
1107,49
1268,55
1409,59
1233,55
1062,48
1194,52
1323,57
1188,55
1257,55
1331,59
1339,59
1285,57
1371,60
1312,57
1216,53
1205,53
1367,60
1329,58
1247,56
1347,59
1151,51
1347,57
1338,57
1371,60
1341,58
1145,49
1249,56
1367,60
1334,56
1340,56
1274,55
1265,55
1161,52
1344,58
1363,59
1058,48
1367,60
1369,58
1334,58
1339,58
1255,54
1332,58
1144,50
1248,55
1169,50
1351,59
1329,58
1287,57
1369,60
1325,58
1310,56
1216,54
1208,55
1223,53
1147,50
1139,51
1242,55
1369,60
1256,55
1313,58
1212,55
1254,55
1337,57
1377,60
1371,58
1315,58
1321,58
1112,49
1218,54
1155,52
1286,55
1375,60
1367,60
1283,56
1358,57
1367,60
1248,55
1371,60
1351,59
1172,52
1258,55
1310,56
1319,58
1377,60
1288,55
1344,57
1367,60
1305,57
1308,57
1192,52
1369,60
1357,59
1367,60
1367,60
1295,56
1242,55
1276,55
1391,60
1323,57
1247,56
1318,57
1297,57
1244,54
1264,55
1227,54
1333,58
1399,59
1165,52
1219,54
1210,54
1309,57
1351,59
1369,60
1286,57
1359,59
1208,55
1299,56
1373,60
1148,51
1315,55
1385,60
1308,57
1194,52
1338,57
1219,54
1099,51
1203,53
1385,60
1220,53
1335,59
1214,54
1403,59
1272,56
1317,57
1367,60
1339,57
1256,55
1302,57
1359,59
1387,60
1348,59
1247,55
1331,58
1379,60
1309,58
1295,56
1279,56
1367,60
1348,59
1131,50
1081,47
1377,60
1343,59
1302,56
1367,60
1240,54
1387,60
1351,59
1278,56
1197,53
1112,50
1183,53
1144,51
1381,59
1367,60
1371,60
1262,56
1288,55
1358,57
1321,56
1143,51
1347,59
1259,55
1395,59
1180,50
1229,54
1314,58
1131,50
1399,59
1375,59
1248,54
1230,56
1169,51
1369,60
1328,58
1189,52
1299,57
1155,50
1336,58
1279,56
1256,55
1314,57
1167,51
1365,59
1275,55
1306,57
1367,60
1255,53
1300,57
1170,53
1387,60
1294,57
1367,60
1250,54
1381,60
1339,58
1276,56
1369,59
1278,55
1297,56
1331,59
1133,50
1317,57
1313,57
1367,60
1369,59
1274,55
1286,57
1373,60
1314,56
1186,51
1171,51
1365,58
1312,57
1338,58
1339,58
1285,54
1288,56
1248,54
1208,55
1301,57
1413,59
1367,60
1351,59
1195,53
1237,53
1284,55
1292,57
1267,54
1226,53
1371,60
1323,57
1180,53
1303,56
1255,54
1381,60
1348,59
1247,56
1379,60
1367,60
1295,56
1276,55
1115,49
1367,60
1381,58
1369,59
1372,57
1228,55
1367,60
1224,55
1215,54
1367,60
1233,54
1320,57
1315,57
1183,52
1300,57
1142,51
1194,54
1238,53
1339,58
1224,53
1341,58
1367,60
1345,58
1279,55
1307,57
1225,52
1211,54
1281,57
1372,57
1235,55
1162,51
1389,60
1403,59
1238,55
1238,53
1365,59
1371,59
1205,52
1251,54
1280,56
1326,57
1367,60
1278,56
1260,56
1295,57
1367,60
1354,59
1245,54
1214,53
1287,55
1371,59
1339,58
1242,54
1367,60
1367,60
1288,56
1310,57
1367,60
1367,60
1211,54
1220,54
1367,60
1223,53
1322,58
1112,50
1344,59
1365,59
1309,57
1171,52
1183,51
1313,58
1333,58
1203,52
1237,55
1362,59
1293,56
1164,52
1219,54
1357,59
1299,56
1367,60
1287,55
1367,60
1226,55
1236,53
1300,57
1255,56
1286,56
1198,52
1288,56
1367,60
1259,54
1385,60
1385,60
1287,57
1373,60
1311,57
1243,54
1367,60
1315,57
1247,53
1373,60
1352,59
1091,50
1316,58
1344,59
1242,55
1337,58
1144,51
1231,55
1327,57
1367,60
1285,54
1227,54
1158,51
1367,60
1367,60
1353,59
1246,54
1200,54
1331,58
1282,56
1226,52
1367,60
1149,51
1385,60
1262,56
1371,60
1367,60
1248,55
1265,56
1385,60
1348,58
1367,60
1328,58
1255,55
1186,51
1275,55
1304,57
1265,55
1256,55
1336,57
1230,56
1215,54
1272,56
1367,60
1143,51
1172,51
1347,58
1367,60
1367,60
1357,59
1176,52
1323,58
1367,60
1345,58
1326,58
1320,58
1367,60
1212,53
1367,60
1231,55
1198,53
1371,59
1238,55
1320,58
1379,60
1371,60
1264,52
1240,54
1154,53
1367,60
1329,57
1285,56
1234,55
1147,52
1363,59
1271,56
1304,57
1318,56
1367,60
1367,60
1308,57
1385,59
1221,53
1367,60
1268,55
1274,56
1330,57
1367,60
1312,56
1172,52
1297,56
1377,60
1282,57
1171,51
1190,52
1350,58
1391,60
1371,60
1188,52
1367,60
1367,60
1130,50
1369,60
1258,56
1219,53
1371,60
1175,50
1165,52
1333,58
1367,60
1365,59
1319,57
1359,59
1220,54
1164,52
1367,60
1212,54
1255,55
1199,52
1179,53
1369,60
1341,58
1371,60
1311,58
1240,55
1240,55
1269,55
1367,60
1300,56
1371,60
1280,55
1169,52
1195,51
1183,53
1247,55
1381,60
1312,58
1291,57
1251,55
1224,54
1308,58
1198,53
1219,54
1367,60
1242,54
1162,52
1172,51
1179,52
1352,58
1375,59
1367,60
1367,60
1367,60
1371,60
1379,60
1319,57
1316,57
1241,54
1332,58
1339,59
1367,60
1367,60
1367,60
1371,60
1182,53
1286,56
1367,60
1367,60
1231,53
1238,55
1294,57
1367,60
1241,54
1369,60
1343,59
1395,60
1158,52
1343,58
1367,60
1251,54
1240,55
1339,58
1357,59
1251,54
1265,56
1256,55
1286,55
1333,58
1190,51
1202,54
1193,54
1371,60
1301,57
1308,58
1202,51
1101,49
1367,60
1312,58
1385,60
1308,57
1330,58
1247,54
1367,60
1310,57
1328,58
1328,57
1294,57
1278,56
1134,50
1367,60
1234,55
1328,57
1333,58
1357,59
1276,55
1387,60
1135,50
1367,60
1347,57
1367,60
1242,54
1183,52
1240,55
1385,60
1365,59
1367,60
1211,53
1307,57
1157,51
1361,59
1375,60
1309,58
1228,53
1351,59
1351,59
1316,57
1148,53
1369,60
1367,60
1345,59
1341,59
1347,57
1325,57
1170,51
1246,55
1373,60
1157,51
1337,58
1367,60
1251,54
1279,57
1177,51
1353,59
1319,58
1298,57
1377,60
1314,58
1367,60
1367,60
1284,56
1367,60
1371,60
1348,59
1193,53
1347,58
1176,51
1310,58
1361,59
1186,53
1353,59
1331,59
1219,54
1226,53
1275,55
1175,51
1265,55
1310,57
1367,60
1181,51
1359,59
1268,56
1157,50
1298,57
1129,50
1286,56
1228,55
1324,58
1367,60
1287,57
1306,56
1367,60
1367,60
1369,60
1113,49
1367,60
1275,56
1322,58
1296,56
1367,60
1367,60
1367,60
1367,60
1367,60
1268,55
1381,60
1359,59
1301,56
1226,54
1369,59
1367,60
1286,57
1393,60
1367,59
1317,56
1318,58
1371,58
1271,55
1271,55
1310,56
1245,54
1367,60
1334,57
1128,49
1367,60
1330,58
1367,60
1367,60
1226,54
1365,59
1240,54
1313,57
1307,57
1162,53
1372,59
1361,59
1156,51
1280,55
1306,58
1310,56
1367,60
1345,59
1118,49
1352,58
1341,59
1273,56
1300,57
1314,58
1369,60
1367,60
1313,58
1309,57
1147,50
1367,60
1132,51
1125,50
1362,59
1327,58
1310,57
1250,55
1314,58
1232,54
1189,52
1162,51
1270,55
1345,58
1313,58
1367,60
1371,59
1276,55
1324,57
1277,56
1316,57
1305,58
1200,53
1187,52
1189,51
1348,58
1367,60
1371,60
1241,54
1379,60
1344,57
1359,59
1367,60
1211,52
1367,60
1317,57
1319,58
1333,58
1232,55
1371,60
1367,60
1098,49
1101,48
1278,55
1280,57
1367,60
1329,57
1298,57
1390,58
1348,59
1332,58
1369,60
1282,55
1367,60
1371,60
1353,59
1345,59
1267,55
1343,58
1261,56
1367,60
1276,56
1250,54
1377,60
1317,57
1205,54
1280,56
1201,53
1296,56
1387,60
1201,53
1391,60
1344,59
1309,57
1339,59
1242,54
1368,59
1270,55
1194,52
1199,52
1335,59
1391,60
1250,55
1281,56
1242,54
1367,60
1211,52
1272,56
1269,56
1299,56
1352,59
1341,59
1298,57
1353,58
1341,58
1173,49
1307,58
1367,60
1273,56
1278,56
1318,58
1344,59
1292,57
1195,52
1367,60
1358,59
1367,60
1367,60
1193,53
1195,52
1371,60
1347,58
1248,55
1367,60
1333,59
1360,59
1341,59
1302,57
1289,56
1369,59
1353,59
1291,56
1269,55
1208,53
1340,59
1339,59
1204,54
1367,60
1358,58
1207,53
1355,59
1302,56
1367,60
1296,56
1352,59
1367,60
1179,52
1208,53
1088,49
1332,58
1353,59
1318,58
1367,60
1306,58
1346,59
1225,54
1367,60
1266,54
1299,57
1281,55
1292,57
1217,53
1335,58
1154,51
1337,57
1361,59
1306,56
1379,60
1323,58
1187,52
1367,60
1361,59
1299,55
1359,59
1256,54
1150,48
1369,60
1359,59
1123,50
1348,59
1278,55
1367,60
1367,58
1285,57
1341,58
1250,54
1361,59
1304,57
1126,51
1367,60
1333,59
1367,60
1367,60
1367,60
1339,59
1367,60
1238,55
1288,56
1351,59
1281,57
1159,52
1264,56
1211,54
1365,59
1367,60
1219,54
1280,55
1159,52
1385,60
1377,60
1267,56
1214,53
1330,58
1291,56
1359,59
1338,58
1318,56
1165,51
1298,55
1322,55
1332,57
1209,54
1349,57
1349,59
1295,55
1336,58
1194,51
1371,60
1269,55
1336,58
1262,56
1344,59
1219,52
1367,60
1367,60
1393,60
1349,59
1377,59
1385,60
1341,59
1323,58
1298,55
1235,53
1262,56
1269,55
1224,50
1195,54
1120,49
1218,52
1367,60
1268,55
1183,52
1391,59
1336,58
1286,56
1367,60
1156,50
1362,58
1287,57
1228,55
1314,58
1183,51
1345,57
1360,59
1371,60
1387,60
1336,58
1202,54
1343,59
1191,53
1247,55
1379,60
1247,55
1350,58
1318,58
1139,49
1348,58
1152,50
1330,58
1367,60
1353,59
1353,59
1324,56
1387,60
1336,58
1243,53
1373,60
1367,60
1343,57
1371,60
1238,52
1228,54
1288,57
1207,54
1269,54
1280,55
1321,58
1367,60
1370,58
1370,58
1193,51
1367,60
1343,59
1296,57
1199,52
1354,59
1158,51
1330,56
1290,57
1218,54
1180,52
1343,57
1367,60
1225,51
1323,57
1380,58
1373,60
1346,57
1155,52
1199,52
1344,59
1365,59
1170,51
1226,55
1371,60
1118,50
1401,60
1301,56
1381,60
1186,53
1373,60
1345,59
1346,59
1312,57
1347,58
1286,55
1348,58
1245,56
1363,59
1367,60
1367,60
1303,57
1367,60
1348,58
1183,52
1377,60
1216,53
1231,54
1241,54
1207,52
1345,59
1375,60
1357,59
1297,57
1322,58
1313,57
1299,57
1367,60
1367,60
1262,53
1117,49
1367,60
1306,57
1214,53
1332,57
1304,55
1345,59
1228,53
1326,57
1285,56
1272,54
1381,60
1289,56
1367,60
1381,60
1198,54
1367,60
1271,56
1367,58
1213,53
1277,56
1379,60
1223,53
1336,59
1322,56
1290,57
1305,56
1263,55
1304,57
1236,54
1393,60
1211,53
1304,57
1278,56
1370,58
1193,51
1204,54
1365,59
1293,57
1367,60
1348,59
1169,51
1314,58
1230,54
1324,58
1323,57
1303,57
1291,56
1367,60
1290,57
1367,60
1150,52
1387,60
1292,57
1375,60
1321,57
1373,60
1282,56
1288,56
1260,56
1371,60
1095,48
1332,57
1356,59
1331,58
1237,55
1269,55
1153,50
1365,59
1298,56
1223,55
1285,56
1367,60
1338,58
1157,50
1202,53
1320,58
1169,51
1367,60
1328,58
1316,58
1322,57
1363,58
1373,60
1264,55
1223,52
1248,56
1241,55
1349,59
1302,57
1381,60
1323,58
1373,60
1251,55
1359,59
1273,56
1290,57
1371,60
1367,60
1284,55
1250,55
1195,53
1260,56
1203,53
1385,60
1175,52
1206,53
1219,55
1317,58
1346,58
1369,60
1347,59
1322,58
1284,56
1237,55
1371,60
1307,57
1336,57
1277,56
1367,60
1299,55
1301,56
1325,58
1272,56
1226,54
1371,60
1293,57
1377,60
1150,52
1310,57
1367,60
1260,53
1299,57
1323,58
1206,53
1327,58
1252,55
1266,55
1293,55
1327,58
1136,50
1385,60
1337,56
1332,57
1302,57
1358,58
1379,60
1223,52
1284,55
1302,57
1367,60
1330,58
1367,60
1281,55
1339,59
1367,60
1295,56
1368,58
1181,53
1226,52
1202,52
1282,56
1212,52
1343,59
1322,58
1367,60
1243,53
1334,58
1235,54
1281,57
1371,60
1283,56
1339,59
1309,58
1377,60
1176,52
1359,59
1284,54
1300,55
1266,55
1360,59
1271,55
1263,56
1259,56
1367,60
1371,60
1183,52
1275,55
1367,60
1163,51
1282,57
1367,60
1241,54
1283,56
1333,59
1325,57
1367,60
1299,57
1114,50
1125,49
1243,54
1212,55
1133,50
1167,52
1296,56
1379,60
1270,54
1367,60
1288,56
1371,60
1235,55
1203,53
1349,59
1367,60
1369,59
1361,59
1303,57
1243,52
1348,58
1328,58
1367,60
1325,57
1303,57
1377,60
1322,57
1267,55
1309,57
1361,59
1367,60
1298,57
1204,54
1370,58
1303,57
1290,57
1367,60
1263,54
1377,60
1316,57
1183,52
1223,55
1284,56
1349,59
1355,59
1336,58
1367,60
1270,54
1355,59
1383,59
1191,53
1266,55
1353,59
1350,58
1353,59
1070,47
1243,54
1353,59
1367,60
1261,56
1295,55
1375,60
1357,59
1318,58
1325,56
1255,54
1234,54
1234,53
1138,50
1330,58
1271,56
1240,54
1367,60
1234,55
1349,59
1367,60
1329,58
1295,55
1367,60
1294,56
1120,50
1307,57
1281,56
1336,58
1361,59
1277,57
1307,57
1273,56
1387,60
1367,60
1371,60
1267,54
1367,60
1306,57
1359,59
1301,57
1275,56
1367,60
1183,51
1334,58
1261,54
1273,56
1331,59
1325,57
1292,57
1236,55
1281,55
1310,55
1253,54
1277,56
1383,60
1327,56
1248,55
1327,58
1303,56
1184,51
1367,60
1198,53
1371,60
1199,53
1290,57
1205,53
1342,59
1370,58
1367,60
1331,59
1244,55
1291,56
1367,60
1304,56
1275,56
1375,59
1385,59
1308,58
1191,53
1273,56
1360,58
1127,50
1245,53
1328,58
1336,58
1383,60
1307,57
1363,59
1257,56
1367,60
1301,56
1171,52
1258,55
1273,56
1312,57
1307,55
1257,56
1108,50
1373,60
1308,56
1295,57
1356,59
1274,56
1347,59
1312,57
1367,60
1312,57
1247,54
1170,50
1210,52
1155,50
1227,55
1371,60
1317,58
1291,56
1224,53
1108,50
1324,58
1327,58
1280,56
1407,60
1251,54
1302,57
1383,60
1367,60
1268,54
1332,57
1325,57
1161,51
1334,58
1264,56
1373,60
1349,59
1364,59
1367,60
1367,60
1247,55
1373,60
1202,52
1369,60
1375,60
1361,59
1375,60
1277,57
1288,56
1258,54
1261,55
1330,58
1211,52
1367,60
1301,57
1160,52
1375,60
1375,60
1161,52
1373,60
1283,55
1160,52
1279,56
1307,58
1220,53
1367,60
1250,54
1184,51
1307,57
1367,60
1143,49
1243,55
1367,60
1331,59
1320,58
1175,52
1280,56
1325,58
1202,53
1367,60
1326,56
1328,56
1287,57
1297,55
1185,50
1383,60
1310,58
1247,53
1245,53
1387,60
1217,53
1367,60
1367,60
1254,55
1367,60
1367,60
1293,54
1324,57
1224,55
1287,57
1202,54
1316,57
1361,59
1327,58
1367,60
1283,56
1093,47
1307,56
1367,60
1203,53
1275,55
1367,60
1303,55
1258,56
1271,53
1367,60
1385,60
1171,52
1261,55
1210,54
1348,59
1286,57
1222,54
1367,60
1227,52
1350,59
1381,60
1144,49
1168,52
1292,57
1358,58
1333,58
1334,58
1312,57
1256,56
1326,58
1292,57
1257,53
1367,60
1257,55
1260,55
1191,53
1365,59
1230,53
1253,54
1307,56
1369,60
1367,60
1308,57
1342,56
1313,57
1285,55
1318,56
1302,58
1239,55
1181,53
1314,56
1113,48
1367,60
1248,53
1337,58
1313,57
1318,55
1324,58
1309,58
1367,60
1367,60
1367,58
1322,58
1321,58
1317,58
1337,58
1166,53
1290,54
1319,57
1298,57
1321,58
1338,59
1303,57
1367,60
1212,55
1345,59
1338,59
1267,57
1226,53
1187,53
1254,54
1283,56
1355,59
1192,53
1349,59
1367,60
1357,59
1227,55
1367,60
1369,60
1228,53
1180,50
1222,54
1359,59
1217,51
1156,53
1367,60
1349,59
1334,59
1328,57
1211,53
1353,58
1367,60
1367,60
1258,54
1395,60
1054,48
1211,55
1119,50
1227,55
1197,52
1269,55
1334,58
1350,59
1367,60
1212,52
1268,55
1156,53
1246,53
1206,53
1338,58
1226,54
1367,60
1232,53
1318,57
1279,55
1355,59
1241,55
1340,58
1289,56
1292,57
1307,56
1292,56
1320,58
1313,58
1189,52
1337,59
1283,55
1369,60
1073,48
1335,59
1243,53
1289,56
1334,58
1375,60
1360,58
1278,54
1371,60
1249,55
1271,55
1367,60
1369,60
1180,50
1285,56
1342,58
1284,56
1073,48
1371,60
1302,57
1331,59
1272,54
1336,57
1229,53
1324,58
1236,54
1246,53
1367,60
1326,56
1279,54
1248,54
1327,58
1244,53
1365,59
1243,55
1367,60
1367,60
1177,51
1294,56
1334,58
1248,56
1291,55
1269,55
1368,57
1245,56
1227,54
1367,60
1236,53
1236,54
1280,57
1371,60
1367,60
1367,60
1368,57
1260,54
1255,55
1371,60
1073,48
1367,60
1377,60
1367,60
1322,56
1354,59
1252,56
1280,57
1309,56
1314,58
1277,56
1367,60
1319,58
1277,55
1257,54
1367,60
1281,55
1367,58
1302,57
1193,53
1367,60
1319,58
1244,55
1177,53
1244,54
1256,52
1367,60
1367,60
1273,56
1217,53
1198,53
1292,57
1236,55
1373,60
1261,55
1389,60
1371,60
1322,58
1278,56
1367,60
1288,56
1235,54
1319,58
1344,59
1203,52
1212,53
1172,53
1330,58
1338,58
1348,59
1198,52
1227,52
1220,54
1153,52
1367,60
1163,49
1284,57
1152,50
1340,59
1336,58
1279,56
1310,58
1367,60
1160,51
1271,55
1319,57
1377,60
1192,53
1314,55
1316,57
1309,57
1230,53
1277,55
1294,57
1367,60
1286,56
1299,58
1320,57
1308,57
1367,60
1367,60
1331,58
1320,56
1357,59
1316,58
1291,55
1134,50
1284,57
1269,53
1125,50
1367,60
1381,58
1367,60
1308,57
1274,56
1310,58
1307,57
1276,56
1371,60
1289,55
1214,53
1332,58
1339,59
1275,55
1323,56
1303,57
1268,56
1369,60
1230,54
1373,60
1375,60
1230,54
1275,53
1363,58
1225,54
1326,56
1338,59
1340,59
1367,60
1183,52
1317,58
1154,51
1170,51
1371,60
1203,51
1331,58
1184,52
1184,52
1320,58
1369,60
1337,57
1236,55
1288,57
1332,58
1333,59
1237,54
1225,55
1175,51
1301,56
1365,59
1120,50
1338,59
1353,59
1193,53
1361,59
1275,55
1367,60
1387,58
1291,57
1383,60
1117,50
1250,53
1317,58
1367,60
1387,59
1367,60
1234,54
1393,60
1274,56
1258,56
1312,57
1278,56
1369,60
1310,57
1383,60
1373,59
1183,52
1381,60
1321,58
1315,56
1326,58
1377,58
1367,60
1277,54
1381,60
1202,53
1336,58
1326,58
1340,59
1357,58
1284,56
1335,59
1329,57
1314,57
1342,58
1218,53
1371,60
1380,58
1292,56
1217,53
1295,55
1313,58
1186,52
1316,56
1185,52
1353,59
1326,57
1203,52
1302,57
1253,56
1297,57
1233,52
1355,59
1252,55
1187,52
1294,56
1355,59
1353,59
1367,60
1353,59
1291,57
1215,54
1369,60
1323,56
1367,60
1284,57
1379,60
1315,58
1295,56
1230,54
1278,54
1399,60
1193,53
1291,57
1170,50
1367,60
1367,59
1367,59
1367,60
1256,56
1223,52
1315,57
1383,60
1343,59
1175,52
1274,55
1228,55
1319,57
1307,56
1367,60
1283,56
1061,47
1329,58
1280,56
1294,55
1323,56
1277,56
1353,59
1254,56
1195,52
1324,58
1050,46
1147,52
1283,57
1190,51
1367,60
1351,59
1193,53
1361,59
1304,56
1351,59
1257,56
1355,59
1315,58
1234,55
1367,60
1353,59
1260,56
1241,54
1361,59
1367,60
1286,53
1367,60
1357,59
1339,59
1342,58
1361,59
1287,57
1371,60
1289,57
1320,56
1367,60
1339,58
1287,57
1356,59
1229,55
1271,56
1367,60
1292,57
1288,57
1266,54
1381,60
1367,60
1230,54
1315,57
1327,58
1345,59
1320,58
1357,59
1114,48
1371,60
1340,58
1335,59
1369,60
1367,60
1369,60
1186,52
1310,58
1292,57
1267,55
1271,56
1367,60
1373,58
1247,55
1310,56
1329,58
1262,56
1320,57
1314,57
1311,58
1253,56
1323,58
1367,60
1163,52
1148,50
1389,60
1319,58
1276,53
1290,57
1333,59
1241,55
1292,57
1252,56
1280,56
1279,57
1283,56
1280,56
1367,60
1301,57
1337,58
1377,60
1294,57
1351,59
1299,56
1320,58
1369,60
1383,60
1367,60
1148,50
1149,49
1332,58
1159,52
1367,60
1369,60
1197,52
1225,53
1307,56
1381,60
1367,60
1283,57
1307,58
1282,57
1371,60
1238,54
1327,58
1054,47
1259,55
1367,60
1371,59
1230,55
1246,54
1198,53
1346,59
1293,57
1185,53
1371,60
1315,56
1345,59
1296,57
1283,57
1341,58
1152,52
1271,56
1284,55
1285,57
1241,53
1273,55
1285,54
1315,58
1174,51
1319,58
1367,60
1355,59
1323,58
1265,53
1253,53
1157,52
1349,59
1336,57
1253,56
1329,57
1252,53
1310,58
1292,56
1212,55
1367,60
1314,57
1370,58
1349,59
1264,54
1310,58
1247,54
1306,57
1355,58
1373,58
1274,54
1223,53
1277,56
1284,55
1367,59
1159,53
1340,59
1244,56
1246,54
1262,55
1226,54
1367,60
1325,58
1349,59
1367,60
1367,60
1281,56
1403,60
1345,59
1367,60
1371,60
1367,60
1229,54
1185,51
1371,60
1343,58
1351,59
1311,57
1179,53
1367,60
1371,58
1290,56
1339,58
1227,53
1299,56
1367,60
1275,55
1349,59
1319,57
1292,57
1224,54
1349,59
1193,53
1367,60
1272,56
1215,54
1284,57
1177,53
1371,60
1314,58
1367,60
1253,55
1307,56
1275,55
1193,53
1322,56
1375,60
1304,56
1209,53
1365,59
1369,60
1367,60
1307,58
1263,56
1320,58
1279,57
1271,56
1307,57
1367,60
1371,60
1314,57
1226,54
1194,52
1312,57
1271,56
1346,58
1340,59
1365,59
1109,50
1265,55
1288,56
1335,58
1225,56
1323,57
1295,56
1397,60
1319,58
1320,58
1369,60
1403,60
1346,58
1240,54
1230,55
1128,51
1337,58
1320,57
1240,55
1310,58
1292,56
1307,58
1295,56
1367,60
1367,60
1365,59
1300,56
1369,60
1302,57
1318,58
1230,55
1307,58
1367,60
1343,59
1365,59
1265,56
1369,60
1255,54
1283,57
1307,58
1317,58
1371,60
1185,53
1342,58
1365,60
1154,51
1214,53
1259,54
1379,60
1317,58
1334,58
1278,56
1330,58
1348,58
1297,57
1241,53
1365,60
1339,58
1329,56
1265,56
1202,54
1290,57
1315,56
1335,59
1350,58
1218,53
1331,59
1296,56
1256,54
1243,53
1365,60
1361,57
1248,55
1237,55
1140,51
1293,56
1355,59
1365,60
1223,54
1265,54
1341,59
1352,59
1057,48
1333,59
1210,54
1365,60
1205,53
1341,59
1226,52
1196,53
1237,55
1343,59
1351,59
1274,56
1329,57
1297,56
1306,55
1367,60
1340,58
1372,58
1212,54
1248,55
1367,60
1266,55
1290,56
1352,59
1269,56
1365,60
1365,60
1365,60
1353,59
1316,58
1358,58
1379,60
1379,60
1332,58
1189,54
1201,51
1317,56
1239,54
1379,60
1212,53
1310,58
1341,59
1281,56
1365,60
1365,60
1264,54
1269,56
1272,54
1299,56
1369,60
1296,56
1284,57
1285,54
1389,60
1342,58
1365,60
1310,57
1413,60
1184,52
1277,56
1244,54
1352,59
1126,51
1385,60
1269,57
1367,60
1369,60
1307,56
1285,57
1379,60
1300,58
1353,59
1220,52
1216,53
1254,56
1228,54
1329,58
1212,54
1377,60
1210,54
1336,59
1363,59
1243,53
1255,55
1365,60
1362,59
1350,58
1335,58
1274,56
1231,54
1352,59
1213,51
1369,60
1240,54
1255,54
1234,53
1313,57
1333,59
1286,56
1367,60
1365,60
1244,54
1365,58
1365,60
1320,58
1234,53
1221,52
1365,60
1255,56
1267,55
1365,60
1276,55
1314,57
1137,50
1307,58
1267,55
1365,60
1348,58
1260,54
1367,60
1113,49
1233,53
1361,59
1128,51
1338,58
1338,59
1330,58
1202,53
1375,60
1349,59
1363,59
1369,59
1168,51
1256,53
1205,53
1353,59
1314,57
1269,56
1365,60
1296,57
1369,60
1373,60
1239,54
1261,54
1053,48
1251,55
1365,60
1299,57
1142,51
1288,56
1269,56
1264,54
1372,58
1294,56
1187,51
1298,56
1322,57
1367,60
1148,48
1345,59
1211,54
1144,50
1257,55
1338,59
1196,52
1195,53
1224,52
1212,52
1319,55
1250,55
1342,58
1267,55
1243,54
1345,58
1358,59
1254,56
1367,60
1339,59
1239,53
1210,54
1371,58
1365,60
1221,55
1281,57
1329,58
1272,55
1292,55
1291,57
1247,56
1367,59
1407,60
1190,52
1115,50
1337,58
1276,56
1204,53
1359,59
1212,54
1365,60
1239,55
1228,54
1316,57
1234,54
1315,58
1365,60
1234,52
1338,59
1205,53
1169,50
1308,57
1297,57
1297,57
1365,60
1361,59
1367,60
1365,60
1248,56
1341,59
1205,54
1337,58
1371,60
1373,60
1276,54
1245,54
1321,57
1298,56
1241,55
1279,56
1274,56
1238,54
1287,55
1294,57
1297,56
1363,59
1365,60
1269,56
1310,58
1316,57
1330,58
1220,53
1202,53
1314,57
1298,57
1228,54
1244,54
1318,58
1369,60
1365,60
1367,60
1315,57
1295,57
1238,54
1358,59
1367,60
1126,51
1305,58
1038,47
1295,55
1367,60
1099,48
1163,50
1313,58
1365,60
1365,60
1347,59
1271,56
1379,60
1369,60
1329,57
1286,57
1365,60
1261,56
1047,48
1371,60
1365,60
1210,54
1169,52
1300,56
1163,51
1258,56
1261,56
1317,58
1365,60
1146,50
1320,58
1343,59
1365,60
1365,60
1397,59
1357,59
1337,58
1278,56
1276,54
1287,55
1243,56
1349,59
1231,53
1180,51
1363,58
1345,59
1133,52
1229,52
1351,59
1258,56
1369,60
1310,58
1365,60
1196,52
1367,60
1225,53
1328,56
1365,60
1311,57
1351,59
1174,50
1359,58
1241,53
1150,52
1259,55
1352,59
1365,60
1315,58
1298,57
1369,60
1319,57
1143,50
1365,60
1194,54
1293,56
1365,60
1171,51
1367,60
1343,59
1288,56
1369,60
1284,55
1353,59
1256,55
1329,59
1365,60
1363,59
1315,58
1239,55
1290,57
1329,57
1126,50
1148,51
1349,59
1318,58
1365,60
1335,59
1332,58
1314,57
1357,59
1356,59
1174,50
1320,57
1365,60
1269,54
1326,58
1235,56
1377,60
1122,51
1305,55
1291,57
1302,58
1062,47
1341,59
1365,60
1248,56
1167,51
1263,55
1318,58
1321,58
1335,59
1085,48
1263,55
1299,57
1265,56
1367,60
1254,55
1304,56
1365,60
1365,60
1236,56
1377,60
1340,58
1327,59
1377,60
1190,52
1332,56
1196,53
1289,56
1365,60
1348,59
1354,59
1177,52
1195,53
1409,60
1291,57
1245,55
1212,54
1112,49
1248,54
1279,57
1333,58
1240,55
1352,59
1313,56
1149,52
1329,59
1315,57
1267,56
1365,60
1365,60
1365,60
1381,60
1168,52
1304,56
1365,60
1365,60
1190,52
1196,53
1320,58
1217,53
1341,57
1170,52
1365,60
1365,60
1338,58
1289,57
1310,58
1117,51
1234,55
1234,55
1365,60
1330,56
1302,57
1287,57
1365,58
1311,57
1316,57
1362,59
1344,59
1336,58
1122,48
1250,54
1365,60
1263,56
1343,59
1303,56
1315,57
1163,53
1385,60
1286,57
1368,59
1241,55
1313,58
1245,54
1299,57
1264,54
1255,56
1385,60
1341,59
1227,55
1191,52
1278,57
1307,58
1265,56
1264,54
1321,57
1329,59
1317,57
1367,60
1262,54
1365,60
1275,56
1171,52
1354,59
1191,52
1229,56
1271,57
1363,58
1365,60
1219,54
1297,56
1224,54
1321,57
1257,56
1367,60
1183,51
1367,60
1365,60
1310,58
1365,60
1367,59
1369,60
1236,55
1140,50
1183,52
1267,56
1271,55
1227,53
1329,59
1190,52
1336,58
1367,60
1365,60
1189,54
1369,60
1357,59
1212,51
1365,60
1312,58
1210,53
1325,58
1174,51
1298,58
1192,52
1169,51
1150,53
1367,60
1297,55
1238,53
1343,58
1228,53
1329,58
1365,60
1210,54
1371,59
1287,55
1232,54
1373,60
1355,59
1365,60
1335,57
1309,57
1371,59
1365,60
1341,59
1240,55
1365,60
1365,60
1307,55
1287,55
1215,54
1220,54
1163,51
1263,55
1365,60
1303,55
1365,60
1363,59
1304,57
1365,60
1204,50
1241,54
1277,56
1244,55
1246,54
1237,54
1365,60
1312,58
1385,58
1365,60
1379,60
1365,60
1331,58
1282,56
1365,60
1269,54
1365,60
1300,57
1353,58
1302,55
1360,59
1247,55
1269,54
1333,56
1338,58
1314,58
1371,60
1169,51
1313,58
1162,52
1296,56
1338,59
1319,58
1361,60
1381,60
1347,59
1361,60
1232,55
1307,57
1222,53
1276,56
1273,56
1171,52
1288,57
1278,56
1288,57
1365,60
1357,59
1338,59
1365,60
1347,59
1355,59
1361,60
1189,53
1281,54
1352,59
1331,58
1246,55
1377,60
1361,60
1361,60
1199,51
1347,59
1367,59
1276,56
1269,55
1349,59
1337,59
1314,56
1367,60
1268,56
1349,59
1365,60
1238,55
1310,58
1191,51
1361,60
1192,52
1385,60
1361,60
1318,57
1305,57
1202,52
1269,55
1344,59
1278,56
1291,57
1365,60
1280,56
1373,60
1246,54
1361,60
1187,51
1191,51
1205,55
1288,54
1086,50
1361,60
1325,58
1247,55
1293,56
1298,57
1224,54
1361,60
1367,59
1335,58
1349,59
1297,56
1333,58
1361,60
1313,57
1275,56
1238,54
1367,60
1221,54
1367,60
1339,58
1389,60
1322,56
1265,55
1332,58
1295,55
1307,57
1339,57
1240,54
1361,60
1353,59
1155,51
1326,58
1288,57
1377,58
1312,57
1315,58
1305,58
1357,58
1361,60
1321,58
1343,59
1361,60
1331,58
1366,58
1253,56
1357,59
1217,54
1217,53
1360,59
1337,59
1311,56
1361,60
1367,60
1313,58
1365,60
1191,53
1324,56
1074,48
1279,57
1341,59
1304,57
1384,58
1228,54
1397,60
1347,59
1347,59
1363,60
1297,55
1354,57
1316,57
1290,57
1355,59
1168,52
1361,60
1384,58
1367,60
1303,58
1319,57
1372,58
1274,57
1257,55
1363,60
1270,56
1237,54
1289,57
1361,60
1367,59
1361,60
1141,52
1244,54
1338,58
1229,54
1325,59
1302,56
1365,60
1276,55
1283,55
1230,54
1222,53
1328,58
1264,55
1337,59
1256,53
1117,49
1367,60
1351,59
1361,60
1319,57
1200,51
1166,51
1361,59
1250,51
1361,60
1367,59
1323,59
1341,59
1272,56
1307,57
1266,54
1307,57
1323,59
1367,59
1263,56
1281,56
1365,60
1311,58
1219,54
1217,52
1365,60
1299,57
1292,57
1353,59
1228,54
1371,60
1361,60
1298,57
1383,60
1361,60
1367,60
1371,60
1194,52
1337,59
1282,55
1237,53
1371,60
1275,55
1283,55
1222,56
1317,58
1367,60
1367,60
1329,59
1256,55
1383,60
1303,57
1349,59
1280,56
1291,57
1337,59
1361,60
1303,58
1361,60
1349,59
1383,60
1150,51
1202,52
1302,58
1359,59
1335,58
1308,58
1361,60
1341,59
1158,50
1361,60
1224,53
1235,54
1310,57
1343,56
1310,58
1310,57
1356,57
1269,56
1294,57
1284,56
1339,59
1383,60
1329,59
1355,59
1136,49
1367,60
1289,56
1293,57
1361,60
1361,60
1288,56
1367,60
1196,53
1190,53
1329,59
1315,57
1337,59
1309,57
1365,60
1337,58
1373,58
1238,55
1293,55
1367,60
1190,53
1237,55
1361,60
1324,58
1192,53
1286,57
1369,60
1332,58
1361,60
1160,51
1369,60
1224,54
1361,60
1331,57
1315,58
1318,58
1371,59
1367,60
1343,59
1320,57
1361,60
1309,57
1259,55
1328,58
1083,51
1351,59
1274,56
1134,50
1389,60
1325,59
1254,55
1225,54
1349,59
1302,58
1258,53
1324,57
1206,52
1204,52
1361,60
1215,53
1361,60
1363,60
1347,59
1266,56
1303,57
1373,60
1259,55
1311,57
1297,57
1353,59
1311,58
1154,52
1278,56
1375,60
1367,60
1373,58
1200,53
1171,51
1124,51
1156,51
1278,56
1353,59
1361,60
1340,57
1236,54
1321,56
1306,58
1361,60
1361,60
1286,56
1222,54
1326,59
1280,56
1361,60
1361,60
1305,58
1363,58
1182,53
1361,60
1209,53
1171,53
1232,54
1295,55
1367,60
1341,59
1361,60
1338,57
1327,59
1219,54
1302,56
1278,55
1223,56
1361,60
1375,60
1343,57
1361,60
1360,58
1298,57
1343,59
1294,56
1271,56
1361,60
1298,56
1257,54
1361,60
1158,51
1199,53
1355,59
1373,60
1281,56
1240,55
1379,60
1351,59
1344,58
1367,60
1363,60
1289,57
1293,57
1281,56
1137,52
1329,57
1306,57
1101,50
1307,57
1325,57
1361,60
1395,60
1371,60
1367,60
1254,56
1227,54
1235,54
1192,52
1248,55
1259,53
1311,57
1308,58
1210,54
1367,60
1088,49
1267,54
1260,54
1349,59
1356,59
1349,59
1291,57
1309,58
1381,59
1403,60
1290,55
1319,56
1361,60
1269,57
1348,59
1391,60
1300,58
1312,56
1240,55
1299,57
1301,56
1349,59
1329,59
1325,59
1361,60
1312,57
1330,57
1177,53
1247,55
1247,55
1225,54
1337,58
1346,58
1328,58
1192,53
1361,60
1272,58
1264,54
1373,60
1274,57
1303,57
1206,54
1333,59
1343,59
1231,54
1315,57
1337,58
1134,51
1272,58
1375,60
1361,60
1167,53
1365,60
1329,58
1368,59
1199,52
1341,58
1290,57
1291,57
1361,60
1369,60
1361,60
1377,60
1288,56
1265,55
1343,59
1249,54
1334,58
1212,50
1323,58
1309,57
1345,58
1276,55
1336,58
1301,57
1367,59
1235,53
1361,60
1365,60
1361,59
1185,53
1248,54
1326,58
1288,57
1316,58
1261,55
1277,55
1336,59
1302,58
1363,60
1307,58
1363,60
1328,57
1108,51
1300,57
1355,59
1393,60
1361,60
1185,54
1284,55
1246,55
1361,60
1365,60
1363,59
1329,57
1327,59
1170,52
1240,53
1361,60
1231,55
1205,54
1318,59
1280,54
1185,52
1365,60
1314,58
1300,58
1245,56
1231,55
1236,53
1325,56
1250,54
1256,54
1284,57
1355,59
1290,56
1361,60
1318,58
1307,58
1350,57
1361,60
1188,52
1329,59
1367,60
1369,60
1329,58
1315,57
1296,57
1355,59
1375,59
1279,57
1315,58
1361,60
1164,51
1247,54
1361,60
1391,60
1361,60
1391,60
1348,58
1364,59
1305,55
1337,59
1232,54
1296,57
1131,52
1125,52
1365,60
1262,56
1290,57
1266,57
1288,58
1322,57
1129,52
1361,60
1227,54
1277,56
1405,60
1361,60
1339,59
1331,59
1225,55
1243,54
1361,60
1361,60
1359,59
1284,57
1291,56
1277,56
1329,59
1367,60
1357,59
1284,56
1140,53
1361,59
1367,60
1279,56
1361,60
1299,58
1267,56
1361,60
1361,60
1169,52
1266,55
1361,60
1272,56
1280,55
1361,60
1358,59
1184,52
1275,55
1367,59
1383,60
1236,53
1315,58
1337,59
1195,51
1291,57
1307,57
1233,56
1134,51
1132,53
1244,56
1365,59
1308,57
1172,51
1250,55
1148,52
1239,55
1256,53
1283,56
1300,58
1351,58
1215,54
1361,60
1259,57
1301,57
1304,58
1266,57
1301,57
1316,57
1202,53
1354,58
1341,58
1299,57
1182,52
1236,54
1187,53
1359,59
1235,55
1284,56
1278,56
1305,55
1240,55
1265,57
1225,54
1369,59
1273,56
1361,60
1327,59
1327,59
1171,52
1304,57
1365,59
1296,57
1363,60
1377,60
1317,58
1194,53
1126,50
1365,60
1341,58
1361,60
1343,59
1343,59
1145,51
1361,60
1308,56
1337,59
1267,55
1361,60
1268,57
1304,58
1363,60
1349,59
1361,60
1263,55
1361,60
1250,55
1355,59
1326,58
1277,56
1393,60
1347,59
1317,54
1323,58
1301,58
1341,58
1255,55
1347,59
1310,57
1195,53
1267,55
1300,56
1310,57
1361,60
1348,58
1306,57
1279,55
1291,56
1276,55
1256,56
1354,59
1267,55
1373,60
1361,60
1243,54
1191,53
1363,60
1299,57
1371,59
1132,50
1341,59
1316,58
1375,60
1258,57
1204,54
1356,58
1303,57
1327,58
1213,53
1293,56
1328,57
1334,58
1241,53
1254,55
1257,53
1376,59
1379,60
1291,57
1266,55
1289,56
1361,60
1249,55
1261,55
1242,54
1323,57
1373,60
1178,51
1304,57
1329,59
1338,57
1365,60
1197,53
1345,59
1359,59
1143,50
1337,59
1335,59
1248,57
1331,59
1313,57
1163,52
1277,56
1204,52
1242,54
1177,52
1189,53
1311,55
1361,60
1361,60
1359,59
1264,56
1355,59
1371,60
1361,60
1316,55
1265,56
1306,57
1313,57
1349,58
1303,57
1303,58
1285,57
1317,56
1298,56
1233,53
1361,58
1214,53
1355,59
1361,60
1189,53
1377,60
1317,58
1361,60
1266,57
1303,57
1341,59
1341,58
1200,53
1358,59
1280,57
1324,58
1286,55
1257,55
1339,58
1285,55
1365,58
1387,60
1182,52
1313,57
1331,59
1240,55
1275,55
1301,57
1325,59
1161,54
1295,57
1299,57
1361,60
1361,60
1323,59
1284,56
1306,57
1367,60
1369,60
1281,56
1344,59
1300,58
1192,53
1059,48
1306,56
1234,56
1313,57
1255,57
1162,53
1298,57
1241,54
1361,60
1282,56
1181,52
1198,55
1353,59
1124,52
1325,59
1195,53
1365,60
1255,54
1268,57
1253,55
1361,60
1290,57
1236,56
1290,55
1361,60
1313,58
1225,54
1254,54
1279,55
1352,59
1248,53
1390,59
1198,52
1179,53
1188,52
1371,59
1211,54
1337,59
1141,50
1361,60
1328,58
1227,54
1367,60
1341,59
1339,57
1318,58
1358,59
1228,55
1297,57
1312,58
1233,54
1225,54
1186,54
1361,60
1273,56
1361,60
1269,56
1254,55
1174,50
1263,55
1335,59
1361,60
1240,54
1191,52
1361,60
1365,60
1302,58
1290,57
1221,53
1299,57
1308,58
1322,58
1255,55
1233,54
1286,57
1327,58
1373,60
1145,51
1361,60
1268,57
1196,53
1361,59
1312,58
1263,55
1373,60
1361,60
1330,58
1339,59
1350,59
1290,57
1361,60
1367,60
1381,60
1361,60
1361,60
1337,59
1242,56
1318,57
1364,58
1293,56
1316,57
1331,57
1199,53
1267,55
1250,56
1339,59
1361,60
1239,55
1361,60
1307,58
1325,59
1389,60
1347,59
1202,51
1344,59
1244,55
1196,53
1377,60
1244,54
1352,59
1337,59
1367,60
1361,60
1348,59
1228,54
1187,53
1222,55
1361,60
1372,59
1334,59
1258,55
1252,55
1361,60
1345,58
1327,57
1244,55
1309,57
1346,58
1359,59
1261,55
1337,58
1173,53
1295,57
1361,60
1237,54
1356,59
1284,55
1354,59
1218,54
1373,60
1253,57
1237,54
1175,53
1277,56
1099,49
1137,52
1299,58
1210,54
1112,51
1309,58
1245,54
1361,60
1361,60
1256,56
1363,60
1270,57
1285,54
1311,57
1193,53
1227,54
1334,58
1361,60
1090,49
1126,50
1262,55
1319,59
1369,60
1342,57
1234,52
1379,60
1357,58
1146,50
1304,56
1200,55
1305,56
1395,60
1361,60
1344,59
1215,54
1240,55
1304,55
1252,53
1156,52
1273,55
1309,57
1339,57
1250,55
1371,59
1158,50
1260,55
1350,57
1283,56
1360,59
1207,54
1232,53
1184,54
1287,57
1359,58
1303,56
1311,58
1348,57
1263,55
1301,58
1179,53
1310,56
1361,60
1129,49
1367,60
1217,55
1290,56
1346,58
1258,55
1320,57
1238,55
1190,53
1295,58
1250,55
1158,51
1361,60
1371,59
1322,57
1240,54
1168,51
1317,57
1296,58
1217,54
1320,57
1343,58
1261,55
1249,55
1238,54
1335,59
1235,57
1218,53
1339,58
1213,53
1235,54
1361,60
1277,56
1361,60
1191,53
1218,54
1243,53
1243,55
1280,55
1339,58
1277,56
1168,53
1301,57
1361,60
1249,57
1113,50
1302,57
1375,59
1123,51
1230,54
1236,54
1289,56
1166,53
1272,56
1361,60
1183,52
1263,54
1356,59
1325,59
1355,59
1285,55
1343,57
1276,57
1254,55
1336,58
1366,59
1284,55
1243,55
1199,53
1209,53
1251,55
1215,54
1265,56
1213,54
1213,52
1306,56
1249,56
1160,51
1364,58
1213,52
1361,60
1244,54
1163,52
1361,60
1277,55
1194,53
1312,57
1305,57
1189,53
1205,53
1293,58
1146,51
1276,57
1325,59
1361,60
1218,52
1346,58
1153,51
1281,56
1330,57
1361,60
1299,57
1281,54
1209,52
1247,56
1227,54
1218,53
1194,53
1305,57
1325,59
1304,58
1218,54
1192,53
1361,60
1271,55
1172,51
1182,52
1220,54
1256,54
1187,51
1365,60
1361,60
1245,56
1244,55
1356,59
1106,49
1322,57
1332,56
1320,58
1316,58
1215,53
1261,56
1361,60
1322,58
1361,60
1314,56
1231,54
1361,60
1288,55
1289,57
1282,55
1258,54
1276,55
1299,57
1347,58
1237,55
1202,52
1389,60
1299,57
1361,60
1268,56
1239,54
1360,59
1250,53
1296,57
1237,54
1227,54
1148,51
1217,54
1125,50
1375,60
1251,55
1383,60
1361,60
1234,53
1266,56
1285,55
1078,48
1115,50
1224,54
1206,54
1365,60
1301,57
1280,55
1361,60
1279,56
1306,58
1342,57
1226,53
1257,56
1214,53
1300,58
1126,53
1363,60
1361,60
1305,57
1237,53
1361,60
1361,60
1361,60
1324,58
1361,60
1361,60
1288,56
1301,57
1361,60
1365,60
1337,59
1305,57
1334,59
1339,58
1275,56
1361,60
1271,56
1321,57
1298,57
1296,56
1269,56
1304,57
1361,60
1239,55
1327,57
1373,60
1097,50
1331,58
1341,58
1361,60
1361,60
1268,57
1125,51
1321,57
1314,58
1361,60
1332,58
1371,60
1216,53
1337,58
1268,57
1186,53
1248,55
1227,54
1178,52
1232,55
1294,56
1156,52
1325,59
1279,56
1212,52
1365,60
1265,55
1160,50
1361,60
1363,60
1145,51
1302,58
1156,51
1314,58
1262,55
1179,52
1198,53
1297,55
1301,56
1297,57
1365,60
1200,53
1288,57
1283,57
1290,58
1314,58
1198,53
1363,60
1308,57
1373,60
1361,60
1266,55
1343,58
1228,53
1312,58
1345,59
1341,59
1268,56
1205,54
1232,54
1365,60
1298,56
1243,55
1260,56
1271,56
1235,54
1265,55
1305,57
1266,56
1297,57
1109,50
1169,52
1240,54
1297,57
1325,59
1365,60
1238,54
1365,60
1375,60
1147,51
1191,53
1316,58
1299,58
1328,58
1330,58
1325,59
1361,60
1314,58
1273,55
1268,56
1277,57
1361,60
1170,53
1180,52
1337,58
1279,56
1299,58
1058,49
1329,59
1304,58
1309,58
1302,57
1303,58
1356,59
1268,56
1218,54
1291,56
1283,57
1312,58
1288,57
1266,56
1219,53
1343,59
1314,58
1195,53
1218,53
1274,56
1316,57
1361,60
1283,56
1179,53
1296,57
1311,58
1268,55
1260,55
1233,54
1327,57
1361,60
1221,55
1297,57
1301,58
1322,58
1274,57
1296,56
1303,57
1265,55
1299,58
1058,49
1245,55
1303,58
1381,60
1199,53
1361,60
1311,56
1255,56
1109,50
1204,55
1276,56
1308,58
1375,60
1259,54
1324,58
1304,57
1328,58
1296,56
1339,59
1195,53
1179,53
1302,58
1197,52
1295,57
1375,60
1361,60
1308,58
1206,53
1179,52
1262,56
1363,60
1361,60
1253,56
1341,59
1361,60
1295,56
1361,60
1186,52
1308,57
1167,52
1254,56
1361,60
1246,55
1308,57
1218,54
1244,56
1266,55
1363,60
1299,57
1361,60
1365,60
1130,50
1320,58
1301,56
1350,59
1213,54
1337,59
1101,49
1223,53
1294,57
1361,60
1304,57
1314,58
1223,56
1131,51
1365,60
1205,53
1361,60
1123,50
1245,54
1361,60
1375,60
1325,59
1224,54
1361,60
1229,55
1319,58
1247,55
1365,60
1268,56
1180,52
1245,55
1168,51
1225,54
1343,59
1308,58
1297,56
1330,59
1193,54
1339,58
1209,52
1329,59
1294,57
1310,56
1326,58
1329,59
1365,59
1361,60
1250,56
1295,57
1328,58
1273,55
1317,58
1252,56
1200,52
1389,60
1262,57
1361,60
1361,60
1278,55
1277,56
1268,55
1363,60
1299,58
1178,52
1158,52
1354,59
1237,54
1363,58
1276,56
1305,57
1302,58
1248,55
1361,60
1244,54
1113,49
1224,54
1230,55
1361,60
1244,56
1236,55
1297,57
1232,54
1212,53
1212,55
1167,51
1329,58
1375,60
1119,51
1302,58
1186,53
1293,56
1373,60
1285,56
1262,55
1213,54
1361,60
1335,59
1317,58
1299,57
1240,54
1299,56
1340,59
1271,55
1278,55
1361,60
1307,57
1361,60
1351,59
1272,56
1346,58
1381,60
1166,51
1334,58
1343,59
1252,54
1181,54
1361,60
1311,56
1231,54
1361,60
1090,49
1214,53
1361,60
1210,53
1205,53
1292,57
1246,56
1211,55
1335,58
1361,60
1147,52
1211,55
1266,55
1296,57
1375,60
1291,57
1361,60
1308,58
1361,60
1214,53
1126,49
1373,59
1335,59
1285,56
1175,52
1271,56
1353,58
1280,58
1341,59
1201,53
1371,59
1361,60
1269,55
1361,60
1324,58
1317,58
1162,51
1248,55
1245,54
1261,56
1240,56
1333,59
1337,59
1236,55
1302,58
1355,59
1184,53
1309,58
1361,60
1286,57
1361,60
1361,60
1367,60
1361,60
1335,59
1336,58
1359,58
1339,58
1347,59
1177,52
1311,56
1215,54
1265,56
1361,60
1256,54
1286,56
1337,58
1321,57
1361,60
1309,57
1207,55
1210,53
1330,58
1298,56
1332,57
1361,60
1361,60
1347,58
1317,58
1269,56
1279,55
1367,60
1369,60
1192,53
1328,59
1327,58
1183,51
1277,56
1339,59
1214,51
1379,60
1353,59
1306,57
1339,58
1299,58
1163,52
1298,58
1377,60
1258,55
1303,58
1325,57
1296,54
1339,59
1304,58
1266,55
1316,58
1335,59
1365,60
1329,58
1237,53
1313,57
1296,58
1292,57
1361,60
1354,59
1371,60
1223,54
1205,52
1337,59
1361,60
1218,52
1207,55
1313,57
1270,54
1297,57
1361,60
1189,52
1221,52
1361,60
1361,60
1329,59
1385,60
1361,60
1349,59
1335,58
1379,60
1226,52
1322,57
1266,54
1282,57
1274,55
1335,59
1335,58
1297,55
1313,58
1201,53
1190,53
1379,60
1331,58
1228,54
1205,52
1306,56
1339,59
1339,59
1173,53
1339,59
1209,54
1325,59
1322,59
1124,51
1361,60
1259,56
1367,60
1349,59
1239,54
1232,55
1266,56
1296,58
1227,54
1313,57
1361,60
1238,54
1361,60
1361,60
1361,60
1335,58
1196,55
1291,57
1290,56
1297,57
1361,60
1341,58
1367,60
1131,49
1156,52
1327,59
1249,55
1146,52
1367,60
1302,58
1361,60
1359,58
1175,53
1316,57
1307,57
1269,56
1349,58
1361,60
1250,56
1344,59
1261,54
1367,60
1371,59
1336,58
1229,54
1241,55
1361,60
1206,53
1278,57
1188,53
1371,60
1167,53
1361,60
1303,57
1264,56
1361,60
1379,60
1279,56
1335,58
1314,59
1317,58
1152,52
1240,54
1361,60
1361,60
1330,59
1365,60
1361,60
1320,58
1234,56
1259,55
1223,54
1286,57
1322,58
1301,57
1365,60
1361,60
1361,60
1262,56
1296,56
1302,56
1262,55
1353,58
1253,55
1349,59
1361,60
1261,56
1231,53
1347,59
1237,57
1303,58
1313,56
1296,57
1233,55
1250,56
1274,57
1337,59
1286,56
1296,57
1290,58
1359,58
1307,58
1095,50
1361,60
1291,57
1299,57
1157,50
1279,57
1298,56
1092,49
1311,57
1343,58
1263,55
1195,53
1224,55
1273,56
1302,56
1121,51
1361,60
1200,52
1337,59
1266,55
1255,55
1339,58
1235,54
1247,55
1094,49
1305,57
1335,58
1367,59
1154,53
1333,59
1337,59
1262,56
1160,53
1225,55
1302,58
1330,59
1328,58
1234,52
1355,59
1290,57
1261,56
1367,60
1361,60
1367,59
1319,57
1287,57
1189,52
1311,58
1302,57
1262,55
1153,52
1191,53
1361,60
1228,55
1306,58
1174,53
1303,57
1318,58
1284,56
1184,52
1294,57
1349,59
1363,60
1221,53
1361,60
1319,57
1339,58
1122,51
1288,57
1319,57
1312,58
1367,60
1299,57
1327,59
1247,54
1276,56
1355,59
1145,53
1112,51
1150,50
1200,54
1186,53
1347,59
1317,58
1361,60
1265,56
1365,60
1333,59
1274,56
1292,56
1280,57
1312,57
1259,57
1361,60
1343,57
1112,50
1361,60
1200,53
1229,55
1329,58
1297,57
1344,59
1291,55
1105,51
1307,58
1361,60
1245,55
1367,60
1278,57
1237,56
1327,58
1343,58
1256,55
1313,58
1280,57
1312,58
1295,57
1217,54
1260,56
1373,59
1385,60
1361,60
1324,59
1235,55
1361,60
1311,58
1320,58
1361,60
1302,58
1247,56
1129,51
1293,57
1361,60
1365,60
1156,53
1261,57
1208,54
1361,60
1275,56
1266,56
1263,56
1308,58
1303,58
1271,55
1325,59
1334,59
1316,57
1296,57
1305,57
1241,56
1361,60
1219,55
1347,59
1317,58
1361,60
1297,56
1229,53
1239,55
1371,60
1361,60
1351,59
1098,50
1271,57
1342,59
1229,53
1175,53
1321,58
1328,59
1165,53
1250,56
1272,57
1361,60
1369,60
1359,59
1327,58
1276,58
1206,54
1361,60
1361,60
1363,60
1385,60
1361,60
1305,57
1251,56
1323,58
1361,60
1254,56
1286,57
1347,59
1361,60
1349,59
1329,59
1272,57
1297,57
1361,60
1301,56
1361,60
1286,58
1312,57
1363,59
1361,60
1182,52
1254,55
1137,51
1351,59
1297,57
1327,59
1293,57
1275,55
1270,55
1235,55
1168,51
1361,60
1361,60
1320,58
1290,57
1361,60
1312,58
1315,57
1359,59
1172,53
1371,60
1310,58
1361,60
1298,56
1361,60
1104,51
1219,55
1266,56
1190,54
1348,58
1316,57
1292,57
1367,59
1283,57
1184,52
1327,58
1289,57
1276,56
1369,60
1363,60
1361,60
1333,58
1325,59
1361,60
1210,54
1361,60
1286,57
1304,58
1361,60
1365,60
1276,57
1361,60
1361,60
1239,55
1327,59
1238,55
1320,58
1216,55
1358,59
1365,60
1260,57
1252,56
1163,51
1373,60
1119,50
1361,60
1295,57
1353,58
1308,57
1211,52
1367,60
1331,59
1327,59
1355,59
1319,56
1261,55
1327,58
1367,60
1207,54
1251,56
1308,57
1315,57
1309,57
1361,60
1267,56
1248,56
1361,60
1282,56
1212,54
1293,57
1332,59
1343,59
1359,58
1246,55
1207,54
1257,57
1361,60
1371,60
1198,54
1339,59
1305,57
1260,55
1246,56
1363,60
1266,55
1339,59
1266,55
1379,60
1327,59
1171,53
1162,53
1229,55
1188,52
1264,56
1361,60
1183,53
1205,54
1225,55
1306,57
1306,56
1208,55
1278,57
1308,58
1306,58
1284,57
1183,53
1291,56
1325,59
1371,60
1361,60
1275,56
1288,56
1349,58
1288,58
1395,60
1256,56
1311,58
1247,55
1365,60
1361,60
1340,59
1350,59
1240,54
1309,57
1365,60
1246,55
1196,53
1349,59
1305,57
1351,59
1361,60
1353,59
1296,56
1259,55
1263,57
1179,53
1220,55
1343,59
1217,55
1361,60
1361,60
1269,56
1185,52
1227,55
1361,60
1282,58
1300,58
1227,55
1330,59
1324,57
1334,59
1369,60
1355,59
1323,58
1347,59
1379,60
1313,58
1343,59
1329,59
1361,60
1271,57
1224,55
1334,57
1249,55
1305,57
1313,57
1327,59
1333,58
1228,54
1371,60
1202,53
1351,59
1188,52
1275,56
1363,60
1317,58
1332,58
1341,59
1308,58
1336,58
1274,55
1279,56
1291,57
1391,60
1314,57
1258,56
1293,57
1361,60
1202,53
1262,56
1294,58
1361,60
1328,59
1242,55
1329,59
1343,59
1242,55
1329,57
1353,59
1361,60
1361,60
1185,54
1313,58
1282,56
1379,60
1330,58
1361,60
1298,58
1336,59
1236,55
1369,60
1375,60
1209,54
1349,59
1239,55
1226,54
1361,60
1363,60
1330,59
1216,55
1361,60
1361,60
1251,56
1331,58
1290,58
1186,54
1306,57
1279,57
1258,56
1338,59
1261,55
1268,57
1204,54
1293,56
1284,56
1285,56
1237,54
1236,55
1407,60
1361,60
1367,60
1331,58
1184,54
1251,55
1375,60
1302,58
1342,59
1089,50
1363,60
1308,58
1294,55
1207,54
1226,55
1293,57
1363,60
1224,54
1339,59
1233,55
1210,55
1327,58
1361,60
1365,60
1195,53
1371,60
1240,56
1212,53
1348,59
1367,60
1242,56
1199,54
1269,57
1385,60
1243,55
1313,58
1319,57
1209,54
1251,55
1361,60
1298,56
1361,60
1369,60
1289,58
1223,54
1367,60
1243,54
1245,55
1361,60
1288,57
1296,57
1301,57
1310,58
1235,54
1361,60
1298,57
1298,57
1309,57
1339,59
1232,55
1361,60
1356,59
1240,55
1321,58
1261,56
1361,60
1286,56
1168,51
1361,60
1361,60
1336,59
1286,55
1360,59
1311,57
1354,59
1367,60
1306,57
1358,59
1403,60
1291,56
1290,56
1361,60
1361,60
1327,59
1361,60
1146,52
1306,57
1200,53
1261,56
1282,56
1282,56
1300,58
1290,56
1361,60
1295,58
1117,51
1306,57
1272,56
1326,57
1337,59
1174,52
1361,60
1169,53
1269,56
1273,56
1303,57
1256,56
1247,54
1234,56
1282,56
1328,56
1295,57
1313,58
1273,53
1208,53
1232,55
1300,58
1294,56
1253,54
1361,60
1240,54
1331,56
1361,60
1342,59
1279,57
1228,55
1239,55
1257,55
1369,60
1365,60
1361,60
1344,59
1260,57
1349,59
1207,53
1263,56
1346,59
1343,59
1285,56
1268,57
1367,60
1336,59
1345,59
1369,60
1287,56
1345,59
1296,58
1241,52
1260,56
1196,52
1403,60
1361,60
1272,56
1361,60
1246,56
1349,59
1221,54
1170,51
1339,59
1181,53
1361,60
1343,58
1343,59
1356,59
1146,52
1214,55
1369,60
1186,52
1294,56
1271,56
1385,60
1361,60
1214,55
1319,57
1220,54
1248,54
1320,58
1361,60
1361,60
1340,58
1325,57
1304,57
1295,57
1343,59
1318,58
1262,55
1305,57
1343,59
1369,60
1304,57
1387,60
1208,53
1361,60
1329,58
1320,58
1326,57
1342,57
1327,59
1210,53
1361,60
1361,60
1367,60
1247,56
1361,60
1233,55
1339,59
1210,53
1356,59
1202,53
1245,55
1247,56
1353,58
1214,55
1159,53
1330,59
1278,55
1265,57
1223,53
1317,57
1182,52
1317,57
1240,55
1285,58
1391,60
1262,56
1361,60
1099,51
1338,58
1305,58
1330,59
1302,58
1347,59
1274,56
1282,56
1259,54
1369,60
1275,53
1258,55
1361,60
1313,58
1248,54
1345,59
1287,55
1363,60
1143,53
1365,60
1153,52
1252,56
1361,60
1349,59
1305,57
1273,56
1234,55
1397,60
1239,54
1305,58
1243,57
1274,56
1361,60
1303,57
1204,55
1313,58
1405,60
1362,59
1284,56
1343,59
1255,55
1339,58
1245,56
1242,56
1361,60
1246,54
1247,56
1215,53
1373,59
1270,56
1221,53
1258,57
1363,60
1361,60
1307,57
1209,53
1290,57
1339,59
1280,56
1367,60
1361,60
1387,60
1369,60
1367,60
1361,60
1237,54
1289,57
1208,54
1331,59
1349,59
1230,54
1156,53
1345,59
1235,53
1343,59
1367,60
1150,52
1369,60
1189,52
1350,58
1320,58
1286,57
1343,58
1340,59
1094,48
1227,54
1294,57
1367,60
1308,58
1341,58
1275,56
1341,59
1224,53
1252,55
1343,59
1279,56
1354,59
1150,52
1260,57
1242,55
1230,54
1369,60
1343,59
1346,59
1203,54
1215,55
1259,56
1355,59
1319,58
1260,56
1252,56
1325,58
1343,59
1375,60
1361,60
1276,56
1266,57
1361,60
1347,59
1254,56
1146,51
1313,57
1389,60
1324,58
1323,58
1155,51
1327,58
1367,60
1256,56
1297,58
1331,59
1361,60
1323,58
1361,60
1280,57
1355,59
1327,59
1266,57
1239,54
1278,56
1270,54
1211,53
1183,52
1343,59
1285,56
1344,59
1335,59
1174,51
1226,56
1324,58
1245,55
1189,52
1326,58
1352,59
1363,60
1287,56
1320,58
1361,60
1327,59
1318,58
1343,59
1393,60
1306,57
1204,52
1324,58
1361,60
1288,57
1327,58
1333,58
1361,60
1239,54
1331,58
1379,59
1227,55
1140,50
1168,53
1268,55
1249,55
1222,54
1321,58
1360,59
1257,55
1247,54
1314,58
1234,55
1343,59
1338,59
1261,55
1165,51
1323,59
1361,60
1303,58
1338,59
1340,59
1361,60
1361,60
1329,59
1295,57
1254,55
1361,60
1203,53
1336,58
1116,51
1335,59
1217,54
1373,60
1289,55
1208,52
1189,54
1349,59
1385,60
1245,55
1250,54
1267,57
1326,58
1327,58
1302,58
1190,53
1292,55
1350,56
1363,60
1363,60
1203,53
1361,60
1369,60
1180,53
1361,60
1332,58
1351,58
1243,55
1338,59
1361,60
1212,55
1262,55
1355,59
1248,55
1286,57
1271,56
1266,55
1227,56
1246,55
1221,55
1287,55
1253,54
1150,52
1250,54
1361,60
1361,60
1288,57
1264,56
1237,54
1166,53
1137,52
1329,58
1302,58
1249,55
1249,55
1339,58
1363,59
1361,60
1252,55
1230,55
1385,60
1288,56
1288,58
1294,57
1292,56
1261,56
1273,57
1285,57
1255,54
1252,55
1201,55
1363,60
1272,57
1325,58
1166,53
1361,60
1311,57
1361,60
1300,57
1318,58
1280,55
1280,56
1361,60
1194,55
1215,54
1349,59
1153,53
1361,60
1361,60
1167,53
1262,56
1185,52
1220,55
1234,55
1361,60
1318,56
1251,55
1251,56
1196,54
1367,59
1165,54
1361,60
1187,53
1260,56
1361,60
1361,60
1209,54
1356,59
1211,53
1330,59
1365,59
1320,58
1339,59
1176,54
1218,55
1365,59
1361,60
1134,52
1214,55
1286,56
1315,58
1298,58
1214,55
1346,59
1314,58
1238,56
1302,58
1326,57
1365,60
1361,60
1285,57
1361,60
1283,57
1285,57
1288,58
1365,60
1226,56
1270,57
1367,60
1361,60
1342,59
1361,60
1361,60
1192,53
1338,59
1361,60
1302,57
1294,57
1288,57
1155,52
1187,54
1296,58
1373,60
1365,59
1327,58
1363,60
1290,58
1361,60
1361,60
1338,59
1365,60
1262,56
1361,60
1141,52
1209,54
1367,60
1288,57
1367,60
1329,59
1213,53
1175,53
1329,59
1310,58
1361,60
1169,53
1149,51
1286,56
1272,57
1142,52
1283,57
1361,60
1346,59
1256,56
1264,55
1361,60
1314,58
1332,59
1327,58
1212,55
1186,53
1292,57
1152,53
1361,60
1337,58
1274,56
1210,54
1314,58
1288,58
1361,60
1218,54
1177,53
1096,49
1255,56
1292,58
1367,60
1361,60
1308,58
1312,57
1271,56
1164,53
1314,58
1262,57
1379,60
1296,58
1198,54
1387,60
1361,60
1361,60
1268,56
1197,53
1363,60
1144,53
1351,59
1248,55
1356,59
1202,55
1231,54
1316,59
1282,56
1118,51
1363,60
1114,50
1336,59
1241,55
1290,58
1325,59
1285,56
1092,50
1206,55
1241,53
1258,55
1217,55
1308,57
1154,52
1361,60
1209,54
1296,58
1348,59
1328,58
1185,52
1299,57
1367,60
1322,58
1242,54
1301,57
1265,57
1302,58
1280,57
1261,56
1245,55
1361,60
1361,60
1177,53
1367,60
1209,55
1339,59
1336,58
1218,55
1361,60
1361,60
1179,53
1217,54
1271,56
1327,59
1276,56
1365,60
1193,54
1320,58
1361,60
1351,59
1329,59
1320,58
1257,56
1361,60
1201,54
1349,59
1363,60
1237,54
1278,57
1303,57
1363,59
1256,56
1297,57
1361,60
1145,51
1233,56
1353,59
1296,57
1238,55
1249,56
1361,60
1291,57
1361,60
1290,57
1190,54
1204,54
1341,59
1367,60
1192,54
1255,56
1144,53
1343,59
1318,59
1249,55
1361,60
1279,57
1337,59
1241,55
1302,58
1367,60
1322,59
1213,54
1164,53
1235,57
1243,57
1304,58
1297,57
1325,59
1242,54
1343,59
1361,60
1128,51
1089,51
1367,60
1193,52
1240,55
1074,50
1361,60
1261,56
1177,53
1361,60
1246,55
1341,59
1251,55
1201,54
1278,57
1253,57
1293,56
1296,58
1277,56
1365,60
1154,52
1085,51
1218,55
1219,55
1141,52
1368,58
1259,56
1236,56
1288,58
1332,58
1260,56
1361,60
1289,57
1325,59
1280,58
1371,60
1365,60
1319,58
1290,58
1367,60
1361,60
1327,58
1361,60
1208,54
1265,56
1197,54
1365,60
1109,51
1367,60
1197,54
1297,55
1076,50
1361,60
1312,58
1361,60
1286,58
1267,56
1280,56
1288,56
1325,59
1300,58
1296,58
1240,55
1272,57
1107,51
1302,58
1337,59
1245,56
1325,59
1247,56
1363,59
1196,55
1289,57
1214,54
1306,58
1361,60
1285,57
1373,60
1325,59
1079,50
1183,53
1361,60
1237,55
1142,52
1209,55
1233,56
1239,56
1310,58
1278,57
1337,58
1269,56
1339,59
1102,50
1361,60
1226,54
1361,60
1174,53
1361,60
1363,59
1265,56
1140,52
1256,54
1361,60
1361,60
1361,60
1187,53
1169,54
1281,57
1200,54
1361,60
1135,51
1244,54
1169,54
1361,60
1343,59
1195,54
1205,54
1361,60
1351,59
1156,52
1322,58
1264,55
1347,59
1361,60
1183,53
1275,56
1282,56
1351,59
1288,56
1361,60
1365,60
1365,60
1367,60
1253,56
1275,56
1338,58
1292,57
1363,60
1270,56
1349,59
1274,56
1270,57
1248,54
1340,59
1361,60
1361,60
1275,56
1177,53
1149,52
1361,60
1361,60
1071,50
1275,57
1333,59
1351,59
1285,57
1237,56
1294,57
1173,53
1322,58
1286,57
1278,56
1276,57
1193,55
1361,60
1199,53
1361,60
1325,58
1304,58
1210,53
1260,57
1363,60
1181,54
1177,52
1306,57
1276,56
1298,57
1361,60
1361,60
1282,56
1361,60
1351,59
1300,57
1327,59
1209,55
1347,59
1257,56
1393,60
1274,56
1272,56
1365,60
1207,54
1198,55
1220,55
1262,56
1361,60
1110,50
1303,58
1361,60
1282,56
1375,60
1361,60
1298,57
1300,58
1349,59
1250,55
1361,60
1247,57
1275,57
1300,58
1300,58
1186,55
1277,56
1264,55
1284,56
1296,57
1267,54
1207,53
1331,58
1185,54
1278,58
1237,55
1254,56
1298,58
1280,56
1349,59
1296,58
1349,59
1237,55
1291,57
1325,58
1335,59
1316,58
1337,59
1296,57
1159,52
1363,60
1282,57
1361,60
1268,56
1270,57
1363,60
1339,59
1361,60
1306,58
1268,56
1361,60
1286,57
1302,58
1244,54
1333,59
1243,54
1329,59
1192,53
1267,55
1271,56
1181,53
1343,59
1157,53
1214,55
1211,55
1318,58
1209,55
1361,60
1269,57
1233,56
1363,60
1277,56
1361,60
1223,53
1058,49
1361,60
1361,60
1262,56
1176,53
1354,59
1361,59
1311,58
1281,57
1257,56
1177,53
1218,56
1076,50
1319,58
1325,59
1282,56
1315,58
1361,60
1355,59
1344,59
1321,58
1285,57
1207,54
1324,58
1367,60
1278,56
1218,54
1238,55
1349,59
1202,53
1324,58
1361,60
1363,60
1349,59
1295,57
1300,57
1299,58
1363,60
1317,58
1266,57
1279,57
1202,54
1354,59
1215,55
1304,58
1331,58
1329,59
1301,57
1271,57
1330,58
1235,55
1363,60
1361,60
1250,55
1235,55
1285,56
1211,54
1389,60
1233,53
1329,58
1361,60
1163,54
1371,60
1361,60
1381,60
1326,58
1301,56
1311,58
1327,58
1363,60
1231,54
1297,57
1323,59
1326,58
1164,52
1271,55
1331,59
1335,58
1259,56
1222,55
1377,60
1250,55
1361,60
1266,55
1361,60
1313,58
1361,60
1361,60
1331,59
1365,60
1363,60
1164,52
1373,60
1351,59
1272,57
1232,54
1220,56
1331,59
1381,60
1174,53
1300,58
1361,60
1337,59
1344,59
1164,52
1299,57
1361,60
1194,53
1361,60
1343,59
1270,57
1369,59
1389,60
1254,56
1361,60
1361,60
1259,57
1361,60
1282,55
1283,55
1311,58
1171,53
1174,52
1280,56
1342,59
1259,56
1195,54
1198,55
1304,58
1361,60
1345,59
1371,60
1221,55
1303,58
1331,59
1257,55
1290,57
1361,60
1361,60
1363,60
1262,56
1361,60
1333,59
1276,56
1389,60
1308,58
1301,57
1216,54
1308,57
1361,60
1280,57
1323,58
1318,57
1325,59
1361,60
1252,53
1325,59
1257,56
1347,59
1363,60
1361,60
1301,58
1282,56
1295,58
1275,55
1319,58
1367,60
1369,60
1255,56
1370,59
1341,58
1379,60
1284,57
1241,57
1363,60
1316,57
1330,58
1264,56
1355,59
1166,54
1341,59
1361,60
1327,58
1339,59
1294,58
1288,58
1180,54
1239,57
1354,59
1266,55
1338,59
1327,58
1246,55
1342,59
1271,57
1361,59
1358,59
1233,55
1219,54
1355,59
1255,56
1266,57
1213,54
1248,55
1269,56
1306,57
1174,53
1361,60
1361,60
1338,59
1198,55
1381,60
1350,59
1289,57
1341,59
1362,59
1343,59
1219,55
1304,58
1285,56
1377,60
1329,58
1262,56
1290,58
1163,53
1329,59
1262,57
1315,58
1376,59
1262,56
1237,55
1267,56
1294,58
1323,57
1281,57
1336,57
1146,54
1270,56
1284,57
1252,55
1371,60
1304,58
1361,60
1373,60
1240,55
1355,59
1312,58
1361,60
1325,59
1361,60
1299,58
1162,54
1361,60
1360,59
1244,55
1146,54
1371,60
1341,58
1375,60
1207,54
1294,58
1219,55
1293,58
1320,58
1270,56
1312,58
1257,56
1296,58
1361,60
1323,57
1285,57
1208,53
1249,57
1310,58
1257,56
1161,53
1315,58
1297,57
1387,60
1222,55
1295,57
1255,57
1304,58
1270,55
1243,54
1265,56
1229,54
1248,56
1361,60
1153,53
1264,56
1233,56
1246,56
1294,57
1363,59
1184,54
1373,60
1250,56
1367,60
1339,59
1153,53
1183,55
1098,50
1259,57
1257,57
1361,60
1254,56
1232,55
1225,55
1335,59
1312,58
1325,59
1363,60
1361,60
1240,55
1329,59
1201,54
1225,55
1329,59
1159,54
1253,56
1361,60
1361,60
1231,55
1297,57
1290,58
1377,60
1363,60
1116,50
1211,54
1325,59
1190,54
1314,59
1244,55
1361,60
1136,52
1134,51
1365,60
1285,57
1285,57
1243,56
1336,58
1290,57
1182,53
1300,58
1262,56
1299,57
1320,58
1361,60
1187,54
1102,50
1367,60
1349,59
1201,54
1266,56
1361,60
1296,58
1290,57
1361,60
1232,54
1361,60
1300,58
1322,58
1262,57
1302,57
1371,60
1299,57
1176,52
1322,58
1235,56
1236,55
1345,59
1324,57
1318,58
1295,56
1184,54
1185,54
1210,56
1267,56
1365,60
1224,55
1361,60
1256,56
1338,58
1345,59
1308,58
1310,57
1325,59
1280,56
1361,60
1254,55
1296,57
1216,54
1222,55
1361,60
1258,55
1339,59
1283,58
1333,58
1247,57
1155,52
1357,60
1357,60
1237,56
1176,54
1357,60
1347,59
1363,60
1349,59
1292,58
1273,55
1321,58
1350,59
1149,53
1361,60
1202,55
1241,55
1255,56
1325,59
1357,60
1301,57
1321,59
1263,55
1213,54
1280,56
1354,59
1361,60
1231,55
1288,58
1166,53
1236,55
1325,59
1335,58
1357,60
1314,58
1172,53
1184,54
1357,60
1305,57
1197,55
1321,59
1310,57
1321,57
1202,55
1231,55
1206,55
1265,57
1143,52
1365,60
1369,60
1264,57
1321,59
1183,53
1249,55
1357,60
1213,55
1373,60
1357,59
1280,57
1327,59
1279,56
1343,58
1248,56
1304,58
1306,59
1168,53
1288,57
1242,56
1298,57
1357,60
1311,58
1300,58
1219,55
1227,55
1225,55
1361,60
1363,60
1286,56
1193,55
1164,53
1337,59
1202,55
1326,58
1292,58
1198,55
1179,54
1316,57
1357,60
1249,56
1301,57
1225,55
1189,55
1381,60
1357,60
1321,59
1246,56
1247,57
1357,60
1255,57
1359,60
1291,57
1130,53
1234,55
1277,58
1277,56
1337,59
1310,58
1248,56
1325,59
1220,55
1357,60
1363,60
1361,60
1277,57
1331,59
1339,59
1325,59
1283,58
1359,60
1321,59
1231,55
1274,56
1189,54
1307,58
1154,53
1268,57
1157,52
1254,56
1296,58
1288,57
1340,58
1369,60
1349,59
1309,58
1274,55
1345,59
1340,58
1162,54
1317,57
1238,57
1257,57
1337,59
1192,54
1164,53
1284,55
1300,58
1296,57
1267,56
1208,56
1367,60
1308,57
1357,60
1251,57
1283,56
1357,60
1214,55
1255,57
1316,58
1285,56
1294,57
1357,60
1137,52
1357,60
1233,55
1334,59
1350,59
1183,54
1157,52
1271,56
1184,54
1189,54
1168,54
1357,60
1361,60
1357,60
1248,55
1312,58
1273,57
1323,59
1357,60
1311,58
1206,55
1272,57
1363,60
1357,60
1258,54
1233,53
1325,59
1245,55
1342,59
1255,57
1255,57
1373,60
1357,60
1314,59
1323,58
1371,60
1240,55
1313,58
1261,56
1320,57
1266,55
1381,60
1300,57
1361,60
1359,60
1228,53
1321,59
1323,58
1325,59
1162,54
1270,57
1251,54
1266,57
1355,59
1224,55
1287,56
1349,59
1196,55
1327,58
1240,54
1357,60
1357,60
1320,58
1209,53
1340,59
1357,60
1288,57
1197,55
1359,60
1339,59
1246,56
1257,56
1359,60
1359,60
1357,60
1266,57
1292,58
1357,60
1276,56
1343,59
1197,54
1345,59
1243,56
1296,58
1296,57
1357,60
1292,58
1357,60
1311,57
1347,59
1357,60
1357,60
1243,56
1331,59
1278,58
1301,58
1328,58
1119,51
1323,58
1284,55
1302,58
1259,57
1223,52
1357,60
1369,60
1241,56
1357,60
1294,56
1316,57
1273,56
1252,55
1315,57
1351,59
1357,60
1339,59
1307,57
1357,60
1363,60
1296,56
1277,56
1192,54
1357,60
1357,59
1265,57
1231,54
1304,59
1325,59
1329,58
1297,58
1237,57
1365,60
1231,55
1243,56
1325,59
1357,60
1357,60
1357,60
1200,53
1267,56
1283,57
1227,55
1308,58
1357,60
1335,59
1189,55
1357,60
1230,55
1218,55
1357,60
1273,56
1283,57
1262,57
1295,57
1357,60
1321,59
1361,60
1338,59
1126,51
1357,60
1294,58
1323,59
1357,60
1298,57
1242,55
1343,59
1253,55
1285,58
1371,60
1357,60
1375,60
1221,56
1325,58
1292,58
1291,56
1285,57
1357,60
1357,60
1278,57
1238,56
1275,57
1351,59
1359,60
1235,56
1357,60
1190,55
1357,60
1182,53
1357,60
1239,56
1260,55
1343,59
1304,58
1357,60
1290,56
1255,56
1356,59
1357,60
1209,54
1292,58
1325,59
1145,51
1325,59
1292,58
1249,57
1335,59
1371,60
1289,57
1325,59
1357,60
1154,53
1336,59
1245,54
1253,57
1307,58
1214,56
1357,60
1357,60
1247,55
1316,59
1316,59
1335,59
1247,54
1217,55
1216,54
1357,60
1302,58
1287,56
1269,57
1319,58
1377,60
1215,55
1294,57
1292,58
1283,57
1321,59
1357,60
1288,57
1325,59
1357,60
1321,59
1343,59
1333,59
1343,59
1331,59
1188,54
1357,60
1357,60
1359,60
1294,58
1221,55
1357,60
1343,59
1251,57
1284,58
1204,55
1239,56
1357,60
1343,59
1341,59
1232,55
1361,60
1176,52
1255,55
1325,59
1194,54
1357,60
1340,59
1217,54
1220,55
1114,52
1280,57
1315,58
1295,56
1146,52
1304,58
1369,60
1210,55
1325,59
1335,59
1357,60
1246,56
1277,58
1337,59
1369,60
1367,60
1357,60
1257,56
1357,60
1369,60
1281,57
1359,60
1262,57
1284,57
1313,57
1334,59
1245,56
1243,56
1284,57
1268,56
1357,60
1223,56
1377,60
1245,54
1189,54
1224,53
1210,55
1188,54
1258,56
1334,59
1323,59
1285,57
1280,57
1349,59
1357,60
1325,59
1300,56
1216,54
1239,56
1305,58
1334,59
1243,56
1357,60
1274,56
1148,53
1274,56
1284,58
1369,60
1333,59
1357,60
1321,57
1279,57
1322,58
1357,60
1305,58
1357,60
1302,56
1357,60
1363,60
1315,58
1200,55
1304,58
1295,57
1335,59
1228,56
1357,60
1281,57
1218,54
1305,58
1345,59
1233,56
1335,59
1291,57
1208,55
1274,56
1229,54
1224,56
1310,56
1206,53
1334,59
1303,56
1224,55
1318,59
1378,59
1277,56
1215,56
1357,60
1241,57
1180,52
1294,57
1361,60
1184,53
1357,60
1365,60
1292,55
1357,60
1345,59
1258,55
1234,55
1281,55
1259,57
1283,57
1312,58
1147,53
1321,59
1251,57
1296,58
1253,57
1335,59
1255,57
1190,55
1332,57
1177,53
1263,55
1357,60
1310,56
1325,59
1245,54
1310,59
1363,60
1357,60
1314,58
1328,59
1115,51
1261,55
1300,57
1363,60
1298,58
1204,54
1329,59
1255,57
1167,54
1369,60
1336,58
1303,58
1258,57
1263,56
1158,52
1262,56
1367,60
1305,57
1166,54
1357,60
1270,57
1373,60
1357,60
1160,53
1234,55
1369,60
1325,59
1367,60
1255,57
1367,60
1318,56
1306,58
1357,60
1357,60
1300,58
1325,58
1367,60
1341,59
1363,60
1316,58
1202,55
1310,57
1309,57
1355,60
1202,54
1248,55
1373,60
1377,60
1302,58
1164,52
1132,53
1269,55
1334,59
1221,52
1332,59
1355,60
1320,57
1145,53
1355,60
1302,56
1258,57
1280,58
1230,56
1235,54
1324,58
1325,57
1257,56
1227,55
1215,55
1200,53
1357,60
1357,60
1323,59
1281,56
1334,59
1298,58
1340,59
1305,58
1273,56
1290,57
1259,56
1361,60
1235,56
1301,57
1341,59
1355,60
1293,56
1304,58
1383,60
1355,60
1129,50
1355,60
1313,57
1245,57
1238,55
1190,53
1245,55
1178,54
1269,57
1219,53
1324,58
1312,58
1159,52
1059,49
1233,55
1355,60
1304,58
1387,60
1355,60
1307,58
1332,59
1215,54
1343,59
1336,59
1183,53
1297,58
1295,56
1228,53
1157,51
1281,56
1355,60
1357,60
1361,60
1355,60
1338,59
1355,60
1247,56
1323,59
1355,60
1355,60
1155,53
1363,60
1355,60
1286,56
1238,57
1357,60
1355,60
1238,55
1321,57
1355,60
1327,59
1300,58
1355,60
1204,54
1255,56
1290,57
1241,54
1200,54
1137,52