1560,68
1498,66
1558,68
1550,67
1558,68
1645,71
1527,69
1591,70
1588,68
1527,63
1653,71
1674,72
1660,71
1674,72
1484,64
1583,68
1576,68
1525,68
1671,71
1673,72
1673,72
1585,69
1614,69
1476,66
1658,71
1617,70
1673,72
1673,72
1646,71
1683,72
1673,72
1503,66
1673,72
1673,72
1640,69
1674,71
1673,72
1606,69
1550,68
1673,72
1591,68
1471,65
1495,66
1432,64
1683,72
1673,72
1610,70
1647,71
1558,67
1667,71
1679,70
1403,61
1673,72
1501,66
1574,69
1628,71
1673,72
1601,70
1636,70
1553,69
1673,72
1673,72
1673,72
1676,72
1673,72
1637,71
1679,72
1678,71
1673,72
1673,72
1650,71
1673,72
1673,72
1673,72
1300,61
1472,66
1673,72
1648,70
1673,72
1574,69
1525,69
1673,72
1673,72
1664,71
1654,71
1645,71
1704,72
1512,68
1636,70
1484,68
1634,71
1509,66
1537,68
1673,72
1545,68
1657,71
1683,72
1491,67
1673,72
1673,72
1678,72
1673,72
1652,70
1673,72
1391,62
1541,68
1556,68
1673,72
1671,72
1564,69
1635,70
1671,72
1610,70
1656,71
1501,68
1501,68
1678,71
1583,69
1705,72
1671,72
1671,72
1627,71
1605,70
1673,72
1671,72
1667,72
1584,68
1623,67
1667,72
1667,72
1671,72
1667,72
1548,69
1677,72
1587,69
1667,72
1655,71
1600,69
1554,68
1667,72
1478,66
1569,69
1663,72
1663,72
1663,72
1557,69
1641,71
1569,67
1652,72
1304,60
1549,68
1551,69
1326,61
1435,63
1582,70
1652,72
1596,70
1556,67
1656,72
1638,71
1601,70
1658,72
1646,71
1652,72
1504,68
1542,67
1633,71
1546,67
1555,67
1556,70
1613,70
1461,66
1652,72
1566,68
1547,65
1688,73
1663,69
1586,70
1632,71
1659,72
1688,73
1688,73
1604,70
1654,72
1688,73
1642,71
1688,73
1688,73
1659,71
1595,70
1547,69
1675,71
1571,70
1688,73
1652,72
1688,73
1615,71
1512,67
1748,73
1400,65
1646,72
1688,73
1688,73
1684,73
1584,71
1690,73
1615,71
1402,66
1678,73
1627,72
1678,73
1456,66
1680,73
1555,67
1678,73
1639,71
1544,69
1568,70
1678,73
1618,71
1630,71
1564,67
1678,73
1740,74
1740,74
1743,75
1596,69
1751,75
1585,68
1743,75
1716,73
1625,71
1589,69
1654,72
1743,75
1716,75
1470,67
1688,75
1675,75
1692,75
1675,75
1677,75
1675,75
1676,74
1675,75
1623,73
1677,75
1675,75
1658,73
1613,70
1709,76
1557,70
1442,66
1634,73
1711,76
1687,73
1590,70
1647,72
1662,74
1649,73
1709,76
1665,75
1671,75
1602,70
1656,73
1669,75
1709,76
1650,74
1514,69
1568,68
1575,69
1677,72
1709,76
1705,76
1705,76
1559,70
1714,76
1598,71
1589,71
1550,71
1656,74
1560,72
1606,72
1705,76
1424,68
1582,72
1705,76
1626,73
1705,76
1713,76
1705,76
1598,70
1667,74
1648,75
1768,76
1711,76
1707,76
1703,76
1703,76
1633,73
1703,76
1737,76
1553,71
1703,76
1603,71
1703,76
1703,76
1711,75
1644,73
1701,76
1652,74
1656,75
1702,75
1579,71
1718,76
1530,70
1497,68
1651,73
1701,76
1572,71
1537,69
1647,74
1675,75
1701,76
1635,74
1621,73
1604,72
1681,75
1602,70
1681,75
1729,76
1748,76
1701,76
1701,76
1573,72
1671,75
1502,68
1747,76
1701,76
1638,73
1701,76
1701,76
1568,71
1547,70
1674,74
1732,75
1660,74
1629,75
1713,76
1701,76
1694,75
1596,72
1657,73
1641,73
1703,76
1697,76
1697,76
1633,75
1697,76
1605,72
1705,76
1607,71
1694,76
1694,76
1658,75
1648,74
1461,70
1626,74
1694,76
1684,75
1682,75
1680,75
1615,71
1682,75
1577,73
1485,70
1690,74
1694,76
1717,76
1694,76
1653,75
1694,76
1681,76
1533,71
1682,75
1684,76
1646,75
1618,74
1634,74
1529,70
1681,76
1683,76
1723,76
1675,76
1617,75
1742,77
1677,75
1744,77
1455,68
1742,77
1721,76
1686,75
1650,73
1761,78
1576,71
1731,78
1731,78
1741,78
1733,78
1660,75
1708,77
1733,78
1636,76
1505,72
1722,77
1567,72
1675,76
1675,76
1457,69
1731,78
1646,73
1693,77
1731,78
1731,78
1688,74
1731,78
1749,78
1731,78
1670,77
1678,76
1684,76
1425,67
1540,71
1731,78
1652,75
1680,76
1578,70
1573,73
1673,76
1731,78
1708,77
1731,78
1680,77
1605,74
1662,76
1741,78
1711,76
1731,78
1696,77
1517,70
1757,79
1567,72
1721,76
1787,78
1759,79
1757,79
1581,73
1601,74
1757,79
1751,78
1716,77
1639,72
1734,78
1797,80
1797,80
1640,75
1649,75
1758,79
1797,80
1735,78
1752,77
1799,80
1778,79
1567,73
1797,80
1797,80
1780,79
1570,72
1799,80
1742,78
1752,76
1765,78
1797,80
1797,80
1798,79
1797,80
1795,80
1750,77
1752,79
1834,79
1593,74
1696,78
1559,70
1840,79
1754,79
1696,78
1769,79
1797,79
1788,79
1776,79
1494,70
1740,78
1798,80
1511,68
1775,76
1545,72
1613,74
1646,75
1659,74
1780,80
1690,75
1722,78
1780,80
1781,80
1763,79
1778,80
1734,78
1620,74
1357,66
1631,76
1497,70
1778,80
1778,80
1751,78
1677,75
1786,80
1768,79
1502,70
1781,79
1778,80
1687,78
1792,80
1769,79
1732,79
1778,80
1771,79
1772,80
1778,80
1819,82
1819,82
1651,76
1872,83
1809,80
1793,79
1880,83
1646,72
1696,76
1876,83
1695,78
1832,81
1851,81
1543,70
1753,78
1759,78
1886,83
1872,83
1815,81
1823,80
1872,83
1884,83
1787,78
1836,82
1555,71
1819,79
1773,79
1542,70
1737,80
1823,81
1828,82
1844,82
1836,81
1866,83
1866,83
1846,82
1798,82
1492,71
1693,77
1866,83
1774,78
1558,72
1515,72
1728,78
1876,83
1798,79
1889,82
1783,80
1786,76
1864,83
1895,84
1658,74
1895,84
1887,84
1878,83
1979,86
1810,82
1846,82
1979,86
1916,83
1475,70
1717,75
1983,86
1521,71
1886,81
1464,69
1661,76
1783,79
1589,72
1623,75
1886,80
1510,71
1611,72
1979,86
1451,67
1561,71
1768,77
1983,86
1792,80
1834,78
1573,72
1979,86
1857,80
1979,86
1897,82
1942,85
1783,77
1890,81
1546,70
1827,81
1979,86
1979,86
1757,75
1628,73
1979,86
1979,86
1873,83
1918,84
1979,86
1766,78
1979,86
1979,86
1960,85
1738,77
1852,80
1717,76
1976,85
1979,86
1979,86
1983,86
1963,86
1961,86
1843,80
1799,80
1916,82
1853,83
1671,74
1961,86
1855,82
1944,84
1755,77
1804,79
1593,72
1826,80
1956,85
1961,86
1965,86
1913,83
1771,79
1777,79
1764,78
1738,77
1959,86
1875,82
1911,85
1957,86
1630,73
1934,84
1932,84
1826,82
1836,80
1599,73
1851,79
1961,85
1916,83
1747,79
1700,79
1877,82
1972,86
1963,86
1711,78
1641,74
1926,85
1712,76
1513,72
1892,83
1959,86
1536,73
1869,83
1965,86
1526,70
1987,86
1957,86
1872,83
1909,82
1920,83
1973,86
1941,84
1913,84
1631,75
1541,69
1932,85
1853,82
1799,80
1796,80
1895,82
1957,86
1454,69
1541,69
1723,79
1733,76
1525,73
1900,84
1950,84
1660,77
1979,86
1922,84
1705,77
1925,85
1957,86
1957,86
1731,79
1957,86
1798,78
1915,83
1747,80
1499,70
1606,76
1957,86
1605,76
1957,86
1971,86
1788,79
1683,75
1682,73
1533,72
1897,82
1963,86
1957,86
1906,84
1939,84
1549,70
1648,76
1876,82
1955,86
1653,75
1717,77
1901,84
1955,86
1819,81
1667,75
1955,86
1925,83
1921,85
1911,84
1955,86
1863,83
1851,81
1674,77
1955,86
1929,83
1957,86
1955,86
1749,77
1947,85
1955,86
1938,85
1605,76
1930,84
1773,80
1797,82
1943,86
1567,73
1749,77
1897,83
1951,86
1829,77
1946,84
1943,86
1880,84
1743,79
1711,77
1862,84
1961,86
1575,73
1916,82
1490,69
1707,77
1910,82
1814,80
1952,85
1943,86
1934,85
1943,86
1915,85
1886,84
1943,86
1769,79
1958,85
1691,77
1848,82
1878,84
1933,84
1793,80
1943,86
1310,64
1943,86
1943,86
1747,79
1957,86
1943,86
1855,81
1928,85
1815,80
1943,86
1943,86
1912,85
1858,84
1863,83
1924,84
1840,81
1753,79
1799,81
2015,87
1841,83
1886,81
2011,87
1809,80
2017,87
1727,76
1594,74
1975,86
1879,83
2025,87
1657,78
1734,80
2011,87
2025,87
1780,81
1978,86
1770,78
1960,84
1963,86
1833,81
1868,81
1902,83
2015,87
1894,84
1810,81
1728,80
1804,82
1999,87
1999,87
2005,87
2001,87
1794,77
1771,81
1896,83
2013,87
1937,86
1956,84
1798,80
1950,86
1985,85
1869,82
1981,86
2006,86
1972,85
1944,85
1999,87
2013,86
1775,81
1893,84
1769,80
1999,87
1965,86
1999,87
1786,79
1792,79
1884,83
1979,85
2015,86
1998,86
1999,87
1999,87
1999,87
1831,82
2003,87
2001,87
1994,86
1999,87
1921,85
1968,87
1882,84
1907,83
1826,80
1856,83
1972,87
1955,86
1970,87
1968,87
1968,87
1972,87
1920,84
1887,85
1900,84
1382,66
1893,83
1759,80
1757,81
2034,88
1663,74
1789,80
1919,85
1968,86
2032,88
2022,88
1881,83
1804,79
1693,76
1825,81
1758,79
1778,82
1858,81
1706,76
1769,80
1806,82
2024,88
1999,86
1893,84
1453,68
1972,87
1947,86
1737,77
1907,85
1821,82
1889,82
2018,88
2007,87
2018,88
1781,78
2002,86
1952,86
1877,84
1778,80
1698,77
1958,86
1824,81
2022,88
2029,88
1757,78
1648,75
1984,86
1970,86
1843,83
2024,88
1688,77
2018,88
2018,88
1701,78
1737,79
1481,69
1863,83
2028,88
2018,88
1899,82
2010,87
2018,88
2022,88
1808,80
1782,80
2022,88
1560,73
1931,85
1977,87
2047,88
1794,83
1904,84
2016,88
1708,75
2016,88
1902,85
2016,88
1815,79
2016,88
1924,84
2020,88
1989,87
1912,84
2001,87
1623,74
1799,82
1706,78
2016,88
1830,81
1731,80
1901,83
1653,76
1866,82
1891,82
1926,84
1978,86
1999,86
1874,84
1825,81
2016,88
2016,88
1696,77
1671,78
1696,78
1692,77
1705,79
1891,83
1959,86
1722,79
1993,87
1966,86
1596,73
2016,88
1975,87
1695,76
1910,85
1926,85
1888,84
1789,80
2016,88
1564,71
1793,81
1968,86
1855,82
2016,88
1538,71
1919,85
1724,78
1948,85
1874,84
2016,88
2012,88
2014,88
2012,88
2012,88
1652,77
1914,85
1848,82
2012,88
1930,84
1812,81
1829,84
1943,86
2012,88
1907,84
1911,84
2012,88
1906,84
1699,75
1924,86
2012,88
1968,87
1844,82
1937,83
1945,86
1956,85
1675,75
1697,76
1545,70
2012,87
1782,80
1949,86
1921,83
1840,81
1549,70
1768,77
1827,83
1957,86
1731,80
1745,79
1999,87
2012,88
1870,83
1852,82
2038,88
1827,83
2012,88
1891,84
1720,77
2020,88
1827,80
1909,84
2048,87
1868,83
1975,86
1993,88
1888,85
1926,84
1683,76
1817,80
1995,88
1863,83
1614,74
1846,83
1868,84
1993,88
1897,85
1965,86
1723,78
1747,78
1960,87
1923,85
1993,88
1810,82
1993,88
2054,88
1734,76
1983,87
1847,84
1777,81
1842,81
1993,88
1790,82
1875,82
1630,72
2006,87
1686,78
1886,85
1993,88
1900,85
1906,84
1748,78
1931,86
2015,88
1947,86
1993,88
2017,87
1797,80
1984,87
1845,84
1849,84
1862,84
1898,84
1950,85
1707,77
1813,83
1950,86
1925,85
1973,85
1927,86
1802,80
1879,85
1962,87
1916,85
1873,84
1831,83
1993,88
1976,86
1742,80
1947,87
1900,85
1951,86
1993,88
1931,86
1993,88
1534,72
2001,88
1826,82
1993,88
1882,85
1941,86
1939,86
1520,70
1919,82
1945,86
1983,87
1991,88
1995,88
1694,77
1668,77
1712,78
1762,79
1769,79
1674,76
1916,84
1924,86
1995,87
1637,76
1836,84
1873,83
1991,88
1917,85
1991,88
1802,80
1864,84
1741,80
1599,75
1926,86
1792,82
1740,78
1786,78
1678,74
1975,87
1991,88
2011,88
1782,79
1815,82
1733,80
1811,79
1805,80
1736,80
1919,84
1771,82
1802,82
1886,84
2001,88
1963,86
1993,88
1947,87
1837,84
1679,78
1559,73
1555,72
1947,86
2015,88
1665,75
1678,75
1991,88
1615,75
1842,82
1848,84
1686,78
1951,86
1913,84
1804,83
1886,85
1729,79
1840,81
1991,88
1964,87
1997,88
1801,83
1922,85
1991,88
1910,85
1615,75
1863,83
1979,87
1855,83
2004,87
1991,88
1680,76
1746,80
1991,88
1847,81
1830,84
1911,84
1971,86
1870,84
1995,88
1672,76
1997,88
1923,84
1932,86
1700,78
1668,77
2003,88
1698,77
1892,83
1545,74
1818,80
1957,87
1735,77
1964,87
1995,88
1936,86
1930,85
1991,88
1682,79
1865,83
1687,77
1935,83
1960,87
1945,84
1649,77
1894,84
1724,78
1731,79
1949,86
1643,76
2015,88
1916,86
1991,88
1719,79
1949,86
1823,83
1999,88
2011,87
1997,88
1600,73
1987,88
1742,79
1923,86
1887,84
1635,74
1999,88
1791,81
1987,88
1954,87
1987,88
1981,87
1727,78
1956,87
1925,86
1969,87
1993,88
1987,88
1967,86
1987,88
1776,81
1904,85
1852,83
1993,88
1818,80
1785,81
2034,87
1987,88
1703,76
1904,86
1987,88
1975,87
1732,77
1598,75
1697,73
1584,74
1812,83
1987,88
1648,76
1781,81
1737,77
1994,87
1917,84
1991,88
1755,78
1522,70
1925,84
1806,80
1837,81
1974,87
1870,85
1974,86
1999,88
1862,84
1942,86
1797,81
1987,88
1881,82
1767,80
1993,88
1991,88
1987,88
1904,86
1991,88
1959,87
1899,84
1993,87
1800,80
1987,88
1710,78
1827,81
1980,86
1969,87
1693,78
1777,79
1910,84
1766,81
1987,88
1916,84
1681,78
1935,86
1657,75
1945,85
1987,88
1649,76
1841,82
1861,84
1997,88
1997,88
1561,71
1563,73
1972,86
1987,88
1713,77
1759,80
1842,84
1748,80
1926,85
1761,80
1654,75
1868,83
1906,85
1668,76
1678,76
1969,85
1822,82
1886,83
1986,87
1791,80
1987,88
1987,88
1987,88
1860,84
1601,75
1694,76
1901,85
2007,88
1630,74
1795,81
1859,83
1877,84
1987,88
1912,85
1849,83
1807,82
1961,86
1987,88
1780,80
1817,82
2034,88
1778,80
1791,80
2015,86
1999,88
1711,79
1987,88
1656,78
1987,88
2011,88
1709,78
1987,88
1684,78
1776,78
1652,74
1987,88
1999,88
1874,84
1946,86
1987,88
1999,88
1868,83
1987,88
1969,87
1785,79
1989,88
1729,77
1908,83
1900,85
1912,84
1951,86
1841,83
1745,79
1887,82
1991,88
1867,81
2035,87
1950,87
1903,83
1610,75
1942,86
1889,85
1985,86
1648,77
1916,86
1974,86
1970,87
1701,79
1763,79
1987,88
1995,88
1690,75
1995,88
1987,88
1742,76
1819,80
1975,87
1819,82
1748,79
1960,87
1665,78
1991,85
1961,86
1991,88
1907,83
1787,80
1727,79
2062,89
1866,83
1679,76
1984,85
2062,89
1871,82
2062,89
1985,88
2064,89
1833,80
1736,79
1885,85
2009,88
1899,83
1665,74
1627,76
1614,74
1856,81
2019,88
2047,88
1702,76
2017,88
1705,78
2060,89
2074,89
1999,87
1945,86
1941,86
1974,85
1642,76
2060,89
1861,81
2060,89
1748,80
1674,77
2060,89
2064,89
1959,86
1785,82
1678,77
1951,87
1628,72
1963,86
2070,88
1778,80
1738,78
1933,84
1947,84
2040,88
1964,85
1823,81
1788,81
2033,87
1584,73
1746,78
1859,83
1890,85
1761,78
1908,82
1711,77
2047,88
2060,89
2055,88
2060,89
1783,77
1943,86
2074,89
1739,78
2036,88
1869,83
2060,89
2032,88
2021,88
1983,88
1758,78
2048,89
1892,85
1754,80
2041,88
2029,87
1854,84
1628,77
1894,85
1862,84
1998,88
1986,86
2052,89
1718,78
2031,88
1710,78
2064,89
1930,85
1982,86
1978,85
2048,89
2044,89
1655,75
1878,83
1662,74
1933,86
1837,81
1925,86
1942,85
2066,89
1790,81
1927,85
1845,83
2044,89
1801,80
2056,89
1878,83
1936,84
1966,85
1833,80
1991,87
1947,86
2048,89
1850,84
1985,85
1614,71
1677,76
2044,89
2054,89
1777,78
2044,89
1664,77
1878,83
2005,86
2044,89
1821,83
1922,82
1983,86
1880,82
1809,82
1912,84
2046,89
1710,76
1799,81
1848,83
2010,88
2041,87
2020,88
1918,84
2005,87
1791,82
2044,89
1984,86
2074,89
1733,80
1919,84
2042,89
1995,87
2043,88
2040,88
1676,79
1869,84
1949,85
1820,82
2050,89
2014,88
2017,88
1525,70
1682,78
1791,78
2014,88
1777,82
1997,88
2010,88
1701,76
1619,74
1760,80
2042,89
1747,76
2002,88
2018,88
1581,69
1901,85
2042,89
2042,89
1674,75
1696,78
2056,89
1787,79
1784,82
1786,81
2042,89
1713,79
1942,83
1744,77
1748,80
2011,88
1756,77
1941,86
1785,81
2042,89
1941,86
2044,89
2042,89
1986,87
1877,84
2044,89
1965,87
1952,86
1964,85
2020,87
2018,88
1787,81
2027,88
1786,80
1932,85
2042,89
1956,85
1841,82
2046,88
1806,83
1998,86
1931,82
1844,84
2062,88
2042,89
1774,82
2073,89
2042,89
1588,73
1836,82
1985,84
1814,81
2042,89
1587,73
1964,86
1734,78
1666,75
1756,77
1930,84
2044,89
1857,82
2073,89
1820,82
1734,79
2042,89
1706,78
1963,87
2018,88
1965,83
1995,86
1645,72
1770,82
1814,83
1673,76
1665,76
2060,89
1845,83
2046,89
2012,88
1945,87
1959,87
2027,88
1894,82
1823,82
1787,82
2000,86
1869,83
2042,89
2044,89
1903,85
2042,89
2004,87
1635,76
1707,77
2027,88
1789,81
2042,89
1906,85
2022,88
2011,87
2042,89
2042,89
1872,83
2042,89
1972,87
2046,89
2015,88
2042,89
1675,78
1954,86
1820,81
2014,88
1801,82
2042,89
1781,80
1773,82
1776,80
1949,85
1962,86
1615,73
1920,86
2058,89
2029,88
2035,88
1821,82
2032,88
1911,85
2027,88
1955,85
1929,84
2018,88
1890,82
2048,88
2059,88
1848,83
2042,89
1774,79
1984,86
1929,83
2018,88
2042,89
1499,69
1714,78
2042,88
1629,73
2042,89
2052,89
1908,84
1730,78
1897,85
1721,79
2019,88
1951,86
1964,87
1910,83
2015,87
1852,82
1997,88
1922,86
2042,89
2038,89
1959,84
2038,89
2038,89
2021,88
1595,71
2024,88
1781,80
1964,85
1979,87
2029,88
2045,88
1925,83
1945,87
2038,89
1933,84
1816,82
1754,79
2054,88
1760,77
1900,84
2040,89
2038,89
1948,86
1992,87
1684,78
1828,80
1804,81
1915,83
1857,82
2038,89
2014,88
1618,71
2051,88
2006,88
1922,85
2040,88
2038,89
2038,89
1597,73
1703,78
1845,83
1931,86
2042,89
2038,89
1786,81
1966,86
2037,88
1766,80
1839,82
1774,78
1724,78
2034,89
1734,78
2014,87
2027,88
1977,87
2034,89
1941,85
1909,83
1943,85
1917,85
2034,89
1548,71
1805,80
2034,89
2040,88
1620,71
1699,75
1832,79
2009,88
1905,85
1736,78
1641,77
1505,68
2038,89
1619,73
1761,79
2032,88
1986,86
1993,86
1873,84
2008,88
1779,80
1758,77
2034,89
1999,86
1938,86
2016,88
1799,78
2015,86
1895,84
1780,82
1621,74
2036,89
2034,89
2062,89
1844,82
1707,75
2034,89
1719,78
2034,89
2067,89
2038,89
2032,89
1940,86
1834,83
2032,89
1767,77
2048,89
1681,76
1878,82
1987,86
1810,80
1767,79
2032,89
1655,72
2044,89
2036,89
2034,89
2010,87
2044,89
2054,89
2041,88
1461,69
2032,89
1968,87
1777,80
2036,89
1786,81
1718,78
1795,79
1930,85
2032,89
1773,79
1987,86
2032,89
1745,77
1688,76
1900,83
1860,84
2022,88
2031,88
1770,81
1911,84
1627,74
2032,89
1923,85
1908,84
1991,87
1745,79
2022,88
2040,89
1731,80
2018,88
1448,70
1893,83
1709,79
2042,89
1701,75
1944,84
1958,86
1744,75
1992,87
1952,85
2032,89
1820,77
1988,87
1850,83
2034,89
2032,89
2032,89
1601,74
1787,79
2032,89
2020,87
1813,82
2042,89
2034,89
1795,80
1613,72
1764,80
2036,88
1791,79
1976,86
1683,75
1986,85
1612,75
1913,83
1965,86
1906,85
2032,89
1843,81
1723,79
1616,75
1710,77
2036,89
1957,85
1922,84
1623,72
2009,87
1797,83
2064,89
1863,80
1879,85
2050,89
1893,84
1918,84
1771,79
1551,72
2042,89
1909,86
1963,85
2044,89
2042,89
1990,87
1776,81
1995,88
1927,84
1673,75
2027,88
2022,88
2008,88
1841,83
1927,86
1941,86
1967,86
1641,73
1911,84
1493,69
2032,89
1743,79
1966,85
2032,89
1850,83
1874,85
2034,89
2038,89
1811,82
1774,81
2032,89
1896,85
1810,81
2002,88
2040,89
2036,89
1802,80
1549,72
1787,81
1670,74
1908,85
1816,80
1501,70
1654,76
1788,81
1928,84
1852,83
1698,75
2044,89
1756,80
2030,88
1828,79
1986,88
1680,74
1939,86
1753,76
1926,86
2018,88
1945,84
2034,89
1651,74
2023,88
1991,87
1691,75
1744,77
1926,84
1907,84
1851,83
1648,74
2032,89
2032,89
1912,85
2032,89
1990,88
1992,87
1966,86
2032,89
1848,82
1892,83
1924,85
1638,75
1960,87
2039,87
1995,88
1850,83
2023,88
1944,84
1998,88
2032,89
1974,87
1702,76
1809,79
2004,88
1971,87
2004,88
2046,87
1793,80
1815,81
1731,77
1944,85
1943,86
1889,85
1797,81
2073,89
2036,89
1674,78
1760,80
1996,88
1880,82
2016,87
1873,84
1997,86
2032,89
1924,86
1952,86
1827,82
2018,88
2036,89
1981,87
2054,89
1834,79
1885,84
1771,80
1738,79
2048,89
1898,85
1707,77
1663,77
2026,88
1953,86
1779,80
1865,84
1970,87
2032,89
1738,81
1975,87
2044,89
1948,85
1864,82
1992,87
2044,89
2032,89
1929,85
1742,78
2038,89
2007,88
2032,89
1841,81
1793,81
1576,74
1711,75
1768,80
1975,86
1388,66
1997,88
1915,83
2032,88
1883,83
2050,88
1899,81
1860,83
1814,80
2034,89
1916,83
1719,79
2032,88
1969,87
1996,86
1990,87
1732,78
1908,84
1977,87
2032,89
1979,86
2008,88
2019,88
1715,77
2032,89
2032,89
2002,88
1774,79
1670,75
1886,85
1837,84
2002,88
2030,88
2032,89
1720,78
2034,89
1726,80
2004,88
1936,83
2032,89
2016,88
1927,85
2021,88
2016,88
1912,84
1988,87
1774,80
2002,88
2032,89
1691,77
1952,86
1928,84
2034,89
1616,72
2024,88
2024,88
1607,74
2032,89
1791,80
1800,81
1877,83
1757,78
1908,83
1848,83
1999,87
1631,74
2044,89
1912,85
2032,89
2060,89
1922,85
2046,89
1998,87
2036,89
2004,88
1691,75
2019,88
1889,83
1878,83
2042,89
1797,82
1827,80
1977,87
1961,86
1985,86
2002,88
1973,85
1949,85
1772,80
1848,83
2036,89
1980,86
1800,80
2032,89
2032,89
1744,77
2032,89
1939,85
2032,89
1813,83
2032,89
2002,87
1802,78
2012,87
2032,89
1737,79
1799,80
1954,86
1938,86
1925,83
1805,82
1755,79
2038,88
1659,76
2032,89
1808,76
2030,88
2042,89
1758,80
1899,81
2032,89
2036,89
2012,87
1755,81
1929,83
2050,89
2002,87
1769,79
2036,88
2034,89
1734,80
1909,85
1960,85
1720,78
1901,82
1615,73
1813,83
1969,87
2032,89
1933,86
2005,87
2042,89
1749,80
1893,81
2036,89
2005,88
1761,79
2013,88
1795,80
2059,89
1588,72
2032,89
2032,89
2032,89
1719,77
1517,71
1956,87
2040,89
1945,84
1858,82
1733,75
1673,76
1581,74
1742,79
1630,74
1599,74
2000,88
2034,89
1818,81
2012,85
1789,81
1947,87
2032,89
1855,83
1644,74
1974,87
2031,88
1714,77
1961,85
1982,87
2032,89
1571,72
1757,79
1836,83
1953,85
1849,85
2044,89
1931,86
1600,72
1842,84
2012,88
1996,87
2032,89
1974,87
1792,81
1898,82
1977,87
2060,89
1723,79
1788,80
1749,80
1861,82
2032,89
2027,87
1946,86
2014,88
1737,79
1975,85
1934,84
1881,82
1842,82
1567,73
2063,89
1964,85
1561,73
2036,89
1825,81
2061,89
1817,82
1932,84
1874,84
2046,88
1925,85
2032,89
1824,79
1739,79
2019,87
2040,89
1685,78
1869,83
1904,84
2065,89
1983,87
1714,78
2002,88
1990,88
1930,84
1784,80
1725,79
2032,89
1797,81
2000,87
1996,88
1688,77
2004,88
1984,87
1876,84
1631,76
1771,78
2022,88
1910,84
1724,77
1739,78
2032,89
2044,89
2032,89
1973,87
1896,85
1949,86
1721,80
2023,88
1720,75
1935,86
2048,89
1956,87
1774,79
1774,80
1919,85
2044,89
2032,89
1844,81
1572,70
2032,89
1631,74
1879,82
2032,89
1914,84
1976,87
2032,89
1866,83
1707,79
1729,79
1814,80
1668,75
1821,83
2036,89
1755,79
1879,84
1827,82
1610,73
1985,86
2032,89
1885,81
2036,89
1964,85
1993,87
1995,88
2038,89
1969,87
2034,89
2039,88
2034,89
1793,82
2052,89
2032,89
2038,89
2030,89
1936,85
1643,74
2032,89
2030,89
2000,88
2046,89
1776,80
2034,89
2030,89
1724,78
2005,87
2036,89
1774,80
1945,86
1901,86
1956,85
1901,83
1916,84
2032,89
2030,89
1764,76
1829,81
1815,81
2018,88
1978,87
1970,85
2029,88
1969,87
2030,89
2030,89
1724,78
1706,75
1931,85
1998,88
1617,75
1591,72
2038,89
1778,80
1582,72
1560,72
1862,81
2046,89
1778,81
2030,89
1797,83
1980,87
2034,89
1822,81
2030,89
1848,82
1730,77
1709,77
1969,87
1848,81
1636,75
2030,89
2005,88
2018,88
2034,89
1943,86
1786,80
1608,75
2054,89
1972,86
1724,78
2038,89
2008,86
1966,85
2015,88
2010,87
2005,87
2034,88
2030,89
2032,89
1852,84
1919,85
1769,79
1771,79
1591,72
1954,82
1674,76
1743,79
1858,82
1951,86
1960,85
1989,88
2030,89
1723,77
1938,84
2050,89
1796,81
2010,88
1729,78
2032,89
1893,85
2032,89
1714,77
2040,89
1954,87
2034,89
2017,88
1919,85
1839,82
1891,81
1753,81
1916,84
1754,79
2030,89
2005,87
2030,89
2030,89
1771,79
2044,89
1671,76
2005,88
1950,85
1945,85
1759,78
1937,86
1786,80
1771,81
2042,89
1797,83
1943,86
1785,79
2014,88
2020,88
2034,89
2000,88
1967,87
2052,89
1892,85
1877,83
2005,88
1942,86
1567,71
2011,88
2009,87
1875,84
2040,88
1916,85
1949,85
2030,89
1762,78
1753,82
1797,83
2030,89
1648,77
1890,83
2006,88
1890,84
2030,88
1651,76
2005,88
1777,78
1948,86
2018,88
1892,85
1903,84
1904,85
1711,75
1599,72
1796,77
1921,84
1809,82
1871,82
1913,85
2046,89
1957,86
1911,85
1852,83
1793,81
2020,88
1745,79
1934,84
2028,89
2028,89
2028,89
2009,88
1752,78
1983,88
1902,86
2032,89
1940,85
1756,79
1970,86
1960,85
1902,86
1933,85
1771,79
1897,85
1879,84
2028,89
1667,75
2028,89
1861,83
1964,85
2028,89
1662,75
1876,83
2005,88
1981,88
1904,85
1656,76
2028,89
2003,88
1719,75
1943,86
1833,82
1928,85
1893,83
1926,82
1889,86
1964,87
1925,85
1645,74
1737,78
1921,83
1710,75
2028,89
1897,85
1964,86
2028,89
1973,87
1942,86
2028,89
1807,81
1774,80
1837,84
1577,72
2028,89
1832,82
1682,76
1792,81
1673,79
1965,86
1630,76
2032,89
2028,89
2040,89
2028,89
1941,87
1712,77
1690,78
2028,89
1767,78
1965,84
1727,78
1855,81
2016,88
1964,85
2028,89
1663,78
2007,87
1945,86
1970,87
1884,83
1977,87
2030,89
2008,88
1710,77
1728,79
2028,89
1772,79
1797,82
2028,89
1838,80
1605,76
1928,86
1789,80
1827,81
1602,73
1924,86
1751,82
1723,77
1937,85
1703,77
2024,88
1691,77
2008,88
2028,89
1996,87
2031,88
1897,85
2024,89
1770,81
2007,87
1570,73
1919,85
1754,79
2024,89
1992,88
2049,89
2030,89
2014,88
2032,89
2043,89
1719,79
1841,78
1935,87
1620,74
1766,82
2005,88
1932,84
1762,77
1906,85
1808,83
2024,89
1887,83
1979,87
1995,88
1971,86
1990,88
1862,84
1913,85
1877,84
1773,80
1791,81
2049,89
1719,76
1627,77
2024,89
2024,89
1929,85
2024,89
2036,89
2036,89
1950,85
1850,81
1679,79
1927,85
1928,87
2026,89
2020,89
1957,86
1934,86
2026,89
1839,82
1809,82
1757,81
1917,84
1966,87
1780,79
1823,79
1856,85
1904,85
1755,78
1906,85
2022,89
1690,78
1673,76
1652,77
2020,89
1681,76
1775,82
1944,86
1658,76
1906,85
1702,77
1960,85
2020,89
1968,86
1954,86
2020,89
1878,84
2024,89
2020,87
1907,85
2020,89
1997,86
2020,89
1905,85
2022,89
1846,83
1953,87
1889,84
1931,86
1718,79
2020,89
1986,87
2020,89
1765,80
2041,89
1746,81
1903,83
1809,82
2020,89
1817,80
1552,73
1717,79
2020,89
1839,82
1688,77
1932,85
2036,89
2020,89
1893,83
2052,89
1934,87
2020,89
2020,89
1696,77
1990,88
1926,86
1700,78
2020,89
1722,77
1962,87
1978,87
1778,81
1901,85
2018,89
2018,89
1935,86
1779,79
1953,86
1992,86
2018,89
2018,89
1780,79
1980,86
1779,82
1852,83
1731,80
1546,72
1901,85
1965,85
2020,89
1898,83
2018,89
2034,88
2011,87
2018,89
1747,78
1960,86
2001,87
1763,81
1817,81
1744,76
2018,89
1667,78
1622,73
1950,87
1947,87
1818,83
2018,89
1902,84
1765,82
2028,89
1761,80
2006,88
1720,77
1759,79
2018,89
2018,89
2018,89
1992,88
1917,83
1642,76
1978,88
2020,89
2014,89
1768,80
2020,89
1915,85
1730,79
1833,83
1859,83
1923,86
1760,79
1877,84
1721,79
1782,81
1959,87
1891,83
1889,85
1649,76
1717,81
1723,74
1996,88
1825,82
1937,85
1785,79
1812,82
1715,79
1932,85
1878,82
1628,74
2000,88
1570,71
1745,76
1962,87
1974,88
1837,82
1863,81
1757,82
2014,89
1663,77
1748,77
1910,83
1668,75
1995,88
1999,87
2014,89
1965,88
2026,89
1771,81
1922,83
1649,76
1770,79
1921,84
1702,78
1986,87
1759,79
1963,87
1964,87
1806,82
1750,78
1745,78
1543,72
1983,87
1880,83
1752,78
1796,78
1988,88
1668,74
1797,81
1796,83
1619,79
1766,80
2021,87
1971,88
2012,89
2012,89
2012,89
1963,88
1754,81
1984,87
1709,78
2010,89
2010,89
1849,82
1947,87
1752,79
1838,81
1901,85
1779,74
2010,89
1783,80
2001,88
2012,89
1803,80
2005,88
1858,81
1975,88
1831,81
1789,82
1700,76
2019,88
1792,80
1815,81
2014,89
1998,87
2032,88
1790,80
1843,80
1867,84
1969,86
1975,87
1785,79
2048,89
2010,89
1788,82
1587,70
1886,84
1564,73
2027,89
1750,80
1778,82
1788,80
1862,83
2034,88
1827,82
1770,78
2010,89
2012,89
1573,71
1920,85
1669,76
1945,86
1754,77
1878,83
1838,84
1933,87
1909,82
1742,79
2014,89
1719,77
1990,87
1884,85
2043,87
2000,87
1554,73
1641,74
1867,83
1775,81
1882,85
2001,88
1791,80
1903,85
1695,75
2026,88
1846,83
1934,86
1791,82
2012,89
2061,90
1798,80
1725,79
1915,84
1923,86
2058,89
2009,87
1828,84
2061,90
1899,84
2062,88
2027,89
2065,90
1985,87
1817,81
1863,82
2020,89
2061,90
1791,81
1879,84
2061,90
1545,70
1674,77
1836,84
1651,77
1974,88
2019,88
1974,86
1795,80
2023,89
1633,74
1968,87
1980,88
1829,83
1705,75
2060,89
1982,86
1731,78
1979,87
1808,83
1953,86
1631,73
2013,87
1888,83
1666,76
2014,88
2024,89
1859,84
1775,81
1919,85
2035,89
1727,76
1878,84
2001,88
2044,89
1821,81
1718,78
2036,87
2013,87
2061,90
2009,88
1820,76
1801,81
2027,88
1903,83
2067,90
1945,85
2068,89
1982,88
2114,90
1901,82
1933,85
1971,86
1787,83
2067,90
2065,90
2098,90
1741,77
1707,78
1722,77
2067,90
1759,78
2039,88
1841,83
1785,82
2022,88
1946,85
1821,84
1953,84
2036,88
2038,88
2061,90
2059,90
2040,89
1902,85
1987,87
1875,83
2059,90
2059,90
1943,86
1863,85
1565,71
1953,87
1818,81
1713,77
1976,88
1975,87
1956,85
1849,83
2029,89
2061,90
1976,88
1963,87
1929,84
1935,83
1829,82
1965,86
2061,90
2059,90
1827,82
1979,88
2055,90
2055,90
1726,77
1912,86
1946,86
1776,77
1918,85
2034,89
2055,90
1652,75
1883,83
1938,85
2059,90
1972,86
1992,87
2054,89
1509,71
1936,85
1812,80
2029,89
2017,89
1969,86
1855,81
2017,89
2050,89
1883,84
1749,80
2055,90
1909,83
2035,89
1828,82
1691,77
2003,88
2057,90
1818,82
1751,80
2059,90
1914,85
2036,88
1928,85
1993,87
1633,74
2063,90
1982,88
2055,90
2013,89
1943,83
1804,84
1761,79
1736,78
1594,75
1805,82
2055,90
2055,90
2048,89
2020,89
1902,85
2055,90
1794,80
2055,90
1829,82
1978,88
2032,89
1866,83
1963,86
2086,90
1801,80
1792,82
1779,80
2048,89
2058,89
1746,78
1715,77
2055,90
2007,89
1746,76
2031,89
2050,89
1972,88
1883,85
1610,74
1873,83
1988,86
1953,87
2055,90
1894,84
1622,74
1559,72
2055,90
2029,89
2055,90
1938,87
2000,88
1658,76
2042,89
1791,80
1887,84
1773,81
1701,78
1950,87
1629,76
2011,88
1964,88
1994,88
1922,84
2021,88
2055,90
1793,82
1973,87
2055,90
1964,87
2055,90
2055,90
2001,86
2048,89
1940,86
1816,81
2059,90
2036,89
2015,89
1975,87
2034,89
2008,88
1951,84
1945,86
2055,90
1846,83
2053,90
2057,90
1844,82
2053,90
2038,89
1925,87
1845,83
1713,79
2052,89
2053,90
2065,90
1836,81
1814,83
2043,89
2020,89
2053,90
2076,90
2010,89
1886,84
1665,75
1912,84
1864,82
1972,87
2024,89
2053,90
1804,80
1942,84
2059,90
1942,84
1784,81
2037,89
1804,82
2061,90
2053,90
2077,89
1980,87
2053,90
2019,89
2067,90
1770,80
1682,75
1930,86
2055,90
2038,89
2039,89
1575,73
2057,90
1876,84
2051,90
2051,90
1920,86
1802,82
1965,86
1965,86
1907,85
2053,90
1992,88
2053,90
1904,85
1946,85
2024,89
1901,84
2051,90
1762,81
2051,90
1653,75
2057,90
2051,90
2043,89
1820,80
2042,89
2026,89
2057,90
1924,86
1925,87
1976,86
1705,78
2051,90
1766,80
1608,73
1903,84
1790,81
2051,90
1813,81
2061,90
2052,88
1903,82
1726,76
2053,90
1791,79
2042,89
1980,87
1744,78
2035,88
2008,89
2053,90
2022,89
2051,90
1967,87
1925,84
1951,86
2043,89
1775,81
2063,90
1914,85
1817,83
1649,76
2051,90
1995,88
2051,90
1785,80
2041,89
1929,85
2051,90
2051,90
1751,76
2053,90
2051,90
2029,88
1960,88
2053,90
1753,78
1700,76
2013,88
2027,89
2051,90
1903,84
1915,85
1929,85
1865,83
1790,80
2051,90
2047,90
1937,85
2055,90
1842,80
2022,88
2063,90
2045,89
2026,88
2047,90
1821,82
1798,82
2078,89
2047,90
1989,88
1942,83
1810,81
2076,88
1758,79
1900,84
2047,90
1537,71
1797,80
1788,79
2041,89
1777,79
2047,90
1919,83
1899,82
2047,90
2047,90
1801,80
1770,81
1872,84
2047,90
1833,80
1694,76
1850,79
2042,89
1698,74
2047,90
1707,78
2053,90
1600,73
1704,76
2047,90
1917,85
2051,90
2047,90
1974,87
1794,82
1722,78
2047,90
2047,90
2047,90
2007,86
2047,90
1842,83
1889,84
1994,88
1833,84
2047,90
2047,90
1885,84
1461,68
1927,85
1928,84
2047,90
2005,88
2047,90
1941,86
1935,85
2047,90
1993,87
1851,82
1990,89
1974,87
1961,88
1831,82
1810,82
2061,90
1844,84
2029,89
1982,87
1933,86
2046,89
1864,84
1893,82
1676,77
1832,79
1850,83
1824,82
1994,87
2047,90
1942,86
1782,80
1897,86
2047,90
1940,86
1917,86
1856,83
1897,84
2033,89
2049,90
1950,85
1693,76
1926,84
2047,90
1831,81
2038,89
1819,81
1783,80
1989,86
2047,90
1623,76
1919,86
1960,88
2025,89
2049,90
1828,83
1879,84
1569,74
1919,85
2047,90
2049,90
2057,90
1696,76
1899,84
2044,89
2015,88
2045,89
1638,74
2019,88
1769,80
2021,88
2059,90
1902,83
1919,86
1738,81
1973,87
1917,85
1961,88
1594,73
1889,84
1783,81
1931,85
2033,89
2051,88
1849,81
2051,90
1792,81
1788,81
2051,90
2051,90
1846,83
2046,89
1984,88
1571,71
1987,86
2026,88
1955,86
1877,83
1853,84
1672,77
2041,89
1915,86
1954,87
1887,82
2057,90
1810,82
1777,79
1935,85
1819,83
1883,83
2061,90
1740,76
1997,88
2053,90
2047,90
1856,83
1734,79
1917,85
1918,83
2047,90
1965,86
1887,84
1956,86
2049,90
1771,78
1905,84
1810,82
1853,81
2022,89
1766,78
1946,86
2053,90
2042,87
2020,89
2004,89
1819,80
1925,85
1648,73
1844,82
1635,75
1831,83
2049,90
1827,81
1865,82
1764,81
1960,88
2047,90
1666,76
1760,80
1972,87
1530,71
1657,74
1764,79
1714,77
1929,83
2047,90
1882,85
2046,89
2047,90
1872,85
1792,82
1902,84
2055,90
1891,84
1798,80
1922,84
1962,86
1687,77
2049,90
2047,90
1871,83
2048,89
1920,85
1617,75
1947,86
2038,89
2038,89
2052,89
1960,88
1695,75
1945,85
2044,89
2037,89
1475,68
1984,88
2013,88
2047,90
2047,90
1824,82
1593,74
1825,80
2047,90
1793,81
1963,86
2053,90
1741,79
1772,78
1807,82
2004,88
1965,87
1735,78
1960,84
1740,78
1598,71
1705,74
2049,90
1781,82
1823,82
2038,89
2047,90
1971,87
1847,79
1998,88
2043,89
2047,90
2047,90
2020,89
1806,81
1906,86
1836,84
1914,83
2051,90
1672,77
1897,84
2044,89
1400,65
2025,89
1534,71
1699,78
2033,89
1517,70
2036,89
2047,90
1682,79
1983,86
1748,77
2036,89
1903,85
1958,88
2051,90
2047,90
1856,84
2049,90
2051,90
2013,88
1896,83
1836,82
1930,85
1882,84
1919,84
1618,75
2061,90
1766,79
1845,83
1741,77
2047,90
2007,88
1675,74
1900,83
1869,82
1726,78
1937,86
1927,85
1945,87
1680,77
1690,72
1931,86
1736,80
2013,89
1977,87
1922,85
2003,88
1915,84
2037,88
1807,81
1868,85
2051,90
1982,85
1682,76
1884,83
2044,89
1980,88
2047,90
1952,84
1960,88
1865,82
2017,89
2047,90
2031,88
2051,90
1711,75
1989,87
1861,83
2003,86
1926,82
2026,89
1997,87
1928,86
1850,84
1855,82
1907,85
1628,74
2047,90
1968,83
1808,81
1807,81
2047,90
1612,75
1662,75
1806,81
1696,77
2017,88
1770,78
2004,89
1921,86
1791,81
1733,76
2008,89
2045,89
1879,83
2050,89
1647,77
2004,88
1735,77
1612,75
2057,90
1920,85
1737,78
1465,69
2009,87
2047,90
1627,76
2007,87
2033,89
2008,88
1872,84
2053,90
1890,84
1949,86
2049,90
1780,83
2047,90
2046,89
1762,79
1848,81
2047,90
2035,89
2011,88
2047,90
1904,85
1806,80
1977,86
1834,83
2047,90
1714,75
2049,90
1862,84
2051,90
1658,76
1683,75
2047,90
1862,83
1924,81
1953,84
1790,82
1669,75
1760,81
2047,90
2022,89
2027,88
1870,84
1701,77
1882,82
1801,81
2047,90
2055,90
2034,88
2061,90
1625,75
2047,90
2047,90
2047,90
2049,90
1748,78
2004,89
2047,90
2047,90
2021,88
1971,88
1948,87
2047,90
1584,73
1970,87
1768,78
1810,82
1794,80
2047,90
1823,82
1806,81
1923,82
1810,81
1981,87
1981,88
1961,87
1857,79
1900,84
2050,88
1770,78
1741,78
1857,81
2006,88
2071,90
1937,86
1909,84
1715,76
1847,78
1749,80
1979,86
1754,79
1744,78
2031,89
2047,90
1924,86
1990,88
1796,79
1942,86
1905,85
1680,77
1826,82
2008,85
1927,85
1949,84
1966,87
1877,82
1769,77
2051,90
1854,81
1865,81
1902,84
1782,81
1974,87
1979,85
1918,85
1735,79
1998,88
2047,90
1538,71
1981,88
1836,83
1648,75
1769,75
1906,83
2047,90
2042,89
1985,87
2034,88
1798,82
1927,81
2047,90
1820,82
2049,90
1767,78
1944,84
2031,89
1963,87
2047,90
1820,81
1885,82
1753,78
1673,76
1798,78
1981,88
2047,90
2017,89
1712,79
2049,90
1724,77
1800,80
1956,85
2038,89
1739,80
2047,90
1989,85
1632,75
1946,86
1973,88
2047,90
2061,90
2047,90
1474,71
1980,87
1810,79
1897,84
2046,89
2053,90
1597,71
2047,90
1967,88
2047,90
2047,90
2051,90
1992,89
1803,80
1638,74
1624,75
2019,88
1953,86
1787,81
1660,74
2020,89
2049,90
1751,77
1708,79
1604,75
1986,87
2047,90
2025,86
1728,76
1733,79
1804,80
2047,90
1996,86
1810,81
1955,87
1856,81
1750,79
1908,84
2008,89
1873,81
1788,80
2043,90
1973,86
1736,79
2043,90
2038,89
1999,87
1903,82
1837,82
2008,88
1757,81
2043,90
1956,87
1863,83
1617,73
1660,74
1836,84
2045,90
1729,77
1994,86
1463,70
1830,79
1878,83
1874,84
2043,90
1773,80
1995,89
2049,90
2005,89
2000,87
1927,84
1528,71
1708,79
1961,86
1928,85
2043,90
2055,90
1905,85
2042,89
1772,76
1648,73
1890,85
1820,82
1964,85
2043,90
1867,80
1812,81
2043,90
1921,84
1636,75
1904,84
1908,85
1876,86
1869,82
1940,83
1856,83
1988,89
2001,86
1784,82
1784,79
1816,81
2035,89
1778,79
1959,88
2043,90
1650,77
1752,80
1990,88
1599,73
1979,88
1718,76
1806,78
1810,81
1926,86
1995,88
1758,77
1703,76
1820,80
1775,80
1926,86
2043,90
1626,75
1854,80
1934,87
2045,90
1794,83
1617,75
1840,84
2041,90
1984,86
1764,80
1873,83
1544,71
1616,74
1853,85
1962,86
2047,90
1983,88
1790,82
2057,90
1972,86
2047,90
1773,80
2041,90
1819,79
1740,76
1957,86
1803,82
1950,86
2041,90
1947,85
2059,90
1995,88
2041,90
1875,83
2022,89
2041,90
1958,85
1888,83
2041,90
1664,76
1698,76
1935,84
2041,90
2041,90
1864,81
1846,82
1840,79
2045,90
1639,74
1949,88
2055,90
1872,82
1881,84
1919,85
1805,78
2041,90
1870,83
1934,86
1925,85
1964,88
1895,83
1697,78
1849,81
2041,90
1908,84
1917,84
2043,90
2041,90
1824,81
1817,80
1791,79
2051,90
1768,80
1881,83
2041,90
1992,87
1842,83
2043,90
2041,90
1792,81
1924,86
1813,80
1897,83
1884,83
2043,90
2011,88
1855,81
2014,86
2025,88
1779,78
2045,90
2041,90
2041,90
2033,88
1949,88
1870,82
1662,76
2040,88
1729,79
1889,85
1810,82
1778,78
1822,83
1795,83
1963,85
1575,70
1920,82
1753,78
1945,84
1951,83
2043,90
1782,80
1546,70
1935,84
2049,90
2045,90
2041,90
1792,81
1730,76
1995,87
2006,89
1448,68
2043,90
2045,90
1894,82
1858,84
1983,86
1984,87
2043,90
1739,78
1632,73
1900,84
1651,73
2043,90
1920,83
2041,90
1621,75
2041,90
1530,71
2041,90
1847,81
1812,82
1885,84
1689,77
1959,88
2009,87
1932,84
1835,82
1711,77
1627,74
2041,90
1783,80
1657,74
1737,76
2007,87
1590,73
2043,90
1988,86
2008,89
1788,81
2041,90
1901,82
1863,85
1868,83
1748,77
1782,80
2044,88
2041,90
2041,90
1830,79
1808,82
2041,90
1861,82
2045,90
1762,79
1774,78
1716,79
2041,90
1768,81
1870,82
1770,76
1568,71
2041,90
1948,85
1614,75
1548,72
2032,89
1722,78
1839,80
1731,77
2043,90
1799,77
1914,85
2050,88
1862,80
1923,85
1740,79
2015,88
1961,86
1800,80
1746,76
1980,86
2041,90
1887,84
2045,90
1941,86
1995,86
1876,84
1909,85
2036,89
2041,90
1840,81
1823,80
1756,79
2071,89
1843,82
1978,88
2037,88
1948,86
1986,86
1702,78
2006,88
1950,86
1909,85
2049,90
1963,87
2041,90
1844,82
1721,75
1762,78
2041,90
1840,82
1850,80
2057,90
1948,85
1992,88
1930,85
1818,81
1955,86
1867,84
1979,86
1863,83
1758,75
1828,81
1951,86
1758,80
1802,81
1990,86
1793,79
1808,77
1905,84
2041,90
1459,70
2041,90
1931,84
2020,88
1783,78
2041,90
1825,82
1797,79
1697,74
1814,80
1744,76
1930,83
2043,90
2041,90
2043,90
2041,90
2027,89
1904,84
1939,85
1813,79
1918,84
2057,90
1916,87
2012,86
2045,90
1779,78
1792,82
1980,88
1709,76
1937,87
2043,90
2041,90
2015,87
1779,78
1875,82
1951,85
2041,90
1978,88
2050,88
1795,78
1966,86
1960,85
1835,80
1819,81
2042,88
2006,88
2020,88
1937,85
2019,89
1608,72
2041,90
2043,90
1745,78
2041,90
1982,86
1806,80
2017,87
1805,80
2041,90
1769,81
2014,88
1876,82
2042,88
1798,79
1994,88
2013,87
1966,86
1871,83
1981,83
1821,82
2057,90
1860,80
1992,88
1939,84
2069,89
1642,74
1854,84
2045,90
1665,75
2057,90
1959,84
2041,90
2041,90
1906,85
2067,90
1833,79
1954,86
1734,76
2041,90
2041,90
1936,83
1712,74
2019,88
1965,84
2045,90
1554,73
2041,90
1727,77
1608,74
2047,90
2041,90
1713,76
2041,90
1730,76
2047,89
1805,81
2041,90
1827,83
2051,90
1827,81
1969,88
2014,88
1888,81
2043,90
1995,87
2016,89
1825,80
1789,79
2041,90
2041,90
2041,90
1761,79
1736,78
1808,81
1770,80
1926,83
1845,80
1845,83
1788,80
1849,84
2010,88
1870,85
1979,87
1991,86
1891,82
1723,76
1827,82
1978,86
2029,89
2041,90
1806,81
1818,79
1725,76
2041,89
2041,90
2014,88
1739,79
1799,81
1726,79
1884,84
2041,90
2009,88
1889,83
1953,85
1791,78
1932,87
2025,88
2041,90
1889,85
1918,85
2006,88
2029,89
1800,80
1561,71
1856,81
2041,90
1871,83
2041,90
1864,83
1755,80
2019,87
2041,90
2011,88
1649,75
1774,80
2073,89
1964,87
2041,90
1780,81
1967,85
2006,87
2043,90
1756,79
1725,76
1703,77
1984,87
2047,89
1890,83
1864,81
2043,90
1767,78
2041,90
1772,78
1940,84
1970,86
2041,90
1834,83
1849,81
2011,87
1900,83
1787,82
1959,86
2043,90
1780,79
1497,68
1962,84
2041,90
1867,83
1848,82
1797,80
1673,76
1750,78
1906,85
2041,90
1851,83
2024,87
1676,77
1989,87
2010,85
1796,82
1731,77
1650,75
2041,90
1933,84
2026,87
1949,88
1992,86
1591,73
2021,87
1730,78
2041,90
1990,88
1982,87
2041,90
2075,90
1716,76
1844,83
1960,86
1747,78
1875,82
1887,83
2041,90
2007,87
2041,90
2041,90
1647,74
2041,90
1848,82
2038,89
1838,80
1725,77
1652,76
2041,90
1864,83
1922,84
1815,81
1970,87
2041,90
2021,89
1567,73
1777,81
2045,90
2038,88
2012,88
1985,86
1992,88
2041,90
2041,90
2045,90
1823,80
1892,85
1952,86
1943,85
2041,90
1809,80
1905,83
1896,83
1908,84
2016,89
2034,89
1966,86
1895,84
1886,80
1916,83
1817,81
2026,87
1739,79
1854,83
1728,77
2032,88
1918,84
1645,75
1839,81
1912,82
1839,82
1947,83
2032,88
1988,88
2043,90
2075,90
1805,77
1962,85
1726,77
1800,81
1779,76
2041,90
1897,83
2043,90
1848,81
1757,75
2041,90
1754,77
1854,81
2055,90
1954,86
1774,81
1714,75
1852,82
1986,86
1890,82
1851,80
1895,83
2042,89
2043,90
2041,90
1772,78
2041,90
2049,88
1818,80
1786,77
2041,90
1628,72
1726,75
1737,78
1764,80
1994,87
1703,78
1845,81
1831,81
2029,89
1991,89
1899,83
1613,72
1934,84
2041,90
1775,81
2037,90
1977,85
1949,87
1889,81
1794,78
1779,79
1786,77
1771,78
1752,75
2008,89
1707,76
1919,85
1690,76
2065,89
1897,83
1715,77
1884,82
2059,90
1999,87
1878,81
2041,90
1820,81
2037,90
1919,85
2039,90
1995,86
1566,73
2011,87
1729,77
1804,80
1804,78
1773,79
2041,90
2037,90
2037,90
1995,85
1823,82
1929,84
1752,79
2043,90
1837,81
1835,80
2037,90
1720,76
1827,79
1638,71
2048,88
1762,79
1849,83
1838,81
1749,78
1715,78
1993,87
1974,87
1944,84
2041,90
1698,77
1700,77
2051,90
2018,88
1803,82
1670,77
2049,90
2037,90
1988,86
1953,84
1908,82
2029,88
1887,84
1812,78
1661,75
1754,78
1888,85
1963,87
1984,88
1975,87
1920,83
1984,88
1753,78
1910,86
1900,82
2037,90
1992,88
2007,87
1835,83
1820,81
1901,84
2006,88
2003,89
2039,90
2037,90
2037,90
2027,89
2004,89
2045,90
1942,86
1882,82
1876,84
1861,81
1773,79
1972,86
1915,83
1979,85
2008,87
1971,86
1869,83
1988,88
2037,90
1929,84
1888,82
1984,88
1682,75
2000,88
1812,81
2037,90
2069,90
2037,90
1884,84
1778,79
1909,83
1986,87
1936,84
1980,88
1812,81
2037,90
1954,85
1866,82
1530,70
1695,76
1827,82
2020,89
1775,80
1708,79
1684,75
1913,83
1799,80
1884,85
1976,87
1886,83
2067,89
1898,84
2039,90
1923,84
1849,80
1895,85
1964,87
2053,90
1697,76
1813,79
2037,90
1811,82
1815,80
1800,79
2024,88
1803,82
1725,78
1842,82
2041,90
1818,81
2022,89
2027,89
1876,81
1793,79
2027,89
1713,76
1742,76
1988,89
1877,83
2037,90
2043,89
2037,90
1994,87
1765,78
2034,89
1755,78
1662,75
1901,84
1798,78
1821,80
1874,83
1867,84
1984,85
1549,72
1794,78
2016,87
1715,76
1859,82
1749,77
2022,88
2010,85
1906,85
2008,88
1898,84
1859,81
1742,76
1830,83
1935,86
2005,87
2037,90
2037,90
1955,85
2009,87
1740,77
1840,82
2013,89
2037,90
1754,79
1996,87
1905,84
1779,79
2037,90
1702,75
1997,88
1645,74
1940,85
1973,86
2014,88
1682,76
2027,87
2022,89
1744,78
1627,75
2037,90
2035,89
2037,90
1815,77
1970,85
1875,85
1956,86
1773,80
2013,89
1794,80
1566,71
1990,88
1815,80
1790,80
2047,90
2037,90
1714,76
1789,79
1880,83
2009,88
1874,83
2037,90
1917,86
2023,88
1668,75
2018,87
2037,90
1788,77
2049,90
1986,86
1995,88
1754,79
1718,76
2023,89
2039,90
1849,81
1895,85
1766,80
2006,87
1868,83
2037,90
2065,90
1892,82
2004,87
1907,84
2072,87
2024,88
1937,83
1855,82
2080,90
1851,83
1980,88
1799,81
1791,79
2041,89
1998,87
1798,82
2037,90
2029,89
1856,80
1929,83
2003,88
1829,81
2037,90
1957,85
2037,90
2041,90
1980,88
1740,78
1854,81
1931,86
2037,90
1785,80
1907,84
1938,86
1957,87
2041,90
1475,67
2037,90
2037,90
2037,90
1810,81
1810,78
1939,86
1873,81
1999,87
1928,84
1539,71
1857,83
2027,89
1926,84
2037,89
2037,90
2037,90
2018,88
1910,81
1994,83
2037,90
1915,86
1919,83
1831,82
2017,88
2037,90
1788,78
1849,80
1923,84
1970,84
1972,88
2037,90
2032,89
1857,83
1843,81
2051,90
1868,82
2037,90
2001,87
1973,85
2084,89
2035,89
1821,82
1675,76
2037,90
1912,83
1716,77
2037,90
2037,90
1823,81
1999,87
1883,82
1982,87
1809,80
1669,75
2037,90
2041,89
2065,90
2037,90
1801,79
2037,90
1971,87
1705,76
1662,73
2039,89
2037,90
1866,84
1766,80
2037,90
1839,83
1665,76
1906,83
1873,84
1830,81
1971,86
1896,84
1871,81
2037,90
2004,87
2075,89
1832,81
1718,77
1684,75
2039,90
2002,89
1673,77
1897,85
1697,75
2057,90
1486,70
1947,83
1503,71
2037,90
2049,90
1790,79
1797,80
1737,79
1775,78
1947,85
1886,83
1996,86
2049,90
1749,77
2037,90
1788,79
1679,77
2041,89
1815,81
1761,79
1931,86
2037,90
1782,79
2057,90
2037,90
1930,85
1835,83
1860,84
2016,88
1726,77
1656,77
1605,74
1914,86
1870,85
1847,84
2057,90
1868,83
2009,86
2020,89
2037,90
1528,71
2055,90
1896,84
2041,89
1780,81
1685,76
1821,82
2037,90
1968,87
1948,85
2034,89
2037,90
1925,85
1972,88
2037,90
1940,86
2036,89
1666,74
2041,90
2024,89
2039,90
1747,81
2010,89
1666,75
2044,89
1988,86
2013,87
2043,90
1835,82
1788,79
1851,80
1719,78
1856,81
1712,78
1897,84
2010,88
2011,88
1821,79
1950,86
2037,90
2037,90
2037,90
1944,84
1743,79
2037,90
2008,89
1631,77
1931,85
2027,89
1666,77
1757,80
1997,87
2016,89
1780,82
2030,89
1925,84
1707,75
1869,82
1821,80
2037,90
2028,89
2037,90
1792,82
2042,89
2043,89
1838,82
2037,90
1905,84
1557,73
1784,79
1857,82
1702,76
2022,89
2041,90
2025,87
2036,89
2053,90
2037,90
1978,86
1697,75
1888,84
1915,85
1992,88
2037,90
2043,90
1672,75
2016,88
1941,85
1960,85
1942,86
2041,90
1652,75
1843,83
1958,86
1795,81
2001,88
1753,79
2000,88
1532,71
2037,90
1694,74
1666,77
2037,90
2060,90
1711,79
2037,90
1997,88
1960,87
2016,88
2037,90
1753,77
1871,84
1744,78
2037,90
1679,76
2039,89
1995,87
1986,88
2005,89
2012,89
1940,84
1995,88
2059,90
1870,84
1990,89
1851,80
1851,82
1986,88
2056,89
1732,78
2029,89
1775,80
1996,88
2019,88
1911,86
1917,84
1882,82
1792,79
1924,85
1885,83
1654,75
1799,80
1550,71
1921,84
1597,73
1995,88
1841,81
2037,90
2041,90
1879,82
1809,82
2037,90
2037,90
2037,90
1660,77
1758,81
2012,89
2012,89
2035,89
1844,82
1556,75
1837,81
1719,80
1674,76
1974,86
1739,75
1834,83
1800,81
2037,89
1740,79
2031,87
1670,76
2028,89
1958,85
1828,80
2053,90
1991,86
2037,90
1728,80
1985,87
1822,80
1962,84
2054,89
1953,86
2037,90
2049,90
2037,90
2037,90
1515,70
2034,89
2037,90
2016,89
1548,73
1876,82
1980,86
1734,75
2010,89
1658,76
1842,84
2024,89
1761,78
1746,80
2008,89
1815,83
1772,79
2037,90
1753,77
1857,82
2025,88
2037,90
2037,90
2037,90
2049,90
1910,83
1971,86
1901,84
2037,90
2029,89
1939,85
1959,86
1772,81
1790,80
2037,90
1578,71
1543,71
1712,77
2045,90
2037,90
1691,75
2008,89
2037,90
1855,84
2041,90
2037,90
2039,90
2037,89
1774,79
1757,79
1980,88
1569,71
1945,88
1967,86
1921,85
2037,90
2039,90
1977,88
2020,89
2037,90
1650,74
1989,88
1919,85
2040,88
1610,74
1978,87
2041,90
1968,86
1634,74
2010,89
1731,79
2037,90
1955,88
1983,87
2037,90
2035,89
1725,79
2010,89
1689,77
2043,90
2037,90
2037,90
1837,83
2051,90
1965,88
2037,90
1711,77
2039,90
1774,79
2053,90
1774,77
1914,85
2037,90
2037,90
1970,87
1953,85
2037,90
1989,88
1996,89
1705,78
1983,88
1693,76
1733,79
2039,90
1756,80
1776,79
1719,80
1985,88
2037,90
1599,74
1988,89
1556,72
1847,82
1788,80
1616,73
2037,90
1769,78
2039,90
2006,88
2037,90
1712,77
2020,89
2017,89
1699,77
1947,87
2051,90
1765,78
2018,89
2037,90
2004,86
2006,89
1690,78
2037,90
1972,88
2037,90
1865,82
2047,90
1976,87
1669,75
1782,80
1862,84
1655,77
1977,87
1999,89
1663,72
2030,88
1978,87
2022,89
2035,88
1922,84
1989,86
1879,83
1869,83
1917,84
2037,90
2006,89
2022,89
1960,86
1884,83
1917,85
1602,74
2008,89
1534,70
1686,74
1648,76
1996,86
1971,87
2041,90
2037,90
1940,84
1870,84
1654,76
1572,76
1789,82
1857,83
1663,77
1975,88
1968,87
1835,82
2037,90
2048,89
1521,72
1984,87
2049,90
2016,89
2020,88
1970,87
2037,90
1880,83
1872,82
1825,83
1998,86
2067,90
2012,89
2014,89
1992,89
2042,88
2008,88
2041,90
1729,75
2037,90
2037,90
1907,85
1733,79
1805,81
1625,73
2034,88
1986,88
1937,86
2039,90
1648,76
1669,77
2045,90
2007,89
1796,81
1928,84
2037,90
1961,86
1899,83
1799,81
2015,89
1671,76
2053,90
2041,90
2051,90
2061,90
1651,76
2009,87
1962,85
1949,86
2003,88
1999,89
2083,90
2041,90
1922,87
1946,85
1716,79
2039,90
1672,75
1787,78
1968,88
2037,90
2011,87
2047,90
2051,88
2049,90
2037,90
2046,89
1848,81
2037,90
1930,85
1625,77
2008,88
1842,82
1659,73
2037,90
2005,88
1597,76
2053,90
2053,90
1964,87
1844,81
2008,88
1929,85
1987,88
1782,80
2015,89
1735,78
1962,85
2037,90
1971,88
1993,88
1679,75
2001,86
1613,74
1977,86
2039,90
1986,89
1779,81
2037,90
2014,88
1671,76
1866,81
2033,90
1562,72
1931,84
1611,74
1763,82
1748,79
2016,88
2047,90
2045,90
1647,73
1982,89
1959,86
2037,90
1795,78
2008,89
2033,90
2034,88
1806,82
2035,89
1960,86
2037,89
2033,90
1908,83
1883,84
2001,86
2037,90
2029,87
2016,88
1999,87
2047,90
2005,87
2033,90
2041,90
2069,90
1697,77
1828,83
1896,83
2045,90
2030,89
1862,80
1758,77
2033,90
1899,85
2050,89
1856,82
1668,74
1611,75
2033,90
2043,90
1925,84
1881,83
1494,70
1864,83
1718,76
1900,82
2033,90
1809,81
1918,85
1697,76
1871,84
2013,89
1677,74
1897,84
2033,90
1938,85
1961,86
1791,82
1654,77
1920,86
1969,88
2067,88
1627,73
2045,90
2033,90
2033,89
2039,90
1910,85
1810,83
1982,89
1983,86
2037,90
1883,84
1650,78
1939,82
2033,90
1998,88
1796,81
1743,80
1732,77
1817,83
1892,80
2033,90
1647,76
1995,88
1946,84
1960,87
2033,90
2038,89
2022,88
1766,79
1642,76
1997,88
1701,79
1881,83
2033,90
1904,83
1780,81
2008,89
1722,77
2033,90
1910,84
1584,73
1983,88
2045,90
1694,77
2010,87
1762,82
1787,81
1990,87
2045,87
1720,81
1756,73
1902,82
2033,90
1994,88
2033,90
2003,88
1789,79
1934,87
1889,84
1716,77
1803,81
2041,89
1805,80
2033,90
2035,89
1613,75
1776,80
1891,82
2033,90
2037,90
1854,80
1772,77
2033,90
2043,90
1799,77
1983,87
2055,90
1933,86
1982,89
1792,80
1734,79
1741,80
2021,89
1884,82
1563,71
1989,85
1908,85
2035,89
1907,83
1994,87
2000,86
1911,86
2023,88
1914,84
2033,90
1986,89
1862,82
2030,89
2013,89
1844,83
1681,76
2039,90
1896,83
1824,83
1907,85
1614,74
2033,90
1962,86
1927,85
2037,90
1784,80
1704,77
2008,89
1600,73
1758,81
2035,90
1646,73
2035,90
1687,80
1824,83
2018,88
1800,81
1890,84
2012,89
1979,87
2009,89
1592,73
2064,89
1798,81
1996,88
2033,90
1785,81
2013,89
1834,84
1765,82
2033,90
1885,83
2035,90
2033,90
1944,86
1691,78
1972,88
2037,90
1963,85
2047,90
2009,89
1875,81
2045,90
1695,74
2043,90
1954,87
2018,88
2013,89
1935,86
1881,83
1731,80
1900,86
2003,86
2016,88
1601,74
1826,79
2007,89
2033,90
1815,79
1957,86
2024,89
1842,83
2033,90
2033,90
1942,85
1752,79
2041,90
2016,88
2008,89
2010,89
1790,80
1855,84
1748,81
2037,90
1908,81
1977,87
2022,88
2036,88
1712,76
2000,86
1784,79
2039,87
1783,80
1916,83
1963,86
2026,89
1896,82
2026,89
1820,82
2009,89
1700,74
1829,83
1794,82
1806,79
2033,90
1965,87
1980,86
1859,81
2016,88
1866,82
2033,90
1930,86
2033,90
1722,81
1792,81
1964,86
2033,90
1949,84
2033,90
2018,89
2008,89
1758,76
1774,79
1775,79
1847,84
1924,83
1767,79
2033,90
2035,90
1876,83
2008,89
1841,81
1696,76
1996,86
1959,85
1768,81
1986,86
1842,80
2033,90
2033,90
1934,84
2033,90
1643,74
1858,81
1936,85
2061,90
1604,72
1931,83
1979,87
1787,82
1947,84
1966,84
2033,90
1940,84
1836,83
1868,81
1841,81
2035,90
1720,77
2023,89
1668,76
1752,79
2021,87
1816,79
2033,90
1792,81
2035,90
1883,84
1920,84
2045,90
1692,75
1772,81
2039,90
2033,90
2043,90
2033,90
1860,83
1613,74
1814,81
2028,86
1964,86
2008,89
1866,83
1995,89
1643,74
1848,81
2033,90
1824,83
2000,88
2009,88
1943,85
1718,76
1643,74
1649,74
1844,83
1991,88
1783,80
1942,85
1737,79
1854,82
1866,82
1884,82
1994,87
1811,81
2047,90
1999,88
1999,85
1830,80
2033,90
1921,85
1859,83
2008,89
2033,90
1825,79
1808,81
1951,86
2033,90
2033,90
2043,90
2033,90
2024,89
1824,83
1836,79
1609,74
2060,89
2033,90
2017,87
2033,90
2033,90
1877,83
1986,86
2029,89
1868,81
2017,87
1690,74
1986,87
1583,74
2022,87
2039,88
2033,90
1814,80
2031,89
2012,88
1884,82
1674,73
1803,79
2033,90
1760,77
2001,89
2060,89
2033,90
1642,75
1847,81
1907,83
1809,78
2062,89
1770,77
1707,76
1880,84
1655,76
2008,88
2033,90
1752,80
1868,84
1783,79
1995,83
1986,87
2033,90
2060,89
1892,84
1798,79
1748,76
1943,84
1782,82
2041,90
1886,81
2043,90
1991,87
2024,89
2020,86
2040,87
1792,82
2033,90
2039,90
2001,87
2055,88
1699,78
1946,84
1836,83
2017,88
1922,86
2033,90
1782,82
1970,86
2033,90
1939,87
1937,82
1746,78
1964,86
2033,90
1822,83
2009,89
2020,89
1925,86
2041,90
1954,84
1802,81
1964,87
1906,82
1545,70
2033,90
2061,90
2033,90
1940,83
1958,82
1950,87
1944,85
1744,76
1844,82
2033,90
1967,87
1776,81
2040,88
2067,89
2012,89
2019,87
2012,89
1570,72
1590,73
1811,79
1578,73
1832,78
1901,85
1816,81
1714,77
1966,85
2033,90
1706,76
1877,82
1826,81
1827,83
2033,90
1929,84
1782,80
2033,90
1937,84
2033,90
1960,87
1745,79
1999,89
2012,88
1757,80
1722,75
1963,86
2033,90
1976,87
2063,90
2033,90
2033,88
1902,84
1857,79
1672,78
2017,89
2033,90
2006,86
1879,83
1860,82
1933,85
2033,90
1845,83
1793,78
1971,86
2035,90
2035,90
2068,89
1870,84
2033,90
1946,86
1994,88
2041,90
1902,84
1747,78
2013,87
1689,76
1710,76
1897,84
2051,88
1623,74
1753,80
2063,90
1828,80
2033,90
2050,88
1882,84
2010,89
1952,84
2033,90
2033,90
2041,90
1805,79
2019,87
2033,90
1944,85
1990,88
2019,88
2008,88
2007,87
1846,78
1661,76
1884,83
1983,87
1744,79
1841,78
1802,79
1739,80
1873,79
1812,79
1950,84
2040,89
2033,90
2033,90
1955,87
2003,87
2004,89
2030,89
1935,85
1737,80
1709,76
2033,90
1775,79
2033,90
1715,77
1979,87
1930,84
2022,89
2072,89
1749,78
1955,85
1617,73
1775,79
2039,90
2033,90
2049,90
1982,89
1800,82
1973,86
2033,90
1947,87
2037,89
1853,81
1565,72
1891,85
2046,89
1616,71
1744,79
1675,73
1963,88
2033,89
1570,72
1876,83
1929,82
2043,90
1661,75
2045,90
1637,75
2028,88
1900,85
2035,90
1866,81
1677,76
2033,90
2037,90
2045,90
2058,89
2033,90
1745,77
1546,72
1943,86
1845,82
1835,83
1875,82
1915,82
1787,81
2015,88
2006,88
2024,89
1581,70
1995,87
1901,83
2029,89
2015,88
1879,83
2047,90
1846,80
1976,88
1882,83
1778,81
1628,72
1757,78
2033,90
2035,90
2023,89
2033,90
1934,86
1774,79
2033,90
1813,78
1689,76
1912,83
2055,90
1950,84
2039,88
2035,90
1992,88
1867,81
1718,76
1664,76
1893,80
1707,76
2011,88
1742,79
2015,88
2024,88
2019,89
1973,86
1934,86
2012,87
2033,90
1840,82
2005,89
1982,89
1690,76
1828,80
1788,79
2049,90
1973,86
2033,90
1994,89
1913,82
2013,88
1821,81
1940,86
2033,90
1758,81
2043,90
1881,80
1682,75
2010,88
2033,90
1976,86
1858,81
2033,90
1692,76
1965,86
1718,77
2041,90
1957,84
2033,90
1968,88
1785,78
2071,90
1710,77
1998,87
1978,88
1982,88
1820,79
1800,82
1770,80
2026,89
1822,81
1758,81
2033,90
2035,90
2037,90
1962,87
1946,86
1913,86
2014,87
1929,86
1802,79
1940,86
2003,87
1618,74
2033,90
1755,81
2041,89
1730,78
2045,90
1856,81
1841,79
2025,89
2033,90
1771,79
1910,84
2014,89
1970,86
2033,90
2037,90
1732,77
2032,89
2013,89
2027,88
1896,83
1895,84
1996,87
1986,87
1987,87
2051,90
1775,80
1724,77
1970,86
1633,75
2049,90
2025,89
1663,75
2033,90
1668,76
1766,79
2033,90
1616,74
2033,90
1681,75
1758,78
1832,82
1657,75
1718,78
1666,75
1918,84
1718,77
2039,89
2033,90
1964,85
1744,79
1718,77
2033,90
1905,84
2035,90
1772,80
1727,76
1572,73
1952,87
2033,90
1982,86
1997,89
1799,79
2003,87
1804,81
2027,89
1714,76
1511,69
1909,85
2033,90
2015,89
2001,88
2022,88
1801,79
2015,89
1921,85
2027,88
1901,82
1982,89
1625,70
1980,85
1982,89
1981,87
1795,80
1822,80
2013,89
1967,84
1796,81
1887,82
1892,83
2035,90
2033,90
1919,85
2033,90
2033,90
1653,75
2018,89
1770,77
2033,90
1779,78
1888,85
1666,75
2018,88
1681,74
2039,90
2003,89
1799,79
2033,90
1976,86
2041,90
2033,90
1853,81
1721,76
2033,90
1868,83
1913,84
2041,88
1934,84
1773,81
2067,89
1949,85
2037,90
1816,81
1655,75
2069,90
2047,90
2011,88
1728,79
2033,90
1674,76
1954,87
2036,88
2005,88
1658,75
1831,80
2060,89
1688,78
1803,80
1705,77
2049,90
2049,90
2023,89
1964,86
2008,88
1679,75
1960,85
2033,90
2033,90
2009,88
1980,88
1840,81
1921,85
1592,72
1879,83
1798,79
1984,86
1980,86
1926,86
1823,79
1744,78
1884,81
2033,90
1971,86
1886,85
2037,90
2075,90
1883,84
1802,82
1678,77
2022,89
2073,90
2033,90
2055,90
1877,81
1812,79
2035,90
1810,83
1942,84
2025,89
1800,82
1362,65
1906,84
1978,88
1995,89
2029,89
2057,90
1935,85
1884,84
2025,89
2002,88
1952,86
2033,90
2033,90
2031,87
1704,77
1952,87
2037,90
2033,90
2033,90
1847,80
2033,90
1674,76
1682,77
2035,90
2033,90
1983,88
1862,82
2035,90
1938,85
1646,76
1704,78
1844,81
1838,80
2030,88
1880,80
1871,82
1699,77
1910,81
1972,88
2051,90
2039,90
1831,82
1672,74
2033,90
1603,72
2033,90
1915,82
1695,76
2010,88
1980,88
1902,84
2045,90
2041,90
1973,84
2033,90
1975,88
2047,90
1907,85
2035,90
2005,86
1955,87
1577,74
2035,90
2033,90
2021,89
2031,89
1864,83
1819,82
2033,90
1825,78
1891,84
1765,81
2029,90
1945,86
1677,78
1728,77
2035,90
2036,89
1663,75
2029,90
2011,89
1815,81
2043,90
1952,84
1931,85
1792,80
1890,82
1875,82
1801,81
1778,81
2038,89
1971,86
1859,82
1841,81
2016,89
2029,90
2039,90
1734,76
1914,84
2022,89
1980,88
2039,90
1956,86
2029,90
1724,77
1866,81
2029,90
1820,79
2029,90
2029,90
2031,90
2021,88
2030,89
1871,83
2029,90
2025,89
2047,89
2020,89
1887,85
1834,83
1733,77
1994,87
2001,88
1909,85
1826,81
2029,90
2038,90
1987,88
1725,79
1913,85
1942,86
1885,84
1934,85
1913,85
1936,85
1888,82
2037,90
2029,90
1889,83
1885,84
1993,89
1630,76
2041,90
2029,90
1947,87
2035,90
1757,80
1989,88
2005,87
2037,90
1609,73
2006,89
2029,90
1896,84
2000,88
1999,87
1966,85
1720,80
2015,88
1999,88
1730,75
1963,86
1977,87
1678,77
1795,82
2029,90
1853,79
1867,84
1933,84
2029,90
1642,75
1872,82
1773,79
1690,76
2049,89
1838,80
1998,87
1838,80
1900,80
2029,90
1618,74
1758,81
1944,86
1857,83
1821,79
1960,86
1740,77
1860,82
1870,83
1882,82
1914,84
2029,90
2031,90
1729,79
1987,89
1830,80
2029,90
1975,87
1930,86
1929,85
1793,82
1985,88
2035,90
1757,80
1915,81
1790,80
2035,90
2029,90
2029,90
1893,84
1819,80
1878,84
1694,77
1812,82
1742,79
2029,90
1878,81
1976,86
1856,84
1714,77
1985,89
2032,89
1644,75
1951,86
1798,81
1989,89
1919,85
1891,84
1651,75
2023,89
2031,90
1873,85
2037,90
1841,82
1929,86
1535,71
1603,73
1662,77
1755,79
2031,90
2021,89
1875,82
2019,89
1774,79
1723,78
2069,90
1780,80
2031,90
2043,90
1965,86
1879,83
2029,90
1809,83
2029,90
2025,89
1909,86
1891,82
1814,79
1824,79
1574,73
1943,87
2029,90
1901,84
1790,77
1681,74
1761,80
2029,90
1967,87
1905,83
1806,81
1613,72
1811,82
1731,78
2029,88
2026,89
1962,88
2037,90
1853,82
2029,90
2029,90
1798,80
1963,86
2029,90
1693,79
1910,85
2031,90
1957,86
1768,80
1775,79
2005,89
1830,83
2029,90
1965,85
1733,78
1974,88
1752,77
1775,80
2006,88
1757,79
2022,87
1737,77
1946,86
1923,86
1965,86
1953,86
1802,81
2029,90
2029,90
1975,88
1850,82
2031,90
1926,86
1882,81
2029,90
1881,85
2035,90
2041,90
1956,87
1724,79
1915,86
1988,87
1945,87
1941,86
1921,84
2035,86
1943,85
1898,86
1750,81
2033,90
1850,82
2029,90
2035,90
2031,90
2029,90
2033,90
2047,90
1779,81
1932,86
1927,85
2037,89
2031,90
1809,81
2006,88
1718,77
2029,90
1912,86
2037,90
2028,89
1988,87
1546,71
2037,90
2023,89
1943,83
1879,82
1916,85
2029,90
2013,89
1989,84
1739,80
1894,83
2003,87
2067,90
1676,76
2031,89
1779,79
2029,90
2018,89
1940,88
1876,83
2031,90
1682,74
1802,81
2008,89
2029,90
1972,89
1898,84
1990,88
2029,90
1700,75
1985,89
1838,81
2016,89
1879,84
1692,78
2029,90
2029,90
2010,88
1968,87
1804,82
1703,78
2029,90
1829,84
2021,88
2039,90
2029,90
1998,88
2043,89
1755,81
1856,82
2029,90
1704,78
1799,81
1929,85
1803,81
2029,90
1985,88
2017,88
2029,90
1874,81
2037,90
1845,80
1967,88
1974,87
1937,85
2029,90
1977,88
2029,90
1882,84
2000,88
1827,82
1756,80
1981,86
2015,88
2009,88
1622,73
1878,83
1915,86
1742,79
1951,87
1860,85
2029,90
1955,87
1848,81
1856,82
2029,90
1982,88
1981,86
2044,88
1799,78
1551,70
1994,88
1791,81
1966,87
2029,90
1846,83
1852,82
2043,90
1726,78
2031,90
1604,76
2029,90
1872,84
1710,73
1970,88
2029,90
1712,79
1991,89
1809,81
1797,82
2029,90
1998,88
2024,89
2029,90
1777,77
1883,85
1796,83
1589,72
2029,90
1754,76
1810,82
1581,69
2055,90
2029,90
2035,90
1875,84
1888,85
2012,88
2029,90
2033,90
1792,79
1822,82
1969,85
1905,84
1647,76
1769,81
1739,80
1721,78
2026,88
1860,82
1703,74
2031,90
1994,89
1591,72
2041,90
1746,77
1748,79
1963,85
1637,74
1983,88
1933,86
2033,90
2029,89
1709,77
1998,87
1994,89
1966,88
1942,87
1604,71
1789,80
1852,84
1859,81
2033,90
2012,88
1849,82
2015,88
1731,77
1915,86
1759,76
1723,78
1983,89
2029,90
2010,89
2038,89
2034,89
1852,83
1934,85
2035,90
2031,90
1677,74
1905,82
1802,81
1902,85
2033,90
2029,90
1943,87
1750,78
1598,74
1771,79
1637,73
2006,89
1881,84
2029,90
1815,83
1871,84
1942,87
1595,74
2039,90
1685,76
2029,90
1801,83
2029,90
2029,90
1941,86
2033,90
1981,87
1809,82
2029,90
1843,83
1718,79
1949,87
1883,80
2029,90
1937,85
2041,90
2036,89
2029,90
2030,89
1813,79
1613,73
2026,89
1884,83
2033,90
2035,90
1949,87
1757,77
1802,83
2048,90
2035,90
2029,90
1960,85
1947,86
2029,90
1798,79
1970,88
1764,81
1987,87
1756,78
1951,87
1958,87
1709,77
2029,90
2029,90
1995,89
1725,77
1978,88
2029,90
2019,89
2046,89
2029,90
1899,85
1898,85
1899,85
1779,78
1868,82
1983,87
1824,81
1742,79
1739,78
1813,81
1988,89
2029,90
1788,79
1676,78
1696,77
1711,77
1904,83
1678,75
1729,78
2006,89
1876,83
1851,82
2029,90
1913,84
1685,75
1845,85
1582,72
1856,83
2017,89
1823,82
1693,76
1993,89
2007,89
1941,87
1748,78
2029,90
1879,83
1916,83
1981,88
2029,90
1771,76
1607,72
2022,88
1819,80
2029,90
1986,89
1730,77
1802,80
2017,89
1928,84
1938,87
1875,84
2029,90
2052,90
2031,87
1763,80
2009,88
1808,82
2029,90
1943,87
2029,90
2029,90
1761,77
1662,74
1863,84
1940,87
1593,72
1816,83
1886,84
1982,89
2029,90
1953,85
2029,90
2029,90
2002,88
1809,78
1709,75
2029,90
1956,88
1743,79
1992,87
1990,89
1745,77
1818,81
1887,84
2010,89
1952,87
1976,88
1956,87
1742,79
1957,86
2029,90
1809,81
1945,84
2023,88
1925,84
1683,78
1539,69
1981,88
1586,72
1852,81
1809,82
1877,84
1908,83
1951,84
2029,90
1793,82
1902,85
1835,80
2031,90
1942,87
1834,83
1929,87
1934,87
1975,87
1806,81
1784,79
1828,80
1947,86
1747,77
2043,89
1832,83
2029,90
2029,90
1905,86
1810,80
1936,87
2029,90
1990,89
2033,90
2029,90
2047,90
2029,89
1834,83
2029,90
1977,87
2010,89
2029,90
1707,77
1844,83
1926,87
2005,87
1995,89
1923,85
1873,84
1762,76
1984,88
1837,81
1877,84
1990,88
2036,89
1993,88
1957,87
2053,90
1864,81
1937,87
1712,77
1820,81
1630,73
1938,86
1989,87
1558,72
1791,79
1863,81
2001,88
1709,75
1876,83
1952,87
2024,88
1935,87
2033,90
2031,90
1777,78
1868,83
1782,79
1888,81
1951,84
1934,87
2010,89
2029,90
1958,86
2029,90
1742,79
1887,83
2029,90
2034,89
1687,76
1853,84
2049,90
1625,76
1773,78
2001,88
1776,81
2029,90
1860,83
1962,86
1791,79
1888,83
1899,83
2031,90
1993,89
1928,84
2029,87
1931,85
2039,90
1859,84
1701,78
1931,86
2029,90
1968,86
1984,86
1994,88
2006,89
2028,89
1830,81
1808,81
1776,78
1921,83
1954,85
1824,84
1986,89
2007,88
1879,84
2055,89
1996,88
2029,90
2029,90
2029,89
1880,83
2038,89
1970,88
1999,88
2029,90
1755,78
1973,85
1575,73
1991,89
1983,89
1785,80
1986,89
2031,90
1780,81
1710,77
1734,77
1954,86
1951,87
2009,88
1855,82
1954,86
2015,89
2029,90
1971,85
1760,78
1858,83
1642,74
1989,89
1815,80
1705,78
2029,90
2034,89
1894,82
2037,90
1889,85
2047,90
1927,84
1946,87
1836,80
1923,84
1676,76
2029,90
1793,80
1915,83
1691,76
1912,86
2001,88
1941,85
1793,81
1915,82
2029,90
1588,73
1864,81
1799,79
1838,81
2045,90
1815,79
1839,82
1798,77
2029,90
1982,89
1745,77
1692,76
1745,78
1686,76
2025,90
1898,86
1943,83
1884,84
2010,88
1673,75
1807,79
2029,90
1966,87
2016,89
2025,90
1954,87
1771,80
1760,77
1974,87
1700,75
2040,87
1693,75
2035,90
2025,90
2037,90
1907,84
2025,90
2025,90
2025,90
2016,89
1895,85
2025,90
2035,90
1858,82
1647,76
2029,90
2011,89
1991,88
1839,82
1970,87
2024,89
2025,90
1656,74
1749,78
1791,80
1918,84
1657,75
1987,88
1686,77
1652,75
1894,84
1794,79
1935,84
2025,90
2015,89
1745,77
2021,88
1958,86
1620,74
1872,82
1863,83
1698,75
2016,89
1834,82
1760,79
2025,90
1614,74
1890,84
2025,90
2023,88
1987,89
2013,89
1847,81
2027,90
2003,88
2025,90
2025,90
1735,78
1961,88
1693,76
1986,88
1888,82
1661,76
2025,90
2027,90
1722,80
2031,90
1837,83
1568,71
1935,86
2035,90
2038,89
1987,87
1625,75
1870,83
1619,74
1697,75
2029,90
2025,90
1932,83
2009,89
1720,78
1833,80
1900,83
1709,77
1932,87
1976,86
1897,84
1688,76
1638,74
1899,84
1964,86
1714,76
1909,85
2025,90
1897,84
1696,78
1986,87
1961,88
2025,90
1676,77
1809,82
1872,81
1808,81
1918,85
2008,89
2025,90
1782,81
2033,90
2025,90
1805,81
1972,87
1825,81
1897,84
1962,86
1726,76
1725,77
1988,87
2003,88
1716,77
2029,90
1833,81
2026,89
1746,75
1960,85
1687,74
1883,82
1842,83
1724,77
1952,82
2004,89
1848,83
2006,89
2045,90
1616,72
1679,75
1767,78
1945,87
2010,88
1881,84
2025,90
1931,86
1628,72
1952,85
1743,80
1657,74
2006,89
2029,88
1924,86
1987,87
1746,79
2038,88
1986,86
1963,88
1844,81
1857,85
1985,89
1929,85
2025,90
2025,90
1788,82
1850,79
1990,88
1810,81
2027,90
1711,78
1914,84
1944,85
1976,87
1955,88
1680,74
1723,76
1987,87
1770,78
2019,89
1670,76
1863,81
1851,83
1975,88
1923,85
2025,90
2025,90
1668,76
1735,77
1980,88
1644,75
1912,85
2025,90
2017,88
1997,87
1714,77
1792,79
1936,85
1825,81
2002,89
1748,78
1936,85
1756,79
1841,82
1837,82
1840,83
2025,90
2025,90
1866,83
1904,85
2030,89
2010,88
2020,89
2015,89
2004,88
1923,87
1787,79
1814,80
1986,87
1851,84
2025,90
1913,86
2010,89
1709,77
2025,90
2025,90
1961,88
2055,90
1909,82
2025,90
2027,90
1762,79
1879,83
1775,80
1739,78
1824,82
1948,86
1955,85
2027,90
1990,88
1609,73
1791,81
1801,81
1741,79
2009,89
1797,79
1934,85
1675,77
1781,78
2025,90
1677,72
1736,80
1859,82
2002,88
1682,77
1985,89
1798,81
1919,85
1876,83
2025,90
1804,81
1659,75
2025,90
1937,87
1754,77
1934,85
1869,81
2033,90
1801,81
2025,90
1823,81
2025,90
1866,83
1902,84
1740,79
2043,90
2025,90
1809,81
1881,83
1906,85
2024,89
1992,88
1789,80
1843,81
2029,90
1974,87
1872,85
1718,78
2008,89
1988,86
1754,79
1946,86
2037,90
1592,72
1849,80
2025,90
2031,90
2025,90
2033,90
2025,90
2014,89
1712,75
1995,87
2011,89
1780,81
1872,85
1807,81
1636,75
1880,84
2025,90
1987,87
1988,87
1842,81
2025,88
2054,89
2025,90
2025,90
1813,82
1953,87
1984,88
1786,80
1937,85
1771,80
1658,74
1476,67
2001,89
1846,83
2004,88
1947,87
1557,72
1861,82
1970,85
1904,85
1789,79
2045,89
2022,88
1875,84
1885,81
1668,74
1859,83
1969,88
1990,88
1582,73
2023,90
1892,84
2027,90
1875,83
1656,77
1659,74
1736,80
1746,77
1705,77
1685,76
1799,80
2023,90
2041,90
1823,82
2023,90
1999,87
2021,90
2035,90
1588,72
2007,89
1779,81
2044,89
1838,81
1834,84
1826,81
2011,89
2031,90
1976,88
1955,86
1932,83
2060,90
1803,82
1943,87
1879,86
1944,87
1724,76
1935,85
1887,85
2005,88
1946,84
1782,81
1830,82
1826,83
2021,90
2007,89
1972,86
1906,86
2021,90
1899,84
1875,84
2021,90
2047,90
1773,81
1914,86
2001,89
2035,90
2021,90
1846,83
1925,85
2021,90
1861,85
2021,90
1906,87
1984,88
1668,75
1856,83
1620,73
1933,84
2011,89
2021,90
1778,79
1743,77
1941,85
1897,84
2021,90
2033,90
1944,87
2027,90
1682,75
1854,84
1849,81
1950,84
2001,89
1999,89
1907,85
2029,90
1812,81
1916,84
2023,90
2021,90
1997,89
1897,84
1975,84
1820,82
1776,81
2039,90
1966,85
1815,81
1665,74
1817,80
1880,84
2021,90
1718,76
1718,76
1861,82
2005,89
1854,79
1860,83
2021,90
2021,90
1813,83
1823,79
1775,81
1851,82
1997,88
1981,86
2005,89
1938,85
2023,90
1944,86
1886,84
1957,88
1871,83
1828,79
2008,89
1657,74
2023,90
1823,82
2002,89
1717,78
1998,88
2021,90
1842,83
2023,90
1733,79
1767,80
2004,89
2021,90
1987,88
1752,79
2021,90
2030,89
2021,90
2021,90
1814,82
1906,86
1991,87
2006,89
2021,90
1891,83
1800,80
2021,90
1884,83
1691,77
1853,81
1768,80
1820,82
1857,82
1986,86
1608,74
1827,82
1858,83
2025,90
2021,90
2017,89
1846,82
1657,75
1807,82
2014,89
1840,83
1729,78
2014,89
1788,80
2025,89
2037,90
1976,88
1940,88
2002,89
2021,90
1854,82
1891,84
1484,67
2021,90
1746,78
1829,81
1987,87
1860,83
1787,81
1673,74
1716,79
2024,89
1911,86
2002,89
1856,83
1691,77
1962,87
1763,79
1754,81
1819,82
1811,79
1974,88
1646,74
2002,89
1851,82
1820,82
2051,90
1824,84
2021,90
1884,82
1821,80
1763,80
1929,84
2021,90
1899,85
2031,90
1673,76
1944,88
1930,87
1936,86
1876,84
1995,88
1387,65
1954,86
1856,83
1945,85
1760,81
1855,85
1974,89
1638,70
2021,90
1937,85
1928,87
1735,77
1646,74
1904,86
1744,78
1938,88
1658,72
1888,82
2021,90
1927,84
1990,87
1943,87
2023,90
1985,88
1766,81
1853,81
1978,89
2023,90
1555,71
2025,90
2021,90
1694,75
1731,77
1829,81
1994,85
2009,89
1931,87
1748,78
1712,79
1991,87
1997,89
1950,87
2021,90
2029,90
2028,90
2033,90
1896,85
2025,90
2023,90
1985,88
2031,90
1967,86
2005,89
2021,90
1967,83
2021,90
1646,73
2021,90
1806,83
2039,90
2020,89
2035,90
1825,80
1709,74
1554,69
1969,87
1806,80
1839,83
2021,90
1852,83
2030,89
1877,84
1937,85
2021,90
1688,76
1730,77
1748,78
1953,88
1607,72
1910,84
1891,86
1746,80
1975,86
1509,68
1864,83
1965,88
1693,77
1968,86
1843,84
1883,78
1988,87
1971,87
2021,90
2021,90
1772,83
2021,90
2021,90
1931,85
1604,73
2021,90
2021,90
2002,89
2023,90
1868,83
1733,80
1842,83
2021,90
2013,89
1955,87
1982,88
2043,90
2013,88
1772,78
1767,80
2021,90
1842,81
2012,89
2021,90
1878,85
1970,88
1946,86
2031,90
1641,77
2021,90
1971,87
1636,75
1666,75
1854,85
1566,69
2031,90
1688,74
1988,88
1732,79
1997,89
1827,83
2029,89
1744,79
1972,88
1827,81
1784,80
1847,82
1712,78
2012,89
1796,82
1972,86
2011,89
1491,70
2016,88
1977,88
2013,89
1712,79
1740,79
1970,88
1545,73
2021,90
2021,90
2021,90
1940,87
2021,90
1709,80
1976,88
2021,90
1790,80
1702,76
1837,84
1703,78
1660,74
1987,84
1588,74
2021,90
1779,80
2023,90
2033,90
1770,80
1847,84
2021,90
1791,79
2023,90
2021,90
2013,88
1998,88
1877,86
1993,87
2027,90
1799,78
2023,89
1988,88
2003,88
1983,88
2004,89
2018,89
2021,88
1970,88
1897,82
2021,90
1620,72
1959,87
2057,90
1717,79
1887,79
2029,90
1997,88
1907,86
1772,81
1891,83
2012,87
1691,73
1939,86
2029,90
1837,83
1716,79
1941,86
1743,78
1973,87
1976,87
2019,89
1963,87
1949,86
1835,81
1984,88
2011,88
1884,84
1692,75
1918,86
1794,80
1564,73
1964,88
1837,81
1984,88
1955,85
2014,89
2021,90
1985,89
1768,77
2021,90
2021,90
1578,72
1884,85
2002,89
1934,85
1704,74
2033,90
1728,77
2028,89
2021,90
1812,82
1699,76
1949,86
2027,89
2021,90
2008,89
1978,88
1821,84
2025,90
1749,78
2021,90
1785,80
1855,83
1723,77
2027,90
1990,88
2011,88
1883,82
1998,88
1811,84
1883,81
1653,74
1840,84
1948,86
1692,75
2021,90
1742,78
1844,82
1951,86
1772,78
2037,90
1697,75
1985,89
1754,78
1748,79
2021,90
1970,88
2021,90
1553,70
1853,82
1790,81
1670,77
1637,76
1765,79
2002,88
1715,79
2029,90
2027,90
1655,74
1869,83
1756,81
1535,69
1790,81
1999,89
1770,80
1835,81
1781,77
1744,80
2021,90
2021,90
1871,83
1960,86
1692,77
2021,90
1966,88
2025,90
2021,90
2021,90
1802,83
1813,82
2003,88
1617,76
1949,86
1518,70
2019,89
1782,76
1883,85
2016,88
1799,81
1683,76
1929,86
1831,80
1698,78
1684,78
1594,73
1966,87
1726,76
1845,85
1901,85
2021,90
1749,80
2025,90
1931,86
1820,82
2029,90
2027,90
1799,81
1860,83
1943,85
1977,88
2014,87
1787,82
1899,84
1775,80
2021,90
1790,80
2023,90
2013,89
1880,84
1679,74
2021,90
2025,89
1916,86
1740,77
2021,90
1962,88
2021,90
1935,86
2029,90
1743,79
1963,88
1913,85
2010,88
1805,79
2000,89
2021,90
1998,88
1851,80
2021,90
1861,85
1801,79
2021,90
1764,80
1925,83
1959,85
1862,84
1830,80
1652,74
1988,89
2021,90
2021,90
1793,79
1855,80
1783,80
1473,68
1814,80
1913,85
1775,82
1999,89
2025,90
2023,90
2027,90
1858,82
2027,90
1730,77
2018,88
2021,90
2012,89
1755,78
1822,81
1796,80
1970,86
1807,80
2021,90
1899,85
1722,76
1831,80
2027,90
1813,82
1722,78
2021,90
1808,80
1755,82
1870,83
1977,89
2012,89
1998,89
1806,81
2021,90
1998,88
1888,86
1495,68
2021,90
1792,81
1961,87
1887,85
1877,82
1997,88
1807,80
1991,86
1752,78
1791,79
2023,90
1711,76
1969,87
1473,68
2021,90
2027,90
1929,86
1874,82
1982,88
1985,89
1919,87
1789,79
1898,85
2021,90
1632,70
2004,89
1807,83
1724,80
1819,83
1976,88
2021,90
1731,78
1978,87
1966,85
1968,86
2033,90
1838,82
1725,77
1891,84
1745,78
2021,90
2002,88
1992,88
2027,90
1933,85
1941,87
2030,89
2008,89
1787,81
1613,74
2027,90
2027,90
1946,86
2021,90
1898,85
2025,90
2002,89
1647,74
1984,89
1978,88
1709,75
1859,85
1992,88
1588,69
1879,83
2027,90
1935,85
1839,82
2021,90
2021,90
1810,79
1968,86
1789,80
1891,84
2039,90
1795,79
1985,89
2021,90
1922,85
1979,87
2012,89
2033,90
1747,76
2020,89
2023,89
1706,77
1971,87
1682,77
1960,88
2008,89
2023,90
1762,79
1821,82
1854,82
2027,90
1990,88
1783,80
1974,87
2021,90
1991,88
1837,83
2026,88
1814,81
1835,79
1973,87
1962,88
1879,84
1793,79
1906,86
1960,88
1906,85
1826,81
2021,90
2027,90
2021,90
1470,67
2021,90
1960,86
1790,81
2027,90
1985,89
1734,75
2021,90
2021,90
1856,83
2005,88
1836,81
1799,80
1928,84
2005,87
2021,90
1942,86
1989,88
1509,71
1735,78
2023,89
1675,75
1968,86
1623,73
1725,80
1826,83
2021,90
2029,90
2041,90
1653,75
1703,75
1984,89
1766,81
1853,80
2021,90
1845,82
2021,90
1787,80
1765,80
1892,80
1817,80
1959,84
1971,88
1775,80
1820,82
1764,78
1978,88
2010,89
2021,90
2021,90
1984,86
1752,81
1805,82
1997,89
2021,90
1790,81
2021,90
1885,82
2021,90
2010,89
1927,86
2051,90
1829,81
1802,81
2023,90
1747,79
1952,87
2023,90
1884,83
1991,89
1798,79
1797,81
1793,76
1920,86
1726,75
2022,89
1737,78
1745,77
1891,81
1943,86
1924,85
1843,83
1972,86
2028,89
1998,88
2043,90
1640,75
1789,81
1541,72
1919,85
1966,86
2021,90
1774,79
1670,74
1986,88
1970,88
1895,86
1990,88
1913,86
2021,90
1869,82
1920,85
1937,86
1708,74
1774,78
1953,87
1690,77
1961,88
1663,75
2035,90
1844,82
1664,77
1996,88
1804,78
2004,88
1906,86
1840,81
1646,75
1892,85
1888,82
1941,84
2043,90
1841,79
1783,79
2021,90
1599,73
1815,80
1929,82
1941,87
2021,90
1978,86
2021,90
1837,81
1718,77
1808,81
1860,83
1821,80
1694,76
1640,75
1809,80
1979,85
1736,79
1888,83
1922,86
1700,76
1915,85
1795,79
1783,78
1940,87
2021,90
1675,76
1999,88
1754,79
1777,80
1681,75
1700,77
2021,90
1787,80
1972,87
1826,83
1899,84
1739,80
2030,89
1952,87
2021,90
1700,77
1732,76
1741,79
2021,90
1667,74
1937,85
2017,89
2059,90
1809,78
2000,88
1822,79
1640,74
1985,89
2021,88
1693,79
1824,81
1664,77
2021,90
1947,85
2020,89
2004,88
2037,90
1920,81
1777,80
1964,86
2032,88
2021,90
1890,84
1763,79
1882,83
2018,88
1786,81
1961,84
1778,80
2041,90
2037,90
2023,90
2001,88
1744,78
1993,88
2009,87
2041,88
1694,76
1658,73
1984,89
1897,83
2019,89
1717,77
2021,90
2021,90
2027,90
1684,76
1933,84
1917,84
2021,90
2014,89
2012,89
1782,78
2046,89
1768,79
1832,81
2008,88
2021,90
2040,89
1960,87
2045,90
2005,87
2021,90
1782,78
2014,89
2027,90
2044,89
2021,90
2040,89
1860,83
1984,89
2021,90
1960,87
1884,84
1950,87
1968,86
1650,73
2010,89
2037,90
1956,86
1813,80
1975,87
1947,86
2021,90
1832,82
1784,80
2039,90
1826,80
1982,86
2042,88
1998,89
2021,90
2023,89
1727,79
1701,78
1840,80
1754,78
2021,90
1790,78
1682,76
2000,88
2021,90
2019,88
1839,82
2000,88
1783,80
2035,90
1774,78
1884,84
1727,79
2042,88
1822,81
1972,83
2018,88
2031,90
1749,79
1844,83
1997,87
1836,80
1780,79
1738,76
1835,80
2023,90
1992,88
1963,87
1713,74
1874,82
1968,86
1757,76
1697,75
1947,84
2025,90
1729,78
1971,87
1968,86
1984,89
2021,90
2031,90
1874,82
1987,87
1791,78
1816,81
2021,90
1974,86
1953,86
1784,79
1685,74
1773,79
1867,79
2021,90
1681,75
1622,74
1801,81
2025,90
2023,90
2021,90
1932,84
1957,86
1822,81
2021,90
2028,88
1940,88
1977,87
1995,88
1920,86
2021,90
1988,88
1778,80
1946,84
1907,83
1796,82
1904,84
2022,88
1871,79
1689,75
2031,90
2021,90
1794,79
1737,77
2021,90
2008,88
2021,90
1948,87
1935,87
2021,90
1790,80
1962,86
1743,77
1752,79
1878,84
1757,79
1847,81
1761,79
1794,79
1535,69
1921,85
1728,77
1787,80
1812,82
1765,74
2051,90
1945,87
1971,87
1921,83
2026,87
1762,79
1770,81
2021,90
1815,78
2021,90
1835,83
2012,89
1967,87
1787,77
1882,81
1976,85
1653,75
1605,73
1870,82
1983,87
1999,87
1858,82
1967,86
2021,90
1816,81
2021,90
2000,88
2023,90
2012,88
1825,80
1911,85
1905,84
1903,83
2021,90
1774,79
1655,77
1760,80
1998,89
1944,86
1974,88
2017,87
1768,77
2021,90
1728,76
1938,88
2025,90
2000,88
1701,77
1900,83
2023,90
1986,88
1765,77
1971,88
1910,82
2021,90
1840,82
2042,89
1712,77
2009,89
1757,77
1761,79
2021,90
1765,74
1909,82
1906,85
1828,82
1992,86
2021,90
1635,73
1792,81
1792,81
1992,88
2031,90
2001,86
1511,69
1954,87
1842,80
2041,90
1972,87
2023,89
1681,76
1877,82
2025,90
1748,81
1841,83
2021,90
1990,85
1797,80
1717,77
1632,74
1853,84
1743,76
2031,90
1790,79
2021,90
1832,81
1843,80
1970,86
2002,89
2021,90
1636,75
2021,90
2021,90
1780,81
2027,90
2021,90
1742,78
1679,74
1738,78
1824,80
1774,77
1673,76
1712,77
1844,82
2021,90
1647,75
1718,77
1939,87
2021,90
2026,89
1857,80
2021,90
1742,79
1666,74
1951,87
2031,90
1996,88
1782,81
1951,84
1898,82
2021,90
1679,74
1980,88
1805,79
1870,84
1692,76
2035,88
1891,84
1940,85
1931,86
1787,80
1986,88
2022,89
1779,79
2021,90
2042,89
1700,76
1899,84
2021,90
1685,78
1711,76
1870,84
1907,82
2039,89
1821,81
2023,88
1895,83
1923,83
1846,82
2021,90
1764,80
1984,87
1627,75
1747,74
1782,81
1712,80
1689,77
1976,88
2027,90
1870,82
1926,86
1784,77
2009,86
1725,77
2021,90
2021,90
2021,90
2015,87
1949,85
1968,86
1775,79
1930,85
2026,88
1991,85
1971,87
1847,81
1664,76
1970,86
2025,90
1699,75
2018,89
1943,85
2032,88
1978,88
1766,80
1830,82
1738,78
2024,89
1851,79
1835,81
1970,88
1666,74
2002,89
1894,84
1818,82
1960,87
1673,75
2006,89
1969,84
1977,89
1802,81
1866,82
1967,87
2021,90
1962,87
1707,75
2031,90
2021,90
1786,81
1995,88
2021,90
1775,79
2021,90
2021,90
1984,89
1711,78
1836,83
1977,88
1825,82
1985,88
1807,82
1835,80
2039,90
1915,82
1944,83
1855,84
1710,77
1890,84
1983,87
2036,88
1815,82
1983,88
1944,84
1569,69
1977,88
1746,78
2021,90
1808,82
1890,83
1783,79
2029,88
1975,87
1983,87
2026,88
1974,86
1938,88
1768,79
1792,79
2035,89
1961,87
2002,87
1989,89
2000,89
1919,85
2021,90
1970,86
1664,75
1893,84
2018,89
1984,85
2033,90
1960,87
1830,81
1986,89
1751,81
2006,87
1745,77
1782,79
2026,89
1981,87
1936,87
2020,89
1747,78
1984,88
2021,90
1871,82
2007,89
2021,90
1949,86
1800,79
1965,87
1770,81
1722,78
1752,79
1871,83
2039,89
1989,89
1946,86
2006,89
2082,88
1960,87
1870,83
1970,88
1811,80
1994,89
2021,90
2000,89
1737,79
2021,90
1725,77
1800,79
2022,89
1779,79
1754,77
1780,78
1521,68
1819,79
2026,89
1639,73
2000,88
1998,89
1814,82
1951,87
2002,89
1992,89
1627,75
2029,90
1669,73
1798,81
1851,82
1995,88
1985,89
1730,78
1672,75
1975,88
1886,82
2043,90
1823,82
1780,79
2000,89
1983,87
1770,78
1812,77
2021,90
1884,83
2060,90
1839,82
1913,84
1421,67
1635,74
1960,88
1920,85
1989,87
1906,85
1739,78
1928,86
1947,83
2041,90
1720,76
1951,86
1998,88
2027,88
2021,90
2035,88
1793,79
2035,90
1817,79
2021,90
2029,90
1999,88
1966,88
2021,90
1940,88
2077,90
2027,90
2021,90
1835,79
1969,86
1970,87
2021,90
1900,83
1549,71
1748,77
2060,90
1911,83
1859,81
1967,86
2008,87
1816,83
2023,90
1989,88
2021,90
2021,90
1638,75
2025,90
2008,89
1993,89
2021,90
1742,78
1968,83
1711,76
2021,90
1772,80
1972,87
1967,85
1934,86
1911,86
1796,80
1801,80
1784,81
1889,83
1949,87
1796,79
1956,87
1856,82
1867,81
2000,89
1929,85
1958,85
2006,88
2010,88
2023,88
2027,90
1984,88
2010,87
2021,90
2021,90
2023,90
1940,88
1995,89
1707,78
1831,83
2021,90
1821,80
2021,90
1795,79
1777,81
1591,74
1994,87
1963,87
1636,74
2021,90
1920,86
1968,86
1999,89
1985,89
1805,83
1746,76
1916,84
1995,89
1926,84
1714,76
1942,87
1938,88
2023,90
1913,82
1759,78
1853,81
1887,85
2021,90
2027,90
1970,83
1679,76
2021,90
1860,83
1985,89
1851,84
1959,85
2027,90
2008,89
2021,90
1924,86
1755,80
1703,80
1833,83
1794,81
1831,82
1871,84
2051,89
1948,86
1833,82
2035,90
2038,87
1766,80
1930,82
1968,86
1876,82
2027,90
2041,90
1980,88
1760,79
1877,85
1538,70
1816,82
1989,88
1870,82
1866,81
2021,90
1838,81
2021,90
2010,89
1910,85
1798,78
1999,88
2016,88
2015,88
1950,87
1993,89
1882,85
1826,80
2021,90
2021,90
1736,80
1993,88
1995,89
2021,90
2035,90
1770,79
1990,88
1553,70
1845,82
1732,78
1773,80
2021,90
1950,87
1865,83
2021,90
2053,90
1770,78
2021,90
1787,82
1721,77
1830,83
2045,90
1749,78
1980,86
2011,89
1859,79
1887,85
1820,82
1847,80
1710,79
1927,84
2021,90
1911,86
1867,84
1871,83
1786,81
1982,86
1792,78
1708,77
1479,66
1960,87
2021,90
1782,81
1552,73
2035,90
2021,90
1935,84
2035,90
1573,75
2018,89
2037,90
2021,90
1952,86
2021,90
1781,79
1803,80
2021,90
1669,75
1600,73
1852,82
1796,78
1717,80
1832,82
1706,77
2035,90
2021,90
1775,80
2005,89
1935,85
1693,73
2039,90
2021,90
1828,81
1884,84
1906,85
1954,85
1839,81
1771,81
1781,80
1966,88
2021,90
2023,88
1790,79
1882,84
2021,90
1880,85
2005,88
2021,90
2021,90
1813,82
1998,89
2021,90
1818,81
1722,80
1732,77
1777,79
2021,90
1911,84
2021,90
1915,85
1690,76
2043,90
1932,87
1852,83
1965,88
1738,80
1873,81
1946,86
2013,89
2045,90
1830,81
1645,73
1931,87
2004,88
2007,89
2022,89
2021,90
1903,84
1746,77
2041,90
1588,75
1838,83
1656,77
1898,81
1971,87
1946,86
1582,72
1821,81
1891,82
2039,90
2021,90
1906,87
1996,88
1739,77
1931,84
1833,82
1933,86
1866,84
2035,90
2021,90
1810,81
1872,83
2025,90
1955,87
2017,88
2039,90
1712,76
1941,85
1632,73
1556,73
1993,88
1727,80
2021,90
1575,71
1735,79
1920,85
1592,75
1995,88
1833,83
2035,90
2021,90
2012,89
2021,90
1987,89
1651,74
1410,65
2004,89
1718,77
1483,69
1813,82
1812,82
2004,89
2021,90
1915,83
1961,84
1849,83
1896,82
2021,90
1899,82
2021,90
1968,85
2011,88
1939,84
1970,86
1835,79
1638,73
1789,81
1613,74
2010,89
1832,82
2021,90
1971,87
1901,84
1989,88
2037,90
1793,79
2043,90
1901,85
1940,88
2021,90
1703,77
1716,76
2037,90
1849,83
2004,88
2013,89
1921,84
2021,88
2021,90
1881,83
1589,75
1989,88
1798,82
2029,90
2021,90
1980,87
1835,79
2000,89
2047,89
2021,90
1911,86
1916,85
2035,90
1926,88
1984,88
1604,71
1853,79
1702,79
1692,78
1989,87
2021,90
1647,76
2021,90
1755,76
1809,80
1758,81
1862,84
1936,86
2025,90
1778,79
1903,84
1832,83
2032,89
1656,76
1735,77
2005,87
1904,86
1847,80
1746,79
1811,79
1710,77
1951,85
2021,90
1801,79
1740,79
2026,89
1675,77
2002,89
1818,84
1912,83
2021,90
1695,79
1963,85
2013,89
1905,85
1977,89
1912,84
1987,88
1615,74
1858,82
2021,90
1999,89
1870,83
1788,82
2021,90
1996,86
2021,90
2021,90
2021,90
1908,85
1744,79
1823,83
2039,90
2021,90
1963,87
1849,80
1810,79
2031,90
1808,80
1945,86
2021,90
2018,89
2031,90
1993,89
1895,85
1996,89
1860,85
2021,90
1837,84
2016,88
1957,88
1684,78
1972,88
1935,86
1977,89
1643,76
1711,78
1812,81
1970,87
1971,86
1594,72
2032,89
1983,89
1795,80
2021,90
1762,78
1704,78
1732,78
1801,82
1829,80
1996,88
2021,90
1877,83
1670,76
1874,84
1641,75
1989,89
1875,85
1971,84
1772,82
2021,90
1960,88
2021,90
1674,75
2021,90
1748,74
1984,88
1667,78
2021,90
1804,82
1916,86
2031,90
1976,88
1986,88
2021,90
1771,81
1822,82
1885,84
1981,88
2021,90
1861,83
1610,76
1557,73
1957,87
1779,81
1992,88
2005,89
2021,90
1841,82
1958,85
2018,89
2029,90
2041,90
2029,90
1815,83
1987,85
1732,77
1870,82
1861,83
2014,89
1981,87
1816,81
1986,88
1995,89
2021,90
1664,77
2059,90
1966,88
1748,81
2029,90
1894,86
2037,90
1908,82
1512,72
1797,82
1901,86
2007,88
1815,82
1967,86
1881,83
1928,88
1767,79
2021,90
1979,89
1810,80
1840,84
2018,89
1869,84
1729,79
1943,84
1623,74
1928,86
1970,87
1954,88
1763,80
1912,87
1703,75
2021,90
2021,90
2051,90
1981,89
1928,85
1765,80
1970,88
2007,88
1950,87
1822,82
2001,89
1680,76
1968,87
2021,90
1830,83
1737,78
1881,83
1848,80
1811,83
2021,90
1749,80
2021,90
1796,79
1885,84
1857,84
1918,85
1710,79
2021,90
1906,87
1918,86
1602,74
1839,82
1921,86
1914,86
1991,89
1941,88
2000,89
1887,86
2021,90
1899,84
1811,81
1669,78
2005,89
1767,81
1882,82
1645,76
1729,79
1938,88
1793,79
1841,83
1568,74
1717,80
1976,88
1823,83
1896,85
1780,79
1784,79
1677,76
2031,89
2021,90
2025,90
1527,72
1862,84
1987,88
1859,83
1928,85
1608,75
2021,90
1760,79
2021,90
1616,75
1795,83
1842,83
1589,72
2021,90
1734,79
1701,77
1726,77
2021,90
1661,75
1990,88
1636,76
1674,76
2021,90
1726,78
1825,79
2031,89
2021,90
1984,88
1480,71
2021,90
1828,81
1802,81
1751,78
1559,71
1549,71
1837,81
2021,90
1998,89
1961,87
1887,81
2051,90
2021,90
1956,86