1245,56
1224,55
1192,55
1286,57
1367,59
1366,59
1366,59
1268,58
1442,62
1438,61
1403,61
1408,62
1408,62
1295,57
1447,63
1431,63
1436,63
1431,63
1427,63
1503,64
1507,64
1500,63
1438,62
1464,62
1475,64
1475,64
1443,63
1321,58
1514,64
1515,65
1497,64
1510,65
1545,65
1542,65
1482,63
1364,59
1469,63
1510,65
1510,65
1510,65
1456,63
1381,61
1510,65
1601,65
1445,63
1407,62
1499,65
1499,65
1499,65
1375,61
1503,64
1484,62
1501,65
1499,65
1346,58
1499,65
1499,65
1400,62
1499,65
1355,59
1337,60
1520,66
1429,62
1470,63
1438,62
1424,63
1512,65
1424,60
1402,63
1524,65
1302,58
1520,66
1428,64
1457,63
1557,67
1528,65
1376,60
1396,62
1557,67
1483,65
1394,61
1367,60
1389,62
1402,61
1402,61
1469,63
1317,59
1532,66
1557,67
1493,65
1528,66
1482,64
1563,67
1561,67
1444,62
1554,66
1457,64
1475,65
1528,66
1568,67
1415,62
1521,66
1430,63
1529,66
1454,64
1477,65
1295,60
1331,59
1333,60
1557,67
1279,57
1431,62
1557,67
1557,67
1557,67
1565,67
1559,67
1408,60
1538,66
1380,61
1516,66
1557,67
1380,61
1317,60
1472,63
1391,61
1429,61
1349,60
1497,63
1425,63
1423,63
1520,66
1413,63
1340,60
1484,63
1445,61
1315,59
1557,67
1405,61
1367,59
1388,60
1508,66
1484,63
1532,65
1557,67
1561,66
1357,60
1471,63
1342,60
1444,63
1339,61
1495,66
1539,66
1398,62
1472,63
1525,64
1557,67
1468,64
1530,66
1511,65
1529,66
1557,67
1557,67
1453,63
1420,59
1506,66
1532,66
1521,65
1557,67
1466,64
1521,66
1557,67
1557,67
1540,66
1483,65
1363,61
1454,64
1557,67
1520,66
1486,63
1551,66
1514,66
1557,67
1462,64
1338,59
1350,61
1366,61
1400,60
1447,64
1442,63
1328,59
1391,61
1450,64
1477,65
1494,65
1530,66
1483,65
1557,67
1549,66
1373,58
1557,67
1494,65
1557,67
1487,65
1557,67
1438,64
1429,63
1522,66
1447,64
1526,66
1522,66
1473,65
1547,66
1421,61
1459,62
1557,67
1555,66
1467,64
1431,63
1451,63
1356,62
1557,67
1561,67
1499,65
1337,61
1575,66
1557,67
1421,62
1557,67
1510,65
1581,67
1478,64
1557,67
1441,62
1565,67
1298,60
1510,66
1557,67
1557,67
1578,67
1510,66
1506,65
1428,65
1566,67
1379,62
1518,65
1561,65
1428,62
1517,66
1525,65
1562,67
1439,62
1497,66
1507,65
1557,67
1566,67
1410,62
1327,60
1502,65
1520,66
1563,66
1551,66
1547,65
1404,62
1391,62
1518,66
1557,67
1557,67
1425,63
1375,60
1431,63
1489,65
1458,64
1381,62
1448,64
1400,62
1565,67
1561,67
1474,64
1573,67
1492,65
1483,65
1407,62
1442,62
1557,67
1444,64
1522,66
1481,65
1557,67
1538,65
1557,67
1557,67
1557,67
1457,64
1497,64
1557,67
1377,62
1557,67
1298,59
1458,62
1555,67
1461,63
1490,65
1458,64
1555,67
1555,67
1555,67
1339,59
1411,61
1555,67
1485,64
1416,63
1497,65
1555,67
1404,62
1336,61
1437,63
1500,65
1526,66
1557,67
1555,67
1345,62
1289,59
1429,63
1519,66
1555,67
1520,66
1557,67
1314,59
1555,67
1524,66
1335,59
1555,67
1487,65
1555,67
1555,67
1407,64
1445,63
1474,64
1345,60
1555,67
1555,67
1486,65
1452,63
1465,64
1492,66
1417,62
1363,60
1555,67
1210,56
1363,61
1517,65
1520,66
1417,61
1474,63
1262,58
1338,60
1394,62
1464,64
1555,67
1458,64
1584,67
1562,67
1555,67
1555,67
1565,67
1555,67
1516,66
1555,67
1491,65
1324,60
1555,67
1441,64
1419,61
1458,63
1561,67
1551,66
1437,63
1555,67
1557,67
1555,67
1555,67
1368,60
1345,61
1373,62
1461,65
1437,62
1555,67
1555,67
1553,67
1519,65
1506,66
1386,61
1553,67
1498,64
1411,62
1553,67
1427,63
1384,62
1372,61
1496,65
1494,65
1366,62
1342,61
1203,55
1411,61
1597,68
1499,65
1477,63
1519,66
1597,68
1574,67
1399,61
1451,63
1558,67
1606,68
1597,68
1603,68
1471,63
1417,61
1412,63
1607,67
1490,65
1512,66
1395,61
1595,68
1379,62
1476,63
1566,67
1521,63
1515,64
1377,60
1473,65
1516,66
1415,61
1471,63
1490,65
1595,68
1577,66
1505,65
1595,68
1374,61
1354,59
1595,68
1595,67
1433,64
1497,65
1445,60
1471,64
1507,64
1431,59
1429,60
1579,68
1514,66
1579,68
1556,66
1579,68
1498,65
1504,66
1579,68
1421,62
1565,66
1560,67
1474,65
1549,67
1421,64
1482,65
1563,67
1496,63
1536,66
1532,66
1534,66
1538,66
1495,65
1405,63
1515,65
1550,65
1579,68
1482,63
1514,66
1545,65
1534,66
1432,62
1554,67
1579,68
1571,66
1521,64
1296,58
1517,64
1434,61
1579,68
1579,68
1570,66
1526,66
1579,68
1524,65
1422,60
1463,62
1517,67
1457,64
1554,67
1512,66
1579,68
1442,63
1554,66
1465,61
1579,68
1408,62
1517,64
1577,67
1494,64
1579,68
1475,63
1409,62
1415,61
1473,65
1515,66
1455,63
1579,68
1577,68
1388,60
1516,65
1283,58
1577,68
1577,68
1496,63
1411,61
1554,65
1579,68
1409,63
1593,67
1492,63
1519,66
1575,67
1497,65
1488,64
1369,60
1587,67
1577,68
1524,65
1430,61
1519,65
1495,63
1339,60
1548,67
1464,64
1577,68
1527,67
1314,58
1400,63
1520,66
1466,63
1462,62
1381,60
1560,67
1546,67
1465,64
1519,65
1579,68
1583,68
1435,64
1462,61
1460,62
1565,67
1473,65
1577,68
1438,63
1529,66
1544,66
1499,66
1380,62
1442,63
1241,53
1587,68
1480,63
1548,67
1514,65
1422,64
1548,67
1489,64
1261,58
1405,62
1455,64
1564,66
1587,67
1507,64
1554,67
1498,65
1372,60
1326,57
1419,61
1540,66
1398,63
1535,66
1513,66
1535,65
1556,67
1577,68
1377,62
1490,64
1575,68
1575,68
1519,66
1363,62
1473,66
1470,63
1575,68
1577,66
1577,68
1575,68
1600,68
1377,60
1575,67
1357,59
1480,64
1529,67
1488,64
1395,62
1435,61
1504,65
1257,58
1454,62
1405,62
1402,61
1416,62
1583,68
1544,67
1559,66
1614,67
1588,68
1575,67
1482,65
1575,68
1515,65
1565,66
1374,59
1575,68
1548,65
1567,67
1444,65
1561,66
1575,68
1437,62
1504,66
1494,63
1586,67
1584,68
1575,68
1518,66
1538,66
1425,63
1524,63
1535,66
1606,67
1503,64
1563,67
1459,63
1512,66
1484,65
1257,57
1456,65
1575,68
1509,64
1427,62
1538,66
1590,67
1445,63
1472,62
1512,64
1456,62
1533,66
1517,66
1484,64
1484,64
1441,63
1507,66
1575,67
1554,66
1617,68
1523,66
1493,65
1427,63
1486,65
1575,68
1389,61
1452,63
1594,68
1575,68
1575,68
1546,67
1526,66
1425,63
1559,66
1356,59
1538,66
1521,66
1533,65
1392,61
1556,67
1514,65
1452,64
1485,65
1370,59
1420,61
1557,66
1571,67
1265,60
1577,67
1535,67
1469,63
1506,64
1516,65
1401,62
1405,62
1365,62
1575,68
1436,62
1537,67
1575,68
1507,62
1516,66
1554,67
1512,64
1473,64
1527,66
1544,67
1479,63
1473,63
1445,63
1474,64
1491,63
1535,66
1567,68
1502,65
1455,63
1557,66
1516,66
1435,63
1489,66
1411,63
1424,62
1535,66
1567,68
1571,68
1511,66
1556,67
1529,67
1342,61
1575,68
1501,65
1520,64
1301,59
1422,64
1563,67
1455,64
1415,61
1423,63
1567,68
1446,63
1583,67
1375,60
1373,58
1473,65
1541,67
1526,65
1567,68
1511,65
1454,63
1454,63
1567,68
1567,68
1457,64
1451,64
1583,68
1569,68
1527,67
1511,62
1457,64
1322,59
1310,60
1438,62
1559,67
1398,60
1422,62
1548,66
1567,68
1547,66
1567,68
1448,64
1470,64
1589,68
1567,68
1461,64
1515,66
1484,65
1567,68
1567,68
1542,67
1448,63
1567,68
1461,64
1556,67
1569,68
1433,64
1567,68
1569,68
1571,67
1531,66
1396,62
1390,60
1567,68
1485,64
1485,65
1391,61
1469,64
1391,61
1457,65
1467,65
1540,67
1582,68
1376,62
1503,66
1510,66
1474,65
1405,62
1538,67
1484,65
1300,57
1567,68
1510,65
1341,60
1495,65
1438,63
1449,63
1404,62
1567,68
1289,57
1454,64
1546,67
1567,68
1447,63
1466,64
1585,68
1543,67
1585,68
1504,66
1571,67
1469,65
1426,63
1466,64
1482,65
1485,65
1520,65
1493,65
1384,62
1586,65
1567,68
1482,65
1496,65
1278,56
1534,66
1567,68
1506,65
1451,62
1560,66
1567,68
1567,68
1471,65
1462,65
1505,65
1557,67
1552,66
1453,63
1536,65
1421,64
1537,67
1567,68
1513,66
1489,65
1569,68
1478,63
1500,65
1551,67
1506,66
1500,65
1568,67
1496,66
1561,67
1567,68
1544,66
1523,67
1543,67
1543,66
1489,64
1567,68
1508,63
1537,66
1528,65
1567,68
1395,63
1560,67
1496,65
1567,68
1551,66
1374,60
1455,61
1567,68
1405,62
1423,63
1567,68
1478,64
1577,68
1569,68
1577,68
1474,65
1426,63
1481,64
1567,68
1567,68
1530,66
1536,66
1544,66
1393,62
1475,63
1571,68
1362,59
1547,66
1565,67
1374,61
1555,67
1559,67
1424,63
1466,64
1520,65
1367,61
1414,64
1475,65
1546,67
1531,67
1573,68
1475,65
1526,66
1413,62
1555,65
1409,62
1510,65
1567,68
1567,68
1316,60
1335,62
1543,67
1453,64
1393,62
1366,61
1563,67
1546,67
1559,67
1567,68
1567,68
1405,60
1554,67
1573,68
1567,68
1440,62
1565,67
1488,65
1567,68
1567,68
1381,63
1567,68
1523,65
1384,62
1567,68
1532,66
1577,68
1427,63
1401,63
1567,68
1485,65
1557,67
1569,68
1441,63
1298,55
1567,68
1567,68
1394,62
1569,68
1427,62
1411,62
1468,65
1569,68
1571,68
1478,65
1548,67
1569,68
1483,65
1460,65
1434,62
1565,68
1498,66
1508,66
1480,66
1434,62
1533,67
1563,68
1472,65
1530,67
1428,63
1510,65
1518,66
1563,68
1449,64
1361,62
1559,67
1546,67
1461,65
1561,67
1534,67
1486,65
1563,68
1503,66
1494,64
1534,67
1513,66
1500,66
1565,68
1464,65
1543,68
1342,60
1545,68
1496,65
1527,67
1410,64
1559,65
1514,67
1314,60
1543,68
1557,68
1503,67
1558,68
1370,63
1469,64
1488,66
1357,61
1522,67
1385,61
1513,67
1543,68
1358,62
1334,61
1546,66
1518,67
1543,68
1431,65
1511,67
1543,68
1494,67
1479,66
1543,68
1545,68
1497,65
1543,68
1486,66
1644,70
1544,67
1644,70
1570,66
1466,62
1509,65
1492,66
1540,66
1642,70
1361,61
1621,69
1367,61
1481,63
1617,69
1460,64
1478,65
1513,65
1525,65
1644,70
1520,65
1621,69
1465,65
1545,67
1533,66
1638,70
1589,68
1387,62
1577,68
1419,63
1478,64
1650,70
1638,70
1602,69
1331,61
1600,69
1608,68
1638,70
1436,64
1566,68
1480,65
1525,66
1466,61
1494,65
1606,68
1440,62
1266,59
1551,68
1640,70
1482,65
1349,59
1557,67
1638,70
1604,68
1431,63
1334,59
1638,70
1448,63
1552,67
1361,62
1437,64
1638,70
1638,70
1466,65
1452,64
1642,70
1598,69
1501,66
1601,69
1624,70
1428,65
1497,66
1626,70
1410,61
1441,65
1544,68
1564,68
1531,67
1445,65
1620,69
1624,70
1495,66
1598,69
1639,70
1604,69
1441,62
1586,69
1494,66
1524,66
1626,70
1593,68
1536,67
1575,68
1590,68
1565,68
1528,67
1600,68
1535,67
1603,69
1385,60
1553,66
1586,69
1599,69
1588,69
1524,67
1493,66
1468,65
1637,70
1336,60
1535,66
1260,58
1530,66
1624,70
1395,61
1587,67
1504,66
1531,67
1503,65
1299,59
1540,66
1469,66
1624,70
1550,66
1448,63
1559,68
1624,70
1598,68
1458,64
1456,65
1475,64
1330,58
1395,62
1560,68
1592,68
1462,65
1560,66
1371,62
1406,62
1551,67
1448,63
1493,65
1461,65
1506,66
1542,68
1382,60
1633,69
1636,69
1611,69
1590,69
1532,66
1383,61
1458,64
1430,63
1494,65
1433,64
1622,70
1589,69
1370,63
1497,66
1596,67
1597,68
1371,62
1583,68
1551,67
1609,69
1605,68
1491,66
1466,65
1622,70
1604,69
1555,68
1630,70
1459,63
1472,65
1622,70
1506,66
1599,69
1406,63
1484,66
1594,69
1562,67
1525,67
1498,65
1504,65
1528,67
1460,64
1395,62
1626,68
1588,68
1592,69
1588,69
1528,65
1431,64
1566,67
1420,62
1580,68
1622,70
1491,65
1505,66
1622,70
1594,69
1574,68
1586,69
1610,68
1560,68
1462,65
1510,66
1435,64
1464,64
1573,69
1588,69
1538,67
1635,70
1383,61
1630,70
1624,70
1622,70
1594,68
1603,69
1630,70
1345,60
1347,59
1622,70
1566,67
1597,68
1336,58
1401,62
1529,67
1501,66
1497,63
1521,64
1590,69
1449,63
1538,67
1622,70
1378,60
1622,70
1479,65
1622,70
1543,67
1354,61
1565,66
1384,60
1614,69
1505,65
1409,62
1419,64
1597,68
1532,67
1534,67
1403,62
1538,67
1484,66
1419,64
1482,65
1493,66
1478,64
1590,69
1567,67
1622,70
1527,67
1402,62
1390,60
1509,66
1403,61
1508,65
1325,60
1425,64
1477,64
1622,70
1641,70
1596,68
1363,62
1452,63
1514,65
1560,67
1461,65
1362,61
1622,70
1475,64
1390,64
1622,70
1506,66
1599,69
1601,67
1547,67
1450,64
1539,67
1590,68
1601,69
1551,68
1563,68
1594,69
1545,67
1555,68
1389,61
1622,70
1515,68
1622,70
1484,65
1558,67
1632,70
1622,70
1585,67
1419,62
1564,68
1560,67
1568,66
1557,66
1584,68
1610,70
1380,63
1369,62
1488,65
1392,62
1557,68
1455,65
1622,70
1610,70
1458,65
1553,65
1345,60
1601,69
1459,65
1501,66
1486,64
1583,69
1552,68
1563,67
1583,69
1465,65
1548,67
1533,67
1605,69
1317,59
1610,70
1497,66
1554,67
1610,70
1409,63
1610,70
1620,70
1583,69
1528,67
1581,68
1287,58
1491,66
1398,63
1479,64
1610,70
1582,69
1578,69
1619,70
1510,67
1517,66
1605,69
1606,70
1577,69
1426,66
1609,70
1493,66
1610,70
1606,70
1430,64
1396,62
1615,70
1317,61
1513,67
1345,60
1613,70
1600,70
1497,66
1493,66
1600,70
1647,70
1328,62
1600,70
1324,60
1533,67
1468,64
1298,59
1410,63
1600,70
1606,70
1548,68
1614,70
1433,62
1610,70
1600,70
1581,68
1353,62
1598,70
1483,66
1608,70
1489,66
1556,68
1586,69
1608,70
1598,70
1607,70
1586,68
1434,65
1570,69
1388,65
1450,64
1573,69
1598,70
1303,59
1347,61
1620,70
1602,70
1508,66
1569,69
1555,67
1584,69
1457,65
1607,70
1361,63
1598,70
1598,70
1419,64
1298,61
1598,70
1639,70
1427,63
1598,70
1420,63
1598,70
1602,70
1434,62
1598,70
1522,65
1431,65
1592,69
1340,62
1598,70
1556,68
1576,69
1560,68
1516,64
1569,69
1480,65
1592,69
1597,70
1443,64
1529,67
1463,64
1528,68
1597,70
1342,62
1440,62
1597,70
1385,62
1402,64
1446,66
1445,65
1553,68
1597,70
1581,69
1447,66
1390,63
1597,70
1465,63
1520,67
1474,64
1560,68
1428,63
1324,61
1612,70
1362,63
1597,70
1607,70
1597,70
1564,69
1592,69
1506,67
1545,67
1530,68
1484,66
1597,70
1561,68
1362,60
1375,59
1420,63
1416,64
1608,70
1523,68
1608,70
1449,64
1599,70
1559,68
1550,68
1536,67
1595,70
1439,65
1595,70
1595,70
1330,59
1579,69
1593,70
1588,69
1560,69
1555,67
1328,62
1593,70
1531,68
1508,67
1329,60
1599,70
1527,68
1423,66
1521,68
1593,70
1499,67
1434,64
1568,69
1511,67
1419,66
1509,64
1605,70
1589,70
1571,69
1456,66
1475,65
1535,67
1600,70
1589,70
1593,69
1474,66
1524,68
1636,71
1636,71
1634,71
1575,69
1580,69
1653,71
1623,70
1634,71
1634,71
1592,69
1634,71
1585,68
1577,69
1632,71
1436,65
1582,69
1395,62
1632,71
1523,66
1437,65
1596,69
1632,71
1632,71
1588,69
1546,68
1632,71
1610,70
1632,71
1414,63
1610,70
1362,62
1632,71
1632,71
1523,67
1446,65
1569,68
1632,71
1539,67
1539,68
1583,69
1610,70
1522,64
1302,59
1551,68
1604,70
1632,70
1581,69
1563,69
1328,61
1443,64
1630,71
1518,67
1556,68
1576,68
1630,71
1648,71
1580,69
1630,71
1630,71
1466,65
1526,67
1472,66
1409,63
1534,67
1630,71
1429,65
1407,64
1490,65
1403,64
1480,65
1630,71
1512,67
1515,65
1432,64
1630,71
1564,68
1638,71
1445,65
1555,69
1630,71
1474,66
1630,71
1396,62
1630,71
1494,66
1288,60
1630,71
1592,68
1630,71
1609,70
1551,69
1395,63
1612,70
1505,67
1630,71
1451,66
1538,68
1397,64
1601,69
1474,66
1545,69
1475,67
1554,69
1508,67
1435,65
1548,67
1605,70
1516,68
1630,71
1560,69
1630,71
1594,69
1555,69
1638,71
1586,69
1545,69
1575,69
1328,64
1463,66
1588,69
1573,69
1592,70
1431,64
1559,69
1538,67
1507,67
1372,64
1486,67
1512,68
1624,70
1482,65
1622,70
1630,71
1630,71
1565,68
1598,69
1544,68
1605,69
1403,64
1475,66
1434,63
1599,67
1630,71
1630,71
1490,65
1630,71
1608,70
1630,71
1442,65
1496,65
1628,71
1428,64
1502,67
1549,68
1484,65
1592,70
1628,71
1397,64
1518,66
1475,66
1485,66
1539,68
1348,63
1477,67
1415,63
1519,67
1589,69
1477,67
1598,70
1596,70
1571,69
1486,65
1628,71
1630,71
1609,70
1498,66
1617,70
1306,61
1583,68
1628,71
1341,62
1521,67
1628,71
1483,66
1368,64
1542,66
1628,71
1596,70
1548,69
1628,71
1628,71
1528,67
1564,68
1548,68
1628,71
1607,70
1559,68
1524,68
1337,62
1628,71
1441,65
1594,70
1426,64
1624,70
1628,71
1509,67
1488,67
1542,68
1630,71
1512,67
1621,68
1586,69
1517,68
1421,63
1628,71
1597,69
1630,71
1541,67
1606,70
1628,71
1462,65
1628,71
1590,70
1545,68
1622,70
1620,70
1475,66
1457,66
1628,71
1622,71
1622,71
1622,71
1622,71
1317,61
1494,67
1498,67
1488,67
1644,71
1524,68
1410,65
1323,61
1300,61
1524,68
1505,66
1612,70
1622,71
1566,67
1523,66
1290,60
1471,67
1371,62
1604,70
1594,70
1622,71
1444,65
1500,67
1622,71
1484,67
1596,70
1601,70
1453,65
1518,66
1512,68
1485,66
1472,66
1602,70
1589,69
1480,66
1650,71
1541,68
1622,71
1507,68
1457,65
1458,65
1533,68
1614,70
1561,69
1482,66
1513,66
1622,71
1510,68
1549,69
1493,66
1317,63
1328,61
1562,69
1510,68
1573,69
1521,68
1622,71
1390,64
1622,71
1345,62
1473,66
1621,70
1602,70
1535,68
1570,69
1431,65
1333,63
1419,65
1632,71
1596,70
1388,64
1464,65
1324,61
1321,60
1487,67
1407,63
1622,71
1544,68
1411,65
1622,71
1472,67
1598,70
1622,71
1622,71
1372,63
1415,63
1536,68
1459,65
1475,65
1572,68
1562,69
1415,63
1422,65
1480,66
1335,61
1503,68
1573,69
1641,71
1591,69
1435,65
1534,67
1563,69
1630,71
1561,69
1609,69
1310,62
1562,69
1622,71
1628,71
1534,68
1535,67
1435,64
1622,71
1632,71
1470,66
1549,66
1451,66
1622,71
1622,71
1622,71
1520,68
1562,69
1590,70
1582,70
1619,70
1622,71
1586,70
1524,68
1632,71
1558,69
1626,70
1624,71
1622,71
1622,71
1435,65
1325,63
1622,71
1360,62
1616,70
1495,67
1592,70
1576,68
1559,68
1543,68
1530,68
1444,64
1596,70
1590,70
1622,71
1408,64
1498,67
1516,68
1556,69
1622,71
1550,69
1453,66
1622,71
1647,71
1588,70
1533,68
1622,71
1468,66
1584,69
1508,67
1485,67
1543,69
1494,67
1500,67
1634,71
1482,67
1568,69
1499,66
1365,63
1622,71
1609,70
1622,71
1497,67
1468,66
1602,70
1588,70
1489,67
1566,67
1534,68
1388,63
1428,65
1552,68
1384,61
1540,67
1622,71
1628,71
1432,64
1503,68
1630,71
1290,63
1359,64
1622,71
1563,68
1550,69
1628,71
1380,62
1528,67
1523,67
1449,66
1474,67
1408,64
1541,67
1622,71
1315,61
1438,66
1486,65
1622,71
1396,63
1559,68
1622,71
1622,71
1622,71
1533,69
1622,71
1622,71
1438,64
1512,66
1417,65
1337,64
1386,64
1446,65
1596,70
1531,68
1634,71
1622,71
1630,71
1626,71
1624,71
1586,70
1595,70
1591,70
1386,64
1632,71
1445,65
1624,71
1468,66
1487,67
1622,71
1540,68
1522,68
1444,66
1595,70
1622,71
1532,68
1497,67
1662,71
1326,63
1506,68
1427,64
1499,66
1468,66
1607,70
1326,63
1524,68
1402,63
1389,64
1418,63
1478,66
1494,67
1507,68
1489,66
1647,71
1472,66
1588,70
1525,68
1590,70
1453,65
1622,71
1510,67
1537,68
1347,63
1564,69
1622,71
1433,65
1343,63
1452,65
1404,65
1508,67
1548,68
1622,71
1515,67
1622,71
1539,68
1584,69
1408,65
1626,71
1618,71
1618,71
1591,70
1518,67
1618,71
1618,71
1533,69
1586,70
1342,63
1620,71
1427,64
1398,63
1593,70
1649,71
1529,68
1501,67
1499,66
1499,67
1296,63
1618,71
1410,63
1391,63
1556,69
1618,71
1529,65
1576,70
1551,67
1552,68
1635,71
1620,70
1658,72
1598,70
1656,72
1458,65
1544,67
1567,69
1429,65
1366,65
1494,68
1637,71
1498,65
1464,66
1645,71
1656,72
1658,72
1614,70
1636,71
1568,68
1448,65
1656,72
1464,66
1523,66
1463,66
1621,70
1531,67
1631,71
1658,70
1658,72
1357,62
1623,71
1537,69
1598,70
1518,67
1577,68
1599,69
1529,68
1660,72
1621,71
1605,70
1615,70
1382,61
1483,67
1446,65
1658,72
1625,70
1617,70
1578,69
1508,67
1527,67
1656,72
1664,72
1520,67
1630,71
1623,71
1513,67
1630,71
1656,72
1585,69
1529,65
1349,62
1581,69
1658,72
1617,70
1639,71
1656,72
1656,72
1656,72
1521,68
1656,72
1581,69
1499,66
1629,71
1658,72
1472,66
1332,64
1571,68
1555,68
1452,65
1628,71
1576,68
1656,72
1547,69
1638,71
1656,72
1390,64
1453,67
1656,72
1435,64
1660,72
1601,70
1656,72
1616,71
1656,72
1666,72
1594,70
1366,62
1634,71
1603,70
1656,72
1656,72
1620,70
1656,72
1656,72
1657,72
1589,69
1515,65
1619,71
1660,72
1441,64
1570,69
1608,69
1404,64
1592,70
1640,71
1617,70
1639,70
1658,72
1548,68
1636,71
1348,62
1662,71
1598,69
1692,73
1540,69
1603,69
1696,73
1669,72
1672,72
1612,69
1448,66
1648,71
1430,65
1505,65
1692,73
1696,73
1712,73
1609,70
1692,73
1670,71
1634,71
1696,73
1653,71
1660,72
1644,71
1690,72
1552,67
1586,68
1696,73
1651,71
1619,69
1662,72
1604,70
1387,64
1513,66
1649,71
1692,73
1616,68
1536,67
1662,70
1694,73
1532,65
1614,70
1633,71
1621,68
1527,66
1678,70
1385,64
1516,66
1624,71
1696,73
1684,72
1672,72
1525,68
1692,71
1501,68
1506,68
1501,66
1591,69
1597,69
1674,72
1603,69
1418,63
1519,68
1589,68
1690,73
1435,65
1613,69
1608,69
1630,70
1690,73
1548,68
1586,68
1625,69
1446,66
1663,72
1454,64
1468,67
1683,72
1694,73
1690,72
1647,70
1622,71
1506,65
1645,71
1637,71
1688,73
1471,65
1688,73
1402,64
1683,72
1635,71
1562,68
1507,68
1515,68
1654,72
1668,71
1690,73
1498,66
1645,71
1389,64
1609,69
1656,72
1688,73
1471,66
1690,73
1688,73
1636,71
1541,66
1699,71
1408,63
1624,70
1622,71
1595,70
1642,71
1536,67
1655,71
1543,67
1674,72
1688,73
1560,68
1652,70
1485,66
1659,72
1656,72
1645,70
1591,69
1523,67
1438,66
1462,67
1688,73
1657,72
1521,68
1674,72
1707,72
1698,73
1688,73
1665,71
1597,69
1625,71
1396,64
1688,73
1544,67
1707,72
1690,73
1688,73
1560,68
1688,73
1652,72
1582,69
1688,73
1656,72
1593,68
1676,72
1572,69
1429,64
1546,67
1597,69
1708,73
1381,62
1492,66
1688,73
1654,70
1672,72
1596,69
1688,73
1429,65
1349,62
1690,73
1510,69
1655,71
1406,63
1485,67
1573,69
1502,66
1624,70
1482,64
1600,69
1593,69
1650,71
1710,71
1400,63
1632,71
1544,67
1478,67
1652,71
1644,71
1644,69
1508,67
1561,69
1627,69
1422,65
1631,69
1482,64
1473,65
1589,70
1578,69
1606,69
1580,69
1633,71
1688,73
1677,72
1639,71
1674,71
1688,73
1492,66
1610,70
1578,67
1512,68
1700,73
1538,68
1473,67
1542,67
1590,69
1652,72
1498,66
1539,67
1698,73
1651,71
1645,70
1639,71
1688,73
1662,71
1572,69
1519,67
1628,71
1517,67
1590,69
1656,70
1565,68
1582,68
1606,68
1632,69
1530,65
1659,71
1542,67
1429,63
1583,69
1660,71
1664,71
1462,64
1622,70
1461,65
1668,72
1606,69
1462,66
1576,69
1712,72
1497,65
1617,70
1481,65
1651,71
1690,73
1688,73
1665,72
1543,69
1688,73
1531,66
1615,71
1602,70
1512,68
1688,73
1643,71
1645,71
1626,70
1574,69
1583,69
1688,73
1608,69
1374,63
1662,72
1627,70
1674,72
1688,73
1662,72
1688,73
1688,73
1672,72
1671,72
1615,69
1609,69
1644,71
1478,62
1688,73
1644,71
1645,71
1629,70
1499,67
1564,68
1499,66
1671,69
1629,71
1690,73
1635,71
1647,71
1528,67
1641,71
1684,72
1688,73
1522,67
1680,72
1628,71
1572,69
1621,70
1664,72
1613,71
1619,71
1569,68
1679,72
1595,69
1688,73
1640,71
1615,68
1414,65
1634,70
1681,72
1556,69
1614,70
1716,73
1623,70
1521,66
1563,68
1688,73
1601,70
1654,72
1684,73
1694,73
1476,66
1522,67
1683,72
1648,71
1628,71
1640,69
1435,63
1654,72
1604,70
1613,69
1597,69
1665,72
1462,65
1647,71
1640,69
1664,72
1574,68
1642,71
1472,64
1684,73
1688,70
1695,72
1623,71
1525,67
1629,71
1684,73
1626,71
1652,72
1510,65
1644,69
1670,72
1684,73
1603,69
1436,66
1688,73
1581,70
1590,69
1684,73
1684,73
1608,70
1665,72
1665,72
1376,65
1662,71
1435,64
1418,63
1522,68
1516,67
1659,72
1678,71
1684,73
1469,65
1651,71
1618,71
1625,70
1592,70
1670,71
1684,73
1688,73
1622,71
1636,71
1477,65
1476,68
1640,70
1515,67
1544,69
1684,73
1652,71
1605,70
1686,73
1686,73
1630,70
1552,68
1694,73
1684,73
1642,71
1403,64
1668,72
1688,73
1686,73
1503,67
1565,69
1691,71
1605,70
1611,71
1663,72
1586,70
1617,70
1429,65
1439,64
1545,67
1690,73
1649,71
1461,65
1626,71
1679,72
1475,65
1601,70
1684,73
1572,68
1686,73
1640,71
1602,71
1628,71
1544,69
1628,71
1686,73
1573,69
1397,63
1684,73
1508,67
1611,71
1684,73
1499,66
1587,69
1629,71
1594,70
1580,68
1526,65
1593,70
1627,70
1513,67
1684,73
1528,68
1684,73
1626,71
1628,71
1644,71
1698,72
1684,73
1684,73
1702,73
1439,64
1700,71
1629,69
1607,70
1638,69
1684,73
1666,72
1640,71
1620,71
1708,72
1469,66
1607,70
1521,68
1608,69
1635,70
1570,68
1558,66
1690,73
1670,72
1704,73
1585,70
1704,73
1684,73
1407,64
1546,68
1593,70
1720,72
1672,72
1684,73
1466,65
1686,73
1667,71
1424,64
1534,68
1631,70
1608,70
1576,68
1454,67
1506,67
1655,71
1682,72
1680,71
1635,71
1637,71
1684,72
1684,73
1559,70
1609,70
1502,64
1518,66
1673,72
1618,70
1542,68
1682,72
1491,67
1672,72
1548,68
1476,66
1631,71
1446,66
1586,69
1684,73
1516,66
1373,64
1612,70
1509,66
1608,69
1684,73
1706,73
1539,68
1578,69
1684,73
1463,67
1524,66
1596,69
1664,72
1684,73
1684,73
1670,71
1494,66
1673,72
1633,71
1674,72
1684,73
1566,69
1619,70
1686,73
1501,67
1561,68
1444,67
1556,66
1696,71
1688,73
1600,69
1684,73
1475,64
1670,72
1693,71
1572,69
1560,68
1568,68
1583,70
1666,71
1664,72
1567,67
1507,66
1629,70
1521,68
1688,73
1715,72
1559,68
1493,65
1621,71
1428,64
1679,72
1567,69
1644,71
1672,71
1670,72
1691,72
1653,71
1630,70
1688,73
1684,73
1576,68
1591,69
1686,73
1661,72
1508,67
1475,66
1574,69
1468,64
1672,72
1547,68
1567,69
1566,69
1571,69
1650,71
1654,71
1576,69
1540,67
1579,67
1633,71
1489,66
1684,72
1605,69
1507,68
1604,70
1552,68
1657,72
1591,69
1569,69
1603,70
1664,72
1684,73
1686,73
1584,69
1669,72
1626,71
1358,63
1468,65
1694,73
1589,70
1563,69
1643,71
1485,65
1502,67
1411,62
1444,64
1704,73
1650,72
1484,66
1558,66
1652,72
1646,71
1684,72
1644,71
1572,68
1690,73
1684,73
1537,67
1656,72
1576,69
1508,67
1521,68
1595,70
1523,68
1619,70
1576,68
1662,72
1673,72
1598,69
1691,72
1607,70
1490,65
1598,70
1548,67
1747,73
1574,68
1455,64
1684,73
1682,73
1583,68
1687,70
1490,66
1506,67
1428,64
1627,71
1682,73
1638,71
1664,71
1477,66
1389,63
1510,66
1675,72
1582,69
1690,73
1537,65
1614,69
1665,72
1682,73
1552,68
1629,71
1599,70
1621,71
1461,66
1637,70
1627,71
1663,71
1690,73
1671,72
1669,72
1586,70
1682,73
1653,72
1698,73
1682,73
1494,64
1418,64
1668,71
1518,65
1652,72
1664,71
1682,73
1504,67
1538,65
1686,72
1694,73
1700,73
1576,69
1494,67
1607,70
1682,73
1559,68
1694,73
1662,72
1562,67
1578,70
1438,64
1551,68
1535,68
1700,72
1694,73
1564,69
1676,72
1682,73
1664,71
1682,73
1679,72
1600,69
1489,65
1546,66
1413,64
1686,73
1388,63
1682,73
1410,65
1504,66
1694,73
1664,71
1635,70
1634,70
1634,70
1390,63
1682,73
1694,73
1558,68
1578,69
1524,68
1682,73
1698,73
1570,68
1700,72
1661,72
1570,68
1658,70
1633,71
1460,62
1502,65
1626,70
1657,72
1636,71
1654,72
1692,73
1616,70
1606,70
1521,66
1557,67
1647,71
1509,68
1673,72
1630,71
1700,73
1467,64
1611,70
1508,66
1682,73
1531,69
1485,65
1682,73
1656,71
1460,64
1547,69
1504,66
1674,72
1682,73
1553,68
1398,63
1657,72
1696,73
1678,72
1682,73
1591,69
1682,73
1562,69
1563,67
1567,68
1630,70
1664,72
1664,72
1627,71
1686,73
1596,69
1686,73
1626,71
1661,72
1682,73
1686,73
1574,68
1565,69
1623,69
1485,65
1684,73
1690,73
1661,72
1682,73
1610,68
1432,65
1493,65
1583,68
1684,73
1530,67
1588,70
1534,66
1682,73
1480,64
1686,73
1652,71
1626,70
1682,73
1368,63
1689,71
1622,68
1548,68
1246,59
1666,71
1659,72
1628,71
1686,73
1668,71
1638,69
1555,68
1678,72
1676,72
1682,73
1679,72
1682,73
1700,72
1429,63
1631,70
1682,73
1640,71
1522,67
1640,72
1567,69
1604,69
1587,70
1470,65
1511,68
1597,69
1542,67
1651,71
1587,68
1688,72
1488,65
1662,71
1335,62
1682,73
1665,71
1664,71
1624,69
1521,68
1613,70
1432,66
1597,69
1421,63
1645,71
1634,70
1587,70
1529,68
1682,73
1682,73
1540,67
1676,72
1682,73
1591,69
1682,73
1694,73
1696,73
1626,71
1619,67
1468,65
1652,69
1682,72
1630,71
1686,73
1682,73
1650,72
1569,68
1670,72
1682,73
1613,70
1672,72
1664,72
1648,71
1618,68
1508,67
1690,72
1688,73
1599,68
1641,71
1694,73
1656,72
1579,70
1490,68
1615,70
1609,70
1682,73
1608,69
1660,71
1690,73
1537,65
1602,68
1647,71
1664,72
1659,72
1609,71
1619,70
1702,73
1609,71
1688,73
1589,68
1690,73
1702,70
1614,69
1678,72
1670,72
1680,72
1506,66
1686,73
1674,70
1616,69
1627,71
1505,66
1608,70
1636,70
1558,69
1682,73
1523,68
1702,73
1398,63
1682,73
1588,68
1557,65
1394,63
1586,68
1568,68
1682,73
1682,73
1686,72
1702,73
1563,69
1682,73
1641,70
1616,69
1520,66
1682,73
1530,68
1682,73
1613,70
1682,73
1520,68
1682,73
1563,67
1623,70
1682,73
1614,69
1534,67
1602,68
1682,73
1565,69
1682,73
1515,67
1676,72
1682,73
1692,73
1635,71
1682,73
1682,73
1491,65
1564,69
1638,71
1410,63
1643,71
1645,70
1653,71
1541,68
1690,73
1625,69
1585,69
1578,69
1682,73
1650,72
1590,69
1624,71
1692,73
1601,70
1592,69
1682,73
1624,70
1682,73
1521,67
1641,71
1479,64
1461,63
1642,71
1664,72
1636,71
1690,71
1566,66
1524,68
1528,65
1591,70
1514,67
1595,69
1671,72
1692,73
1682,73
1712,73
1605,70
1620,71
1637,70
1622,71
1600,70
1569,67
1666,72
1682,73
1609,70
1686,73
1655,72
1643,71
1520,67
1682,73
1433,65
1561,68
1692,73
1590,68
1684,73
1624,71
1671,72
1639,71
1680,72
1676,73
1583,69
1621,70
1592,70
1426,65
1649,72
1676,73
1648,69
1668,72
1615,71
1676,73
1660,72
1493,63
1617,69
1676,73
1555,69
1482,65
1550,67
1684,72
1676,73
1567,70
1676,73
1625,71
1674,72
1664,71
1646,72
1647,71
1646,72
1604,68
1495,65
1636,71
1522,64
1600,70
1530,66
1391,63
1676,73
1668,72
1626,71
1577,70
1676,73
1464,63
1692,73
1468,64
1649,71
1676,73
1676,73
1575,69
1647,71
1564,68
1697,73
1474,66
1671,71
1636,71
1646,71
1551,66
1676,73
1683,71
1573,69
1631,71
1613,70
1542,68
1591,69
1513,67
1558,68
1626,70
1655,71
1698,73
1676,73
1579,70
1605,70
1632,71
1596,70
1589,71
1694,73
1509,67
1617,70
1586,68
1576,68
1643,70
1650,72
1508,67
1542,67
1682,73
1647,71
1631,71
1626,71
1498,64
1676,73
1654,71
1537,68
1676,73
1602,71
1603,69
1702,73
1529,68
1676,73
1431,63
1676,73
1582,69
1613,69
1532,67
1665,72
1319,61
1641,72
1582,69
1537,64
1633,71
1696,73
1690,73
1585,69
1677,71
1674,73
1676,73
1680,72
1592,69
1645,71
1574,67
1676,73
1558,67
1705,73
1599,71
1665,72
1605,70
1543,67
1653,71
1644,70
1639,72
1510,66
1533,68
1495,65
1556,68
1609,70
1561,67
1598,67
1674,73
1611,71
1662,72
1502,67
1500,66
1548,67
1528,67
1588,68
1656,72
1684,73
1667,72
1638,71
1674,73
1676,73
1572,69
1442,64
1674,73
1651,71
1447,65
1674,73
1399,60
1674,73
1684,73
1643,69
1620,71
1674,73
1674,73
1676,73
1442,64
1615,70
1674,73
1536,67
1672,73
1506,67
1354,63
1600,69
1664,72
1587,69
1607,71
1655,72
1598,69
1619,71
1672,73
1570,69
1672,73
1670,70
1662,72
1634,71
1497,66
1651,72
1621,68
1611,71
1670,71
1641,71
1509,67
1676,72
1559,68
1630,70
1556,67
1536,68
1560,68
1538,69
1631,69
1625,69
1572,68
1555,67
1605,71
1570,68
1672,73
1674,73
1674,73
1609,71
1672,73
1615,69
1574,67
1631,71
1455,66
1617,70
1543,67
1674,73
1504,67
1562,69
1609,71
1676,73
1412,62
1672,73
1700,71
1570,67
1507,65
1629,71
1625,70
1508,67
1652,72
1494,66
1515,66
1672,73
1612,70
1679,71
1542,69
1609,70
1645,70
1620,69
1583,69
1462,65
1589,69
1659,72
1672,73
1672,73
1371,61
1620,70
1510,66
1680,72
1556,68
1572,68
1522,67
1576,67
1500,66
1582,68
1511,66
1520,67
1512,66
1663,72
1674,73
1678,72
1609,70
1382,62
1691,73
1520,66
1672,73
1697,71
1476,67
1672,73
1558,68
1666,72
1502,68
1512,66
1669,72
1694,73
1508,67
1646,71
1505,67
1676,73
1672,73
1379,62
1486,65
1658,70
1552,67
1617,70
1521,67
1567,68
1605,69
1628,70
1504,67
1630,71
1674,73
1631,71
1680,73
1491,67
1623,69
1554,67
1672,73
1500,67
1452,64
1672,73
1652,71
1584,70
1672,73
1552,67
1612,68
1514,65
1510,66
1672,72
1551,69
1620,69
1672,73
1456,64
1686,73
1626,71
1508,66
1231,59
1672,73
1674,73
1623,70
1628,71
1686,73
1672,73
1563,67
1672,73
1672,73
1672,73
1662,72
1603,69
1518,68
1577,67
1678,73
1652,71
1659,70
1657,72
1630,71
1594,69
1410,66
1674,73
1694,73
1387,63
1692,73
1456,64
1611,71
1674,72
1634,69
1692,73
1639,71
1672,73
1643,72
1634,71
1634,72
1684,72
1566,69
1494,65
1586,69
1654,72
1553,69
1641,72
1567,69
1587,69
1651,72
1672,73
1606,71
1654,71
1686,73
1682,73
1519,68
1647,72
1621,70
1672,73
1657,72
1638,71
1636,71
1576,67
1566,68
1548,67
1680,73
1538,66
1644,71
1650,71
1641,72
1631,71
1656,71
1587,70
1540,68
1672,73
1633,71
1672,73
1607,71
1617,69
1514,66
1535,68
1635,71
1688,73
1672,73
1583,69
1572,69
1620,70
1462,66
1656,72
1517,65
1648,72
1633,70
1386,63
1657,72
1589,69
1540,69
1608,70
1447,63
1488,65
1542,68
1680,72
1672,73
1606,69
1716,73
1499,64
1430,64
1672,73
1572,69
1700,73
1672,73
1586,70
1672,73
1493,66
1568,68
1643,72
1613,70
1660,71
1692,73
1660,72
1555,67
1672,73
1672,73
1524,64
1672,73
1567,68
1498,66
1562,69
1480,66
1629,72
1608,71
1657,71
1531,67
1394,60
1504,68
1540,69
1500,67
1522,68
1672,73
1601,70
1676,73
1504,65
1652,72
1542,67
1584,70
1572,69
1618,71
1641,72
1680,73
1577,68
1497,65
1514,66
1442,65
1497,66
1672,73
1572,69
1575,67
1561,66
1637,69
1592,67
1656,72
1596,68
1486,67
1676,73
1587,69
1554,68
1540,69
1662,72
1563,67
1641,72
1628,71
1632,71
1676,73
1574,68
1632,71
1672,73
1662,72
1628,70
1585,70
1674,73
1627,69
1657,72
1569,67
1672,73
1557,66
1672,73
1674,73
1454,65
1641,71
1660,72
1672,73
1522,67
1497,66
1672,73
1598,69
1575,68
1614,68
1575,68
1609,69
1584,69
1623,71
1504,66
1539,67
1601,69
1672,73
1575,69
1672,73
1672,73
1592,69
1672,73
1467,64
1444,64
1672,73
1661,71
1543,68
1697,73
1626,70
1449,66
1672,72
1513,66
1561,68
1483,66
1672,73
1558,69
1606,70
1608,70
1672,73
1459,65
1659,72
1550,66
1678,73
1625,70
1643,72
1641,72
1580,69
1501,65
1609,70
1541,68
1632,71
1637,71
1673,72
1682,73
1654,72
1511,67
1577,69
1688,73
1504,68
1631,67
1572,68
1442,64
1672,73
1607,68
1504,67
1518,66
1633,70
1434,65
1618,71
1663,70
1619,71
1634,71
1559,68
1720,73
1352,63
1619,68
1584,68
1680,73
1652,72
1628,71
1614,71
1661,72
1684,73
1672,73
1469,63
1672,73
1567,69
1656,72
1672,73
1667,71
1696,73
1633,69
1672,73
1662,70
1482,68
1667,72
1584,70
1603,70
1672,73
1375,64
1653,71
1575,68
1623,71
1618,70
1584,69
1646,72
1457,64
1579,67
1532,68
1680,73
1596,70
1607,69
1672,73
1672,73
1625,70
1496,68
1672,73
1562,68
1647,71
1641,72
1672,73
1659,72
1452,65
1558,68
1620,70
1564,68
1655,72
1655,72
1672,73
1606,69
1562,67
1514,66
1599,69
1666,72
1644,72
1646,72
1659,71
1442,63
1543,66
1555,68
1653,72
1619,70
1672,73
1715,73
1674,73
1331,60
1678,72
1612,70
1609,69
1543,67
1542,66
1523,67
1650,71
1649,72
1538,69
1447,64
1593,69
1618,70
1672,73
1544,67
1555,68
1575,67
1584,68
1531,67
1582,69
1668,72
1556,69
1595,70
1682,73
1512,64
1622,70
1631,71
1541,65
1632,71
1598,68
1601,68
1561,69
1579,69
1566,66
1631,71
1666,72
1652,71
1584,70
1672,73
1602,69
1482,64
1629,70
1584,70
1423,65
1672,73
1589,70
1562,67
1634,70
1457,65
1664,71
1638,70
1588,70
1671,70
1639,71
1609,70
1672,73
1458,64
1514,69
1694,73
1674,73
1460,64
1661,72
1599,70
1527,68
1659,72
1562,67
1423,65
1645,72
1641,72
1554,69
1312,60
1643,72
1627,71
1557,68
1530,67
1580,69
1672,73
1566,68
1644,71
1536,67
1629,71
1643,69
1642,72
1672,73
1672,73
1650,72
1644,72
1686,73
1588,70
1438,64
1676,73
1611,70
1657,72
1529,66
1590,69
1574,68
1632,70
1461,66
1665,72
1534,66
1642,71
1582,69
1609,69
1674,73
1631,70
1603,71
1471,66
1661,71
1631,71
1602,70
1519,65
1692,72
1580,68
1659,71
1602,69
1587,69
1623,69
1645,67
1642,70
1672,73
1662,72
1593,69
1639,71
1672,72
1525,66
1531,68
1603,70
1570,69
1591,70
1461,65
1532,66
1672,73
1712,73
1680,72
1587,70
1628,71
1605,71
1674,73
1625,72
1520,66
1618,70
1676,73
1653,70
1437,66
1481,68
1672,73
1645,69
1600,69
1557,67
1437,64
1673,72
1672,73
1594,70
1648,72
1646,71
1511,68
1662,72
1672,73
1609,70
1672,73
1608,68
1602,70
1586,69
1639,71
1684,73
1672,73
1564,67
1672,73
1672,73
1551,67
1653,71
1546,66
1603,70
1625,70
1608,69
1666,72
1672,73
1444,64
1492,65
1579,67
1576,68
1624,69
1657,72
1642,71
1647,70
1589,67
1642,71
1452,65
1672,73
1583,69
1676,73
1436,65
1532,65
1672,73
1588,68
1651,72
1625,70
1437,64
1656,72
1672,72
1672,73
1611,70
1553,68
1641,70
1619,70
1562,69
1437,63
1672,73
1647,70
1368,61
1574,67
1590,69
1580,68
1561,69
1672,73
1587,69
1649,72
1628,69
1653,71
1518,67
1619,70
1616,71
1644,72
1539,68
1672,73
1454,63
1577,68
1645,72
1681,71
1619,68
1672,73
1550,66
1625,71
1347,63
1566,69
1585,67
1672,73
1680,73
1590,69
1562,68
1672,72
1518,67
1519,67
1627,71
1608,69
1579,69
1574,68
1543,67
1634,70
1612,70
1418,64
1670,72
1660,72
1636,71
1579,68
1543,67
1607,70
1604,68
1676,73
1672,73
1666,72
1485,65
1543,68
1641,70
1680,72
1548,66
1591,69
1595,68
1585,70
1648,72
1658,72
1658,72
1674,73
1608,69
1512,67
1688,73
1690,72
1620,70
1666,71
1542,68
1686,73
1612,70
1676,73
1464,64
1692,73
1627,71
1529,67
1558,68
1648,72
1672,73
1672,73
1663,71
1513,67
1488,67
1710,73
1678,73
1672,73
1552,68
1672,73
1692,72
1524,65
1676,73
1609,69
1464,64
1588,70
1530,65
1662,72
1550,67
1672,73
1694,73
1647,71
1672,73
1672,73
1565,68
1596,69
1668,72
1672,73
1554,68
1463,64
1589,69
1672,73
1565,69
1568,69
1554,69
1616,70
1521,67
1641,72
1670,72
1539,66
1674,73
1645,71
1465,65
1628,71
1627,68
1614,71
1442,64
1646,72
1648,72
1672,73
1624,70
1561,69
1629,71
1664,72
1541,68
1491,66
1577,68
1675,72
1676,73
1672,73
1648,72
1668,72
1593,69
1676,73
1672,73
1644,71
1676,73
1655,71
1602,70
1575,68
1540,67
1589,68
1672,73
1674,73
1554,69
1437,63
1687,71
1600,70
1626,70
1660,72
1674,73
1672,73
1560,69
1650,71
1512,67
1674,73
1625,71
1581,68
1398,63
1674,72
1644,70
1672,73
1557,67
1534,68
1666,72
1672,73
1499,66
1651,71
1546,68
1607,68
1620,71
1632,70
1611,71
1606,71
1625,71
1662,72
1676,73
1672,73
1672,73
1600,69
1477,66
1485,65
1543,68
1670,73
1666,71
1670,73
1643,71
1670,73
1542,67
1670,73
1525,68
1660,72
1674,73
1639,72
1591,70
1608,71
1500,67
1633,70
1626,71
1431,65
1429,63
1556,67
1670,73
1597,69
1670,73
1670,73
1684,73
1670,73
1582,70
1670,73
1619,70
1592,71
1656,72
1652,72
1670,73
1484,65
1680,70
1670,73
1670,73
1590,70
1670,73
1492,67
1670,73
1680,73
1622,71
1536,66
1670,73
1672,73
1648,72
1624,70
1668,72
1548,68
1616,71
1672,73
1634,72
1670,73
1665,72
1592,67
1630,69
1694,73
1549,69
1574,70
1581,68
1510,68
1660,70
1539,67
1532,68
1584,67
1588,70
1620,71
1605,70
1611,70
1572,70
1466,65
1561,68
1696,73
1664,72
1628,70
1649,72
1509,66
1612,71
1670,72
1672,72
1572,67
1670,73
1668,72
1652,72
1621,70
1680,73
1597,68
1545,68
1602,70
1643,72
1636,71
1670,73
1672,73
1592,70
1637,70
1547,68
1670,73
1688,73
1595,70
1536,68
1444,65
1539,67
1542,67
1686,73
1672,71
1655,71
1468,66
1674,73
1635,72
1504,65
1650,71
1670,73
1672,73
1672,73
1579,68
1651,72
1676,73
1569,67
1591,69
1672,73
1642,71
1572,70
1674,73
1524,65
1674,73
1609,69
1386,63
1586,71
1611,69
1555,67
1670,73
1656,72
1632,71
1605,69
1672,73
1694,73
1406,64
1528,67
1650,72
1517,67
1503,66
1644,72
1674,73
1657,72
1540,68
1640,72
1670,73
1694,73
1683,72
1490,68
1692,73
1632,71
1656,72
1639,69
1550,68
1668,73
1663,72
1638,71
1672,73
1678,73
1637,72
1645,71
1582,70
1668,73
1634,71
1488,65
1539,66
1554,69
1664,71
1491,64
1636,71
1674,73
1503,66
1548,66
1651,71
1419,66
1668,73
1524,68
1680,73
1678,73
1535,68
1611,70
1640,71
1647,70
1684,73
1501,64
1434,64
1670,73
1660,72
1642,71
1600,71
1676,73
1556,69
1575,69
1556,69
1666,72
1503,66
1672,72
1540,66
1617,70
1617,71
1470,64
1580,70
1644,72
1606,71
1360,59
1485,65
1675,72
1678,73
1601,69
1653,71
1660,72
1549,67
1658,72
1554,67
1558,67
1666,73
1509,66
1668,73
1591,69
1660,72
1656,72
1544,68
1522,67
1518,68
1609,70
1660,72
1587,68
1545,67
1534,67
1474,66
1574,69
1686,73
1668,73
1546,69
1666,73
1588,70
1666,73
1613,70
1652,72
1641,72
1616,72
1508,67
1641,72
1658,72
1684,73
1666,73
1651,71
1561,68
1607,71
1451,63
1601,70
1666,73
1666,73
1630,71
1597,69
1637,70
1670,73
1516,68
1592,70
1466,65
1662,72
1608,70
1615,69
1617,70
1668,73
1678,73
1542,68
1653,72
1547,69
1577,70
1669,72
1600,71
1457,63
1666,73
1610,68
1622,70
1356,63
1595,69
1457,66
1598,70
1643,71
1666,71
1630,71
1666,73
1523,68
1581,69
1469,64
1573,68
1666,73
1632,71
1548,68
1634,71
1666,73
1536,68
1500,66
1666,73
1668,73
1584,70
1566,69
1666,73
1595,71
1631,70
1666,73
1614,72
1660,71
1434,64
1668,73
1670,73
1485,65
1418,63
1450,64
1571,70
1658,72
1670,73
1670,73
1615,70
1666,73
1630,70
1670,72
1577,69
1603,71
1583,69
1435,64
1668,73
1342,61
1666,73
1606,70
1605,68
1665,72
1678,73
1668,73
1530,69
1624,70
1454,66
1594,70
1668,73
1528,69
1668,73
1576,68
1517,68
1531,67
1543,69
1666,73
1647,72
1520,67
1337,60
1618,70
1510,68
1517,67
1658,72
1390,63
1642,71
1670,73
1604,70
1608,71
1584,70
1577,70
1588,70
1658,72
1666,73
1486,65
1666,73
1521,67
1425,64
1666,73
1614,70
1684,73
1466,65
1546,68
1666,73
1668,73
1543,68
1666,73
1668,73
1551,67
1389,62
1666,73
1621,70
1609,70
1666,73
1643,72
1638,71
1599,70
1497,67
1666,73
1666,73
1535,68
1441,64
1666,73
1668,73
1616,71
1652,72
1514,68
1586,69
1392,62
1560,69
1605,70
1668,73
1549,69
1571,69
1480,66
1671,72
1633,72
1626,70
1487,65
1666,73
1296,60
1487,65
1619,71
1495,65
1597,69
1668,73
1625,70
1534,66
1508,67
1683,72
1666,73
1656,72
1426,62
1480,66
1593,69
1666,73
1621,71
1614,68
1666,73
1543,68
1666,73
1666,73
1679,72
1636,71
1631,72
1605,71
1599,71
1676,73
1575,69
1641,72
1666,73
1409,64
1502,68
1594,70
1538,68
1589,69
1550,68
1636,72
1672,73
1635,72
1559,68
1666,73
1666,73
1631,72
1609,70
1666,73
1506,67
1493,67
1590,68
1580,70
1620,71
1626,71
1600,71
1636,72
1534,68
1640,71
1540,67
1530,69
1603,68
1560,68
1649,71
1499,66
1611,70
1633,71
1601,70
1662,72
1652,72
1507,68
1668,73
1399,64
1605,70
1600,69
1672,73
1606,70
1443,65
1668,73
1582,69
1472,65
1526,67
1668,73
1611,71
1589,69
1438,65
1666,73
1597,69
1511,66
1577,69
1658,72
1550,67
1434,65
1690,73
1613,71
1587,69
1668,73
1517,67
1595,70
1686,73
1545,67
1666,73
1609,68
1580,69
1495,65
1605,71
1479,66
1636,72
1682,73
1666,73
1565,68
1598,69
1585,69
1666,73
1554,69
1674,73
1609,71
1636,71
1552,66
1609,70
1635,71
1484,64
1455,66
1453,65
1603,70
1581,68
1544,68
1552,68
1652,72
1552,68
1658,72
1678,73
1537,69
1596,71
1666,73
1559,68
1626,70
1577,68
1314,61
1611,70
1690,73
1540,70
1565,69
1499,67
1471,66
1597,70
1423,65
1647,72
1608,71
1605,71
1666,73
1656,72
1520,68
1652,72
1618,72
1481,67
1439,64
1509,67
1528,67
1550,67
1593,69
1549,68
1658,72
1666,73
1672,73
1668,73
1682,73
1539,66
1640,72
1674,72
1579,69
1601,70
1561,68
1670,73
1515,68
1666,73
1670,73
1604,70
1653,71
1576,69
1431,64
1651,72
1676,73
1594,68
1488,64
1412,63
1666,73
1666,73
1329,60
1540,66
1600,68
1496,67
1503,67
1668,73
1471,66
1484,66
1599,71
1570,70
1611,71
1666,73
1672,73
1274,60
1614,71
1612,71
1610,71
1541,67
1512,65
1530,67
1584,70
1480,65
1613,71
1635,72
1612,70
1550,68
1629,70
1678,73
1645,71
1700,73
1526,68
1646,71
1668,73
1614,70
1552,68
1596,69
1481,67
1524,68
1679,72
1666,73
1640,71
1586,70
1641,71
1633,72
1587,67
1652,72
1605,71
1578,68
1582,70
1507,68
1506,68
1442,64
1452,65
1666,73
1668,73
1541,69
1666,73
1650,72
1682,73
1614,71
1622,70
1403,64
1526,66
1460,64
1505,68
1511,66
1666,73
1618,71
1483,65
1613,70
1670,73
1645,70
1601,70
1402,64
1666,73
1641,72
1641,70
1678,73
1565,69
1555,68
1429,64
1624,71
1399,64
1446,66
1666,73
1574,70
1581,70
1455,65
1638,70
1580,69
1657,69
1363,64
1505,66
1625,70
1631,72
1658,72
1659,71
1674,73
1585,69
1532,69
1591,68
1666,73
1519,65
1526,66
1580,69
1652,72
1644,71
1383,64
1658,72
1666,73
1647,70
1454,64
1601,70
1606,70
1547,66
1668,73
1680,73
1416,64
1666,72
1557,69
1592,70
1643,72
1666,73
1608,70
1476,64
1672,72
1543,68
1626,71
1674,73
1618,71
1608,71
1666,73
1542,68
1613,70
1495,64
1666,73
1649,71
1666,73
1466,65
1650,72
1580,69
1326,59
1593,69
1532,65
1423,63
1549,68
1642,71
1530,65
1449,66
1613,70
1566,69
1653,68
1652,72
1642,72
1670,73
1654,72
1658,72
1606,69
1676,73
1516,67
1657,71
1435,63
1454,64
1427,64
1572,69
1574,68
1608,70
1672,73
1455,66
1640,72
1666,73
1466,66
1519,67
1663,72
1583,70
1563,70
1626,71
1559,67
1666,72
1666,73
1485,64
1574,69
1447,63
1625,71
1519,68
1555,68
1624,71
1451,64
1482,66
1628,71
1670,73
1516,66
1574,68
1615,71
1569,68
1653,71
1485,65
1666,73
1612,71
1670,73
1646,72
1494,66
1642,72
1564,68
1668,72
1620,71
1508,67
1668,73
1688,73
1518,67
1499,64
1510,66
1580,69
1619,70
1638,72
1477,65
1606,70
1528,67
1563,67
1518,67
1666,73
1624,71
1668,73
1580,69
1460,63
1674,73
1477,65
1666,73
1659,71
1595,70
1553,68
1525,65
1427,64
1577,68
1417,64
1488,65
1666,73
1537,69
1668,73
1530,68
1603,69
1596,70
1668,73
1525,68
1672,73
1483,66
1561,70
1470,65
1460,63
1588,69
1667,69
1666,73
1529,66
1538,68
1636,72
1593,69
1484,65
1493,66
1564,69
1611,71
1614,72
1615,71
1668,73
1643,72
1479,65
1666,73
1630,71
1549,68
1501,66
1521,67
1654,71
1611,71
1581,69
1629,72
1352,61
1493,66
1680,72
1608,70
1449,64
1666,73
1616,71
1445,64
1426,63
1621,70
1666,73
1648,69
1662,72
1567,68
1448,62
1666,73
1688,73
1647,70
1635,72
1416,64
1588,68
1656,72
1340,61
1563,70
1670,73
1641,72
1489,66
1425,64
1518,65
1583,70
1613,70
1625,71
1570,68
1607,70
1668,73
1597,69
1662,72
1588,71
1561,69
1590,69
1577,69
1531,69
1561,68
1641,69
1672,73
1408,64
1674,73
1658,72
1608,70
1666,73
1666,73
1481,66
1666,73
1656,69
1662,72
1666,73
1609,69
1670,73
1497,66
1666,73
1581,70
1645,70
1598,71
1435,64
1579,69
1519,65
1438,63
1666,73
1498,67
1511,67
1659,71
1620,71
1547,66
1654,72
1666,73
1580,69
1642,71
1629,70
1553,68
1668,72
1622,71
1648,71
1321,60
1674,72
1666,73
1495,65
1609,70
1603,71
1595,70
1525,68
1608,70
1681,72
1642,69
1588,71
1606,70
1556,69
1499,66
1494,66
1413,63
1678,73
1498,67
1641,71
1666,73
1393,63
1611,71
1666,73
1678,73
1666,73
1553,68
1584,69
1666,73
1629,70
1579,69
1604,70
1401,63
1513,65
1658,72
1676,73
1488,65
1537,67
1452,64
1557,68
1666,73
1641,71
1572,68
1481,65
1519,67
1668,73
1666,73
1583,70
1636,71
1631,72
1626,71
1666,73
1561,70
1567,69
1591,69
1672,73
1588,71
1341,60
1507,66
1682,73
1597,70
1668,73
1621,71
1581,70
1654,72
1644,72
1485,67
1615,70
1495,67
1591,68
1369,61
1520,66
1420,65
1682,73
1615,70
1467,64
1394,63
1599,70
1666,73
1672,73
1599,69
1666,73
1598,71
1636,72
1575,68
1666,73
1596,69
1666,73
1645,71
1541,68
1552,67
1660,72
1463,66
1488,64
1599,71
1594,70
1666,73
1658,71
1610,70
1487,66
1672,71
1666,73
1678,73
1608,69
1469,64
1518,65
1447,65
1668,73
1658,71
1624,69
1318,57
1391,61
1651,72
1353,62
1662,73
1664,73
1573,70
1514,67
1490,66
1662,73
1637,72
1662,73
1656,72
1517,66
1666,73
1460,64
1597,71
1587,68
1543,68
1626,72
1652,71
1567,70
1662,73
1674,73
1666,73
1428,63
1662,73
1607,69
1627,72
1579,69
1662,73
1494,65
1431,64
1676,73
1662,73
1627,71
1481,64
1611,70
1660,72
1536,68
1617,70
1518,66
1419,64
1430,64
1570,68
1676,73
1576,70
1666,73
1528,68
1318,57
1581,69
1572,68
1666,73
1592,69
1632,72
1526,67
1539,67
1599,69
1492,66
1556,68
1575,68
1662,73
1601,69
1498,67
1662,73
1597,69
1516,66
1595,69
1590,70
1670,73
1524,67
1617,70
1544,68
1648,71
1666,73
1629,68
1672,73
1610,70
1621,70
1425,64
1611,70
1606,70
1550,68
1505,65
1668,73
1642,72
1662,73
1596,69
1627,71
1560,68
1664,73
1643,72
1588,71
1684,73
1628,71
1513,67
1664,73
1666,73
1468,65
1564,69
1563,69
1422,62
1404,63
1422,63
1662,73
1398,63
1680,73
1662,73
1460,64
1418,62
1662,73
1489,67
1645,72
1476,66
1520,67
1501,68
1662,73
1666,73
1583,69
1504,65
1670,73
1557,68
1602,69
1549,68
1474,65
1662,73
1572,69
1567,69
1670,73
1507,67
1356,62
1662,73
1662,73
1636,72
1627,69
1631,72
1527,66
1668,73
1594,69
1564,70
1668,73
1392,62
1622,69
1662,73
1508,66
1392,64
1527,67
1555,66
1666,73
1449,64
1668,73
1543,69
1672,73
1519,66
1292,62
1570,66
1594,71
1600,70
1529,66
1602,70
1575,70
1508,67
1626,69
1653,71
1584,70
1662,73
1493,67
1539,69
1676,73
1511,67
1465,64
1557,68
1602,70
1461,64
1539,69
1643,72
1662,73
1626,70
1471,66
1606,69
1622,71
1666,73
1609,71
1579,69
1467,65
1626,69
1668,73
1639,71
1662,73
1662,73
1485,65
1467,65
1670,73
1458,65
1664,73
1672,73
1575,69
1450,64
1627,71
1668,73
1604,69
1591,69
1245,60
1563,68
1662,73
1579,68
1538,67
1652,72
1571,68
1593,70
1530,68
1662,73
1662,73
1471,66
1662,73
1372,61
1470,68
1523,67
1592,68
1647,72
1469,66
1668,73
1610,69
1587,69
1641,71
1662,73
1662,73
1633,72
1486,65
1580,70
1619,70
1467,63
1468,64
1559,68
1669,72
1648,71
1664,72
1599,70
1662,73
1662,73
1515,66
1602,70
1251,57
1580,70
1664,73
1611,70
1670,73
1596,71
1604,70
1626,70
1660,72
1469,65
1662,73
1542,69
1670,73
1628,71
1335,62
1666,73
1631,72
1458,66
1662,73
1508,68
1668,73
1393,62
1668,73
1468,66
1536,67
1662,73
1615,67
1529,68
1616,72
1586,69
1505,66
1417,66
1540,68
1475,66
1562,67
1457,66
1498,66
1221,58
1287,60
1662,73
1566,68
1595,70
1482,64
1612,72
1651,72
1540,67
1527,68
1604,70
1566,68
1629,70
1570,68
1662,73
1579,68
1636,72
1537,67
1577,70
1585,69
1556,67
1638,70
1592,70
1660,72
1603,71
1519,66
1570,68
1680,73
1576,68
1608,70
1511,66
1498,66
1539,68
1616,71
1662,73
1324,61
1662,73
1525,67
1662,73
1498,69
1377,61
1543,66
1590,70
1575,68
1497,65
1615,70
1431,64
1526,67
1619,69
1462,65
1379,62
1509,67
1425,64
1596,70
1662,73
1487,68
1644,72
1447,67
1641,71
1575,68
1624,72
1490,65
1579,68
1592,69
1645,70
1630,70
1427,65
1668,70
1490,65
1620,71
1495,67
1490,68
1374,62
1672,73
1612,70
1664,73
1592,70
1560,69
1686,72
1487,66
1666,73
1588,71
1620,71
1473,67
1680,72
1640,72
1343,63
1571,70
1486,65
1666,73
1662,73
1668,73
1658,72
1621,70
1519,67
1631,72
1630,72
1635,70
1600,70
1629,71
1666,73
1662,73
1504,66
1678,73
1622,68
1649,71
1579,68
1552,67
1422,64
1414,63
1654,72
1531,67
1627,70
1666,73
1596,70
1607,70
1666,73
1622,70
1368,63
1662,73
1548,68
1618,70
1503,67
1506,65
1445,64
1616,70
1422,63
1462,64
1678,73
1670,73
1662,73
1557,66
1631,72
1688,73
1437,65
1469,65
1534,69
1490,66
1668,73
1491,67
1501,68
1533,68
1518,67
1548,68
1574,68
1628,72
1662,73
1473,64
1557,68
1531,68
1657,71
1601,69
1590,70
1386,62
1664,73
1553,68
1532,68
1507,67
1665,72
1466,66
1410,65
1512,67
1662,73
1662,73
1635,69
1582,69
1518,66
1480,66
1599,70
1618,70
1641,71
1598,70
1664,73
1676,73
1528,68
1582,69
1672,73
1631,71
1605,70
1662,73
1472,66
1670,73
1565,68
1594,70
1624,71
1540,68
1662,73
1654,72
1434,65
1617,70
1466,65
1666,73
1662,73
1424,64
1421,65
1611,70
1649,72
1581,68
1493,66
1680,73
1666,73
1662,73
1653,72
1454,64
1625,70
1616,71
1659,71
1674,72
1621,70
1662,73
1631,71
1380,62
1668,73
1668,73
1662,73
1446,64
1585,69
1660,72
1507,66
1529,66
1507,66
1628,70
1550,68
1590,68
1688,71
1666,69
1586,70
1441,66
1572,68
1472,65
1617,69
1542,68
1471,67
1597,70
1440,64
1441,64
1650,72
1662,73
1664,73
1562,69
1670,73
1449,65
1662,73
1458,65
1662,73
1676,73
1581,68
1603,70
1608,69
1418,64
1622,71
1526,66
1297,61
1405,63
1626,71
1666,73
1529,66
1496,67
1666,73
1641,72
1662,73
1370,63
1662,73
1563,66
1662,73
1487,68
1666,72
1640,70
1583,70
1662,73
1473,64
1603,69
1668,73
1617,71
1664,73
1666,73
1612,70
1575,68
1662,73
1654,72
1565,68
1614,71
1671,69
1519,67
1511,67
1680,73
1409,64
1646,72
1581,68
1439,66
1637,71
1662,73
1560,68
1655,71
1408,64
1662,73
1637,71
1668,73
1500,66
1643,71
1559,68
1606,69
1666,73
1662,73
1611,71
1582,70
1670,73
1662,73
1662,73
1386,63
1640,71
1507,67
1491,66
1644,70
1636,70
1463,64
1422,63
1621,70
1682,73
1668,73
1666,73
1639,70
1670,71
1508,66
1613,69
1662,73
1532,69
1513,67
1586,69
1670,73
1432,64
1662,73
1651,71
1664,73
1534,68
1664,73
1662,73
1662,73
1662,73
1662,73
1645,72
1662,73
1662,73
1656,72
1596,70
1646,71
1631,70
1356,62
1547,68
1590,70
1677,72
1537,66
1530,68
1650,72
1575,70
1666,73
1348,62
1568,68
1532,68
1497,67
1674,73
1640,71
1676,73
1598,70
1524,68
1604,69
1612,70
1351,61
1662,73
1678,73
1664,73
1619,70
1488,66
1620,71
1664,73
1585,68
1680,73
1567,69
1463,66
1609,69
1458,64
1439,64
1615,71
1628,71
1628,71
1668,73
1652,72
1551,67
1580,68
1556,68
1581,68
1491,66
1501,67
1650,72
1503,67
1593,70
1409,66
1672,73
1619,70
1602,70
1662,73
1656,72
1678,72
1658,72
1605,70
1627,70
1662,73
1668,73
1680,73
1628,72
1520,65
1655,71
1650,72
1612,69
1639,71
1659,71
1619,70
1662,73
1662,73
1541,69
1662,73
1543,68
1598,69
1600,69
1616,70
1507,68
1540,68
1612,69
1578,69
1642,72
1656,72
1627,72
1545,68
1619,71
1622,71
1616,71
1625,71
1646,70
1674,71
1582,69
1457,65
1614,70
1581,70
1664,71
1613,69
1584,68
1662,73
1578,69
1564,69
1578,69
1662,73
1574,69
1594,69
1591,69
1541,69
1662,73
1662,73
1672,73
1435,66
1662,73
1625,70
1637,71
1508,65
1543,68
1563,68
1608,69
1608,70
1659,70
1543,68
1560,67
1551,68
1499,66
1662,73
1555,68
1555,67
1662,73
1662,73
1480,65
1629,71
1529,66
1658,71
1662,73
1571,67
1664,73
1604,70
1698,71
1667,72
1580,69
1666,73
1547,68
1496,68
1599,71
1594,68
1619,71
1599,69
1524,66
1654,72
1662,73
1453,64
1602,69
1676,72
1641,72
1628,71
1539,66
1650,71
1649,71
1525,65
1710,73
1487,65
1616,71
1514,68
1674,73
1530,67
1682,73
1590,70
1662,73
1662,73
1620,71
1587,69
1590,70
1478,64
1662,73
1652,72
1600,69
1651,71
1662,73
1587,68
1633,71
1487,68
1668,73
1559,70
1642,72
1643,71
1662,73
1652,72
1661,71
1584,68
1561,68
1662,73
1509,66
1670,73
1615,70
1662,73
1651,71
1633,70
1576,70
1638,72
1517,66
1674,73
1504,68
1656,72
1656,72
1611,71
1630,70
1630,70
1460,67
1660,72
1435,65
1662,73
1529,66
1627,70
1555,68
1670,72
1638,71
1618,72
1652,72
1596,70
1535,68
1591,69
1666,73
1552,68
1662,73
1513,66
1690,73
1678,72
1672,73
1612,69
1639,71
1622,70
1601,70
1662,73
1454,65
1642,72
1679,71
1505,64
1662,73
1632,70
1506,66
1684,73
1644,71
1666,73
1625,72
1662,73
1575,69
1466,65
1668,73
1665,72
1595,71
1491,65
1666,72
1682,73
1537,65
1640,70
1662,73
1626,71
1623,70
1631,71
1557,70
1419,63
1358,61
1579,68
1662,73
1648,71
1662,73
1638,70
1422,64
1630,72
1662,73
1614,70
1572,68
1489,65
1649,71
1475,67
1620,71
1510,65
1674,72
1662,73
1422,64
1470,66
1623,70
1617,69
1680,73
1678,73
1588,70
1509,66
1491,65
1651,71
1664,73
1523,65
1662,73
1630,70
1627,69
1668,73
1477,65
1496,66
1560,67
1670,73
1485,64
1674,72
1585,70
1568,69
1547,70
1494,67
1662,73
1656,72
1668,73
1661,70
1660,73
1660,73
1432,65
1610,71
1580,69
1676,73
1478,63
1641,72
1644,72
1660,73
1557,67
1521,69
1624,71
1662,73
1577,69
1662,73
1503,67
1596,69
1660,73
1505,67
1650,72
1593,71
1630,71
1654,71
1666,73
1455,64
1477,66
1634,72
1660,73
1682,73
1545,70
1620,71
1538,67
1429,65
1650,72
1465,66
1493,66
1666,73
1619,70
1539,68
1614,71
1660,73
1490,67
1546,68
1668,73
1356,61
1471,65
1486,65
1542,66
1537,66
1660,73
1660,73
1647,72
1502,67
1583,69
1624,71
1593,69
1543,68
1674,72
1640,71
1623,72
1660,73
1703,72
1444,64
1551,68
1646,72
1492,65
1618,70
1613,70
1629,70
1603,69
1581,69
1666,73
1660,73
1644,72
1512,66
1660,73
1535,66
1423,62
1473,64
1601,70
1666,73
1591,69
1660,73
1605,70
1668,73
1672,73
1605,70
1542,68
1631,71
1660,73
1555,69
1464,64
1640,72
1576,69
1646,72
1597,69
1550,67
1649,70
1644,72
1556,68
1452,66
1598,68
1660,73
1479,65
1599,70
1609,71
1582,70
1662,72
1690,73
1605,70
1582,70
1448,65
1662,73
1664,73
1668,73
1581,69
1409,64
1615,70
1537,69
1626,71
1672,73
1608,70
1617,70
1668,72
1571,70
1636,70
1686,72
1496,67
1698,73
1594,70
1394,65
1594,70
1664,72
1555,69
1563,70
1660,73
1664,72
1565,69
1590,71
1548,67
1633,71
1630,72
1660,73
1630,72
1670,72
1533,68
1517,68
1668,73
1628,71
1676,73
1553,68
1615,71
1496,67
1479,66
1638,71
1563,68
1507,68
1600,69
1633,72
1584,69
1485,68
1594,68
1670,73
1660,73
1658,72
1425,64
1629,72
1660,73
1583,68
1530,66
1533,68
1569,69
1644,72
1448,64
1513,67
1666,73
1610,70
1612,72
1660,72
1660,73
1479,64
1660,73
1462,64
1658,72
1603,71
1660,73
1582,70
1619,71
1650,72
1609,70
1602,70
1670,72
1645,71
1472,65
1538,70
1674,73
1451,65
1629,71
1507,67
1626,70
1599,70
1545,67
1426,65
1561,69
1668,73
1548,68
1576,69
1660,73
1676,73
1557,70
1660,73
1664,73
1496,69
1535,68
1474,66
1591,69
1608,70
1616,70
1271,60
1635,72
1493,65
1609,70
1568,67
1531,68
1581,69
1606,70
1660,73
1613,71
1624,71
1660,73
1668,72
1550,66
1660,73
1660,73
1640,71
1662,73
1620,70
1628,71
1660,73
1473,66
1401,64
1513,68
1493,66
1434,65
1676,73
1447,66
1664,73
1621,71
1399,64
1644,71
1668,73
1570,69
1660,73
1620,70
1534,68
1662,73
1452,66
1454,66
1660,73
1656,72
1505,67
1670,73
1409,64
1668,73
1609,70
1508,66
1608,70
1555,69
1572,69
1649,72
1399,64
1670,73
1597,71
1599,70
1602,70
1621,70
1570,68
1664,73
1632,72
1660,73
1592,70
1411,64
1644,72
1623,72
1652,70
1664,73
1656,72
1621,70
1662,73
1603,71
1625,72
1636,72
1596,70
1478,66
1644,72
1513,67
1548,69
1488,66
1660,73
1578,69
1668,73
1511,67
1660,73
1589,69
1660,73
1425,63
1614,69
1525,67
1538,67
1621,71
1432,64
1644,72
1481,66
1660,73
1660,73
1605,70
1635,71
1658,73
1547,69
1446,66
1614,71
1657,70
1469,66
1435,66
1599,70
1601,70
1492,65
1664,73
1658,73
1664,73
1650,70
1605,71
1526,66
1668,73
1399,60
1644,72
1591,70
1500,65
1472,66
1454,63
1470,66
1573,68
1474,66
1634,71
1677,72
1489,65
1659,72
1665,71
1567,69
1601,70
1660,73
1585,70
1664,73
1422,64
1658,73
1556,69
1598,69
1658,73
1632,72
1552,67
1683,72
1640,72
1421,66
1632,72
1670,73
1537,68
1553,70
1658,73
1547,68
1648,72
1658,73
1695,73
1606,69
1658,73
1487,66
1676,73
1519,67
1658,73
1539,68
1621,71
1480,66
1487,68
1658,73
1479,64
1641,71
1658,72
1674,73
1653,71
1666,73
1631,71
1560,70
1634,72
1662,72
1522,68
1369,63
1521,67
1658,73
1660,73
1634,72
1664,73
1658,73
1664,73
1628,72
1539,67
1600,69
1658,73
1567,68
1603,71
1606,70
1602,70
1620,72
1601,69
1648,72
1546,69
1559,70
1656,71
1602,69
1662,73
1672,73
1682,73
1639,72
1649,71
1601,70
1565,69
1597,70
1583,69
1635,72
1552,68
1540,67
1512,64
1327,61
1641,71
1627,71
1489,66
1628,72
1670,73
1494,67
1660,73
1525,67
1635,71
1568,68
1561,68
1666,73
1662,73
1603,70
1557,70
1558,68
1635,72
1542,67
1605,70
1670,73
1460,65
1658,73
1686,73
1414,62
1514,67
1622,72
1618,71
1549,68
1543,69
1579,68
1528,69
1531,67
1561,67
1595,70
1571,68
1538,68
1623,71
1561,69
1702,73
1670,73
1488,66
1369,61
1578,70
1641,71
1625,71
1672,73
1592,70
1602,70
1539,68
1621,71
1542,69
1515,68
1485,67
1626,69
1674,73
1557,70
1538,67
1684,73
1475,63
1658,73
1510,66
1583,70
1658,73
1658,73
1658,73
1605,70
1625,72
1519,67
1584,67
1658,73
1658,73
1567,68
1666,73
1524,69
1539,67
1477,66
1453,66
1633,71
1658,73
1620,72
1672,73
1680,73
1415,65
1480,66
1641,72
1658,73
1660,73
1658,73
1405,63
1589,71
1554,68
1583,70
1600,70
1630,71
1410,63
1640,72
1414,62
1581,68
1678,72
1658,73
1603,70
1569,68
1546,67
1463,64
1416,63
1658,73
1570,69
1404,63
1580,69
1466,65
1682,73
1601,71
1607,69
1639,72
1523,69
1581,70
1618,71
1519,66
1658,73
1532,69
1585,71
1510,67
1544,67
1504,68
1544,68
1306,61
1460,66
1353,61
1575,69
1630,71
1501,67
1460,67
1555,68
1620,72
1306,61
1643,72
1658,73
1655,71
1617,70
1476,66
1592,70
1622,72
1569,70
1338,62
1583,70
1658,73
1626,72
1644,71
1579,69
1332,60
1658,73
1605,71
1662,73
1551,69
1352,63
1566,70
1456,65
1624,71
1658,73
1658,73
1668,73
1639,72
1658,73
1586,69
1468,65
1641,72
1451,65
1534,68
1695,72
1554,69
1658,73
1658,73
1574,70
1564,68
1658,73
1503,66
1504,67
1618,70
1549,69
1619,71
1554,68
1453,64
1657,71
1570,69
1549,68
1573,69
1371,62
1383,64
1658,73
1512,66
1569,69
1490,66
1488,66
1572,69
1535,69
1600,70
1690,73
1570,68
1617,70
1595,69
1553,69
1574,69
1614,70
1658,73
1658,73
1658,73
1630,72
1553,68
1624,71
1642,72
1658,73
1622,70
1596,70
1415,62
1620,71
1491,66
1550,69
1619,71
1638,72
1556,70
1664,73
1658,73
1616,70
1523,67
1602,70
1630,71
1572,69
1625,72
1660,73
1466,66
1599,68
1591,69
1559,69
1515,66
1660,73
1580,70
1546,68
1676,73
1467,66
1518,66
1584,70
1622,70
1619,69
1638,71
1416,63
1449,64
1628,72
1614,69
1621,72
1658,73
1617,71
1622,70
1502,67
1652,72
1638,70
1595,70
1589,70
1660,73
1660,73
1658,73
1295,61
1482,66
1508,67
1648,72
1658,73
1633,70
1601,70
1540,67
1454,65
1483,66
1658,73
1601,70
1563,69
1539,70
1604,72
1526,69
1646,72
1482,66
1516,67
1660,73
1658,73
1523,67
1555,69
1644,72
1547,68
1658,73
1658,73
1635,71
1477,65
1596,70
1658,73
1601,70
1660,73
1522,67
1668,73
1459,66
1456,66
1626,70
1634,72
1533,67
1658,73
1658,73
1630,72
1472,66
1658,73
1658,73
1627,72
1563,69
1541,68
1636,69
1658,73
1345,63
1607,70
1676,71
1499,67
1610,71
1504,68
1617,70
1594,70
1476,67
1598,70
1537,69
1497,67
1644,72
1599,69
1613,70
1513,67
1644,71
1451,66
1612,70
1467,66
1424,64
1497,66
1635,71
1644,72
1644,72
1617,71
1418,65
1497,67
1519,68
1672,73
1658,73
1700,73
1658,73
1658,73
1654,72
1556,70
1609,70
1557,70
1580,69
1658,73
1637,71
1656,72
1658,73
1600,70
1658,73
1670,73
1589,70
1627,70
1658,73
1591,71
1672,73
1434,65
1580,69
1537,68
1658,73
1483,65
1600,70
1624,71
1557,70
1597,70
1658,73
1658,73
1678,73
1654,72
1601,70
1511,67
1640,71
1662,73
1531,67
1454,64
1660,73
1565,69
1586,69
1543,68
1559,69
1606,70
1591,70
1658,73
1658,73
1658,73
1627,72
1595,71
1541,68
1674,73
1620,68
1630,72
1647,71
1647,71
1612,71
1662,73
1618,71
1520,67
1466,67
1648,72
1658,73
1512,67
1622,70
1542,66
1664,73
1674,73
1524,69
1658,73
1658,73
1658,73
1666,73
1491,66
1658,73
1439,65
1566,69
1644,70
1592,70
1623,70
1496,65
1425,65
1637,71
1630,71
1351,61
1660,73
1662,73
1684,73
1513,67
1668,73
1619,70
1594,70
1660,73
1456,65
1483,66
1658,73
1507,68
1436,64
1479,66
1658,73
1619,70
1614,70
1652,72
1446,64
1526,69
1464,66
1658,73
1493,64
1619,71
1550,68
1656,71
1566,69
1676,73
1664,73
1571,69
1523,68
1466,66
1521,66
1353,62
1658,73
1664,73
1563,67
1656,72
1522,67
1658,73
1638,72
1504,65
1631,71
1649,70
1633,71
1658,73
1626,70
1658,73
1410,66
1500,66
1660,73
1635,72
1656,72
1658,73
1631,71
1658,73
1391,63
1482,66
1658,73
1599,71
1644,71
1574,67
1658,73
1621,70
1641,72
1626,72
1606,70
1629,72
1531,67
1658,73
1630,70
1658,73
1500,67
1467,65
1658,73
1579,70
1646,70
1618,71
1496,67
1483,66
1598,70
1450,64
1535,68
1658,73
1668,73
1664,73
1579,68
1600,69
1593,71
1654,72
1608,71
1631,70
1658,73
1479,65
1328,61
1492,66
1528,67
1596,71
1490,66
1546,68
1634,72
1518,67
1311,61
1521,69
1555,68
1606,70
1671,72
1576,68
1629,72
1561,68
1612,70
1597,69
1658,73
1608,71
1556,70
1523,67
1331,59
1629,72
1649,72
1674,73
1606,70
1506,68
1658,73
1658,73
1589,68
1658,73
1527,67
1658,73
1630,71
1651,72
1496,68
1664,73
1510,67
1605,70
1499,66
1658,72
1658,73
1528,66
1592,70
1644,71
1512,68
1472,66
1606,70
1594,71
1684,73
1507,66
1545,68
1594,70
1638,71
1596,70
1629,72
1628,71
1582,70
1500,64
1620,71
1658,73
1609,70
1658,73
1507,65
1547,68
1383,62
1680,73
1607,69
1630,72
1402,66
1624,71
1528,68
1658,73
1658,73
1591,70
1658,73
1656,72
1621,71
1545,69
1583,68
1660,73
1666,73
1670,73
1559,69
1582,69
1537,69
1547,69
1658,73
1686,73
1664,73
1602,69
1658,73
1497,66
1634,72
1441,63
1476,66
1662,73
1614,71
1666,73
1521,66
1586,69
1600,70
1624,71
1346,63
1615,70
1563,70
1531,67
1651,72
1590,70
1615,71
1658,73
1568,68
1633,71
1658,73
1593,70
1617,70
1658,73
1643,72
1668,73
1660,73
1610,71
1533,67
1660,73
1633,71
1534,69
1496,66
1658,73
1658,73
1564,69
1582,69
1676,73
1428,65
1658,72
1592,69
1608,71
1504,67
1658,73
1264,60
1533,68
1537,69
1530,68
1658,73
1633,71
1658,73
1625,70
1644,72
1552,69
1350,61
1535,68
1671,71
1660,73
1670,73
1594,70
1399,64
1629,71
1523,67
1570,67
1658,73
1354,60
1601,70
1479,67
1658,72
1577,70
1658,73
1626,72
1622,71
1634,71
1634,70
1573,68
1658,73
1652,72
1658,73
1603,70
1649,71
1497,66
1477,67
1649,72
1640,72
1602,70
1639,71
1503,66
1604,70
1515,68
1531,69
1611,69
1660,73
1645,71
1495,65
1507,67
1643,72
1626,72
1658,73
1652,72
1451,65
1645,72
1578,69
1615,71
1567,69
1432,65
1585,69
1617,71
1458,65
1641,72
1519,69
1660,73
1645,71
1574,69
1575,69
1635,70
1544,68
1524,68
1611,71
1658,73
1407,63
1552,69
1512,68
1558,69
1662,73
1668,71
1565,69
1576,69
1658,73
1475,66
1485,67
1658,73
1586,69
1487,66
1353,61
1422,64
1641,72
1537,69
1522,68
1625,71
1658,73
1627,72
1473,65
1684,73
1511,66
1562,68
1660,72
1658,73
1634,72
1539,69
1621,69
1674,73
1511,66
1624,72
1658,73
1658,73
1579,70
1562,69
1504,68
1539,69
1630,72
1664,73
1587,70
1676,73
1666,72
1506,67
1621,70
1617,71
1674,73
1680,73
1578,68
1609,69
1658,73
1534,67
1658,73
1640,71
1622,70
1668,73
1668,73
1558,69
1674,73
1542,68
1658,73
1668,73
1429,65
1468,64
1559,68
1624,72
1415,66
1625,72
1512,66
1556,70
1577,70
1660,73
1594,71
1571,69
1471,65
1618,71
1662,73
1668,73
1474,66
1662,73
1642,72
1658,73
1627,72
1674,72
1567,68
1668,73
1658,73
1629,72
1664,73
1554,69
1527,67
1605,71
1658,73
1658,73
1658,73
1282,59
1542,66
1451,64
1674,73
1427,64
1598,71
1619,71
1644,70
1595,68
1466,66
1427,64
1432,64
1681,73
1578,68
1554,69
1583,69
1532,66
1658,73
1614,70
1658,73
1587,68
1598,70
1666,73
1470,65
1660,73
1629,70
1658,73
1596,70
1619,71
1518,67
1523,67
1506,67
1572,67
1519,65
1529,64
1658,73
1571,69
1585,70
1506,66
1633,72
1642,72
1374,61
1597,70
1595,70
1596,69
1687,73
1557,69
1542,66
1453,65
1388,61
1658,73
1630,71
1513,69
1660,73
1588,69
1658,73
1566,69
1626,71
1553,68
1602,67
1642,72
1508,69
1671,71
1658,73
1660,72
1658,73
1628,71
1658,73
1441,64
1695,73
1606,71
1349,62
1572,67
1649,71
1429,63
1457,66
1658,73
1675,72
1613,70
1644,70
1471,65
1658,73
1658,73
1437,61
1556,70
1584,69
1600,69
1479,65
1626,70
1658,73
1608,70
1420,63
1421,63
1584,71
1648,72
1658,73
1589,70
1652,72
1629,71
1541,68
1650,72
1514,67
1468,67
1627,72
1685,73
1508,67
1649,72
1648,72
1601,68
1604,69
1529,67
1567,69
1560,69
1624,71
1658,73
1612,71
1608,70
1411,62
1384,64
1660,73
1608,71
1592,69
1574,70
1271,59
1567,67
1618,71
1367,63
1658,73
1634,72
1664,73
1658,73
1380,62
1621,71
1555,68
1539,67
1487,67
1652,71
1642,72
1658,73
1581,68
1637,71
1658,72
1670,73
1658,73
1589,69
1351,62
1580,71
1496,67
1637,71
1601,70
1658,73
1658,73
1564,68
1355,63
1327,61
1527,66
1595,70
1629,72
1515,67
1646,71
1584,69
1627,72
1624,69
1611,69
1668,73
1651,71
1437,65
1349,61
1384,62
1658,73
1683,71
1639,72
1666,73
1660,72
1600,70
1641,72
1400,65
1672,73
1648,72
1627,71
1658,73
1658,73
1474,64
1355,62
1608,69
1558,69
1645,72
1680,73
1439,65
1566,69
1631,72
1644,71
1648,72
1521,67
1671,71
1536,68
1650,72
1386,64
1571,68
1455,65
1465,67
1351,60
1487,65
1581,70
1612,71
1518,67
1525,67
1658,72
1658,73
1605,70
1668,73
1601,71
1595,68
1588,70
1216,59
1451,66
1518,67
1658,73
1658,73
1618,69
1432,64
1550,68
1568,69
1498,67
1490,65
1440,66
1615,69
1678,73
1516,67
1658,72
1658,73
1572,69
1663,71
1441,64
1639,72
1682,73
1635,70
1660,73
1672,73
1407,62
1642,72
1596,70
1629,70
1638,72
1599,69
1630,72
1626,71
1639,71
1566,69
1531,69
1472,64
1658,73
1592,70
1667,72
1498,67
1623,70
1656,72
1595,71
1533,69
1698,73
1473,66
1512,67
1546,67
1560,69
1633,70
1662,73
1593,68
1394,64
1541,66
1400,63
1641,72
1556,70
1402,63
1636,71
1667,71
1460,65
1390,62
1432,62
1673,72
1560,70
1672,73
1415,64
1493,67
1571,70
1624,69
1624,69
1646,72
1423,65
1466,66
1516,66
1672,73
1658,73
1582,70
1641,72
1377,62
1660,73
1644,72
1662,73
1577,67
1585,69
1618,72
1658,73
1663,69
1601,68
1376,61
1690,73
1614,68
1658,73
1614,72
1678,72
1568,69
1638,72
1584,70
1558,69
1614,71
1658,73
1666,73
1626,71
1548,68
1648,72
1609,70
1463,66
1630,71
1381,64
1674,73
1532,67
1515,64
1632,72
1658,73
1626,72
1560,70
1540,68
1658,73
1658,73
1506,67
1658,73
1573,68
1472,63
1658,73
1670,72
1503,67
1643,72
1660,73
1489,65
1613,71
1596,70
1602,70
1660,73
1658,73
1529,68
1483,66
1653,71
1536,68
1513,65
1651,71
1573,68
1658,73
1662,72
1620,71
1549,69
1655,70
1668,73
1350,62
1634,69
1658,73
1612,69
1537,66
1487,65
1542,68
1650,72
1660,73
1513,67
1439,63
1606,69
1566,71
1626,70
1686,73
1549,68
1485,64
1583,67
1684,73
1658,73
1672,73
1658,73
1648,72
1610,68
1658,73
1676,73
1450,63
1660,72
1618,71
1586,68
1603,69
1595,69
1406,65
1668,71
1505,66
1646,70
1658,73
1640,71
1652,72
1603,68
1584,70
1526,68
1507,65
1350,62
1544,68
1550,68
1694,73
1652,72
1538,68
1475,65
1498,67
1630,70
1664,73
1539,67
1641,71
1637,72
1568,68
1495,65
1618,71
1381,64
1658,73
1631,72
1631,71
1571,69
1310,58
1374,60
1668,73
1431,65
1579,69
1630,72
1484,67
1571,70
1572,69
1645,71
1664,73
1688,72
1512,66
1670,73
1559,69
1624,70
1590,70
1634,70
1594,68
1673,72
1641,71
1527,68
1600,70
1607,69
1638,71
1686,72
1624,72
1662,73
1658,73
1617,71
1425,62
1636,72
1588,71
1550,68
1604,70
1706,72
1588,70
1541,68
1658,73
1641,70
1636,72
1528,68
1477,65
1500,68
1662,72
1493,67
1592,71
1591,70
1613,69
1597,70
1546,69
1604,70
1530,67
1658,73
1666,71
1656,72
1601,71
1624,71
1405,62
1456,64
1560,69
1658,73
1644,72
1684,73
1505,67
1650,72
1658,73
1608,69
1441,64
1607,71
1660,73
1664,73
1425,64
1504,66
1487,66
1658,73
1571,69
1636,72
1668,72
1606,69
1554,69
1668,73
1520,67
1586,70
1460,66
1399,64
1621,72
1654,72
1528,68
1538,68
1662,72
1393,60
1382,61
1642,71
1502,67
1572,69
1658,73
1561,70
1658,73
1644,72
1614,71
1595,71
1516,68
1581,69
1516,68
1651,72
1645,71
1421,62
1391,61
1620,71
1658,73
1618,71
1583,70
1573,68
1668,73
1506,68
1650,72
1620,71
1629,71
1408,64
1658,73
1543,69
1658,73
1553,68
1658,73
1626,72
1603,70
1658,73
1578,69
1637,70
1658,73
1423,64
1625,69
1635,72
1672,73
1603,70
1658,73
1676,72
1466,65
1684,73
1387,62
1658,73
1638,70
1642,72
1596,69
1497,67
1575,70
1597,70
1667,71
1415,63
1684,73
1660,73
1645,72
1632,70
1660,73
1462,65
1618,70
1586,69
1706,71
1635,71
1618,70
1662,72
1624,72
1658,73
1626,71
1556,69
1658,73
1658,73
1605,70
1628,70
1658,73
1601,71
1519,69
1621,70
1512,68
1643,71
1656,72
1644,72
1622,70
1660,71
1470,65
1621,70
1670,73
1660,73
1660,72
1627,71
1379,63
1684,73
1656,72
1645,71
1546,67
1517,67
1592,70
1668,73
1582,70
1569,69
1625,72
1629,70
1508,67
1516,67
1686,73
1533,67
1658,73
1632,72
1658,73
1680,73
1658,73
1690,73
1604,72
1616,71
1564,67
1640,72
1388,64
1634,71
1670,73
1645,71
1635,70
1380,65
1531,68
1555,69
1622,70
1576,69
1630,71
1623,71
1561,69
1668,73
1660,73
1614,71
1592,70
1552,69
1648,72
1597,70
1664,73
1668,72
1595,69
1601,71
1496,67
1548,69
1660,73
1631,71
1658,73
1620,71
1574,68
1396,63
1445,66
1570,68
1412,65
1682,73
1494,66
1643,71
1640,72
1583,69
1658,73
1586,69
1587,70
1658,73
1656,72
1516,66
1652,72
1672,73
1597,71
1429,63
1522,67
1666,73
1549,67
1651,69
1640,72
1662,73
1619,71
1512,66
1658,73
1507,68
1471,66
1666,73
1658,72
1554,67
1494,68
1658,73
1604,70
1658,73
1614,71
1658,73
1542,67
1658,73
1513,66
1646,72
1420,62
1658,73
1658,73
1397,64
1658,73
1440,64
1550,68
1534,65
1605,71
1459,65
1658,73
1587,70
1665,72
1522,67
1620,70
1658,73
1461,67
1620,71
1538,68
1508,66
1658,73
1575,68
1598,70
1631,70
1633,70
1669,72
1670,73
1603,71
1568,70
1611,70
1534,68
1704,73
1646,72
1619,70
1413,63
1650,72
1658,73
1658,73
1640,71
1592,69
1553,68
1666,73
1564,69
1531,67
1644,72
1523,66
1493,66
1501,66
1531,68
1470,66
1638,72
1637,72
1685,72
1645,69
1580,68
1442,63
1571,70
1576,70
1658,72
1585,70
1658,73
1658,73
1545,68
1597,70
1528,67
1496,67
1381,65
1585,70
1601,71
1486,65
1458,65
1658,73
1583,69
1521,66
1279,58
1591,70
1622,72
1456,65
1519,65
1658,73
1454,66
1587,69
1658,73
1527,67
1646,72
1663,71
1666,73
1527,68
1566,69
1450,64
1621,70
1464,62
1541,67
1618,71
1417,64
1461,66
1682,73
1617,69
1618,70
1647,71
1524,68
1676,73
1658,73
1465,66
1670,73
1658,72
1658,73
1662,72
1554,69
1660,73
1660,73
1352,63
1653,72
1397,64
1558,70
1658,73
1633,71
1668,71
1641,72
1580,70
1529,69
1352,63
1658,73
1561,69
1642,72
1579,67
1630,70
1604,72
1437,67
1523,68
1658,73
1544,69
1491,67
1484,66
1666,73
1574,70
1670,73
1594,69
1590,69
1658,73
1367,62
1568,70
1624,71
1632,71
1345,62
1595,68
1580,69
1620,72
1666,73
1487,66
1485,66
1586,70
1622,70
1434,63
1650,72
1666,73
1667,70
1456,67
1437,65
1572,70
1634,71
1658,73
1528,66
1598,69
1599,69
1629,71
1634,71
1378,62
1422,65
1650,72
1658,73
1640,71
1614,69
1496,65
1639,72
1670,73
1684,73
1643,70
1658,73
1419,65
1548,67
1646,72
1604,71
1658,72
1662,73
1664,72
1532,68
1658,73
1596,70
1658,73
1662,73
1635,72
1619,71
1658,73
1354,62
1608,69
1658,73
1518,66
1630,71
1478,66
1658,73
1566,68
1658,73
1635,70
1536,68
1505,66
1592,68
1672,73
1560,69
1676,73
1547,69
1604,69
1612,71
1621,71
1658,73
1671,71
1548,69
1541,68
1573,69
1658,73
1600,66
1485,67
1568,69
1573,69
1524,67
1668,71
1534,68
1661,72
1569,68
1544,66
1612,72
1664,73
1564,69
1662,72
1658,73
1682,73
1650,72
1544,69
1639,71
1624,71
1658,73
1620,72
1474,67
1519,67
1658,73
1413,65
1614,71
1621,70
1397,63
1412,63
1676,73
1666,73
1509,67
1551,69
1654,72
1440,65
1329,61
1463,64
1664,73
1517,67
1586,70
1414,64
1506,68
1674,73
1638,72
1666,73
1418,64
1558,67
1564,69
1569,69
1435,66
1465,67
1582,70
1388,61
1507,68
1703,73
1664,72
1676,72
1658,73
1658,73
1657,72
1544,68
1349,61
1505,67
1639,71
1664,73
1578,69
1551,69
1359,62
1633,71
1633,71
1676,73
1434,64
1628,70
1658,73
1658,73
1528,66
1580,70
1482,66
1661,72
1630,72
1635,71
1513,65
1654,72
1670,73
1498,68
1530,67
1658,73
1673,71
1650,71
1643,71
1658,73
1595,70
1307,62
1345,61
1576,70
1488,66
1658,73
1624,72
1616,71
1549,68
1578,70
1401,64
1518,67
1394,61
1592,71
1649,72
1604,70
1624,71
1395,64
1590,70
1629,71
1694,73
1622,70
1493,66
1610,69
1578,70
1648,71
1644,72
1626,70
1601,70
1614,71
1575,69
1666,73
1658,73
1686,73
1658,73
1650,72
1566,69
1465,65
1451,64
1455,64
1571,68
1664,73
1658,73
1663,70
1616,71
1628,69
1538,69
1611,71
1677,72
1578,70
1474,66
1519,67
1653,72
1553,68
1586,68
1498,67
1658,73
1514,67
1582,69
1504,66
1536,67
1455,64
1618,71
1679,71
1650,68
1660,73
1576,70
1399,64
1658,73
1658,73
1554,67
1658,73
1452,64
1519,68
1390,63
1625,68
1658,73
1554,68
1639,71
1410,62
1515,66
1519,68
1549,69
1578,70
1566,68
1599,70
1644,72
1465,66
1658,73
1542,67
1658,73
1660,72
1523,67
1658,73
1658,73
1583,66
1537,67
1674,73
1680,73
1658,73
1579,69
1475,66
1636,72
1635,71
1637,72
1474,67
1670,73
1598,70
1438,66
1676,72
1468,66
1581,71
1666,73
1664,73
1461,65
1666,73
1652,72
1621,69
1690,73
1593,68
1660,72
1594,70
1632,72
1556,69
1490,66
1648,72
1645,71
1647,72
1524,66
1587,67
1690,73
1644,72
1690,73
1564,69
1672,73
1691,72
1478,65
1460,65
1664,73
1654,72
1658,73
1698,73
1554,69
1447,65
1550,68
1552,68
1354,63
1531,67
1668,72
1618,70
1666,73
1542,69
1515,65
1658,73
1658,73
1656,72
1588,70
1660,73
1682,73
1698,73
1627,70
1598,71
1608,71
1603,70
1658,72
1660,73
1559,67
1658,73
1666,73
1338,59
1658,73
1662,73
1525,67
1666,73
1479,67
1421,64
1642,72
1625,68
1339,62
1411,64
1535,68
1496,67
1550,69
1525,67
1554,68
1620,71
1658,73
1467,67
1622,69
1550,69
1688,72
1658,73
1658,73
1471,66
1660,73
1542,68
1645,72
1658,73
1415,64
1424,65
1670,73
1658,73
1589,67
1477,65
1528,67
1523,67
1599,68
1594,70
1523,67
1481,68
1650,72
1632,71
1604,68
1580,70
1644,71
1597,69
1554,70
1660,73
1464,66
1658,73
1341,61
1658,71
1618,70
1483,66
1658,73
1660,73
1664,73
1584,68
1595,70
1466,66
1559,68
1557,69
1602,72
1580,70
1676,72
1658,73
1687,72
1670,73
1594,70
1511,66
1632,70
1658,73
1592,69
1497,66
1604,72
1673,72
1557,69
1465,65
1567,67
1567,69
1666,73
1658,73
1660,73
1658,73
1610,70
1657,72
1569,68
1576,69
1524,68
1573,68
1658,73
1658,73
1585,70
1692,73
1652,72
1407,64
1487,65
1658,73
1610,72
1680,73
1562,70
1676,73
1658,73
1644,72
1566,69
1658,73
1645,72
1609,71
1529,69
1415,65
1534,69
1341,62
1658,73
1623,72
1652,72
1676,73
1677,72
1665,72
1702,73
1511,68
1452,66
1365,61
1677,72
1575,69
1604,71
1591,70
1648,72
1512,67
1692,73
1565,68
1552,69
1479,66
1445,65
1515,67
1530,67
1483,64
1589,70
1641,71
1532,68
1550,69
1666,72
1529,69
1658,73
1654,72
1642,72
1628,70
1651,72
1575,68
1574,68
1623,70
1569,68
1483,67
1658,73
1658,73
1479,66
1690,73
1651,72
1407,63
1550,67
1561,69
1633,72
1547,67
1411,62
1658,73
1658,73
1666,73
1615,71
1460,65
1604,69
1688,73
1658,73
1573,68
1599,70
1380,63
1664,73
1658,73
1658,73
1684,71
1658,73
1698,73
1522,66
1672,72
1511,66
1605,70
1658,73
1660,72
1604,69
1658,73
1503,67
1658,73
1364,62
1578,70
1658,72
1670,73
1599,70
1558,68
1601,68
1605,68
1660,73
1604,70
1631,71
1658,73
1658,73
1411,63
1506,64
1658,70
1630,72
1626,70
1664,73
1650,71
1629,70
1639,72
1524,67
1505,67
1646,72
1495,67
1658,73
1658,73
1617,71
1656,72
1646,71
1590,69
1658,73
1608,69
1579,70
1557,69
1582,69
1486,65
1671,72
1658,73
1642,72
1641,70
1667,71
1493,66
1658,73
1642,72
1624,71
1521,67
1500,64
1576,67
1646,71
1609,69
1539,68
1483,66
1645,71
1662,71
1600,68
1546,67
1587,69
1682,73
1660,73
1574,68
1614,70
1545,68
1389,63
1658,73
1610,70
1476,64
1507,66
1660,73
1613,70
1496,66
1660,72
1654,72
1644,72
1583,71
1658,73
1658,73
1674,73
1538,67
1638,71
1660,73
1599,68
1649,72
1579,68
1658,73
1642,72
1564,68
1561,67
1605,68
1683,72
1650,72
1658,73
1658,73
1660,72
1658,73
1496,66
1708,73
1546,68
1621,72
1559,67
1602,71
1603,70
1658,73
1620,70
1607,71
1480,66
1505,67
1682,73
1587,70
1658,73
1497,66
1662,73
1553,69
1575,68
1627,71
1662,73
1624,70
1658,73
1658,73
1529,68
1434,61
1656,72
1496,67
1572,67
1648,72
1530,68
1592,70
1632,72
1523,68
1539,68
1658,73
1660,73
1653,70
1556,69
1631,71
1402,63
1649,72
1660,72
1530,65
1643,71
1498,63
1658,73
1670,72
1557,67
1662,73
1658,73
1405,64
1499,63
1587,69
1443,64
1508,67
1621,72
1593,71
1635,72
1626,71
1503,65
1569,68
1587,70
1672,73
1496,67
1662,73
1658,73
1530,68
1697,73
1617,71
1462,62
1572,67
1704,72
1633,70
1512,67
1576,68
1596,68
1585,70
1592,69
1631,72
1524,68
1658,73
1594,68
1650,71
1658,73
1581,70
1658,73
1648,71
1639,69
1551,68
1664,73
1658,73
1664,73
1381,62
1620,70
1598,70
1631,71
1393,63
1436,65
1682,73
1658,73
1617,71
1674,73
1531,68
1483,66
1512,67
1666,73
1656,72
1475,66
1658,73
1615,71
1650,71
1578,68
1627,72
1650,71
1642,72
1477,64
1628,70
1648,72
1626,70
1643,72
1467,66
1571,68
1608,71
1557,68
1484,65
1628,72
1604,68
1474,64
1658,73
1658,73
1682,73
1523,68
1664,73
1613,71
1656,72
1658,73
1658,73
1565,70
1583,70
1654,72
1588,69
1608,69
1672,73
1441,65
1516,68
1658,73
1576,69
1497,67
1488,67
1680,73
1634,72
1660,71
1721,73
1577,70
1481,66
1575,69
1488,67
1660,73
1687,72
1660,73
1537,65
1448,63
1554,69
1501,64
1526,68
1642,72
1417,64
1540,68
1490,67
1666,73
1658,73
1546,67
1503,66
1576,70
1519,68
1529,67
1471,66
1615,71
1445,65
1435,64
1666,73
1621,70
1620,71
1658,73
1601,70
1591,68
1654,72
1553,67
1532,67
1655,72
1608,69
1658,73
1489,67
1591,70
1634,71
1658,73
1658,73
1389,65
1642,72
1610,71
1598,70
1658,73
1604,71
1658,73
1639,72
1658,73
1635,71
1631,71
1588,69
1585,70
1429,64
1672,72
1668,73
1660,73
1658,73
1594,70
1609,71
1540,68
1440,64
1629,72
1478,65
1658,73
1558,67
1658,73
1599,71
1662,73
1660,73
1524,68
1658,73
1670,72
1569,69
1660,73
1672,71
1471,65
1449,65
1445,67
1658,73
1593,67
1650,71
1616,71
1658,73
1652,70
1664,73
1658,73
1489,67
1645,71
1658,73
1670,73
1516,68
1644,72
1569,67
1479,66
1644,72
1611,71
1660,73
1504,68
1497,67
1480,67
1626,71
1676,73
1420,63
1462,64
1569,70
1603,70
1658,73
1454,66
1670,72
1658,73
1601,71
1594,68
1422,66
1653,72
1535,68
1541,68
1547,68
1578,70
1591,70
1658,73
1658,73
1528,68
1604,69
1462,66
1641,71
1482,66
1547,70
1497,64
1657,72
1632,71
1489,66
1601,71
1658,73
1658,73
1658,73
1660,73
1448,67
1461,65
1666,73
1511,64
1560,68
1660,73
1662,71
1638,71
1670,73
1603,71
1635,72
1676,73
1415,65
1342,63
1680,73
1658,73
1623,69
1502,66
1555,68
1612,70
1341,61
1466,65
1636,71
1658,73
1430,63
1580,70
1610,69
1632,72
1424,64
1472,66
1444,67
1660,73
1339,61
1658,73
1660,73
1625,72
1648,72
1318,59
1419,63
1658,73
1543,67
1643,71
1548,69
1666,73
1670,73
1662,73
1598,68
1514,66
1643,71
1596,69
1622,70
1400,63
1640,72
1624,72
1566,70
1561,69
1640,71
1658,73
1580,69
1682,73
1603,71
1647,71
1552,67
1572,70
1658,73
1452,64
1540,68
1674,73
1638,72
1443,65
1674,73
1660,72
1658,73
1457,66
1425,65
1592,71
1453,64
1603,71
1656,72
1473,64
1613,71
1545,66
1654,72
1650,72
1592,71
1396,66
1631,71
1639,72
1662,73
1664,73
1662,73
1658,73
1429,66
1604,70
1603,71
1634,72
1586,67
1658,73
1658,73
1626,72
1680,73
1663,72
1419,65
1435,63
1458,66
1539,68
1670,72
1630,72
1579,70
1538,68
1596,69
1658,73
1427,65
1486,67
1643,71
1430,63
1584,69
1639,72
1668,73
1466,66
1549,68
1646,71
1572,66
1536,68
1659,71
1503,68
1643,71
1581,70
1616,70
1658,73
1644,71
1633,69
1656,72
1631,70
1658,73
1658,73
1380,63
1603,71
1631,71
1594,68
1668,73
1658,73
1516,66
1658,73
1429,64
1432,64
1637,72
1698,73
1664,73
1670,73
1616,70
1587,69
1419,65
1558,69
1658,71
1658,73
1503,65
1593,70
1611,71
1660,73
1588,70
1653,72
1377,64
1564,68
1456,66
1658,73
1660,73
1631,70
1658,73
1586,70
1508,66
1404,64
1607,70
1658,73
1527,69
1631,72
1426,63
1528,68
1630,70
1655,72
1642,72
1584,67
1497,67
1632,71
1525,65
1520,69
1660,72
1658,73
1638,71
1654,72
1418,65
1600,71
1696,73
1682,73
1658,73
1629,72
1656,72
1601,71
1658,72
1676,72
1555,69
1631,70
1456,66
1611,71
1658,73
1581,70
1580,68
1641,71
1638,71
1660,73
1634,72
1652,72
1678,73
1529,68
1575,69
1399,65
1540,65
1600,70
1679,72
1620,71
1662,73
1662,73
1512,67
1682,72
1558,69
1492,68
1658,73
1548,67
1586,70
1613,71
1658,73
1447,64
1634,71
1514,66
1545,68
1648,72
1658,73
1620,70
1588,69
1620,70
1466,66
1538,66
1435,65
1562,69
1672,72
1457,64
1492,65
1553,69
1552,68
1534,68
1488,66
1573,70
1483,65
1670,71
1588,68
1637,72
1607,69
1658,73
1658,73
1658,73
1519,65
1609,70
1498,67
1628,71
1469,67
1658,73
1581,70
1536,67
1572,70
1563,70
1524,69
1514,66
1658,73
1622,71
1658,73
1658,73
1439,65
1648,72
1663,71
1449,66
1469,65
1674,73
1570,67
1528,68
1629,71
1658,73
1607,69
1658,73
1660,72
1515,68
1678,73
1666,73
1535,67
1643,72
1675,72
1457,66
1498,67
1622,71
1652,71
1681,72
1670,73
1632,72
1672,71
1613,70
1530,69
1555,70
1498,67
1641,72
1408,64
1619,71
1520,67
1631,72
1652,72
1448,65
1674,73
1660,72
1585,69
1412,65
1580,70
1454,65
1658,73
1409,64
1536,65
1678,73
1642,70
1638,72
1467,66
1625,71
1596,71
1640,72
1658,73
1580,70
1629,72
1558,69
1611,71
1427,65
1648,71
1548,67
1653,71
1506,67
1664,73
1658,73
1528,68
1496,66
1400,62
1545,68
1658,73
1495,68
1648,72
1658,73
1468,67
1584,70
1658,73
1511,68
1694,73
1670,73
1570,69
1660,73
1597,71
1603,71
1668,72
1608,71
1586,70
1567,68
1494,67
1302,58
1597,71
1648,71
1645,69
1514,68
1603,71
1569,70
1545,68
1664,73
1660,72
1577,69
1662,73
1514,67
1431,64
1658,73
1670,73
1658,73
1647,71
1632,71
1515,66
1678,73
1658,73
1486,66
1658,73
1604,70
1643,72
1567,67
1581,70
1675,72
1541,67
1603,71
1665,71
1658,73
1658,73
1498,67
1560,68
1582,70
1652,71
1658,73
1563,67
1641,72
1583,69
1603,71
1545,68
1585,70
1488,66
1658,73
1654,72
1658,73
1427,66
1670,73
1509,66
1377,64
1475,66
1602,70
1486,68
1507,63
1440,64
1415,64
1585,71
1628,72
1658,73
1659,72
1604,70
1562,67
1676,72
1631,72
1486,67
1632,72
1400,64
1562,67
1599,71
1506,68
1412,65
1639,72
1573,68
1643,72
1370,62
1591,70
1646,72
1641,71
1586,70
1658,73
1512,66
1589,69
1658,73
1508,67
1633,72
1658,73
1421,65
1530,67
1440,64
1517,66
1397,64
1648,72
1553,69
1644,70
1523,67
1608,71
1598,70
1573,68
1528,69
1654,72
1638,71
1656,72
1676,73
1420,64
1369,63
1500,64
1670,72
1566,70
1469,64
1658,73
1510,66
1658,73
1595,69
1658,73
1621,71
1556,67
1652,72
1563,67
1586,70
1466,66
1670,73
1499,63
1594,70
1606,71
1638,71
1546,68
1544,68
1664,73
1654,72
1524,66
1666,73
1597,69
1597,70
1643,72
1646,72
1672,73
1553,68
1550,68
1552,67
1658,73
1642,72
1658,73
1603,70
1621,68
1633,69
1578,70
1513,67
1594,70
1579,70
1640,72
1403,65
1562,68
1652,70
1561,67
1664,72
1658,73
1500,68
1562,68
1662,73
1643,72
1337,60
1598,71
1509,67
1662,72
1652,70
1509,63
1640,72
1682,73
1668,73
1605,68
1654,72
1629,70
1441,65
1678,73
1443,64
1658,73
1625,71
1615,68
1646,71
1666,73
1496,65
1546,68
1657,72
1517,66
1621,68
1678,73
1498,67
1688,73
1602,70
1578,70
1458,67
1664,73
1596,68
1658,73
1580,68
1567,70
1508,68
1664,73
1583,69
1385,63
1539,66
1651,70
1572,68
1351,63
1416,64
1658,73
1470,67
1581,70
1658,73
1614,71
1588,71
1644,72
1592,70
1658,73
1474,66
1488,65
1658,73
1498,67
1493,67
1632,72
1487,66
1640,70
1628,72
1640,70
1658,72
1645,71
1642,71
1591,68
1658,73
1658,72
1658,73
1688,73
1507,65
1664,73
1662,73
1658,73
1656,72
1652,72
1647,72
1486,65