1395,58
1416,59
1475,60
1466,59
1405,59
1386,58
1325,57
1417,57
1371,57
1335,57
1353,58
1321,56
1340,55
1267,53
1438,60
1371,59
1445,61
1367,58
1327,57
1326,57
1373,59
1287,55
1387,59
1340,57
1269,55
1309,55
1407,58
1371,58
1439,61
1351,58
1283,56
1367,58
1412,60
1390,60
1280,56
1216,51
1390,58
1266,55
1250,56
1336,56
1376,60
1519,62
1302,54
1462,61
1313,59
1377,59
1244,53
1256,53
1430,60
1271,56
1378,56
1321,56
1298,55
1485,64
1253,55
1310,57
1246,55
1410,61
1379,60
1429,61
1487,63
1514,64
1330,58
1366,56
1327,57
1373,60
1262,56
1249,56
1248,58
1493,64
1389,59
1405,61
1467,62
1455,61
1330,57
1538,62
1383,59
1436,62
1256,55
1442,62
1380,58
1405,61
1366,59
1442,61
1274,54
1407,61
1398,59
1280,57
1405,60
1357,56
1234,55
1470,62
1498,64
1477,61
1373,58
1409,60
1535,65
1331,56
1477,61
1409,60
1227,53
1354,59
1381,59
1425,59
1399,60
1282,57
1322,57
1426,61
1385,58
1497,63
1355,59
1375,59
1246,55
1141,51
1406,59
1353,59
1352,59
1428,62
1496,63
1226,58
1443,63
1313,58
1276,57
1329,58
1543,65
1456,61
1435,61
1311,57
1506,64
1469,63
1285,55
1494,63
1232,55
1311,56
1415,59
1542,64
1328,58
1513,65
1338,59
1379,59
1292,58
1346,60
1411,64
1435,63
1312,59
1319,57
1353,58
1457,61
1353,58
1413,61
1552,65
1311,59
1395,59
1332,59
1349,59
1304,58
1491,64
1450,64
1410,59
1417,64
1326,58
1360,60
1420,61
1381,59
1440,62
1356,61
1307,56
1509,65
1308,57
1395,60
1327,58
1399,62
1291,57
1462,61
1454,63
1496,65
1543,67
1368,60
1412,60
1493,62
1397,62
1431,59
1414,62
1464,65
1511,63
1506,64
1438,62
1315,60
1473,64
1370,58
1238,56
1483,63
1299,56
1541,67
1425,62
1387,60
1468,64
1501,66
1440,64
1520,66
1474,64
1466,64
1409,62
1343,60
1435,62
1498,65
1606,68
1436,63
1527,66
1522,65
1516,66
1402,62
1430,62
1326,60
1457,63
1511,62
1467,62
1358,61
1600,68
1434,65
1434,61
1400,62
1516,65
1470,64
1443,63
1415,63
1408,62
1447,64
1362,62
1480,61
1445,64
1442,63
1401,61
1566,67
1354,60
1457,63
1369,62
1411,62
1398,62
1563,67
1568,67
1403,58
1504,66
1479,65
1479,65
1511,65
1254,59
1429,63
1387,61
1459,64
1518,66
1429,65
1546,67
1479,63
1532,66
1306,58
1373,59
1461,63
1382,62
1385,58
1487,64
1512,66
1440,62
1444,63
1414,63
1343,59
1508,65
1456,64
1488,65
1540,67
1531,67
1483,62
1346,58
1276,58
1344,59
1443,63
1582,69
1421,63
1577,65
1540,65
1458,64
1373,61
1614,68
1321,60
1497,64
1493,65
1386,60
1545,66
1491,65
1414,63
1355,60
1604,69
1452,62
1536,67
1434,62
1554,65
1455,63
1417,63
1518,66
1268,55
1507,65
1344,58
1470,64
1415,62
1550,65
1439,63
1402,64
1381,63
1495,64
1326,58
1496,68
1488,64
1395,62
1477,63
1360,60
1418,63
1373,61
1567,67
1470,63
1463,64
1663,70
1310,60
1475,63
1424,63
1632,69
1482,66
1404,64
1588,67
1426,61
1487,64
1642,69
1453,65
1358,59
1408,60
1364,60
1446,64
1539,65
1522,65
1466,63
1481,64
1386,60
1501,63
1495,64
1370,61
1538,64
1483,66
1444,64
1426,62
1453,62
1493,64
1505,67
1413,62
1323,60
1476,63
1545,67
1374,62
1458,63
1564,67
1570,67
1470,65
1638,70
1424,63
1458,63
1370,59
1406,61
1571,69
1514,67
1430,63
1463,63
1262,57
1397,63
1571,67
1427,64
1647,68
1541,67
1542,69
1455,64
1478,62
1349,60
1515,65
1596,66
1492,64
1627,69
1360,59
1473,64
1485,62
1502,63
1605,69
1551,67
1663,69
1532,67
1407,63
1485,65
1647,68
1546,68
1351,62
1413,63
1463,63
1469,61
1501,66
1522,66
1366,62
1465,64
1503,67
1450,64
1336,60
1603,68
1430,65
1586,68
1476,63
1587,69
1546,67
1379,63
1536,66
1649,67
1515,66
1428,63
1580,66
1363,62
1684,69
1392,62
1643,68
1573,69
1540,68
1546,68
1285,60
1555,68
1604,69
1602,67
1423,65
1465,63
1506,64
1490,66
1555,67
1358,62
1448,64
1581,65
1469,65
1473,62
1321,60
1492,64
1490,66
1483,65
1405,62
1568,67
1481,65
1504,67
1473,66
1540,65
1403,63
1496,64
1438,64
1486,63
1454,65
1326,59
1385,61
1345,59
1262,58
1616,66
1582,67
1502,66
1397,63
1532,65
1487,64
1544,66
1570,69
1416,62
1407,61
1451,64
1510,66
1300,58
1545,69
1478,65
1434,60
1563,68
1483,64
1527,66
1435,61
1573,68
1215,58
1646,71
1462,64
1466,63
1430,63
1618,68
1446,65
1477,64
1461,62
1396,63
1410,62
1419,65
1471,64
1467,66
1475,66
1522,66
1342,60
1350,61
1505,65
1375,62
1493,64
1444,64
1521,66
1425,60
1535,65
1440,62
1393,61
1569,66
1408,60
1386,61
1556,65
1415,63
1463,63
1573,68
1364,61
1387,59
1448,62
1618,68
1618,69
1609,69
1419,63
1425,63
1427,63
1521,66
1477,66
1423,62
1478,65
1458,64
1591,66
1516,64
1312,60
1383,62
1545,66
1510,65
1286,58
1301,60
1364,62
1490,63
1454,64
1501,64
1361,59
1617,70
1448,63
1368,60
1511,65
1478,65
1523,65
1384,60
1391,64
1524,64
1456,64
1532,66
1425,64
1491,64
1472,65
1529,65
1523,66
1481,65
1526,67
1622,68
1574,66
1434,62
1376,62
1663,69
1491,63
1449,64
1574,68
1425,64
1528,65
1395,61
1548,67
1497,65
1254,58
1523,65
1560,67
1463,64
1396,64
1373,59
1465,65
1327,61
1359,61
1413,61
1491,63
1339,59
1352,60
1440,63
1354,59
1492,65
1487,62
1503,64
1481,65
1395,60
1502,65
1471,65
1537,66
1511,65
1388,61
1513,64
1479,65
1484,63
1525,64
1387,63
1459,64
1552,68
1343,60
1457,65
1543,67
1404,63
1340,62
1412,63
1462,64
1492,67
1489,66
1631,68
1522,67
1322,59
1548,67
1379,62
1454,64
1463,64
1523,67
1394,61
1515,66
1299,59
1455,64
1566,67
1481,64
1540,63
1520,65
1476,64
1397,60
1599,69
1567,67
1358,60
1474,64
1584,70
1482,63
1471,64
1491,63
1381,63
1565,66
1526,64
1408,64
1428,63
1442,62
1600,68
1556,67
1593,69
1453,66
1340,60
1388,63
1535,64
1494,65
1516,66
1454,64
1518,67
1536,65
1362,59
1497,65
1447,64
1400,64
1331,57
1515,65
1388,62
1455,63
1472,63
1440,65
1490,64
1429,61
1489,64
1443,61
1485,64
1690,70
1528,65
1571,67
1430,63
1425,63
1494,65
1544,66
1411,61
1369,62
1413,64
1466,62
1466,63
1427,62
1558,66
1575,67
1586,68
1469,64
1616,69
1436,66
1343,62
1497,64
1576,68
1480,63
1480,65
1342,62
1443,64
1504,64
1454,66
1504,65
1458,63
1382,59
1470,64
1485,63
1410,63
1553,65
1517,65
1557,65
1545,66
1468,64
1536,68
1567,66
1495,63
1561,67
1411,63
1594,68
1459,65
1559,66
1565,68
1423,59
1432,63
1508,66
1412,64
1340,59
1607,68
1476,61
1330,60
1400,62
1553,66
1440,64
1404,62
1445,62
1467,64
1415,63
1495,66
1484,62
1501,65
1310,59
1409,64
1343,59
1490,65
1452,64
1411,63
1535,67
1465,65
1487,64
1472,63
1441,63
1605,68
1464,62
1632,70
1406,62
1377,60
1440,63
1260,56
1475,64
1417,61
1283,59
1388,63
1262,59
1377,59
1419,61
1557,66
1454,63
1495,66
1654,70
1352,60
1435,64
1408,64
1633,68
1351,60
1378,59
1396,60
1448,62
1381,61
1430,63
1344,60
1593,69
1414,63
1496,65
1434,64
1587,69
1407,62
1354,60
1350,58
1345,61
1517,65
1397,62
1413,62
1415,64
1532,65
1347,61
1493,63
1575,68
1334,59
1378,61
1598,67
1448,63
1565,68
1426,61
1416,64
1557,67
1559,67
1458,62
1372,61
1295,57
1554,68
1473,63
1362,61
1433,64
1408,60
1470,63
1363,61
1495,65
1604,68
1538,65
1521,63
1498,64
1475,63
1488,66
1486,63
1351,59
1575,66
1346,61
1578,67
1435,64
1458,64
1459,64
1490,66
1325,60
1373,60
1446,62
1395,62
1532,64
1489,63
1402,61
1451,63
1426,64
1389,61
1641,70
1549,66
1597,67
1484,65
1571,68
1582,67
1427,65
1491,66
1504,65
1450,62
1440,66
1412,65
1459,64
1351,61
1380,59
1565,68
1373,61
1346,61
1493,64
1381,64
1431,61
1546,67
1357,59
1326,60
1499,64
1398,64
1386,63
1343,61
1440,65
1452,64
1530,67
1348,60
1408,63
1390,61
1517,66
1428,63
1460,64
1481,62
1439,63
1436,60
1462,65
1525,65
1466,63
1408,60
1448,64
1351,59
1423,61
1520,63
1399,62
1522,67
1502,66
1478,65
1438,65
1427,62
1425,62
1403,62
1447,65
1388,63
1387,61
1432,63
1606,69
1646,70
1387,62
1580,66
1349,59
1546,64
1369,62
1452,64
1486,66
1516,67
1546,65
1595,67
1458,64
1491,66
1457,63
1350,62
1256,56
1391,63
1258,60
1512,67
1518,64
1536,67
1417,62
1476,64
1411,64
1486,65
1457,63
1417,61
1356,60
1511,65
1533,67
1479,63
1586,67
1457,62
1440,62
1495,63
1478,65
1373,61
1448,64
1350,59
1403,61
1455,65
1419,63
1522,65
1445,63
1320,60
1387,63
1490,66
1488,65
1472,64
1428,62
1398,60
1552,66
1400,62
1444,64
1510,65
1534,65
1486,66
1512,67
1329,59
1420,62
1325,60
1556,67
1588,68
1475,66
1530,66
1476,65
1391,62
1426,62
1461,61
1490,65
1463,64
1411,65
1581,67
1597,68
1464,64
1428,64
1445,63
1469,63
1547,65
1703,70
1487,65
1605,68
1600,69
1469,65
1324,59
1475,64
1321,58
1467,65
1501,65
1671,70
1440,66
1407,63
1392,64
1516,65
1378,61
1423,63
1423,64
1491,65
1310,60
1359,59
1386,61
1484,65
1322,59
1476,64
1459,64
1544,67
1391,62
1410,63
1505,65
1487,63
1428,62
1445,65
1337,59
1448,63
1422,63
1320,61
1427,63
1531,65
1451,64
1461,64
1468,64
1374,63
1455,65
1332,61
1511,65
1481,63
1525,67
1502,66
1487,65
1426,63
1425,62
1355,59
1389,60
1556,65
1429,63
1481,66
1518,64
1534,65
1584,68
1470,65
1526,65
1468,65
1422,62
1466,65
1601,69
1552,64
1422,63
1373,60
1465,63
1519,66
1338,62
1606,68
1529,67
1413,63
1472,65
1251,57
1430,62
1519,65
1411,62
1329,59
1356,62
1410,64
1431,61
1437,66
1432,61
1439,64
1414,62
1462,64
1348,60
1488,66
1484,65
1356,60
1417,62
1363,59
1372,61
1391,63
1288,61
1473,62
1327,58
1346,61
1449,64
1418,63
1482,65
1423,63
1543,66
1369,62
1448,64
1419,65
1570,65
1301,59
1541,67
1498,64
1480,64
1456,64
1496,66
1349,60
1580,66
1311,60
1224,57
1424,64
1611,68
1538,67
1508,64
1465,66
1570,68
1481,66
1383,61
1422,61
1478,64
1472,66
1391,62
1435,64
1558,65
1669,71
1312,61
1366,62
1443,66
1443,63
1387,61
1550,67
1471,64
1489,66
1326,59
1429,63
1509,63
1398,63
1439,63
1396,61
1374,61
1242,56
1498,67
1459,63
1593,68
1548,66
1539,65
1657,69
1518,65
1391,63
1474,62
1465,63
1310,61
1519,66
1383,61
1449,62
1365,61
1484,65
1533,68
1476,64
1263,57
1419,62
1468,64
1462,64
1553,66
1564,66
1403,62
1501,64
1441,61
1583,68
1293,57
1439,65
1488,65
1425,62
1364,61
1450,62
1340,60
1370,60
1420,62
1408,64
1405,63
1456,63
1429,65
1519,65
1517,66
1339,60
1434,62
1397,61
1511,65
1382,61
1512,64
1448,65
1485,64
1471,64
1477,65
1335,59
1438,63
1503,66
1425,62
1409,63
1659,68
1542,64
1470,64
1441,64
1598,68
1588,67
1433,61
1366,62
1485,63
1439,62
1465,62
1540,65
1434,64
1408,63
1432,62
1423,64
1510,65
1370,62
1445,62
1442,62
1380,61
1431,64
1443,64
1363,61
1316,60
1595,67
1500,62
1425,63
1430,63
1346,59
1519,66
1320,59
1416,62
1540,68
1333,59
1448,64
1413,62
1440,61
1420,63
1434,62
1585,67
1389,62
1464,64
1567,68
1464,65
1464,64
1586,63
1352,61
1454,64
1458,63
1454,63
1371,59
1473,65
1410,60
1437,61
1411,64
1555,67
1330,60
1599,69
1370,62
1374,61
1392,62
1535,65
1389,62
1267,58
1470,66
1452,65
1474,65
1550,66
1547,68
1509,64
1451,63
1371,62
1532,68
1459,62
1581,68
1425,61
1427,63
1506,65
1420,62
1486,64
1300,57
1494,65
1549,67
1472,62
1378,61
1380,62
1622,68
1435,63
1632,67
1476,64
1309,60
1531,67
1420,62
1560,66
1364,60
1556,66
1465,64
1507,65
1501,64
1464,64
1527,66
1446,63
1549,65
1485,64
1391,62
1475,64
1572,69
1510,64
1564,68
1383,62
1446,65
1451,66
1431,63
1402,62
1384,62
1388,63
1424,61
1579,67
1548,66
1495,66
1486,65
1509,64
1343,60
1366,62
1380,60
1480,64
1500,64
1304,59
1386,62
1557,67
1462,66
1572,65
1528,68
1455,65
1481,65
1517,66
1505,65
1495,66
1431,63
1437,63
1433,64
1404,63
1354,62
1448,63
1369,61
1538,66
1419,62
1425,63
1570,65
1455,63
1369,61
1540,65
1487,61
1310,57
1470,65
1451,64
1407,63
1492,63
1367,60
1483,66
1374,63
1473,63
1345,61
1508,64
1509,66
1429,63
1553,65
1437,63
1328,62
1369,61
1462,65
1433,64
1318,57
1466,63
1509,64
1442,63
1504,66
1511,66
1513,65
1492,63
1386,63
1436,64
1582,68
1379,60
1533,65
1387,60
1593,68
1560,67
1521,65
1446,62
1528,67
1381,63
1392,61
1443,61
1440,62
1490,66
1469,64
1475,64
1393,61
1497,65
1620,69
1566,67
1452,65
1609,68
1413,63
1289,61
1545,67
1456,64
1464,63
1367,60
1421,62
1446,64
1489,65
1427,64
1539,67
1540,64
1462,65
1453,63
1454,64
1382,61
1605,66
1400,63
1458,64
1434,63
1394,62
1370,61
1253,57
1451,63
1389,62
1469,64
1516,64
1387,61
1467,65
1397,63
1449,63
1374,60
1467,65
1599,68
1412,65
1428,61
1524,64
1449,64
1442,64
1294,57
1562,64
1534,66
1456,63
1459,64
1591,67
1537,67
1444,64
1401,62
1382,61
1549,66
1564,66
1493,67
1415,60
1472,65
1408,63
1368,60
1537,66
1408,64
1337,60
1501,64
1552,66
1457,62
1423,63
1408,61
1465,63
1437,63
1496,64
1598,67
1559,66
1472,67
1444,63
1495,64
1452,65
1340,60
1462,65
1476,66
1549,65
1451,63
1577,68
1478,64
1442,65
1498,67
1613,67
1474,64
1437,61
1299,59
1539,65
1402,62
1338,59
1378,62
1273,57
1488,65
1336,60
1396,61
1325,59
1370,61
1556,67
1414,62
1417,62
1444,62
1549,67
1571,69
1492,64
1572,68
1577,68
1515,66
1331,63
1416,62
1499,64
1578,67
1529,66
1342,60
1535,66
1428,61
1344,59
1499,65
1497,66
1563,66
1447,62
1369,61
1428,63
1399,64
1627,69
1486,64
1567,64
1394,62
1392,61
1394,63
1488,64
1384,60
1544,67
1488,65
1392,60
1425,64
1498,65
1390,62
1508,65
1486,66
1548,67
1445,65
1491,64
1559,67
1503,65
1392,62
1500,63
1501,66
1531,65
1542,66
1415,64
1438,64
1462,64
1512,64
1418,63
1535,64
1497,64
1511,66
1474,63
1538,65
1479,64
1406,61
1455,66
1496,66
1412,62
1524,66
1420,62
1427,64
1428,64
1496,64
1484,65
1543,65
1457,63
1467,65
1357,61
1459,64
1609,68
1428,64
1341,59
1411,62
1456,61
1554,67
1354,62
1582,67
1501,65
1461,63
1312,58
1498,67
1480,64
1381,62
1487,66
1467,62
1493,64
1566,69
1613,68
1600,69
1514,63
1529,67
1423,63
1466,61
1390,63
1479,64
1461,65
1535,64
1488,64
1395,63
1496,66
1472,63
1560,67
1495,66
1498,65
1475,63
1261,57
1525,65
1373,62
1521,64
1311,60
1244,57
1407,64
1434,62
1453,63
1418,62
1503,67
1404,62
1525,66
1398,63
1343,62
1539,66
1479,64
1306,61
1512,64
1405,60
1384,59
1431,62
1475,64
1389,61
1547,65
1374,62
1452,62
1581,68
1389,62
1203,54
1535,65
1414,61
1400,60
1425,62
1513,63
1329,62
1420,63
1573,66
1474,64
1397,62
1514,66
1449,63
1312,60
1301,60
1665,69
1516,66
1365,62
1411,62
1570,68
1528,65
1306,60
1340,60
1495,66
1496,65
1441,64
1408,63
1454,63
1502,66
1465,65
1533,67
1368,63
1394,62
1446,65
1504,66
1390,60
1322,61
1358,62
1407,63
1450,63
1453,63
1646,70
1585,68
1342,62
1448,64
1297,58
1455,63
1365,62
1482,62
1514,67
1506,65
1409,61
1446,64
1433,63
1394,62
1504,66
1450,65
1524,67
1375,63
1477,65
1468,64
1581,67
1496,64
1442,63
1509,66
1327,60
1428,60
1507,65
1338,61
1453,64
1586,67
1430,63
1454,65
1583,66
1263,57
1422,61
1354,60
1531,66
1544,66
1416,61
1533,65
1532,65
1492,64
1496,65
1391,61
1327,60
1492,65
1634,69
1465,64
1580,67
1415,62
1504,66
1605,68
1572,68
1613,66
1433,62
1504,64
1633,68
1439,63
1501,65
1476,65
1581,66
1446,63
1314,60
1467,66
1488,63
1446,63
1353,61
1473,65
1485,64
1598,68
1520,66
1508,67
1433,62
1438,62
1424,64
1391,63
1484,64
1459,61
1489,65
1431,62
1576,67
1623,67
1398,63
1492,64
1544,64
1571,67
1558,67
1611,68
1479,64
1520,63
1636,67
1507,66
1529,64
1538,65
1530,66
1468,65
1561,66
1506,66
1442,62
1433,64
1554,67
1608,68
1375,61
1453,64
1338,62
1504,66
1473,64
1462,63
1417,60
1378,62
1518,66
1484,64
1573,66
1509,67
1404,61
1372,63
1495,64
1638,70
1471,63
1497,62
1630,67
1441,65
1260,58
1347,62
1495,65
1350,61
1452,64
1521,67
1492,64
1486,65
1530,68
1317,58
1481,65
1484,66
1458,63
1555,67
1322,60
1413,65
1410,62
1443,63
1497,67
1505,63
1549,66
1515,66
1465,65
1502,65
1628,68
1412,61
1492,65
1487,64
1441,62
1468,61
1488,64
1373,62
1564,68
1518,65
1552,66
1592,69
1402,63
1478,63
1570,67
1345,62
1449,64
1494,64
1427,62
1507,66
1446,63
1402,63
1561,67
1637,69
1595,68
1401,62
1566,67
1521,66
1479,65
1615,68
1398,62
1410,62
1448,61
1399,62
1429,63
1501,65
1505,65
1501,62
1467,65
1450,65
1432,64
1529,65
1575,66
1417,61
1532,65
1335,59
1520,64
1438,63
1367,61
1386,60
1504,63
1466,63
1365,60
1410,63
1470,66
1364,63
1532,67
1594,67
1411,64
1327,61
1505,66
1369,61
1424,64
1474,66
1406,64
1531,64
1442,65
1368,58
1477,65
1361,61
1479,65
1325,59
1540,65
1452,63
1499,68
1479,67
1528,64
1647,69
1354,60
1448,64
1441,63
1519,66
1429,63
1627,69
1384,62
1448,64
1459,66
1575,66
1433,62
1555,67
1502,64
1342,60
1399,61
1393,60
1416,63
1359,62
1615,70
1446,62
1442,64
1402,63
1501,66
1438,63
1577,68
1481,65
1508,65
1373,60
1475,64
1380,61
1607,68
1420,63
1484,64
1576,67
1391,64
1375,60
1408,62
1440,64
1490,65
1449,62
1471,64
1581,68
1518,66
1416,64
1511,64
1364,62
1537,66
1449,63
1570,66
1559,68
1563,67
1426,63
1416,63
1426,65
1367,60
1497,64
1407,60
1482,66
1497,67
1425,64
1435,62
1353,62
1387,61
1490,64
1356,61
1461,64
1525,64
1498,65
1387,60
1604,68
1445,63
1590,68
1588,68
1531,64
1550,66
1395,63
1446,63
1454,64
1468,64
1447,63
1468,63
1534,67
1570,67
1443,63
1478,66
1392,63
1301,61
1575,68
1505,65
1445,64
1482,65
1408,62
1445,63
1419,63
1301,63
1369,61
1487,64
1429,63
1574,69
1429,62
1532,66
1574,66
1485,65
1661,71
1479,66
1584,68
1504,64
1404,62
1512,66
1510,65
1575,69
1428,62
1437,63
1491,65
1554,68
1508,65
1482,65
1491,66
1430,62
1540,67
1589,66
1433,64
1477,64
1406,62
1446,63
1623,69
1483,66
1382,62
1586,68
1489,65
1517,65
1428,63
1405,64
1434,61
1569,68
1450,63
1557,66
1586,68
1472,63
1500,67
1256,56
1464,64
1545,64
1556,66
1347,60
1488,67
1472,65
1503,62
1366,60
1598,66
1445,65
1512,64
1534,65
1437,63
1465,65
1423,61
1508,64
1486,66
1463,66
1510,63
1572,66
1570,67
1531,66
1424,65
1573,68
1397,60
1344,62
1507,65
1330,59
1453,63
1543,66
1347,58
1434,63
1411,63
1440,65
1530,66
1377,64
1550,67
1491,68
1414,64
1438,63
1372,62
1366,60
1513,66
1462,63
1418,62
1566,67
1414,62
1542,66
1487,64
1341,60
1386,58
1528,67
1292,60
1471,65
1437,62
1551,68
1594,70
1551,69
1469,61
1373,61
1355,58
1651,68
1527,65
1377,60
1379,62
1451,63
1373,63
1343,60
1526,66
1458,63
1489,66
1448,61
1447,64
1552,63
1422,63
1448,62
1466,63
1604,67
1325,58
1363,60
1312,58
1448,62
1448,64
1509,65
1431,63
1381,63
1362,63
1483,63
1541,67
1374,60
1483,64
1411,62
1471,65
1513,64
1459,64
1500,65
1428,64
1402,63
1366,60
1449,63
1305,58
1351,62
1547,66
1348,62
1427,64
1574,67
1549,68
1446,64
1435,63
1548,67
1518,65
1529,64
1423,64
1518,64
1369,59
1570,69
1300,59
1498,64
1450,64
1505,67
1478,63
1275,59
1529,67
1564,67
1527,63
1474,63
1550,65
1473,64
1284,59
1438,62
1631,68
1350,60
1495,66
1515,63
1399,63
1372,60
1436,61
1422,61
1395,63
1274,57
1543,67
1414,60
1482,65
1413,61
1467,64
1500,64
1462,64
1480,65
1540,68
1471,65
1464,65
1439,64
1461,63
1439,64
1589,66
1397,63
1491,65
1565,68
1441,62
1456,64
1479,65
1349,60
1485,64
1541,66
1473,64
1390,64
1279,59
1269,56
1580,68
1557,68
1526,68
1530,66
1331,62
1435,64
1566,68
1414,63
1466,62
1486,65
1229,56
1400,63
1532,66
1461,66
1466,65
1476,64
1456,62
1587,68
1535,63
1477,65
1370,62
1417,63
1509,65
1525,65
1494,62
1423,64
1398,62
1548,66
1382,60
1443,63
1483,65
1418,62
1461,64
1472,61
1370,63
1472,65
1463,65
1395,63
1458,64
1498,67
1416,63
1341,61
1555,65
1354,62
1499,62
1484,64
1608,69
1495,65
1648,70
1412,63
1373,63
1430,60
1322,60
1512,64
1407,61
1522,65
1252,58
1549,67
1344,63
1407,62
1473,65
1466,63
1435,61
1606,68
1523,67
1586,68
1494,64
1440,62
1594,67
1497,64
1400,62
1365,62
1505,66
1553,65
1442,63
1409,60
1455,66
1510,64
1576,66
1525,66
1486,65
1327,60
1440,63
1485,64
1362,62
1543,66
1574,67
1542,66
1605,69
1295,58
1342,58
1601,67
1364,59
1460,64
1447,65
1426,63
1366,63
1408,63
1490,66
1587,68
1536,66
1477,64
1516,68
1404,61
1478,62
1508,65
1450,64
1423,62
1458,63
1475,65
1531,67
1520,67
1496,64
1446,63
1474,64
1493,66
1461,62
1604,69
1458,64
1381,61
1493,65
1422,63
1399,63
1677,70
1265,57
1329,60
1432,62
1504,66
1444,64
1443,64
1540,66
1426,64
1580,66
1397,61
1507,65
1474,62
1447,64
1503,65
1510,65
1421,62
1580,68
1504,65
1484,64
1304,60
1552,65
1460,63
1485,65
1468,63
1492,66
1462,64
1519,66
1451,63
1473,64
1291,60
1415,65
1248,58
1514,65
1466,65
1437,64
1333,59
1487,66
1351,58
1407,64
1385,59
1338,59
1472,65
1473,62
1559,66
1314,57
1410,64
1461,66
1378,62
1301,60
1490,63
1323,59
1477,63
1562,68
1631,68
1440,63
1322,59
1518,65
1568,69
1518,66
1369,62
1457,64
1419,61
1411,63
1485,65
1532,66
1299,58
1364,62
1569,67
1356,60
1471,65
1514,65
1573,66
1511,63
1490,64
1430,62
1560,66
1407,64
1385,62
1512,64
1526,65
1549,65
1447,62
1482,64
1328,59
1572,68
1482,63
1446,63
1518,66
1413,63
1557,68
1547,65
1620,70
1474,61
1477,63
1305,61
1456,64
1392,62
1529,67
1408,61
1528,68
1524,65
1469,61
1430,62
1549,66
1437,62
1573,68
1491,64
1462,64
1413,64
1427,65
1506,67
1294,58
1440,63
1464,65
1475,63
1549,66
1390,62
1545,68
1400,62
1546,65
1525,65
1481,65
1448,62
1381,62
1455,63
1453,63
1464,66
1439,62
1446,62
1436,62
1523,64
1344,58
1406,63
1437,64
1604,68
1366,57
1301,59
1423,63
1550,67
1514,64
1463,62
1565,67
1488,65
1401,59
1388,63
1476,64
1480,63
1513,63
1521,66
1548,63
1347,60
1493,65
1374,61
1516,64
1518,64
1356,61
1384,61
1458,63
1494,66
1463,63
1434,63
1556,67
1405,64
1432,65
1500,65
1497,65
1388,61
1496,66
1371,60
1514,64
1336,59
1597,67
1366,63
1583,67
1407,62
1321,60
1505,65
1540,68
1485,64
1402,62
1492,65
1351,59
1495,63
1493,65
1449,63
1585,64
1550,66
1437,62
1587,67
1291,58
1455,64
1572,67
1370,60
1444,65
1460,64
1426,62
1480,65
1428,63
1423,62
1569,67
1296,58
1375,63
1395,63
1598,68
1428,64
1547,63
1431,63
1478,64
1530,63
1409,62
1424,64
1543,67
1550,63
1539,68
1369,61
1498,66
1441,61
1494,66
1423,64
1490,64
1397,61
1495,67
1412,63
1397,59
1424,61
1525,67
1453,64
1583,66
1446,64
1368,60
1376,61
1549,64
1510,64
1518,64
1395,62
1400,62
1437,63
1461,66
1548,67
1426,62
1382,60
1311,59
1492,64
1491,64
1555,67
1403,59
1396,63
1395,63
1374,59
1329,61
1605,70
1481,65
1463,65
1508,64
1400,62
1412,62
1428,63
1404,63
1441,63
1337,62
1391,60
1382,62
1479,64
1328,58
1438,61
1298,58
1523,66
1440,62
1458,65
1346,60
1391,63
1316,59
1505,64
1464,65
1529,65
1651,69
1542,67
1508,66
1434,63
1394,61
1487,65
1520,68
1377,60
1492,64
1552,67
1356,61
1539,66
1363,59
1489,65
1574,68
1417,61
1548,64
1551,69
1511,67
1460,64
1441,63
1606,69
1288,58
1383,59
1515,65
1508,63
1492,64
1440,64
1504,63
1290,59
1470,64
1480,64
1383,62
1474,62
1372,61
1368,58
1342,60
1533,66
1465,63
1507,64
1507,64
1617,69
1488,65
1504,66
1477,63
1492,65
1307,59
1552,67
1347,62
1500,65
1441,61
1593,69
1407,61
1357,62
1526,66
1497,66
1537,67
1465,64
1487,64
1468,63
1409,63
1494,67
1539,65
1542,65
1563,68
1340,60
1486,64
1328,59
1505,67
1406,62
1315,59
1466,64
1517,65
1306,59
1472,65
1355,58
1431,63
1408,61
1589,67
1534,67
1638,68
1576,67
1432,65
1417,62
1563,68
1494,66
1529,64
1451,64
1489,66
1545,66
1569,68
1469,63
1478,65
1474,65
1483,66
1513,66
1572,66
1520,65
1500,64
1453,64
1542,67
1492,64
1369,60
1449,64
1453,65
1328,59
1574,67
1463,63
1403,63
1564,66
1384,61
1387,61
1557,67
1494,65
1353,59
1575,68
1548,66
1419,63
1451,63
1588,68
1442,63
1426,63
1313,59
1480,63
1480,65
1349,61
1541,67
1573,65
1540,66
1511,65
1405,62
1542,65
1572,65
1557,67
1411,62
1411,65
1373,61
1483,61
1463,63
1439,62
1508,63
1555,65
1465,63
1486,65
1486,65
1413,63
1417,62
1605,68
1604,70
1540,66
1455,65
1347,61
1488,61
1435,64
1435,61
1381,62
1477,66
1569,68
1306,60
1363,63
1388,62
1588,68
1398,62
1351,62
1474,64
1397,62
1388,63
1601,68
1453,65
1531,65
1617,67
1405,64
1438,63
1611,66
1549,65
1504,65
1489,63
1544,66
1392,63
1518,66
1334,58
1526,66
1478,63
1554,67
1468,65
1540,68
1375,58
1435,64
1379,63
1442,65
1425,64
1485,64
1414,61
1600,67
1497,61
1296,60
1554,65
1462,66
1542,66
1549,66
1445,63
1384,62
1425,62
1473,64
1560,67
1495,65
1516,64
1352,61
1477,65
1406,62
1489,65
1348,60
1505,63
1512,65
1454,63
1477,63
1464,64
1423,62
1459,65
1409,63
1484,62
1417,60
1411,63
1384,61
1424,63
1476,65
1541,66
1398,62
1442,63
1546,66
1379,61
1429,64
1365,60
1596,69
1493,64
1475,62
1433,63
1548,64
1505,66
1368,64
1472,63
1512,67
1472,65
1488,66
1561,64
1511,66
1494,66
1476,66
1396,61
1446,64
1330,56
1504,67
1457,65
1498,64
1494,65
1517,67
1485,63
1440,64
1362,62
1482,65
1450,64
1399,62
1566,67
1444,62
1496,63
1472,65
1552,66
1575,66
1462,66
1428,63
1551,68
1436,62
1523,63
1375,62
1470,62
1630,68
1563,67
1272,59
1492,66
1422,62
1573,65
1541,65
1267,56
1299,56
1299,60
1563,64
1516,64
1493,66
1467,66
1359,61
1469,63
1453,62
1383,61
1392,61
1481,63
1482,64
1533,63
1510,62
1537,67
1361,60
1489,65
1399,63
1400,63
1359,61
1405,62
1505,64
1491,63
1501,65
1312,58
1522,65
1449,64
1378,60
1476,64
1459,63
1404,62
1548,65
1425,63
1584,67
1558,65
1452,66
1326,61
1408,65
1499,64
1460,62
1506,65
1471,64
1445,63
1544,66
1456,63
1277,59
1324,58
1503,65
1429,62
1322,62
1530,64
1504,66
1361,62
1495,66
1493,64
1510,65
1377,59
1533,66
1300,58
1527,65
1466,65
1573,69
1418,62
1507,63
1484,66
1605,68
1476,65
1359,60
1461,63
1575,69
1484,65
1345,60
1505,67
1425,62
1318,58
1409,61
1540,68
1579,68
1583,67
1484,64
1595,67
1455,64
1469,65
1298,59
1527,65
1384,62
1473,63
1504,64
1438,64
1339,57
1536,65
1526,64
1400,62
1443,63
1554,65
1493,65
1443,63
1514,65
1400,61
1386,60
1239,58
1456,63
1439,62
1481,63
1484,66
1370,59
1531,67
1376,62
1437,64
1411,64
1519,67
1471,62
1410,63
1579,65
1357,62
1414,61
1529,67
1389,63
1496,66
1501,65
1446,63
1503,66
1536,68
1482,62
1391,62
1583,66
1429,61
1453,65
1462,64
1467,64
1445,63
1563,68
1426,64
1499,66
1585,68
1406,60
1604,69
1524,67
1524,66
1382,62
1450,63
1366,62
1386,61
1382,60
1404,63
1301,60
1348,60
1645,69
1465,64
1519,65
1538,68
1388,59
1482,66
1519,65
1429,65
1601,69
1492,64
1411,62
1580,69
1460,64
1410,61
1371,62
1405,61
1440,62
1475,63
1567,67
1439,63
1550,67
1339,59
1495,64
1509,65
1417,62
1547,66
1252,58
1383,61
1425,63
1462,64
1323,60
1597,68
1474,64
1429,62
1424,62
1432,64
1486,63
1429,61
1376,62
1467,65
1407,63
1372,61
1189,57
1440,63
1284,55
1437,63
1401,62
1473,63
1366,61
1498,64
1461,62
1489,65
1366,62
1483,64
1473,64
1499,64
1430,64
1444,62
1581,67
1619,66
1568,65
1466,64
1494,64
1427,63
1583,65
1450,65
1458,63
1464,64
1399,61
1556,67
1357,60
1462,62
1440,64
1384,62
1448,65
1342,61
1548,67
1405,62
1499,66
1353,62
1500,66
1513,66
1430,61
1439,63
1398,64
1472,64
1495,65
1583,68
1295,58
1277,57
1493,65
1427,64
1503,67
1466,66
1500,65
1636,70
1474,64
1359,62
1350,59
1473,63
1472,63
1451,65
1441,62
1480,64
1629,66
1401,63
1498,64
1514,68
1320,59
1545,67
1451,62
1407,62
1473,65
1439,66
1500,64
1398,62
1346,57
1593,69
1357,61
1396,62
1337,61
1375,62
1536,67
1482,66
1373,58
1544,66
1448,64
1467,63
1318,61
1574,68
1476,65
1438,60
1370,59
1559,66
1523,66
1520,65
1431,64
1494,64
1387,63
1428,63
1544,64
1650,70
1444,62
1467,63
1364,59
1481,66
1460,65
1341,60
1304,59
1468,62
1585,68
1340,60
1450,66
1386,63
1504,66
1395,63
1571,66
1602,68
1519,65
1568,68
1480,65
1406,62
1278,58
1537,66
1415,63
1512,67
1415,61
1520,68
1510,66
1406,63
1297,59
1559,66
1434,62
1560,69
1373,62
1526,65
1527,65
1464,62
1498,64
1482,64
1250,58
1442,63
1378,61
1597,67
1476,65
1479,65
1500,65
1501,62
1495,65
1471,64
1356,58
1563,65
1301,60
1442,63
1460,64
1463,64
1442,63
1381,61
1431,65
1486,66
1415,64
1439,63
1548,66
1568,67
1370,62
1539,66
1544,67
1487,65
1542,65
1336,62
1302,60
1567,67
1504,66
1499,65
1544,67
1399,61
1471,64
1371,62
1526,63
1440,64
1490,65
1431,61
1474,63
1391,61
1392,61
1323,61
1472,65
1460,63
1538,68
1476,64
1487,65
1318,60
1558,65
1391,63
1436,63
1499,65
1510,65
1418,63
1582,68
1423,64
1379,61
1492,65
1428,62
1514,65
1470,62
1353,57
1302,60
1508,63
1386,62
1385,60
1533,67
1486,64
1307,60
1398,61
1357,62
1438,61
1418,63
1357,61
1532,66
1526,64
1448,63
1477,65
1533,65
1368,61
1465,63
1392,63
1452,63
1603,67
1257,57
1432,63
1383,62
1563,67
1388,63
1356,60
1352,59
1475,63
1455,63
1521,66
1509,65
1464,64
1460,65
1512,66
1582,70
1526,65
1505,64
1360,61
1447,63
1479,64
1388,64
1607,68
1441,63
1557,67
1465,66
1537,66
1483,65
1566,66
1383,62
1579,67
1577,67
1574,69
1454,64
1331,59
1484,66
1594,69
1568,65
1546,65
1376,62
1386,60
1433,61
1468,63
1420,63
1491,62
1548,66
1311,58
1506,67
1599,66
1517,66
1454,62
1534,67
1475,65
1454,62
1406,63
1297,59
1502,65
1542,68
1372,60
1425,62
1396,62
1431,62
1525,66
1207,54
1524,65
1385,62
1373,60
1489,64
1556,67
1512,64
1359,60
1451,66
1529,67
1359,60
1383,62
1492,64
1427,62
1547,66
1471,64
1384,60
1406,61
1465,62
1495,65
1368,61
1473,65
1615,68
1465,64
1546,67
1351,60
1385,62
1531,66
1539,64
1330,61
1493,65
1474,65
1510,65
1453,64
1505,64
1377,62
1371,63
1486,65
1435,61
1489,65
1440,63
1409,61
1620,68
1293,59
1296,60
1358,61
1365,60
1636,68
1462,64
1508,67
1356,61
1545,67
1535,67
1534,65
1416,64
1476,64
1418,65
1539,65
1377,61
1561,67
1448,63
1590,65
1404,63
1319,59
1516,66
1378,63
1343,62
1501,65
1325,58
1356,60
1553,67
1391,64
1493,65
1572,67
1382,60
1489,65
1445,64
1596,69
1454,63
1412,63
1500,62
1451,64
1391,61
1376,63
1471,65
1462,63
1550,67
1490,64
1405,63
1307,59
1344,62
1513,67
1562,68
1481,63
1396,63
1375,62
1506,65
1437,63
1445,62
1381,62
1519,65
1512,66
1549,68
1484,66
1327,59
1575,67
1464,63
1262,56
1452,63
1416,62
1536,67
1341,59
1429,64
1543,68
1421,63
1409,62
1394,64
1511,67
1417,61
1386,62
1482,65
1397,60
1545,67
1550,69
1519,66
1448,62
1439,64
1458,66
1501,64
1473,64
1446,64
1557,67
1470,63
1445,62
1426,65
1518,66
1581,67
1630,68
1359,59
1319,58
1484,66
1325,59
1449,64
1349,61
1488,65
1471,65
1499,67
1427,63
1432,61
1404,61
1355,60
1355,62
1270,57
1519,64
1528,65
1507,66
1542,65
1292,58
1338,60
1332,59
1535,66
1528,65
1380,62
1458,65
1374,61
1395,63
1377,62
1411,61
1494,64
1457,63
1419,60
1306,58
1534,66
1604,69
1485,64
1353,60
1612,69
1422,61
1541,67
1396,63
1468,63
1512,64
1473,64
1351,61
1433,63
1449,62
1497,67
1588,68
1374,61
1429,62
1453,64
1440,62
1584,64
1491,64
1506,65
1641,70
1499,63
1537,67
1433,62
1386,64
1545,66
1496,62
1493,65
1461,65
1342,61
1433,65
1385,62
1356,58
1455,63
1540,68
1391,59
1491,66
1417,64
1483,65
1455,63
1418,62
1353,62
1444,61
1357,62
1368,57
1481,60
1401,63
1476,62
1424,61
1455,63
1519,65
1426,62
1344,61
1312,59
1405,61
1405,62
1526,65
1358,61
1445,65
1275,58
1402,61
1516,66
1568,68
1477,64
1421,62
1424,63
1374,64
1470,64
1593,68
1404,59
1335,58
1500,66
1379,63
1536,65
1431,63
1475,64
1494,64
1454,66
1380,63
1506,65
1347,60
1570,68
1359,62
1409,63
1229,57
1444,62
1549,68
1537,66
1340,60
1261,57
1513,63
1311,62
1620,69
1490,63
1381,61
1523,66
1481,65
1396,65
1513,66
1535,65
1574,68
1481,62
1559,69
1249,57
1391,63
1604,69
1443,63
1521,65
1512,66
1350,61
1365,61
1433,61
1365,63
1558,66
1457,63
1519,65
1577,69
1382,60
1447,63
1449,65
1435,63
1350,60
1426,61
1494,66
1565,68
1358,60
1471,64
1450,64
1368,60
1481,64
1473,64
1383,64
1282,59
1454,62
1356,61
1551,66
1470,65
1455,65
1499,67
1375,61
1542,67
1519,66
1422,63
1341,60
1499,66
1497,64
1559,67
1394,64
1244,58
1549,67
1353,60
1468,65
1331,59
1414,62
1446,63
1427,62
1412,63
1351,59
1451,63
1500,65
1429,62
1468,64
1419,64
1499,67
1402,62
1493,64
1327,59
1414,60
1589,68
1567,67
1458,64
1447,64
1550,66
1467,62
1425,64
1525,66
1524,66
1651,69
1388,61
1504,66
1520,65
1561,67
1356,59
1502,63
1424,62
1434,62
1517,64
1507,65
1517,66
1485,65
1459,65
1449,62
1392,63
1404,61
1269,60
1386,61
1454,65
1541,65
1570,67
1509,65
1658,71
1484,66
1432,63
1556,67
1498,65
1462,64
1489,65
1500,66
1460,62
1623,70
1451,62
1456,62
1406,64
1360,62
1545,65
1522,66
1492,64
1381,61
1562,65
1590,69
1388,61
1431,63
1385,62
1474,66
1436,62
1440,63
1595,67
1491,65
1436,62
1382,62
1483,66
1534,65
1546,66
1515,64
1304,58
1522,63
1672,70
1640,70
1486,64
1415,63
1300,60
1455,63
1535,65
1369,61
1482,64
1301,58
1563,66
1596,68
1414,62
1549,63
1572,68
1358,60
1574,66
1517,66
1436,64
1463,63
1385,63
1570,68
1358,57
1688,69
1400,64
1601,68
1372,64
1588,69
1269,56
1356,60
1347,61
1563,65
1434,62
1580,69
1633,69
1534,65
1343,61
1472,66
1439,63
1284,60
1476,64
1353,61
1489,63
1421,62
1451,63
1450,64
1596,67
1622,67
1515,65
1407,64
1438,62
1571,65
1429,63
1484,61
1412,62
1577,68
1468,67
1376,61
1556,67
1555,66
1597,69
1426,65
1437,63
1566,67
1490,64
1334,62
1546,67
1516,65
1612,68
1550,66
1444,61
1607,68
1466,64
1420,63
1349,63
1504,68
1489,63
1435,62
1303,60
1320,59
1333,62
1465,64
1514,67
1383,62
1478,66
1453,63
1359,61
1407,62
1558,68
1483,65
1550,65
1427,63
1527,65
1377,60
1542,66
1554,67
1544,67
1339,60
1437,67
1514,66
1478,67
1374,63
1333,60
1645,70
1382,61
1351,60
1516,65
1479,61
1544,66
1502,67
1520,67
1348,60
1482,65
1478,66
1362,59
1329,60
1610,69
1455,64
1610,67
1372,61
1458,65
1451,65
1426,66
1318,60
1294,59
1483,65
1413,62
1439,62
1224,59
1414,63
1436,64
1487,66
1398,61
1321,61
1551,68
1516,65
1499,65
1468,65
1446,61
1404,62
1474,62
1392,62
1474,64
1497,64
1441,63
1422,62
1382,60
1465,65
1421,61
1430,61
1511,66
1623,69
1317,56
1459,64
1415,64
1423,64
1461,64
1504,65
1491,64
1364,62
1376,61
1413,64
1327,61
1442,63
1567,64
1385,63
1406,64
1433,65
1640,69
1442,63
1314,57
1609,66
1501,65
1465,64
1386,62
1583,66
1450,63
1448,63
1488,64
1502,63
1541,68
1622,68
1480,64
1493,65
1478,67
1696,68
1413,61
1447,63
1488,65
1551,66
1396,60
1413,64
1480,65
1392,60
1345,60
1497,64
1537,65
1433,65
1381,58
1435,61
1470,65
1627,70
1450,63
1396,61
1499,65
1448,62
1498,66
1532,65
1464,63
1532,66
1456,62
1401,61
1427,63
1421,62
1454,62
1545,68
1470,64
1373,64
1584,68
1486,64
1453,63
1482,65
1572,66
1493,66
1329,60
1476,64
1411,62
1439,64
1455,65
1448,63
1640,70
1456,65
1420,64
1333,58
1329,60
1463,63
1479,66
1535,67
1408,63
1496,65
1511,66
1369,61
1493,65
1462,62
1524,64
1575,66
1351,60
1458,63
1559,65
1412,63
1480,65
1458,63
1402,61
1439,64
1517,65
1412,63
1588,67
1494,65
1362,61
1620,69
1510,66
1509,65
1399,64
1518,67
1416,62
1450,63
1570,67
1532,67
1612,70
1355,59
1570,66
1509,65
1451,65
1411,62
1611,67
1493,65
1286,59
1558,65
1463,65
1300,58
1467,62
1373,61
1522,65
1446,61
1518,66
1496,63
1426,62
1478,65
1499,65
1552,64
1577,69
1263,57
1429,64
1585,67
1422,64
1469,67
1504,65
1673,71
1352,61
1381,63
1260,60
1553,68
1579,69
1535,66
1565,65
1528,65
1439,64
1472,66
1450,65
1407,61
1402,62
1373,61
1675,68
1360,61
1412,63
1599,66
1412,62
1461,64
1477,67
1453,63
1514,64
1641,71
1501,64
1449,66
1435,64
1559,67
1325,61
1478,64
1474,65
1481,62
1298,59
1555,67
1442,63
1569,69
1454,62
1435,61
1419,65
1450,62
1419,65
1526,67
1310,58
1466,65
1260,57
1486,67
1457,63
1394,61
1307,59
1400,61
1585,68
1524,65
1505,63
1446,63
1571,67
1487,62
1395,62
1475,62
1501,64
1658,72
1478,67
1575,66
1448,63
1586,68
1462,63
1487,64
1456,62
1294,58
1447,61
1558,65
1462,64
1384,60
1483,64
1431,63
1479,64
1444,63
1495,64
1298,61
1414,63
1488,65
1357,58
1486,64
1440,62
1452,63
1522,67
1512,68
1662,68
1501,65
1405,63
1417,61
1336,60
1425,60
1424,62
1434,62
1437,62
1647,70
1392,62
1455,65
1348,57
1449,63
1439,63
1500,63
1409,61
1576,68
1315,59
1604,69
1394,61
1572,65
1385,61
1482,64
1501,64
1394,61
1574,68
1482,65
1491,64
1468,66
1520,67
1476,63
1617,69
1420,63
1298,58
1409,62
1418,61
1534,64
1358,59
1494,65
1430,62
1531,67
1312,60
1362,58
1471,66
1401,61
1458,63
1625,69
1403,61
1472,63
1430,62
1525,66
1364,60
1613,69
1553,68
1600,66
1445,63
1398,61
1442,62
1478,65
1565,66
1384,61
1497,65
1552,64
1566,68
1457,62
1588,66
1518,66
1441,60
1522,67
1449,63
1456,62
1289,60
1528,64
1410,60
1472,64
1507,64
1483,66
1465,62
1465,62
1448,64
1494,63
1433,64
1497,64
1605,68
1573,66
1406,64
1488,64
1356,61
1483,63
1380,61
1649,71
1291,59
1538,67
1525,67
1628,68
1476,66
1519,66
1341,58
1463,61
1335,61
1430,63
1525,68
1457,63
1489,65
1468,64
1417,64
1419,62
1516,65
1357,59
1381,59
1489,63
1410,62
1540,65
1479,64
1417,62
1471,63
1337,60
1580,68
1482,65
1487,66
1510,62
1444,63
1371,61
1484,63
1530,64
1513,66
1495,65
1357,58
1423,62
1427,63
1543,62
1490,65
1432,63
1448,63
1375,63
1550,66
1435,64
1395,61
1555,69
1628,70
1480,64
1454,63
1589,69
1562,67
1442,63
1397,61
1481,65
1571,68
1395,63
1524,66
1491,63
1379,59
1474,66
1539,66
1338,59
1485,65
1555,67
1534,63
1364,62
1493,63
1429,62
1518,63
1454,62
1502,61
1516,65
1371,62
1515,66
1506,65
1560,67
1484,63
1486,64
1307,59
1538,65
1442,63
1376,61
1386,60
1465,62
1529,66
1440,63
1327,59
1314,61
1614,68
1427,66
1505,65
1421,62
1585,68
1521,65
1373,61
1435,60
1484,65
1388,63
1511,63
1509,66
1455,65
1465,62
1483,64
1548,66
1327,59
1516,65
1458,65
1431,62
1384,57
1423,61
1392,61
1384,61
1567,68
1493,65
1365,61
1428,62
1597,68
1485,62
1361,59
1365,61
1553,65
1444,63
1463,63
1320,60
1521,66
1482,64
1457,61
1434,60
1401,59
1446,63
1420,63
1496,66
1498,65
1506,65
1366,61
1453,64
1433,61
1496,64
1460,63
1412,61
1340,60
1596,69
1427,65
1392,64
1361,60
1494,63
1513,67
1390,60
1542,67
1558,66
1442,63
1476,66
1493,65
1414,62
1381,62
1443,67
1591,67
1416,60
1378,61
1406,62
1563,65
1435,63
1453,65
1503,67
1501,64
1536,64
1686,71
1379,60
1479,63
1490,62
1565,67
1502,64
1554,67
1425,61
1416,61
1460,60
1630,70
1448,64
1482,64
1582,68
1383,63
1513,67
1454,62
1474,62
1460,63
1529,64
1451,64
1452,62
1602,69
1377,60
1520,65
1355,60
1348,59
1400,62
1262,57
1365,58
1481,65
1460,64
1403,64
1417,63
1530,67
1605,67
1442,62
1367,60
1396,62
1512,65
1440,63
1375,61
1403,60
1299,60
1272,56
1323,60
1509,65
1407,61
1364,55
1449,62
1712,72
1388,60
1536,64
1443,65
1441,63
1492,63
1341,61
1448,62
1491,65
1544,65
1434,61
1475,64
1438,62
1272,57
1321,62
1381,60
1416,64
1474,63
1449,62
1560,67
1440,63
1480,64
1420,61
1384,64
1613,67
1434,65
1493,64
1360,59
1460,62
1519,63
1367,61
1526,65
1373,63
1438,62
1555,67
1430,62
1312,59
1524,66
1432,62
1329,58
1525,67
1451,62
1540,66
1424,63
1473,65
1513,65
1434,63
1543,66
1399,60
1524,64
1535,64
1472,63
1548,67
1465,64
1418,62
1428,60
1506,66
1479,64
1517,67
1596,67
1518,65
1532,68
1499,67
1457,66
1301,61
1416,61
1463,62
1434,62
1380,62
1497,64
1401,62
1535,64
1286,58
1346,60
1540,65
1418,62
1470,65
1456,65
1442,65
1521,66
1454,64
1563,67
1373,61
1547,68
1493,65
1549,69
1401,62
1542,66
1365,60
1537,66
1393,62
1365,59
1442,63
1536,67
1392,63
1391,60
1437,61
1467,61
1480,64
1521,68
1422,61
1422,61
1452,64
1454,63
1308,58
1382,62
1444,63
1554,65
1514,67
1316,59
1485,66
1412,61
1390,60
1466,64
1505,63
1419,62
1372,64
1425,62
1490,64
1300,61
1393,62
1435,62
1613,68
1400,63
1273,59
1427,61
1423,61
1419,60
1355,61
1369,59
1522,66
1372,62
1335,60
1451,63
1351,59
1474,64
1600,68
1411,61
1385,61
1360,60
1464,63
1377,60
1429,62
1504,65
1469,64
1396,62
1427,65
1413,62
1338,58
1309,59
1413,61
1633,66
1480,64
1414,63
1438,62
1447,63
1451,60
1449,62
1533,66
1397,62
1419,60
1570,67
1451,64
1520,67
1345,59
1497,64
1401,60
1644,71
1412,64
1419,61
1417,60
1521,64
1392,61
1496,65
1402,62
1549,67
1453,62
1491,62
1546,64
1500,67
1442,65
1484,63
1391,62
1457,63
1516,65
1503,64
1540,64
1563,66
1388,62
1444,62
1333,59
1306,58
1716,70
1464,64
1434,62
1517,69
1315,56
1474,63
1439,63
1418,60
1440,63
1394,58
1451,62
1566,66
1624,67
1663,69
1509,66
1391,64
1403,61
1468,64
1533,68
1450,60
1446,63
1416,62
1409,62
1517,65
1520,64
1446,63
1439,62
1453,62
1479,65
1445,65
1343,61
1512,64
1323,58
1381,61
1367,61
1550,67
1472,62
1571,66
1487,62
1456,62
1375,62
1439,59
1370,60
1411,63
1324,60
1364,60
1625,68
1388,62
1448,64
1519,65
1447,64
1439,64
1392,62
1311,59
1383,58
1403,60
1595,64
1380,60
1553,68
1451,64
1391,62
1395,60
1572,68
1491,64
1418,60
1281,57
1437,63
1447,61
1330,59
1409,60
1447,62
1446,63
1552,67
1461,63
1529,65
1503,64
1584,67
1433,63
1465,62
1504,65
1635,71
1371,60
1451,62
1416,63
1484,64
1493,64
1531,65
1435,63
1440,63
1436,64
1473,61
1426,63
1443,63
1490,64
1492,65
1452,63
1476,64
1457,62
1256,56
1509,64
1324,60
1533,65
1425,62
1458,61
1472,64
1577,66
1491,67
1412,60
1450,63
1520,67
1339,61
1479,64
1358,61
1438,62
1446,65
1550,68
1360,60
1430,62
1358,59
1579,68
1430,61
1427,63
1454,66
1468,63
1492,65
1377,59
1456,64
1325,61
1598,66
1486,64
1445,60
1566,67
1496,66
1455,63
1378,62
1592,65
1503,64
1583,66
1470,65
1356,60
1524,63
1271,59
1403,62
1553,68
1563,67
1369,62
1555,66
1307,58
1506,66
1428,63
1451,63
1376,60
1583,67
1491,64
1518,62
1539,66
1508,65
1448,63
1435,61
1601,67
1474,63
1394,63
1494,65
1223,56
1386,60
1426,64
1559,66
1467,63
1349,58
1369,60
1473,65
1469,63
1483,64
1545,65
1528,65
1433,62
1438,63
1583,65
1469,64
1484,63
1513,64
1635,69
1325,60
1504,65
1432,62
1480,64
1567,67
1355,60
1397,62
1457,64
1498,65
1593,67
1479,65
1471,65
1386,62
1531,67
1477,63
1636,67
1524,66
1515,65
1362,60
1384,61
1369,60
1333,59
1537,64
1556,64
1567,68
1352,61
1460,64
1426,62
1560,65
1505,64
1493,64
1533,67
1443,63
1699,72
1417,62
1460,64
1536,67
1449,62
1348,60
1421,62
1407,61
1449,66
1570,66
1298,58
1424,64
1534,68
1491,66
1516,64
1558,67
1625,70
1425,62
1523,67
1635,69
1458,63
1562,68
1364,61
1468,65
1511,65
1494,66
1575,66
1357,61
1332,60
1436,63
1406,60
1418,61
1625,65
1500,63
1518,68
1500,65
1473,63
1339,60
1452,63
1412,61
1455,63
1388,63
1594,68
1479,62
1414,61
1427,63
1383,63
1408,63
1481,62
1510,63
1479,64
1442,62
1314,56
1395,60
1347,59
1562,65
1418,63
1636,68
1473,65
1358,60
1450,63
1627,69
1519,66
1510,65
1376,59
1517,64
1531,65
1419,62
1510,62
1433,65
1484,65
1528,66
1518,68
1533,66
1204,56
1424,62
1427,62
1512,66
1606,70
1433,62
1308,57
1437,62
1390,59
1610,69
1432,64
1506,65
1333,59
1365,60
1404,62
1312,59
1478,62
1481,67
1302,59
1417,62
1463,64
1533,66
1462,63
1420,61
1298,57
1590,69
1414,64
1444,64
1439,63
1457,65
1587,67
1432,61
1503,66
1510,65
1472,63
1607,70
1487,64
1644,68
1484,67
1514,66
1478,61
1486,65
1309,58
1286,55
1539,67
1519,63
1433,61
1427,64
1561,65
1410,60
1427,63
1514,64
1514,65
1532,66
1401,62
1413,63
1347,57
1566,68
1504,65
1480,63
1544,65
1522,64
1383,60
1359,60
1450,63
1394,59
1415,64
1461,64
1533,66
1528,65
1581,65
1595,67
1469,62
1527,66
1476,64
1351,61
1531,66
1611,71
1461,63
1541,66
1603,67
1450,63
1497,68
1469,62
1427,61
1449,64
1524,64
1328,59
1609,66
1485,63
1534,65
1460,61
1355,60
1371,62
1529,64
1525,63
1407,63
1535,67
1401,62
1539,65
1419,61
1403,62
1475,63
1452,61
1373,61
1497,61
1404,62
1397,59
1444,63
1521,66
1521,66
1374,60
1352,59
1455,62
1532,66
1378,61
1388,62
1465,64
1429,64
1438,62
1439,63
1619,69
1514,62
1413,63
1578,65
1558,67
1432,63
1434,62
1430,60
1380,61
1497,63
1482,65
1559,63
1538,67
1436,61
1438,63
1476,63
1493,64
1517,66
1423,64
1527,65
1497,64
1370,61
1343,58
1359,61
1322,58
1527,64
1437,62
1391,62
1440,63
1348,61
1516,66
1329,59
1318,58
1507,66
1503,64
1412,63
1338,61
1463,63
1456,63
1396,58
1548,65
1502,65
1597,65
1511,65
1455,65
1430,62
1498,66
1494,63
1440,64
1585,64
1442,63
1428,60
1462,64
1388,59
1302,60
1424,63
1419,62
1541,67
1422,63
1341,59
1330,60
1452,64
1411,62
1487,64
1430,63
1458,64
1414,61
1465,61
1409,62
1465,62
1463,64
1423,59
1483,64
1422,62
1469,62
1584,66
1457,62
1390,63
1468,64
1447,63
1529,66
1382,60
1460,63
1564,65
1599,67
1441,60
1462,64
1541,66
1519,65
1491,65
1438,64
1567,68
1354,61
1362,60
1471,63
1728,71
1342,59
1413,65
1618,68
1583,68
1529,63
1406,63
1553,66
1346,58
1427,60
1529,65
1413,62
1582,68
1588,70
1389,61
1534,64
1529,65
1514,63
1472,63
1506,65
1534,64
1465,62
1451,64
1499,64
1340,60
1465,63
1401,61
1502,67
1381,65
1373,61
1270,56
1643,70
1387,63
1480,62
1496,63
1451,60
1502,63
1348,63
1372,62
1491,63
1424,65
1358,59
1415,60
1523,67
1469,64
1535,67
1397,60
1473,63
1402,62
1407,61
1549,64
1589,66
1502,66
1434,62
1499,64
1450,63
1474,65
1444,63
1450,66
1443,66
1447,63
1512,64
1561,67
1510,66
1392,63
1206,58
1463,67
1404,63
1408,64
1589,67
1507,65
1317,61
1424,61
1582,68
1399,62
1401,58
1491,65
1435,64
1487,62
1350,60
1519,61
1341,61
1539,65
1463,63
1424,63
1513,65
1336,61
1397,59
1428,62
1547,66
1637,70
1547,67
1262,59
1527,66
1449,61
1551,69
1419,62
1457,64
1561,65
1509,63
1452,63
1465,66
1512,64
1532,66
1452,62
1442,64
1383,61
1484,62
1364,61
1544,67
1449,62
1629,69
1526,66
1469,64
1468,66
1466,62
1445,64
1567,65
1399,60
1475,66
1453,67
1504,67
1346,60
1433,63
1432,62
1490,62
1505,63
1435,65
1400,61
1444,62
1532,64
1460,64
1494,64
1511,64
1437,65
1472,64
1401,64
1515,64
1403,62
1439,63
1490,67
1352,62
1381,63
1451,63
1453,66
1497,63
1484,66
1479,62
1439,61
1495,65
1473,66
1561,66
1410,60
1310,59
1351,59
1443,64
1406,61
1418,62
1499,65
1545,67
1306,58
1609,67
1417,62
1452,62
1535,67
1396,62
1433,64
1497,66
1366,60
1480,67
1395,61
1432,65
1461,63
1426,65
1382,63
1546,66
1369,61
1348,61
1517,65
1508,66
1441,63
1422,61
1403,62
1362,61
1434,63
1499,65
1397,60
1521,66
1473,62
1433,64
1515,66
1571,67
1363,60
1455,64
1506,67
1517,65
1449,64
1378,62
1402,60
1358,59
1373,62
1492,65
1436,63
1424,62
1519,66
1543,64
1320,58
1672,69
1319,57
1517,64
1470,65
1658,70
1387,62
1490,62
1411,62
1477,64
1480,65
1497,66
1479,63
1469,65
1513,66
1411,61
1440,63
1657,68
1437,63
1484,66
1366,62
1477,65
1426,63
1436,62
1338,60
1455,65
1558,67
1462,64
1326,59
1501,66
1572,69
1580,67
1588,69
1476,63
1491,64
1477,64
1361,61
1606,69
1630,68
1306,59
1468,64
1399,62
1481,63
1326,60
1366,61
1486,65
1475,62
1340,60
1498,64
1519,66
1335,60
1444,62
1625,70
1443,62
1452,64
1389,61
1425,61
1512,63
1451,66
1349,60
1578,68
1439,63
1548,66
1455,64
1352,61
1504,67
1502,65
1329,59
1427,61
1509,66
1608,68
1345,60
1530,64
1507,66
1337,61
1426,64
1554,65
1550,68
1349,59
1436,63
1492,65
1502,63
1434,63
1550,63
1327,58
1509,66
1633,71
1604,69
1411,61
1507,62
1479,64
1411,60
1513,64
1498,63
1468,65
1372,59
1492,62
1310,58
1514,66
1437,64
1402,62
1405,61
1549,67
1519,66
1592,67
1445,62
1357,61
1467,65
1400,60
1401,64
1378,60
1551,67
1430,61
1509,63
1287,60
1507,64
1581,67
1431,64
1474,64
1338,60
1519,63
1415,61
1303,58
1479,65
1556,68
1474,65
1572,66
1439,60
1378,61
1535,66
1415,63
1513,64
1474,64
1456,64
1487,63
1586,66
1493,64
1407,61
1438,64
1476,62
1293,60
1474,65
1529,66
1364,58
1317,57
1327,62
1433,61
1514,65
1487,65
1542,67
1448,61
1363,59
1447,60
1546,65
1390,61
1496,65
1501,66
1439,65
1556,70
1503,65
1449,63
1484,66
1500,66
1373,60
1573,65
1470,66
1447,64
1475,62
1481,62
1361,61
1411,61
1322,58
1211,55
1401,61
1403,62
1471,63
1551,65
1402,63
1543,68
1429,62
1506,63
1555,68
1462,65
1449,65
1694,70
1548,66
1500,61
1430,63
1378,62
1431,63
1470,65
1498,64
1561,67
1547,65
1601,66
1511,63
1457,64
1438,65
1457,64
1442,63
1357,62
1502,65
1371,60
1472,62
1359,58
1557,66
1563,65
1396,62
1394,62
1488,61
1470,64
1524,66
1361,59
1412,59
1416,64
1381,61
1419,63
1355,61
1453,63
1417,59
1367,60
1425,60
1433,60
1395,59
1428,64
1375,62
1457,63
1485,64
1399,61
1573,69
1527,67
1282,57
1417,62
1378,60
1453,62
1395,61
1550,64
1458,62
1355,59
1598,68
1460,61
1513,64
1435,62
1553,65
1505,67
1484,66
1478,64
1443,62
1485,64
1481,65
1528,67
1531,66
1448,63
1535,65
1386,63
1430,64
1595,69
1457,64
1537,65
1606,70
1475,65
1420,60
1477,66
1477,63
1399,59
1496,63
1456,63
1537,66
1368,58
1214,58
1457,63
1421,64
1333,59
1542,65
1514,66
1482,64
1389,59
1477,64
1445,63
1283,57
1488,65
1342,58
1561,66
1500,63
1487,64
1482,65
1558,67
1440,63
1550,64
1453,64
1531,65
1378,60
1479,64
1354,60
1443,63
1526,64
1555,68
1452,64
1328,60
1419,59
1480,64
1427,64
1412,62
1368,58
1447,63
1485,63
1467,64
1544,67
1407,61
1503,63
1561,64
1469,63
1485,62
1432,63
1316,58
1469,63
1491,62
1493,64
1410,60
1589,67
1495,65
1480,64
1394,61
1508,65
1406,60
1565,65
1397,61
1510,65
1395,60
1446,61
1492,64
1344,59
1450,63
1307,58
1395,61
1469,64
1377,61
1336,58
1424,62
1551,66
1287,58
1575,65
1515,66
1462,64
1374,58
1381,63
1401,62
1295,59
1408,62
1497,66
1505,64
1421,61
1487,65
1449,63
1451,62
1587,67
1346,61
1430,64
1420,62
1584,67
1332,60
1395,62
1446,63
1420,62
1534,67
1520,64
1590,65
1403,63
1411,62
1528,67
1453,61
1342,58
1414,63
1365,60
1443,63
1463,62
1480,65
1429,62
1415,61
1516,65
1516,64
1491,62
1509,65
1592,67
1464,61
1489,64
1400,62
1460,64
1511,64
1473,64
1270,56
1444,64
1465,62
1464,64
1587,67
1479,64
1302,60
1559,67
1336,59
1522,65
1368,60
1429,62
1606,67
1444,60
1436,62
1565,68
1324,58
1504,66
1434,62
1489,64
1467,63
1544,67
1384,61
1455,63
1568,66
1462,64
1491,65
1499,64
1409,63
1556,64
1506,66
1417,61
1489,64
1449,62
1462,64
1341,60
1439,65
1519,66
1580,66
1415,63
1491,66
1321,58
1305,59
1471,63
1388,61
1446,64
1477,65
1344,61
1478,64
1453,62
1483,62
1431,62
1493,64
1466,64
1525,65
1563,68
1472,62
1369,61
1466,62
1425,62
1510,65
1585,69
1464,65
1336,59
1341,57
1483,62
1359,61
1438,64
1445,60
1424,61
1417,62
1465,64
1430,63
1508,68
1481,64
1397,61
1546,67
1333,60
1404,60
1512,63
1467,63
1454,61
1414,61
1402,61
1473,61
1422,64
1510,65
1404,61
1496,63
1390,60
1412,61
1431,63
1456,63
1369,62
1464,62
1427,62
1415,61
1508,67
1419,60
1484,64
1358,58
1438,62
1542,67
1447,62
1558,66
1445,61
1299,57
1387,61
1589,67
1459,64
1375,60
1463,65
1497,65
1467,64
1429,63
1355,60
1468,65
1334,61
1444,64
1370,62
1308,59
1450,62
1433,62
1510,64
1420,63
1517,66
1507,64
1462,61
1468,63
1489,63
1420,62
1536,66
1423,62
1497,65
1533,66
1407,62
1518,65
1397,62
1533,65
1456,61
1447,61
1555,66
1264,58
1491,64
1394,61
1350,60
1486,64
1392,60
1500,62
1439,64
1369,63
1413,67
1449,64
1487,67
1395,63
1557,64
1473,64
1581,67
1562,67
1416,61
1482,66
1482,65
1519,65
1497,63
1528,63
1496,63
1394,62
1503,65
1608,69
1501,62
1507,63
1470,64
1439,64
1440,63
1518,67
1507,66
1455,63
1490,63
1519,64
1530,67
1433,64
1316,61
1528,67
1550,68
1539,65
1519,65
1516,64
1390,63
1474,64
1368,62
1457,64
1390,62
1510,65
1419,60
1477,67
1367,61
1514,68
1388,61
1518,66
1557,65
1407,60
1411,62
1479,62
1557,65
1435,64
1531,63
1498,64
1434,62
1487,63
1549,64
1523,65
1512,66
1404,63
1426,63
1590,68
1531,66
1450,61
1565,66
1554,66
1337,61
1502,66
1403,59
1548,65
1532,66
1456,62
1506,66
1512,69
1519,63
1379,60
1441,63
1444,64
1359,59
1536,65
1367,60
1530,64
1608,68
1331,57
1515,65
1447,66
1370,62
1415,62
1477,64
1392,61
1291,60
1479,65
1445,63
1384,60
1528,65
1483,62
1256,55
1446,63
1423,61
1529,64
1638,67
1467,62
1598,70
1447,62
1412,63
1530,67
1458,63
1272,56
1596,67
1405,61
1359,63
1415,60
1291,56
1475,64
1333,60
1497,64
1454,64
1510,62
1546,65
1455,62
1452,62
1480,63
1436,64
1480,67
1480,64
1559,66
1420,63
1315,60
1569,66
1465,63
1499,65
1416,64
1632,69
1479,64
1300,59
1448,63
1466,65
1449,64
1540,67
1233,56
1606,70
1525,65
1388,61
1527,66
1454,65
1623,68
1351,59
1475,63
1478,65
1503,64
1354,61
1543,64
1437,61
1482,65
1393,62
1491,64
1450,62
1489,65
1384,60
1358,61
1599,67
1513,66
1421,62
1402,59
1330,58
1574,68
1596,68
1421,63
1383,62
1556,67
1331,59
1600,68
1504,65
1564,68
1441,65
1429,64
1464,64
1545,66
1410,61
1479,66
1419,61
1367,60
1426,61
1492,65
1364,62
1498,65
1386,62
1471,66
1423,64
1397,60
1355,59
1555,67
1435,62
1413,60
1397,62
1535,66
1573,65
1510,66
1535,66
1591,67
1490,64
1332,59
1482,64
1383,59
1589,65
1352,61
1480,64
1543,66
1319,61
1560,62
1486,64
1370,63
1548,65
1477,62
1496,63
1446,62
1447,64
1498,65
1337,61
1393,64
1576,67
1570,68
1446,62
1199,56
1489,66
1419,61
1339,61
1548,66
1326,59
1410,62
1452,63
1455,64
1493,67
1498,63
1393,62
1546,65
1359,61
1543,68
1503,66
1474,62
1521,64
1596,67
1602,68
1510,66
1475,67
1311,62
1444,62
1355,59
1491,64
1564,67
1345,58
1516,65
1382,61
1412,63
1305,59
1499,66
1404,61
1299,56
1430,63
1459,66
1503,66
1411,62
1394,62
1341,57
1401,59
1535,67
1567,67
1496,66
1490,63
1348,59
1320,58
1401,64
1407,61
1599,67
1586,67
1335,60
1355,61
1613,68
1468,62
1537,65
1399,61
1484,63
1376,61
1443,63
1292,57
1509,66
1490,65
1419,63
1424,61
1328,60
1427,62
1557,68
1486,66
1434,65
1527,66
1314,56
1372,58
1531,67
1536,64
1397,59
1391,62
1349,57
1510,64
1517,65
1513,64
1337,59
1496,63
1400,60
1544,67
1539,65
1667,70
1404,61
1401,62
1403,62
1484,64
1329,57
1555,67
1457,62
1505,64
1557,65
1448,62
1509,67
1515,64
1506,67
1486,64
1430,63
1521,65
1478,65
1432,62
1430,62
1553,64
1465,65
1626,68
1471,64
1402,62
1318,61
1536,65
1189,55
1458,63
1615,67
1394,62
1301,58
1463,64
1478,63
1449,64
1495,65
1428,61
1425,63
1292,59
1573,65
1379,59
1425,64
1427,62
1459,65
1552,68
1504,65
1514,63
1389,63
1432,63
1502,61
1540,65
1380,62
1377,61
1387,63
1440,62
1497,66
1473,66
1522,64
1475,67
1396,59
1392,62
1475,66
1505,65
1476,63
1537,68
1433,62
1486,64
1394,61
1531,65
1481,64
1526,64
1463,64
1653,69
1512,67
1361,61
1617,67
1568,65
1539,67
1433,65
1438,63
1496,65
1471,66
1350,61
1484,63
1513,65
1443,63
1476,62
1366,60
1517,64
1592,68
1481,65
1462,65
1396,62
1412,63
1218,56
1525,65
1407,62
1357,61
1514,65
1420,61
1496,64
1424,64
1352,60
1417,63
1600,67
1413,60
1475,65
1399,60
1342,60
1417,64
1532,66
1492,63
1305,59
1451,63
1414,61
1464,61
1421,62
1337,59
1433,62
1433,63
1282,60
1500,63
1521,67
1551,65
1441,62
1515,64
1495,66
1510,66
1339,60
1495,65
1313,57
1393,61
1354,60
1549,65
1290,56
1505,64
1402,62
1444,61
1518,66
1519,64
1503,65
1465,64
1484,65
1436,64
1419,63
1438,62
1465,65
1443,64
1469,63
1272,59
1466,65
1440,63
1399,61
1519,65
1470,64
1476,62
1304,57
1472,64
1429,60
1507,64
1440,63
1509,63
1570,67
1325,59
1496,64
1363,58
1371,61
1475,64
1368,62
1447,65
1593,66
1342,60
1438,63
1510,66
1416,61
1471,65
1283,59
1307,56
1371,58
1604,69
1523,64
1428,62
1376,60
1531,66
1443,63
1378,60
1333,58
1389,60
1397,60
1415,63
1551,67
1457,62
1383,60
1383,60
1492,63
1368,60
1412,62
1498,66
1448,60
1448,61
1395,62
1235,57
1415,63
1476,64
1463,62
1521,66
1496,64
1566,65
1350,59
1416,63
1434,64
1566,66
1405,60
1512,64
1537,66
1462,64
1388,60
1508,66
1499,61
1366,60
1299,59
1557,66
1349,60
1424,60
1584,65
1497,64
1330,58
1407,62
1449,63
1479,64
1490,63
1471,64
1575,69
1525,65
1451,63
1468,63
1441,62
1454,64
1458,65
1490,65
1498,63
1490,64
1519,66
1452,60
1585,67
1436,62
1561,65
1499,63
1467,63
1390,59
1384,61
1508,65
1394,62
1463,62
1377,61
1492,65
1496,65
1420,64
1458,65
1437,63
1399,59
1460,65
1499,66
1444,62
1446,60
1528,67
1452,63
1454,64
1576,67
1480,65
1538,65
1471,63
1436,63
1583,68
1373,60
1390,61
1498,62
1260,56
1555,68
1460,64
1333,59
1541,64
1302,58
1595,66
1448,64
1537,65
1316,56
1489,64
1314,57
1433,64
1404,61
1409,60
1491,63
1524,66
1331,58
1540,64
1450,60
1540,64
1431,61
1444,65
1409,62
1441,66
1386,61
1406,61
1366,62
1373,61
1538,66
1537,67
1436,63
1425,61
1456,63
1388,60
1438,61
1454,62
1431,59
1476,63
1544,67
1196,56
1378,64
1460,65
1506,66
1446,60
1513,67
1528,65
1481,65
1399,60
1423,62
1514,66
1411,60
1380,61
1441,62
1388,61
1403,62
1393,62
1480,64
1461,61
1371,61
1497,65
1645,70
1443,63
1366,62
1484,63
1446,63
1472,65
1514,63
1493,64
1483,63
1409,63
1463,63
1478,64
1409,64
1533,67
1393,62
1641,67
1345,61
1329,61
1537,65
1486,63
1520,66
1520,64
1391,61
1526,66
1592,68
1449,62
1486,64
1375,60
1573,69
1513,66
1386,62
1498,63
1352,60
1454,63
1548,66
1297,60
1438,62
1484,64
1511,64
1369,63
1422,62
1547,65
1546,65
1492,66
1452,65
1442,62
1476,64
1375,63
1603,68
1568,67
1502,63
1585,67
1383,62
1562,66
1421,65
1396,59
1532,63
1561,64
1392,62
1395,62
1305,59
1480,66
1447,64
1498,66
1416,62
1486,63
1552,66
1526,64
1430,63
1504,65
1492,65
1406,61
1431,61
1476,64
1607,69
1625,68
1349,59
1433,61
1324,57
1483,63
1534,66
1492,65
1354,61
1527,64
1530,66
1479,62
1437,61
1467,66
1423,61
1340,62
1463,64
1502,66
1443,63
1548,67
1508,68
1473,65
1467,64
1516,65
1578,69
1377,61
1442,62
1446,63
1450,60
1464,63
1506,66
1437,63
1540,66
1393,62
1450,63
1425,59
1554,65
1471,64
1478,63
1428,64
1371,59
1428,62
1584,65
1434,62
1482,61
1504,65
1262,57
1392,62
1521,66
1426,61
1512,65
1514,64
1339,61
1407,62
1470,62
1502,66
1423,60
1543,64
1562,66
1490,64
1359,60
1392,64
1502,63
1507,64
1381,62
1397,63
1510,64
1407,61
1469,64
1394,62
1448,62
1336,59
1451,64
1492,65
1397,61
1243,58
1387,63
1398,60
1480,64
1428,63
1364,59
1472,64
1405,61
1457,62
1302,60
1605,68
1390,61
1605,68
1587,67
1427,64
1538,66
1365,59
1577,65
1486,63
1474,63
1410,63
1365,61
1556,66
1456,62
1339,61
1390,63
1541,66
1507,63
1381,60
1359,60
1524,66
1402,63
1458,62
1407,62
1368,63
1323,58
1506,64
1322,60
1481,65
1410,59
1464,63
1528,66
1460,65
1450,63
1346,58
1473,65
1523,64
1502,64
1455,63
1353,61
1452,63
1414,63
1314,57
1395,60
1364,61
1457,60
1505,63
1409,60
1415,64
1369,56
1562,67
1420,63
1500,63
1486,65
1461,64
1359,57
1426,62
1508,67
1405,63
1331,58
1393,60
1439,62
1490,66
1419,62
1271,60
1388,62
1430,63
1471,63
1344,60
1481,62
1432,60
1385,62
1424,61
1285,57
1487,64
1578,68
1499,63
1444,63
1515,66
1456,63
1564,65
1489,64
1441,61
1433,63
1279,56
1561,65
1436,61
1487,62
1412,60
1541,66
1465,65
1474,64
1502,66
1407,61
1410,62
1369,60
1525,66
1522,66
1572,70
1471,64
1389,60
1481,64
1583,68
1682,70
1388,61
1549,67
1557,64
1483,65
1473,63
1492,64
1521,66
1362,60
1559,65
1487,63
1376,60
1528,66
1407,62
1454,64
1497,67
1491,63
1378,60
1455,61
1465,63
1322,59
1396,61
1448,63
1477,65
1385,61
1348,58
1271,56
1542,66
1395,62
1471,63
1461,63
1332,59
1379,61
1422,63
1426,61
1447,61
1437,62
1480,64
1362,62
1540,66
1349,59
1435,63
1440,64
1363,56
1581,65
1368,60
1529,66
1346,58
1506,65
1486,66
1557,65
1374,60
1483,64
1542,67
1416,61
1539,65
1366,60
1520,65
1410,62
1500,66
1364,59
1515,65
1425,63
1432,62
1354,60
1406,60
1435,62
1572,66
1533,65
1478,65
1456,65
1483,65
1461,62
1387,63
1487,65
1432,63
1481,63
1389,62
1598,69
1490,62
1495,63
1353,59
1482,63
1486,64
1448,62
1514,65
1483,65
1473,63
1561,68
1573,67
1579,67
1482,61
1363,60
1343,60
1519,65
1427,63
1373,59
1501,66
1375,60
1416,63
1528,65
1369,62
1527,67
1377,62
1550,66
1451,65
1434,63
1488,64
1418,64
1496,65
1638,69
1427,62
1410,63
1526,65
1372,60
1447,65
1424,63
1457,63
1523,66
1466,64
1480,64
1411,61
1461,62
1264,57
1403,61
1507,65
1495,66
1479,66
1543,64
1465,64
1444,62
1529,66
1636,69
1339,59
1271,58
1526,64
1433,62
1424,63
1538,66
1511,65
1437,62
1452,62
1230,57
1496,65
1483,63
1419,61
1454,63
1411,60
1376,62
1399,61
1533,65
1410,60
1394,61
1416,61
1551,65
1477,64
1431,61
1455,62
1351,62
1525,65
1438,64
1553,66
1482,63
1422,62
1415,61
1453,64
1396,61
1491,63
1357,60
1461,64
1429,62
1437,63
1443,62
1546,66
1536,65
1261,57
1479,63
1479,62
1420,61
1575,65
1380,60
1401,62
1339,60
1546,65
1397,63
1552,68
1432,62
1377,61
1583,68
1528,67
1599,67
1500,66
1350,61
1459,62
1574,66
1403,62
1480,63
1339,60
1376,61
1462,63
1533,67
1354,63
1400,63
1442,62
1445,65
1397,60
1277,57
1581,67
1413,61
1490,63
1319,58
1496,66
1473,63
1292,57
1401,61
1352,62
1387,59
1274,59
1279,58
1384,62
1315,60
1365,59
1457,62
1483,66
1454,63
1471,64
1418,65
1364,58
1398,61
1394,61
1373,59
1461,62
1364,61
1546,67
1512,64
1473,62
1449,65
1588,68
1326,61
1414,60
1475,64
1424,64
1525,65
1416,60
1509,65
1348,62
1532,67
1630,69
1456,65
1440,64
1498,64
1421,62
1483,64
1516,65
1453,63
1628,69
1390,62
1490,65
1593,71
1543,65
1533,66
1367,59
1495,66
1473,62
1547,64
1417,61
1422,64
1464,63
1535,65
1472,63
1484,64
1406,61
1464,63
1434,64
1396,62
1445,64
1464,64
1584,67
1344,61
1516,67
1465,65
1393,60
1486,63
1532,66
1478,66
1552,67
1513,64
1375,59
1614,70
1439,62
1544,68
1503,63
1492,66
1399,60
1529,64
1660,69
1561,67
1413,65
1545,64
1345,59
1562,65
1469,63
1483,64
1538,64
1396,61
1457,65
1646,69
1436,62
1541,67
1465,65
1355,60
1353,61
1484,64
1462,64
1551,65
1409,60
1301,59
1300,58
1522,64
1335,59
1488,63
1467,64
1540,66
1411,62
1590,66
1457,64
1468,64
1481,64
1524,66
1562,66
1486,64
1454,63
1416,64
1522,65
1451,65
1396,60
1471,64
1418,61
1582,66
1490,66
1335,61
1499,64
1394,60
1513,65
1566,66
1463,65
1648,71
1430,62
1426,61
1405,60
1443,64
1544,66
1499,63
1469,63
1432,63
1498,65
1339,60
1546,66
1429,61
1414,64
1458,64
1435,61
1478,63
1317,59
1340,61
1397,61
1550,67
1462,63
1497,65
1420,62
1572,65
1547,65
1401,62
1408,62
1519,65
1435,60
1527,64
1448,63
1490,65
1522,64
1505,65
1554,66
1327,58
1554,64
1609,68
1586,66
1480,64
1603,67
1401,63
1480,65
1367,57
1497,66
1323,58
1440,62
1593,68
1466,63
1432,62
1473,61
1576,67
1540,66
1475,64
1455,63
1398,62
1472,64
1366,58
1472,64
1415,63
1573,66
1580,67
1478,64
1582,67
1378,61
1509,66
1518,65
1561,67
1390,63
1471,66
1274,58
1562,67
1516,66
1494,64
1411,60
1420,62
1304,58
1444,60
1440,62
1532,63
1360,62
1503,66
1540,66
1529,65
1570,65
1435,64
1414,63
1324,59
1477,65
1487,63
1346,59
1392,62
1435,63
1337,59
1525,67
1540,63
1498,65
1515,67
1512,65
1620,67
1430,63
1338,61
1513,65
1408,63
1564,68
1416,63
1369,63
1485,63
1487,63
1414,61
1453,63
1595,66
1392,61
1391,63
1455,64
1391,60
1465,66
1353,60
1458,64
1587,68
1460,64
1313,59
1487,63
1572,68
1497,65
1508,64
1487,63
1516,63
1586,68
1303,55
1312,59
1446,64
1355,61
1305,59
1521,68
1564,68
1387,60
1486,66
1431,61
1601,68
1374,61
1510,65
1421,61
1384,59
1432,61
1531,68
1347,60
1415,60
1486,62
1412,63
1442,63
1251,58
1446,65
1616,66
1301,57
1432,63
1421,62
1525,64
1315,58
1467,62
1346,58
1352,62
1419,61
1515,65
1368,59
1415,61
1505,65
1378,59
1673,69
1309,58
1513,63
1435,63
1420,62
1397,62
1375,60
1614,69
1456,64
1408,61
1489,63
1372,61
1428,60
1356,61
1416,62
1342,59
1447,63
1486,63
1497,66
1639,72
1484,64
1598,70
1545,67
1417,63
1434,63
1519,66
1343,61
1349,60
1392,62
1510,63
1439,62
1561,66
1449,65
1517,64
1582,66
1499,65
1614,68
1477,65
1555,68
1483,65
1437,65
1555,65
1443,63
1601,67
1432,62
1449,62
1549,69
1356,61
1603,68
1483,63
1398,63
1502,63
1509,66
1424,62
1552,67
1527,64
1495,63
1487,65
1521,66
1499,63
1363,58
1609,69
1583,66
1570,65
1596,68
1424,64
1429,65
1399,60
1520,65
1406,62
1331,58
1524,67
1526,65
1505,64
1408,60
1581,67
1512,66
1469,66
1426,63
1411,62
1496,64
1451,63
1423,63
1302,60
1555,65
1474,65
1577,69
1577,67
1497,66
1508,66
1471,67
1549,67
1421,63
1470,65
1501,64
1473,65
1493,66
1523,65
1449,65
1566,66
1519,64
1484,65
1414,60
1364,62
1549,66
1451,64
1464,64
1499,65
1485,65
1469,63
1526,66
1439,63
1440,62
1581,66
1491,64
1438,63
1565,67
1405,62
1475,64
1476,64
1448,63
1464,61
1504,66
1464,63
1424,63
1536,65
1573,67
1398,60
1625,67
1501,65
1545,68
1276,58
1472,65
1414,62
1467,66
1524,65
1464,64
1372,62
1498,62
1568,69
1555,65
1485,62
1420,62
1379,62
1321,61
1354,60
1584,68
1533,65
1555,68
1410,62
1413,60
1468,65
1532,66
1506,66
1448,64
1399,62
1562,69
1428,62
1519,65
1433,63
1477,64
1466,65
1451,66
1355,62
1420,64
1365,62
1566,70
1418,65
1408,65
1535,67
1515,66
1450,64
1326,60
1401,62
1446,61
1318,59
1498,64
1514,66
1467,65
1320,61
1400,63
1496,64
1418,59
1382,65
1509,65
1658,71
1584,69
1407,62
1480,64
1497,65
1591,69
1395,61
1455,64
1517,66
1433,60
1557,65
1677,71
1407,62
1559,67
1444,63
1426,61
1464,65
1415,63
1492,64
1398,62
1524,65
1488,64
1528,65
1524,63
1424,64
1535,66
1420,58
1507,65
1392,61
1514,66
1357,61
1441,64
1485,66
1425,62
1414,62
1402,62
1417,62
1632,67
1493,66
1473,63
1514,65
1483,66
1368,61
1475,64
1527,63
1535,67
1431,66
1380,62
1544,67
1498,66
1498,64
1525,67
1488,65
1494,66
1564,66
1435,61
1549,65
1469,63
1435,62
1460,63
1514,64
1359,59
1410,64
1543,69
1513,65
1583,70
1439,63
1485,65
1458,61
1458,63
1634,67
1530,66
1421,62
1370,60
1470,63
1557,64
1545,65
1424,63
1491,63
1526,64
1539,66
1306,60
1533,64
1505,65
1408,61
1589,68
1458,60
1587,66
1483,63
1547,68
1432,65
1474,64
1534,66
1366,61
1471,63
1506,65
1464,64
1507,65
1363,61
1343,59
1451,61
1392,63
1508,66
1362,61
1473,66
1400,62
1515,68
1376,61
1492,63
1462,64
1503,66
1416,64
1483,66
1531,64
1572,66
1425,61
1293,57
1422,65
1396,62
1407,63
1498,65
1479,64
1326,62
1570,65
1445,65
1424,64
1379,62
1414,62
1490,65
1467,64
1535,67
1523,65
1369,63
1545,66
1577,69
1497,64
1489,62
1545,66
1533,66
1386,63
1446,64
1459,63
1446,64
1540,63
1456,64
1472,65
1551,66
1465,64
1296,58
1396,61
1420,60
1396,63
1603,68
1600,67
1462,65
1594,69
1513,63
1597,68
1467,62
1339,59
1532,68
1437,63
1416,63
1489,65
1516,65
1537,67
1558,68
1452,63
1610,71
1462,64
1372,63
1453,65
1464,65
1329,62
1437,65
1505,66
1441,63
1466,64
1372,63
1591,69
1415,61
1476,64
1453,65
1410,61
1325,60
1384,61
1522,66
1471,66
1432,63
1475,65
1377,61
1516,64
1429,64
1612,68
1557,68
1429,62
1579,69
1519,64
1482,65
1410,65
1506,67
1481,65
1565,66
1471,63
1545,66
1522,64
1421,62
1457,63
1474,65
1482,65
1461,65
1444,65
1381,60
1498,65
1527,65
1606,69
1423,62
1527,67
1625,69
1469,65
1519,64
1515,66
1565,66
1507,65
1459,64
1377,62
1508,65
1549,64
1472,65
1405,61
1664,69
1443,64
1420,63
1482,64
1511,64
1411,61
1383,63
1445,63
1616,68
1495,67
1484,63
1527,66
1593,68
1490,65
1508,65
1402,64
1477,66
1511,64
1464,64
1494,65
1527,63
1457,62
1491,65
1532,67
1485,66
1482,62
1531,63
1468,65
1473,64
1493,66
1429,63
1402,62
1462,65
1544,68
1572,69
1500,66
1506,65
1425,64
1413,64
1612,69
1403,62
1349,60
1454,66
1377,62
1466,63
1462,63
1327,60
1323,60
1435,64
1538,66
1515,68
1577,68
1502,65
1473,66
1405,64
1497,66
1449,63
1518,66
1587,69
1472,64
1317,61
1395,62
1450,61
1518,64
1647,69
1635,67
1501,64
1495,63
1352,59
1422,65
1519,65
1573,69
1450,64
1390,61
1362,62
1462,63
1534,67
1494,64
1400,61
1379,59
1555,67
1486,63
1536,68
1569,65
1448,62
1411,63
1469,65
1498,66
1556,67
1464,63
1438,63
1406,64
1518,67
1529,66
1497,63
1390,62
1535,65
1408,63
1482,65
1469,65
1643,71
1542,65
1426,64
1478,64
1523,62
1462,63
1531,68
1411,62
1475,65
1511,66
1389,60
1465,63
1433,61
1535,64
1578,67
1441,65
1625,70
1523,69
1485,65
1542,65
1442,65
1583,69
1448,64
1478,64
1402,64
1377,58
1417,62
1498,64
1451,65
1558,69
1457,61
1503,65
1488,66
1531,65
1354,62
1481,63
1563,65
1425,61
1361,61
1488,65
1501,66
1498,65
1499,63
1392,63
1467,65
1381,62
1390,62
1487,66
1442,63
1353,60
1422,62
1265,56
1578,68
1384,63
1580,68
1533,64
1506,66
1467,64
1585,68
1383,61
1499,65
1332,63
1434,61
1460,63
1472,65
1403,64
1452,62
1443,63
1476,65
1650,69
1486,65
1426,60
1394,60
1405,59
1444,63
1505,66
1426,63
1557,65
1494,65
1503,65
1508,65
1502,66
1370,62
1455,61
1426,64
1508,63
1566,68
1481,67
1387,61
1457,64
1531,65
1508,65
1434,63
1427,63
1468,66
1451,64
1535,64
1421,63
1437,63
1495,66
1402,62
1513,64
1438,65
1479,63
1467,65
1534,66
1358,62
1523,64
1384,62
1513,65
1498,65
1426,63
1409,64
1465,63
1550,68
1394,63
1438,64
1534,65
1592,68
1402,62
1592,67
1540,69
1367,63
1478,65
1544,66
1461,66
1582,67
1579,67
1543,65
1386,63
1648,69
1553,67
1379,61
1406,62
1497,64
1458,64
1614,70
1449,63
1407,63
1407,62
1576,69
1418,65
1540,65
1486,64
1534,66
1438,64
1365,59
1371,62
1402,62
1430,62
1414,62
1566,67
1557,65
1411,63
1375,60
1442,65
1513,65
1453,63
1392,62
1290,60
1604,70
1435,65
1445,63
1516,67
1449,65
1616,68
1416,64
1349,61
1547,68
1400,63
1293,59
1411,63
1526,65
1544,66
1637,68
1414,62
1564,68
1457,63
1433,63
1541,66
1476,63
1590,69
1445,65
1548,66
1563,66
1394,63
1369,63
1451,64
1358,61
1453,65
1380,63
1463,60
1270,55
1411,62
1568,66
1437,63
1541,66
1574,70
1420,61
1531,66
1355,62
1470,61
1471,63
1441,63
1678,70
1632,69
1574,68
1512,67
1583,68
1587,65
1364,63
1454,64
1486,63
1471,65
1463,64
1508,66
1649,70
1496,64
1509,65
1662,68
1399,60
1447,63
1523,66
1319,58
1330,61
1486,63
1330,60
1334,64
1529,65
1533,65
1572,65
1468,65
1482,64
1443,64
1417,64
1407,63
1455,63
1524,65
1482,66
1559,64
1546,65
1388,61
1594,65
1452,63
1499,65
1426,64
1353,62
1397,63
1483,66
1417,64
1432,64
1516,67
1439,63
1410,60
1554,65
1441,65
1384,64
1495,66
1561,68
1375,63
1366,60
1459,63
1489,65
1444,63
1357,61
1682,69
1520,64
1499,64
1459,62
1390,63
1376,61
1479,63
1533,66
1434,63
1331,57
1444,64
1542,69
1407,64
1482,62
1409,62
1455,62
1471,63
1443,64
1374,61
1574,69
1494,65
1364,61
1464,62
1474,63
1558,66
1416,61
1537,67
1501,65
1575,68
1349,59
1395,63
1398,61
1191,58
1482,64
1587,68
1576,67
1492,64
1543,65
1585,69
1384,61
1531,67
1492,66
1507,64
1467,65
1393,63
1413,63
1517,65
1408,63
1286,60
1454,63
1477,66
1421,62
1498,64
1546,67
1434,61
1398,63
1557,67
1424,61
1470,64
1532,68
1453,63
1398,60
1351,61
1534,66
1713,73
1432,63
1433,61
1403,61
1337,57
1392,62
1577,68
1422,61
1536,65
1485,65
1502,67
1258,59
1475,65
1497,65
1283,57
1455,63
1563,68
1391,61
1424,62
1423,63
1473,62
1463,63
1546,66
1481,63
1486,66
1533,66
1475,64
1374,64
1370,60
1534,66
1432,63
1362,59
1593,67
1564,68
1400,58
1431,62
1395,61
1597,69
1570,66
1557,67
1441,64
1489,63
1551,67
1631,69
1353,60
1410,61
1660,70
1394,62
1499,64
1346,62
1467,64
1534,66
1338,62
1492,65
1463,65
1476,64
1373,60
1561,66
1410,64
1566,67
1511,65
1355,63
1411,62
1485,66
1475,64
1460,63
1546,63
1518,65
1449,64
1565,67
1622,70
1402,63
1396,63
1532,67
1477,60
1383,63
1557,69
1432,61
1443,62
1512,65
1433,60
1513,65
1493,65
1477,64
1473,65
1604,66
1525,66
1546,67
1514,65
1381,60
1536,67
1403,63
1458,64
1446,65
1374,62
1357,61
1624,66
1568,68
1355,62
1439,63
1526,67
1510,61
1437,65
1569,67
1409,63
1483,63
1488,65
1453,63
1388,62
1415,65
1530,65
1391,59
1563,67
1416,63
1601,69
1473,64
1681,70
1493,66
1479,64
1421,64
1419,64
1489,64
1524,66
1549,66
1414,63
1488,66
1612,69
1487,65
1538,66
1480,64
1441,65
1348,60
1542,66
1604,68
1357,59
1454,62
1471,64
1510,64
1514,66
1397,63
1376,61
1510,65
1511,65
1337,58
1339,60
1595,67
1455,64
1649,70
1682,72
1501,63
1564,68
1381,61
1486,65
1550,67
1364,60
1516,67
1460,63
1619,71
1586,69
1465,63
1415,61
1460,64
1441,61
1537,66
1426,64
1433,63
1624,71
1456,64
1440,64
1514,66
1456,64
1583,68
1473,64
1549,65
1489,65
1428,61
1506,66
1617,69
1485,64
1525,66
1507,66
1528,65
1544,64
1655,69
1457,63
1508,65
1498,65
1351,60
1459,64
1537,67
1477,64
1508,65
1381,62
1489,64
1499,64
1471,65
1419,61
1420,62
1465,64
1497,64
1475,63
1610,69
1566,66
1583,66
1519,65
1400,60
1498,64
1478,64
1524,64
1489,65
1471,65
1399,62
1585,67
1384,61
1374,61
1430,64
1409,61
1481,62
1608,68
1486,64
1513,65
1404,62
1454,62
1512,65
1458,62
1522,65
1450,62
1572,67
1563,66
1378,57
1431,64
1637,69
1429,66
1514,67
1501,65
1412,65
1494,62
1447,61
1608,70
1567,67
1556,65
1398,62
1538,63
1354,60
1502,66
1459,62
1494,66
1378,61
1414,62
1450,61
1686,71
1370,61
1376,62
1414,62
1511,67
1462,64
1433,63
1536,66
1512,65
1419,61
1448,63
1576,69
1531,65
1328,58
1448,64
1388,61
1511,66
1574,67
1498,66
1447,63
1445,63
1516,66
1527,67
1521,67
1522,66
1578,68
1492,64
1475,66
1467,65
1432,60
1518,67
1378,61
1654,70
1450,60
1550,67
1479,65
1375,61
1409,64
1500,64
1411,64
1443,62
1420,62
1485,65
1592,68
1487,64
1597,65
1491,67
1560,64
1379,61
1434,64
1331,61
1423,62
1411,60
1400,59
1429,65
1322,58
1594,65
1424,62
1466,62
1473,64
1508,66
1520,64
1449,63
1428,62
1392,61
1436,63
1517,65
1471,63
1593,66
1610,69
1522,65
1363,62
1403,63
1525,66
1560,66
1464,65
1408,61
1455,64
1499,65
1432,65
1549,66
1565,67
1593,69
1559,66
1348,61
1526,65
1622,67
1551,65
1400,62
1478,65
1406,61
1388,61
1515,66
1474,63
1462,63
1577,69
1445,64
1571,68
1567,66
1441,64
1355,59
1517,67
1575,67
1376,62
1537,66
1544,65
1395,61
1503,65
1432,62
1490,63
1528,64
1501,64
1454,63
1426,63
1586,69
1554,67
1546,67
1505,66
1387,63
1376,60
1342,61
1415,62
1421,63
1447,62
1424,64
1319,58
1330,57
1426,63
1482,65
1506,64
1538,67
1473,65
1388,61
1535,67
1623,67
1591,69
1426,61
1511,66
1483,64
1453,64
1369,62
1417,63
1466,63
1397,63
1527,65
1542,67
1372,60
1466,65
1392,64
1471,66
1511,66
1490,63
1535,66
1549,66
1482,65
1294,59
1404,63
1469,65
1350,62
1459,62
1552,68
1516,66
1612,69
1515,63
1418,62
1345,59
1447,63
1441,64
1509,66
1429,62
1387,59
1510,66
1480,64
1529,67
1428,62
1351,60
1504,67
1464,63
1552,66
1420,63
1504,67
1473,65
1400,61
1483,64
1488,64
1422,63
1589,67
1501,64
1513,65
1523,68
1485,64
1523,66
1559,66
1473,65
1457,62
1455,63
1464,61
1657,70
1519,66
1314,58
1413,62
1468,66
1457,64
1378,61
1447,62
1424,62
1383,60
1463,65
1483,64
1330,61
1504,64
1536,68
1619,68
1523,66
1580,68
1420,62
1495,64
1354,61
1540,68
1624,69
1390,62
1486,65
1451,64
1453,62
1512,64
1305,58
1406,60
1509,67
1474,63
1362,61
1468,64
1590,68
1636,71
1466,63
1488,64
1538,65
1505,65
1475,65
1532,66
1298,59
1500,67
1484,66
1531,66
1562,67
1504,66
1572,67
1419,62
1466,64
1540,67
1505,66
1526,64
1325,59
1581,69
1500,64
1484,64
1410,62
1546,67
1442,65
1388,62
1353,62
1459,64
1539,66
1553,66
1350,59
1466,62
1524,67
1492,65
1399,64
1587,65
1413,62
1433,64
1550,65
1504,65
1418,61
1423,63
1514,68
1424,64
1498,63
1435,63
1331,60
1500,66
1588,68
1480,65
1513,63
1564,66
1440,63
1540,66
1524,65
1511,65
1551,68
1468,63
1470,63
1556,67
1533,65
1406,62
1352,60
1277,57
1449,63
1501,63
1454,65
1529,66
1451,62
1525,65
1589,65
1515,66
1463,64
1579,67
1537,67
1566,67
1443,64
1441,63
1524,68
1446,63
1476,65
1662,72
1410,63
1463,63
1579,67
1443,64
1478,63
1465,66
1370,60
1359,60
1452,61
1366,60
1555,67
1416,64
1318,59
1601,69
1510,66
1553,65
1373,61
1366,60
1538,65
1584,68
1457,62
1531,67
1468,63
1605,66
1474,64
1519,67
1407,61
1399,63
1418,65
1451,64
1395,62
1530,66
1447,64
1462,66
1502,64
1504,62
1473,64
1392,60
1569,65
1495,66
1415,64
1420,64
1558,67
1355,60
1476,65
1543,67
1446,64
1525,66
1474,63
1482,65
1467,63
1528,64
1502,65
1459,64
1465,63
1567,66
1536,67
1557,67
1391,62
1475,63
1502,65
1537,68
1571,68
1576,69
1447,63
1500,63
1439,64
1449,63
1490,66
1514,66
1591,69
1480,65
1564,65
1496,63
1322,58
1364,62
1608,68
1432,64
1591,67
1559,68
1502,64
1453,64
1581,64
1360,62
1533,64
1465,64
1597,70
1293,59
1472,64
1560,68
1452,63
1417,61
1448,65
1551,67
1419,62
1546,67
1479,63
1531,66
1504,64
1524,66
1479,64
1502,66
1454,63
1456,64
1506,66
1457,63
1389,62
1545,69
1541,67
1428,64
1444,63
1590,67
1515,65
1589,70
1479,64
1530,66
1296,58
1480,65
1375,61
1504,64
1467,64
1477,67
1464,64
1419,62
1491,66
1516,67
1617,70
1544,66
1503,65
1413,63
1494,66
1468,63
1517,64
1386,63
1456,65
1541,65
1507,65
1377,61
1622,69
1458,62
1613,67
1401,60
1396,61
1513,64
1428,63
1512,66
1533,66
1474,64
1649,69
1450,62
1406,60
1506,65
1465,61
1630,70
1504,65
1545,68
1557,67
1565,68
1536,66
1417,64
1390,62
1362,60
1402,62
1431,63
1512,66
1541,67
1474,63
1479,65
1596,69
1240,58
1507,65
1252,59
1577,69
1551,67
1459,66
1540,66
1370,63
1363,59
1531,65
1420,62
1387,62
1447,64
1557,66
1497,64
1381,60
1556,66
1600,67
1462,64
1466,64
1443,63
1496,65
1370,63
1365,61
1396,62
1253,56
1515,64
1574,67
1419,64
1533,65
1530,66
1371,61
1438,63
1556,69
1397,61
1431,64
1317,61
1411,62
1390,63
1480,64
1341,61
1452,64
1403,62
1520,67
1545,68
1501,63
1502,64
1573,69
1442,63
1465,63
1535,67
1497,65
1380,60
1541,66
1367,62
1463,63
1450,62
1442,65
1541,66
1439,62
1482,65
1416,62
1534,65
1403,62
1349,59
1451,61
1387,61
1336,61
1373,61
1400,61
1495,65
1438,63
1544,66
1494,64
1427,63
1339,60
1538,65
1461,64
1554,69
1456,64
1481,66
1445,64
1393,63
1545,66
1368,59
1496,66
1490,64
1479,63
1401,61
1537,65
1564,68
1583,66
1537,65
1407,61
1688,71
1417,61
1378,62
1559,66
1496,65
1563,67
1447,63
1519,64
1582,68
1545,68
1345,61
1481,64
1520,67
1355,63
1649,71
1461,66
1568,66
1400,61
1391,60
1470,67
1463,62
1576,69
1521,66
1464,63
1477,64
1483,65
1529,65
1508,66
1468,63
1603,65
1445,63
1448,63
1476,66
1401,62
1460,63
1463,62
1582,67
1559,67
1442,63
1586,66
1382,62
1380,61
1462,64
1458,63
1506,66
1397,63
1533,67
1419,64
1487,67
1534,66
1584,68
1455,65
1414,61
1530,65
1331,58
1506,65
1481,66
1496,64
1479,63
1502,66
1326,60
1349,60
1625,70
1543,66
1521,66
1558,66
1558,68
1539,67
1318,61
1568,68
1486,64
1602,67
1586,68
1481,65
1419,63
1571,68
1390,62
1466,62
1608,69
1468,63
1511,65
1294,56
1420,63
1580,66
1511,66
1570,69
1559,67
1479,64
1452,63
1597,69
1533,67
1480,63
1485,66
1505,62
1410,63
1557,67
1393,61
1441,63
1488,63
1551,67
1387,61
1413,63
1436,63
1434,63
1436,62
1613,66
1601,68
1507,66
1495,66
1472,63
1440,64
1385,61
1468,64
1462,64
1418,62
1502,66
1488,62
1492,65
1495,63
1564,68
1588,69
1540,68
1510,65
1296,59
1484,64
1400,62
1514,66
1470,64
1420,61
1439,64
1528,66
1575,67
1451,64
1390,64
1432,61
1409,62
1444,63
1558,69
1419,61
1440,65
1319,60
1454,62
1549,67
1519,65
1388,63
1382,61
1522,67
1571,66
1531,64
1441,61
1480,64
1490,64
1473,63
1523,67
1554,66
1591,66
1353,61
1515,66
1547,65
1526,63
1616,69
1529,65
1465,64
1604,67
1596,65
1665,68
1531,67
1344,57
1465,64
1470,64
1458,63
1538,67
1488,64
1490,64
1560,68
1453,65
1329,60
1584,68
1390,61
1506,65
1520,65
1557,67
1396,62
1506,66
1552,67
1519,65
1452,63
1410,62
1387,62
1470,66
1466,63
1537,68
1568,69
1453,63
1499,65
1518,64
1524,66
1485,64
1464,62
1447,62
1617,67
1497,65
1378,60
1448,62
1479,65
1426,62
1484,65
1546,67
1462,66
1352,60
1514,66
1524,67
1577,69
1432,64
1592,69
1449,64
1419,63
1450,61
1601,68
1579,68
1465,61
1495,64
1438,62
1524,66
1539,66
1392,61
1507,63
1455,65
1497,65
1466,65
1483,66
1557,66
1549,65
1456,66
1435,64
1484,64
1474,66
1507,66
1538,66
1455,64
1456,65
1612,69
1573,65
1428,62
1429,62
1410,63
1468,63
1545,65
1438,62
1445,63
1456,61
1515,66
1524,65
1364,59
1444,65
1538,66
1464,62
1415,62
1594,68
1504,65
1592,69
1478,63
1341,59
1361,60
1374,59
1498,66
1448,65
1495,63
1326,59
1542,67
1545,67
1573,66
1599,69
1461,66
1507,63
1415,61
1636,70
1521,66
1561,69
1522,65
1358,62
1555,67
1453,62
1448,61
1538,67
1402,62
1587,69
1497,65
1589,69
1619,71
1573,68
1545,65
1394,63
1531,65
1438,64
1516,66
1506,64
1495,66
1558,67
1402,62
1446,64
1481,62
1460,63
1449,63
1403,62
1482,66
1536,67
1507,65
1477,64
1453,61
1383,60
1510,64
1411,61
1504,65
1366,61
1501,65
1406,63
1635,72
1575,66
1590,68
1570,67
1508,64
1424,61
1405,61
1513,65
1468,64
1541,68
1491,65
1558,65
1402,60
1457,66
1585,68
1552,67
1433,62
1502,67
1469,63
1630,67
1536,65
1497,64
1525,65
1452,64
1493,64
1585,70
1459,65
1504,64
1525,65
1423,61
1584,68
1637,69
1483,65
1448,63
1493,64
1556,67
1421,62
1441,64
1402,61
1516,64
1426,63
1375,60
1534,66
1514,65
1493,66
1448,63
1506,65
1588,65
1606,68
1572,66
1514,65
1476,64
1393,62
1443,62
1460,62
1272,58
1555,68
1278,60
1347,60
1488,66
1383,60
1527,64
1465,63
1588,65
1482,64
1420,64
1431,63
1575,65
1595,68
1505,64
1457,65
1476,65
1451,65
1516,63
1518,66
1410,60
1427,62
1557,66
1554,65
1615,67
1541,67
1536,67
1427,64
1516,66
1417,63
1525,66
1388,62
1553,65
1490,66
1538,67
1330,60
1419,62
1479,65
1450,62
1505,64
1404,62
1479,65
1391,63
1368,61
1482,66
1476,65
1448,63
1702,73
1623,70
1532,67
1481,66
1490,63
1488,64
1401,60
1430,64
1464,64
1443,62
1518,66
1543,67
1517,66
1566,67
1507,65
1434,63
1506,64
1408,63
1476,63
1551,65
1216,57
1592,69
1510,66
1472,64
1570,69
1476,64
1497,65
1452,63
1469,62
1449,62
1440,64
1554,68
1522,66
1639,71
1510,67
1567,67
1604,68
1564,68
1387,61
1628,70
1532,67
1413,61
1401,60
1290,59
1487,63
1566,69
1498,64
1363,60
1398,62
1481,64
1484,64
1551,67
1533,66
1434,62
1524,67
1422,62
1451,65
1397,61
1499,67
1543,66
1528,65
1372,61
1558,67
1606,68
1486,65
1510,65
1534,66
1573,68
1482,63
1565,66
1431,62
1466,65
1561,67
1574,67
1570,69
1363,59
1620,70
1471,67
1518,67
1568,67
1453,63
1560,66
1422,62
1436,63
1491,63
1562,68
1657,70
1431,65
1543,65
1556,68
1542,68
1417,61
1339,60
1490,65
1560,67
1455,65
1464,64
1596,67
1530,69
1527,67
1527,67
1437,62
1471,63
1436,64
1572,67
1472,65
1469,65
1401,62
1516,65
1513,67
1553,67
1435,63
1490,64
1355,61
1538,66
1491,65
1601,68
1589,68
1499,64
1473,65
1499,66
1552,65
1513,65
1464,66
1426,62
1576,67
1529,66
1454,63
1677,71
1399,60
1425,64
1650,71
1427,65
1539,67
1460,62
1525,63
1500,67
1427,64
1407,64
1549,66
1508,64
1532,67
1433,63
1572,66
1496,65
1426,63
1583,67
1610,70
1615,68
1536,67
1621,70
1496,64
1501,65
1460,63
1459,64
1663,69
1508,64
1491,65
1422,64
1464,66
1383,61
1592,69
1601,69
1477,66
1440,64
1495,65
1506,66
1484,65
1468,64
1538,65
1454,64
1392,60
1377,63
1394,62
1405,63
1521,65
1503,66
1610,68
1609,68
1448,63
1492,65
1477,66
1384,62
1539,67
1420,64
1477,68
1601,67
1507,66
1465,66
1531,67
1443,63
1656,71
1603,68
1499,66
1499,65
1542,65
1486,64
1496,65
1457,66
1576,67
1487,64
1484,64
1568,68
1514,64
1463,64
1471,65
1455,65
1486,65
1271,60
1488,66
1378,63
1520,67
1349,59
1477,64
1548,67
1411,62
1430,62
1486,63
1342,59
1417,62
1414,61
1519,66
1520,65
1546,67
1376,61
1538,66
1568,68
1472,66
1441,65
1465,65
1422,62
1497,65
1324,58
1552,68
1496,67
1555,68
1384,63
1461,65
1520,67
1348,61
1477,64
1448,66
1503,65
1591,68
1553,67
1436,64
1527,65
1384,61
1546,68
1435,64
1430,64
1574,68
1488,65
1615,69
1500,65
1531,66
1478,64
1543,67
1515,68
1597,68
1500,68
1554,66
1476,64
1600,67
1487,63
1484,65
1507,64
1514,68
1491,64
1542,66
1396,60
1479,64
1507,64
1525,67
1485,66
1500,66
1417,63
1413,63
1540,63
1409,60
1399,62
1510,66
1367,61
1465,65
1508,63
1431,63
1382,62
1406,62
1492,66
1447,64
1565,67
1398,64
1456,65
1513,65
1286,59
1388,61
1613,68
1432,63
1514,65
1372,63
1543,65
1485,64
1393,63
1484,64
1535,65
1461,64
1381,62
1347,61
1485,64
1496,67
1610,70
1514,66
1535,67
1637,71
1570,67
1474,62
1492,65
1477,65
1486,66
1568,68
1427,64
1563,68
1483,65
1452,62
1556,66
1419,63
1558,67
1511,66
1462,63
1581,65
1463,62
1567,67
1351,59
1441,64
1516,67
1568,66
1560,68
1480,65
1419,63
1441,60
1460,65
1446,64
1448,64
1672,70
1581,68
1389,60
1465,66
1495,65
1567,69
1475,65
1599,69
1563,69
1538,65
1579,66
1550,66
1504,66
1492,65
1496,65
1289,59
1480,63
1477,65
1534,66
1514,61
1608,67
1413,61
1486,66
1521,66
1433,62
1381,62
1463,64
1523,65
1468,62
1734,72
1589,69
1659,72
1580,68
1592,67
1533,65
1409,64
1485,64
1379,61
1560,66
1433,64
1597,68
1403,60
1443,63
1611,68
1420,62
1417,61
1453,65
1444,61
1468,63
1650,71
1419,63
1365,59
1433,60
1444,63
1568,67
1495,68
1370,61
1402,64
1533,68
1370,61
1448,65
1555,65
1582,66
1552,68
1515,67
1451,63
1438,62
1524,65
1590,66
1477,64
1493,64
1375,63
1351,60
1498,66
1543,66
1487,62
1500,65
1514,65
1509,66
1478,65
1523,66
1444,63
1432,62
1443,65
1573,69
1540,66
1584,69
1477,65
1548,67
1387,63
1438,64
1513,66
1495,64
1488,64
1432,60
1480,63
1569,69
1503,65
1460,64
1650,70
1468,64
1553,67
1489,65
1536,66
1424,63
1527,65
1502,67
1528,68
1481,65
1533,69
1458,64
1512,66
1477,66
1534,67
1548,67
1350,63
1609,69
1424,64
1339,61
1521,66
1443,65
1539,66
1548,68
1437,63
1511,66
1436,64
1482,64
1431,65
1484,65
1556,68
1552,69
1472,64
1603,68
1574,66
1535,66
1512,66
1591,66
1528,65
1357,62
1438,63
1335,61
1419,63
1543,67
1456,64
1565,69
1441,64
1539,66
1551,68
1424,62
1555,68
1433,64
1593,68
1560,66
1581,67
1386,63
1520,66
1384,62
1532,64
1627,71
1439,63
1506,65
1410,60
1659,71
1494,66
1568,65
1406,62
1482,66
1490,67
1464,66
1377,60
1436,64
1541,66
1415,63
1567,68
1498,66
1391,62
1311,59
1506,67
1347,61
1565,68
1427,61
1578,68
1533,65
1426,63
1461,66
1449,64
1530,65
1639,70
1520,67
1449,64
1408,61
1385,63
1502,64
1468,65
1564,67
1523,67
1536,66
1545,65
1401,63
1650,72
1469,62
1514,66
1516,67
1469,65
1464,64
1403,61
1442,63
1521,66
1488,65
1446,63
1456,64
1615,68
1526,65
1576,68
1438,63
1485,66
1543,65
1460,65
1489,66
1581,69
1422,62
1386,61
1396,61
1438,63