1336,59
1461,64
1461,64
1550,66
1542,66
1576,65
1542,66
1569,67
1524,67
1530,67
1538,66
1565,68
1517,66
1565,68
1571,68
1626,70
1626,70
1626,70
1577,68
1554,68
1626,70
1596,69
1657,69
1540,68
1639,71
1658,70
1638,70
1511,66
1639,71
1656,70
1639,71
1641,71
1582,68
1508,66
1452,66
1570,69
1683,72
1578,69
1637,71
1597,70
1720,72
1634,68
1683,72
1604,68
1683,72
1638,71
1474,66
1560,68
1683,72
1548,68
1509,66
1692,71
1501,69
1554,67
1683,72
1582,69
1501,66
1683,72
1683,72
1609,69
1689,71
1683,72
1685,72
1688,72
1689,72
1683,72
1694,69
1617,70
1683,72
1664,70
1607,68
1730,73
1724,70
1384,62
1634,71
1466,67
1597,69
1642,72
1765,73
1608,67
1586,68
1669,70
1702,72
1730,73
1638,69
1726,73
1726,73
1455,64
1537,66
1709,72
1638,67
1624,69
1720,72
1699,72
1686,71
1726,73
1699,70
1502,63
1656,70
1660,71
1718,71
1627,70
1484,64
1642,70
1665,68
1487,66
1614,70
1619,69
1655,69
1768,72
1697,71
1726,73
1681,71
1724,72
1652,71
1434,63
1643,68
1557,68
1715,71
1655,70
1726,73
1541,66
1702,71
1673,72
1697,71
1701,72
1663,71
1674,71
1577,68
1438,65
1674,70
1741,71
1709,72
1726,73
1621,70
1726,73
1477,65
1655,66
1659,71
1572,68
1665,70
1724,73
1710,70
1778,74
1732,72
1778,74
1751,73
1737,72
1773,73
1778,74
1766,74
1617,69
1675,70
1486,65
1766,74
1683,70
1818,74
1751,72
1734,73
1569,66
1759,72
1720,72
1613,69
1727,73
1748,73
1692,71
1626,69
1577,67
1717,71
1749,72
1741,73
1713,73
1677,71
1766,74
1720,73
1766,74
1676,71
1622,70
1766,74
1758,74
1758,74
1755,73
1751,73
1674,73
1534,65
1672,70
1615,68
1733,73
1758,74
1756,74
1743,73
1756,74
1714,73
1683,69
1694,70
1669,70
1675,71
1756,74
1624,70
1706,73
1665,71
1756,74
1726,72
1666,70
1744,72
1714,73
1787,75
1738,73
1787,75
1642,67
1787,75
1789,75
1835,76
1488,64
1629,68
1757,74
1832,75
1653,69
1779,72
1835,76
1580,67
1581,68
1798,74
1577,66
1583,68
1567,66
1788,73
1836,76
1710,71
1787,75
1841,76
1791,75
1766,73
1732,71
1835,76
1823,72
1687,69
1835,76
1700,72
1765,74
1685,70
1560,67
1727,71
1429,62
1825,75
1653,70
1835,76
1577,68
1571,66
1808,74
1703,70
1835,76
1695,70
1799,73
1753,72
1695,71
1688,70
1629,68
1461,63
1710,71
1841,75
1564,68
1835,76
1652,69
1734,73
1390,62
1814,73
1837,76
1579,68
1837,76
1767,73
1467,66
1818,75
1777,74
1860,75
1625,69
1557,68
1686,71
1777,74
1488,64
1694,71
1780,71
1791,73
1759,75
1736,72
1695,72
1835,76
1835,76
1734,70
1825,76
1817,75
1734,73
1823,76
1431,65
1650,70
1710,70
1800,75
1630,67
1589,68
1823,76
1815,75
1792,75
1758,73
1636,69
1799,75
1802,74
1569,67
1823,76
1823,76
1701,71
1729,71
1843,76
1823,76
1685,68
1588,68
1730,72
1808,75
1749,73
1648,68
1762,74
1758,71
1770,73
1767,73
1725,69
1658,68
1685,69
1564,65
1674,68
1711,71
1831,76
1825,76
1701,71
1563,69
1783,75
1788,75
1771,72
1802,75
1717,71
1660,70
1776,72
1798,75
1810,75
1662,71
1850,77
1837,76
1844,77
1700,69
1694,72
1751,71
1601,66
1765,70
1844,77
1799,73
1623,67
1844,77
1656,71
1832,76
1832,76
1750,73
1703,73
1844,77
1610,68
1792,74
1678,70
1664,68
1844,77
1770,74
1804,76
1774,74
1727,69
1712,70
1677,70
1400,60
1844,77
1678,69
1844,77
1844,77
1625,69
1723,73
1836,76
1830,75
1844,77
1844,77
1714,72
1844,77
1507,66
1729,69
1609,69
1547,66
1846,77
1626,68
1768,74
1838,77
1741,71
1839,77
1694,73
1616,68
1838,77
1578,67
1838,77
1698,72
1838,77
1662,70
1838,77
1763,73
1656,71
1800,75
1739,74
1688,73
1662,70
1563,68
1696,72
1565,67
1688,73
1774,75
1838,77
1758,72
1825,76
1716,74
1838,77
1736,73
1841,77
1840,77
1714,71
1676,70
1718,70
1726,72
1666,68
1838,77
1659,70
1607,69
1681,73
1708,71
1675,72
1830,76
1838,77
1741,73
1836,77
1661,70
1646,69
1638,69
1679,71
1773,75
1836,77
1842,77
1836,77
1548,67
1649,68
1836,77
1688,70
1715,71
1479,67
1612,68
1733,74
1649,70
1592,68
1707,72
1832,76
1772,72
1609,69
1525,65
1836,77
1653,68
1634,70
1836,77
1800,76
1757,74
1684,70
1774,75
1646,68
1621,70
1830,76
1582,67
1836,77
1758,75
1554,67
1737,74
1688,71
1728,72
1735,74
1867,78
1873,78
1699,70
1670,71
1534,66
1641,70
1630,70
1608,69
1867,78
1754,73
1798,76
1836,77
1725,72
1676,73
1867,78
1633,68
1860,77
1790,76
1630,69
1601,67
1709,74
1874,79
1683,73
1685,71
1601,68
1840,78
1616,69
1876,79
1874,79
1878,79
1849,77
1784,74
1753,72
1874,79
1714,74
1867,78
1792,74
1798,75
1505,65
1825,77
1773,76
1866,78
1667,71
1699,73
1587,70
1874,79
1888,79
1874,79
1678,70
1751,76
1874,79
1702,71
1780,76
1591,67
1627,68
1675,69
1853,78
1874,79
1874,79
1583,69
1774,77
1667,72
1660,71
1874,79
1558,67
1878,79
1638,70
1647,71
1749,71
1878,79
1876,79
1814,77
1849,78
1874,79
1715,70
1670,73
1648,71
1745,76
1639,70
1753,72
1612,69
1843,76
1838,76
1762,75
1644,70
1794,75
1846,78
1661,72
1687,72
1638,70
1665,72
1796,75
1676,70
1704,70
1706,74
1749,75
1733,70
1768,71
1641,69
1857,78
1795,76
1653,69
1746,71
1882,79
1876,79
1842,78
1717,74
1596,67
1874,79
1882,78
1874,79
1874,79
1762,73
1696,71
1824,77
1569,67
1859,78
1591,67
1846,76
1656,67
1874,79
1760,75
1874,79
1704,71
1874,79
1692,73
1796,76
1730,75
1874,79
1613,65
1698,69
1874,79
1773,76
1663,68
1769,74
1543,66
1785,74
1874,79
1785,75
1857,77
1874,79
1527,67
1874,79
1889,78
1747,74
1635,66
1874,79
1770,74
1834,78
1834,77
1771,72
1661,72
1872,79
1872,79
1872,79
1591,66
1693,73
1738,74
1859,78
1728,73
1837,77
1840,76
1552,66
1692,71
1870,79
1688,72
1790,77
1828,76
1746,75
1870,79
1683,69
1884,79
1714,72
1592,69
1670,71
1870,79
1849,78
1828,76
1813,75
1816,77
1870,79
1577,67
1862,78
1754,73
1838,77
1786,74
1708,73
1661,73
1659,71
1539,66
1588,68
1745,75
1644,71
1868,78
1861,78
1831,77
1878,79
1874,79
1801,76
1842,77
1790,77
1739,72
1673,70
1679,72
1606,68
1670,70
1668,70
1629,68
1572,68
1809,75
1734,74
1870,79
1684,73
1800,77
1862,78
1604,70
1712,73
1870,79
1588,69
1842,78
1791,76
1870,79
1870,79
1714,74
1822,77
1870,79
1808,77
1870,79
1503,65
1870,79
1814,78
1753,75
1776,73
1471,65
1861,78
1564,67
1680,73
1744,73
1738,75
1868,79
1709,74
1671,70
1580,69
1804,78
1806,77
1672,69
1771,77
1882,79
1824,77
1800,77
1848,78
1825,75
1627,72
1868,79
1668,70
1790,77
1666,70
1860,78
1780,75
1781,75
1867,78
1868,79
1459,65
1608,68
1660,69
1868,79
1757,75
1797,77
1834,78
1771,73
1843,78
1637,68
1848,78
1817,76
1788,77
1775,76
1760,74
1849,77
1663,71
1726,72
1615,70
1840,77
1635,70
1802,77
1679,72
1868,79
1722,73
1679,72
1753,74
1508,64
1622,70
1775,75
1868,79
1631,72
1708,75
1818,77
1808,74
1504,65
1575,68
1797,76
1555,67
1873,78
1868,79
1459,65
1800,74
1685,71
1680,72
1640,70
1843,78
1577,67
1690,70
1702,70
1860,78
1651,71
1868,79
1832,78
1696,73
1798,77
1819,77
1826,78
1846,77
1662,72
1597,67
1819,77
1625,70
1671,70
1645,71
1754,73
1679,70
1868,79
1868,79
1806,77
1849,77
1761,74
1870,79
1711,73
1677,71
1861,78
1740,75
1605,67
1798,76
1609,70
1859,78
1864,79
1667,71
1846,77
1864,79
1815,77
1873,79
1866,79
1819,77
1847,78
1822,78
1799,76
1755,75
1864,79
1803,76
1719,73
1854,78
1752,73
1555,66
1854,78
1635,70
1736,73
1727,72
1778,76
1748,74
1864,79
1858,79
1390,60
1858,79
1851,78
1680,72
1754,75
1824,78
1769,74
1822,78
1782,75
1532,66
1600,70
1725,74
1806,77
1816,77
1813,77
1780,76
1680,71
1744,74
1796,77
1837,76
1872,79
1373,61
1635,72
1852,78
1858,79
1683,71
1800,77
1591,68
1685,73
1706,73
1692,74
1771,76
1761,75
1809,77
1818,76
1720,75
1849,78
1703,70
1713,71
1679,72
1868,79
1858,79
1827,76
1836,78
1762,74
1629,68
1664,71
1816,78
1631,71
1860,79
1855,78
1687,70
1689,74
1540,66
1860,79
1714,73
1670,71
1858,79
1731,74
1762,74
1858,79
1814,78
1725,73
1739,74
1555,67
1583,68
1856,77
1858,79
1589,70
1704,73
1858,79
1814,78
1500,65
1712,73
1858,79
1849,78
1747,74
1766,76
1753,75
1858,79
1808,77
1736,73
1849,78
1810,76
1785,75
1829,74
1740,73
1858,79
1734,74
1727,73
1668,72
1666,71
1817,75
1828,78
1858,79
1716,74
1563,68
1607,68
1716,72
1747,73
1647,70
1495,65
1858,79
1858,79
1611,70
1603,69
1861,78
1853,78
1567,68
1872,79
1858,79
1797,76
1822,77
1824,78
1858,79
1858,79
1849,78
1583,68
1817,75
1713,74
1651,71
1415,62
1753,75
1858,79
1535,67
1570,69
1611,71
1502,63
1754,75
1531,66
1725,74
1819,77
1719,70
1872,78
1588,70
1858,79
1858,79
1860,79
1503,66
1841,78
1811,77
1858,79
1659,68
1686,71
1569,67
1712,73
1567,62
1855,78
1615,69
1729,73
1858,79
1858,79
1763,74
1858,79
1830,78
1712,73
1858,79
1815,74
1621,69
1676,72
1714,73
1705,72
1773,76
1642,70
1856,79
1596,66
1876,79
1617,67
1856,79
1785,77
1845,78
1587,68
1724,73
1655,70
1732,73
1606,68
1798,75
1719,74
1612,68
1856,79
1547,65
1859,78
1732,75
1505,66
1878,79
1845,77
1798,76
1701,72
1866,79
1603,69
1797,73
1856,79
1666,72
1623,71
1682,70
1856,79
1774,75
1856,79
1625,68
1858,79
1856,79
1832,78
1727,74
1856,79
1525,66
1858,79
1856,79
1698,74
1785,73
1683,72
1787,75
1791,77
1805,77
1773,76
1612,71
1856,79
1856,79
1856,79
1625,70
1512,63
1613,69
1694,72
1597,69
1869,79
1724,75
1856,79
1720,74
1830,77
1781,76
1561,67
1849,78
1653,68
1660,70
1760,75
1856,79
1530,66
1791,75
1771,74
1690,72
1847,78
1785,76
1858,79
1557,68
1856,79
1856,79
1820,77
1698,74
1637,70
1856,78
1675,69
1856,79
1856,79
1419,59
1742,74
1792,75
1670,71
1787,76
1514,65
1752,75
1837,78
1858,79
1682,71
1843,78
1784,77
1858,79
1607,70
1856,79
1509,66
1759,73
1791,73
1561,68
1811,77
1791,73
1620,69
1797,76
1757,72
1804,77
1586,67
1856,79
1645,68
1671,72
1580,67
1637,70
1856,79
1595,70
1667,68
1820,77
1780,75
1746,74
1856,79
1630,72
1789,76
1757,73
1854,79
1765,76
1790,77
1854,79
1856,79
1854,79
1622,65
1844,77
1672,72
1876,79
1631,71
1794,76
1712,74
1569,68
1787,75
1688,74
1834,78
1755,76
1854,79
1665,71
1734,74
1835,78
1745,74
1854,79
1753,74
1612,71
1771,74
1629,69
1742,74
1854,79
1653,71
1620,67
1583,69
1750,72
1854,79
1856,79
1712,74
1520,66
1801,77
1837,78
1846,78
1676,71
1699,72
1653,71
1802,76
1840,78
1854,79
1617,68
1620,71
1837,78
1760,76
1740,73
1756,74
1854,79
1509,66
1752,76
1757,76
1671,70
1740,75
1685,72
1621,67
1385,61
1860,79
1815,77
1682,70
1854,79
1850,78
1819,78
1801,77
1614,69
1588,69
1854,79
1778,75
1608,68
1854,79
1771,74
1750,76
1617,70
1741,73
1854,79
1850,78
1643,71
1876,79
1668,70
1854,79
1835,78
1873,79
1854,79
1860,79
1589,68
1593,68
1463,63
1740,73
1768,76
1847,78
1790,76
1790,76
1781,76
1524,66
1492,62
1731,75
1611,69
1846,78
1685,72
1776,77
1700,67
1639,70
1753,75
1854,79
1419,59
1756,75
1846,78
1820,78
1616,68
1697,69
1627,68
1623,68
1611,69
1854,79
1820,78
1644,72
1688,72
1800,76
1690,71
1854,79
1589,68
1770,72
1669,70
1876,79
1798,76
1555,67
1860,79
1868,79
1785,75
1605,69
1557,65
1856,79
1592,68
1413,61
1731,74
1835,78
1802,76
1854,79
1732,74
1787,76
1744,73
1854,79
1790,77
1868,79
1717,72
1600,66
1831,78
1627,70
1692,72
1763,75
1645,72
1854,79
1642,70
1638,69
1716,72
1792,75
1616,69
1561,68
1695,70
1854,79
1821,77
1608,68
1736,74
1677,72
1868,79
1814,76
1609,71
1524,67
1665,70
1854,79
1464,63
1560,67
1707,73
1831,78
1565,65
1679,72
1812,78
1868,79
1595,67
1774,75
1661,73
1651,70
1817,75
1720,74
1668,72
1854,79
1868,79
1722,73
1654,71
1492,64
1653,73
1594,68
1643,71
1503,64
1664,71
1871,79
1581,69
1732,73
1768,75
1854,79
1854,79
1552,68
1515,65
1547,66
1607,70
1763,73
1718,74
1528,68
1856,79
1854,79
1653,70
1682,72
1555,67
1770,76
1608,68
1673,71
1515,64
1745,73
1608,69
1608,69
1713,71
1854,79
1854,79
1860,79
1502,66
1659,72
1813,77
1854,79
1860,79
1780,76
1820,78
1696,73
1754,76
1560,67
1657,70
1721,73
1672,72
1726,72
1854,79
1659,70
1708,73
1545,67
1749,74
1854,79
1847,78
1852,79
1739,75
1852,79
1852,79
1776,76
1728,75
1835,76
1809,77
1666,72
1852,79
1628,71
1682,67
1776,76
1852,79
1852,79
1801,77
1722,75
1738,74
1852,79
1709,74
1743,75
1852,79
1654,72
1660,73
1835,78
1725,73
1854,79
1804,77
1657,73
1666,71
1565,69
1663,71
1825,77
1770,75
1867,79
1826,77
1852,79
1808,78
1798,76
1827,77
1858,79
1852,79
1810,78
1605,71
1650,70
1852,79
1673,70
1749,75
1624,69
1603,70
1854,79
1720,74
1588,70
1608,71
1854,79
1852,79
1752,74
1656,71
1786,76
1852,79
1835,78
1617,70
1664,72
1607,69
1784,77
1812,77
1864,79
1668,72
1827,79
1543,68
1651,70
1669,74
1835,79
1787,77
1827,79
1755,77
1753,75
1687,71
1725,75
1655,71
1829,79
1653,71
1793,78
1743,74
1662,72
1718,75
1630,71
1707,72
1731,76
1784,77
1827,79
1827,78
1787,77
1827,79
1598,70
1795,77
1632,71
1775,76
1786,77
1686,74
1770,77
1643,71
1662,72
1829,79
1739,75
1743,75
1827,79
1642,72
1707,75
1773,77
1789,77
1851,79
1661,71
1801,77
1827,79
1764,77
1827,79
1826,78
1769,76
1624,71
1639,72
1759,75
1774,76
1827,79
1683,74
1827,79
1584,68
1827,79
1624,70
1827,79
1766,75
1849,79
1667,72
1552,67
1749,76
1794,78
1622,69
1827,79
1664,74
1726,75
1676,71
1798,77
1738,75
1827,79
1827,79
1765,76
1775,77
1827,79
1787,77
1620,72
1708,73
1722,75
1811,77
1551,67
1672,72
1600,70
1827,79
1775,74
1840,78
1825,79
1735,72
1825,79
1808,78
1825,79
1825,79
1825,79
1742,76
1739,75
1593,67
1574,68
1512,67
1614,71
1816,78
1778,75
1687,73
1690,73
1708,73
1714,74
1723,73
1577,68
1712,74
1627,72
1847,79
1763,76
1613,67
1509,64
1825,79
1691,73
1825,79
1734,72
1515,67
1675,74
1756,76
1824,78
1746,76
1722,74
1766,74
1806,78
1825,79
1613,71
1671,72
1635,70
1685,70
1783,76
1761,77
1816,78
1597,70
1668,72
1808,78
1831,79
1836,79
1746,76
1513,65
1736,72
1825,79
1707,74
1608,70
1825,79
1792,78
1704,74
1827,79
1801,78
1829,79
1668,72
1825,79
1721,73
1669,73
1590,69
1562,69
1619,69
1517,67
1781,78
1442,64
1827,79
1603,71
1829,79
1825,79
1780,75
1592,69
1753,76
1730,75
1829,79
1599,70
1776,74
1539,67
1825,79
1825,79
1723,72
1594,68
1646,70
1825,79
1829,79
1740,74
1825,79
1429,62
1825,79
1825,79
1601,68
1803,77
1772,75
1825,79
1554,65
1818,78
1803,77
1770,76
1788,77
1825,79
1786,77
1698,73
1656,72
1560,67
1825,79
1635,73
1533,69
1406,64
1628,67
1439,63
1580,70
1711,72
1688,72
1728,75
1792,78
1560,68
1797,78
1569,68
1697,73
1587,68
1827,79
1731,75
1831,76
1790,78
1777,76
1545,68
1667,72
1579,69
1712,72
1825,79
1794,77
1799,78
1825,79
1775,78
1829,79
1825,79
1753,73
1549,69
1533,68
1684,69
1560,67
1733,75
1557,69
1616,69
1834,78
1685,73
1690,72
1733,73
1492,66
1596,69
1825,79
1760,76
1688,73
1825,79
1574,69
1531,69
1825,79
1825,79
1808,77
1751,74
1674,73
1529,69
1654,73
1532,69
1712,74
1825,79
1755,75
1838,78
1654,69
1775,78
1710,74
1833,79
1825,79
1667,71
1571,69
1827,79
1577,69
1708,70
1723,75
1698,74
1782,75
1571,69
1781,78
1675,72
1825,79
1703,72
1825,79
1655,70
1759,76
1825,79
1825,79
1653,71
1668,70
1703,74
1718,74
1710,75
1681,72
1527,69
1564,69
1555,69
1571,70
1748,75
1672,72
1597,69
1621,71
1776,75
1694,73
1825,79
1600,68
1630,70
1618,71
1825,79
1491,64
1615,69
1829,79
1697,72
1825,79
1834,78
1827,77
1768,77
1822,78
1689,70
1816,78
1800,77
1672,72
1536,67
1825,79
1825,79
1825,79
1660,69
1779,75
1690,73
1684,71
1786,77
1825,79
1808,78
1753,76
1825,79
1790,78
1803,76
1667,72
1825,79
1755,72
1742,74
1667,72
1790,78
1825,79
1827,79
1777,76
1827,79
1601,70
1594,73
1620,68
1858,79
1825,79
1829,79
1723,71
1649,71
1657,71
1666,71
1687,73
1843,79
1546,66
1702,73
1765,77
1702,73
1604,67
1825,79
1731,73
1782,77
1720,72
1556,68
1798,77
1825,79
1578,70
1713,73
1561,69
1543,68
1825,79
1730,73
1825,79
1714,74
1753,74
1735,75
1551,67
1825,79
1799,78
1605,69
1680,72
1734,75
1581,70
1696,73
1688,71
1825,79
1755,73
1768,76
1825,79
1562,70
1740,72
1772,76
1761,76
1629,70
1827,79
1819,78
1816,78
1825,79
1896,78
1568,68
1558,68
1627,72
1827,79
1638,71
1608,70
1675,72
1664,72
1825,79
1826,78
1806,78
1624,71
1829,79
1611,66
1825,79
1725,74
1790,78
1825,79
1812,78
1831,79
1555,67
1555,68
1751,76
1511,62
1783,76
1621,69
1603,68
1637,71
1537,69
1825,79
1825,79
1744,76
1829,79
1666,74
1792,78
1817,78
1764,77
1631,68
1825,79
1591,70
1670,70
1825,79
1692,72
1665,71
1519,67
1693,73
1748,74
1698,73
1790,78
1640,72
1713,71
1775,78
1717,75
1827,79
1688,72
1607,70
1755,75
1825,79
1649,71
1722,71
1766,76
1825,79
1688,72
1798,78
1825,79
1825,79
1700,73
1594,70
1816,77
1644,68
1565,69
1802,77
1825,79
1609,70
1663,72
1684,72
1795,77
1734,74
1629,69
1790,76
1825,79
1825,79
1645,71
1712,73
1728,74
1635,70
1834,77
1820,78
1760,75
1827,79
1718,73
1842,79
1652,71
1576,69
1825,79
1664,73
1709,75
1825,79
1711,73
1653,71
1825,79
1849,79
1721,72
1640,69
1644,71
1775,77
1517,65
1765,75
1825,79
1825,79
1653,73
1825,79
1701,73
1689,72
1825,79
1820,78
1732,71
1827,79
1822,78
1825,79
1816,78
1827,79
1667,70
1651,71
1560,67
1825,79
1690,72
1758,75
1678,72
1493,66
1787,77
1681,74
1763,74
1755,76
1751,76
1825,79
1787,74
1723,73
1679,73
1685,71
1695,73
1825,79
1693,73
1741,76
1825,79
1825,79
1552,68
1617,71
1743,76
1833,79
1833,79
1608,72
1684,73
1827,79
1799,78
1694,71
1643,71
1625,71
1667,70
1589,70
1644,71
1757,76
1676,73
1621,71
1850,79
1825,79
1629,69
1797,77
1781,78
1579,68
1760,75
1668,70
1631,72
1825,79
1704,71
1693,71
1692,72
1792,76
1559,66
1825,79
1782,77
1601,70
1825,79
1825,79
1586,69
1666,73
1749,74
1697,74
1636,70
1825,79
1794,77
1820,77
1825,79
1810,77
1543,64
1775,78
1827,79
1577,69
1825,79
1825,79
1775,77
1790,78
1653,70
1825,79
1777,74
1810,78
1825,79
1825,79
1781,76
1828,78
1780,77
1833,79
1604,69
1835,78
1825,79
1539,65
1771,76
1849,79
1633,71
1825,79
1627,72
1652,72
1722,73
1627,71
1748,74
1828,77
1787,77
1827,79
1774,77
1514,66
1589,69
1617,71
1802,77
1825,79
1759,74
1735,75
1868,79
1736,73
1792,78
1766,75
1792,78
1809,78
1816,78
1623,72
1611,70
1708,72
1798,77
1827,79
1665,72
1695,72
1746,74
1672,72
1694,73
1827,79
1657,73
1825,79
1792,76
1825,79
1499,66
1800,77
1735,75
1825,79
1762,76
1744,75
1803,77
1825,79
1798,77
1724,75
1753,75
1829,79
1803,77
1659,72
1559,67
1825,79
1797,77
1757,76
1612,70
1825,79
1825,79
1543,67
1825,79
1696,73
1825,79
1803,78
1623,72
1765,75
1622,68
1825,78
1825,79
1643,71
1604,71
1719,75
1726,74
1720,73
1825,79
1829,79
1808,78
1825,79
1533,68
1737,72
1726,75
1825,79
1627,72
1825,79
1610,68
1766,75
1839,79
1808,78
1603,70
1704,74
1748,74
1827,79
1536,68
1825,79
1740,74
1825,79
1737,73
1852,79
1797,78
1737,74
1615,70
1714,73
1717,73
1827,79
1695,74
1818,78
1738,74
1844,79
1825,79
1778,77
1692,71
1573,70
1709,74
1580,66
1637,71
1514,66
1825,79
1825,79
1558,69
1790,78
1728,73
1825,79
1825,79
1803,77
1825,79
1655,70
1517,65
1827,79
1825,79
1602,69
1510,65
1816,78
1797,78
1818,78
1642,72
1805,78
1774,77
1668,73
1742,75
1638,72
1669,70
1825,79
1737,72
1714,74
1615,69
1793,76
1777,74
1583,67
1825,79
1621,69
1840,79
1678,72
1657,73
1533,67
1772,77
1678,71
1825,79
1745,72
1555,69
1779,77
1828,78
1728,73
1687,74
1515,66
1788,77
1648,69
1829,79
1809,75
1781,78
1825,79
1681,72
1559,69
1825,79
1829,79
1827,79
1598,70
1666,71
1846,79
1825,79
1825,79
1686,73
1616,70
1825,79
1825,79
1708,74
1686,70
1801,78
1708,72
1725,74
1621,71
1637,70
1779,77
1825,79
1800,77
1762,74
1677,71
1670,72
1840,79
1635,72
1819,78
1747,73
1790,78
1785,76
1825,78
1654,71
1825,79
1604,71
1795,76
1667,72
1825,79
1719,72
1606,68
1643,71
1831,79
1545,68
1661,71
1657,69
1698,74
1771,76
1568,67
1799,78
1825,79
1777,77
1792,75
1663,73
1725,72
1563,70
1682,72
1825,79
1816,77
1379,61
1673,70
1584,68
1652,72
1825,79
1810,78
1825,78
1617,72
1581,66
1742,76
1624,71
1486,67
1825,79
1742,76
1825,79
1660,71
1825,78
1766,76
1746,72
1515,66
1799,78
1659,72
1825,79
1783,77
1736,75
1827,79
1825,79
1643,71
1825,79
1825,79
1542,69
1575,66
1754,75
1792,78
1818,77
1663,71
1787,77
1552,68
1725,75
1825,79
1795,76
1825,79
1767,75
1575,71
1569,67
1752,76
1694,73
1660,71
1825,79
1685,73
1771,76
1688,72
1726,75
1657,71
1781,76
1591,67
1825,79
1829,79
1621,71
1770,75
1570,69
1840,79
1727,74
1825,79
1825,79
1771,76
1605,68
1754,75
1825,79
1821,78
1812,78
1765,76
1718,72
1723,74
1743,72
1776,77
1645,70
1795,77
1621,72
1836,79
1619,67
1673,71
1831,79
1740,75
1693,73
1825,79
1825,79
1807,77
1825,79
1817,78
1678,74
1827,79
1618,70
1790,77
1789,78
1620,70
1704,71
1700,72
1829,79
1640,70
1802,77
1827,79
1771,76
1700,73
1639,71
1570,69
1525,65
1707,72
1545,66
1737,76
1818,78
1736,73
1783,78
1825,79
1685,70
1770,77
1682,73
1708,72
1799,77
1552,67
1708,75
1616,70
1844,79
1772,75
1688,72
1850,78
1806,78
1798,77
1776,75
1675,73
1702,74
1739,73
1714,72
1580,69
1829,79
1721,72
1839,79
1825,79
1688,70
1825,79
1591,69
1704,73
1839,79
1611,69
1792,78
1603,68
1560,67
1696,74
1569,69
1780,74
1825,79
1706,72
1494,66
1825,79
1520,65
1761,75
1694,71
1825,79
1674,70
1605,69
1791,77
1760,73
1719,74
1822,78
1825,79
1833,79
1799,76
1599,68
1814,78
1825,79
1825,79
1597,69
1762,76
1702,71
1635,70
1829,79
1829,79
1673,73
1825,79
1825,79
1839,79
1825,79
1678,72
1681,73
1785,77
1634,72
1816,77
1681,73
1583,70
1646,70
1715,75
1825,79
1827,79
1814,75
1728,73
1615,70
1839,79
1797,78
1770,77
1651,71
1728,74
1809,78
1589,71
1788,77
1825,79
1825,79
1825,79
1615,70
1829,79
1825,79
1825,79
1825,79
1561,67
1825,79
1854,79
1722,74
1655,74
1764,75
1862,79
1827,79
1766,76
1649,69
1592,70
1749,75
1580,70
1825,79
1701,72
1530,69
1776,75
1477,65
1723,75
1608,69
1570,70
1719,73
1825,79
1568,65
1825,79
1751,76
1623,70
1825,79
1782,76
1663,70
1559,68
1825,79
1706,72
1625,69
1578,70
1565,68
1640,71
1688,73
1589,71
1791,77
1738,76
1844,79
1786,76
1587,69
1854,79
1825,79
1799,77
1811,78
1825,79
1619,72
1542,67
1676,70
1647,72
1777,75
1825,79
1565,66
1723,75
1832,77
1729,74
1760,75
1665,73
1826,78
1494,64
1648,72
1634,71
1723,73
1627,71
1760,75
1825,79
1748,75
1716,73
1783,78
1780,75
1825,79
1640,71
1539,70
1684,73
1471,65
1725,76
1610,70
1827,79
1627,69
1630,69
1698,72
1825,79
1825,79
1825,79
1752,75
1760,75
1801,78
1716,72
1750,75
1727,75
1546,66
1631,71
1825,79
1825,79
1633,71
1780,76
1686,72
1825,79
1825,79
1663,70
1768,76
1650,72
1735,76
1723,75
1719,73
1825,79
1825,79
1825,79
1530,66
1806,77
1685,72
1708,73
1585,69
1842,79
1754,77
1835,78
1683,73
1825,79
1825,79
1546,69
1610,68
1690,72
1718,74
1776,77
1825,79
1721,74
1702,73
1776,77
1666,71
1602,71
1825,79
1664,71
1825,79
1554,69
1390,63
1788,77
1697,73
1719,75
1740,73
1464,65
1825,79
1795,78
1785,75
1825,79
1595,70
1825,79
1502,66
1632,69
1825,79
1502,66
1545,68
1827,78
1774,76
1598,70
1640,72
1588,69
1825,79
1821,78
1793,76
1643,72
1528,66
1630,68
1557,68
1582,68
1710,74
1854,79
1543,67
1530,68
1636,71
1790,75
1643,72
1594,70
1709,74
1749,73
1800,77
1674,72
1769,76
1827,78
1792,77
1766,75
1786,77
1825,79
1848,79
1585,68
1794,77
1588,69
1627,69
1741,75
1829,79
1829,79
1761,75
1693,72
1587,69
1647,71
1588,69
1671,72
1761,76
1825,79
1825,79
1825,79
1795,77
1813,78
1735,76
1611,70
1704,73
1621,72
1709,74
1679,73
1829,79
1664,71
1829,79
1672,73
1829,79
1651,72
1704,73
1794,76
1729,75
1627,72
1697,74
1787,78
1847,79
1814,78
1759,76
1657,71
1703,72
1825,79
1825,79
1825,79
1786,77
1641,72
1791,76
1809,78
1778,76
1825,79
1600,72
1718,73
1825,79
1735,75
1595,68
1694,74
1634,71
1825,79
1489,66
1646,72
1648,71
1483,67
1797,77
1603,71
1602,72
1825,79
1825,79
1667,73
1842,79
1816,78
1535,69
1707,73
1487,65
1796,78
1785,76
1615,71
1677,73
1823,79
1750,76
1602,72
1574,68
1833,78
1718,74
1757,76
1823,79
1789,77
1520,65
1526,67
1604,72
1736,76
1793,76
1621,71
1588,69
1765,76
1817,76
1648,72
1656,71
1823,79
1823,79
1823,79
1774,76
1616,73
1777,76
1681,72
1575,67
1717,73
1632,71
1791,77
1597,69
1541,67
1545,69
1823,79
1808,78
1823,79
1570,68
1815,78
1783,75
1764,76
1781,76
1823,79
1815,78
1578,70
1464,66
1823,79
1624,70
1823,79
1823,79
1657,72
1823,79
1766,75
1622,69
1711,74
1674,73
1823,79
1825,79
1825,79
1803,78
1756,75
1591,71
1823,79
1629,71
1759,77
1803,78
1746,74
1626,70
1757,77
1733,72
1790,78
1825,79
1534,67
1804,78
1804,78
1620,70
1823,79
1827,79
1757,77
1668,73
1823,79
1827,79
1824,78
1514,67
1703,73
1503,65
1823,79
1737,74
1823,79
1522,69
1827,79
1675,73
1673,70
1654,71
1827,79
1823,79
1766,74
1688,71
1847,79
1823,79
1619,71
1695,71
1802,77
1823,79
1797,78
1766,76
1460,64
1528,67
1809,78
1823,79
1823,79
1823,79
1810,78
1641,71
1593,70
1819,78
1604,72
1524,67
1823,79
1759,76
1803,78
1655,70
1764,75
1823,79
1742,73
1823,79
1766,77
1710,74
1790,78
1616,72
1663,73
1825,79
1829,79
1823,79
1809,77
1629,70
1823,79
1705,73
1783,77
1811,78
1658,73
1690,72
1693,73
1779,76
1777,76
1722,75
1763,76
1747,73
1762,76
1691,72
1632,71
1825,79
1803,78
1766,72
1640,69
1707,75
1823,79
1698,73
1744,73
1621,70
1823,79
1634,68
1781,77
1749,75
1581,71
1823,79
1689,71
1759,74
1607,70
1640,70
1823,79
1565,67
1827,79
1610,72
1632,69
1741,75
1691,71
1524,66
1579,69
1630,70
1734,75
1813,78
1691,74
1539,68
1625,72
1549,65
1584,69
1691,72
1625,70
1679,72
1823,79
1823,79
1823,79
1514,65
1677,74
1725,75
1601,70
1609,68
1795,77
1718,74
1689,72
1823,79
1736,75
1806,77
1780,77
1823,79
1618,70
1760,75
1719,75
1823,79
1747,75
1618,70
1827,79
1697,72
1795,77
1747,76
1740,74
1543,66
1628,69
1772,76
1614,69
1692,74
1720,73
1560,66
1612,70
1603,70
1799,77
1591,71
1777,78
1654,72
1823,79
1539,66
1646,70
1754,76
1789,78
1589,69
1526,68
1667,71
1716,73
1827,79
1757,75
1664,72
1655,71
1816,78
1705,73
1765,74
1823,79
1733,74
1657,71
1781,77
1817,78
1800,78
1790,78
1667,72
1722,74
1823,79
1791,78
1817,78
1810,78
1646,71
1823,79
1638,73
1722,74
1831,79
1580,68
1706,73
1827,79
1708,71
1823,79
1706,73
1823,78
1823,79
1752,75
1685,73
1806,78
1544,67
1717,73
1853,80
1644,71
1716,74
1710,73
1734,73
1855,80
1656,71
1853,80
1765,74
1655,71
1756,74
1767,76
1797,77
1855,76
1795,76
1845,79
1820,77
1701,72
1734,75
1799,77
1834,78
1853,80
1739,74
1727,74
1588,71
1761,75
1837,79
1492,65
1853,80
1813,79
1796,76
1550,65
1786,75
1853,80
1711,72
1819,78
1649,71
1704,73
1720,74
1550,71
1752,75
1843,78
1796,76
1640,72
1780,75
1833,79
1601,69
1865,80
1754,75
1869,80
1637,68
1727,71
1857,80
1711,71
1821,79
1857,80
1853,80
1783,76
1853,80
1844,79
1657,71
1853,80
1853,80
1417,63
1853,80
1845,79
1537,65
1681,73
1696,72
1853,80
1871,80
1759,75
1859,80
1813,78
1693,71
1863,80
1814,78
1673,71
1539,66
1853,80
1853,80
1669,72
1632,70
1672,72
1823,78
1767,77
1749,74
1769,74
1853,80
1834,79
1818,76
1724,73
1823,78
1853,80
1779,78
1760,72
1801,78
1643,69
1552,66
1781,75
1582,69
1463,62
1845,79
1853,80
1857,80
1853,80
1660,72
1858,78
1756,75
1816,78
1853,80
1859,80
1827,79
1509,67
1719,73
1827,78
1648,73
1879,80
1730,73
1791,75
1645,71
1775,77
1792,77
1853,80
1631,69
1786,77
1853,80
1642,72
1570,69
1843,79
1731,72
1823,79
1853,80
1837,80
1595,70
1645,71
1656,72
1811,79
1683,73
1819,79
1463,63
1702,73
1744,75
1829,79
1821,79
1786,76
1835,79
1774,76
1716,74
1808,77
1757,77
1695,70
1803,79
1714,72
1686,72
1674,72
1837,80
1841,80
1787,73
1797,78
1793,78
1745,75
1708,73
1746,75
1759,76
1676,70
1763,78
1700,74
1688,71
1789,77
1837,80
1843,80
1664,70
1661,71
1839,80
1636,72
1837,80
1727,76
1837,80
1837,80
1714,73
1837,80
1602,69
1837,80
1756,76
1704,74
1739,76
1724,72
1806,78
1573,69
1551,67
1824,79
1719,74
1732,75
1833,79
1711,74
1841,80
1779,76
1816,79
1784,78
1796,78
1800,78
1812,79
1759,76
1745,75
1716,73
1807,79
1837,80
1837,80
1551,68
1762,77
1807,78
1704,72
1837,80
1834,79
1776,76
1806,78
1626,70
1804,78
1513,65
1766,74
1699,71
1816,79
1821,79
1691,72
1776,74
1822,78
1839,79
1837,80
1765,74
1675,69
1843,80
1750,76
1841,80
1720,75
1638,72
1615,71
1797,79
1680,74
1655,71
1594,69
1837,80
1700,73
1753,75
1837,80
1776,78
1843,80
1705,74
1555,67
1727,73
1673,74
1797,76
1764,75
1784,77
1665,72
1667,71
1680,72
1735,75
1835,80
1720,73
1627,70
1756,77
1814,78
1835,80
1596,70
1776,76
1781,74
1761,77
1811,78
1576,69
1835,80
1545,66
1772,77
1835,80
1743,77
1741,75
1782,75
1676,74
1835,80
1593,68
1835,80
1771,78
1805,78
1693,74
1745,76
1710,74
1775,77
1690,73
1723,74
1720,74
1835,80
1679,74
1755,75
1766,76
1534,67
1835,80
1717,73
1745,77
1835,80
1798,77
1826,79
1758,76
1746,75
1644,71
1823,77
1813,77
1637,73
1755,74
1864,80
1634,71
1743,76
1713,73
1827,79
1841,80
1835,80
1790,78
1835,80
1597,71
1752,76
1761,75
1835,80
1871,79
1835,80
1812,79
1805,78
1802,78
1713,75
1835,80
1644,72
1641,72
1717,71
1674,74
1607,72
1651,72
1835,80
1526,66
1800,79
1757,76
1787,75
1591,69
1835,80
1849,80
1669,72
1706,74
1824,79
1666,72
1835,80
1835,80
1648,72
1835,80
1758,76
1835,80
1696,73
1835,80
1603,70
1627,69
1676,73
1676,73
1837,80
1758,74
1647,71
1866,79
1798,77
1659,74
1827,79
1668,71
1776,78
1717,74
1835,80
1821,79
1687,74
1765,76
1835,80
1684,70
1839,80
1763,76
1684,73
1835,80
1587,71
1827,79
1703,73
1835,80
1596,67
1665,72
1646,73
1776,73
1835,80
1810,79
1835,80
1792,76
1800,78
1643,73
1828,78
1632,69
1604,71
1743,75
1752,75
1680,72
1784,77
1713,75
1837,80
1827,79
1807,77
1754,77
1679,74
1835,80
1697,74
1696,74
1687,74
1601,70
1823,79
1633,72
1704,73
1830,78
1845,80
1737,75
1797,76
1835,80
1619,71
1835,80
1799,77
1602,69
1816,78
1720,71
1835,80
1711,74
1835,80
1835,80
1837,80
1681,73
1582,68
1835,80
1724,75
1789,76
1711,74
1610,69
1553,67
1782,77
1699,74
1835,80
1685,71
1732,74
1593,69
1719,71
1651,71
1837,80
1647,72
1680,74
1805,74
1755,76
1677,71
1729,74
1615,70
1851,80
1753,76
1835,80
1835,80
1798,76
1647,70
1558,68
1781,76
1831,76
1799,78
1779,78
1713,73
1824,78
1835,80
1726,74
1720,74
1809,76
1745,75
1690,73
1861,80
1741,74
1669,73
1797,78
1694,72
1796,77
1839,80
1785,76
1551,68
1718,74
1706,73
1835,80
1798,77
1616,69
1835,80
1729,74
1576,67
1766,74
1724,76
1597,72
1728,75
1796,78
1611,69
1752,75
1694,71
1826,78
1811,79
1835,80
1554,71
1769,77
1827,80
1764,74
1706,72
1621,73
1730,76
1684,73
1865,81
1796,77
1619,71
1771,75
1830,79
1865,81
1845,80
1865,81
1737,75
1663,74
1610,70
1767,75
1863,81
1762,74
1800,76
1798,75
1830,79
1816,79
1592,71
1865,81
1863,81
1648,73
1557,67
1863,81
1765,76
1854,80
1763,75
1690,74
1669,71
1818,78
1763,75
1777,76
1799,77
1767,77
1837,78
1761,76
1772,76
1877,79
1579,67
1643,73
1764,75
1776,76
1704,72
1700,72
1702,74
1798,77
1658,72
1533,67
1863,81
1611,72
1865,81
1863,81
1636,72
1753,74
1772,75
1865,81
1582,70
1777,76
1721,73
1696,74
1567,70
1748,76
1863,81
1796,77
1757,76
1636,72
1863,81
1549,68
1817,79
1608,69
1664,72
1865,81
1863,81
1827,78
1815,79
1863,81
1854,79
1831,79
1572,69
1761,75
1746,77
1664,73
1543,69
1863,81
1863,81
1591,70
1729,74
1867,81
1838,79
1659,71
1751,74
1766,76
1750,75
1856,79
1798,78
1753,73
1863,81
1786,78
1720,74
1613,71
1863,81
1717,75
1863,81
1740,75
1667,72
1628,71
1833,78
1689,75
1698,73
1863,81
1875,81
1810,76
1863,81
1863,81
1863,81
1827,80
1793,76
1668,73
1690,71
1740,75
1708,72
1725,74
1573,67
1863,81
1484,68
1658,72
1723,75
1546,67
1763,76
1650,71
1863,81
1634,68
1668,73
1863,81
1556,67
1891,80
1766,76
1863,81
1621,72
1733,76
1803,78
1838,79
1853,79
1869,81
1859,81
1722,75
1774,77
1859,81
1859,81
1769,76
1797,78
1859,81
1696,73
1875,81
1688,73
1810,78
1692,74
1576,69
1862,80
1853,79
1859,81
1689,72
1670,72
1859,81
1743,75
1776,78
1905,81
1722,76
1713,73
1591,67
1769,75
1695,73
1658,72
1861,81
1726,72
1796,78
1659,72
1843,77
1576,70
1785,76
1815,76
1706,72
1683,72
1672,71
1660,70
1842,78
1719,73
1638,70
1555,69
1618,70
1859,81
1656,71
1865,81
1876,78
1596,70
1585,68
1859,81
1626,70
1769,76
1859,81
1733,76
1859,81
1628,70
1859,81
1767,77
1651,70
1691,73
1605,71
1859,81
1861,81
1553,69
1865,81
1641,70
1817,79
1859,81
1855,80
1813,79
1841,80
1786,78
1803,77
1855,78
1859,81
1781,75
1788,76
1660,70
1847,80
1861,81
1797,76
1603,67
1831,77
1859,81
1699,73
1836,78
1554,68
1859,81
1584,67
1841,80
1536,69
1865,80
1859,81
1786,78
1630,70
1859,81
1595,70
1795,76
1859,81
1773,77
1479,67
1664,73
1722,74
1666,72
1812,77
1814,79
1616,71
1648,70
1764,78
1715,72
1794,77
1852,80
1833,78
1859,81
1854,79
1676,74
1791,78
1628,70
1604,69
1746,77
1653,71
1632,71
1705,73
1751,76
1610,70
1681,72
1814,77
1834,79
1638,70
1816,79
1609,71
1619,72
1871,81
1846,79
1770,78
1841,79
1721,74
1755,75
1818,77
1770,76
1617,71
1732,76
1751,75
1859,81
1886,79
1757,77
1867,81
1686,73
1830,75
1884,80
1859,81
1859,78
1662,72
1721,73
1767,77
1628,70
1737,74
1794,78
1858,79
1686,73
1705,73
1557,67
1744,74
1867,80
1861,81
1660,69
1867,81
1835,80
1653,72
1849,80
1658,71
1750,75
1541,69
1674,72
1755,75
1597,67
1805,78
1839,78
1869,81
1854,80
1578,68
1859,81
1873,81
1608,72
1832,78
1859,81
1660,71
1654,71
1839,78
1831,77
1717,73
1671,71
1827,76
1765,75
1838,78
1791,76
1861,81
1859,81
1859,81
1630,72
1662,73
1670,70
1755,75
1580,68
1598,71
1819,79
1861,81
1706,75
1828,79
1845,78
1824,77
1681,72
1849,76
1751,75
1642,70
1853,80
1835,80
1842,78
1655,71
1859,81
1751,75
1774,76
1859,81
1755,76
1831,79
1844,79
1871,81
1859,81
1802,78
1859,81
1615,71
1800,77
1760,74
1687,73
1735,74
1684,72
1561,69
1634,70
1738,74
1864,79
1799,76
1851,80
1859,81
1743,75
1666,73
1865,79
1736,75
1841,80
1531,68
1865,80
1713,75
1631,70
1853,80
1767,75
1778,74
1859,81
1799,75
1827,76
1739,76
1818,78
1861,81
1752,75
1585,69
1690,73
1637,72
1764,76
1878,80
1471,64
1518,67
1718,73
1619,72
1679,74
1859,81
1641,71
1557,70
1667,73
1772,77
1871,81
1634,71
1617,70
1719,74
1698,72
1617,71
1668,72
1596,71
1835,79
1760,75
1816,75
1779,78
1735,74
1739,76
1668,72
1716,75
1699,73
1615,72
1625,70
1859,81
1771,76
1804,77
1746,76
1859,81
1764,76
1637,71
1859,81
1584,69
1566,70
1729,74
1859,81
1678,72
1717,75
1496,68
1731,76
1706,73
1742,75
1671,72
1599,71
1669,73
1859,81
1702,74
1620,73
1725,75
1825,80
1597,70
1859,81
1795,77
1826,75
1663,72
1838,79
1794,77
1791,79
1551,70
1809,79
1863,81
1859,81
1634,72
1652,74
1859,81
1859,81
1735,73
1862,77
1600,68
1865,81
1721,75
1634,71
1805,79
1556,69
1785,75
1859,81
1648,72
1681,73
1772,76
1599,71
1717,74
1857,79
1725,75
1687,73
1859,81
1842,80
1859,81
1733,75
1593,72
1859,81
1869,81
1708,74
1731,74
1756,75
1735,74
1846,80
1869,81
1831,79
1651,70
1569,69
1778,76
1760,76
1817,77
1527,68
1770,77
1685,72
1783,76
1841,78
1797,77
1725,74
1664,73
1609,70
1859,81
1850,79
1826,80
1611,69
1636,72
1748,76
1713,73
1661,72
1695,73
1839,80
1859,81
1760,76
1822,77
1805,79
1847,80
1825,78
1619,73
1746,77
1859,81
1628,71
1692,73
1646,71
1661,72
1625,73
1823,79
1658,72
1643,71
1706,72
1629,70
1757,75
1761,75
1721,74
1666,73
1815,80
1703,73
1859,81
1772,75
1727,74
1814,78
1603,70
1861,81
1527,68
1859,81
1567,70
1471,68
1859,81
1825,76
1632,70
1703,73
1776,77
1836,76
1771,75
1866,80
1867,81
1617,70
1712,74
1705,72
1767,76
1859,81
1774,77
1859,81
1743,76
1859,81
1793,76
1825,78
1686,72
1859,81
1706,73
1502,67
1584,72
1741,75
1821,78
1778,78
1772,75
1636,72
1694,72
1756,77
1859,81
1859,81
1857,81
1788,78
1711,74
1746,74
1867,81
1502,67
1572,68
1610,71
1592,71
1791,78
1855,80
1790,74
1636,71
1847,78
1685,74
1638,73
1599,69
1857,81
1702,73
1501,67
1822,80
1655,72
1687,74
1857,81
1843,80
1646,71
1826,79
1520,67
1712,73
1600,71
1676,73
1686,73
1697,72
1775,76
1508,67
1776,77
1655,72
1661,72
1628,71
1857,81
1660,72
1576,68
1560,70
1616,71
1857,81
1554,70
1644,73
1857,81
1857,81
1773,76
1867,81
1679,72
1857,81
1726,76
1847,79
1857,81
1859,81
1857,80
1821,79
1678,72
1595,69
1474,67
1704,73
1786,78
1776,76
1779,78
1566,69
1699,73
1681,73
1698,74
1721,74
1602,68
1833,80
1710,73
1679,73
1746,74
1857,81
1787,76
1648,72
1857,81
1857,81
1671,72
1578,67
1780,75
1776,77
1813,80
1797,76
1846,80
1813,78
1857,81
1857,81
1705,73
1794,78
1747,75
1741,75
1814,79
1857,81
1857,81
1792,78
1844,80
1857,81
1822,77
1813,77
1857,81
1686,73
1787,78
1813,77
1847,79
1789,77
1721,75
1857,81
1446,66
1857,81
1635,71
1722,72
1857,81
1815,77
1851,79
1637,71
1599,68
1857,81
1589,69
1573,68
1469,68
1578,70
1627,73
1857,81
1859,81
1857,81
1634,72
1747,74
1851,79
1654,74
1700,71
1657,71
1706,73
1863,81
1859,81
1857,80
1649,72
1844,80
1857,81
1724,74
1458,66
1717,74
1889,79
1708,73
1849,78
1751,73
1665,73
1638,71
1673,72
1571,69
1809,77
1804,76
1796,77
1743,75
1713,74
1628,69
1786,77
1730,76
1684,74
1859,81
1691,72
1773,77
1857,81
1790,77
1818,79
1820,79
1694,73
1657,73
1809,78
1778,78
1693,71
1867,81
1857,81
1761,77
1692,72
1857,81
1672,71
1720,73
1762,74
1822,79
1706,73
1897,79
1764,77
1788,77
1857,81
1788,75
1664,73
1672,71
1664,72
1806,77
1637,71
1772,77
1857,81
1825,79
1710,74
1865,81
1865,81
1637,69
1810,78
1633,72
1704,73
1702,72
1621,71
1642,72
1778,77
1857,81
1844,80
1630,72
1857,81
1769,76
1728,73
1814,78
1809,76
1769,76
1805,78
1739,76
1604,71
1734,73
1699,74
1846,80
1676,72
1637,71
1921,81
1691,73
1619,72
1646,72
1774,74
1857,81
1724,74
1628,71
1694,72
1783,75
1805,78
1857,81
1751,74
1773,77
1808,76
1706,73
1729,75
1596,71
1857,81
1786,76
1637,71
1764,76
1693,73
1499,68
1640,72
1809,79
1778,76
1869,80
1795,77
1865,81
1857,81
1767,73
1824,78
1630,69
1859,81
1800,79
1776,78
1844,80
1813,76
1750,76
1667,72
1717,74
1761,75
1780,77
1747,75
1645,72
1859,81
1857,81
1844,80
1532,67
1813,80
1718,75
1569,69
1642,70
1805,78
1712,73
1782,76
1816,76
1734,75
1722,73
1770,77
1857,81
1789,78
1857,81
1772,76
1836,80
1685,72
1692,72
1840,79
1857,81
1809,78
1642,72
1796,77
1857,81
1747,74
1718,73
1787,77
1712,73
1761,75
1850,80
1727,74
1857,81
1822,80
1653,70
1799,77
1656,73
1678,72
1789,78
1859,81
1765,75
1793,78
1756,76
1857,81
1705,73
1661,69
1849,80
1689,72
1695,74
1779,77
1844,80
1580,68
1857,81
1857,81
1484,66
1719,74
1809,78
1705,73
1857,81
1823,80
1597,68
1718,73
1854,76
1857,81
1852,80
1826,79
1648,71
1821,79
1739,75
1791,76
1708,75
1857,81
1775,75
1844,79
1844,79
1737,77
1857,81
1652,70
1493,65
1625,72
1503,69
1744,77
1825,78
1642,70
1812,77
1692,73
1785,77
1665,72
1857,81
1768,77
1669,73
1610,70
1652,71
1601,71
1807,79
1744,75
1729,75
1800,79
1859,81
1640,71
1664,72
1857,81
1572,68
1764,75
1857,81
1844,80
1857,81
1670,70
1774,77
1857,81
1669,72
1773,75
1686,73
1857,81
1792,77
1672,74
1857,81
1880,80
1633,72
1697,71
1857,81
1886,78
1663,71
1857,81
1682,73
1857,81
1720,76
1791,76
1824,79
1815,79
1749,76
1857,81
1796,74
1857,81
1786,76
1689,75
1756,76
1857,81
1844,80
1803,76
1857,81
1637,71
1792,77
1714,73
1744,75
1830,79
1826,77
1635,72
1819,76
1708,73
1542,67
1857,81
1613,70
1617,70
1736,76
1857,81
1521,68
1859,81
1666,73
1729,74
1799,74
1754,74
1820,79
1857,81
1680,73
1857,81
1573,69
1791,76
1857,81
1669,72
1729,74
1710,73
1514,66
1809,78
1839,80
1718,73
1751,75
1711,74
1695,73
1748,75
1807,79
1523,68
1857,81
1715,73
1863,81
1711,74
1857,81
1857,81
1821,79
1758,76
1786,78
1517,67
1857,81
1822,80
1804,77
1712,74
1857,81
1822,80
1816,78
1703,71
1857,81
1741,75
1604,71
1736,74
1839,80
1720,75
1747,75
1717,75
1805,77
1638,73
1543,69
1643,68
1857,81
1863,81
1800,78
1849,79
1679,73
1658,71
1582,69
1801,76
1844,80
1865,81
1689,73
1840,79
1744,74
1844,80
1545,69
1823,80
1764,77
1689,72
1699,74
1514,67
1474,67
1824,79
1697,73
1636,74
1769,75
1813,76
1859,81
1788,77
1857,81
1666,73
1675,73
1834,79
1734,74
1695,75
1600,70
1793,78
1630,71
1755,75
1742,75
1761,75
1812,78
1717,75
1785,76
1767,76
1762,76
1630,69
1857,81
1816,78
1719,74
1650,73
1856,80
1695,72
1691,73
1842,80
1857,81
1699,74
1732,75
1831,77
1810,76
1857,81
1714,74
1844,79
1813,78
1857,81
1837,77
1861,81
1857,81
1830,79
1857,81
1581,69
1713,74
1694,73
1857,81
1805,76
1668,72
1701,74
1857,81
1672,73
1783,77
1685,74
1662,72
1679,73
1850,78
1589,70
1485,67
1741,75
1602,67
1592,70
1634,71
1710,74
1857,81
1845,80
1663,70
1657,73
1805,76
1832,79
1710,74
1655,73
1657,69
1857,81
1732,75
1509,67
1805,78
1694,73
1572,71
1747,75
1506,65
1715,74
1859,81
1857,81
1674,73
1587,70
1655,71
1667,72
1697,73
1777,78
1857,81
1857,81
1763,77
1773,77
1774,79
1857,81
1716,74
1519,67
1706,75
1752,76
1764,77
1857,81
1558,69
1630,70
1677,73
1696,73
1697,72
1869,78
1857,81
1719,74
1809,78
1629,70
1699,74
1488,66
1677,73
1616,68
1676,74
1814,77
1752,75
1598,69
1792,77
1652,70
1824,79
1677,73
1613,70
1821,79
1859,81
1500,68
1648,71
1792,78
1582,68
1617,69
1676,73
1857,81
1833,78
1764,77
1611,70
1703,75
1602,71
1795,75
1883,80
1856,79
1857,81
1863,81
1857,81
1731,73
1695,72
1673,72
1807,77
1857,80
1857,81
1817,79
1590,69
1767,74
1764,75
1821,79
1819,77
1758,77
1857,81
1863,77
1757,77
1661,70
1857,81
1752,77
1665,73
1708,74
1643,71
1821,78
1497,67
1859,81
1794,78
1807,77
1857,81
1797,78
1857,81
1721,73
1786,78
1644,72
1844,80
1822,78
1813,80
1861,81
1739,75
1744,77
1841,77
1572,67
1549,68
1622,72
1702,74
1842,80
1744,77
1811,78
1730,75
1719,75
1677,73
1834,79
1685,74
1710,74
1576,68
1857,81
1698,73
1827,79
1732,75
1845,79
1562,69
1636,72
1857,81
1725,74
1844,80
1727,74
1611,70
1757,77
1683,73
1857,81
1641,73
1616,71
1670,71
1623,69
1849,80
1814,79
1593,70
1808,78
1720,75
1562,69
1859,81
1848,79
1817,79
1781,76
1841,77
1857,81
1857,81
1600,72
1738,74
1688,72
1782,78
1756,77
1857,81
1605,71
1473,65
1749,75
1688,73
1668,70
1774,77
1820,78
1478,65
1819,78
1722,74
1815,78
1798,78
1772,78
1685,71
1721,74
1690,73
1630,70
1857,81
1857,81
1813,80
1849,78
1783,76
1748,77
1628,71
1817,79
1681,72
1816,79
1590,70
1748,75
1771,76
1857,81
1753,77
1857,81
1712,75
1703,75
1857,81
1857,81
1863,81
1706,75
1857,81
1562,68
1848,79
1767,76
1670,73
1713,74
1664,72
1741,75
1815,79
1819,79
1730,74
1644,70
1615,68
1857,81
1682,72
1750,76
1857,81
1773,76
1846,80
1668,73
1702,74
1775,78
1835,80
1672,72
1721,74
1764,76
1710,73
1569,68
1805,77
1863,81
1779,77
1857,81
1729,74
1725,75
1583,69
1857,81
1856,79
1838,78
1839,77
1781,76
1681,72
1738,75
1599,70
1762,76
1857,81
1801,79
1718,74
1726,74
1799,76
1662,73
1667,72
1825,78
1697,73
1859,81
1605,71
1722,74
1804,79
1857,81
1663,71
1732,73
1724,74
1850,80
1781,77
1652,73
1799,77
1857,79
1496,68
1553,68
1831,78
1857,81
1819,79
1604,69
1783,77
1681,72
1559,66
1441,65
1820,79
1857,81
1665,73
1859,81
1641,73
1692,73
1857,81
1559,67
1708,75
1762,77
1635,72
1798,76
1569,69
1857,81
1750,76
1857,81
1881,81
1779,78
1857,81
1857,81
1657,73
1823,80
1857,81
1730,74
1711,73
1806,79
1558,68
1685,73
1747,74
1845,79
1857,81
1489,68
1857,81
1857,81
1629,70
1722,75
1852,80
1875,81
1646,72
1741,76
1670,71
1642,72
1809,77
1850,80
1747,77
1730,74
1585,70
1671,71
1556,68
1784,76
1857,81
1788,77
1815,79
1606,70
1692,72
1750,75
1707,74
1768,76
1608,69
1681,72
1644,70
1839,80
1716,73
1715,75
1857,81
1709,73
1863,81
1662,73
1678,72
1738,75
1536,66
1791,77
1839,80
1857,81
1802,78
1850,80
1742,74
1703,75
1746,76
1857,81
1857,81
1692,73
1736,75
1794,77
1777,78
1739,74
1857,81
1708,75
1830,79
1857,81
1725,73
1722,73
1845,79
1635,70
1857,81
1863,81
1775,75
1754,75
1762,77
1664,73
1676,73
1801,77
1546,67
1844,80
1565,68
1698,75
1711,73
1699,73
1859,81
1857,81
1780,78
1762,76
1814,79
1746,77
1660,72
1790,78
1566,68
1754,75
1797,76
1727,74
1625,71
1654,72
1566,67
1857,81
1770,77
1802,78
1857,81
1779,78
1790,77
1629,71
1801,78
1700,73
1827,79
1795,78
1857,81
1797,77
1702,73
1730,73
1560,69
1863,81
1512,67
1627,71
1775,78
1828,79
1842,80
1710,73
1653,70
1769,75
1859,81
1856,80
1858,79
1809,77
1675,72
1698,73
1845,79
1730,76
1612,69
1779,77
1756,76
1755,75
1576,68
1859,81
1565,68
1861,81
1867,81
1857,81
1698,72
1716,74
1837,77
1798,78
1863,81
1857,81
1844,80
1821,79
1857,81
1598,70
1857,81
1587,70
1857,81
1598,69
1823,79
1699,74
1770,77
1797,78
1751,76
1857,81
1760,77
1857,81
1857,81
1700,74
1762,75
1847,80
1662,74
1782,76
1791,76
1664,74
1849,80
1857,81
1755,76
1851,80
1857,81
1777,74
1857,81
1779,76
1639,72
1688,73
1863,81
1623,71
1849,80
1806,79
1857,81
1676,73
1792,77
1551,69
1857,81
1797,77
1813,80
1851,80
1472,65
1857,81
1857,81
1715,74
1806,76
1834,79
1646,72
1639,71
1849,78
1809,77
1743,74
1760,77
1669,73
1823,78
1740,75
1705,73
1786,78
1827,79
1779,76
1779,78
1727,75
1819,78
1827,77
1835,80
1857,81
1842,80
1783,78
1857,81
1794,78
1641,72
1614,71
1600,69
1857,81
1736,77
1717,74
1759,74
1857,81
1794,79
1658,73
1595,71
1804,77
1857,81
1822,78
1779,78
1844,80
1710,74
1843,79
1605,68
1863,81
1816,77
1621,70
1662,72
1849,80
1825,79
1699,73
1772,76
1655,73
1798,78
1857,81
1857,81
1659,72
1713,76
1749,74
1736,74
1784,76
1783,78
1551,70
1813,79
1653,69
1855,81
1616,72
1663,74
1845,80
1621,68
1669,72
1770,77
1740,75
1816,79
1767,76
1812,79
1616,70
1813,79
1626,72
1767,77
1650,70
1855,81
1801,78
1547,67
1776,78
1650,71
1789,77
1640,70
1780,78
1686,74
1855,81
1759,76
1773,76
1863,81
1716,75
1540,69
1656,72
1855,81
1669,73
1835,80
1855,81
1857,81
1666,72
1740,75
1669,72
1872,80
1608,72
1650,72
1655,71
1805,77
1487,64
1751,76
1793,78
1584,68
1807,78
1691,75
1855,81
1755,75
1768,77
1781,77
1855,81
1682,73
1855,81
1752,75
1557,69
1755,76
1681,71
1867,81
1628,71
1855,81
1670,73
1707,72
1661,70
1829,79
1582,71
1750,77
1873,81
1758,76
1798,79
1754,75
1581,69
1732,75
1660,74
1702,75
1591,69
1855,81
1689,73
1698,74
1855,81
1867,81
1677,73
1745,76
1867,81
1838,79
1688,73
1788,78
1698,74
1838,79
1676,73
1654,73
1675,71
1672,71
1733,74
1867,81
1774,78
1548,68
1754,75
1758,76
1855,81
1808,79
1597,69
1855,81
1783,76
1486,66
1802,78
1719,71
1631,71
1742,76
1815,79
1742,77
1645,68
1827,78
1848,80
1662,72
1857,81
1844,80
1855,81
1621,71
1838,79
1550,65
1819,79
1720,74
1644,70
1710,75
1575,69
1774,77
1583,69
1570,69
1660,71
1466,65
1598,70
1735,76
1855,81
1865,81
1794,78
1855,81
1705,73
1727,75
1792,78
1813,79
1793,77
1855,81
1742,73
1793,78
1852,80
1760,78
1717,73
1770,77
1656,71
1555,67
1367,63
1867,81
1855,81
1654,73
1615,67
1845,78
1855,81
1733,74
1855,81
1744,77
1860,79
1606,71
1694,74
1844,80
1855,81
1770,75
1800,76
1789,77
1788,75
1855,81
1604,68
1585,68
1855,81
1855,81
1632,69
1713,73
1736,76
1750,77
1673,74
1867,81
1604,71
1855,81
1758,75
1744,77
1575,66
1847,80
1771,76
1839,80
1823,79
1820,76
1746,77
1726,71
1688,71
1847,80
1620,69
1777,76
1751,74
1787,77
1821,80
1672,73
1730,74
1546,67
1855,81
1698,74
1714,73
1712,74
1860,79
1549,67
1603,69
1714,74
1839,80
1733,75
1828,77
1680,71
1712,75
1763,73
1855,81
1765,75
1855,81
1623,71
1811,80
1832,80
1773,74
1679,72
1787,77
1855,81
1765,77
1744,73
1784,78
1665,72
1877,81
1735,75
1618,69
1756,76
1626,69
1741,75
1653,72
1680,71
1855,81
1834,80
1694,73
1848,80
1805,79
1588,68
1595,70
1823,79
1757,75
1855,81
1838,79
1855,81
1639,71
1634,73
1462,64
1819,78
1686,72
1855,81
1848,80
1725,71
1855,81
1670,74
1780,75
1855,81
1758,76
1712,75
1656,72
1751,76
1686,73
1699,73
1786,76
1731,75
1687,72
1628,70
1819,78
1855,81
1855,81
1746,76
1855,81
1799,77
1501,66
1855,81
1855,81
1777,76
1756,77
1855,81
1855,81
1883,81
1855,81
1709,74
1519,67
1855,81
1671,73
1855,81
1855,81
1861,81
1650,72
1800,78
1580,69
1855,81
1466,66
1574,69
1647,71
1685,71
1737,75
1699,72
1561,69
1801,79
1732,77
1729,74
1845,80
1607,70
1855,81
1855,81
1855,81
1689,75
1826,80
1662,72
1730,74
1855,81
1812,78
1698,74
1606,69
1798,79
1717,72
1741,75
1731,74
1866,79
1605,71
1855,81
1785,74
1857,81
1735,74
1664,72
1813,79
1760,77
1804,79
1630,70
1821,79
1855,81
1855,81
1837,80
1862,79
1664,72
1617,70
1768,76
1886,81
1689,72
1602,71
1772,72
1497,65
1871,80
1690,71
1857,81
1855,81
1449,64
1819,79
1842,78
1755,73
1771,76
1800,78
1690,71
1589,68
1719,74
1712,74
1701,73
1789,77
1719,74
1799,78
1698,72
1806,78
1579,69
1855,81
1855,81
1803,78
1780,78
1632,71
1855,81
1723,72
1800,78
1681,72
1687,73
1719,74
1855,81
1855,81
1871,80
1605,70
1765,77
1772,77
1863,81
1758,75
1728,74
1619,69
1659,72
1706,74
1820,79
1637,73
1465,64
1551,68
1642,72
1697,75
1649,72
1688,74
1787,78
1803,77
1855,81
1855,81
1757,75
1697,72
1781,76
1857,81
1841,78
1775,75
1690,73
1773,73
1607,70
1740,77
1707,73
1532,70
1699,75
1665,73
1787,77
1771,77
1759,75
1757,76
1814,78
1778,75
1729,72
1701,74
1627,70
1679,71
1880,80
1855,81
1794,77
1761,77
1809,78
1613,69
1849,79
1844,80
1679,73
1820,79
1614,72
1774,78
1764,75
1855,81
1568,71
1687,74
1684,72
1852,80
1758,77
1819,79
1683,72
1855,81
1855,81
1855,81
1563,69
1633,72
1755,77
1827,79
1794,77
1773,73
1671,70
1713,73
1613,71
1768,75
1759,76
1661,74
1742,75
1694,74
1607,70
1855,81
1855,81
1809,79
1855,81
1789,77
1855,81
1875,81
1764,77
1765,78
1812,78
1879,81
1828,79
1801,78
1882,81
1686,73
1750,76
1783,77
1757,76
1565,67
1774,78
1839,80
1724,73
1629,74
1881,81
1785,75
1855,81
1646,72
1697,74
1781,75
1808,79
1590,69
1837,80
1556,70
1749,75
1663,72
1533,69
1861,81
1783,79
1603,67
1770,77
1855,81
1721,75
1742,77
1855,81
1581,70
1843,80
1686,75
1753,75
1663,74
1793,78
1855,81
1768,78
1752,76
1679,70
1855,81
1658,74
1855,81
1652,73
1700,72
1802,79
1765,78
1663,73
1818,78
1691,75
1855,81
1867,81
1723,74
1781,76
1602,66
1667,73
1586,67
1707,75
1709,71
1763,75
1793,78
1675,72
1856,78
1476,66
1518,68
1710,74
1821,79
1886,81
1683,72
1782,78
1767,76
1801,75
1653,71
1781,77
1675,72
1597,69
1855,81
1855,81
1713,75
1842,80
1855,81
1677,74
1766,74
1795,75
1683,74
1855,81
1760,75
1855,81
1713,73
1840,78
1706,74
1822,79
1675,73
1792,78
1696,74
1826,79
1855,81
1672,72
1756,74
1845,79
1717,75
1855,81
1746,77
1739,75
1867,81
1696,73
1626,71
1763,77
1867,81
1855,81
1753,76
1795,78
1762,75
1776,77
1694,75
1834,77
1885,81
1855,81
1815,76
1866,80
1855,81
1732,76
1750,76
1699,72
1867,81
1873,80
1855,81
1611,70
1830,77
1653,70
1678,74
1650,72
1830,80
1785,77
1840,80
1854,79
1849,80
1802,77
1669,73
1811,79
1858,77
1822,79
1834,80
1855,81
1811,80
1773,75
1756,76
1713,73
1735,75
1614,70
1758,74
1669,71
1773,76
1772,77
1709,74
1679,70
1609,68
1855,81
1834,79
1679,74
1855,81
1685,71
1534,69
1834,77
1834,79
1684,72
1791,79
1748,76
1819,79
1689,71
1847,80
1855,81
1843,80
1637,72
1792,75
1709,70
1596,69
1844,78
1884,80
1696,74
1684,73
1855,81
1678,72
1623,71
1832,80
1813,79
1801,79
1855,81
1800,78
1658,71
1629,69
1681,73
1827,80
1778,76
1677,71
1776,76
1723,75
1855,81
1796,77
1813,79
1711,74
1807,79
1734,75
1747,75
1855,81
1752,76
1690,72
1716,74
1628,72
1786,75
1867,80
1855,81
1802,78
1811,78
1752,74
1696,74
1867,81
1700,72
1855,81
1855,81
1855,81
1809,78
1598,70
1826,80
1590,72
1723,75
1677,73
1791,79
1811,75
1650,72
1793,78
1855,81
1855,81
1837,80
1817,79
1617,71
1706,74
1862,79
1763,76
1751,74
1838,79
1793,78
1734,73
1815,78
1844,80
1855,81
1739,73
1867,81
1745,74
1766,77
1758,76
1734,75
1612,71
1635,73
1822,79
1542,70
1526,69
1756,74
1656,72
1845,79
1843,80
1855,81
1583,71
1748,76
1855,81
1756,74
1702,71
1617,71
1731,76
1855,81
1855,81
1798,79
1857,79
1729,75
1855,81
1570,68
1672,73
1857,81
1745,74
1702,73
1788,78
1624,68
1722,76
1677,72
1648,72
1886,81
1730,76
1665,72
1682,73
1831,76
1855,81
1762,75
1809,80
1808,77
1804,77
1664,74
1804,78
1706,73
1751,75
1858,80
1814,79
1855,81
1666,70
1846,79
1855,81
1855,81
1766,77
1655,71
1836,80
1667,72
1855,81
1586,70
1683,74
1771,77
1855,81
1819,79
1759,74
1742,75
1757,75
1781,75
1797,77
1855,81
1855,81
1722,75
1887,80
1577,67
1792,76
1832,80
1742,76
1867,81
1625,71
1725,74
1637,70
1619,69
1728,73
1699,74
1624,73
1790,76
1708,75
1699,74
1869,79
1855,81
1815,77
1617,70
1753,75
1727,74
1670,70
1600,70
1805,77
1855,81
1857,81
1777,75
1837,80
1810,78
1757,76
1832,80
1863,81
1816,79
1788,76
1803,78
1855,81
1855,81
1749,76
1855,81
1678,71
1804,78
1821,79
1798,79
1789,76
1717,75
1723,74
1856,76
1835,80
1811,80
1867,81
1867,81
1801,79
1818,79
1767,77
1795,79
1740,75
1729,75
1855,81
1855,81
1727,74
1763,76
1769,77
1759,75
1628,70
1801,76
1857,81
1703,75
1693,73
1851,80
1764,74
1577,68
1872,80
1812,76
1712,75
1818,79
1707,74
1855,81
1855,81
1842,79
1837,79
1764,75
1820,79
1679,73
1828,77
1693,73
1631,70
1722,72
1886,81
1707,73
1860,79
1674,70
1855,81
1855,81
1855,81
1646,71
1845,78
1855,81
1867,81
1867,81
1690,73
1794,76
1745,74
1600,69
1855,81
1731,74
1533,68
1658,71
1855,81
1650,72
1855,81
1706,75
1812,77
1629,72
1706,74
1676,70
1688,74
1803,78
1711,74
1855,81
1605,69
1875,80
1610,71
1826,76
1811,79
1647,71
1706,75
1692,72
1830,80
1847,80
1608,70
1600,71
1681,72
1883,81
1818,75
1658,73
1730,74
1825,78
1526,68
1686,74
1784,77
1658,71
1855,81
1737,76
1824,79
1617,71
1754,76
1856,79
1608,68
1757,77
1594,68
1809,77
1855,81
1665,72
1695,72
1811,80
1594,68
1806,76
1729,75
1694,75
1836,80
1712,73
1659,71
1679,72
1855,81
1707,74
1763,77
1633,73
1891,78
1710,73
1706,75
1806,76
1748,78
1721,75
1695,74
1726,73
1849,80
1698,72
1836,80
1671,74
1636,73
1623,71
1793,77
1847,80
1817,78
1602,69
1822,78
1837,80
1684,70
1704,72
1855,81
1855,81
1747,77
1813,79
1844,80
1867,81
1736,76
1771,75
1701,73
1782,77
1741,75
1847,80
1698,73
1812,80
1855,81
1744,76
1813,78
1855,81
1705,74
1732,73
1830,80
1658,73
1659,72
1576,70
1722,76
1857,81
1855,81
1763,77
1867,81
1811,76
1492,65
1668,73
1759,76
1526,69
1679,70
1822,80
1654,71
1712,73
1725,74
1855,81
1670,71
1680,74
1781,75
1855,81
1848,80
1788,76
1839,80
1840,80
1601,69
1653,72
1767,77
1726,74
1827,76
1656,72
1732,75
1728,73
1717,74
1665,71
1830,77
1849,80
1861,81
1773,76
1857,80
1666,72
1821,78
1585,71
1690,74
1855,81
1567,71
1677,72
1701,70
1855,81
1604,71
1664,72
1855,81
1855,81
1796,76
1770,76
1737,75
1797,75
1735,75
1727,74
1840,80
1506,67
1839,80
1749,74
1719,72
1855,81
1683,72
1808,79
1671,72
1855,81
1830,80
1759,76
1547,69
1796,78
1867,81
1863,81
1623,71
1702,73
1680,71
1855,81
1704,74
1684,71
1712,70
1570,68
1754,75
1855,81
1742,74
1640,71
1855,81
1699,74
1717,73
1711,72
1855,81
1855,81
1725,72
1855,81
1590,72
1533,66
1678,71
1619,69
1855,81
1745,76
1792,78
1777,75
1597,69
1610,70
1605,68
1687,72
1836,80
1767,78
1689,71
1713,73
1722,72
1839,80
1567,66
1796,78
1863,81
1686,70
1665,73
1875,81
1811,79
1855,81
1735,74
1730,76
1836,80
1855,81
1794,77
1855,81
1669,69
1649,71
1766,75
1598,71
1803,79
1788,76
1805,77
1653,70
1814,77
1751,75
1724,75
1855,81
1787,76
1854,80
1500,67
1855,81
1857,81
1798,78
1745,76
1830,80
1619,71
1859,81
1849,80
1694,75
1855,81
1628,70
1855,81
1855,81
1679,71
1692,73
1664,70
1645,71
1838,78
1717,74
1574,68
1732,75
1855,81
1819,79
1827,80
1688,75
1848,80
1631,71
1728,73
1738,72
1859,80
1689,73
1614,72
1725,75
1855,81
1855,81
1855,81
1511,65
1815,79
1855,81
1746,75
1705,74
1555,69
1762,77
1595,71
1690,74
1679,72
1837,80
1767,75
1855,81
1662,72
1855,81
1820,78
1775,76
1624,68
1733,73
1534,68
1545,69
1700,73
1831,80
1582,69
1658,72
1743,76
1776,74
1855,81
1702,73
1721,72
1855,81
1659,71
1832,77
1782,75
1700,73
1628,71
1829,78
1594,69
1794,77
1712,72
1608,71
1855,81
1830,79
1738,73
1807,77
1543,65
1744,77
1663,70
1855,81
1809,74
1748,73
1690,70
1760,77
1855,81
1777,76
1855,81
1806,78
1695,73
1805,77
1857,81
1855,81
1643,72
1701,71
1651,72
1761,76
1855,81
1820,79
1846,80
1855,81
1857,81
1807,78
1795,79
1610,70
1700,73
1673,74
1579,68
1855,81
1567,67
1698,73
1846,79
1721,74
1650,73
1725,73
1651,70
1691,72
1855,81
1816,79
1603,70
1831,77
1710,75
1625,70
1830,79
1857,81
1855,81
1707,74
1822,78
1705,74
1724,74
1855,81
1770,75
1751,73
1855,81
1766,75
1616,69
1855,81
1709,72
1704,71
1855,81
1852,80
1855,81
1855,81
1855,81
1851,80
1742,76
1776,77
1714,73
1673,72
1626,69
1604,69
1749,76
1673,70
1832,78
1788,78
1862,79
1817,76
1748,73
1524,65
1732,73
1657,72
1717,73
1863,81
1684,73
1536,67
1774,76
1634,69
1855,81
1555,69
1759,77
1597,70
1855,81
1563,67
1637,69
1859,81
1762,77
1867,81
1578,68
1613,70
1823,80
1819,80
1625,71
1619,71
1683,70
1812,78
1834,80
1766,77
1763,76
1627,70
1695,74
1734,76
1644,71
1855,81
1663,72
1819,80
1773,73
1722,73
1672,73
1725,76
1671,70
1701,73
1751,74
1594,68
1855,81
1811,80
1855,81
1547,65
1610,69
1812,77
1797,78
1880,81
1687,73
1855,81
1783,75
1658,70
1726,74
1829,79
1736,74
1705,73
1581,66
1591,69
1694,73
1855,81
1593,67
1633,72
1658,69
1798,77
1732,74
1765,77
1817,80
1613,69
1727,75
1649,71
1705,72
1616,69
1826,78
1652,70
1830,80
1812,77
1531,67
1839,80
1638,72
1781,76
1691,73
1679,72
1777,76
1727,74
1645,70
1407,61
1855,81
1540,66
1855,81
1855,81
1593,67
1673,75
1851,80
1622,71
1555,69
1637,70
1711,73
1798,73
1788,76
1666,68
1809,76
1684,71
1809,78
1596,68
1699,72
1777,76
1596,70
1820,78
1859,81
1855,81
1886,81
1878,81
1855,81
1646,72
1596,69
1820,80
1855,81
1606,69
1857,81
1799,79
1580,69
1709,72
1849,80
1697,74
1825,79
1761,72
1871,81
1712,71
1708,71
1849,74
1671,72
1855,81
1854,79
1631,71
1571,68
1640,72
1855,81
1678,70
1855,81
1855,81
1855,80
1643,69
1745,75
1764,75
1855,81
1855,81
1731,76
1783,78
1573,68
1783,78
1663,71
1817,80
1628,72
1842,80
1837,80
1776,75
1607,69
1626,71
1720,74
1666,69
1840,77
1812,77
1710,73
1776,77
1873,80
1792,77
1785,77
1582,69
1711,73
1809,76
1786,77
1706,73
1855,81
1850,80
1855,81
1727,74
1644,73
1640,72
1646,73
1702,70
1763,75
1640,69
1660,72
1656,72
1613,68
1778,77
1863,81
1686,72
1657,69
1674,70
1701,71
1659,71
1825,79
1482,66
1649,72
1689,74
1632,71
1808,77
1855,81
1728,75
1731,75
1855,81
1765,74
1855,81
1800,79
1608,69
1576,69
1605,69
1777,77
1867,81
1855,81
1781,77
1655,69
1831,80
1818,78
1757,74
1555,69
1569,69
1697,74
1855,81
1672,72
1857,81
1848,80
1783,78
1580,67
1632,71
1662,70
1787,77
1637,69
1697,72
1787,75
1855,81
1619,73
1861,81
1698,71
1696,72
1681,72
1718,74
1701,73
1578,67
1571,67
1773,75
1761,74
1691,73
1697,73
1752,76
1813,78
1855,81
1646,70
1666,70
1855,81
1649,72
1745,74
1584,68
1603,69
1704,73
1816,79
1606,71
1855,81
1861,81
1651,71
1683,71
1642,69
1855,81
1696,73
1883,81
1588,68
1787,78
1855,81
1855,81
1610,72
1788,77
1668,74
1837,80
1813,77
1855,81
1694,74
1682,71
1601,66
1565,68
1653,71
1855,81
1557,66
1835,80
1804,77
1696,73
1619,72
1808,79
1640,69
1600,70
1626,71
1753,76
1855,81
1739,76
1837,80
1682,70
1743,73
1808,78
1689,73
1834,79
1687,72
1750,76
1808,78
1862,79
1663,70
1774,75
1655,72
1855,81
1609,70
1831,80
1720,73
1797,79
1795,79
1668,73
1647,72
1847,79
1631,70
1672,72
1648,71
1701,73
1793,78
1808,78
1855,81
1592,67
1855,81
1675,71
1729,73
1822,79
1857,81
1776,77
1714,74
1643,71
1857,81
1632,71
1842,80
1552,67
1641,72
1712,73
1519,65
1822,80
1647,71
1760,75
1799,78
1855,81
1805,77
1705,73
1836,79
1673,72
1855,81
1655,72
1730,76
1570,69
1772,78
1731,75
1839,80
1812,78
1855,81
1619,69
1878,80
1768,77
1847,77
1641,72
1699,73
1770,77
1785,78
1649,72
1824,78
1838,79
1662,73
1626,71
1610,70
1680,72
1501,66
1850,80
1639,70
1671,71
1564,67
1859,81
1691,70
1811,79
1705,74
1763,74
1788,78
1702,75
1855,81
1618,70
1855,81
1736,74
1707,73
1695,74
1817,79
1715,71
1855,81
1814,77
1855,81
1650,71
1668,72
1693,72
1855,81
1719,74
1699,73
1589,71
1850,80
1855,81
1826,79
1637,72
1573,69
1653,71
1706,72
1855,79
1600,67
1638,72
1664,72
1821,79
1658,73
1632,70
1823,78
1855,81
1855,81
1786,76
1842,80
1657,72
1857,81
1844,80
1789,78
1697,73
1782,75
1802,79
1755,76
1512,66
1837,80
1640,72
1855,81
1656,69
1565,65
1623,70
1855,81
1744,75
1670,71
1791,78
1857,81
1701,74
1768,75
1855,81
1751,77
1855,81
1714,73
1642,71
1857,81
1721,74
1850,80
1855,81
1666,72
1678,73
1801,77
1844,80
1855,81
1883,81
1792,75
1700,71
1628,68
1841,80
1713,75
1594,70
1795,76
1627,73
1817,79
1838,78
1736,76
1731,75
1644,74
1841,80
1668,73
1855,81
1677,72
1825,80
1565,68
1853,77
1789,77
1772,77
1803,78
1855,81
1740,73
1690,71
1671,72
1533,65
1706,74
1679,72
1808,78
1855,81
1855,81
1829,79
1636,72
1481,65
1714,74
1855,81
1736,74
1767,75
1580,68
1747,73
1873,81
1855,81
1741,71
1560,66
1565,69
1601,69
1686,72
1702,74
1770,77
1855,81
1527,68
1729,73
1641,71
1567,70
1855,81
1560,67
1772,78
1825,79
1716,72
1856,79
1859,81
1742,74
1695,73
1742,73
1555,68
1855,81
1689,73
1843,80
1857,81
1759,75
1806,76
1855,81
1776,77
1836,79
1638,72
1701,73
1771,76
1751,73
1609,70
1855,81
1658,72
1627,70
1588,68
1871,81
1660,71
1776,77
1837,80
1638,72
1602,69
1827,79
1845,80
1776,76
1836,80
1662,72
1619,68
1788,77
1541,68
1797,77
1780,76
1855,81
1834,79
1699,74
1732,75
1841,79
1855,81
1666,70
1580,68
1705,73
1749,72
1584,67
1780,76
1644,71
1655,71
1627,72
1701,73
1768,77
1739,76
1837,80
1613,68
1855,81
1776,77
1570,68
1855,81
1895,81
1784,78
1631,69
1867,79
1611,70
1744,76
1774,76
1720,74
1849,80
1609,68
1766,77
1855,81
1787,78
1712,77
1602,69
1588,68
1543,68
1719,72
1482,64
1646,70
1855,81
1831,79
1857,81
1857,81
1801,78
1855,81
1857,81
1766,77
1839,79
1855,81
1719,75
1666,71
1582,69
1727,73
1808,79
1820,79
1888,76
1628,71
1762,76
1644,69
1679,70
1761,76
1771,76
1871,81
1660,71
1710,73
1521,67
1658,71
1657,71
1628,71
1770,76
1791,78
1584,71
1773,73
1859,81
1601,70
1855,81
1659,73
1797,76
1848,80
1643,70
1770,76
1586,69
1676,72
1754,73
1855,81
1871,81
1837,80
1855,81
1690,71
1730,73
1669,70
1652,73
1779,74
1759,76
1638,72
1842,80
1855,81
1670,70
1675,72
1672,73
1855,81
1691,70
1754,76
1732,74
1627,69
1545,68
1842,80
1578,69
1857,81
1844,80
1487,66
1644,74
1685,73
1697,73
1855,81
1582,69
1855,81
1586,68
1836,80
1855,81
1825,80
1772,76
1855,81
1584,70
1610,66
1855,81
1777,78
1647,73
1867,81
1779,74
1752,75
1784,77
1705,75
1742,76
1774,76
1799,78
1667,72
1813,78
1781,78
1855,81
1855,81
1855,81
1557,65
1705,74
1855,81
1615,70
1801,79
1601,71
1721,73
1855,81
1855,81
1803,78
1754,75
1716,70
1725,74
1787,77
1816,78
1586,69
1714,72
1855,81
1800,79
1644,72
1842,80
1795,78
1811,77
1755,74
1676,74
1752,77
1679,71
1727,77
1845,80
1632,70
1575,69
1849,81
1826,80
1858,79
1680,73
1845,79
1569,70
1697,74
1726,75
1579,70
1791,79
1649,72
1865,80
1615,72
1673,71
1849,81
1870,80
1798,79
1817,79
1625,69
1646,72
1543,68
1609,69
1808,77
1851,81
1610,70
1819,76
1667,72
1870,80
1580,67
1682,73
1663,74
1836,80
1446,62
1526,68
1851,81
1612,69
1681,71
1714,74
1595,69
1849,81
1698,73
1644,71
1709,75
1687,73
1849,81
1821,80
1688,72
1577,68
1712,74
1657,73
1849,81
1656,68
1833,80
1638,72
1723,74
1592,69
1809,78
1578,67
1830,80
1606,70
1541,68
1849,81
1816,79
1791,79
1849,81
1558,70
1849,81
1812,76
1584,71
1551,68
1743,77
1696,75
1654,72
1612,70
1791,79
1723,75
1843,80
1766,77
1630,72
1599,70
1851,81
1753,75
1585,68
1707,74
1826,80
1849,81
1759,76
1851,81
1610,72
1766,76
1772,77
1849,81
1726,78
1870,80
1662,72
1858,79
1662,73
1722,77
1631,70
1847,81
1831,80
1678,72
1499,66
1715,72
1696,71
1847,81
1734,76
1755,74
1683,75
1870,79
1798,79
1755,74
1742,75
1678,73
1786,77
1847,81
1847,81
1672,71
1824,80
1656,72
1921,82
1646,72
1907,82
1891,81
1722,75
1891,80
1873,80
1774,77
1821,78
1628,71
1907,82
1734,74
1415,63
1907,82
1784,77
1789,77
1516,64
1887,81
1512,64
1784,77
1711,72
1873,80
1915,82
1855,81
1560,68
1863,80
1726,72
1770,76
1686,72
1702,75
1658,69
1923,82
1702,70
1808,77
1907,82
1557,68
1767,76
1796,76
1744,77
1907,82
1712,73
1907,82
1814,77
1877,81
1907,82
1907,82
1907,82
1669,74
1839,78
1907,82
1655,70
1809,78
1729,73
1866,78
1602,69
1762,77
1699,72
1751,76
1907,82
1913,82
1752,72
1497,67
1855,80
1882,80
1530,65
1770,77
1746,73
1512,66
1923,82
1751,76
1884,81
1855,81
1666,71
1889,81
1879,81
1834,79
1907,82
1585,69
1706,73
1770,77
1830,80
1828,79
1907,82
1907,82
1532,66
1857,80
1742,76
1661,69
1813,76
1878,80
1590,66
1873,81
1774,75
1710,73
1734,74
1797,79
1911,82
1845,80
1692,73
1790,78
1907,82
1888,80
1907,82
1637,70
1660,73
1907,82
1907,82
1577,69
1907,82
1847,80
1889,81
1907,82
1844,78
1705,74
1913,82
1852,79
1818,78
1907,82
1565,67
1794,77
1806,78
1679,72
1720,73
1793,77
1766,74
1690,73
1774,74
1867,80
1865,80
1907,82
1738,74
1699,74
1486,64
1574,68
1813,76
1709,74
1676,73
1836,80
1632,70
1890,80
1748,75
1817,78
1756,73
1896,81
1863,80
1773,77
1907,82
1611,69
1570,70
1733,72
1689,72
1890,80
1642,72
1870,79
1784,77
1750,76
1620,69
1810,78
1806,78
1732,72
1584,68
1622,70
1732,76
1649,72
1590,68
1660,72
1857,81
1907,82
1719,73
1628,70
1705,72
1809,77
1913,82
1740,75
1624,71
1673,73
1586,71
1848,78
1737,73
1863,80
1616,70
1883,80
1907,82
1907,82
1742,74
1907,82
1757,76
1550,66
1785,75
1905,82
1829,77
1907,82
1879,80
1705,70
1905,82
1576,69
1845,79
1886,80
1645,69
1483,65
1905,82
1827,78
1628,71
1692,74
1770,77
1651,71
1627,71
1714,74
1905,82
1744,74
1503,66
1822,77
1683,74
1730,74
1905,82
1851,79
1747,76
1792,78
1880,81
1673,71
1682,71
1757,77
1787,77
1716,73
1629,71
1787,75
1917,82
1775,74
1691,71
1779,76
1781,75
1905,82
1592,68
1905,82
1905,82
1689,72
1875,81
1625,69
1771,73
1855,80
1454,64
1876,81
1907,82
1715,74
1546,66
1801,75
1755,75
1925,82
1453,65
1699,71
1905,82
1738,74
1763,73
1736,71
1695,73
1905,82
1760,74
1703,72
1667,72
1807,78
1921,82
1905,82
1794,73
1620,70
1754,72
1762,76
1748,75
1862,80
1848,79
1866,80
1905,82
1683,74
1625,69
1905,82
1811,77
1717,73
1845,79
1795,77
1834,76
1760,74
1609,69
1643,71
1718,74
1896,80
1685,73
1905,82
1708,72
1905,82
1877,81
1791,74
1745,75
1787,77
1659,70
1748,75
1861,80
1905,82
1670,72
1861,80
1513,64
1646,72
1879,80
1905,82
1876,81
1696,71
1568,67
1681,71
1864,80
1728,74
1905,82
1639,67
1616,68
1739,76
1693,72
1791,76
1790,76
1550,68
1686,74
1837,78
1877,81
1866,80
1832,79
1632,70
1798,78
1764,76
1812,77
1639,70
1613,71
1636,69
1594,68
1497,65
1905,82
1875,81
1845,79
1785,76
1859,81
1545,68
1644,70
1670,70
1733,74
1730,73
1713,73
1641,71
1905,82
1625,69
1796,78
1827,77
1670,70
1905,82
1884,81
1905,82
1712,73
1734,74
1880,79
1715,72
1753,75
1563,67
1698,72
1900,81
1892,81
1704,72
1740,76
1666,72
1869,79
1877,81
1786,76
1741,75
1811,76
1588,70
1905,82
1582,67
1905,82
1736,76
1576,68
1736,76
1885,81
1874,81
1673,69
1778,76
1525,66
1698,72
1806,78
1790,76
1806,78
1773,75
1662,72
1854,79
1783,77
1886,81
1619,70
1691,70
1905,82
1687,73
1555,68
1762,75
1667,72
1798,77
1583,69
1773,75
1892,81
1871,81
1747,73
1777,73
1613,68
1754,72
1710,73
1807,76
1772,74
1604,67
1905,82
1807,79
1865,80
1703,72
1855,78
1905,82
1651,71
1702,72
1890,81
1864,81
1717,71
1859,81
1729,73
1680,73
1905,82
1900,81
1623,71
1851,76
1553,68
1586,68
1873,79
1815,78
1727,72
1821,78
1627,71
1741,73
1661,70
1648,70
1905,82
1913,81
1900,81
1893,81
1736,76
1844,79
1522,66
1779,76
1559,67
1668,72
1706,73
1679,72
1865,80
1509,67
1646,72
1648,72
1691,73
1621,71
1735,74
1817,76
1779,76
1665,73
1787,77
1684,74
1736,76
1697,74
1913,81
1710,72
1763,77
1832,78
1708,73
1724,74
1907,82
1655,69
1907,82
1907,82
1779,74
1829,80
1875,79
1642,71
1695,73
1679,72
1587,68
1641,70
1594,67
1905,82
1789,78
1839,76
1652,70
1770,75
1816,78
1875,81
1806,77
1633,72
1892,81
1790,77
1857,81
1843,78
1745,75
1778,75
1905,82
1847,79
1635,72
1863,80
1633,68
1900,81
1763,77
1859,81
1905,82
1892,81
1621,70
1765,76
1877,80
1606,71
1622,71
1779,74
1716,73
1905,82
1905,82
1905,82
1834,79
1905,82
1650,71
1912,82
1905,82
1648,71
1905,82
1509,66
1738,72
1859,81
1752,73
1879,79
1898,81
1623,72
1790,75
1905,82
1873,80
1656,73
1905,82
1617,69
1769,77
1776,75
1758,76
1887,81
1692,71
1877,81
1728,72
1647,70
1602,69
1880,80
1880,78
1905,82
1905,82
1781,75
1737,75
1913,82
1735,73
1821,79
1914,81
1905,82
1547,66
1907,82
1516,65
1847,79
1707,73
1783,75
1827,77
1542,68
1665,73
1763,75
1773,75
1593,67
1777,77
1803,78
1905,82
1660,71
1727,75
1909,82
1691,73
1905,82
1860,80
1854,79
1840,79
1704,72
1640,70
1815,78
1905,82
1596,70
1747,75
1759,74
1622,68
1752,76
1838,78
1752,76
1905,82
1841,74
1581,68
1654,71
1647,70
1837,79
1724,75
1667,72
1887,79
1716,74
1818,78
1667,68
1768,77
1798,77
1812,80
1905,82
1845,79
1793,77
1740,72
1705,74
1612,70
1800,78
1905,82
1862,78
1423,63
1740,74
1871,80
1909,80
1727,75
1708,72
1478,66
1714,74
1603,69
1727,77
1653,70
1726,73
1801,78
1794,74
1812,77
1517,67
1775,75
1881,81
1477,65
1852,79
1905,82
1905,82
1580,68
1905,82
1655,72
1605,71
1887,81
1843,80
1739,74
1696,75
1567,69
1890,81
1636,71
1655,70
1746,75
1587,69
1657,71
1905,82
1882,81
1852,79
1853,80
1905,82
1733,74
1877,81
1854,80
1757,75
1905,82
1567,66
1803,76
1907,82
1813,78
1711,73
1773,77
1663,73
1711,73
1784,75
1803,76
1704,74
1797,79
1911,82
1625,69
1845,79
1764,75
1533,66
1673,70
1857,80
1873,81
1634,69
1626,69
1627,71
1905,82
1815,78
1626,68
1887,81
1905,82
1778,76
1905,82
1826,79
1727,75
1625,71
1905,82
1905,82
1665,70
1907,82
1717,74
1870,80
1665,73
1709,72
1894,81
1783,74
1752,74
1905,82
1880,79
1864,80
1809,77
1862,80
1728,74
1725,73
1905,82
1835,80
1862,80
1604,70
1905,82
1773,76
1722,73
1721,76
1905,82
1709,70
1801,76
1692,72
1740,76
1859,81
1835,80
1907,82
1905,82
1905,82
1493,64
1825,78
1749,73
1830,77
1855,78
1843,79
1656,73
1782,76
1758,76
1913,82
1759,76
1917,82
1905,82
1862,80
1576,66
1727,74
1905,82
1704,74
1905,82
1590,68
1798,76
1582,68
1893,79
1846,78
1905,82
1712,74
1805,76
1647,70
1632,70
1631,71
1875,81
1836,79
1905,82
1898,81
1793,77
1905,82
1482,65
1787,76
1881,81
1864,79
1894,81
1913,82
1750,74
1680,74
1602,69
1672,72
1657,70
1793,78
1764,74
1905,82
1788,77
1562,68
1905,82
1749,75
1875,81
1695,71
1584,67
1905,82
1843,79
1853,80
1838,79
1708,72
1773,75
1803,76
1882,79
1823,76
1625,70
1905,82
1837,75
1905,82
1905,82
1905,82
1792,74
1846,79
1909,82
1815,79
1737,75
1686,72
1881,81
1591,70
1771,77
1711,75
1695,74
1837,77
1685,70
1576,70
1844,79
1674,73
1656,71
1648,70
1871,80
1676,73
1676,70
1658,71
1905,82
1905,82
1905,82
1776,76
1837,79
1736,74
1905,82
1891,81
1486,65
1850,78
1735,74
1690,76
1612,68
1673,69
1843,78
1907,82
1472,64
1797,77
1746,74
1731,74
1765,76
1905,82
1721,72
1763,75
1626,71
1905,82
1904,81
1813,79
1768,77
1596,68
1578,69
1846,78
1854,80
1805,78
1905,82
1690,71
1759,76
1493,66
1902,81
1657,72
1905,82
1632,70
1877,81
1881,79
1751,75
1726,73
1905,82
1568,68
1818,77
1763,72
1854,79
1843,77
1905,82
1594,70
1828,77
1844,78
1765,75
1720,74
1720,74
1589,69
1905,82
1905,82
1595,69
1766,76
1905,82
1859,81
1601,71
1905,82
1801,77
1573,68
1485,64
1770,77
1875,81
1905,82
1850,78
1769,78
1905,82
1780,75
1696,74
1735,74
1905,82
1663,70
1727,74
1721,73
1805,77
1701,71
1689,72
1902,81
1905,82
1566,71
1774,75
1890,81
1862,80
1648,69
1840,79
1793,77
1896,81
1613,69
1525,66
1816,78
1607,71
1692,73
1672,69
1727,74
1907,82
1711,74
1807,78
1874,78
1854,78
1905,82
1811,77
1635,69
1757,76
1689,73
1708,73
1721,74
1896,81
1676,71
1894,81
1764,76
1637,71
1905,82
1699,72
1907,82
1631,71
1658,72
1744,71
1559,65
1733,72
1631,69
1905,82
1764,75
1776,76
1574,67
1663,71
1531,65
1875,81
1842,78
1596,69
1887,81
1812,77
1909,82
1636,70
1905,82
1875,79
1801,75
1622,68
1679,72
1651,70
1893,81
1847,79
1905,82
1751,73
1537,66
1853,77
1658,72
1813,77
1809,76
1710,74
1770,74
1842,78
1864,80
1554,67
1664,71
1913,82
1905,82
1880,80
1905,82
1748,74
1853,80
1875,81
1905,82
1905,82
1650,72
1702,72
1641,70
1587,67
1673,71
1905,82
1688,72
1905,82
1905,82
1603,69
1905,82
1887,81
1545,67
1693,73
1905,82
1498,66
1586,69
1642,69
1781,74
1837,77
1583,68
1637,70
1781,77
1792,76
1756,73
1793,78
1632,69
1905,82
1791,77
1905,82
1793,77
1757,72
1837,79
1872,80
1905,82
1768,76
1709,71
1773,75
1852,80
1905,82
1834,78
1733,73
1822,76
1850,81
1907,82
1863,80
1880,81
1909,80
1647,71
1776,74
1789,74
1803,78
1582,67
1905,82
1877,81
1772,76
1757,75
1672,73
1820,78
1737,73
1772,75
1833,79
1528,66
1807,77
1658,71
1880,81
1610,69
1905,82
1714,75
1889,81
1704,74
1798,77
1793,78
1901,81
1816,77
1655,69
1554,67
1885,81
1905,82
1641,73
1741,73
1781,74
1767,76
1459,63
1649,70
1856,80
1520,67
1897,81
1752,75
1879,79
1820,78
1760,73
1647,70
1902,81
1905,82
1622,69
1677,71
1905,82
1877,81
1836,79
1787,76
1864,80
1647,69
1672,73
1907,82
1905,82
1727,72
1787,76
1688,71
1799,79
1907,82
1877,81
1569,66
1859,80
1739,74
1907,82
1690,71
1886,81
1905,82
1842,80
1754,76
1522,64
1832,79
1907,82
1571,70
1709,74
1879,79
1604,69
1609,68
1905,82
1735,74
1877,81
1740,75
1775,77
1915,82
1837,77
1840,79
1815,77
1814,79
1621,71
1640,70
1894,80
1668,72
1905,82
1841,79
1763,74
1861,80
1706,76
1815,77
1652,68
1913,82
1854,79
1858,79
1752,76
1788,75
1644,70
1776,75
1788,77
1767,76
1907,82
1724,73
1894,81
1644,69
1905,82
1783,77
1673,71
1475,63
1819,78
1777,76
1781,76
1839,78
1545,63
1817,76
1618,69
1833,80
1714,73
1878,79
1822,77
1602,68
1815,77
1892,81
1841,79
1865,80
1734,73
1584,67
1843,79
1867,80
1709,73
1887,81
1913,82
1823,75
1649,69
1905,82
1750,73
1661,68
1862,80
1657,71
1811,77
1620,68
1780,77
1702,73
1741,74
1818,78
1905,82
1753,76
1554,67
1842,80
1788,74
1905,82
1819,78
1801,75
1905,82
1877,81
1854,80
1709,74
1905,82
1640,69
1720,73
1853,80
1690,72
1715,73
1778,75
1801,78
1568,69
1805,77
1865,80
1895,81
1635,72
1854,80
1905,82
1905,82
1776,75
1720,74
1666,70
1688,73
1758,74
1604,69
1575,67
1713,75
1718,71
1652,73
1678,71
1911,82
1805,77
1781,74
1843,78
1722,75
1670,72
1856,80
1893,81
1881,81
1800,79
1609,69
1739,72
1825,77
1850,80
1905,82
1848,78
1677,73
1650,71
1905,82
1770,76
1689,71
1696,72
1752,75
1905,82
1905,82
1905,82
1630,70
1905,82
1909,82
1740,73
1499,65
1716,72
1547,67
1629,71
1854,79
1909,82
1875,81
1905,82
1909,82
1889,81
1756,76
1713,75
1658,71
1907,82
1781,77
1686,72
1504,65
1839,78
1789,77
1712,72
1745,74
1862,80
1748,75
1882,81
1848,79
1633,72
1701,72
1862,79
1907,82
1792,77
1741,73
1876,80
1730,74
1635,69
1817,78
1787,78
1756,73
1862,80
1758,73
1688,71
1831,77
1644,71
1552,68
1626,68
1764,75
1867,80
1792,75
1905,82
1905,82
1905,82
1733,72
1701,74
1907,82
1732,73
1671,72
1817,79
1796,74
1837,79
1837,78
1707,73
1841,78
1875,81
1828,80
1905,82
1840,78
1801,78
1837,79
1783,77
1701,72
1734,74
1684,72
1702,72
1856,80
1905,82
1715,72
1515,66
1875,81
1905,82
1633,70
1870,81
1749,73
1834,79
1696,71
1540,67
1596,68
1877,81
1718,71
1905,82
1682,72
1854,79
1835,80
1822,76
1724,72
1803,78
1762,75
1814,79
1788,76
1700,74
1791,76
1601,69
1629,67
1662,72
1648,73
1611,70
1901,81
1747,74
1872,80
1580,69
1890,80
1648,73
1683,72
1849,78
1700,75
1758,75
1799,75
1654,72
1882,81
1673,73
1845,74
1672,73
1887,81
1733,76
1667,70
1673,71
1879,79
1636,68
1651,70
1907,82
1747,74
1806,77
1905,82
1807,76
1881,80
1905,82
1820,78
1791,76
1666,71
1905,82
1693,70
1866,79
1854,79
1842,80
1905,82
1651,70
1923,82
1837,79
1663,72
1865,80
1844,78
1695,73
1875,81
1865,80
1856,80
1857,80
1814,79
1788,75
1886,81
1852,78
1892,81
1652,73
1789,77
1673,71
1688,71
1863,78
1759,76
1730,76
1756,73
1905,82
1905,82
1905,82
1843,79
1905,82
1791,77
1730,73
1907,82
1771,76
1855,80
1905,82
1619,72
1862,80
1581,68
1794,77
1594,68
1757,75
1842,80
1739,74
1678,72
1692,70
1905,82
1717,71
1877,81
1841,78
1733,73
1747,72
1902,81
1612,67
1794,78
1879,79
1905,82
1740,73
1905,82
1779,76
1905,82
1664,70
1858,79
1853,78
1769,74
1744,75
1905,82
1783,77
1835,79
1635,72
1854,79
1698,73
1720,74
1705,72
1438,63
1905,82
1847,79
1842,80
1647,71
1748,73
1858,79
1905,82
1596,69
1713,72
1909,82
1858,80
1862,80
1905,82
1903,81
1880,80
1923,81
1668,73
1786,77
1908,81
1896,81
1635,70
1685,72
1905,82
1785,76
1875,81
1659,71
1905,82
1880,80
1713,74
1819,78
1571,68
1724,75
1853,81
1905,82
1738,75
1907,82
1888,81
1545,70
1749,74
1680,73
1821,79
1857,80
1668,73
1680,73
1917,81
1655,71
1739,76
1687,72
1599,70
1905,82
1885,81
1758,76
1836,79
1848,77
1651,73
1594,69
1692,73
1792,78
1593,70
1841,78
1674,72
1830,78
1905,82
1901,81
1731,76
1687,76
1905,82
1795,77
1814,78
1905,82
1813,75
1760,77
1905,82
1909,82
1905,82
1595,69
1674,73
1649,69
1613,71
1770,76
1899,81
1907,82
1652,73
1731,74
1885,81
1905,82
1735,74
1806,78
1905,82
1685,71
1580,67
1821,77
1905,82
1659,72
1905,82
1782,76
1790,76
1612,70
1862,80
1855,80
1905,82
1671,73
1657,71
1699,74
1630,70
1794,78
1914,81
1730,75
1839,77
1793,77
1704,73
1905,82
1652,73
1779,76
1868,80
1816,78
1523,67
1692,72
1874,81
1747,74
1761,74
1905,82
1885,81
1720,74
1596,71
1859,81
1865,81
1892,81
1707,73
1669,71
1725,75
1662,71
1749,72
1668,70
1822,79
1617,70
1533,66
1510,65
1905,82
1798,78
1875,81
1667,72
1867,80
1533,65
1877,81
1843,78
1664,71
1905,82
1888,80
1627,70
1741,73
1867,79
1724,74
1905,82
1633,69
1473,63
1771,75
1882,81
1637,71
1811,76
1771,77
1785,76
1740,71
1588,67
1734,74
1913,82
1905,81
1858,79
1690,75
1660,69
1875,81
1905,82
1720,74
1684,72
1528,65
1842,79
1696,74
1649,72
1785,76
1905,82
1616,69
1696,75
1916,81
1653,71
1793,76
1638,71
1737,75
1907,82
1905,82
1751,74
1795,76
1869,80
1760,74
1888,81
1893,81
1577,69
1883,79
1806,77
1631,73
1636,71
1762,76
1905,82
1912,81
1538,70
1732,74
1871,80
1687,73
1875,81
1647,71
1772,77
1863,80
1796,77
1680,73
1833,79
1905,82
1594,69
1857,81
1444,65
1717,75
1876,80
1749,74
1905,82
1905,82
1907,82
1810,77
1887,81
1820,78
1903,81
1875,81
1580,69
1886,81
1862,79
1753,74
1905,82
1707,73
1667,72
1869,80
1905,82
1875,81
1894,81
1791,78
1727,74
1758,76
1750,75
1905,82
1828,78
1848,78
1888,81
1893,80
1702,72
1667,71
1868,80
1690,73
1828,79
1707,75
1789,78
1697,72
1875,80
1696,74
1675,73
1893,81
1692,74
1905,82
1715,72
1693,73
1796,77
1831,79
1741,74
1875,81
1769,75
1792,78
1752,76
1864,80
1707,74
1704,73
1759,76
1631,71
1633,72
1871,80
1913,81
1732,74
1664,71
1685,72
1926,81
1907,82
1653,71
1887,81
1615,70
1680,74
1905,82
1719,72
1905,82
1796,77
1894,81
1905,82
1614,68
1908,81
1676,73
1905,82
1805,79
1754,76
1814,77
1829,79
1856,80
1905,82
1905,82
1616,70
1751,74
1836,79
1704,72
1743,73
1905,82
1905,82
1636,70
1869,78
1886,81
1905,82
1780,77
1905,82
1888,81
1907,82
1816,78
1797,77
1864,80
1917,81
1905,82
1875,81
1833,77
1791,77
1809,77
1793,77
1673,72
1653,70
1572,66
1715,74
1879,81
1606,67
1569,69
1762,74
1637,70
1541,66
1875,81
1797,77
1781,77
1858,79
1581,71
1892,81
1807,78
1791,77
1691,74
1775,76
1666,70
1853,79
1761,77
1910,81
1547,67
1768,74
1753,73
1732,72
1593,68
1886,80
1671,72
1891,80
1897,81
1905,82
1905,82
1666,71
1666,71
1839,76
1905,82
1881,81
1905,82
1662,72
1812,77
1673,71
1782,77
1714,71
1905,82
1855,80
1834,79
1597,68
1715,74
1733,75
1694,73
1672,71
1677,70
1652,71
1905,82
1905,82
1804,77
1608,69
1829,76
1843,78
1913,82
1888,81
1656,72
1910,81
1762,74
1905,82
1837,79
1881,81
1856,80
1741,70
1905,82
1905,82
1713,72
1803,75
1897,80
1905,82
1671,72
1814,78
1905,82
1537,67
1678,70
1835,79
1905,82
1694,71
1750,75
1905,82
1797,78
1832,79
1636,71
1712,72
1734,74
1897,81
1641,69
1824,77
1645,70
1791,77
1859,81
1905,82
1787,76
1892,81
1861,80
1765,75
1577,68
1578,69
1863,79
1788,78
1679,72
1731,75
1777,76
1733,75
1785,77
1592,69
1648,71
1713,72
1645,71
1656,72
1869,80
1648,71
1905,82
1907,82
1662,73
1669,71
1855,79
1842,80
1905,82
1809,77
1645,71
1685,70
1776,74
1649,70
1905,82
1819,78
1870,80
1668,73
1856,80
1902,80
1696,71
1770,76
1852,79
1859,81
1905,82
1391,62
1796,76
1816,78
1648,71
1870,80
1886,79
1888,81
1880,79
1907,82
1726,74
1614,69
1761,75
1905,82
1674,73
1679,71
1653,70
1826,79
1703,73
1747,74
1849,80
1732,74
1691,74
1872,80
1743,76
1651,72
1887,81
1790,76
1677,73
1911,82
1620,69
1634,68
1776,75
1633,70
1826,78
1802,75
1863,80
1627,68
1724,73
1650,70
1905,82
1672,73
1722,71
1818,79
1721,72
1700,72
1897,81
1681,73
1843,80
1713,73
1809,77
1909,82
1651,70
1648,71
1733,73
1760,75
1677,70
1684,70
1560,68
1586,67
1435,62
1896,81
1905,82
1718,74
1842,77
1828,79
1683,70
1905,82
1707,73
1869,78
1905,82
1773,75
1554,67
1905,82
1768,74
1734,74
1862,80
1736,71
1740,72
1853,78
1849,79
1712,72
1797,75
1867,80
1850,79
1905,82
1788,73
1907,82
1923,81
1775,77
1649,70
1638,71
1702,72
1886,81
1866,79
1888,81
1691,74
1684,71
1771,77
1877,81
1896,81
1828,79
1837,79
1877,81
1877,81
1871,81
1737,74
1756,75
1695,74
1680,73
1586,67
1624,71
1677,70
1809,76
1905,82
1696,72
1604,69
1868,80
1715,73
1718,71
1905,82
1699,71
1900,81
1909,82
1774,77
1756,74
1859,81
1739,74
1700,73
1856,80
1905,82
1654,71
1794,78
1831,79
1652,71
1566,68
1865,80
1792,77
1909,82
1905,82
1763,75
1892,81
1684,71
1692,70
1749,75
1791,76
1875,81
1905,82
1709,71
1875,81
1894,81
1905,82
1739,75
1809,78
1910,81
1821,78
1905,82
1857,80
1857,80
1825,79
1556,67
1905,82
1622,69
1877,81
1674,72
1778,74
1680,72
1792,78
1907,82
1856,80
1777,77
1905,82
1607,72
1613,68
1679,71
1759,73
1905,82
1807,74
1731,74
1905,82
1723,72
1869,79
1905,82
1905,82
1744,75
1905,82
1738,73
1868,80
1661,72
1660,70
1905,82
1735,74
1680,73
1660,73
1905,82
1894,81
1662,72
1905,82
1873,80
1905,82
1747,74
1905,82
1722,76
1672,70
1800,76
1770,76
1875,80
1585,69
1705,72
1696,73
1905,82
1762,76
1723,72
1735,73
1679,73
1788,75
1804,75
1875,78
1730,74
1913,81
1910,81
1544,68
1802,76
1834,78
1862,79
1706,72
1575,66
1708,73
1721,75
1574,68
1877,80
1905,82
1883,80
1907,82
1606,70
1785,73
1909,82
1677,72
1877,81
1907,82
1905,82
1816,77
1760,73
1827,75
1859,81
1870,80
1717,75
1847,78
1859,81
1903,82
1821,77
1903,82
1766,76
1715,71
1762,77
1875,81
1903,82
1903,82
1650,70
1621,70
1737,74
1913,81
1773,76
1700,72
1877,80
1705,74
1814,79
1639,70
1903,82
1859,79
1907,81
1903,82
1903,82
1595,69
1746,75
1738,72
1903,82
1659,72
1798,78
1793,78
1864,80
1776,75
1737,74
1874,80
1832,76
1690,73
1855,80
1828,79
1730,74
1787,77
1857,80
1862,80
1897,81
1821,74
1839,79
1907,82
1678,74
1903,82
1854,80
1716,73
1632,67
1905,82
1882,80
1626,71
1793,77
1727,75
1827,79
1903,82
1903,82
1782,76
1803,77
1869,81
1699,73
1591,68
1851,76
1748,75
1905,82
1865,81
1885,81
1814,78
1659,70
1625,72
1722,74
1747,76
1697,73
1888,81
1725,72
1713,73
1474,67
1562,69
1881,81
1655,70
1890,80
1687,71
1903,81
1903,82
1856,80
1677,69
1903,82
1821,79
1605,70
1701,74
1854,77
1749,75
1903,82
1860,80
1624,70
1903,82
1707,72
1833,80
1669,72
1770,74
1907,82
1725,74
1862,80
1765,77
1496,65
1879,81
1864,80
1864,80
1768,76
1620,68
1859,80
1903,82
1794,77
1583,68
1756,76
1676,72
1876,80
1907,80
1666,72
1738,77
1596,70
1728,73
1903,82
1890,81
1645,70
1903,82
1854,80
1654,70
1678,71
1556,69
1714,73
1600,72
1766,77
1676,72
1859,80
1919,81
1904,80
1620,69
1888,81
1843,78
1915,81
1725,74
1903,82
1801,76
1805,76
1788,77
1699,73
1516,66
1857,80
1803,78
1866,80
1911,81
1693,70
1711,73
1907,82
1654,70
1903,82
1819,78
1699,72
1903,82
1865,79
1693,72
1834,76
1865,80
1760,76
1885,81
1588,68
1648,70
1890,81
1791,76
1861,80
1722,73
1816,79
1903,82
1743,73
1917,82
1907,82
1720,73
1692,71
1903,82
1770,74
1804,78
1681,73
1694,73
1854,80
1903,82
1903,82
1855,80
1903,82
1817,78
1800,75
1892,81
1861,78
1727,74
1903,82
1855,80
1755,76
1857,81
1701,73
1854,80
1694,73
1829,78
1518,66
1903,82
1686,72
1903,82
1705,74
1817,76
1729,75
1848,80
1830,79
1801,77
1788,78
1656,73
1730,73
1907,82
1769,76
1805,78
1730,74
1802,78
1859,80
1802,78
1779,76
1656,72
1665,73
1907,82
1759,76
1905,82
1741,75
1836,78
1907,82
1590,68
1676,73
1820,78
1730,75
1767,77
1820,78
1741,75
1703,76
1713,72
1867,80
1835,80
1801,77
1907,82
1562,66
1531,66
1903,82
1747,72
1779,78
1596,71
1667,72
1860,80
1795,77
1667,71
1670,72
1861,76
1695,73
1905,82
1881,81
1714,75
1811,78