1288,55
1316,56
1305,56
1310,57
1386,59
1411,60
1385,61
1369,61
1244,55
1353,60
1442,63
1371,61
1292,58
1353,61
1400,61
1461,62
1372,62
1417,64
1376,63
1369,62
1398,63
1445,65
1356,60
1314,61
1428,64
1316,60
1366,63
1521,66
1459,65
1423,63
1506,66
1651,69
1400,63
1431,65
1571,68
1514,66
1543,66
1512,66
1354,63
1455,64
1489,67
1638,69
1497,67
1609,68
1465,65
1651,69
1477,65
1445,64
1609,69
1486,63
1573,68
1406,64
1564,68
1445,65
1533,69
1428,67
1377,65
1276,62
1400,65
1468,65
1386,63
1499,66
1453,66
1519,67
1404,64
1450,67
1501,67
1373,67
1427,63
1469,69
1410,67
1433,66
1452,68
1366,66
1229,60
1469,69
1461,69
1489,66
1464,67
1311,63
1411,68
1290,64
1473,69
1363,64
1350,63
1382,65
1496,68
1347,63
1345,64
1460,66
1406,67
1391,67
1386,64
1451,68
1504,69
1399,66
1310,64
1474,67
1325,64
1455,68
1387,65
1416,65
1465,68
1516,69
1526,69
1234,63
1412,67
1411,66
1360,66
1413,67
1303,61
1461,69
1387,65
1456,68
1430,66
1427,67
1383,66
1462,69
1520,70
1460,65
1493,69
1308,63
1508,70
1391,67
1377,64
1487,67
1498,69
1176,57
1445,68
1362,64
1535,68
1350,60
1463,69
1516,70
1172,59
1386,67
1436,67
1355,64
1502,68
1384,65
1343,64
1443,65
1443,66
1483,68
1475,68
1419,67
1455,68
1471,67
1382,66
1352,65
1366,63
1456,69
1370,63
1308,62
1321,61
1492,69
1387,64
1399,65
1401,67
1410,65
1469,68
1489,69
1482,69
1388,68
1363,64
1378,66
1411,64
1424,65
1426,66
1374,64
1390,65
1401,66
1508,70
1397,64
1459,67
1341,63
1387,64
1458,69
1488,69
1465,67
1288,63
1285,63
1442,67
1448,65
1278,61
1433,67
1421,65
1500,69
1418,67
1450,66
1409,67
1417,68
1454,66
1436,65
1396,64
1590,69
1281,58
1413,65
1273,62
1599,69
1327,64
1418,66
1513,69
1508,70
1498,70
1429,68
1400,67
1568,70
1492,69
1375,64
1337,66
1444,67
1613,71
1426,64
1300,57
1460,66
1585,71
1524,69
1519,68
1567,70
1575,69
1457,66
1547,68
1646,70
1473,68
1440,66
1514,67
1471,67
1455,67
1535,68
1588,71
1556,70
1526,68
1340,61
1595,72
1539,71
1455,65
1444,67
1512,68
1527,68
1403,66
1476,69
1501,69
1564,71
1616,71
1446,63
1553,70
1479,66
1389,63
1392,61
1507,68
1404,63
1332,62
1524,69
1355,63
1473,67
1464,66
1346,63
1442,66
1362,65
1595,72
1377,61
1311,61
1531,70
1432,63
1604,71
1359,63
1618,71
1502,68
1388,64
1443,66
1468,66
1533,70
1377,63
1492,70
1447,68
1508,69
1452,67
1546,67
1426,64
1501,67
1443,66
1626,72
1543,69
1361,64
1531,71
1515,68
1595,72
1397,65
1521,70
1599,72
1637,71
1532,72
1484,69
1418,67
1309,65
1476,70
1327,63
1444,68
1532,72
1532,72
1451,70
1521,69
1615,73
1437,69
1619,73
1512,69
1360,65
1602,70
1457,66
1504,69
1613,73
1559,71
1355,64
1483,66
1441,65
1464,69
1627,72
1435,65
1542,71
1425,66
1615,71
1368,64
1492,69
1473,69
1547,72
1443,65
1530,69
1516,71
1642,73
1324,65
1656,74
1469,67
1554,70
1656,74
1440,67
1529,70
1384,65
1485,69
1382,66
1455,69
1547,70
1477,67
1340,63
1550,72
1483,70
1332,65
1530,71
1585,72
1427,66
1598,72
1658,73
1451,64
1654,74
1432,66
1520,69
1657,75
1649,74
1678,75
1673,76
1700,77
1532,70
1681,76
1631,71
1543,71
1639,74
1625,75
1608,75
1564,70
1522,71
1685,78
1576,75
1491,71
1568,73
1652,76
1577,74
1580,74
1617,76
1625,76
1631,75
1507,70
1606,75
1575,72
1574,71
1685,78
1589,73
1609,72
1566,72
1488,70
1597,75
1660,76
1607,75
1613,73
1857,83
1776,80
1703,79
1520,73
1695,77
1690,77
1563,73
1844,82
1685,77
1814,82
1529,73
1296,62
1548,70
1660,75
1531,72
1596,73
1785,81
1579,73
1534,72
1815,81
1693,77
1340,63
1574,74
1823,82
1532,73
1619,73
1654,76
1794,81
1451,68
1839,81
1807,81
1719,79
1500,72
1850,82
1851,83
1618,75
1810,82
1719,79
1782,80
1580,75
1529,70
1750,79
1638,72
1678,76
1652,77
1613,76
1825,82
1663,75
1455,66
1593,72
1603,76
1589,73
1783,81
1851,83
1529,70
1548,73
1601,73
1767,81
1692,77
1750,80
1751,79
1620,72
1641,76
1628,75
1573,75
1667,75
1791,79
1625,75
1867,82
1577,74
1558,70
1524,71
1540,72
1570,74
1861,82
1597,74
1530,73
1881,80
1610,74
1514,71
1580,72
1802,80
1566,73
1584,74
1547,72
1449,71
1694,76
1516,71
1748,79
1434,68
1779,80
1766,81
1819,82
1673,78
1851,83
1499,71
1685,75
1690,77
1659,78
1573,72
1774,80
1498,72
1707,78
1813,82
1532,72
1603,74
1641,75
1698,78
1523,70
1634,76
1731,79
1502,71
1736,79
1663,76
1710,78
1737,79
1586,75
1546,71
1709,78
1631,77
1534,72
1654,76
1524,71
1851,83
1663,76
1608,74
1622,76
1627,74
1568,72
1853,83
1663,77
1529,72
1810,82
1828,82
1749,80
1637,73
1493,70
1837,82
1491,72
1694,78
1620,73
1499,69
1581,75
1692,75
1690,75
1585,75
1658,75
1616,73
1815,82
1594,73
1776,79
1733,79
1389,65
1778,78
1851,83
1826,82
1709,79
1700,78
1752,79
1474,69
1567,73
1851,83
1801,80
1583,73
1753,80
1541,73
1654,76
1504,72
1578,74
1773,79
1657,75
1481,70
1727,77
1685,77
1702,77
1766,78
1816,82
1604,71
1524,71
1593,74
1760,80
1771,81
1709,76
1622,75
1682,78
1439,70
1555,71
1814,80
1829,82
1696,78
1580,76
1740,80
1726,79
1765,80
1690,75
1561,73
1692,77
1700,78
1564,75
1849,83
1775,81
1466,69
1753,79
1733,80
1532,71
1651,75
1643,76
1660,77
1565,74
1750,79
1817,77
1652,77
1578,73
1693,76
1562,71
1560,74
1737,79
1629,74
1646,75
1789,80
1440,68
1654,75
1611,73
1703,77
1557,73
1621,74
1585,74
1553,73
1711,77
1753,79
1710,76
1372,66
1456,68
1540,72
1823,82
1636,76
1510,73
1651,77
1598,72
1606,76
1726,77
1516,71
1662,76
1823,82
1849,83
1522,71
1713,77
1825,83
1602,73
1741,81
1705,78
1525,73
1755,81
1463,70
1627,77
1592,73
1564,74
1769,79
1658,78
1515,70
1351,66
1657,76
1810,82
1654,77
1639,77
1514,68
1523,73
1645,73
1862,82
1617,77
1780,80
1591,75
1594,77
1704,77
1452,73
1880,84
1702,79
1480,68
1766,79
1781,78
1502,71
1583,74
1414,70
1614,75
1840,83
1613,75
1844,82
1642,76
1686,78
1643,74
1679,79
1574,72
1567,73
1481,69
1662,77
1568,73
1572,73
1541,73
1564,73
1504,69
1880,84
1396,68
1632,75
1852,82
1650,77
1594,73
1830,82
1748,81
1880,84
1828,82
1522,73
1497,73
1627,73
1641,76
1643,77
1748,79
1638,76
1632,76
1527,74
1698,79
1690,76
1740,79
1701,79
1807,81
1694,77
1666,76
1880,84
1595,73
1840,83
1814,81
1526,73
1870,84
1870,84
1794,81
1709,79
1659,78
1706,78
1768,80
1771,80
1721,79
1711,79
1724,79
1556,74
1816,81
1526,72
1685,78
1814,83
1563,75
1876,82
1833,83
1674,75
1731,78
1698,79
1870,84
1645,75
1767,81
1818,82
1859,83
1549,74
1856,84
1810,82
1648,77
1828,83
1667,78
1699,77
1571,74
1854,84
1507,71
1775,80
1742,79
1739,80
1570,75
1653,77
1691,78
1854,84
1731,79
1587,73
1784,80
1784,81
1555,74
1793,82
1800,82
1854,84
1631,73
1742,79
1664,77
1628,75
1659,77
1717,78
1565,75
1740,79
1530,71
1699,78
1706,79
1731,80
1645,76
1694,79
1860,84
1589,74
1739,80
1694,76
1853,83
1619,74
1596,76
1784,81
1654,78
1856,84
1750,81
1550,72
1508,73
1544,74
1711,79
1742,81
1773,82
1609,77
1789,81
1734,80
1768,80
1813,83
1722,81
1417,69
1663,75
1788,81
1714,80
1732,79
1837,83
1727,79
1548,75
1482,71
1702,79
1812,83
1694,78
1649,75
1821,83
1824,82
1769,82
1565,75
1738,79
1750,80
1697,78
1752,81
1720,78
1564,75
1862,84
1796,80
1829,82
1531,72
1805,83
1455,71
1669,78
1868,84
1556,72
1736,80
1869,82
1775,81
1681,78
1476,72
1804,80
1780,81
1677,78
1576,75
1579,73
1696,79
1776,81
1614,75
1856,84
1557,74
1703,79
1733,79
1616,75
1576,73
1656,77
1745,81
1662,77
1815,83
1511,74
1738,80
1607,74
1569,74
1763,79
1565,73
1684,76
1640,76
1556,72
1666,78
1770,81
1553,72
1581,73
1864,84
1696,79
1508,74
1662,76
1582,72
1636,77
1692,76
1738,81
1707,78
1831,83
1521,74
1635,75
1473,69
1590,74
1664,77
1644,77
1828,81
1795,82
1603,74
1726,80
1466,69
1617,77
1641,76
1680,77
1844,83
1715,79
1627,75
1590,75
1577,71
1868,84
1819,83
1771,81
1709,79
1739,81
1681,78
1697,79
1500,72
1596,76
1806,83
1845,83
1692,79
1731,81
1793,80
1645,77
1632,78
1688,78
1764,81
1738,80
1703,79
1854,84
1854,84
1672,79
1663,75
1751,81
1854,84
1570,73
1711,80
1584,74
1619,76
1765,82
1586,75
1687,77
1705,79
1823,80
1647,72
1648,79
1672,78
1595,75
1835,83
1728,77
1714,78
1823,83
1600,75
1796,80
1742,80
1699,78
1760,81
1806,83
1834,82
1794,80
1748,81
1565,75
1729,80
1467,72
1631,77
1613,76
1693,78
1837,83
1780,81
1702,79
1662,74
1674,77
1766,80
1579,75
1625,76
1854,84
1645,74
1676,79
1554,72
1831,83
1758,79
1683,78
1680,80
1854,84
1473,70
1689,78
1858,84
1643,77
1707,79
1695,80
1752,80
1633,73
1450,70
1559,73
1779,80
1854,84
1737,80
1790,81
1718,80
1510,71
1590,76
1748,78
1599,75
1818,82
1608,76
1759,79
1661,78
1674,76
1729,78
1644,76
1700,78
1543,73
1601,74
1866,84
1566,74
1539,74
1702,77
1828,83
1830,83
1882,84
1498,70
1500,71
1700,77
1774,79
1571,74
1791,80
1669,77
1451,69
1615,74
1647,75
1643,76
1726,79
1507,73
1812,82
1744,80
1863,83
1798,81
1644,76
1755,80
1668,77
1725,78
1782,79
1815,81
1884,84
1765,81
1710,77
1709,78
1708,78
1712,78
1692,79
1726,80
1822,83
1717,77
1742,81
1591,70
1406,69
1642,72
1663,76
1494,71
1643,74
1790,81
1648,78
1621,77
1519,73
1758,78
1339,66
1779,81
1593,77
1770,82
1763,81
1729,78
1555,75
1552,72
1554,75
1580,77
1521,70
1811,82
1706,80
1767,81
1490,72
1679,77
1817,83
1690,78
1706,80
1781,81
1564,74
1627,76
1796,81
1591,73
1878,84
1739,79
1413,68
1696,73
1625,77
1567,73
1728,77
1544,72
1505,70
1578,73
1785,81
1691,79
1695,78
1738,78
1624,75
1856,84
1872,84
1663,77
1679,79
1694,79
1758,81
1573,74
1746,78
1670,76
1611,75
1779,81
1617,74
1675,78
1762,81
1677,77
1862,84
1829,81
1733,80
1487,72
1538,71
1811,81
1554,74
1567,74
1663,78
1620,74
1778,80
1791,82
1823,82
1725,80
1719,79
1773,81
1764,82
1494,73
1667,77
1760,79
1601,76
1671,77
1761,80
1680,77
1699,79
1793,82
1771,81
1796,80
1477,69
1724,80
1760,80
1703,79
1489,72
1831,83
1809,81
1764,79
1699,78
1638,74
1713,80
1781,81
1713,76
1551,74
1792,80
1659,77
1683,75
1854,84
1592,75
1698,76
1854,84
1607,75
1464,71
1539,73
1685,78
1713,79
1656,77
1467,70
1571,75
1757,79
1781,82
1738,81
1878,84
1601,75
1854,84
1557,75
1642,76
1541,73
1556,72
1680,78
1771,81
1765,81
1627,76
1768,79
1554,75
1694,78
1700,77
1755,81
1557,70
1854,84
1679,75
1569,74
1764,81
1663,76
1747,80
1797,81
1677,78
1827,82
1673,78
1854,84
1730,79
1786,81
1745,80
1776,82
1567,74
1644,77
1597,71
1831,82
1785,81
1695,78
1819,83
1631,75
1741,81
1752,81
1477,71
1854,84
1586,74
1760,80
1510,71
1856,84
1614,75
1603,73
1593,73
1790,82
1708,78
1637,75
1811,81
1772,81
1739,80
1859,83
1568,74
1691,80
1631,75
1752,81
1607,75
1734,80
1768,80
1711,79
1857,83
1634,77
1677,76
1856,84
1762,80
1727,79
1585,74
1497,72
1692,78
1542,73
1627,76
1789,82
1654,76
1826,83
1610,76
1552,74
1660,76
1531,71
1631,77
1439,69
1827,82
1818,81
1854,84
1663,74
1395,67
1691,79
1828,83
1606,74
1868,84
1826,82
1581,73
1605,76
1523,71
1834,82
1751,79
1342,66
1689,76
1589,74
1545,73
1581,75
1604,73
1643,75
1755,80
1864,84
1580,75
1500,69
1675,77
1616,75
1784,82
1730,80
1669,75
1813,81
1750,80
1665,76
1465,72
1605,75
1541,71
1718,78
1657,78
1545,72
1599,74
1652,77
1655,77
1385,66
1689,77
1882,84
1705,79
1692,77
1646,76
1674,78
1543,71
1618,74
1636,75
1806,83
1634,74
1794,80
1653,74
1711,78
1750,80
1680,77
1612,72
1716,78
1674,77
1523,73
1782,80
1674,75
1566,76
1566,72
1603,77
1854,84
1720,78
1618,74
1781,81
1715,80
1574,73
1638,72
1690,78
1779,81
1591,73
1505,70
1739,80
1724,78
1815,82
1688,79
1695,77
1842,84
1609,76
1709,79
1733,79
1801,82
1642,76
1746,80
1848,83
1588,74
1721,79
1607,78
1837,83
1708,80
1842,84
1814,82
1709,79
1799,82
1710,78
1431,70
1637,76
1804,82
1726,78
1581,76
1689,78
1755,80
1663,78
1624,77
1622,75
1542,73
1676,77
1409,67
1644,75
1791,82
1539,70
1522,74
1780,81
1645,77
1645,77
1578,73
1457,69
1620,76
1652,78
1923,84
1820,83
1833,83
1607,74
1699,80
1617,76
1550,74
1522,72
1644,78
1803,83
1559,74
1833,82
1574,76
1716,78
1832,82
1717,80
1689,80
1652,78
1654,76
1611,73
1601,77
1842,84
1669,78
1776,81
1744,81
1434,66
1730,80
1744,81
1745,81
1612,76
1731,81
1688,78
1637,76
1672,78
1693,79
1774,82
1671,78
1670,79
1838,84
1727,79
1628,76
1838,84
1688,79
1661,77
1734,80
1722,79
1687,78
1657,77
1881,81
1677,78
1643,78
1673,77
1693,78
1717,79
1570,75
1552,75
1755,80
1731,80
1708,79
1661,76
1644,77
1548,74
1838,84
1865,84
1566,73
1772,80
1724,78
1671,79
1586,76
1641,77
1752,80
1706,79
1625,76
1587,76
1593,74
1556,72
1595,76
1659,77
1692,79
1725,81
1694,78
1587,75
1570,71
1728,80
1378,69
1602,73
1720,80
1764,80
1667,77
1523,74
1537,70
1768,82
1725,79
1662,78
1755,81
1723,79
1831,82
1427,70
1544,72
1597,75
1813,79
1681,77
1644,77
1569,75
1785,81
1731,79
1614,77
1729,78
1596,74
1708,79
1609,76
1470,69
1682,77
1748,81
1633,74
1850,84
1471,71
1492,71
1622,76
1600,76
1563,73
1531,72
1575,74
1838,84
1646,76
1750,80
1627,76
1676,78
1503,70
1609,76
1643,77
1657,77
1714,79
1497,71
1685,78
1746,80
1716,79
1720,79
1505,72
1619,77
1491,72
1718,80
1713,79
1793,83
1670,78
1744,80
1808,81
1648,76
1695,78
1850,84
1682,79
1626,77
1786,82
1644,76
1711,81
1611,75
1553,71
1703,80
1515,73
1772,81
1852,84
1583,75
1531,73
1552,72
1478,71
1770,81
1358,66
1601,73
1600,76
1715,75
1788,82
1595,73
1681,79
1746,79
1641,77
1361,66
1695,79
1816,81
1707,80
1467,71
1536,73
1761,80
1595,74
1509,72
1671,77
1780,81
1648,77
1564,74
1862,82
1688,79
1531,73
1840,84
1720,80
1648,78
1612,76
1661,78
1654,77
1813,80
1842,84
1766,82
1703,79
1551,75
1682,78
1605,76
1401,68
1808,83
1777,82
1543,73
1670,79
1540,73
1736,79
1610,75
1806,82
1576,74
1537,72
1818,83
1832,84
1725,80
1677,78
1730,80
1656,76
1695,79
1539,73
1832,84
1616,76
1619,75
1704,79
1655,77
1688,77
1612,77
1716,78
1362,68
1804,83
1721,77
1436,67
1599,74
1530,73
1676,78
1687,78
1682,78
1621,76
1730,79
1638,78
1665,79
1616,77
1607,77
1832,84
1618,74
1553,73
1890,83
1604,73
1732,80
1810,82
1437,70
1438,70
1562,73
1633,75
1575,75
1789,81
1635,78
1679,79
1827,83
1768,82
1791,83
1746,81
1577,72
1486,72
1698,78
1592,76
1358,64
1374,67
1486,73
1388,67
1590,73
1493,72
1577,72
1537,75
1670,78
1584,76
1539,70
1724,78
1748,81
1422,69
1718,80
1698,78
1577,75
1811,83
1767,79
1438,68
1679,79
1658,78
1579,74
1588,75
1591,74
1364,68
1713,77
1648,76
1682,77
1628,75
1449,68
1775,80
1316,65
1655,74
1643,75
1550,73
1607,76
1714,79
1689,80
1548,74
1791,81
1715,79
1571,76
1661,78
1642,75
1703,79
1468,71
1712,80
1832,84
1572,76
1570,76
1648,78
1585,75
1478,70
1652,78
1496,72
1670,78
1594,75
1698,78
1711,79
1653,77
1832,84
1778,82
1596,74
1493,72
1712,77
1757,81
1714,79
1548,75
1822,83
1720,77
1530,73
1727,79
1611,71
1518,70
1706,79
1626,75
1679,76
1494,71
1599,74
1703,79
1763,82
1450,69
1710,78
1748,81
1832,84
1603,76
1499,70
1717,79
1733,81
1722,81
1673,80
1578,74
1782,81
1547,74
1605,77
1559,76
1574,73
1801,83
1747,79
1505,72
1624,75
1659,79
1631,78
1670,78
1646,77
1721,78
1745,80
1604,73
1626,74
1766,82
1532,74
1666,77
1685,78
1582,73
1470,70
1637,76
1746,81
1717,80
1611,77
1601,75
1536,70
1675,78
1619,77
1775,82
1512,73
1697,78
1515,71
1829,83
1820,83
1737,81
1645,78
1689,77
1596,76
1603,73
1817,83
1658,76
1797,82
1545,73
1719,78
1634,76
1615,75
1457,69
1763,80
1622,76
1805,83
1559,74
1640,74
1838,83
1645,78
1712,76
1691,79
1688,78
1775,78
1598,74
1554,73
1547,75
1576,76
1858,84
1686,79
1682,78
1601,74
1681,79
1772,81
1716,78
1540,72
1794,83
1639,77
1701,79
1738,80
1671,75
1676,79
1748,79
1703,78
1636,77
1569,73
1454,68
1695,79
1672,78
1549,73
1751,81
1776,82
1727,79
1650,78
1689,78
1664,78
1706,80
1752,80
1672,79
1485,72
1832,84
1533,73
1690,79
1618,77
1660,78
1439,69
1638,77
1578,72
1541,73
1554,71
1554,75
1732,79
1565,75
1821,82
1685,80
1497,72
1634,77
1574,77
1667,75
1535,73
1390,67
1698,74
1671,79
1770,82
1593,75
1400,68
1644,76
1510,73
1568,74
1735,79
1445,70
1704,80
1583,75
1598,73
1604,75
1562,73
1780,81
1624,76
1616,76
1586,75
1846,84
1539,73
1791,82
1740,80
1805,83
1849,84
1494,71
1707,79
1626,77
1310,65
1680,77
1541,74
1490,70
1616,77
1757,80
1747,81
1477,71
1440,68
1786,82
1688,79
1710,79
1834,84
1557,74
1658,78
1803,81
1601,74
1464,72
1482,68
1614,76
1711,79
1676,79
1600,75
1552,73
1487,69
1782,82
1450,70
1691,76
1795,82
1808,81
1531,71
1607,77
1680,79
1820,83
1443,71
1657,78
1569,74
1610,75
1603,77
1533,73
1545,74
1555,73
1669,77
1598,74
1502,73
1647,75
1681,78
1477,72
1589,75
1798,83
1743,81
1651,75
1694,77
1568,72
1707,79
1681,76
1470,70
1623,78
1696,79
1679,78
1740,80
1548,72
1504,73
1676,78
1838,84
1621,76
1738,81
1310,63
1689,79
1689,77
1724,81
1709,80
1401,69
1737,81
1828,83
1732,80
1541,75
1797,83
1692,80
1807,82
1694,78
1828,83
1713,77
1656,77
1452,69
1656,78
1595,73
1554,76
1542,74
1534,74
1682,77
1798,83
1825,83
1574,73
1595,75
1599,75
1724,79
1651,77
1814,81
1714,79
1736,81
1517,73
1424,67
1804,82
1702,79
1721,81
1773,81
1793,83
1575,74
1810,82
1615,77
1787,82
1665,76
1568,73
1571,75
1653,75
1553,74
1662,78
1634,77
1728,80
1728,80
1558,72
1688,80
1648,77
1677,78
1660,79
1667,78
1471,71
1563,73
1783,82
1669,78
1777,81
1586,76
1784,82
1825,83
1568,73
1729,79
1795,82
1656,77
1775,82
1632,75
1607,77
1570,74
1789,81
1543,73
1738,79
1690,80
1509,72
1721,79
1503,74
1769,82
1573,75
1687,77
1576,76
1754,80
1687,79
1741,81
1860,84
1768,80
1610,75
1844,84
1688,79
1748,79
1656,76
1619,78
1666,77
1690,80
1620,77
1721,80
1651,77
1840,84
1677,76
1714,79
1706,79
1702,80
1594,76
1582,76
1789,83
1710,80
1743,80
1590,74
1767,81
1458,71
1515,75
1584,76
1652,77
1689,78
1583,76
1751,78
1664,76
1609,77
1777,80
1669,74
1680,78
1618,77
1588,75
1805,83
1755,79
1540,72
1422,69
1715,80
1523,73
1832,84
1832,84
1452,71
1543,74
1716,79
1665,77
1824,83
1830,83
1469,70
1599,74
1662,77
1731,81
1842,84
1675,78
1595,75
1570,75
1623,73
1608,77
1641,76
1649,77
1676,77
1789,81
1509,70
1750,80
1718,80
1727,80
1636,76
1587,73
1827,83
1643,78
1543,73
1598,76
1629,76
1540,73
1649,78
1530,70
1735,80
1585,75
1638,72
1719,79
1597,74
1740,81
1521,74
1436,70
1524,72
1802,82
1766,80
1735,80
1620,78
1667,78
1679,78
1708,80
1768,80
1529,73
1629,77
1400,67
1618,77
1643,75
1615,77
1654,78
1704,78
1606,74
1670,79
1587,77
1702,76
1736,80
1838,83
1554,72
1526,72
1615,74
1516,75
1682,80
1715,78
1512,69
1729,77
1613,76
1591,75
1589,75
1499,73
1649,76
1845,83
1712,79
1578,74
1703,77
1525,71
1644,78
1592,74
1436,69
1655,77
1564,75
1777,79
1812,83
1545,76
1650,76
1736,78
1495,71
1677,77
1684,77
1501,71
1657,76
1615,75
1687,78
1695,79
1632,77
1789,78
1753,81
1700,78
1647,77
1594,75
1675,77
1703,77
1726,79
1728,80
1767,81
1649,77
1645,77
1633,75
1578,76
1579,76
1737,81
1687,80
1569,75
1751,79
1751,81
1590,76
1726,80
1606,76
1423,70
1666,79
1599,75
1437,67
1764,82
1753,81
1721,80
1472,69
1704,80
1546,74
1598,74
1623,76
1482,71
1641,78
1832,84
1607,75
1664,78
1765,81
1457,68
1708,80
1603,75
1643,77
1759,80
1754,80
1697,79
1693,77
1714,79
1830,84
1485,69
1705,78
1731,80
1615,75
1539,72
1478,69
1562,72
1747,80
1693,79
1792,82
1540,72
1583,73
1709,80
1470,69
1615,73
1830,84
1753,81
1549,72
1840,84
1689,80
1597,74
1740,81
1832,84
1632,76
1689,77
1654,76
1723,80
1677,78
1674,78
1498,72
1597,74
1655,76
1673,78
1503,72
1737,79
1592,74
1837,84
1809,83
1683,76
1714,80
1575,74
1612,75
1744,81
1809,83
1787,82
1551,72
1828,84
1592,77
1677,77
1564,74
1578,72
1584,75
1604,75
1768,81
1710,79
1695,78
1645,77
1576,74
1691,79
1585,75
1657,76
1583,74
1717,79
1663,77
1639,76
1674,78
1744,79
1726,79
1792,83
1767,81
1670,78
1613,75
1379,67
1741,78
1555,74
1596,74
1777,81
1700,79
1686,77
1684,79
1790,83
1724,80
1702,77
1616,73
1650,76
1657,76
1807,81
1717,79
1847,82
1496,73
1730,78
1774,82
1633,75
1606,76
1623,77
1536,74
1639,76
1746,82
1792,82
1568,74
1624,75
1824,83
1824,83
1824,83
1627,75
1736,80
1633,77
1828,84
1527,73
1539,73
1632,78
1664,76
1705,80
1633,75
1571,75
1586,75
1671,78
1597,73
1680,78
1608,75
1617,74
1608,75
1715,78
1662,78
1658,75
1677,77
1818,83
1710,80
1648,79
1826,84
1761,80
1526,72
1655,77
1716,79
1657,77
1764,80
1707,78
1575,74
1765,82
1690,77
1732,81
1658,74
1687,80
1591,75
1832,84
1691,79
1697,79
1516,73
1388,67
1689,79
1462,67
1567,74
1639,78
1803,83
1701,77
1611,76
1661,77
1599,73
1650,75
1638,75
1466,69
1732,77
1591,76
1653,73
1782,81
1469,72
1689,77
1669,77
1708,80
1711,79
1556,74
1690,78
1615,73
1826,84
1581,72
1745,81
1657,79
1826,84
1571,72
1397,70
1686,74
1812,83
1709,79
1770,81
1461,69
1730,77
1493,72
1604,75
1671,79
1617,73
1715,78
1607,75
1757,78
1788,82
1806,83
1747,82
1590,75
1711,77
1604,74
1794,82
1537,72
1585,74
1686,78
1671,77
1750,79
1642,74
1684,76
1707,80
1602,72
1593,75
1754,80
1730,80
1836,84
1704,79
1627,76
1384,65
1320,65
1553,73
1654,77
1770,82
1727,80
1530,71
1623,75
1370,65
1765,81
1685,78
1824,84
1650,75
1705,77
1800,83
1648,78
1577,75
1523,70
1625,75
1492,71
1787,83
1681,78
1644,76
1791,83
1775,82
1525,72
1572,74
1695,79
1647,76
1697,78
1642,74
1599,75
1667,77
1548,73
1654,76
1783,82
1758,79
1838,81
1634,76
1696,75
1518,70
1758,82
1706,81
1603,71
1444,66
1682,78
1508,72
1686,77
1810,82
1672,75
1800,82
1652,75
1690,77
1824,84
1696,76
1703,77
1738,78
1760,81
1668,79
1542,72
1641,77
1441,69
1477,71
1819,82
1595,75
1764,79
1632,76
1824,84
1581,74
1753,80
1669,77
1709,78
1754,77
1511,71
1571,74
1746,82
1735,81
1784,82
1588,73
1758,80
1496,69
1733,78
1618,76
1619,77
1824,84
1699,80
1566,74
1590,75
1574,73
1836,84
1442,66
1682,80
1647,75
1644,76
1851,82
1490,71
1638,78
1704,76
1503,71
1661,76
1713,78
1604,76
1723,79
1757,81
1538,73
1638,76
1648,75
1642,75
1839,82
1790,78
1803,83
1601,75
1745,81
1642,78
1772,82
1695,78
1663,78
1753,80
1627,75
1473,72
1792,82
1683,77
1685,77
1667,74
1747,81
1828,84
1819,83
1673,77
1728,78
1668,79
1685,78
1856,84
1808,83
1714,76
1548,74
1742,79
1501,71
1622,75
1551,73
1526,73
1510,71
1768,82
1710,78
1621,77
1728,77
1557,75
1800,83
1728,81
1787,83
1651,79
1662,77
1727,78
1657,78
1730,78
1601,75
1726,80
1702,76
1534,71
1793,82
1580,76
1793,82
1605,75
1663,78
1609,75
1593,74
1688,78
1578,74
1705,77
1694,78
1717,78
1732,81
1662,77
1823,83
1569,70
1630,74
1778,80
1644,76
1717,79
1722,79
1546,72
1768,81
1714,78
1750,82
1558,73
1627,76
1542,74
1729,81
1701,79
1590,75
1606,73
1786,82
1755,78
1526,73
1777,82
1552,71
1596,75
1674,75
1827,82
1715,76
1730,78
1727,81
1539,75
1659,76
1598,72
1691,77
1622,74
1593,76
1686,77
1666,77
1475,71
1650,75
1828,84
1790,83
1740,80
1585,72
1547,73
1656,76
1703,79
1446,70
1724,78
1535,71
1762,80
1755,81
1799,82
1796,82
1832,82
1627,76
1636,75
1645,75
1750,81
1824,84
1659,77
1723,79
1711,79
1554,70
1678,74
1609,74
1803,83
1615,75
1790,83
1768,79
1548,74
1651,76
1800,80
1502,70
1579,73
1824,84
1805,82
1538,73
1744,77
1585,74
1697,77
1559,72
1684,78
1824,84
1656,78
1712,78
1583,71
1575,73
1838,84
1673,79
1590,75
1710,78
1590,76
1652,75
1649,78
1524,72
1738,80
1749,79
1689,80
1517,74
1601,74
1760,81
1690,78
1644,78
1677,78
1533,75
1696,79
1665,76
1817,82
1801,83
1457,69
1620,76
1669,77
1789,83
1824,84
1789,83
1812,83
1645,78
1699,77
1693,79
1765,81
1513,69
1676,76
1711,80
1603,74
1619,76
1630,78
1524,72
1710,79
1631,75
1688,79
1807,83
1636,78
1538,73
1824,84
1687,77
1530,70
1786,80
1645,77
1721,78
1764,81
1776,82
1503,71
1507,73
1581,74
1700,77
1737,81
1697,78
1702,78
1824,84
1654,75
1707,78
1494,73
1654,77
1640,74
1629,77
1840,83
1606,73
1621,73
1639,76
1824,84
1590,75
1700,78
1646,76
1613,73
1305,64
1552,72
1600,75
1467,72
1545,70
1462,71
1722,78
1705,80
1450,69
1765,78
1813,81
1778,82
1690,75
1776,79
1573,73
1762,82
1772,79
1625,78
1738,82
1631,77
1744,80
1450,69
1745,77
1659,79
1771,82
1781,82
1721,80
1567,73
1457,70
1489,71
1523,71
1706,79
1417,66
1816,82
1706,80
1548,72
1741,79
1811,80
1714,75
1433,69
1742,80
1618,77
1530,72
1659,78
1521,72
1694,79
1698,78
1662,77
1671,78
1804,81
1615,75
1777,82
1712,79
1824,84
1707,79
1699,78
1788,83
1485,70
1567,73
1546,74
1489,73
1549,73
1830,84
1647,78
1658,76
1610,77
1590,75
1605,73
1767,78
1381,67
1587,75
1599,75
1815,82
1824,84
1826,84
1696,79
1558,74
1670,77
1565,74
1520,69
1654,79
1750,78
1588,71
1511,70
1773,82
1660,75
1771,81
1655,75
1424,68
1687,76
1759,81
1724,81
1660,78
1405,69
1672,79
1794,80
1612,73
1790,83
1757,78
1556,72
1756,81
1587,74
1721,80
1697,78
1771,78
1761,78
1613,73
1514,70
1489,70
1753,82
1743,81
1587,77
1800,82
1471,70
1705,79
1722,78
1720,77
1837,82
1586,75
1697,77
1594,75
1758,81
1819,83
1674,77
1708,77
1653,76
1681,79
1670,79
1664,76
1832,84
1791,83
1728,76
1631,76
1628,76
1820,82
1650,76
1671,76
1731,80
1566,75
1824,84
1667,78
1553,73
1836,84
1428,68
1569,71
1569,73
1766,78
1803,79
1700,79
1779,81
1715,80
1824,84
1726,81
1549,73
1639,76
1721,80
1678,79
1687,76
1666,76
1619,74
1680,79
1724,81
1488,70
1460,69
1651,76
1459,72
1806,83
1740,80
1681,79
1570,72
1658,79
1749,80
1558,73
1503,74
1638,76
1719,80
1674,78
1787,81
1636,78
1793,83
1721,80
1664,78
1683,78
1772,82
1700,79
1747,80
1563,71
1525,71
1673,75
1410,71
1851,82
1706,79
1678,77
1834,84
1642,76
1626,75
1637,77
1668,76
1665,75
1471,71
1734,79
1715,78
1818,83
1701,78
1755,80
1682,80
1569,69
1577,73
1634,74
1695,80
1732,80
1635,76
1692,76
1659,76
1497,71
1824,84
1377,68
1651,75
1678,77
1560,74
1780,80
1828,83
1421,67
1418,68
1614,76
1599,73
1575,74
1531,73
1675,78
1699,80
1596,73
1718,80
1648,76
1750,82
1676,76
1475,70
1796,82
1777,79
1680,78
1796,83
1578,73
1675,77
1803,83
1678,79
1791,78
1771,79
1681,79
1703,78
1716,79
1795,81
1642,74
1610,76
1726,79
1529,72
1487,71
1725,78
1709,72
1776,81
1845,84
1663,77
1707,78
1610,74
1779,82
1735,79
1567,74
1546,72
1698,80
1633,78
1793,81
1665,77
1554,74
1775,82
1636,78
1651,76
1693,78
1810,83
1781,81
1624,76
1832,84
1751,81
1450,69
1662,75
1824,84
1621,77
1490,71
1626,74
1643,74
1583,74
1576,75
1717,77
1443,71
1696,77
1670,79
1824,84
1770,82
1736,81
1731,80
1627,76
1688,75
1601,74
1748,80
1569,73
1754,81
1623,76
1779,82
1713,80
1632,74
1636,76
1759,81
1786,80
1579,72
1763,81
1830,84
1699,78
1386,67
1577,75
1778,82
1638,73
1623,72
1695,79
1714,77
1762,79
1678,78
1639,75
1858,84
1640,75
1807,82
1828,84
1588,76
1558,74
1673,79
1644,77
1668,76
1773,79
1699,76
1659,76
1797,81
1722,80
1617,74
1724,81
1664,77
1679,76
1822,83
1720,79
1513,72
1728,81
1479,72
1737,80
1594,77
1720,79
1708,78
1828,84
1741,82
1606,75
1612,74
1676,78
1753,79
1594,72
1699,75
1683,75
1520,72
1666,77
1504,71
1587,73
1640,77
1650,78
1688,77
1791,83
1613,75
1644,77
1697,79
1705,79
1657,78
1675,75
1553,71
1643,76
1657,76
1848,84
1604,74
1617,77
1753,82
1736,78
1520,69
1789,83
1450,68
1581,74
1682,79
1633,75
1710,80
1575,73
1766,82
1714,77
1671,77
1845,84
1737,77
1544,72
1743,79
1710,76
1582,75
1698,78
1370,65
1611,74
1517,71
1568,75
1458,68
1693,79
1654,75
1832,84
1752,82
1575,73
1773,82
1672,78
1528,73
1676,79
1752,80
1667,77
1625,76
1826,84
1617,75
1527,73
1634,76
1590,73
1709,78
1495,71
1786,81
1763,79
1467,69
1651,78
1487,70
1760,82
1724,76
1532,72
1726,80
1829,82
1701,79
1562,71
1692,80
1595,76
1724,81
1660,74
1618,75
1534,73
1609,73
1673,76
1726,81
1725,80
1547,73
1794,83
1507,71
1505,71
1784,78
1802,81
1690,74
1757,80
1777,80
1683,77
1711,78
1652,73
1506,70
1793,82
1795,83
1571,75
1709,74
1725,81
1646,77
1830,83
1780,82
1668,76
1624,74
1720,79
1803,81
1672,75
1794,82
1414,69
1719,78
1790,83
1706,76
1609,74
1739,80
1824,84
1787,83
1729,81
1739,81
1681,77
1564,73
1769,79
1418,67
1464,69
1477,71
1832,84
1602,74
1681,77
1817,83
1681,79
1537,72
1830,84
1824,83
1675,77
1731,80
1499,69
1596,76
1428,69
1752,79
1688,77
1736,79
1595,75
1661,77
1871,84
1439,69
1550,75
1687,76
1802,83
1677,77
1683,79
1518,69
1665,76
1481,69
1554,72
1575,76
1398,67
1601,76
1830,84
1741,79
1745,80
1751,78
1653,75
1602,72
1766,81
1408,66
1744,79
1736,81
1532,70
1726,79
1403,68
1571,74
1732,79
1758,80
1687,80
1628,76
1648,75
1777,82
1586,73
1665,76
1403,69
1669,78
1741,80
1674,80
1733,79
1755,79
1713,76
1693,76
1590,77
1544,73
1492,70
1628,76
1702,77
1688,75
1714,77
1717,80
1691,78
1596,73
1507,68
1676,76
1832,82
1621,76
1719,78
1726,76
1756,80
1575,74
1692,76
1657,77
1824,84
1597,75
1617,73
1792,83
1564,73
1658,76
1693,76
1399,66
1731,77
1600,76
1806,83
1554,75
1607,75
1627,75
1574,74
1580,72
1527,72
1684,78
1835,79
1881,83
1663,76
1558,73
1687,78
1824,84
1714,77
1697,80
1634,75
1648,74
1673,79
1673,78
1518,70
1485,72
1605,76
1685,79
1651,74
1747,79
1649,78
1716,79
1696,77
1607,74
1567,72
1744,80
1735,80
1559,72
1461,71
1892,84
1710,80
1698,78
1749,81
1596,74
1870,81
1761,81
1637,75
1717,79
1771,80
1644,71
1753,81
1735,81
1535,70
1732,78
1726,77
1655,76
1793,83
1527,74
1607,76
1772,80
1513,70
1557,73
1585,71
1771,79
1546,75
1795,80
1551,73
1657,78
1782,80
1715,77
1677,77
1665,73
1744,79
1657,77
1679,74
1664,79
1652,78
1745,81
1704,79
1714,78
1713,79
1701,76
1580,75
1657,75
1793,82
1598,75
1588,70
1636,73
1717,80
1559,72
1378,66
1550,73
1604,75
1749,78
1688,80
1683,79
1798,83
1697,77
1708,79
1648,76
1672,77
1589,75
1629,75
1565,73
1728,80
1732,81
1650,78
1838,84
1394,67
1702,78
1662,77
1605,77
1806,83
1538,73
1688,77
1631,77
1723,77
1685,76
1606,74
1721,81
1740,80
1780,82
1851,82
1499,70
1670,77
1603,76
1643,75
1511,73
1756,81
1816,83
1588,75
1653,76
1774,82
1666,77
1670,78
1711,80
1367,66
1627,76
1785,80
1577,75
1710,78
1662,78
1691,78
1811,79
1714,79
1693,78
1585,75
1594,75
1667,76
1532,71
1568,73
1830,84
1755,82
1869,84
1561,72
1417,69
1726,79
1715,80
1676,78
1775,81
1772,82
1473,71
1627,77
1650,78
1795,80
1726,81
1482,69
1743,82
1702,78
1461,70
1756,82
1506,71
1567,71
1696,78
1738,79
1635,77
1618,76
1513,71
1346,64
1719,76
1591,73
1617,75
1642,76
1664,78
1805,82
1583,74
1595,73
1750,81
1647,76
1471,70
1358,64
1555,74
1719,75
1572,74
1706,80
1713,77
1520,71
1710,79
1468,70
1829,82
1794,82
1768,80
1592,76
1382,64
1712,78
1677,79
1581,73
1713,78
1491,71
1816,83
1575,73
1549,74
1658,78
1749,80
1671,76
1824,84
1580,72
1791,78
1643,75
1639,73
1724,79
1753,81
1558,71
1642,78
1569,74
1548,74
1540,72
1747,80
1732,80
1647,77
1585,74
1472,70
1677,75
1635,76
1792,83
1541,72
1660,76
1809,83
1819,83
1671,79
1573,74
1810,80
1531,71
1644,76
1744,81
1687,79
1710,79
1866,83
1651,77
1674,78
1829,83
1821,82
1711,75
1546,69
1651,77
1627,75
1561,73
1640,76
1481,70
1715,78
1654,75
1517,74
1734,80
1651,76
1557,74
1743,81
1576,73
1790,83
1510,72
1681,78
1690,80
1752,81
1552,72
1539,72
1573,72
1821,83
1539,73
1719,79
1727,80
1729,79
1824,84
1665,76
1698,78
1561,73
1572,75
1736,79
1394,68
1670,78
1692,78
1597,75
1320,65
1665,77
1656,76
1689,79
1618,75
1561,74
1637,75
1560,72
1760,79
1781,81
1788,82
1732,80
1693,76
1814,83
1448,67
1652,77
1763,82
1728,79
1689,79
1569,76
1773,81
1435,70
1506,70
1580,73
1763,80
1704,75
1594,74
1708,79
1558,72
1698,78
1664,76
1462,70
1653,77
1687,77
1702,78
1596,76
1720,78
1825,81
1665,76
1819,83
1690,77
1627,75
1733,80
1828,84
1826,84
1614,73
1510,73
1744,80
1689,77
1732,79
1812,79
1649,74
1801,81
1620,73
1657,76
1605,77
1691,76
1636,77
1629,75
1754,81
1459,70
1692,79
1577,76
1659,78
1571,74
1824,84
1547,73
1775,81
1764,80
1774,82
1812,81
1612,77
1659,77
1714,78
1678,77
1761,81
1511,73
1772,82
1729,81
1622,77
1645,78
1562,73
1678,79
1640,77
1553,75
1606,76
1548,71
1758,81
1680,78
1793,83
1559,73
1708,79
1571,72
1433,71
1569,75
1613,75
1349,67
1610,76
1606,75
1777,82
1604,75
1584,74
1551,75
1712,79
1540,74
1596,74
1723,77
1730,81
1680,78
1668,78
1701,77
1304,63
1748,81
1465,69
1811,79
1648,78
1706,78
1657,77
1659,77
1488,71
1602,74
1775,79
1791,83
1780,82
1526,72
1827,82
1721,79
1655,79
1626,75
1563,74
1759,81
1743,80
1740,79
1697,78
1754,80
1441,69
1791,83
1614,77
1727,79
1633,76
1492,69
1662,75
1628,74
1436,68
1760,77
1539,72
1719,78
1753,80
1628,75
1544,71
1536,74
1771,82
1824,84
1783,82
1605,75
1828,84
1544,73
1723,81
1582,73
1605,74
1795,80
1681,78
1631,77
1659,78
1528,70
1598,75
1667,77
1726,81
1676,77
1696,79
1706,80
1527,70
1586,75
1745,79
1760,82
1625,75
1767,79
1824,84
1822,83
1731,75
1700,77
1740,78
1646,75
1739,76
1537,70
1618,76
1788,81
1606,75
1615,75
1574,76
1718,78
1544,75
1714,80
1681,77
1408,68
1690,78
1643,76
1742,81
1753,79
1679,79
1830,82
1594,73
1565,75
1649,76
1670,74
1839,81
1627,75
1617,73
1742,79
1478,70
1635,78
1681,79
1682,75
1776,82
1714,81
1593,77
1662,77
1745,81
1736,77
1830,84
1637,75
1672,76
1676,76
1651,77
1824,83
1744,76
1881,84
1535,71
1617,75
1685,78
1656,76
1450,71
1680,77
1717,80
1768,82
1605,77
1618,75
1720,79
1654,73
1581,73
1562,73
1549,73
1860,84
1651,75
1752,81
1568,73
1731,80
1651,77
1738,80
1708,76
1556,70
1639,74
1414,71
1714,79
1704,80
1629,77
1531,73
1516,72
1667,79
1502,72
1687,76
1653,77
1585,74
1799,83
1751,79
1694,77
1606,74
1567,74
1507,72
1430,69
1590,76
1528,72
1628,75
1684,78
1768,79
1684,77
1481,71
1562,73
1739,80
1840,83
1797,80
1479,69
1601,73
1606,77
1666,75
1777,82
1658,78
1680,79
1745,81
1771,79
1558,73
1546,74
1689,76
1728,81
1487,70
1380,66
1832,83
1718,76
1668,76
1790,83
1585,73
1532,72
1514,71
1782,80
1743,78
1381,68
1573,75
1715,79
1641,78
1753,77
1636,76
1718,79
1586,76
1512,72
1635,76
1654,78
1641,76
1679,77
1707,80
1769,81
1539,74
1733,79
1592,74
1535,73
1693,78
1683,78
1739,81
1569,73
1613,76
1597,76
1826,84
1824,84
1628,77
1727,81
1551,74
1832,84
1695,75
1558,75
1632,75
1738,79
1617,75
1818,82
1749,79
1686,79
1524,71
1366,66
1826,84
1715,81
1715,78
1603,75
1594,73
1703,76
1828,84
1768,81
1456,71
1700,80
1718,81
1515,70
1692,77
1681,77
1706,78
1657,75
1565,73
1714,79
1790,83
1567,73
1656,76
1645,75
1659,75
1759,80
1744,79
1655,76
1882,84
1750,79
1524,70
1508,70
1429,67
1685,79
1698,80
1712,79
1826,84
1533,73
1810,83
1529,71
1759,81
1738,79
1604,77
1570,73
1687,80
1680,78
1704,75
1556,74
1772,81
1635,77
1804,83
1572,74
1465,68
1601,75
1565,71
1441,67
1823,83
1754,81
1490,71
1540,73
1613,75
1802,82
1730,80
1676,76
1660,77
1629,78
1710,79
1493,69
1703,80
1652,77
1661,78
1681,78
1549,74
1727,79
1615,74
1784,82
1716,79
1654,76
1722,80
1552,73
1635,77
1724,79
1651,74
1700,75
1702,78
1464,70
1874,83
1509,72
1612,74
1552,73
1794,82
1699,77
1777,79
1674,75
1721,80
1730,78
1575,72
1604,75
1639,77
1652,76
1800,81
1706,80
1703,79
1419,69
1495,70
1722,78
1767,81
1816,82
1824,84
1702,77
1646,76
1676,77
1839,84
1489,72
1751,78
1686,78
1618,76
1624,75
1712,77
1720,81
1655,76
1608,73
1644,76
1636,76
1648,76
1719,80
1729,81
1666,76
1383,67
1684,75
1436,70
1645,75
1639,75
1621,74
1528,72
1779,81
1688,79
1724,81
1654,77
1680,78
1732,79
1612,75
1832,84
1711,75
1624,74
1582,74
1647,77
1530,69
1705,80
1721,78
1710,79
1421,65
1557,71
1646,77
1456,69
1632,75
1575,73
1801,80
1604,72
1730,79
1791,83
1645,75
1836,83
1692,79
1819,83
1755,80
1757,80
1609,76
1473,68
1791,82
1343,65
1475,71
1520,70
1533,73
1822,81
1571,73
1799,83
1701,79
1824,84
1577,74
1838,82
1696,78
1762,80
1746,79
1508,70
1447,68
1680,75
1457,72
1674,76
1842,84
1680,78
1636,73
1746,81
1730,80
1783,82
1647,73
1681,75
1742,80
1734,80
1446,71
1659,75
1582,75
1541,72
1592,71
1781,82
1493,71
1477,69
1578,73
1726,80
1781,81
1460,67
1716,80
1707,78
1592,73
1766,80
1647,76
1571,76
1595,75
1549,73
1685,78
1866,84
1524,73
1796,82
1607,75
1605,74
1700,77
1534,75
1584,74
1612,76
1650,77
1728,79
1687,77
1694,80
1724,80
1537,71
1534,72
1729,81
1586,74
1698,78
1741,79
1681,75
1747,79
1741,81
1598,75
1592,74
1510,72
1703,79
1753,80
1594,74
1556,74
1677,80
1755,80
1559,74
1770,82
1735,80
1600,76
1398,68
1724,78
1498,70
1643,76
1636,76
1665,77
1453,69
1688,79
1471,69
1663,77
1722,79
1549,71
1742,78
1721,77
1582,74
1636,76
1696,75
1711,81
1755,80
1821,83
1789,83
1640,78
1379,66
1579,73
1487,70
1860,84
1507,69
1696,77
1571,74
1805,80
1829,82
1618,75
1793,83
1531,72
1620,76
1594,76
1715,78
1639,75
1790,82
1712,79
1583,76
1831,79
1673,78
1807,83
1695,77
1629,77
1736,79
1711,78
1585,76
1670,76
1783,81
1547,71
1758,80
1567,74
1754,81
1842,84
1643,74
1525,70
1614,77
1709,77
1690,78
1786,82
1511,74
1789,83
1706,79
1856,84
1611,76
1622,74
1735,81
1493,69
1727,79
1609,76
1544,72
1506,69
1811,83
1533,73
1744,82
1686,77
1673,78
1755,81
1749,79
1580,74
1719,78
1605,75
1723,80
1599,72
1473,70
1522,71
1586,75
1614,75
1797,79
1575,76
1522,68
1495,73
1843,84
1626,75
1561,72
1679,78
1679,80
1606,75
1600,74
1726,78
1619,74
1670,77
1612,74
1444,68
1600,76
1606,75
1679,75
1640,76
1465,66
1833,83
1550,72
1792,83
1736,79
1656,76
1595,74
1735,81
1618,75
1663,76
1580,75
1680,78
1483,70
1838,84
1584,74
1620,75
1832,80
1586,74
1660,77
1737,80
1718,79
1745,78
1579,71
1462,68
1747,79
1637,75
1505,72
1816,83
1581,74
1671,75
1679,76
1734,80
1824,84
1777,82
1597,73
1673,77
1758,80
1842,84
1646,75
1722,77
1729,81
1826,84
1556,73
1642,76
1689,77
1658,77
1620,76
1486,69
1716,75
1648,78
1635,78
1573,75
1710,79
1794,82
1675,77
1563,75
1647,77
1631,74
1842,84
1739,78
1696,77
1652,75
1664,77
1561,74
1655,76
1543,73
1826,84
1684,77
1829,83
1696,79
1741,78
1748,82
1681,78
1545,73
1734,81
1490,71
1700,78
1543,71
1579,74
1566,73
1776,82
1609,74
1574,73
1749,79
1699,78
1555,73
1684,75
1618,77
1574,75
1579,74
1656,75
1708,79
1527,73
1575,73
1454,68
1698,80
1718,79
1557,71
1775,79
1515,73
1661,77
1769,80
1826,84
1693,80
1638,75
1664,79
1491,71
1514,72
1666,78
1401,70
1682,76
1638,77
1636,76
1649,75
1575,73
1647,77
1692,78
1740,77
1596,74
1330,66
1766,80
1529,70
1666,78
1725,78
1735,81
1588,74
1692,78
1824,84
1451,67
1563,75
1356,66
1695,72
1493,70
1535,75
1870,84
1571,73
1331,64
1804,83
1671,76
1705,79
1643,74
1690,77
1604,74
1439,70
1616,73
1541,71
1571,74
1581,73
1789,81
1824,84
1683,80
1661,78
1718,79
1639,77
1548,73
1685,78
1649,74
1576,73
1769,79
1684,75
1527,72
1615,74
1583,77
1801,82
1786,80
1788,82
1824,84
1849,84
1658,78
1610,75
1687,78
1762,81
1604,74
1651,75
1710,78
1724,79
1443,68
1710,80
1493,69
1579,74
1682,78
1684,78
1494,68
1608,74
1735,80
1705,79
1635,75
1644,77
1735,79
1793,80
1745,78
1668,77
1555,71
1852,82
1560,75
1671,77
1720,80
1570,73
1795,82
1691,77
1625,74
1756,82
1803,83
1823,83
1633,76
1827,83
1595,74
1670,78
1687,77
1790,81
1721,80
1476,69
1643,74
1755,80
1658,76
1712,77
1692,76
1817,83
1777,82
1719,77
1828,84
1824,84
1625,75
1687,77
1824,82
1602,76
1671,77
1394,70
1850,82
1792,81
1641,78
1733,78
1781,82
1558,72
1449,68
1528,73
1765,81
1705,80
1704,79
1753,81
1637,75
1635,75
1824,84
1433,69
1459,69
1596,73
1466,71
1705,80
1836,84
1565,73
1801,83
1626,74
1598,73
1785,81
1754,81
1810,82
1678,78
1539,73
1699,77
1707,78
1729,80
1622,75
1737,80
1675,79
1816,82
1648,77
1639,77
1819,83
1777,82
1636,76
1638,74
1586,72
1482,72
1713,78
1522,73
1784,80
1760,81
1842,84
1832,84
1680,77
1527,70
1702,77
1673,77
1745,80
1806,83
1545,73
1712,76
1668,77
1580,73
1568,72
1718,80
1445,70
1833,83
1613,75
1486,70
1653,79
1753,81
1789,81
1819,82
1565,73
1565,73
1791,83
1767,82
1752,81
1573,74
1685,78
1616,76
1790,83
1827,83
1698,77
1727,78
1535,69
1746,78
1681,79
1760,80
1648,76
1695,79
1804,83
1448,68
1708,78
1630,77
1672,79
1644,77
1723,81
1676,77
1660,77
1718,80
1758,81
1838,81
1459,69
1821,82
1520,71
1739,80
1746,81
1465,71
1451,69
1545,73
1727,79
1728,80
1798,82
1744,77
1502,71
1739,80
1588,74
1752,80
1744,79
1604,76
1862,84
1709,80
1649,77
1827,83
1728,79
1752,81
1803,83
1763,82
1790,83
1641,76
1700,79
1541,71
1695,79
1620,76
1739,80
1802,83
1376,68
1671,78
1661,76
1486,70
1883,84
1379,68
1555,74
1749,80
1777,80
1869,84
1592,73
1812,82
1589,73
1769,81
1871,83
1605,76
1796,82
1660,78
1703,79
1687,79
1775,82
1831,83
1720,79
1633,77
1541,73
1722,80
1781,82
1712,76
1620,73
1895,81
1753,77
1731,78
1456,70
1654,77
1815,83
1676,76
1700,77
1787,81
1779,83
1790,82
1617,75
1642,77
1504,71
1522,72
1744,79
1615,76
1773,82
1673,77
1700,78
1603,76
1560,76
1630,75
1461,69
1693,79
1670,77
1779,82
1527,73
1687,78
1520,72
1703,79
1627,75
1617,75
1788,80
1828,84
1746,81
1697,79
1663,77
1534,75
1733,80
1706,80
1614,75
1626,75
1679,78
1746,81
1407,67
1627,77
1649,78
1829,84
1565,72
1741,79
1536,71
1729,79
1792,83
1613,75
1546,72
1516,71
1736,81
1490,70
1659,78
1546,72
1694,77
1669,76
1690,79
1630,77
1744,81
1522,72
1754,81
1639,76
1709,77
1779,83
1645,76
1736,79
1824,84
1666,76
1721,76
1704,78
1602,74
1639,74
1720,80
1722,81
1700,79
1789,80
1626,76
1609,75
1655,74
1795,81
1586,75
1768,79
1745,80
1719,80
1621,77
1699,80
1787,82
1696,77
1492,72
1698,78
1525,72
1808,81
1703,79
1538,73
1564,74
1748,80
1636,76
1843,84
1689,79
1666,76
1746,80
1620,74
1577,74
1663,77
1627,74
1483,72
1823,83
1431,70
1669,78
1497,70
1702,80
1604,76
1605,76
1642,78
1512,74
1606,73
1772,81
1614,73
1675,79
1611,74
1497,72
1785,82
1558,74
1767,82
1650,76
1720,79
1754,81
1772,81
1707,79
1797,82
1829,79
1667,77
1539,74
1535,73
1479,71
1787,82
1673,79
1745,80
1534,75
1622,76
1665,77
1453,72
1528,73
1674,78
1713,78
1786,81
1624,75
1523,70
1710,79
1415,67
1700,78
1687,78
1705,79
1663,77
1685,78
1724,79
1686,79
1702,79
1623,76
1628,75
1711,79
1620,77
1748,80
1724,79
1658,75
1834,84
1779,82
1670,77
1752,79
1547,72
1658,78
1716,80
1613,76
1651,77
1692,76
1768,81
1600,73
1697,78
1525,73
1664,78
1734,81
1677,77
1630,76
1586,76
1558,75
1734,80
1562,73
1525,74
1666,76
1677,76
1695,79
1757,82
1676,76
1630,77
1754,81
1824,84
1617,77
1714,76
1695,79
1779,82
1810,81
1677,78
1537,72
1689,78
1494,72
1721,78
1545,75
1819,83
1733,79
1678,78
1558,72
1670,79
1813,81
1766,80
1685,79
1766,82
1824,83
1579,76
1646,75
1736,79
1734,80
1808,83
1824,84
1824,84
1633,78
1777,81
1687,76
1612,76
1701,78
1686,78
1412,67
1640,77
1533,73
1660,77
1645,77
1806,83
1783,83
1664,79
1582,74
1713,79
1425,67
1674,77
1827,83
1824,84
1521,70
1661,77
1711,78
1554,73
1820,84
1781,82
1702,77
1722,81
1713,79
1664,79
1774,80
1684,79
1755,81
1754,81
1584,76
1631,77
1545,73
1590,74
1838,83
1532,70
1591,75
1774,82
1522,72
1644,77
1632,75
1690,78
1609,74
1717,79
1832,84
1662,78
1655,78
1514,72
1573,72
1663,75
1697,79
1700,80
1620,75
1786,83
1769,81
1797,83
1699,80
1733,79
1715,80
1549,71
1774,81
1479,68
1547,73
1595,74
1551,75
1786,82
1572,72
1675,79
1665,76
1671,78
1694,76
1645,76
1516,73
1518,70
1764,82
1673,78
1767,81
1747,81
1798,82
1619,75
1748,82
1674,78
1587,73
1538,73
1527,73
1817,82
1680,78
1704,79
1768,81
1525,70
1561,73
1700,79
1668,78
1612,76
1861,84
1644,77
1727,81
1827,82
1666,77
1794,81
1821,83
1706,80
1715,81
1734,79
1657,75
1557,71
1576,74
1657,78
1772,81
1709,79
1819,82
1591,73
1603,74
1651,77
1738,80
1766,82
1836,83
1637,77
1627,74
1534,73
1768,82
1696,79
1795,81
1737,79
1804,83
1613,75
1761,78
1625,76
1729,79
1650,76
1628,75
1712,79
1422,70
1727,79
1698,79
1786,81
1383,69
1755,79
1551,73
1681,76
1725,79
1668,79
1826,84
1587,74
1513,74
1604,73
1593,74
1615,74
1689,80
1904,84
1725,79
1788,83
1583,74
1714,78
1740,80
1702,76
1604,76
1769,81
1720,79
1699,78
1838,82
1777,82
1601,75
1698,77
1708,79
1493,71
1579,74
1666,78
1826,84
1731,76
1660,77
1667,76
1668,78
1632,76
1743,79
1709,79
1670,76
1576,74
1733,80
1674,79
1764,82
1686,77
1672,78
1693,78
1680,78
1606,76
1546,73
1361,68
1734,81
1820,84
1702,79
1709,79
1754,81
1655,75
1571,74
1645,75
1606,76
1830,83
1620,76
1759,81
1585,74
1622,75
1576,74
1690,79
1827,83
1763,80
1689,78
1663,78
1585,73
1634,76
1687,80
1637,77
1608,76
1725,79
1758,82
1785,82
1766,82
1551,74
1643,77
1542,72
1655,78
1630,75
1658,76
1547,72
1478,70
1265,61
1538,73
1604,73
1543,74
1671,75
1524,69
1625,75
1804,83
1683,76
1412,68
1759,81
1658,78
1640,77
1671,78
1792,82
1613,74
1671,77
1613,77
1644,77
1587,76
1657,77
1645,77
1824,83
1602,76
1638,77
1758,80
1601,75
1824,83
1824,84
1695,79
1832,84
1572,75
1491,70
1636,77
1627,76
1691,79
1675,78
1664,76
1631,77
1679,77
1570,74
1826,84
1486,69
1610,75
1826,84
1764,81
1707,80
1723,79
1529,74
1820,84
1625,77
1706,80
1753,81
1599,74
1680,76
1767,81
1698,76
1686,76
1585,73
1820,84
1652,77
1575,76
1647,76
1826,84
1665,78
1547,73
1717,79
1612,76
1774,82
1714,78
1677,78
1777,82
1546,72
1715,79
1492,71
1735,80
1768,81
1761,80
1509,68
1610,76
1646,76
1407,66
1643,75
1738,79
1739,81
1647,78
1788,83
1671,78
1673,76
1780,82
1740,80
1675,78
1608,73
1597,74
1723,79
1811,83
1789,83
1768,81
1710,79
1723,79
1494,71
1717,80
1458,70
1713,79
1674,77
1658,75
1608,74
1658,76
1609,74
1783,82
1536,74
1750,81
1694,77
1661,77
1670,76
1661,76
1793,81
1696,76
1745,80
1787,81
1412,69
1716,77
1832,82
1616,75
1597,75
1767,81
1738,80
1573,75
1826,84
1581,74
1717,78
1741,79
1540,74
1746,81
1419,67
1680,79
1798,80
1674,77
1560,74
1685,79
1615,76
1491,71
1514,71
1671,78
1537,72
1690,79
1555,75
1629,74
1663,75
1615,75
1737,80
1836,84
1654,75
1699,79
1720,79
1820,84
1609,76
1706,76
1652,75
1776,82
1659,77
1602,75
1695,79
1779,80
1700,77
1509,70
1484,70
1678,78
1690,77
1753,80
1564,73
1643,74
1707,79
1704,79
1556,70
1678,77
1621,75
1770,80
1795,82
1817,82
1700,78
1660,76
1816,82
1773,80
1666,78
1770,81
1826,84
1729,81
1680,76
1457,70
1779,79
1591,75
1635,75
1587,75
1662,75
1653,75
1588,75
1652,77
1763,81
1754,81
1648,76
1822,84
1645,75
1702,79
1728,80
1591,75
1515,72
1552,73
1709,80
1710,78
1690,78
1708,78
1768,81
1807,83
1803,80
1595,75
1625,75
1739,80
1581,73
1630,74
1836,84
1765,81
1731,79
1756,80
1721,80
1826,84
1717,78
1693,79
1837,81
1803,83
1706,80
1507,70
1732,81
1824,84
1744,81
1591,75
1695,77
1633,75
1678,78
1796,82
1565,73
1702,78
1710,79
1481,72
1626,77
1721,77
1673,76
1548,72
1620,75
1740,80
1742,81
1689,76
1757,80
1734,79
1799,81
1800,82
1563,74
1799,83
1615,77
1735,78
1643,76
1585,75
1669,77
1721,78
1839,82
1649,75
1444,70
1725,80
1562,73
1539,71
1767,81
1713,80
1724,79
1542,71
1415,70
1751,81
1579,74
1671,77
1666,76
1660,79
1748,80
1638,78
1776,82
1748,80
1812,83
1627,78
1632,76
1697,77
1835,83
1736,81
1647,76
1721,79
1768,79
1498,70
1647,78
1625,76
1701,77
1547,72
1735,77
1656,75
1822,84
1715,77
1684,78
1653,75
1732,81
1610,76
1722,78
1667,77
1713,79
1751,82
1788,82
1675,77
1640,76
1723,81
1562,74
1852,82
1598,76
1749,78
1456,69
1496,71
1601,76
1512,73
1693,80
1657,76
1658,75
1650,77
1798,83
1811,83
1746,80
1655,77
1820,84
1597,72
1672,76
1565,76
1802,83
1723,80
1571,74
1850,83
1770,81
1830,83
1752,80
1685,79
1727,81
1828,84
1844,84
1745,78
1428,69
1691,79
1714,80
1713,80
1678,77
1717,80
1658,77
1789,83
1653,76
1650,78
1642,75
1820,84
1505,72
1798,80
1780,82
1609,75
1613,74
1726,79
1682,78
1672,77
1719,80
1519,72
1656,77
1581,74
1706,80
1768,80
1811,83
1609,73
1765,82
1594,75
1740,79
1830,83
1581,75
1663,78
1711,78
1804,81
1573,73
1801,83
1581,74
1616,74
1748,78
1582,73
1492,70
1504,72
1715,78
1579,75
1593,73
1473,70
1682,75
1804,82
1799,81
1608,76
1641,78
1818,84
1706,80
1574,74
1450,71
1697,78
1738,79
1824,84
1731,79
1571,73
1711,79
1680,77
1536,74
1656,77
1592,75
1546,73
1424,66
1522,72
1633,75
1798,81
1636,75
1607,73
1727,78
1571,71
1669,79
1744,80
1663,78
1619,76
1617,74
1733,78
1538,74
1683,79
1624,78
1842,84
1782,83
1680,77
1596,73
1547,73
1500,72
1772,81
1733,81
1757,81
1790,83
1737,79
1640,75
1583,74
1628,76
1637,75
1537,74
1544,72
1695,78
1676,76
1522,72
1610,72
1691,77
1735,80
1716,80
1801,83
1767,79
1579,72
1846,84
1599,73
1468,71
1818,84
1751,80
1574,74
1475,70
1610,77
1628,74
1717,77
1688,77
1644,77
1730,78
1671,77
1682,76
1773,82
1699,78
1703,77
1641,73
1765,81
1812,83
1537,71
1841,82
1672,79
1573,76
1586,74
1582,74
1706,78
1551,73
1582,74
1617,76
1596,75
1781,81
1715,78
1734,78
1727,80
1743,81
1597,75
1750,80
1818,84
1767,81
1728,80
1664,75
1783,83
1518,69
1707,77
1723,80
1818,84
1765,81
1639,77
1750,79
1727,80
1817,83
1346,66
1571,71
1519,71
1818,84
1561,74
1589,75
1582,75
1660,77
1715,80
1607,75
1570,74
1822,84
1796,82
1607,76
1698,79
1637,79
1592,75
1692,76
1832,84
1604,74
1757,81
1554,71
1508,71
1483,72
1781,82
1829,82
1507,71
1721,81
1710,78
1563,74
1749,80
1809,83
1619,76
1724,78
1697,79
1677,77
1536,73
1483,70
1692,80
1805,82
1538,74
1720,79
1641,76
1742,80
1662,76
1773,80
1841,83
1600,72
1629,72
1705,79
1587,77
1760,80
1805,81
1644,75
1743,82
1758,79
1653,73
1644,76
1723,79
1738,78
1531,73
1671,76
1503,70
1665,77
1741,81
1509,71
1778,81
1617,74
1717,79
1752,81
1663,76
1807,83
1745,80
1677,77
1595,76
1673,77
1534,74
1798,81
1818,82
1470,71
1770,81
1674,76
1787,82
1654,78
1711,81
1521,72
1725,79
1801,83
1723,79
1627,75
1685,78
1696,77
1664,76
1800,83
1446,68
1507,69
1514,72
1824,84
1823,81
1535,75
1705,77
1643,74
1606,77
1460,71
1672,79
1718,80
1683,75
1647,77
1694,79
1819,82
1658,78
1546,73
1443,69
1713,77
1711,80
1756,81
1689,80
1570,72
1537,70
1661,77
1667,76
1613,74
1637,75
1585,74
1434,68
1658,78
1585,74
1637,77
1742,78
1717,78
1824,84
1707,77
1637,75
1707,78
1733,79
1658,77
1641,77
1460,69
1695,79
1667,76
1597,72
1675,78
1608,76
1758,80
1555,73
1768,82
1670,76
1575,73
1818,84
1569,72
1559,71
1670,76
1580,72
1685,79
1608,74
1628,76
1772,82
1693,77
1763,82
1718,78
1650,76
1668,76
1634,77
1594,73
1737,81
1777,76
1787,78
1532,71
1704,78
1471,73
1375,66
1586,75
1495,72
1585,75
1733,81
1710,79
1648,75
1714,79
1636,76
1435,68
1759,81
1691,78
1675,78
1548,73
1466,69
1702,80
1570,76
1508,71
1783,82
1668,78
1627,75
1662,74
1735,80
1836,84
1763,81
1677,78
1787,83
1710,80
1834,82
1707,80
1724,80
1739,78
1842,83
1684,78
1784,80
1757,80
1756,79
1620,75
1672,78
1506,71
1729,80
1736,81
1732,81
1735,81
1712,75
1713,80
1529,72
1759,80
1737,79
1727,77
1701,77
1530,73
1831,83
1616,77
1712,80
1541,71
1515,72
1848,82
1829,83
1781,81
1840,84
1633,76
1656,77
1481,69
1747,80
1729,79
1651,76
1818,84
1497,70
1743,79
1809,83
1563,73
1602,74
1717,80
1568,71
1587,73
1532,72
1785,83
1693,80
1682,79
1607,75
1629,73
1654,77
1711,78
1778,81
1629,75
1748,80
1689,78
1511,71
1648,76
1404,67
1570,70
1726,81
1687,79
1664,77
1799,80
1703,78
1686,76
1820,84
1505,71
1786,82
1675,78
1734,78
1603,73
1851,84
1638,74
1785,83
1709,77
1777,82
1489,74
1463,71
1646,76
1834,84
1587,74
1751,77
1686,78
1854,84
1641,75
1583,74
1682,78
1651,76
1772,80
1749,81
1611,76
1521,70
1775,81
1629,77
1522,71
1750,80
1620,76
1625,76
1702,79
1785,83
1709,76
1632,74
1787,83
1685,78
1565,73
1764,82
1729,79
1761,81
1748,79
1822,84
1719,79
1832,84
1756,80
1758,79
1799,80
1709,80
1656,78
1684,78
1573,73
1618,75
1787,81
1643,78
1755,81
1818,84
1525,71
1648,74
1567,74
1738,79
1707,81
1657,78
1512,71
1669,77
1694,76
1561,74
1687,78
1449,69
1619,77
1626,74
1723,80
1610,77
1694,77
1800,83
1774,79
1732,79
1426,68
1601,76
1584,74
1689,78
1648,75
1685,77
1830,84
1813,83
1501,71
1819,83
1667,76
1666,77
1818,84
1436,70
1450,69
1653,77
1679,78
1651,77
1400,66
1590,76
1697,79
1625,76
1670,79
1503,72
1714,79
1501,69
1675,79
1818,84
1441,66
1679,79
1682,77
1650,75
1714,77
1708,78
1623,75
1782,81
1589,75
1735,80
1612,77
1589,75
1682,78
1735,80
1706,77
1506,70
1598,72
1656,78
1502,70
1832,84
1747,80
1779,81
1759,82
1581,74
1676,78
1818,84
1677,79
1833,82
1583,74
1818,84
1551,72
1768,81
1704,78
1705,79
1818,84
1660,76
1735,79
1752,78
1756,78
1681,76
1609,75
1711,79
1679,79
1526,71
1511,72
1820,84
1597,76
1703,80
1713,77
1783,83
1719,80
1590,76
1636,78
1552,73
1800,83
1669,78
1700,79
1690,78
1747,81
1733,78
1779,82
1624,76
1697,78
1659,78
1668,75
1818,84
1595,73
1697,79
1612,74
1759,80
1693,79
1674,75
1534,72
1761,81
1802,83
1543,72
1669,77
1857,81
1389,65
1607,76
1578,74
1532,72
1518,71
1647,78
1731,78
1625,76
1826,83
1592,74
1741,78
1872,84
1785,82
1569,72
1470,70
1824,84
1796,83
1486,69
1677,77
1573,74
1832,84
1633,75
1703,78
1847,82
1598,73
1828,84
1735,80
1640,78
1814,83
1567,71
1641,75
1688,76
1545,73
1777,81
1625,74
1600,73
1699,79
1713,80
1631,78
1653,78
1790,81
1694,76
1701,79
1804,82
1708,80
1721,79
1711,76
1765,79
1650,78
1570,72
1546,74
1689,78
1767,80
1565,73
1490,70
1699,79
1688,79
1715,81
1733,79
1544,74
1644,74
1785,80
1741,80
1739,81
1671,75
1788,81
1654,75
1614,75
1690,79
1496,71
1645,76
1532,70
1768,81
1555,73
1767,79
1566,73
1764,81
1540,74
1873,84
1615,77
1574,73
1841,84
1704,80
1810,82
1570,73
1723,80
1582,73
1487,70
1820,84
1729,80
1780,82
1542,73
1553,72
1774,80
1681,79
1596,74
1725,81
1683,78
1711,78
1778,81
1666,76
1694,78
1674,80
1593,74
1595,72
1766,81
1624,77
1595,72
1576,73
1774,81
1718,79
1648,77
1672,77
1775,82
1762,80
1436,70
1620,76
1682,79
1756,82
1717,75
1622,75
1825,82
1841,83
1606,74
1830,84
1726,78
1677,79
1608,75
1447,69
1612,75
1624,74
1685,76
1612,74
1596,75
1708,77
1717,80
1606,76
1708,80
1605,75
1616,76
1740,79
1817,80
1709,78
1846,81
1559,72
1649,78
1690,76
1897,83
1829,83
1674,77
1679,77
1612,76
1660,77
1659,74
1711,74
1648,75
1832,82
1772,82
1657,77
1763,80
1682,77
1721,77
1713,79
1560,73
1496,72
1537,74
1670,77
1632,75
1557,74
1698,76
1455,70
1672,78
1693,79
1818,84
1493,72
1697,78
1784,82
1579,74
1695,79
1640,77
1553,74
1565,72
1547,73
1832,84
1802,83
1582,71
1766,80
1573,73
1751,81
1733,80
1740,79
1785,83
1711,81
1762,80
1765,80
1621,73
1730,81
1787,82
1486,69
1679,78
1638,77
1720,78
1781,81
1720,79
1445,69
1782,80
1408,68
1618,75
1818,84
1662,79
1760,81
1735,79
1722,80
1615,76
1848,79
1608,73
1703,81
1615,77
1756,80
1806,83
1786,82
1779,80
1710,76
1644,78
1630,75
1715,81
1665,79
1561,73
1733,78
1627,76
1565,72
1822,83
1725,80
1615,75
1818,84
1437,68
1693,78
1717,77
1533,74
1511,71
1744,79
1697,79
1696,77
1745,80
1840,83
1571,75
1602,74
1750,81
1715,79
1514,73
1655,76
1665,78
1656,77
1376,67
1687,75
1722,80
1627,75
1685,76
1693,77
1507,74
1644,75
1556,72
1642,75
1500,74
1585,77
1564,74
1621,76
1739,80
1699,79
1384,66
1689,76
1690,80
1718,81
1593,74
1716,80
1649,79
1798,82
1737,81
1631,75
1697,78
1708,77
1690,77
1684,75
1492,72
1532,73
1602,74
1659,79
1738,82
1745,78
1802,82
1597,76
1752,80
1678,76
1504,69
1679,77
1709,79
1709,80
1616,74
1574,74
1510,70
1843,84
1746,81
1790,83
1661,75
1653,76
1718,78
1617,76
1549,73
1653,77
1818,84
1510,72
1693,78
1602,76
1645,74
1674,79
1772,82
1787,83
1556,73
1525,70
1632,77
1727,80
1620,77
1482,70
1805,83
1785,80
1615,76
1473,68
1738,79
1741,81
1514,71
1572,75
1785,83
1781,83
1737,79
1639,76
1764,80
1804,83
1670,78
1686,77
1607,72
1693,79
1752,81
1439,69
1824,84
1772,81
1685,76
1708,76
1659,75
1666,77
1429,66
1708,79
1667,76
1730,77
1659,78
1810,82
1591,75
1737,80
1728,77
1608,76
1702,77
1728,79
1728,79
1552,75
1737,81
1824,84
1601,76
1520,72
1504,73
1605,74
1673,79
1648,74
1626,75
1637,76
1671,77
1593,72
1628,77
1516,73
1680,80
1796,82
1774,78
1711,78
1502,73
1806,83
1652,77
1679,78
1694,78
1502,72
1695,78
1715,80
1603,74
1576,74
1801,81
1779,80
1645,76
1488,71
1725,80
1818,84
1687,77
1799,81
1725,80
1763,78
1699,79
1528,73
1713,77
1691,79
1668,76
1796,82
1685,79
1544,71
1601,76
1631,75
1638,74
1688,80
1694,79
1659,76
1617,77
1545,75
1720,81
1761,79
1714,79
1738,82
1707,79
1713,80
1633,79
1617,77
1617,75
1573,76
1650,78
1522,70
1644,76
1715,80
1736,79
1838,83
1514,73
1465,70
1733,80
1430,70
1499,69
1731,80
1621,75
1683,80
1631,76
1780,83
1700,80
1585,74
1457,70
1762,78
1708,81
1705,78
1790,81
1666,77
1822,84
1543,71
1690,78
1713,80
1684,79
1588,73
1551,74
1773,81
1611,71
1789,81
1769,81
1824,84
1822,83
1701,76
1692,77
1568,74
1715,77
1632,76
1467,71
1553,72
1662,77
1629,76
1730,79
1786,80
1777,81
1485,70
1695,80
1645,78
1719,79
1631,77
1665,77
1835,83
1670,78
1686,77
1647,78
1566,72
1627,76
1588,74
1546,73
1800,82
1671,78
1567,71
1715,77
1525,72
1567,72
1483,70
1818,84
1539,71
1691,80
1675,77
1674,76
1786,81
1553,71
1639,76
1646,74
1414,67
1697,79
1589,77
1818,84
1769,79
1595,77
1831,82
1756,80
1614,75
1775,79
1677,74
1711,78
1517,70
1797,83
1718,80
1665,77
1656,78
1711,79
1624,75
1680,79
1686,80
1378,66
1775,80
1593,76
1594,73
1740,79
1778,80
1610,76
1667,76
1570,73
1721,78
1620,77
1632,72
1751,81
1713,79
1536,73
1702,78
1595,74
1631,76
1705,78
1717,76
1726,81
1660,76
1668,78
1450,71
1711,76
1727,80
1783,80
1696,78
1677,80
1805,82
1576,76
1720,80
1643,76
1585,75
1685,79
1796,82
1593,74
1798,81
1683,77
1560,73
1822,84
1489,71
1777,82
1762,80
1716,76
1773,82
1487,70
1677,75
1578,76
1596,70
1604,76
1545,71
1806,80
1590,75
1678,77
1407,68
1745,80
1575,75
1691,77
1833,84
1581,75
1608,76
1787,78
1638,75
1774,79
1535,73
1795,82
1589,74
1703,78
1705,75
1727,79
1519,70
1642,77
1697,79
1577,75
1742,79
1798,80
1645,76
1777,81
1696,78
1567,72
1313,63
1578,73
1563,71
1677,76
1637,79
1622,74
1723,78
1599,76
1629,76
1650,78
1602,72
1639,75
1850,83
1561,73
1818,84
1736,76
1626,76
1641,76
1578,74
1785,83
1701,79
1554,75
1818,84
1661,78
1640,75
1516,71
1651,74
1473,68
1536,74
1627,77
1605,76
1387,68
1670,79
1499,69
1601,76
1513,74
1774,79
1515,74
1480,71
1720,77
1614,76
1757,80
1612,75
1633,78
1726,78
1599,74
1522,71
1657,78
1614,77
1740,79
1641,78
1622,73
1576,74
1651,74
1709,79
1764,79
1818,84
1693,77
1684,77
1643,77
1826,82
1834,84
1382,66
1671,77
1609,77
1473,71
1584,72
1776,81
1546,73
1544,74
1750,78
1780,81
1809,82
1828,83
1713,80
1547,74
1824,84
1603,75
1647,79
1687,78
1735,80
1615,76
1679,79
1682,78
1583,76
1507,72
1774,82
1614,73
1589,74
1460,71
1843,82
1663,73
1685,76
1658,77
1694,78
1701,79
1789,81
1762,79
1606,76
1385,66
1701,80
1644,78
1517,73
1564,72
1636,77
1756,81
1632,74
1635,75
1508,73
1753,81
1711,81
1694,80
1719,79
1565,73
1759,79
1741,81
1624,75
1660,74
1650,78
1559,72
1607,76
1733,80
1797,83
1636,73
1408,69
1503,71
1662,77
1630,77
1577,74
1757,82
1704,80
1258,64
1400,67
1551,73
1505,72
1742,80
1830,84
1652,75
1644,77
1656,78
1746,80
1554,69
1773,82
1673,78
1682,79
1830,84
1655,78
1623,76
1716,79
1687,79
1638,74
1799,82
1679,77
1687,76
1541,72
1383,67
1783,83
1779,81
1704,78
1584,74
1598,74
1775,79
1630,76
1760,81
1783,83
1814,83
1645,75
1751,79
1736,80
1562,75
1723,81
1707,80
1646,76
1552,74
1617,75
1730,80
1761,80
1786,81
1798,83
1483,69
1681,78
1752,81
1734,81
1699,78
1623,77
1619,76
1790,82
1703,81
1798,82
1705,79
1361,65
1730,78
1535,70
1771,81
1820,84
1832,83
1674,76
1584,76
1630,76
1818,84
1585,75
1731,79
1698,79
1734,80
1461,70
1633,77
1479,70
1604,76
1690,78
1657,78
1806,83
1698,80
1460,70
1716,78
1729,80
1590,72
1778,81
1632,77
1713,79
1467,70
1500,71
1657,80
1632,77
1565,74
1481,72
1718,79
1822,84
1745,78
1609,75
1675,78
1593,75
1689,78
1650,77
1503,72
1814,82
1550,71
1555,73
1575,73
1547,75
1689,79
1731,79
1791,81
1452,69
1674,78
1432,68
1543,72
1608,76
1674,76
1641,76
1749,80
1548,74
1756,80
1713,79
1483,72
1624,76
1435,69
1803,83
1554,73
1718,79
1566,74
1783,83
1706,77
1748,82
1620,76
1631,77
1774,80
1726,79
1591,75
1818,84
1818,84
1602,74
1505,70
1762,80
1511,73
1631,77
1753,81
1759,82
1755,81
1810,80
1466,69
1818,84
1787,83
1522,73
1693,77
1752,82
1658,77
1692,80
1733,80
1637,77
1566,75
1732,79
1812,83
1780,82
1654,77
1742,79
1654,76
1713,80
1560,71
1812,83
1663,76
1587,75
1797,82
1779,83
1565,72
1782,82
1690,79
1795,81
1483,70
1593,74
1638,76
1577,72
1685,79
1639,76
1719,79
1818,84
1542,75
1685,78
1752,81
1443,70
1300,63
1530,73
1568,72
1635,78
1780,82
1670,75
1820,84
1759,80
1615,76
1588,74
1569,74
1645,76
1689,78
1680,78
1519,70
1750,80
1750,80
1526,74
1539,73
1751,80
1566,75
1747,81
1655,78
1641,76
1797,82
1824,84
1596,74
1716,78
1733,80
1686,79
1739,78
1508,71
1583,75
1593,74
1717,81
1623,75
1659,77
1779,83
1595,74
1674,78
1532,71
1716,79
1630,76
1655,77
1751,81
1463,71
1797,82
1619,72
1607,74
1751,80
1646,77
1711,77
1695,78
1655,77
1686,77
1527,72
1777,82
1632,74
1799,82
1672,78
1654,78
1818,84
1644,77
1761,82
1803,82
1828,84
1824,84
1554,73
1528,72
1641,79
1723,78
1542,72
1733,81
1684,78
1781,83
1609,71
1537,73
1615,75
1681,78
1665,77
1701,76
1524,72
1419,70
1691,75
1684,78
1818,84
1656,78
1693,78
1828,82
1615,77
1574,73
1731,78
1711,77
1693,75
1664,78
1666,77
1781,82
1668,78
1675,76
1729,81
1741,80
1786,79
1628,76
1659,77
1809,83
1742,81
1699,76
1648,75
1711,79
1808,82
1690,75
1822,82
1756,81
1604,74
1716,77
1652,77
1496,73
1541,71
1521,72
1540,69
1433,68
1750,80
1794,79
1556,74
1487,70
1545,74
1799,83
1454,72
1774,77
1641,77
1652,77
1844,84
1754,79
1634,75
1712,78
1600,75
1761,82
1705,79
1729,80
1766,82
1684,76
1809,82
1742,81
1659,76
1707,78
1872,84
1663,77
1832,84
1749,81
1802,83
1796,81
1574,74
1584,74
1818,84
1648,77
1750,81
1588,73
1738,79
1672,79
1579,74
1858,84
1795,83
1818,84
1550,74
1839,81
1732,80
1677,78
1518,70
1728,78
1807,81
1631,76
1821,83
1623,74
1597,74
1696,78
1468,71
1647,76
1601,75
1658,76
1584,75
1467,69
1628,75
1696,80
1818,84
1834,84
1548,72
1523,71
1674,78
1507,73
1527,72
1464,70
1726,78
1551,72
1762,81
1665,76
1667,78
1657,78
1729,80
1656,76
1704,79
1564,73
1703,80
1580,76
1818,84
1683,74
1837,83
1728,77
1534,72
1670,78
1800,82
1610,73
1816,81
1632,76
1752,80
1797,83
1699,77
1766,82
1865,83
1771,83
1794,81
1617,72
1557,70
1578,73
1804,83
1834,84
1730,78
1550,75
1819,83
1545,75
1501,73
1778,81
1783,81
1579,75
1703,79
1596,76
1660,76
1608,73
1602,76
1795,82
1538,72
1743,80
1555,72
1573,75
1658,76
1642,76
1703,78
1820,84
1601,74
1615,73
1811,83
1531,74
1703,78
1724,79
1523,71
1673,78
1818,84
1779,82
1718,79
1668,79
1586,74
1748,81
1661,78
1731,78
1481,70
1561,74
1763,82
1391,66
1673,77
1645,77
1719,81
1478,71
1733,79
1798,83
1732,81
1603,75
1646,78
1564,72
1716,77
1693,78
1753,81
1674,77
1734,79
1741,80
1821,83
1837,83
1544,73
1755,77
1910,83
1519,73
1476,68
1751,79
1542,73
1750,80
1759,78
1484,72
1688,77
1639,75
1685,77
1803,83
1764,82
1472,70
1687,78
1571,74
1749,80
1610,74
1790,83
1716,81
1696,77
1679,79
1526,69
1518,74
1776,82
1662,79
1520,74
1752,80
1655,75
1822,84
1747,79
1670,78
1725,80
1529,74
1619,74
1826,84
1667,76
1818,84
1733,80
1755,79
1709,81
1562,73
1698,79
1651,76
1788,82
1519,72
1452,70
1777,80
1822,84
1790,83
1707,78
1705,79
1765,80
1513,72
1779,81
1650,76
1755,80
1682,78
1690,79
1659,77
1707,79
1728,79
1674,78
1627,76
1761,81
1628,76
1644,76
1519,69
1662,78
1591,74
1826,84
1677,79
1669,75
1818,84
1622,75
1575,74
1579,69
1727,79
1583,71
1426,70
1449,68
1704,77
1660,77
1731,81
1727,80
1476,70
1637,78
1779,82
1471,71
1594,72
1679,76
1643,76
1649,79
1710,79
1727,79
1763,81
1630,77
1693,78
1381,66
1830,83
1732,80
1686,77
1506,72
1788,83
1572,74
1703,79
1648,75
1818,84
1741,80
1680,79
1608,76
1820,84
1742,82
1460,70
1655,74
1718,80
1564,72
1695,78
1499,71
1694,77
1689,78
1777,83
1799,83
1542,71
1619,77
1758,81
1549,72
1731,79
1644,77
1613,75
1752,79
1743,82
1659,75
1727,79
1785,80
1669,76
1352,65
1751,80
1757,80
1526,72
1791,81
1621,74
1761,80
1485,72
1595,75
1787,82
1453,69
1655,78
1751,80
1633,77
1573,75
1671,77
1661,78
1581,76
1685,77
1708,80
1723,81
1617,75
1847,84
1812,82
1808,82
1769,80
1775,83
1685,76
1590,76
1796,81
1711,78
1788,79
1874,84
1765,78
1689,78
1588,74
1505,72
1825,82
1575,74
1576,72
1653,76
1572,75
1597,75
1590,75
1720,80
1699,79
1440,70
1639,78
1644,75
1737,80
1746,81
1424,69
1788,82
1788,83
1787,80
1797,81
1618,74
1821,81
1812,83
1677,80
1628,76
1811,83
1818,84
1567,73
1540,71
1457,70
1483,72
1531,73
1833,83
1777,81
1740,80
1707,78
1768,79
1801,83
1831,83
1665,78
1560,73
1622,74
1694,79
1749,80
1726,79
1499,71
1824,82
1728,80
1767,80
1512,70
1656,75
1824,82
1824,82
1750,81
1518,70
1634,76
1718,78
1746,82
1761,81
1414,69
1700,76
1523,73
1633,77
1729,76
1695,78
1704,79
1678,81
1537,72
1772,80
1676,78
1744,82
1645,76
1727,78
1840,84
1615,76
1801,81
1764,80
1597,73
1715,78
1658,78
1765,80
1623,76
1734,79
1744,79
1646,78
1514,72
1603,75
1808,83
1556,73
1695,77
1807,80
1661,77
1798,81
1507,72
1803,83
1623,72
1533,70
1840,84
1724,79
1563,74
1876,84
1466,72
1644,77
1797,81
1764,80
1649,76
1729,81
1706,79
1831,82
1671,78
1690,79
1643,76
1561,72
1829,83
1404,67
1803,81
1539,75
1584,75
1773,80
1794,83
1584,74
1794,83
1777,83
1677,75
1555,74
1805,81
1692,77
1788,81
1695,77
1685,77
1818,84
1765,82
1878,83
1516,72
1721,78
1737,79
1639,76
1636,77
1832,84
1774,81
1606,77
1780,77
1656,78
1783,82
1636,77
1691,76
1635,79
1742,77
1743,80
1843,83
1610,76
1594,74
1562,72
1653,76
1818,84
1740,81
1539,68
1587,74
1656,76
1627,73
1606,75
1693,75
1785,81
1704,80
1547,71
1796,81
1606,72
1738,77
1807,82
1653,76
1820,84
1795,83
1630,76
1619,74
1725,80
1583,73
1671,76
1687,78
1550,73
1628,76
1572,74
1672,78
1483,72
1717,79
1640,77
1819,76
1692,77
1579,74
1826,83
1901,84
1723,79
1717,80
1676,75
1567,74
1760,79
1553,71
1656,79
1734,78
1694,75
1679,80
1703,78
1678,78
1543,72
1734,77
1724,77
1488,68
1659,77
1665,78
1740,81
1583,75
1792,83
1620,76
1743,81
1818,84
1753,80
1693,77
1656,77
1663,77
1787,83
1645,75
1676,77
1660,78
1701,78
1672,79
1639,77
1603,75
1822,83
1784,80
1640,73
1700,76
1611,75
1448,69
1716,78
1758,78
1647,78
1805,83
1724,79
1643,77
1470,70
1613,77
1818,84
1790,83
1709,76
1555,75
1843,84
1819,82
1578,73
1826,82
1687,79
1588,76
1753,80
1664,77
1674,78
1641,72
1474,70
1375,66
1719,78
1574,73
1780,82
1636,75
1683,75
1684,76
1844,83
1659,77
1822,80
1800,82
1854,84
1619,73
1745,81
1789,82
1795,81
1435,67
1559,75
1749,81
1803,80
1615,74
1698,79
1657,76
1509,70
1708,79
1812,82
1510,73
1577,74
1608,73
1601,73
1489,67
1627,74
1476,71
1441,67
1790,81
1525,70
1604,76
1751,80
1759,79
1586,73
1810,83
1776,82
1425,68
1684,78
1653,76
1699,80
1711,78
1618,75
1707,79
1791,81
1745,80
1742,79
1676,77
1775,81
1671,77
1711,77
1475,73
1476,68
1800,83
1816,83
1659,74
1720,79
1595,74
1650,77
1658,76
1785,81
1814,80
1615,74
1713,79
1760,80
1789,79
1680,77
1713,78
1556,71
1824,83
1686,79
1473,69
1797,83
1826,83
1677,79
1674,79
1788,79
1751,82
1782,80
1635,76
1820,84
1659,79
1788,81
1625,75
1724,78
1698,78
1482,72
1715,81
1639,74
1655,76
1646,77
1651,72
1739,80
1597,74
1671,77
1758,82
1684,75
1672,78
1660,78
1602,75
1717,79
1604,76
1731,77
1644,76
1714,79
1822,84
1603,75
1674,76
1580,73
1744,78
1691,77
1742,82
1667,79
1653,76
1492,69
1824,84
1780,82
1751,79
1541,73
1646,76
1662,74
1750,79
1692,80
1700,77
1537,74
1817,83
1705,76
1714,79
1685,78
1834,81
1657,77
1664,76
1683,78
1724,81
1768,80
1488,70
1763,81
1658,76
1754,81
1577,74
1552,73
1716,78
1801,81
1545,74
1750,81
1615,77
1566,73
1662,75
1576,72
1745,78
1852,83
1719,80
1581,74
1609,74
1784,82
1781,82
1770,81
1659,77
1722,79
1758,80
1705,80
1748,78
1625,74
1737,80
1648,75
1677,80
1715,77
1801,83
1690,77
1345,66
1768,82
1740,81
1763,81
1783,81
1583,75
1735,81
1741,74
1678,78
1681,77
1658,74
1666,79
1673,75
1735,79
1781,81
1581,73
1554,72
1764,82
1803,83
1569,70
1701,80
1724,80
1611,76
1727,80
1800,80
1584,75
1700,75
1822,84
1607,73
1678,76
1633,74
1669,79
1814,83
1544,72
1768,80
1713,80
1799,81
1795,81
1807,80
1569,73
1635,77
1677,76
1743,79
1820,84
1689,77
1474,69
1818,81
1785,81
1722,79
1521,71
1726,80
1748,80
1692,80
1653,77
1765,78
1794,83
1579,73
1832,83
1558,74
1593,74
1728,78
1646,75
1660,77
1649,74
1630,75
1731,78
1794,83
1818,84
1573,71
1673,77
1644,77
1762,81
1648,77
1687,79
1606,74
1649,75
1812,81
1686,76
1795,80
1472,70
1601,72
1754,81
1594,76
1567,75
1564,74
1701,79
1653,78
1746,80
1634,75
1583,75
1707,78
1705,79
1621,76
1764,81
1802,82
1428,68
1739,79
1740,81
1676,76
1742,82
1722,81
1581,75
1708,77
1759,81
1794,76
1768,82
1690,76
1638,75
1793,82
1757,82
1779,82
1736,79
1706,79
1697,79
1809,83
1695,75
1584,74
1617,77
1659,76
1639,74
1743,80
1680,78
1547,73
1686,76
1800,83
1700,80
1714,78
1535,72
1633,75
1816,83
1695,76
1735,77
1694,77
1682,77
1676,78
1461,68
1708,78
1804,83
1794,83
1688,76
1702,77
1544,73
1745,78
1653,76
1426,67
1724,79
1686,79
1759,80
1631,76
1574,69
1521,71
1846,84
1871,80
1656,75
1588,74
1529,72
1696,75
1648,76
1362,64
1577,73
1787,82
1826,84
1485,67
1650,75
1603,73
1748,80
1588,72
1658,78
1732,79
1666,77
1795,83
1425,69
1726,80
1643,77
1695,77
1828,84
1467,68
1763,82
1657,76
1433,69
1696,77
1888,82
1717,77
1818,84
1757,77
1710,81
1748,81
1553,70
1705,78
1829,81
1796,80
1595,74
1563,74
1753,79
1791,83
1725,77
1754,77
1756,81
1692,79
1678,80
1609,74
1689,79
1751,80
1573,72
1838,83
1632,77
1672,77
1692,77
1737,81
1711,76
1818,84
1752,80
1576,75
1840,84
1584,72
1668,78
1748,80
1812,80
1521,72
1704,77
1598,73
1583,75
1604,75
1755,81
1569,75
1606,76
1775,81
1604,74
1462,69
1783,83
1720,80
1564,74
1510,72
1824,84
1773,82
1659,76
1762,79
1659,75
1564,69
1396,67
1768,81
1645,76
1422,66
1752,80
1753,81
1603,75
1815,83
1732,78
1695,78
1763,80
1825,83
1787,80
1626,76
1809,82
1818,84
1769,79
1689,77
1531,72
1689,79
1630,76
1645,75
1618,76
1707,78
1658,78
1670,78
1580,73
1692,78
1723,79
1641,77
1748,81
1715,78
1735,80
1793,81
1706,79
1583,72
1649,79
1714,78
1740,81
1664,78
1777,80
1677,75
1875,83
1746,81
1587,73
1687,77
1783,82
1500,70
1835,82
1491,67
1631,77
1593,75
1660,77
1679,78
1713,79
1776,81
1783,79
1686,79
1695,75
1754,81
1802,83
1629,75
1820,84
1578,73
1539,73
1661,77
1644,75
1418,67
1727,80
1807,83
1544,71
1734,79
1750,79
1701,79
1710,79
1589,76
1628,77
1751,79
1806,83
1463,68
1694,79
1792,81
1458,71
1803,81
1449,68
1619,74
1532,71
1686,76
1740,81
1805,82
1731,78
1679,78
1683,79
1679,77
1672,76
1646,75
1699,79
1636,77
1835,83
1814,81
1705,76
1499,70
1697,77
1755,78
1558,71
1701,79
1663,74
1667,76
1786,83
1835,84
1608,77
1697,78
1807,82
1606,72
1708,80
1675,77
1671,75
1566,73
1737,77
1683,80
1732,77
1515,72
1642,74
1748,80
1789,82
1668,78
1477,72
1697,79
1811,82
1575,72
1691,79
1869,83
1768,82
1615,73
1676,74
1782,82
1828,83
1639,74
1822,84
1671,76
1739,82
1548,72
1653,75
1655,76
1503,71
1801,81
1564,70
1575,73
1833,81
1751,78
1609,74
1471,70
1818,84
1574,74
1675,77
1451,69
1704,78
1373,66
1744,79
1420,68
1482,72
1556,74
1727,80
1765,80
1708,79
1688,77
1662,77
1719,78
1707,79
1722,79
1496,72
1774,78
1739,81
1452,68
1657,74
1634,75
1824,83
1608,72
1553,71
1474,70
1661,78
1848,83
1727,80
1780,80
1671,77
1722,79
1611,75
1656,78
1636,75
1824,84
1624,74
1729,78
1618,75
1619,74
1649,75
1583,73
1582,72
1749,80
1463,71
1672,78
1645,76
1757,80
1575,71
1813,81
1713,77
1550,75
1795,81
1481,65
1505,69
1681,77
1664,77
1588,74
1636,75
1590,75
1719,78
1785,83
1668,79
1707,79
1742,79
1620,76
1428,69
1712,78
1733,78
1793,78
1730,80
1767,81
1720,80
1846,84
1678,76
1729,78
1756,78
1854,84
1810,80
1649,78
1487,72
1482,69
1664,78
1598,74
1775,79
1690,77
1799,80
1719,78
1500,71
1696,77
1671,76
1770,80
1743,78
1594,77
1734,77
1820,84
1642,75
1511,70
1635,76
1774,81
1752,82
1751,80
1676,79
1773,83
1463,72
1551,73
1671,76
1655,76
1735,79
1732,78
1746,80
1451,71
1480,68
1818,84
1596,74
1830,84
1832,80
1754,80
1684,77
1646,73
1698,78
1779,80
1686,77
1725,78
1654,78
1725,77
1712,79
1836,84
1505,70
1770,81
1821,83
1688,79
1619,74
1682,77
1729,76
1693,78
1704,80
1593,74
1828,83
1622,73
1670,75
1420,67
1625,73
1692,79
1591,72
1661,77
1820,84
1778,82
1802,83
1640,75
1818,84
1561,73
1736,79
1834,84
1723,80
1507,74
1697,78
1805,83
1752,81
1783,83
1549,73
1684,77
1685,76
1777,83
1481,70
1579,73
1820,84
1508,74
1713,79
1642,75
1810,83
1542,70
1727,80
1769,78
1702,78
1810,82
1675,79
1500,73
1835,82
1596,76
1800,83
1622,74
1597,72
1670,76
1771,80
1762,79
1781,80
1742,78
1746,81
1638,76
1764,80
1707,77
1760,81
1502,74
1630,73
1636,77
1726,79
1589,73
1716,79
1783,83
1788,82
1587,71
1765,81
1706,79
1533,71
1796,82
1697,79
1636,75
1768,78
1750,81
1714,78
1576,74
1661,78
1593,72
1715,77
1552,74
1501,72
1616,76
1719,79
1781,82
1745,80
1691,79
1689,78
1646,75
1701,79
1664,78
1588,73
1705,78
1686,77
1603,73
1694,79
1722,80
1650,79
1818,84
1802,83
1742,81
1574,74
1743,80
1786,80
1645,75
1743,79
1547,71
1725,79
1757,82
1780,80
1684,79
1832,83
1838,84
1578,73
1716,80
1731,78
1854,84
1626,74
1512,71
1618,76
1702,77
1662,75
1781,81
1745,80
1682,78
1712,78
1572,72
1818,84
1699,79
1818,84
1728,78
1806,81
1392,69
1703,78
1789,79
1824,80
1741,80
1835,82
1769,80
1780,82
1747,80
1762,80
1717,80
1773,81
1553,75
1652,76
1479,69
1547,74
1687,78
1532,72
1532,70
1684,76
1645,75
1731,79
1584,75
1622,75
1718,80
1711,76
1818,84
1656,78
1535,71
1654,77
1563,73
1515,69
1725,78
1657,77
1696,76
1851,81
1644,74
1590,74
1810,83
1742,80
1675,79
1876,83
1463,68
1660,75
1701,78
1723,81
1436,68
1552,71
1692,77
1742,82
1704,80
1673,77
1614,76
1654,76
1744,80
1717,79
1792,83
1824,84
1818,84
1702,79
1764,81
1719,78
1702,78
1621,76
1825,83
1791,83
1764,82
1691,77
1812,83
1596,74
1746,81
1678,77
1606,76
1791,81
1354,68
1773,82
1653,78
1820,84
1653,78
1687,78
1720,77
1710,80
1721,81
1603,73
1680,77
1730,81
1681,78
1758,79
1431,68
1760,81
1785,81
1647,76
1728,79
1582,72
1629,77
1735,78
1674,76
1701,76
1783,83
1630,75
1501,70
1662,77
1723,77
1392,69
1815,80
1624,76
1818,84
1737,76
1785,82
1708,77
1784,82
1807,83
1795,83
1611,75
1507,71
1600,75
1756,82
1732,78
1589,77
1785,81
1838,84
1840,82
1719,81
1644,72
1627,75
1607,73
1744,80
1543,74
1763,78
1794,83
1679,79
1685,78
1523,72
1617,74
1698,80
1762,77
1781,83
1596,76
1719,76
1590,74
1822,82
1411,68
1542,72
1652,76
1783,80
1749,81
1748,78
1758,81
1683,77
1715,78
1760,81
1646,78
1524,73
1759,81
1806,83
1665,78
1730,78
1783,83
1818,84
1646,78
1720,80
1580,75
1564,74
1730,79
1643,76
1671,77
1755,82
1706,78
1491,70
1681,78
1611,73
1617,76
1648,76
1451,68
1691,79
1593,74
1705,78
1764,80
1696,78
1756,80
1564,74
1809,81
1744,81
1745,78
1764,81
1758,78
1611,78
1723,79
1733,78
1768,83
1638,76
1681,79
1723,78
1558,72
1516,69
1684,77
1820,84
1568,75
1811,83
1463,68
1538,72
1668,77
1566,73
1633,76
1771,81
1552,69
1633,74
1640,75
1801,82
1576,75
1471,70
1702,79
1705,78
1735,79
1690,80
1818,84
1778,79
1524,74
1696,76
1837,83
1647,75
1782,82
1645,77
1678,78
1669,77
1627,77
1728,81
1669,79
1795,81
1623,76
1719,80
1658,77
1567,75
1705,80
1747,80
1772,81
1785,83
1776,81
1736,80
1611,75
1384,67
1521,72
1675,76
1763,81
1508,74
1765,82
1630,74
1680,78
1678,77
1462,70
1789,81
1797,82
1485,73
1735,80
1772,82
1618,76
1698,80
1668,76
1481,71
1831,83
1703,78
1815,82
1713,80
1796,83
1466,71
1460,71
1631,77
1679,78
1737,81
1355,64
1672,78
1562,71
1775,80
1689,78
1598,75
1664,78
1830,81
1674,78
1723,81
1480,68
1781,82
1621,74
1565,73
1620,77
1859,83
1697,80
1776,82
1791,82
1532,72
1633,76
1665,76
1726,79
1794,81
1547,72
1706,78
1740,78
1800,82
1433,69
1791,82
1743,80
1818,84
1752,79
1551,74
1794,83
1542,75
1860,82
1699,79
1610,76
1797,81
1629,75
1691,77
1765,80
1490,72
1693,77
1666,77
1738,78
1640,73
1570,74
1688,78
1477,72
1617,76
1740,79
1496,70
1712,79
1531,73
1752,77
1751,81
1732,75
1802,80
1714,79
1401,68
1820,83
1734,81
1748,81
1700,74
1750,81
1740,81
1675,77
1671,77
1796,81
1602,73
1646,76
1742,80
1833,82
1785,83
1717,79
1811,83
1645,78
1663,78
1542,73
1522,74
1832,84
1714,79
1411,67
1730,81
1623,74
1680,77
1726,81
1799,82
1723,81
1803,82
1748,81
1735,80
1598,74
1637,76
1670,78
1574,73
1680,75
1673,78
1710,78
1625,76
1707,78
1805,82
1655,76
1702,78
1720,81
1582,73
1657,78
1524,72
1649,77
1757,79
1733,81
1822,84
1724,79
1866,84
1670,75
1630,75
1867,83
1669,78
1796,82
1828,83
1770,82
1690,79
1622,75
1701,78
1626,75
1723,79
1567,72
1696,78
1860,83
1615,75
1854,84
1543,72
1550,72
1663,75
1653,77
1640,77
1651,77
1703,80
1611,74
1746,79
1740,81
1639,76
1573,74
1691,79
1789,82
1785,83
1531,71
1735,81
1651,76
1712,79
1783,81
1836,84
1599,73
1558,72
1784,82
1620,76
1741,78
1586,76
1762,80
1630,75
1712,80
1818,84
1728,79
1667,78
1613,75
1799,83
1793,83
1626,72
1785,83
1818,84
1623,76
1702,80
1394,69
1494,70
1749,81
1587,76
1774,82
1718,79
1518,72
1655,79
1651,78
1590,73
1730,79
1677,76
1683,78
1700,79
1824,84
1562,74
1546,74
1814,82
1625,74
1732,81
1802,83
1752,80
1475,71
1682,78
1628,75
1617,74
1556,73
1708,78
1751,79
1648,78
1814,82
1746,81
1596,75
1708,79
1820,84
1701,78
1404,68
1747,80
1369,66
1672,78
1477,71
1730,79
1773,82
1813,83
1681,77
1796,79
1660,77
1653,75
1836,84
1655,76
1736,81
1766,81
1471,67
1539,70
1440,69
1820,84
1638,76
1591,72
1490,71
1744,80
1740,81
1420,70
1564,74
1655,79
1597,73
1709,77
1619,76
1791,81
1660,77
1552,73
1646,73
1713,78
1768,82
1701,79
1623,75
1711,76
1686,80
1523,74
1604,76
1570,72
1669,74
1441,70
1740,78
1647,78
1670,78
1679,78
1546,70
1549,71
1698,76
1550,72
1681,79
1619,75
1790,81
1483,67
1643,79
1822,84
1581,74
1684,79
1566,73
1440,68
1714,78
1766,80
1704,78
1683,77
1651,75
1874,84
1707,79
1742,80
1742,82
1699,81
1818,84
1682,77
1617,75
1466,71
1606,74
1503,70
1614,75
1686,77
1744,77
1737,80
1631,74
1484,71
1521,72
1532,73
1702,79
1657,77
1773,81
1619,75
1811,82
1729,80
1561,73
1686,78
1726,81
1783,82
1692,76
1605,75
1762,82
1769,80
1748,80
1762,82
1659,76
1818,81
1503,72
1792,83
1807,82
1664,78
1601,76
1643,78
1576,72
1706,77
1337,67
1548,69
1617,74
1766,81
1659,75
1615,75
1604,74
1583,74
1544,72
1672,76
1719,79
1742,82
1533,72
1622,76
1846,83
1770,80
1688,80
1534,72
1412,66
1664,78
1487,71
1667,78
1734,82
1722,78
1727,78
1649,78
1830,81
1726,78
1618,77
1779,81
1691,79
1603,73
1771,83
1700,79
1818,84
1806,80
1800,81
1728,79
1679,79
1592,76
1822,84
1744,79
1748,80
1855,83
1498,70
1587,74
1443,68
1521,69
1657,78
1633,76
1666,75
1793,82
1545,71
1527,72
1644,76
1824,83
1764,81
1829,83
1657,76
1723,79
1728,81
1660,79
1857,83
1740,79
1741,80
1648,77
1625,76
1751,80
1584,73
1552,72
1495,71
1697,77
1793,82
1748,81
1677,77
1639,75
1559,74
1818,84
1567,74
1820,83
1818,84
1671,76
1388,69
1639,77
1814,83
1734,79
1695,79
1728,79
1633,76
1704,75
1719,80
1695,78
1681,78
1663,77
1646,76
1726,79
1734,81
1773,80
1676,77
1740,79
1826,83
1611,76
1565,75
1578,76
1765,80
1708,76
1839,82
1550,72
1740,81
1532,70
1825,82
1518,72
1670,77
1454,69
1709,79
1687,79
1693,77
1822,83
1770,80
1776,82
1711,78
1764,81
1806,82
1568,71
1624,75
1644,77
1652,75
1703,78
1641,76
1611,74
1787,82
1578,76
1738,79
1847,80
1422,68
1789,79
1707,79
1458,72
1593,76
1505,71
1668,79
1832,84
1353,68
1700,78
1546,72
1669,78
1736,79
1705,78
1788,82
1721,77
1656,77
1753,81
1676,77
1536,74
1675,76
1622,76
1666,77
1612,76
1805,83
1756,80
1619,75
1784,83
1811,83
1760,80
1688,77
1785,80
1617,76
1621,77
1669,77
1551,73
1511,71
1753,81
1701,78
1489,71
1583,75
1783,82
1768,81
1655,76
1604,75
1667,79
1774,79
1732,81
1678,77
1634,75
1712,79
1682,80
1731,79
1666,76
1623,77
1623,74
1784,83
1830,84
1564,72
1446,70
1741,78
1603,75
1796,81
1530,73
1691,79
1703,79
1646,77
1667,77
1660,78
1707,78
1767,81
1591,74
1492,72
1700,78
1633,76
1478,73
1834,84
1816,83
1434,68
1785,81
1531,74
1606,77
1764,81
1709,80
1746,81
1728,80
1658,78
1530,71
1600,76
1824,84
1685,75
1644,75
1630,76
1763,80
1747,81
1695,77
1746,81
1680,77
1702,76
1842,83
1708,78
1735,78
1612,72
1753,79
1778,81
1725,80
1700,79
1751,81
1872,83
1642,75
1597,74
1729,78
1671,77
1595,76
1603,73
1757,81
1667,77
1390,65
1599,75
1709,79
1694,78
1652,76
1765,81
1608,73
1583,70
1822,84
1641,75
1602,76
1686,78
1729,77
1600,77
1694,77
1752,79
1781,82
1732,80
1540,73
1457,69
1630,75
1702,77
1489,71
1674,77
1587,73
1708,79
1598,75
1648,77
1735,80
1824,84
1720,79
1720,80
1705,79
1653,76
1758,81
1760,80
1424,66
1717,78
1647,75
1831,82
1609,75
1663,75
1655,78
1596,76
1702,78
1814,82
1462,71
1628,77
1830,84
1675,76
1625,76
1652,76
1495,71
1779,82
1711,78
1490,73
1554,73
1528,72
1810,82
1639,74
1726,79
1724,79
1794,81
1583,74
1711,77
1496,70
1541,73
1786,83
1769,81
1643,75
1777,81
1546,73
1571,73
1642,76
1810,82
1651,76
1786,82
1642,75
1789,81
1514,69
1561,72
1806,81
1763,81
1584,75
1771,79
1777,82
1797,80
1745,81
1829,83
1603,76
1649,76
1684,76
1791,82
1296,63
1726,80
1637,75
1520,72
1630,76
1738,81
1782,82
1612,75
1626,76
1754,81
1729,78
1676,77
1732,81
1786,83
1598,76
1720,79
1788,82
1781,82
1526,71
1789,82
1748,81
1776,82
1752,82
1737,76
1848,84
1714,80
1479,71
1572,71
1794,79
1564,71
1803,83
1845,83
1664,77
1641,76
1724,79
1767,80
1719,80
1713,79
1430,68
1764,81
1604,74
1818,82
1749,80
1620,72
1670,78
1852,84
1460,69
1832,84
1836,81
1636,77
1687,77
1619,76
1768,82
1604,74
1663,78
1738,81
1818,84
1646,77
1671,79
1837,84
1762,80
1762,78
1514,72
1608,75
1720,78
1680,76
1656,76
1676,78
1775,78
1616,77
1706,78
1800,82
1724,79
1757,78
1620,76
1633,77
1704,79
1786,83
1758,82
1804,83
1757,81
1698,77
1731,78
1696,77
1817,79
1695,78
1808,83
1831,83
1818,84
1699,79
1584,73
1594,74
1650,76
1728,77
1624,74
1642,76
1689,80
1723,80
1614,72
1528,70
1554,73
1812,83
1485,73
1846,83
1592,74
1660,79
1536,72
1688,78
1604,75
1542,71
1808,83
1842,83
1691,80
1621,77
1754,80
1496,70
1680,77
1850,84
1719,80
1818,84
1710,81
1611,78
1355,68
1732,80
1696,78
1732,80
1665,76
1495,70
1602,76
1720,81
1752,79
1573,74
1766,81
1611,73
1711,80
1715,80
1688,78
1504,71
1671,77
1849,81
1780,81
1664,76
1555,73
1822,84
1648,75
1705,77
1550,73
1530,72
1593,74
1696,79
1737,76
1780,80
1645,77
1584,75
1640,76
1608,75
1317,63
1616,77
1661,78
1696,79
1867,80
1517,73
1641,78
1555,71
1807,83
1597,73
1660,75
1547,74
1550,74
1822,84
1749,79
1757,82
1765,81
1818,84
1737,81
1716,78
1544,71
1599,73
1642,77
1846,84
1696,78
1560,75
1575,73
1600,74
1617,74
1729,79
1688,77
1632,77
1712,78
1613,75
1791,83
1661,77
1699,80
1768,82
1560,75
1717,81
1842,84
1612,75
1830,84
1809,83
1669,75
1466,70
1697,78
1751,79
1621,74
1630,77
1745,79
1669,76
1733,80
1620,75
1664,77
1639,77
1539,73
1708,78
1753,81
1832,84
1601,74
1573,74
1538,71
1567,74
1567,73
1689,76
1551,71
1675,76
1567,76
1805,82
1794,82
1723,76
1820,82
1733,78
1659,77
1580,72
1685,78
1775,82
1781,82
1702,79
1571,74
1639,76
1688,76
1649,76
1709,75
1592,74
1651,73
1793,82
1791,82
1695,77
1542,74
1797,83
1539,73
1645,77
1841,82
1412,65
1650,79
1734,82
1825,83
1599,77
1628,75
1551,70
1692,74
1622,75
1811,83
1813,82
1578,73
1728,81
1672,77
1737,78
1824,84
1818,84
1818,84
1641,75
1573,75
1682,79
1665,75
1752,81
1513,73
1793,80
1671,77
1628,77
1727,78
1746,78
1584,73
1745,79
1552,71
1677,79
1603,74
1505,68
1630,76
1606,75
1691,77
1706,80
1697,78
1708,75
1666,75
1658,77
1422,69
1760,80
1685,79
1678,78
1794,82
1719,78
1771,79
1695,77
1676,78
1812,83
1590,74
1734,76
1576,73
1689,77
1737,80
1818,80
1711,79
1714,75
1766,79
1419,67
1584,73
1785,78
1811,83
1739,80
1723,79
1693,79
1514,71
1507,72
1818,84
1712,78
1653,78
1605,76
1709,78
1849,82
1481,72
1701,80
1521,72
1722,79
1741,81
1606,75
1676,79
1701,79
1696,79
1774,81
1773,79
1613,76
1740,79
1559,75
1681,78
1777,82
1594,76
1794,80
1832,84
1476,71
1709,80
1795,83
1586,75
1801,83
1587,75
1733,81
1801,83
1804,80
1641,77
1763,81
1751,81
1733,78
1772,82
1610,77
1815,83
1612,76
1737,79
1773,79
1569,72
1735,80
1759,77
1713,80
1850,84
1824,82
1853,84
1670,78
1515,70
1662,74
1708,77
1806,81
1782,82
1433,69
1792,83
1723,77
1700,76
1551,73
1674,78
1729,81