1455,66
1496,66
1423,66
1342,62
1258,59
1387,65
1398,65
1390,66
1298,61
1393,65
1412,67
1429,68
1429,68
1525,70
1399,63
1515,70
1451,68
1492,69
1496,68
1474,67
1481,67
1598,71
1596,71
1596,68
1492,67
1454,65
1531,68
1542,69
1502,65
1421,64
1531,69
1577,71
1548,70
1579,71
1465,68
1509,68
1494,66
1505,66
1495,68
1533,67
1467,65
1453,67
1475,66
1462,68
1471,66
1502,69
1453,67
1454,67
1625,72
1456,66
1467,66
1480,67
1425,63
1562,70
1608,71
1571,68
1500,69
1520,69
1622,71
1295,62
1341,62
1378,64
1659,73
1582,71
1558,69
1368,62
1548,69
1392,63
1557,68
1472,67
1428,67
1630,73
1484,68
1360,61
1446,66
1437,66
1525,71
1462,68
1601,70
1588,69
1463,65
1432,67
1436,63
1615,72
1595,71
1340,62
1413,65
1504,69
1619,73
1363,64
1313,61
1510,66
1494,67
1475,68
1540,71
1628,72
1537,68
1474,65
1566,71
1567,71
1327,64
1460,67
1468,66
1264,61
1775,76
1702,74
1495,68
1464,66
1477,68
1698,73
1586,70
1638,71
1367,64
1464,67
1453,67
1735,75
1527,70
1590,70
1220,60
1433,65
1417,66
1288,62
1468,66
1513,69
1368,63
1279,60
1531,67
1431,64
1675,73
1663,73
1693,72
1361,64
1561,66
1364,64
1734,74
1732,75
1731,75
1424,63
1634,74
1347,62
1644,70
1464,64
1660,73
1316,60
1528,67
1188,59
1645,72
1465,66
1562,70
1592,68
1499,66
1722,75
1491,67
1453,65
1404,65
1424,66
1348,63
1712,73
1468,65
1541,65
1744,75
1528,66
1272,63
1757,75
1663,73
1660,71
1396,64
1333,62
1557,67
1550,69
1738,75
1472,67
1402,65
1701,73
1437,66
1377,64
1543,70
1473,66
1502,66
1495,66
1457,67
1637,72
1472,66
1694,73
1481,65
1506,68
1624,71
1385,61
1674,73
1522,68
1692,72
1627,70
1383,65
1757,75
1762,74
1573,69
1537,70
1523,66
1760,76
1235,58
1188,56
1496,68
1542,70
1432,67
1582,70
1234,59
1573,70
1594,69
1287,62
1379,64
1504,68
1316,61
1293,60
1316,61
1211,58
1325,64
1496,68
1528,69
1376,65
1551,69
1537,70
1524,68
1720,74
1441,66
1490,70
1449,67
1470,67
1542,67
1489,67
1386,65
1492,68
1613,71
1661,72
1543,70
1381,64
1757,75
1401,64
1465,72
1305,61
1477,67
1546,69
1436,65
1418,65
1490,68
1320,62
1390,66
1416,67
1408,65
1555,70
1554,70
1822,77
1447,65
1576,69
1692,74
1434,64
1505,67
1447,62
1552,69
1377,62
1762,74
1593,68
1800,76
1563,68
1674,71
1656,71
1692,73
1555,67
1557,66
1545,67
1598,71
1296,57
1309,60
1431,65
1335,61
1404,62
1484,65
1594,70
1533,66
1436,66
1430,63
1673,73
1661,71
1506,65
1653,74
1450,65
1474,65
1361,62
1494,66
1512,67
1757,75
1447,66
1554,68
1624,69
1352,62
1775,75
1461,66
1390,62
1696,72
1662,72
1348,60
1409,66
1505,67
1670,70
1723,72
1413,63
1662,70
1512,66
1791,76
1801,76
1621,70
1481,66
1701,72
1618,69
1699,71
1319,60
1684,75
1591,67
1269,59
1542,69
1571,68
1494,67
1743,73
1486,67
1574,70
1352,62
1419,64
1432,65
1447,65
1524,66
1279,59
1425,65
1782,75
1429,64
1568,68
1649,72
1545,69
1631,72
1446,64
1614,71
1304,61
1472,66
1707,73
1738,75
1450,65
1574,67
1431,62
1567,70
1749,72
1360,62
1418,62
1582,70
1486,66
1430,63
1528,66
1774,75
1683,73
1407,66
1340,63
1499,66
1545,68
1607,68
1310,62
1711,73
1415,65
1335,63
1597,69
1326,61
1460,65
1572,68
1346,59
1554,67
1487,68
1528,66
1451,65
1524,67
1650,70
1622,70
1818,75
1803,75
1521,69
1677,71
1774,75
1427,65
1690,74
1546,67
1501,67
1545,68
1562,67
1496,66
1428,64
1481,66
1810,76
1664,73
1539,68
1508,64
1377,63
1358,61
1418,64
1462,66
1502,66
1444,68
1462,63
1503,65
1743,74
1392,64
1457,64
1745,74
1439,64
1705,70
1544,67
1561,69
1514,69
1613,71
1349,60
1369,62
1465,67
1698,73
1317,61
1416,65
1628,69
1570,69
1343,64
1386,63
1704,73
1566,68
1433,65
1393,64
1661,72
1614,70
1500,65
1676,72
1573,68
1765,74
1502,66
1468,67
1512,68
1281,60
1747,74
1394,63
1192,56
1435,64
1347,59
1513,67
1240,58
1470,65
1409,62
1711,75
1532,68
1518,70
1720,75
1526,69
1366,58
1509,66
1468,64
1703,72
1670,71
1458,65
1446,65
1678,71
1693,73
1803,76
1366,64
1677,73
1556,71
1759,75
1412,67
1583,70
1486,67
1628,70
1446,66
1243,60
1726,72
1391,63
1436,64
1438,63
1737,75
1412,65
1589,68
1712,74
1633,69
1336,63
1608,70
1792,74
1535,66
1390,63
1299,61
1428,62
1506,68
1474,63
1478,66
1566,69
1473,64
1524,70
1549,67
1520,68
1618,70
1448,63
1520,67
1402,65
1390,63
1691,72
1351,61
1782,75
1433,65
1391,64
1476,67
1677,73
1378,60
1455,65
1534,69
1429,64
1651,71
1811,75
1651,69
1494,65
1520,69
1364,64
1281,58
1542,68
1393,63
1548,68
1502,68
1680,72
1628,73
1386,63
1362,63
1701,71
1672,72
1601,70
1635,71
1551,68
1617,69
1622,71
1774,75
1655,70
1712,73
1489,67
1547,68
1438,65
1577,67
1620,71
1494,64
1397,64
1746,73
1816,76
1345,62
1316,63
1360,63
1741,74
1444,65
1617,71
1772,72
1421,65
1449,66
1566,69
1505,68
1470,66
1716,73
1391,63
1677,74
1413,64
1341,65
1635,70
1563,68
1592,70
1495,68
1536,68
1374,64
1379,63
1292,62
1448,66
1399,65
1628,70
1197,56
1421,65
1623,70
1574,68
1465,66
1415,63
1470,66
1504,67
1698,71
1460,64
1549,70
1542,64
1500,65
1449,64
1447,64
1353,59
1347,61
1577,68
1609,72
1407,64
1324,58
1564,70
1401,63
1626,71
1671,73
1636,69
1571,67
1482,67
1668,74
1513,66
1504,67
1515,66
1399,63
1655,72
1630,71
1395,62
1742,75
1572,70
1488,66
1566,70
1347,64
1463,65
1437,63
1223,56
1456,66
1724,73
1597,70
1293,60
1505,68
1352,62
1535,69
1460,61
1688,72
1480,64
1378,62
1809,75
1497,66
1484,67
1312,63
1398,60
1595,70
1284,58
1402,63
1419,64
1517,67
1467,65
1529,66
1507,68
1405,64
1453,68
1437,65
1746,75
1441,64
1495,67
1398,64
1496,66
1489,67
1613,70
1686,74
1812,76
1637,73
1704,74
1485,66
1379,65
1557,66
1448,65
1432,61
1776,75
1509,66
1455,65
1740,73
1694,72
1822,77
1516,65
1499,66
1464,64
1469,66
1621,71
1547,67
1461,65
1384,63
1482,68
1444,67
1335,60
1493,67
1509,66
1388,62
1462,65
1504,66
1503,67
1533,66
1469,68
1684,71
1573,69
1530,67
1424,65
1820,77
1783,75
1410,65
1560,68
1571,70
1347,60
1538,67
1550,69
1239,59
1787,75
1474,67
1655,72
1305,59
1310,60
1656,71
1563,65
1334,61
1806,77
1490,66
1314,61
1343,60
1725,74
1492,65
1350,62
1615,70
1591,72
1395,62
1480,65
1597,69
1449,64
1529,68
1462,66
1549,70
1523,67
1441,64
1825,77
1596,69
1296,60
1458,65
1695,72
1772,76
1346,62
1730,74
1671,70
1423,64
1460,66
1721,72
1604,70
1668,73
1808,77
1680,72
1457,67
1420,64
1294,61
1758,74
1567,68
1802,77
1575,69
1491,67
1576,68
1632,70
1525,68
1762,74
1737,75
1140,55
1746,75
1709,73
1540,69
1380,62
1518,65
1558,70
1485,66
1344,62
1299,62
1771,76
1565,68
1595,70
1237,60
1269,59
1384,64
1585,69
1502,66
1396,63
1771,76
1730,74
1490,67
1573,70
1583,70
1736,73
1574,69
1504,65
1481,64
1556,66
1406,65
1552,68
1712,71
1427,64
1506,66
1692,74
1556,67
1558,69
1343,62
1562,67
1456,65
1421,65
1521,68
1379,62
1361,62
1388,62
1623,72
1682,73
1600,70
1617,71
1341,59
1465,62
1552,69
1798,76
1727,73
1414,65
1740,73
1808,77
1802,77
1572,70
1585,71
1298,61
1548,69
1595,70
1617,69
1532,68
1541,70
1432,63
1669,73
1400,62
1548,67
1403,63
1501,65
1574,69
1588,68
1576,70
1778,74
1633,69
1591,70
1486,67
1409,63
1625,72
1448,63
1705,73
1436,65
1347,60
1373,62
1388,65
1597,70
1437,64
1403,65
1187,58
1718,75
1470,65
1439,64
1686,70
1426,69
1513,69
1597,71
1270,59
1584,67
1532,69
1569,69
1712,73
1760,74
1730,74
1573,70
1376,63
1541,68
1430,67
1390,63
1628,70
1536,67
1586,69
1587,68
1385,63
1425,63
1417,65
1425,63
1364,61
1499,67
1411,62
1343,62
1791,76
1413,64
1330,60
1562,68
1414,63
1331,60
1438,65
1401,63
1470,68
1622,71
1458,64
1468,66
1478,68
1728,73
1550,66
1416,64
1708,72
1472,64
1412,61
1684,73
1360,63
1539,67
1372,62
1438,64
1541,67
1317,63
1709,73
1402,63
1500,66
1402,63
1568,68
1445,64
1620,71
1465,66
1354,65
1802,77
1371,64
1478,69
1392,65
1729,72
1529,66
1396,63
1466,66
1411,64
1734,73
1497,64
1681,72
1661,72
1594,67
1618,69
1495,68
1472,65
1528,67
1578,69
1581,69
1454,65
1592,71
1464,66
1771,73
1368,64
1805,76
1454,66
1371,63
1463,65
1502,67
1657,72
1480,65
1709,74
1687,72
1642,72
1498,69
1444,66
1730,74
1501,66
1558,70
1724,72
1430,64
1560,68
1541,67
1528,66
1586,69
1453,64
1516,67
1510,66
1454,66
1463,65
1584,70
1720,74
1416,63
1413,65
1774,76
1537,67
1473,68
1536,69
1590,68
1415,63
1484,67
1539,70
1450,65
1433,65
1778,76
1524,69
1535,67
1422,63
1598,69
1603,68
1754,75
1750,76
1446,65
1455,66
1514,67
1378,62
1689,73
1634,71
1511,65
1492,67
1243,59
1499,66
1355,64
1645,72
1365,61
1665,71
1463,63
1814,77
1394,62
1401,63
1577,69
1302,61
1702,74
1399,61
1459,67
1461,66
1549,68
1430,63
1455,67
1657,69
1381,63
1548,68
1395,64
1262,61
1227,60
1528,68
1278,59
1477,68
1547,68
1648,70
1595,71
1775,76
1707,72
1266,59
1682,73
1430,64
1727,74
1363,63
1361,62
1595,69
1559,69
1259,58
1592,67
1463,67
1758,74
1507,68
1540,65
1514,66
1430,65
1446,65
1772,76
1533,66
1591,71
1275,59
1653,72
1456,64
1443,65
1391,64
1373,65
1536,70
1620,70
1682,72
1628,71
1350,61
1699,73
1389,63
1467,65
1424,67
1334,61
1487,65
1595,68
1423,65
1584,67
1694,73
1770,75
1557,69
1791,76
1611,71
1556,65
1686,73
1715,75
1712,73
1482,67
1464,65
1584,71
1527,66
1449,65
1735,74
1267,58
1557,67
1479,67
1525,67
1550,68
1676,72
1525,66
1681,72
1267,62
1435,64
1479,66
1588,68
1311,61
1757,75
1361,63
1385,64
1569,65
1463,64
1761,76
1554,67
1692,71
1697,73
1468,65
1294,60
1419,63
1518,67
1341,59
1640,72
1406,65
1322,60
1421,64
1654,71
1413,64
1258,60
1522,66
1327,64
1432,63
1394,65
1496,66
1484,67
1593,69
1715,73
1317,60
1538,68
1268,58
1267,59
1524,68
1697,75
1499,67
1496,68
1435,63
1672,71
1690,71
1578,69
1437,66
1612,72
1534,67
1575,70
1676,72
1756,75
1504,67
1730,72
1679,74
1594,70
1443,64
1638,70
1392,63
1466,65
1526,69
1663,72
1603,71
1665,72
1315,60
1559,70
1453,63
1500,69
1495,66
1708,74
1415,63
1485,66
1713,73
1580,67
1569,69
1518,67
1569,67
1402,64
1492,66
1686,71
1633,71
1589,69
1373,62
1323,62
1566,67
1411,65
1414,64
1371,64
1320,61
1483,65
1735,73
1667,71
1468,67
1438,62
1567,69
1726,73
1689,73
1328,62
1348,63
1410,65
1438,65
1539,68
1526,69
1448,65
1483,67
1710,72
1297,61
1571,70
1573,67
1476,64
1429,63
1756,73
1641,71
1494,68
1497,63
1393,64
1568,67
1414,62
1578,70
1780,76
1547,68
1769,74
1498,65
1358,62
1259,60
1503,68
1469,66
1478,65
1528,67
1370,65
1782,75
1344,61
1499,68
1506,67
1536,68
1547,69
1768,76
1409,64
1572,71
1403,64
1723,73
1297,62
1306,61
1515,67
1406,64
1492,68
1535,66
1359,60
1690,72
1587,69
1402,64
1673,73
1373,62
1344,62
1466,66
1523,65
1527,68
1784,76
1557,70
1396,62
1692,74
1582,69
1510,66
1557,68
1616,71
1592,66
1418,65
1444,64
1374,61
1557,66
1569,69
1449,66
1605,72
1554,68
1554,68
1732,73
1684,72
1732,76
1308,62
1447,63
1604,70
1602,71
1286,60
1454,66
1449,66
1453,64
1495,67
1676,72
1462,66
1390,63
1592,70
1549,70
1555,68
1490,66
1424,65
1524,66
1462,65
1809,74
1458,65
1632,71
1490,66
1541,71
1780,76
1464,67
1578,67
1499,68
1742,75
1488,68
1451,65
1405,63
1576,72
1520,66
1597,70
1746,73
1664,72
1468,65
1457,65
1433,66
1536,69
1521,68
1607,70
1484,66
1711,73
1606,70
1521,67
1541,67
1592,67
1604,71
1468,67
1380,65
1548,67
1679,74
1298,60
1522,65
1740,73
1414,64
1527,67
1804,77
1507,66
1535,68
1636,70
1373,63
1579,72
1525,67
1450,64
1580,69
1455,67
1709,72
1462,68
1632,69
1437,65
1428,65
1663,72
1439,63
1690,71
1340,61
1594,69
1449,67
1525,66
1757,72
1716,74
1600,70
1656,72
1649,73
1424,64
1789,76
1549,65
1539,67
1413,66
1356,61
1495,67
1242,58
1471,67
1303,63
1561,69
1700,74
1349,63
1543,68
1353,63
1489,66
1401,62
1417,65
1481,66
1391,65
1819,75
1661,70
1531,67
1659,71
1528,67
1585,71
1460,67
1742,74
1659,71
1578,69
1638,72
1633,71
1332,62
1600,70
1495,67
1550,69
1385,61
1567,68
1490,66
1482,66
1395,63
1497,67
1294,62
1442,66
1605,69
1584,67
1716,76
1656,71
1728,76
1401,62
1508,67
1593,71
1539,68
1440,65
1556,68
1550,68
1795,76
1589,70
1547,65
1569,69
1355,63
1504,69
1605,70
1450,67
1667,73
1542,66
1454,66
1477,67
1587,69
1802,77
1464,66
1395,64
1361,62
1560,67
1710,74
1715,73
1310,59
1632,72
1615,71
1411,63
1313,61
1435,63
1491,67
1590,70
1458,65
1413,64
1728,76
1567,67
1309,62
1366,62
1532,68
1581,69
1564,70
1224,59
1587,70
1524,68
1686,71
1461,67
1534,66
1424,66
1620,70
1322,59
1406,63
1390,65
1304,61
1284,60
1228,58
1782,76
1445,64
1420,65
1655,71
1489,67
1346,62
1452,66
1351,61
1547,68
1553,66
1415,65
1653,70
1415,62
1565,70
1759,76
1339,61
1760,75
1470,67
1524,67
1775,75
1598,70
1484,67
1262,61
1529,64
1528,67
1453,63
1527,67
1335,64
1666,74
1361,61
1472,67
1737,74
1584,70
1751,73
1762,74
1820,75
1537,67
1431,63
1488,66
1582,68
1501,65
1224,57
1265,60
1548,69
1489,66
1667,71
1316,63
1481,66
1650,71
1425,66
1367,63
1247,58
1759,75
1472,67
1620,70
1616,71
1827,77
1687,72
1447,66
1643,72
1547,67
1362,62
1695,74
1455,64
1253,60
1353,62
1665,72
1528,66
1459,63
1701,71
1459,62
1369,63
1783,76
1416,61
1598,71
1330,65
1319,63
1480,69
1503,68
1494,68
1593,71
1430,62
1649,72
1458,65
1550,69
1454,65
1380,62
1685,73
1489,65
1416,65
1460,66
1780,76
1225,60
1511,68
1613,69
1510,68
1604,70
1443,64
1765,75
1430,66
1418,64
1514,67
1644,70
1418,63
1437,65
1531,66
1391,62
1522,66
1683,71
1593,69
1544,68
1678,73
1453,63
1430,66
1430,63
1461,64
1723,74
1625,69
1432,62
1389,64
1408,64
1321,61
1428,65
1549,68
1592,69
1444,64
1586,67
1448,62
1477,65
1436,64
1348,62
1649,72
1737,74
1439,65
1279,58
1305,59
1536,67
1424,64
1712,72
1798,77
1633,71
1738,75
1628,71
1399,63
1517,67
1487,66
1654,71
1370,62
1414,65
1295,61
1725,74
1610,70
1742,75
1666,69
1634,71
1475,66
1708,72
1683,72
1537,69
1497,66
1659,71
1592,68
1386,63
1662,72
1291,60
1744,73
1665,72
1312,63
1730,73
1678,71
1563,70
1714,73
1637,70
1490,66
1481,64
1608,70
1378,65
1645,71
1363,62
1481,68
1362,63
1411,65
1508,69
1431,65
1460,65
1398,64
1412,64
1367,65
1439,66
1716,73
1740,73
1546,66
1466,65
1537,69
1801,76
1615,69
1653,73
1421,66
1458,64
1373,61
1582,69
1615,71
1384,62
1507,67
1391,62
1336,63
1476,64
1476,65
1516,64
1438,66
1503,66
1493,66
1551,68
1498,66
1608,70
1512,66
1556,67
1720,72
1771,74
1804,77
1595,71
1678,73
1397,63
1431,65
1621,70
1684,72
1494,64
1360,64
1686,73
1779,75
1806,77
1633,70
1625,72
1402,64
1507,66
1206,56
1404,64
1726,74
1763,76
1414,64
1464,64
1620,71
1482,67
1633,71
1442,65
1760,74
1625,71
1432,64
1411,66
1459,66
1410,66
1226,58
1604,71
1343,63
1500,66
1592,69
1737,73
1414,64
1578,68
1503,68
1637,72
1457,65
1630,70
1544,68
1470,67
1533,66
1415,65
1735,75
1446,65
1562,68
1512,65
1382,61
1472,64
1557,67
1488,63
1551,69
1436,65
1522,66
1559,69
1470,67
1419,63
1468,65
1504,66
1317,62
1640,72
1409,64
1380,63
1580,69
1595,68
1796,77
1346,62
1493,66
1693,74
1614,70
1370,61
1586,70
1611,71
1344,63
1367,62
1802,76
1284,58
1399,64
1452,67
1458,68
1662,71
1573,69
1714,74
1425,64
1340,60
1406,64
1668,73
1235,59
1565,67
1676,72
1753,75
1570,68
1373,65
1342,63
1560,69
1592,71
1389,63
1328,61
1393,65
1717,74
1489,66
1511,67
1265,62
1390,63
1716,74
1488,67
1484,68
1548,66
1397,64
1535,68
1607,70
1507,68
1745,74
1671,72
1239,58
1671,71
1608,69
1745,75
1375,63
1354,62
1497,66
1425,65
1544,69
1413,63
1491,64
1418,63
1529,70
1413,63
1616,72
1613,71
1488,65
1442,62
1417,66
1634,73
1762,76
1565,70
1559,67
1440,64
1392,64
1356,62
1731,74
1773,75
1600,67
1453,66
1295,60
1749,75
1582,71
1568,69
1597,70
1621,72
1383,63
1549,67
1558,69
1528,68
1463,66
1656,71
1385,63
1554,69
1502,65
1474,66
1565,69
1718,73
1396,63
1247,56
1564,67
1367,64
1447,67
1437,64
1531,68
1653,71
1300,61
1564,69
1436,64
1655,71
1627,72
1530,66
1804,77
1527,70
1461,65
1620,69
1397,61
1550,68
1492,67
1412,65
1721,74
1547,67
1605,70
1409,64
1394,63
1426,61
1685,73
1809,76
1450,65
1403,66
1504,66
1315,61
1363,60
1763,74
1559,69
1448,65
1389,62
1619,69
1446,67
1863,78
1836,76
1863,78
1423,65
1549,68
1423,63
1672,72
1308,61
1243,58
1374,63
1888,78
1770,75
1534,65
1301,61
1440,64
1607,67
1468,65
1630,70
1376,64
1478,64
1524,66
1496,66
1262,59
1468,67
1471,65
1566,69
1321,61
1396,63
1442,66
1684,72
1653,72
1588,70
1590,66
1621,71
1535,67
1270,62
1570,68
1423,65
1432,65
1855,78
1512,68
1378,63
1459,64
1770,75
1465,65
1566,67
1769,76
1523,67
1578,67
1599,70
1666,70
1491,66
1438,63
1449,65
1502,67
1565,71
1737,74
1768,75
1488,66
1605,70
1606,70
1894,79
1351,63
1503,67
1440,64
1794,76
1731,73
1526,69
1369,63
1445,64
1451,64
1460,67
1451,67
1618,70
1703,73
1685,73
1682,72
1715,74
1779,77
1876,79
1529,67
1713,75
1624,69
1714,72
1681,70
1524,68
1655,74
1519,69
1795,76
1500,65
1494,64
1304,61
1362,61
1633,70
1405,64
1355,62
1482,67
1740,74
1609,70
1428,64
1826,76
1262,61
1782,77
1565,68
1540,69
1520,68
1655,74
1453,67
1571,69
1656,73
1451,65
1520,66
1766,76
1849,77
1570,69
1409,65
1801,77
1702,73
1322,62
1859,78
1480,67
1380,62
1366,62
1670,72
1876,79
1774,75
1580,70
1671,72
1273,58
1686,72
1357,62
1364,59
1601,69
1770,76
1529,68
1716,75
1705,72
1537,67
1651,71
1517,64
1691,73
1503,68
1451,63
1355,61
1533,64
1535,67
1530,68
1492,68
1767,75
1505,68
1773,77
1405,63
1644,72
1874,79
1560,69
1594,70
1531,69
1649,71
1674,72
1538,69
1649,71
1438,64
1779,76
1763,76
1174,56
1657,72
1590,69
1524,68
1611,70
1616,71
1651,69
1505,67
1364,62
1395,62
1615,70
1569,70
1552,65
1794,77
1359,64
1412,63
1620,73
1418,63
1296,59
1528,68
1654,72
1472,66
1440,66
1387,65
1422,64
1460,68
1659,71
1643,72
1567,68
1550,67
1448,63
1721,73
1588,70
1746,74
1548,68
1370,62
1535,67
1482,67
1741,75
1573,70
1602,69
1556,68
1654,72
1401,64
1815,76
1700,72
1664,72
1526,68
1809,76
1729,75
1393,65
1774,75
1654,70
1541,67
1506,67
1628,69
1689,71
1658,71
1590,70
1860,78
1760,73
1579,67
1689,73
1818,77
1502,65
1460,64
1616,72
1464,67
1697,73
1529,69
1416,64
1406,65
1361,62
1510,67
1299,62
1690,73
1488,66
1737,74
1758,75
1545,68
1519,67
1615,72
1415,67
1642,73
1374,62
1468,64
1711,74
1465,67
1546,67
1535,68
1852,78
1472,66
1866,78
1722,74
1447,63
1651,70
1593,71
1816,78
1837,78
1802,76
1340,60
1514,66
1394,64
1588,69
1669,75
1758,76
1524,68
1742,75
1445,65
1543,65
1721,74
1531,69
1263,60
1649,71
1432,64
1296,60
1817,77
1475,66
1526,66
1253,59
1511,66
1493,66
1332,62
1543,69
1433,63
1786,75
1420,63
1577,71
1793,77
1770,75
1610,71
1703,74
1550,68
1426,64
1531,67
1631,72
1686,71
1467,66
1526,65
1545,70
1565,69
1508,66
1518,65
1636,72
1660,73
1685,73
1788,76
1650,69
1779,75
1497,68
1593,68
1590,71
1476,68
1586,70
1398,64
1440,65
1706,72
1442,65
1510,66
1823,77
1874,79
1423,62
1650,72
1352,62
1631,72
1519,68
1664,73
1453,63
1572,70
1606,74
1570,69
1613,69
1670,73
1449,65
1801,76
1490,67
1715,74
1539,66
1666,74
1522,67
1529,69
1816,77
1356,61
1619,71
1398,66
1701,73
1616,71
1386,64
1433,65
1515,67
1338,64
1610,68
1489,67
1321,60
1729,73
1798,76
1592,70
1456,64
1484,67
1455,67
1590,68
1420,61
1619,70
1435,65
1460,68
1491,67
1486,68
1796,76
1397,64
1524,66
1571,69
1825,76
1422,63
1700,73
1344,61
1770,76
1512,67
1598,70
1442,64
1460,69
1511,65
1517,67
1730,74
1474,64
1486,66
1700,74
1488,67
1535,69
1575,69
1714,75
1592,69
1432,64
1515,67
1560,69
1561,68
1327,60
1472,65
1597,68
1457,65
1471,65
1540,69
1397,63
1749,75
1559,67
1332,60
1545,69
1554,72
1479,67
1332,61
1461,67
1605,72
1646,72
1822,77
1279,60
1772,75
1578,68
1463,66
1497,65
1361,61
1513,64
1566,66
1731,75
1520,68
1872,79
1776,75
1743,73
1635,68
1745,75
1622,70
1610,71
1765,76
1506,67
1651,74
1808,76
1412,63
1594,70
1686,72
1490,66
1726,73
1547,68
1802,77
1676,74
1366,63
1585,70
1720,74
1676,72
1785,75
1682,72
1716,73
1578,69
1607,69
1522,67
1618,70
1448,64
1295,62
1432,62
1378,62
1766,75
1706,73
1415,65
1814,76
1580,68
1755,75
1525,67
1514,66
1472,66
1629,72
1548,68
1550,68
1675,73
1574,68
1532,69
1784,77
1755,75
1440,64
1740,74
1410,61
1551,67
1686,72
1373,60
1297,59
1606,71
1546,67
1624,73
1417,64
1385,61
1637,73
1779,73
1492,67
1615,70
1462,64
1716,72
1603,70
1581,72
1681,74
1606,71
1588,70
1548,66
1394,63
1299,61
1563,69
1595,69
1397,64
1474,65
1619,71
1475,67
1426,65
1651,70
1727,75
1872,79
1280,58
1673,73
1623,71
1533,65
1679,74
1535,68
1575,70
1396,64
1722,74
1403,62
1720,74
1594,69
1588,68
1570,70
1528,67
1381,62
1557,66
1813,77
1509,67
1618,71
1864,78
1436,64
1497,66
1720,73
1607,69
1661,71
1512,70
1757,73
1656,73
1551,65
1464,64
1496,65
1316,62
1494,68
1798,77
1647,70
1510,65
1808,76
1519,69
1593,70
1469,64
1856,77
1594,69
1661,70
1365,63
1633,70
1572,69
1490,68
1727,74
1538,67
1472,63
1886,79
1532,66
1792,77
1825,77
1494,64
1609,70
1800,76
1432,64
1625,73
1543,67
1418,64
1653,69
1657,71
1721,72
1588,70
1397,65
1381,63
1548,68
1378,66
1521,67
1542,69
1337,61
1539,69
1610,73
1764,76
1426,61
1498,66
1408,62
1544,69
1664,72
1546,70
1688,74
1694,75
1728,75
1777,73
1639,69
1534,66
1655,69
1648,71
1557,68
1602,71
1475,64
1688,73
1465,65
1443,63
1309,64
1849,77
1680,73
1456,63
1677,72
1497,68
1620,70
1624,73
1338,61
1522,69
1795,75
1620,74
1576,68
1674,71
1751,76
1522,63
1495,67
1868,79
1685,74
1750,75
1713,75
1496,66
1621,70
1785,77
1543,67
1458,66
1745,73
1666,73
1497,67
1634,72
1690,73
1633,72
1486,66
1528,68
1466,68
1519,67
1505,66
1591,69
1532,67
1667,70
1629,72
1759,74
1290,59
1860,78
1495,66
1596,70
1632,72
1522,67
1789,76
1752,74
1747,74
1699,73
1593,69
1426,64
1639,73
1522,69
1664,69
1577,70
1496,67
1693,73
1544,68
1762,75
1293,58
1554,68
1386,63
1465,67
1521,66
1473,68
1364,61
1514,68
1872,79
1614,73
1545,69
1488,69
1557,69
1602,67
1753,76
1399,65
1766,76
1531,68
1767,75
1426,65
1426,64
1631,70
1463,66
1491,67
1753,77
1550,69
1704,74
1721,73
1409,65
1518,67
1483,66
1501,67
1525,68
1382,59
1456,65
1699,73
1432,64
1776,76
1480,66
1619,69
1514,68
1704,75
1408,63
1621,71
1780,77
1591,69
1694,74
1659,71
1481,64
1542,68
1558,64
1602,70
1490,67
1665,73
1741,75
1602,70
1570,69
1676,73
1377,60
1458,67
1593,70
1546,65
1551,67
1682,70
1591,70
1715,75
1694,74
1695,74
1466,66
1610,69
1495,65
1769,77
1446,62
1496,67
1393,64
1818,77
1664,72
1449,63
1321,61
1454,64
1521,67
1462,64
1524,69
1663,74
1441,65
1566,69
1480,66
1679,74
1435,64
1767,75
1562,68
1711,75
1820,77
1674,71
1593,70
1718,74
1444,64
1726,71
1663,73
1825,78
1449,65
1691,75
1640,72
1592,70
1481,64
1451,64
1722,75
1620,70
1596,69
1537,69
1603,67
1635,71
1476,67
1640,73
1429,65
1769,76
1435,65
1601,70
1607,72
1479,64
1794,78
1501,68
1783,77
1630,71
1434,66
1609,72
1776,76
1498,67
1583,70
1433,65
1500,67
1384,62
1728,73
1583,68
1258,58
1453,63
1689,73
1588,69
1490,64
1354,63
1619,70
1372,65
1622,73
1413,64
1331,60
1689,74
1779,76
1548,66
1442,65
1756,76
1478,64
1675,71
1845,78
1392,64
1747,74
1348,63
1560,68
1754,75
1365,62
1696,75
1721,74
1573,71
1423,65
1527,69
1499,67
1685,74
1646,70
1823,78
1601,69
1542,67
1645,70
1750,75
1545,67
1471,67
1624,72
1580,69
1638,71
1510,67
1649,72
1649,73
1614,70
1319,60
1748,74
1661,71
1575,69
1725,75
1495,67
1402,64
1522,66
1453,66
1520,66
1709,75
1511,65
1465,65
1599,69
1442,64
1327,59
1557,67
1416,63
1563,69
1642,72
1454,65
1752,75
1530,68
1798,76
1452,65
1473,67
1478,65
1475,67
1390,62
1696,73
1442,65
1761,76
1544,65
1546,69
1868,79
1685,73
1585,66
1732,74
1492,64
1648,71
1395,65
1710,74
1462,64
1377,64
1497,66
1513,67
1576,71
1606,70
1724,74
1452,67
1737,75
1458,66
1752,76
1874,79
1372,66
1713,73
1786,75
1410,67
1446,68
1532,68
1868,79
1642,72
1467,63
1403,66
1868,79
1563,68
1758,76
1501,67
1297,61
1665,73
1590,71
1564,66
1675,73
1729,75
1545,69
1601,71
1377,62
1590,69
1398,61
1540,68
1585,68
1518,67
1490,66
1538,67
1457,64
1533,67
1443,64
1798,77
1511,67
1382,61
1482,66
1672,73
1638,72
1556,67
1566,69
1595,69
1474,64
1441,66
1613,71
1470,67
1654,72
1775,76
1749,75
1367,62
1587,70
1598,69
1672,72
1812,77
1700,73
1821,78
1429,66
1368,64
1450,65
1420,65
1846,76
1750,73
1792,77
1534,67
1370,63
1596,69
1678,75
1328,59
1528,66
1756,75
1626,71
1711,75
1738,76
1606,71
1618,70
1621,73
1380,65
1501,67
1594,70
1752,74
1370,64
1654,74
1531,71
1682,72
1679,73
1368,65
1642,71
1707,75
1527,69
1463,65
1581,69
1608,72
1597,71
1696,72
1392,63
1542,68
1452,64
1352,62
1540,69
1483,67
1689,73
1723,75
1467,63
1613,70
1437,65
1435,65
1629,72
1582,68
1602,72
1693,74
1632,71
1358,62
1463,66
1491,65
1448,66
1637,72
1523,66
1815,77
1631,72
1579,70
1645,73
1608,70
1710,73
1805,74
1609,69
1559,69
1768,75
1753,73
1731,77
1595,70
1407,63
1473,66
1670,69
1530,67
1502,66
1770,76
1572,69
1599,69
1478,68
1350,61
1350,62
1635,70
1829,78
1667,73
1593,70
1531,67
1570,67
1360,60
1283,57
1618,70
1822,78
1371,61
1601,69
1569,66
1684,75
1667,71
1686,72
1438,61
1679,72
1391,65
1485,67
1428,63
1730,74
1494,67
1506,67
1448,66
1736,75
1672,73
1685,73
1530,67
1621,71
1451,67
1335,60
1349,64
1506,68
1386,64
1459,66
1585,68
1640,73
1781,75
1553,70
1797,76
1406,63
1693,74
1690,72
1619,70
1256,60
1440,63
1770,75
1569,70
1722,75
1716,73
1394,64
1620,72
1371,62
1663,70
1591,70
1549,69
1496,67
1430,63
1495,66
1530,67
1439,66
1637,72
1418,63
1721,75
1584,69
1731,74
1455,65
1849,78
1629,71
1674,72
1656,71
1506,69
1517,65
1659,73
1562,66
1734,74
1427,65
1493,65
1521,68
1519,67
1678,73
1511,66
1544,68
1609,71
1270,60
1444,70
1492,65
1405,61
1641,71
1726,74
1394,64
1498,68
1680,71
1496,66
1494,65
1558,69
1758,74
1553,66
1684,74
1431,63
1513,67
1446,65
1366,63
1545,68
1333,59
1576,68
1818,77
1485,65
1529,67
1540,67
1423,62
1552,67
1668,71
1602,70
1606,71
1545,69
1730,75
1506,68
1499,66
1419,65
1506,66
1592,71
1775,77
1664,73
1487,69
1381,63
1478,68
1318,63
1407,65
1476,66
1514,69
1395,63
1585,70
1522,68
1736,75
1408,66
1353,65
1472,66
1386,61
1734,75
1810,77
1825,77
1390,63
1618,71
1484,65
1603,70
1452,65
1529,65
1550,68
1652,71
1488,67
1541,66
1587,68
1327,63
1345,61
1815,78
1797,77
1635,70
1508,69
1528,67
1526,68
1465,67
1824,78
1603,69
1320,59
1576,71
1509,66
1443,65
1460,66
1424,65
1447,63
1866,78
1809,76
1578,69
1382,63
1644,69
1472,65
1510,66
1509,64
1303,59
1694,73
1834,76
1437,67
1534,69
1583,70
1628,71
1668,72
1499,69
1627,71
1495,67
1457,65
1428,64
1387,64
1716,76
1572,70
1638,72
1846,78
1652,72
1519,64
1727,73
1495,67
1456,64
1672,73
1548,69
1575,70
1560,68
1457,65
1509,68
1626,72
1443,67
1800,76
1461,65
1794,77
1549,67
1496,68
1737,76
1468,64
1401,63
1641,70
1394,61
1573,68
1798,76
1741,76
1777,75
1774,75
1654,72
1816,77
1585,69
1581,67
1408,64
1532,69
1301,58
1598,70
1518,69
1488,67
1342,64
1520,67
1655,74
1531,67
1592,69
1500,65
1566,70
1627,69
1481,67
1513,68
1522,66
1592,71
1637,70
1410,63
1364,64
1451,67
1609,70
1695,75
1644,72
1361,62
1741,75
1584,70
1478,67
1547,69
1464,65
1451,66
1568,69
1666,73
1477,66
1746,76
1543,70
1469,67
1618,70
1715,74
1431,64
1769,75
1481,66
1566,67
1499,68
1552,68
1539,70
1395,62
1658,71
1717,76
1679,73
1687,70
1681,70
1729,75
1774,75
1527,69
1388,62
1637,72
1421,66
1278,59
1813,77
1543,69
1517,65
1630,72
1547,70
1642,71
1476,64
1717,73
1840,78
1498,66
1575,69
1552,68
1505,66
1480,67
1838,77
1748,76
1435,62
1498,67
1563,69
1655,74
1467,65
1479,65
1603,67
1708,72
1755,74
1708,71
1419,63
1420,64
1547,67
1612,69
1600,70
1527,70
1604,69
1556,68
1486,66
1699,74
1469,67
1491,68
1458,66
1638,71
1764,76
1366,61
1509,68
1766,75
1488,66
1549,68
1460,65
1558,67
1778,76
1767,77
1572,70
1183,57
1850,78
1571,69
1477,65
1803,76
1823,78
1425,64
1698,76
1704,74
1631,74
1453,65
1609,72
1665,72
1479,67
1464,66
1484,66
1769,76
1585,70
1483,66
1622,68
1732,75
1557,68
1434,64
1806,77
1565,69
1478,65
1558,69
1787,78
1554,70
1833,78
1530,67
1696,72
1462,65
1529,65
1714,74
1582,69
1806,77
1654,70
1725,73
1460,66
1646,72
1844,78
1751,75
1803,77
1840,77
1494,64
1405,62
1271,62
1424,64
1361,63
1774,75
1545,68
1717,75
1548,66
1656,74
1845,78
1638,71
1519,66
1411,65
1644,70
1422,61
1757,75
1583,69
1653,72
1656,73
1380,61
1685,73
1630,73
1498,69
1630,70
1591,71
1458,67
1549,69
1352,59
1773,75
1731,74
1541,69
1687,72
1760,75
1481,70
1707,74
1608,71
1548,68
1411,66
1561,68
1678,72
1422,63
1803,77
1290,63
1501,65
1446,67
1384,63
1592,69
1333,60
1486,66
1535,69
1479,64
1654,71
1442,64
1443,65
1518,69
1359,61
1488,67
1449,65
1618,71
1521,67
1581,70
1604,70
1549,68
1616,71
1303,60
1490,67
1484,67
1700,75
1592,71
1588,70
1618,72
1663,72
1714,75
1349,65
1480,66
1690,74
1421,63
1467,67
1682,73
1613,69
1651,72
1647,72
1641,69
1538,69
1535,68
1373,63
1528,67
1576,71
1416,66
1479,66
1395,61
1474,67
1548,69
1574,69
1505,66
1488,66
1547,69
1363,64
1753,75
1274,59
1615,70
1516,68
1472,65
1505,67
1471,65
1492,63
1539,65
1537,67
1542,68
1551,68
1471,68
1598,69
1579,69
1370,61
1823,77
1483,69
1371,63
1512,68
1565,67
1827,77
1532,68
1572,71
1656,72
1822,78
1358,64
1823,77
1595,71
1868,79
1466,65
1544,70
1696,74
1663,73
1669,72
1634,71
1489,65
1382,63
1400,66
1651,71
1805,76
1647,70
1501,67
1495,66
1637,71
1534,68
1702,74
1490,67
1420,62
1713,72
1500,66
1448,66
1661,74
1739,74
1537,69
1801,77
1524,69
1507,68
1619,72
1534,68
1607,72
1868,79
1721,73
1807,77
1475,66
1432,64
1528,68
1410,63
1740,75
1687,74
1467,66
1671,71
1465,64
1616,72
1343,62
1840,78
1598,69
1700,74
1750,74
1600,70
1654,72
1393,61
1435,65
1599,67
1539,69
1521,68
1406,63
1744,73
1744,75
1519,66
1719,74
1569,68
1587,69
1416,63
1372,64
1500,68
1466,65
1500,66
1695,75
1732,73
1636,71
1517,68
1739,74
1857,78
1357,60
1754,75
1579,69
1485,67
1547,67
1526,67
1547,66
1763,75
1548,68
1692,73
1720,73
1454,65
1398,65
1420,63
1449,65
1443,66
1702,74
1407,64
1800,77
1736,76
1532,67
1496,67
1392,63
1609,71
1732,74
1609,72
1543,69
1362,60
1531,65
1482,69
1533,68
1340,63
1471,65
1649,71
1424,62
1695,75
1330,63
1672,72
1673,72
1601,71
1472,66
1766,73
1688,73
1602,70
1595,70
1548,67
1573,69
1813,77
1878,79
1510,67
1489,68
1272,62
1495,68
1440,64
1668,73
1808,76
1557,70
1752,76
1291,58
1611,69
1626,68
1583,71
1559,69
1681,74
1605,72
1607,69
1426,64
1519,63
1378,66
1636,69
1530,69
1377,64
1535,68
1625,72
1505,65
1454,65
1641,72
1679,71
1882,79
1515,68
1707,72
1601,70
1556,68
1808,77
1388,64
1571,68
1591,71
1602,69
1374,61
1800,77
1475,69
1818,78
1546,68
1847,79
1367,64
1847,79
1786,77
1392,63
1474,66
1541,67
1533,68
1416,66
1347,62
1674,71
1830,78
1674,74
1467,65
1452,65
1411,65
1640,73
1570,68
1265,55
1524,68
1350,61
1428,63
1840,76
1508,64
1339,62
1196,55
1476,65
1722,75
1381,63
1315,63
1421,65
1408,66
1546,69
1730,73
1503,70
1585,70
1591,67
1638,72
1780,77
1606,70
1419,64
1512,69
1803,76
1626,70
1473,67
1588,72
1853,78
1505,64
1587,69
1654,73
1592,71
1468,64
1721,74
1361,63
1412,63
1621,71
1519,68
1464,66
1401,64
1790,76
1634,72
1740,75
1499,67
1715,73
1608,72
1503,68
1455,65
1576,69
1438,65
1431,66
1472,64
1510,69
1596,71
1273,60
1476,67
1415,65
1583,69
1440,63
1454,66
1463,65
1622,72
1646,69
1722,75
1544,67
1736,76
1637,71
1384,61
1481,66
1591,68
1575,68
1661,68
1604,69
1741,76
1407,62
1707,73
1226,57
1687,73
1426,66
1374,62
1432,68
1533,65
1377,65
1611,69
1539,68
1550,69
1605,72
1598,68
1359,60
1769,74
1840,78
1444,65
1509,67
1722,75
1704,74
1608,70
1653,71
1781,75
1714,75
1599,69
1531,65
1431,65
1381,62
1678,72
1413,64
1462,64
1573,69
1607,70
1540,67
1850,78
1583,68
1326,62
1492,67
1384,64
1506,68
1479,65
1283,59
1581,70
1367,61
1776,76
1599,71
1471,64
1631,71
1814,76
1529,67
1487,63
1664,73
1525,69
1610,69
1551,69
1730,74
1725,77
1712,73
1573,68
1417,64
1535,67
1705,74
1796,77
1827,78
1782,76
1531,66
1518,67
1389,60
1688,74
1707,73
1762,76
1378,60
1485,66
1583,71
1464,65
1298,62
1608,70
1433,66
1388,64
1489,66
1400,64
1635,68
1497,65
1621,71
1591,70
1656,72
1509,66
1409,65
1648,72
1814,77
1620,68
1662,73
1508,69
1345,64
1516,69
1701,74
1798,77
1732,76
1614,68
1718,70
1598,70
1654,72
1414,65
1475,68
1407,64
1559,70
1608,70
1746,73
1448,65
1384,62
1249,57
1473,67
1384,61
1459,65
1311,61
1378,62
1779,78
1707,76
1333,62
1230,57
1455,66
1749,75
1440,65
1421,62
1546,67
1520,67
1522,67
1715,73
1454,67
1404,65
1773,74
1868,79
1660,72
1837,78
1434,66
1639,72
1443,65
1367,65
1525,67
1755,76
1444,63
1605,71
1661,71
1586,69
1349,61
1428,65
1497,64
1630,72
1550,67
1333,63
1456,65
1696,70
1482,64
1803,77
1636,71
1572,70
1460,65
1801,76
1430,63
1474,64
1690,73
1507,68
1526,65
1795,77
1468,62
1554,68
1695,73
1746,75
1612,68
1646,70
1654,73
1557,68
1459,63
1724,76
1413,66
1732,75
1791,77
1641,73
1590,69
1663,73
1361,65
1549,70
1640,71
1354,61
1368,61
1783,77
1550,67
1570,68
1683,72
1689,72
1389,63
1535,65
1542,67
1537,67
1781,78
1673,74
1466,67
1466,68
1669,71
1849,79
1527,65
1506,69
1511,64
1790,75
1594,70
1339,65
1709,74
1482,67
1780,76
1374,62
1688,73
1383,64
1477,68
1696,74
1432,64
1374,63
1574,67
1564,70
1502,65
1567,67
1810,77
1441,65
1650,69
1631,68
1367,63
1590,70
1416,62
1420,64
1396,66
1557,70
1800,75
1824,77
1457,67
1689,75
1806,77
1605,70
1666,72
1663,72
1373,60
1462,65
1522,67
1446,67
1334,61
1354,63
1574,65
1434,65
1529,67
1558,70
1442,67
1468,64
1762,75
1636,72
1740,73
1351,63
1835,78
1800,77
1535,66
1433,65
1465,66
1724,74
1804,77
1757,76
1499,68
1799,76
1460,64
1489,68
1638,71
1664,73
1560,70
1694,72
1570,68
1627,70
1621,71
1777,78
1680,73
1672,71
1812,78
1543,66
1602,69
1510,69
1790,76
1555,70
1381,62
1682,72
1541,69
1732,75
1511,68
1616,69
1311,58
1683,73
1318,59
1733,75
1647,72
1699,72
1421,63
1768,75
1540,69
1511,68
1616,70
1345,61
1510,68
1578,71
1552,66
1746,73
1668,73
1837,78
1524,66
1708,73
1326,59
1643,72
1420,63
1552,70
1461,65
1423,64
1332,59
1420,63
1784,77
1636,71
1731,76
1452,66
1571,67
1733,77
1617,70
1353,64
1494,67
1514,67
1476,66
1546,68
1622,70
1567,69
1338,62
1643,70
1563,69
1564,71
1662,69
1493,65
1765,74
1656,75
1741,74
1697,74
1486,68
1452,64
1742,75
1448,65
1679,73
1565,71
1392,61
1729,75
1452,65
1493,66
1605,68
1397,63
1670,72
1721,74
1530,68
1414,63
1480,66
1506,66
1600,68
1783,76
1855,78
1747,75
1418,64
1397,64
1708,73
1553,68
1360,59
1329,62
1519,68
1589,69
1618,72
1525,68
1440,67
1830,78
1524,67
1867,79
1386,61
1754,76
1619,70
1492,67
1793,76
1545,70
1586,70
1592,71
1583,70
1612,71
1604,68
1551,68
1462,62
1664,73
1414,64
1639,71
1807,77
1591,69
1468,66
1691,73
1472,66
1788,77
1721,74
1405,65
1672,72
1466,63
1448,65
1515,67
1517,68
1793,78
1819,77
1534,66
1532,69
1565,70
1400,64
1363,62
1432,66
1554,67
1789,76
1630,71
1468,66
1781,78
1508,66
1518,66
1588,69
1531,66
1839,78
1627,70
1756,75
1538,68
1554,71
1540,68
1572,67
1598,68
1540,68
1661,73
1793,77
1853,79
1481,64
1630,70
1610,73
1729,76
1728,73
1390,63
1271,61
1717,75
1539,69
1643,69
1395,64
1710,73
1446,66
1665,71
1652,73
1650,70
1788,77
1697,72
1479,64
1388,61
1612,69
1562,68
1561,67
1485,64
1644,70
1715,73
1654,70
1627,71
1691,72
1391,61
1620,70
1789,78
1593,70
1387,62
1789,76
1531,68
1470,64
1600,70
1594,71
1815,78
1528,66
1450,67
1460,66
1554,67
1370,62
1558,68
1651,71
1681,72
1685,73
1527,67
1663,72
1445,67
1570,69
1532,68
1455,66
1653,71
1317,61
1546,70
1569,69
1527,67
1677,73
1498,64
1537,65
1582,69
1598,69
1427,65
1540,67
1710,74
1577,70
1602,72
1432,62
1704,74
1528,67
1786,75
1335,61
1579,70
1591,69
1496,63
1404,62
1477,64
1829,78
1501,68
1505,65
1594,69
1442,65
1540,69
1562,68
1432,64
1372,63
1712,74
1566,68
1465,64
1562,64
1482,66
1454,65
1329,63
1821,77
1300,61
1705,74
1558,69
1372,62
1571,69
1719,74
1619,70
1398,63
1470,66
1578,69
1368,63
1577,71
1463,64
1518,67
1825,77
1430,66
1595,68
1550,69
1512,67
1303,61
1785,77
1357,64
1693,72
1589,69
1588,71
1457,65
1750,76
1670,71
1528,70
1447,67
1628,71
1482,66
1724,75
1559,69
1580,68
1582,70
1448,66
1438,63
1583,67
1722,75
1754,74
1570,69
1593,72
1490,66
1412,63
1635,68
1771,73
1847,79
1469,67
1569,67
1743,77
1561,69
1503,69
1425,64
1520,68
1620,71
1744,75
1846,78
1645,72
1657,71
1491,67
1326,62
1851,79
1820,78
1740,74
1516,69
1460,64
1618,73
1252,59
1607,73
1392,64
1781,75
1453,66
1755,75
1696,75
1639,69
1681,73
1538,68
1549,67
1681,72
1475,65
1461,66
1695,74
1400,61
1680,73
1824,78
1487,67
1482,66
1627,70
1387,64
1476,65
1672,73
1427,65
1486,64
1716,75
1719,75
1493,67
1549,67
1364,60
1773,76
1423,65
1459,64
1539,70
1578,66
1475,66
1415,65
1720,74
1861,79
1560,69
1570,70
1716,70
1774,76
1491,65
1859,79
1783,77
1508,65
1393,64
1477,63
1722,73
1401,66
1480,66
1665,74
1837,78
1439,67
1526,68
1612,73
1517,67
1389,62
1588,70
1618,73
1537,67
1331,62
1539,67
1695,72
1498,65
1522,69
1391,63
1571,70
1731,75
1654,73
1567,69
1570,69
1677,71
1564,69
1726,74
1614,71
1298,61
1445,64
1368,62
1341,61
1387,62
1607,71
1663,71
1741,75
1633,71
1279,59
1857,79
1440,66
1493,63
1442,62
1569,68
1414,64
1817,77
1610,70
1230,57
1459,66
1461,65
1801,75
1352,62
1349,62
1732,73
1457,65
1447,66
1288,58
1468,65
1444,65
1568,67
1410,64
1818,78
1645,73
1528,66
1392,65
1516,66
1385,63
1544,69
1368,60
1460,66
1560,67
1861,79
1567,70
1759,76
1510,68
1468,67
1568,68
1556,68
1495,67
1754,76
1678,73
1516,66
1546,65
1674,71
1289,61
1847,79
1496,66
1268,56
1568,71
1579,69
1523,67
1754,75
1674,71
1782,76
1495,65
1409,64
1583,69
1480,65
1483,66
1731,74
1763,75
1753,75
1621,71
1464,66
1702,73
1399,65
1799,77
1380,65
1576,68
1734,74
1426,66
1753,75
1405,63
1535,68
1518,64
1676,71
1671,72
1515,66
1849,79
1806,76
1542,71
1614,72
1486,68
1619,72
1415,65
1521,66
1428,63
1428,63
1739,75
1468,67
1697,74
1724,74
1229,57
1457,65
1315,60
1280,60
1845,78
1492,67
1788,76
1867,79
1802,77
1847,79
1469,65
1499,66
1583,70
1703,74
1392,60
1847,79
1713,73
1600,70
1428,61
1314,60
1815,76
1269,57
1261,60
1439,65
1847,79
1381,61
1476,68
1393,62
1569,70
1631,72
1724,74
1477,66
1475,66
1277,62
1708,74
1459,64
1760,75
1457,66
1576,69
1480,66
1452,67
1438,66
1701,72
1722,75
1548,68
1559,69
1723,74
1422,67
1745,74
1430,65
1526,67
1462,63
1488,66
1761,75
1412,62
1690,73
1730,75
1739,75
1498,65
1599,69
1471,65
1749,74
1464,63
1437,66
1710,74
1506,68
1503,68
1765,77
1643,68
1534,68
1611,71
1380,62
1555,69
1524,66
1389,65
1741,74
1478,67
1679,73
1386,66
1397,63
1321,61
1533,67
1403,65
1382,63
1479,66
1721,74
1414,65
1518,69
1664,73
1797,76
1517,68
1403,64
1567,66
1630,71
1474,66
1477,65
1586,68
1561,67
1845,79
1545,67
1434,65
1390,60
1822,78
1532,66
1822,78
1591,69
1613,69
1377,62
1527,67
1749,76
1517,67
1524,67
1435,67
1608,71
1754,77
1524,67
1741,74
1382,64
1740,74
1778,77
1665,70
1528,67
1553,71
1812,78
1816,78
1630,71
1414,65
1775,74
1552,68
1693,73
1400,65
1704,74
1428,65
1737,77
1793,76
1370,64
1556,68
1565,68
1592,67
1602,71
1688,72
1812,77
1723,74
1624,71
1440,64
1713,72
1274,59
1746,75
1301,60
1521,67
1766,77
1671,72
1586,68
1561,68
1399,65
1233,61
1767,75
1515,65
1426,66
1590,70
1394,62
1617,70
1396,66
1472,66
1482,63
1416,63
1444,66
1506,66
1345,61
1803,77
1667,72
1345,63
1700,73
1511,69
1785,76
1707,74
1393,65
1466,65
1258,59
1596,71
1662,72
1530,67
1541,69
1616,72
1847,79
1811,78
1534,68
1457,64
1554,69
1363,61
1419,65
1533,69
1725,75
1509,64
1621,71
1746,75
1491,64
1405,64
1571,70
1394,63
1319,66
1489,66
1577,71
1482,66
1446,64
1551,68
1489,66
1367,64
1572,69
1486,66
1762,76
1736,75
1595,69
1752,74
1736,75
1494,66
1623,70
1728,74
1606,71
1683,74
1778,77
1357,61
1334,61
1405,64
1372,60
1387,63
1769,76
1342,63
1523,67
1464,64
1710,74
1486,66
1700,72
1731,72
1748,77
1628,72
1660,72
1505,66
1452,65
1334,60
1404,62
1373,63
1492,66
1683,74
1745,76
1441,66
1470,64
1667,73
1545,67
1286,59
1259,59
1473,65
1507,65
1728,73
1526,66
1663,74
1380,62
1826,78
1428,63
1768,76
1730,74
1633,72
1336,60
1486,66
1371,60
1542,69
1540,67
1400,61
1538,69
1472,65
1788,76
1265,59
1327,61
1283,60
1569,70
1523,68
1668,73
1676,73
1760,74
1624,70
1430,64
1688,75
1578,71
1649,73
1806,77
1513,68
1858,78
1494,66
1448,63
1519,67
1743,74
1732,73
1795,76
1389,62
1593,67
1380,65
1464,64
1626,72
1712,73
1767,75
1618,69
1734,72
1493,66
1602,71
1658,72
1449,66
1853,79
1423,61
1753,76
1647,72
1606,72
1821,77
1341,60
1609,71
1660,73
1512,67
1689,74
1681,74
1808,78
1534,67
1755,77
1529,68
1613,72
1690,73
1693,74
1457,63
1253,61
1525,67
1503,68
1436,65
1655,72
1391,64
1246,58
1593,70
1429,66
1542,69
1789,75
1863,79
1473,66
1802,77
1304,61
1496,67
1378,59
1523,68
1478,66
1799,75
1548,68
1508,66
1488,69
1587,70
1547,67
1668,73
1577,67
1443,64
1542,68
1757,76
1510,69
1558,72
1368,63
1416,63
1478,65
1563,69
1728,74
1679,72
1694,71
1544,68
1728,74
1393,63
1644,70
1451,66
1518,66
1365,65
1381,64
1372,64
1602,70
1208,58
1332,61
1470,68
1448,63
1656,73
1499,66
1508,65
1480,65
1472,65
1469,69
1626,74
1687,72
1478,68
1353,62
1498,66
1563,68
1773,74
1482,66
1384,63
1520,68
1583,71
1414,66
1351,61
1851,78
1410,64
1577,70
1334,58
1739,74
1549,69
1384,61
1349,61
1697,74
1425,61
1627,72
1596,69
1427,65
1434,66
1405,65
1565,68
1634,73
1488,65
1418,64
1634,72
1544,65
1384,64
1576,68
1391,64
1426,64
1471,66
1411,64
1574,68
1374,61
1631,72
1480,66
1466,66
1631,72
1587,73
1667,73
1847,79
1448,65
1464,66
1499,68
1500,66
1627,71
1802,77
1292,59
1637,69
1639,73
1505,66
1290,59
1645,72
1448,66
1741,75
1677,73
1463,65
1526,68
1448,64
1519,66
1593,69
1587,69
1426,65
1441,67
1530,67
1533,67
1343,59
1444,64
1558,67
1453,66
1782,76
1652,72
1664,70
1601,69
1758,75
1520,69
1338,62
1560,66
1495,68
1420,64
1618,71
1600,70
1760,75
1834,78
1652,71
1623,71
1701,74
1638,71
1831,78
1743,76
1431,66
1432,65
1513,69
1618,71
1589,69
1650,72
1466,66
1686,74
1639,72
1588,68
1383,61
1440,64
1398,62
1652,70
1623,70
1413,63
1549,68
1519,68
1605,70
1665,72
1515,68
1430,65
1604,67
1812,78
1643,70
1453,64
1353,64
1684,71
1751,74
1508,66
1390,65
1420,63
1389,62
1663,73
1786,76
1436,65
1422,63
1628,69
1744,74
1812,78
1592,69
1653,69
1372,63
1473,67
1642,70
1432,63
1522,68
1661,72
1352,61
1460,63
1429,66
1502,67
1547,68
1438,64
1479,66
1650,72
1359,59
1525,69
1496,67
1411,60
1581,70
1781,76
1415,65
1435,63
1741,75
1625,71
1288,60
1496,69
1391,63
1430,64
1558,69
1551,68
1431,65
1356,61
1578,69
1560,70
1591,70
1286,59
1488,66
1693,74
1664,73
1510,66
1616,72
1824,77
1564,69
1666,70
1490,67
1784,76
1426,63
1670,73
1589,68
1500,67
1712,74
1407,65
1595,69
1738,74
1526,66
1626,69
1402,64
1532,68
1334,63
1491,66
1513,64
1617,70
1497,68
1808,78
1455,64
1715,75
1686,74
1541,67
1401,62
1497,67
1434,65
1549,67
1439,66
1536,68
1616,69
1407,64
1436,65
1695,74
1504,66
1560,68
1599,69
1693,72
1595,68
1529,69
1368,61
1593,69
1328,62
1578,67
1295,59
1426,64
1392,63
1674,71
1538,67
1575,70
1343,63
1477,63
1467,65
1762,75
1524,68
1574,68
1740,74
1579,69
1537,66
1492,69
1443,63
1630,73
1547,67
1410,61
1792,76
1360,65
1617,72
1694,73
1359,62
1395,62
1812,78
1688,72
1600,69
1888,80
1627,73
1457,62
1535,69
1805,77
1331,62
1619,71
1452,65
1344,61
1512,67
1483,64
1389,62
1325,62
1388,64
1378,62
1708,74
1459,66
1662,72
1720,74
1569,68
1390,63
1808,77
1503,67
1466,65
1495,66
1658,71
1497,66
1713,72
1370,64
1426,64
1554,69
1354,60
1704,74
1529,68
1574,66
1711,75
1865,79
1547,67
1235,59
1725,75
1402,62
1714,75
1683,73
1383,63
1477,66
1639,72
1774,76
1514,67
1404,64
1664,73
1713,74
1386,67
1550,69
1635,70
1794,77
1428,64
1529,67
1594,71
1791,78
1445,64
1572,69
1583,69
1826,79
1496,62
1526,67
1597,70
1445,65
1653,71
1668,74
1807,74
1521,67
1888,80
1556,66
1675,73
1567,71
1720,75
1801,76
1719,74
1525,68
1764,76
1551,68
1320,60
1541,70
1492,64
1699,75
1546,68
1722,73
1352,63
1731,75
1388,63
1427,66
1775,77
1502,68
1590,70
1236,58
1481,64
1432,68
1475,65
1379,60
1555,69
1765,75
1384,63
1565,69
1636,72
1676,73
1465,64
1410,64
1630,72
1660,72
1488,64
1453,65
1372,61
1531,68
1556,70
1466,65
1395,63
1614,71
1593,70
1637,71
1386,64
1484,66
1808,78
1423,65
1530,69
1531,67
1799,77
1669,73
1849,79
1550,66
1601,70
1738,75
1400,63
1690,73
1738,76
1369,62
1474,63
1604,71
1417,61
1528,65
1851,79
1554,69
1638,72
1298,59
1486,67
1431,64
1731,74
1815,77
1360,60
1715,71
1663,71
1473,65
1650,69
1574,70
1511,68
1570,68
1661,71
1732,74
1680,72
1693,73
1611,71
1298,59
1827,78
1407,63
1397,62
1347,59
1783,77
1424,65
1694,73
1651,71
1361,62
1549,68
1582,70
1686,74
1505,66
1749,74
1535,67
1652,71
1605,70
1368,62
1852,78
1511,65
1428,62
1452,65
1722,76
1467,66
1453,66
1574,69
1747,75
1426,65
1694,73
1362,60
1438,62
1733,76
1506,69
1735,73
1586,71
1540,66
1697,73
1477,66
1540,68
1820,76
1686,72
1601,71
1548,67
1622,72
1842,79
1813,77
1693,73
1405,62
1589,71
1601,69
1555,67
1541,68
1766,75
1471,66
1404,65
1487,69
1705,74
1427,65
1622,70
1764,75
1467,66
1505,67
1370,63
1533,67
1464,63
1827,78
1550,70
1518,69
1426,63
1531,69
1658,70
1373,63
1674,73
1490,65
1395,65
1510,66
1500,67
1528,68
1478,63
1863,79
1684,73
1689,74
1502,66
1527,68
1735,75
1426,65
1375,63
1509,67
1569,69
1394,61
1776,76
1548,68
1484,65
1811,77
1429,63
1696,74
1534,68
1333,62
1837,78
1736,73
1867,78
1445,64
1388,63
1585,70
1585,71
1446,65
1186,59
1685,74
1471,66
1544,69
1740,75
1449,65
1403,65
1841,79
1802,77
1644,69
1639,72
1466,65
1586,70
1612,71
1366,62
1699,74
1888,80
1442,65
1483,66
1463,67
1473,65
1509,66
1527,69
1821,78
1492,66
1701,75
1419,66
1441,63
1479,67
1654,71
1539,70
1501,66
1451,67
1888,80
1395,65
1543,69
1557,70
1488,69
1574,71
1402,65
1492,67
1495,66
1736,73
1651,71
1389,63
1403,64
1733,75
1764,76
1723,74
1638,72
1480,66
1534,67
1383,62
1443,64
1572,70
1811,77
1566,68
1526,67
1698,76
1816,78
1578,70
1695,73
1577,69
1735,75
1600,71
1830,78
1523,69
1426,64
1323,61
1582,69
1633,72
1542,68
1390,61
1704,75
1725,74
1654,69
1733,72
1645,72
1439,63
1450,66
1663,73
1538,68
1493,66
1542,67
1411,62
1342,60
1653,74
1721,74
1529,67
1548,68
1485,67
1445,61
1426,65
1399,66
1656,71
1632,72
1388,64
1513,68
1430,66
1655,71
1402,62
1513,68
1524,67
1804,77
1837,78
1417,65
1752,75
1596,70
1676,74
1442,64
1527,69
1410,64
1359,63
1566,68
1726,74
1437,64
1242,56
1452,64
1492,65
1496,65
1601,70
1718,75
1720,74
1408,66
1380,62
1774,77
1562,67
1397,64
1695,74
1490,69
1452,67
1519,68
1660,71
1708,75
1260,57
1583,69
1570,70
1270,59
1615,68
1536,67
1490,64
1360,63
1615,69
1522,67
1510,65
1647,73
1634,70
1884,80
1590,69
1468,66
1512,68
1492,67
1368,63
1574,67
1566,66
1348,62
1484,64
1555,69
1776,78
1612,70
1534,68
1270,59
1647,72
1772,76
1563,70
1664,72
1760,75
1586,70
1457,65
1886,80
1652,69
1398,65
1700,74
1518,68
1478,64
1582,67
1752,73
1796,77
1686,74
1466,65
1431,64
1826,78
1709,74
1751,73
1380,61
1416,64
1547,68
1438,62
1790,76
1454,66
1399,63
1391,64
1811,77
1640,71
1459,64
1814,77
1239,59
1508,68
1433,64
1534,67
1884,79
1497,65
1555,67
1508,69
1596,68
1849,77
1471,66
1510,65
1530,69
1811,78
1696,73
1777,75
1507,67
1691,73
1498,66
1835,78
1396,63
1679,74
1640,73
1751,75
1665,73
1655,72
1452,63
1471,65
1630,72
1412,65
1660,74
1442,64
1346,64
1808,77
1564,69
1552,68
1380,61
1557,67
1801,77
1410,63
1748,76
1556,71
1605,69
1490,67
1446,64
1366,63
1712,73
1505,67
1724,74
1734,73
1288,62
1309,60
1620,71
1581,70
1607,71
1810,79
1352,61
1326,63
1284,61
1453,63
1776,76
1833,78
1364,59
1715,74
1820,77
1766,76
1761,75
1522,69
1652,72
1314,60
1594,70
1463,66
1799,77
1757,76
1399,62
1554,70
1333,65
1513,65
1347,61
1601,71
1440,64
1728,74
1499,66
1731,75
1699,74
1550,67
1342,61
1737,74
1655,73
1619,72
1704,71
1451,66
1694,74
1452,66
1551,68
1759,74
1468,64
1403,64
1791,76
1395,64
1519,65
1625,70
1454,68
1606,70
1583,68
1388,63
1799,76
1835,78
1325,61
1791,76
1648,72
1342,61
1782,78
1488,65
1454,65
1678,72
1495,68
1785,75
1388,63
1487,68
1781,78
1590,68
1742,72
1832,78
1567,70
1505,69
1310,63
1573,68
1698,73
1649,74
1340,64
1361,61
1670,73
1523,65
1450,66
1530,67
1503,67
1647,72
1402,60
1670,73
1702,74
1413,65
1386,64
1351,61
1518,67
1614,72
1512,66
1473,66
1506,66
1685,74
1262,59
1626,71
1567,69
1757,75
1545,71
1559,69
1825,78
1668,72
1435,63
1755,75
1601,69
1725,75
1787,75
1448,65
1772,75
1770,76
1716,73
1809,76
1520,68
1473,65
1334,59
1775,77
1459,66
1262,58
1814,79
1416,64
1288,58
1758,74
1792,75
1715,74
1548,69
1436,65
1397,62
1679,76
1482,65
1566,70
1692,73
1366,60
1486,62
1818,78
1433,65
1823,78
1817,77
1301,58
1500,68
1548,67
1572,68
1589,70
1634,68
1671,73
1311,63
1523,66
1669,73
1492,66
1451,65
1696,72
1844,79
1793,78
1333,63
1503,67
1524,67
1787,78
1539,66
1472,66
1627,70
1454,66
1577,69
1408,63
1478,66
1558,66
1705,74
1491,66
1465,62
1668,72
1435,64
1856,78
1553,69
1319,59
1826,78
1886,80
1640,70
1536,67
1715,74
1494,66
1634,73
1733,76
1720,75
1479,65
1639,70
1387,64
1453,66
1643,72
1435,64
1470,67
1884,80
1741,75
1741,75
1645,72
1661,72
1660,73
1539,68
1494,67
1651,71
1676,74
1773,76
1775,77
1752,74
1444,64
1513,70
1810,79
1518,65
1683,71
1714,73
1490,64
1406,65
1637,72
1442,64
1450,66
1449,63
1563,69
1720,73
1506,66
1716,73
1593,67
1784,75
1652,69
1590,69
1641,70
1466,67
1359,64
1321,59
1762,75
1802,78
1736,73
1536,67
1222,56
1337,59
1537,68
1615,71
1509,68
1568,69
1444,64
1365,63
1506,65
1449,64
1558,68
1533,67
1583,69
1735,75
1656,73
1445,64
1474,67
1445,62
1382,63
1602,69
1530,68
1902,81
1817,76
1702,75
1448,66
1401,65
1585,72
1804,78
1530,67
1771,77
1645,74
1478,67
1503,68
1711,74
1743,76
1586,69
1659,69
1815,77
1595,71
1697,75
1410,65
1835,78
1753,76
1507,68
1526,67
1773,76
1639,72
1468,66
1409,65
1596,70
1735,75
1515,69
1440,64
1644,71
1842,79
1662,73
1707,72
1830,77
1865,80
1561,69
1846,79
1685,74
1661,73
1665,74
1536,67
1657,70
1715,73
1428,63
1544,68
1461,67
1385,64
1485,66
1402,65
1420,64
1526,67
1396,61
1587,71
1527,68
1388,64
1671,73
1384,64
1378,64
1643,71
1691,72
1505,67
1648,72
1366,63
1519,65
1527,68
1384,65
1393,61
1557,67
1428,65
1637,69
1423,64
1577,67
1510,66
1576,70
1520,70
1627,69
1427,66
1476,62
1476,66
1446,64
1516,68
1374,64
1507,65
1572,70
1338,62
1371,64
1866,79
1356,62
1558,67
1716,73
1652,72
1527,68
1572,70
1445,64
1615,73
1761,76
1631,71
1456,65
1685,74
1663,72
1624,69
1520,65
1373,64
1594,70
1456,66
1569,67
1362,67
1489,69
1550,69
1752,77
1350,64
1380,67
1809,76
1444,64
1409,65
1388,63
1498,70
1382,64
1665,71
1575,70
1363,64
1328,58
1554,72
1572,70
1450,64
1587,69
1727,75
1678,71
1486,65
1370,64
1561,70
1655,71
1462,67
1770,76
1416,64
1552,67
1291,60
1518,67
1521,67
1592,71
1557,68
1579,70
1615,70
1459,64
1346,61
1292,59
1485,64
1691,73
1796,77
1312,60
1591,70
1597,70
1829,77
1906,81
1452,65
1442,66
1721,75
1500,65
1614,70
1545,68
1623,68
1855,80
1768,77
1571,69
1595,69
1364,61
1455,65
1704,73
1412,63
1470,68
1716,75
1782,76
1477,66
1559,68
1525,68
1522,65
1783,76
1574,67
1536,66
1767,73
1531,66
1863,80
1848,78
1852,80
1314,62
1662,71
1490,68
1606,71
1533,69
1517,68
1600,69
1828,80
1472,67
1397,65
1449,63
1386,61
1444,65
1360,64
1646,74
1531,67
1593,69
1458,68
1472,67
1897,80
1716,73
1480,64
1458,67
1607,71
1379,62
1447,64
1513,67
1500,65
1390,64
1591,66
1718,73
1479,65
1452,66
1714,71
1556,70
1490,66
1461,66
1781,77
1409,64
1569,69
1404,61
1705,75
1507,68
1602,68
1902,81
1796,77
1522,65
1462,66
1840,79
1373,60
1464,65
1498,67
1482,65
1428,65
1474,65
1534,68
1550,67
1547,69
1487,67
1513,65
1693,75
1553,68
1420,69
1507,65
1423,66
1897,80
1491,65
1849,79
1315,62
1527,68
1466,67
1292,61
1874,80
1829,79
1569,68
1559,69
1433,63
1646,71
1499,67
1726,76
1499,66
1489,66
1608,71
1818,78
1654,73
1511,66
1604,69
1604,69
1425,64
1619,69
1867,80
1561,68
1430,67
1564,69
1544,69
1533,66
1193,54
1673,71
1385,63
1377,61
1728,75
1557,69
1524,69
1885,79
1370,61
1746,77
1422,64
1582,69
1415,66
1627,69
1844,77
1454,64
1396,65
1558,68
1398,65
1435,65
1636,72
1549,68
1538,66
1695,75
1487,65
1456,66
1629,72
1552,69
1368,64
1776,77
1476,64
1473,65
1513,68
1724,74
1615,70
1805,76
1497,66
1603,69
1541,67
1482,66
1835,79
1448,63
1464,67
1461,67
1436,65
1305,59
1583,69
1576,69
1427,63
1485,65
1407,64
1545,68
1621,71
1685,73
1717,74
1419,64
1704,73
1526,69
1423,66
1401,64
1490,68
1683,74
1526,67
1463,66
1396,63
1902,81
1815,79
1460,67
1497,68
1862,79
1541,70
1362,62
1655,72
1401,63
1564,69
1679,73
1775,76
1470,67
1535,69
1564,69
1838,79
1674,74
1743,75
1421,66
1392,65
1626,71
1727,73
1445,62
1665,69
1528,68
1459,66
1504,68
1592,71
1530,69
1535,67
1465,65
1499,68
1602,69
1452,65
1586,70
1754,76
1607,70
1824,78
1340,61
1647,72
1673,74
1562,69
1775,77
1569,68
1316,62
1287,61
1849,80
1451,64
1496,66
1678,75
1486,65
1628,70
1742,77
1435,66
1463,66
1450,69
1459,64
1525,66
1843,79
1483,65
1496,67
1692,71
1779,75
1537,69
1706,75
1366,62
1561,69
1347,59
1567,70
1672,74
1874,80
1551,68
1421,64
1581,70
1523,70
1520,69
1361,63
1476,64
1516,68
1851,78
1898,81
1579,69
1497,65
1641,72
1618,68
1513,65
1373,64
1737,75
1448,67
1435,65
1679,72
1271,61
1356,60
1898,81
1719,74
1506,68
1685,73
1800,78
1688,73
1467,64
1477,67
1779,75
1520,66
1656,72
1463,69
1509,70
1529,70
1651,71
1533,66
1431,66
1355,63
1705,73
1318,61
1560,70
1586,72
1492,68
1629,70
1429,63
1681,73
1665,73
1732,75
1491,66
1735,75
1741,72
1817,78
1496,68
1415,65
1525,67
1805,77
1512,67
1581,69
1397,64
1562,68
1565,70
1509,67
1623,74
1225,55
1832,78
1560,68
1642,72
1645,71
1718,76
1575,68
1371,61
1836,76
1557,67
1493,67
1662,72
1510,68
1579,69
1619,71
1437,63
1621,74
1527,69
1475,66
1584,71
1704,73
1605,71
1492,67
1265,60
1500,65
1422,64
1731,75
1897,80
1900,81
1408,65
1671,75
1741,74
1674,71
1712,75
1527,68
1293,60
1601,68
1368,62
1725,74
1482,66
1578,69
1389,60
1439,64
1446,66
1473,66
1425,63
1442,64
1347,63
1424,66
1376,61
1693,75
1349,62
1662,72
1544,68
1400,63
1765,76
1533,68
1816,77
1591,74
1758,77
1632,75
1488,65
1532,68
1630,70
1618,70
1393,67
1557,71
1713,73
1399,66
1622,70
1523,69
1879,80
1802,78
1668,71
1817,78
1505,65
1594,72
1435,62
1488,67
1325,61
1653,72
1757,75
1805,78
1579,69
1334,63
1522,68
1543,69
1713,77
1898,80
1437,66
1737,75
1608,70
1725,75
1608,68
1824,77
1420,63
1876,80
1741,73
1763,75
1688,71
1393,61
1480,64
1694,72
1706,75
1507,67
1453,64
1574,70
1544,65
1684,72
1803,76
1460,65
1397,66
1435,65
1363,63
1583,71
1461,65
1556,68
1478,66
1898,81
1555,68
1731,75
1377,62
1753,74
1361,62
1373,63
1538,69
1336,61
1460,64
1739,73
1659,72
1838,78
1448,66
1523,69
1648,71
1425,65
1498,67
1375,62
1273,60
1643,73
1500,67
1896,81
1713,76
1325,64
1380,63
1588,69
1489,68
1385,60
1409,62
1419,64
1418,65
1410,63
1670,72
1643,69
1489,67
1482,65
1598,69
1596,69
1627,70
1318,60
1802,77
1557,68
1704,72
1439,63
1658,71
1427,65
1514,67
1393,64
1504,67
1837,78
1510,66
1858,79
1693,73
1858,78
1411,63
1442,65
1691,74
1676,73
1370,64
1410,63
1553,67
1488,66
1492,67
1555,70
1693,74
1575,67
1632,71
1577,68
1586,67
1567,69
1550,68
1554,70
1477,65
1519,69
1839,79
1259,59
1755,75
1570,70
1752,76
1586,71
1562,67
1834,79
1603,71
1353,63
1639,70
1746,76
1405,66
1675,72
1627,71
1462,66
1367,63
1642,70
1580,71
1731,75
1522,65
1404,63
1618,70
1657,73
1747,74
1576,70
1511,70
1493,66
1389,63
1415,63
1415,63
1681,73
1810,78
1300,59
1748,76
1466,66
1480,64
1346,63
1419,62
1489,65
1681,74
1476,67
1423,64
1487,66
1463,67
1586,71
1591,71
1519,67
1328,62
1619,72
1278,61
1446,67
1425,64
1719,74
1486,66
1634,71
1504,67
1432,65
1486,67
1581,68
1378,61
1851,79
1697,73
1734,75
1466,64
1573,66
1518,68
1389,63
1328,64
1269,58
1396,64
1429,65
1446,65
1429,63
1506,68
1396,66
1639,71
1627,70
1339,65
1463,64
1465,63
1838,79
1752,76
1796,77
1705,72
1455,62
1349,61
1645,72
1563,68
1733,74
1715,74
1639,71
1325,59
1765,77
1673,74
1494,69
1458,62
1477,67
1496,68
1385,62
1570,70
1441,66
1750,74
1395,64
1780,77
1781,75
1466,65
1799,78
1332,64
1372,62
1673,72
1503,65
1581,70
1440,63
1488,62
1427,64
1628,72
1575,71
1639,70
1832,78
1483,67
1506,67
1616,71
1628,69
1816,77
1425,64
1439,65
1492,67
1691,74
1535,65
1499,69
1367,63
1409,63
1794,77
1397,63
1724,75
1522,70
1896,81
1693,72
1403,63
1474,67
1473,65
1421,64
1526,68
1646,71
1356,63
1783,75
1508,68
1729,74
1761,75
1761,76
1553,66
1576,71
1389,64
1448,66
1597,68
1612,70
1503,67
1511,69
1366,62
1394,63
1679,74
1330,60
1368,62
1806,77
1649,73
1670,72
1786,76
1608,68
1557,70
1552,65
1672,72
1586,69
1803,78
1431,65
1415,63
1456,66
1626,67
1612,72
1333,62
1521,68
1748,75
1497,66
1660,71
1495,67
1550,66
1517,69
1555,66
1341,63
1720,72
1714,74
1561,68
1720,76
1456,65
1537,69
1343,65
1484,67
1774,77
1511,71
1465,66
1542,67
1515,67
1560,68
1534,68
1481,68
1431,63
1479,66
1682,74
1418,65
1654,72
1488,70
1592,70
1787,77
1458,66
1449,65
1797,76
1642,71
1428,64
1455,64
1481,65
1649,73
1476,67
1389,63
1761,76
1717,74
1896,81
1679,74
1367,63
1367,61
1633,70
1695,74
1478,65
1749,76
1289,60
1341,61
1317,61
1502,68
1302,61
1421,64
1574,69
1446,67
1520,66
1542,70
1543,70
1694,74
1704,74
1765,75
1296,60
1495,63
1550,69
1384,63
1635,73
1665,73
1618,71
1902,81
1757,76
1514,67
1595,68
1679,71
1456,65
1693,72
1576,69
1797,78
1892,80
1596,71
1489,65
1464,66
1733,74
1497,68
1378,64
1771,77
1510,68
1380,63
1792,76
1501,69
1341,58
1493,68
1582,70
1564,68
1472,66
1533,69
1703,73
1384,64
1488,67
1550,67
1841,79
1791,77
1748,74
1535,67
1352,64
1702,73
1702,72
1459,62
1653,71
1317,64
1678,71
1586,67
1612,72
1633,71
1835,77
1740,76
1546,68
1515,68
1671,73
1396,64
1620,68
1894,80
1711,74
1525,67
1219,58
1927,81
1745,76
1497,64
1499,69
1583,69
1789,77
1652,71
1780,77
1531,65
1610,70
1383,62
1951,81
1652,72
1567,68
1362,62
1808,77
1603,71
1389,64
1366,63
1456,66
1641,71
1798,74
1342,62
1448,63
1560,68
1381,63
1633,70
1547,68
1904,81
1734,75
1590,68
1586,69
1535,69
1624,69
1496,66
1476,63
1616,68
1521,69
1411,65
1640,72
1426,63
1565,67
1489,68
1635,73
1502,67
1503,66
1701,72
1525,67
1471,66
1883,80
1324,61
1615,72
1384,63
1619,72
1479,65
1338,60
1510,69
1479,65
1506,66
1653,72
1678,73
1779,77
1716,76
1673,74
1773,74
1651,71
1865,80
1549,67
1598,70
1703,74
1298,61
1489,65
1771,76
1441,65
1625,72
1614,70
1726,76
1809,77
1246,58
1702,74
1591,70
1601,71
1444,65
1411,68
1449,64
1461,68
1422,66
1550,68
1376,64
1597,71
1596,69
1411,64
1848,80
1660,69
1356,61
1755,75
1826,78
1515,67
1544,68
1887,80
1519,69
1397,65
1760,75
1462,67
1546,67
1823,78
1570,69
1758,73
1413,61
1516,66
1675,72
1368,60
1739,74
1434,64
1482,65
1548,69
1412,64
1421,66
1615,70
1423,63
1787,76
1734,75
1657,70
1597,69
1477,68
1660,71
1575,70
1717,74
1519,69
1563,69
1756,76
1752,72
1847,79
1452,67
1602,71
1378,59
1680,71
1711,73
1575,71
1549,67
1384,63
1505,67
1714,70
1903,80
1848,79
1647,73
1425,63
1460,65
1656,73
1725,76
1357,63
1469,68
1569,69
1487,69
1657,73
1412,67
1596,72
1437,65
1483,67
1574,69
1415,63
1466,63
1442,65
1478,68
1553,70
1485,67
1524,69
1521,68
1524,67
1697,75
1506,68
1583,69
1662,75
1360,63
1648,72
1458,66
1675,75
1709,74
1741,74
1417,63
1599,69
1638,72
1552,69
1326,61
1607,71
1752,74
1645,69
1626,70
1450,68
1783,75
1804,77
1429,63
1412,65
1469,68
1745,73
1373,62
1484,65
1617,69
1562,70
1635,72
1512,65
1482,66
1480,66
1737,74
1520,66
1470,67
1774,75
1548,67
1683,73
1499,67
1617,72
1529,69
1518,67
1343,61
1406,65
1409,63
1577,71
1540,69
1725,75
1738,74
1627,68
1514,68
1665,72
1491,65
1803,78
1740,71
1889,79
1831,78
1419,66
1656,70
1661,72
1557,65
1870,79
1837,79
1553,67
1549,66
1562,68
1653,72
1492,67
1292,64
1806,77
1456,63
1540,68
1618,70
1593,71
1765,77
1472,65
1462,68
1477,65
1510,67
1745,74
1820,76
1773,77
1532,67
1634,72
1421,65
1389,63
1672,72
1363,63
1583,68
1627,70
1843,79
1580,71
1830,79
1645,71
1377,60
1457,66
1400,62
1415,63
1776,75
1622,72
1625,74
1846,80
1581,70
1472,65
1545,71
1645,73
1404,63
1369,62
1381,64
1506,67
1519,68
1552,69
1401,64
1436,66
1515,67
1400,62
1713,74
1659,72
1412,64
1415,64
1740,76
1532,67
1556,69
1520,68
1679,71
1391,66
1417,65
1431,65
1598,69
1579,71
1382,62
1689,73
1698,73
1820,79
1383,62
1813,76
1788,76
1402,61
1515,68
1558,65
1729,73
1607,70
1664,70
1638,69
1458,65
1486,65
1405,64
1689,74
1839,79
1381,63
1611,69
1445,63
1750,75
1686,73
1642,70
1503,66
1675,74
1445,67
1582,70
1537,70
1509,65
1611,71
1353,62
1422,62
1667,72
1428,64
1707,72
1671,73
1506,66
1410,64
1454,66
1659,72
1440,66
1389,64
1497,68
1443,66
1580,68
1460,66
1448,64
1418,64
1828,78
1549,67
1585,70
1827,77
1497,66
1576,70
1474,67
1693,75
1506,68
1560,69
1439,63
1418,64
1746,75
1684,71
1517,68
1458,64
1516,68
1605,72
1749,75
1524,67
1357,63
1566,70
1367,62
1430,63
1690,74
1371,61
1845,79
1487,71
1802,77
1356,61
1405,67
1868,80
1452,66
1786,75
1506,67
1369,63
1554,69
1642,71
1618,70
1531,68
1570,69
1551,68
1521,68
1659,73
1509,64
1344,62
1424,63
1735,75
1348,62
1586,70
1748,75
1453,65
1307,61
1562,70
1483,67
1540,68
1499,67
1501,65
1759,75
1602,69
1762,76
1521,67
1839,79
1703,74
1466,66
1752,75
1422,62
1418,66
1424,65
1462,65
1574,67
1563,71
1456,64
1708,73
1519,68
1425,66
1725,75
1499,66
1618,71
1656,71
1638,72
1295,61
1776,77
1870,78
1371,61
1509,67
1716,74
1418,63
1692,70
1349,61
1737,74
1485,68
1510,67
1370,65
1535,71
1594,68
1451,66
1482,68
1682,74
1746,75
1360,63
1515,68
1454,65
1441,66
1809,77
1583,69
1649,70
1424,66
1324,62
1369,63
1454,66
1383,64
1831,79
1558,67
1650,71
1632,71
1325,62
1592,69
1633,73
1442,67
1406,64
1575,69
1492,65
1404,64
1674,74
1689,71
1645,72
1899,80
1365,60
1525,66
1305,60
1421,64
1525,65
1524,66
1668,73
1470,68
1837,77
1689,74
1842,79
1390,63
1778,72
1494,67
1540,70
1484,65
1405,64
1678,74
1534,67
1611,72
1533,69
1323,64
1463,66
1523,65
1630,72
1450,66
1552,69
1691,75
1658,70
1495,66
1506,68
1418,62
1608,71
1806,78
1637,72
1327,62
1703,73
1753,78
1686,74
1498,66
1545,66
1601,70
1814,76
1682,72
1469,66
1597,69
1591,69
1579,68
1574,67
1675,71
1614,72
1531,66
1610,70
1841,79
1668,72
1750,76
1429,64
1643,71
1521,66
1417,63
1466,66
1392,61
1551,68
1630,72
1396,63
1397,60
1499,67
1645,69
1637,72
1508,67
1493,67
1551,68
1576,69
1435,63
1823,79
1898,81
1398,62
1406,63
1532,67
1423,66
1419,62
1695,72
1519,68
1729,75
1696,73
1592,73
1471,68
1765,74
1393,62
1568,69
1621,73
1669,73
1354,61
1414,63
1745,76
1477,62
1530,67
1497,66
1756,76
1593,67
1776,76
1690,71
1585,70
1645,70
1749,75
1419,64
1576,69
1650,71
1471,67
1448,64
1569,69
1452,64
1395,66
1615,73
1896,81
1479,68
1821,75
1690,73
1567,67
1824,78
1397,62
1751,76
1495,66
1572,67
1762,75
1643,70
1599,70
1539,66
1528,67
1351,62
1528,67
1566,70
1430,63
1355,62
1835,78
1539,69
1495,68
1613,68
1527,66
1568,70
1469,65
1724,74
1642,71
1623,70
1518,69
1604,70
1586,67
1613,70
1399,61
1584,70
1520,67
1449,64
1627,70
1415,63
1500,67
1702,73
1711,74
1655,72
1340,63
1718,74
1398,63
1432,63
1596,70
1434,64
1447,67
1601,68
1535,70
1500,65
1336,62
1415,64
1429,66
1460,68
1755,75
1574,67
1624,70
1781,76
1376,63
1478,66
1676,72
1648,73
1781,76
1566,68
1594,68
1696,74
1593,69
1472,67
1654,73
1512,68
1727,74
1755,74
1821,78
1310,63
1461,67
1687,72
1519,67
1373,61
1396,63
1310,60
1482,66
1680,76
1577,69
1855,79
1686,74
1580,69
1568,69
1428,68
1577,69
1437,66
1755,76
1353,59
1602,71
1777,77
1617,70
1467,67
1819,78
1799,77
1281,63
1740,76
1377,61
1705,73
1413,65
1526,70
1342,61
1509,68
1708,74
1493,69
1811,79
1870,79
1544,66
1678,73
1395,64
1409,64
1684,73
1426,66
1639,73
1440,65
1680,73
1688,76
1473,64
1494,69
1824,78
1385,64
1382,63
1558,68
1548,69
1431,66
1866,80
1451,65
1382,61
1519,65
1896,81
1488,67
1504,67
1475,67
1564,66
1458,65
1521,66
1574,72
1723,75
1889,79
1556,67
1403,65
1654,72
1817,78
1376,63
1557,67
1930,81
1698,72
1862,79
1600,72
1658,74
1847,79
1394,64
1351,63
1784,76
1392,62
1385,62
1327,61
1764,78
1860,80
1378,64
1336,65
1603,70
1776,76
1460,67
1607,70
1234,60
1812,79
1565,68
1387,65
1783,77
1749,75
1557,68
1410,65
1496,67
1683,73
1514,63
1387,62
1534,68
1425,66
1481,65
1767,76
1563,67
1454,66
1668,71
1523,69
1480,68
1571,68
1650,75
1354,62
1816,77
1406,62
1852,79
1588,70
1424,66
1680,72
1343,62
1808,78
1511,68
1421,64
1702,73
1447,63
1511,64
1641,70
1631,72
1588,69
1383,62
1621,71
1390,63
1646,71
1545,69
1459,65
1496,64
1853,79
1517,66
1695,71
1346,60
1445,65
1585,68
1798,78
1405,64
1411,62
1598,71
1420,67
1520,67
1464,64
1454,64
1571,69
1698,72
1430,63
1445,64
1436,68
1409,65
1682,74
1682,72
1483,66
1878,80
1610,70
1737,74
1327,61
1405,62
1519,68
1464,68
1781,76
1426,63
1681,73
1447,65
1786,77
1582,69
1580,70
1746,75
1605,70
1848,80
1753,76
1605,70
1579,69
1426,65
1441,65
1520,68
1355,63
1588,69
1691,75
1433,64
1639,70
1453,65
1594,71
1508,67
1547,68
1701,71
1567,69
1495,70
1506,68
1532,68
1796,78
1446,65
1361,63
1471,66
1400,63
1566,68
1617,72
1812,77
1682,72
1766,76
1456,67
1397,64
1854,79
1869,80
1427,64
1465,66
1788,73
1702,74
1649,75
1438,65
1481,65
1686,74
1420,62
1881,80
1720,74
1578,69
1561,69
1319,62
1535,69
1449,67
1563,69
1750,75
1413,63
1345,63
1570,71
1491,64
1666,73
1348,62
1435,65
1789,75
1518,70
1811,78
1482,65
1583,69
1886,80
1637,73
1896,81
1519,68
1647,70
1398,64
1534,70
1442,65
1500,68
1413,64
1463,66
1808,77
1545,67
1735,75
1440,67
1789,77
1655,72
1390,62
1491,66
1477,66
1766,75
1668,70
1507,66
1509,67
1516,66
1599,70
1523,66
1637,71
1178,56
1601,70
1333,61
1597,71
1346,58
1476,66
1491,69
1719,75
1515,68
1594,71
1410,65
1409,64
1319,63
1769,76
1489,67
1411,64
1480,65
1477,67
1605,71
1517,70
1477,64
1728,75
1488,68
1601,72
1547,70
1463,67
1753,72
1360,63
1706,73
1542,65
1688,75
1543,70
1435,62
1525,66
1463,65
1483,68
1484,67
1411,65
1469,64
1440,64
1521,66
1423,62
1392,65
1753,76
1842,77
1896,81
1402,66
1590,72
1592,69
1808,78
1787,77
1628,72
1520,68
1494,69
1459,64
1573,67
1747,75
1644,71
1380,62
1619,71
1669,73
1717,75
1511,67
1552,68
1898,81
1470,64
1642,72
1675,72
1621,71
1621,71
1503,68
1691,74
1444,64
1665,71
1487,66
1670,74
1771,76
1645,69
1686,73
1388,65
1757,75
1562,72
1471,67
1738,76
1529,68
1561,69
1779,77
1502,67
1564,68
1647,69
1629,72
1462,65
1542,67
1460,66
1798,77
1452,64
1330,60
1485,66
1447,68
1750,74
1604,72
1535,65
1736,75
1441,65
1759,77
1475,66
1372,63
1759,74
1419,65
1408,63
1301,60
1406,64
1554,68
1616,71
1475,68
1510,69
1632,70
1310,59
1390,64
1516,67
1831,77
1589,71
1900,81
1523,66
1637,71
1835,78
1432,64
1372,63
1488,67
1649,70
1453,66
1477,67
1386,62
1372,61
1679,71
1383,63
1588,69
1367,59
1699,72
1458,66
1391,64
1470,66
1394,63
1661,72
1581,69
1398,61
1451,66
1511,64
1419,63
1437,65
1569,68
1538,70
1397,62
1783,77
1618,72
1413,65
1359,66
1615,71
1559,66
1476,64
1350,62
1591,72
1714,75
1438,64
1388,65
1392,62
1455,65
1442,67
1474,64
1754,76
1501,67
1304,61
1389,63
1441,66
1573,70
1726,75
1434,65
1878,78
1519,68
1420,66
1405,63
1503,68
1384,63
1605,71
1732,76
1431,67
1507,68
1486,67
1761,75
1669,69
1398,63
1824,78
1284,59
1466,66
1632,72
1603,70
1438,63
1591,70
1467,66
1601,68
1451,65
1651,73
1473,65
1619,72
1593,71
1432,63
1671,72
1368,62
1697,74
1605,70
1383,65
1544,68
1502,67
1508,68
1719,76
1518,67
1361,60
1423,65
1596,69
1447,63
1527,69
1482,66
1431,64
1682,74
1638,72
1663,70
1570,69
1389,66
1410,65
1402,64
1469,69
1774,76
1557,67
1593,69
1517,67
1462,66
1505,67
1476,68
1441,65
1458,64
1854,78
1902,81
1600,67
1526,69
1799,78
1469,66
1616,73
1438,64
1469,69
1494,68
1824,78
1458,66
1603,70
1688,73
1419,64
1412,63
1659,72
1886,80
1445,66
1626,71
1579,70
1849,79
1761,74
1453,64
1392,65
1647,72
1549,72
1699,73
1690,72
1556,70
1676,72
1839,79
1631,72
1620,69
1549,68
1339,62
1512,67
1603,68
1513,69
1253,59
1703,73
1524,68
1430,68
1314,62
1536,70
1575,69
1602,71
1753,74
1328,60
1710,73
1454,63
1452,63
1350,61
1512,68
1391,65
1529,69
1609,71
1701,72
1431,68
1514,67
1871,80
1636,70
1539,69
1489,66
1720,75
1752,75
1378,62
1498,66
1716,75
1378,63
1427,67
1422,67
1333,63
1656,71
1430,63
1403,62
1636,72
1699,75
1796,77
1632,70
1371,64
1579,71
1571,70
1790,77
1728,75
1598,68
1519,67
1709,73
1428,65
1435,65
1582,68
1352,63
1682,73
1505,63
1779,77
1388,64
1532,66
1756,76
1503,65
1394,61
1467,65
1692,74
1500,67
1669,72
1618,73
1832,78
1617,71
1356,60
1292,59
1849,79
1506,64
1493,68
1509,70
1398,63
1723,72
1535,66
1513,69
1586,72
1483,65
1854,79
1499,68
1778,76
1524,67
1451,63
1538,66
1860,80
1458,63
1260,58
1789,74
1770,76
1839,79
1444,65
1603,70
1557,70
1338,60
1735,74
1546,68
1498,67
1783,76
1767,75
1647,71
1708,74
1796,77
1485,67
1581,66
1375,63
1583,71
1401,65
1593,70
1483,67
1823,76
1385,63
1610,72
1611,71
1498,67
1823,78
1456,65
1517,69
1506,67
1480,65
1613,69
1615,70
1550,70
1586,69
1361,61
1786,77
1848,79
1564,70
1407,62
1271,62
1475,66
1464,64
1440,66
1714,72
1723,72
1644,71
1680,73
1394,64
1484,67
1688,72
1272,59
1396,64
1498,66
1819,77
1811,78
1587,70
1784,76
1410,61
1557,70
1531,70
1389,63
1657,71
1551,67
1785,75
1810,79
1682,76
1761,77
1381,62
1316,61
1790,78
1546,69
1595,69
1373,63
1832,79
1383,62
1690,73
1421,64
1460,63
1461,68
1543,69
1571,69
1607,69
1555,71
1546,69
1846,76
1593,70
1489,65
1310,60
1608,70
1441,66
1371,61
1409,63
1538,66
1511,68
1519,67
1436,62
1568,68
1721,74
1637,71
1518,68
1825,78
1633,71
1611,71
1390,63
1482,67
1379,62
1445,66
1464,66
1799,76
1463,69
1589,67
1402,62
1688,72
1550,67
1732,75
1560,68
1427,63
1450,67
1546,68
1557,67
1361,61
1735,75
1502,66
1514,68
1876,80
1600,72
1537,67
1416,65
1581,69
1638,73
1497,65
1481,67
1703,74
1457,68
1410,64
1442,64
1615,71
1452,66
1413,66
1768,77
1778,78
1737,74
1395,62
1763,76
1266,60
1442,65
1369,61
1440,66
1335,63
1573,71
1728,75
1631,72
1644,70
1539,67
1658,72
1509,67
1485,63
1839,79
1299,57
1543,71
1810,78
1406,64
1822,78
1509,67
1616,71
1500,67
1591,69
1654,72
1615,72
1514,67
1530,68
1498,64
1793,76
1678,74
1582,71
1500,68
1414,63
1603,69
1737,75
1479,66
1472,64
1462,69
1743,75
1608,69
1647,71
1533,68
1502,67
1601,71
1824,77
1371,61
1486,66
1845,79
1739,73
1500,67
1434,64
1415,64
1484,67
1499,66
1487,66
1797,76
1364,60
1398,62
1611,71
1680,74
1515,69
1754,74
1828,78
1365,62
1549,68
1746,76
1645,71
1731,75
1496,68
1741,74
1522,69
1478,65
1578,67
1724,75
1521,66
1677,73
1690,73
1617,70
1896,81
1406,64
1698,76
1552,69
1349,61
1458,64
1670,71
1497,67
1491,65
1797,77
1363,65
1537,68
1595,68
1766,76
1517,68
1606,71
1415,63
1767,74
1411,64
1515,67
1375,64
1566,68
1614,69
1355,61
1406,65
1597,71
1627,73
1489,67
1476,63
1465,68
1479,67
1382,63
1541,67
1539,68
1584,69
1523,66
1637,73
1406,63
1391,63
1616,71
1483,67
1508,67
1438,66
1498,66
1640,73
1304,61
1751,74
1392,63
1689,72
1420,66
1739,74
1565,70
1540,69
1392,63
1900,81
1481,69
1508,65
1573,69
1547,67
1438,65
1627,74
1531,66
1597,68
1609,72
1411,63
1501,68
1587,69
1463,65
1804,78
1586,70
1745,74
1682,74
1363,62
1441,64
1280,61
1584,70
1406,67
1472,66
1653,72
1896,81
1433,64
1650,72
1648,73
1281,58
1397,67
1500,68
1426,66
1459,65
1569,70
1491,67
1402,65
1388,62
1810,76
1637,74
1462,66
1433,65
1447,65
1290,61
1696,74
1683,72
1636,74
1615,71
1546,72
1402,62
1738,75
1664,73
1390,65
1587,69
1495,67
1790,77
1811,77
1566,71
1846,80
1357,64
1485,67
1867,80
1443,67
1619,70
1574,71
1638,73
1388,61
1654,71
1521,67
1767,75
1437,67
1804,78
1747,75
1407,66
1467,66
1429,66
1507,65
1790,78
1704,74
1566,71
1471,64
1632,69
1664,74
1486,66
1549,72
1532,69
1896,81
1719,75
1607,70
1567,70
1736,74
1650,73
1798,76
1336,60
1427,66
1546,66
1395,63
1872,79
1513,68
1469,67
1455,65
1745,76
1647,70
1896,81
1694,76
1632,71
1773,76
1662,71
1766,74
1408,63
1534,67
1733,74
1502,66
1703,71
1545,68
1448,66
1804,79
1352,61
1341,62
1670,74
1534,67
1581,68
1498,67
1547,68
1883,80
1881,80
1514,66
1734,74
1348,63
1502,66
1824,78
1450,65
1781,76
1543,69
1497,68
1348,59
1338,62
1499,65
1688,72
1492,65
1624,69
1635,71
1441,65
1817,79
1463,63
1399,66
1383,63
1432,63
1429,65
1464,65
1548,66
1426,67
1554,70
1640,71
1334,60
1580,69
1487,67
1654,73
1397,65
1447,64
1348,59
1588,69
1635,71
1471,64
1368,62
1830,78
1594,70
1468,67
1550,67
1495,67
1423,65
1701,72
1650,70
1752,76
1565,68
1668,71
1750,74
1456,65
1778,78
1633,71
1496,66
1354,62
1621,71
1630,72
1774,76
1560,68
1556,68
1403,61
1457,64
1722,74
1303,59
1641,70
1628,72
1528,69
1714,73
1697,72
1459,65
1450,64
1602,69
1868,78
1692,73
1550,69
1413,65
1408,62
1429,66
1350,61
1471,65
1795,76
1470,66
1705,75
1579,68
1540,71
1437,66
1425,64
1697,74
1529,65
1682,76
1881,79
1467,64
1568,68
1600,69
1818,77
1453,62
1521,65
1442,64
1506,65
1560,72
1529,65
1753,76
1670,72
1410,65
1414,67
1356,60
1764,76
1668,72
1531,68
1668,71
1266,57
1296,60
1501,67
1254,60
1524,69
1530,67
1505,68
1626,70
1532,67
1753,75
1246,60
1873,80
1455,66
1506,67
1500,69
1584,69
1687,73
1815,76
1359,60
1646,69
1477,65
1473,65
1597,70
1731,74
1662,73
1675,71
1717,75
1639,71
1505,66
1690,71
1457,67
1599,71
1600,69
1602,71
1517,68
1474,67
1425,65
1492,66
1566,67
1567,68
1725,74
1560,68
1463,63
1623,71
1489,65
1519,69
1548,69
1472,67
1628,70
1593,67
1509,69
1870,79
1644,70
1671,73
1552,68
1538,70
1460,67
1567,68
1562,68
1692,74
1538,67
1467,66
1880,80
1494,69
1579,70
1646,72
1641,71
1747,74
1518,67
1431,65
1367,65
1606,71
1483,67
1405,64
1260,60
1882,80
1852,79
1606,70
1810,78
1570,68
1796,77
1685,72
1433,64
1814,78
1681,73
1305,62
1441,62
1419,65
1570,67
1386,64
1511,64
1749,74
1500,69
1481,65
1462,66
1810,77
1661,72
1527,66
1445,66
1900,81
1594,70
1483,63
1483,66
1471,66
1710,74
1657,71
1491,66
1393,63
1341,61
1783,78
1780,76
1328,59
1854,79
1751,75
1442,63
1700,71
1736,72
1825,79
1371,62
1568,69
1688,73
1525,70
1544,69
1529,68
1476,68
1644,71
1359,63
1578,68
1430,67
1516,69
1488,67
1643,71
1607,70
1566,67
1745,76
1583,69
1792,77
1569,69
1665,73
1540,67
1606,68
1621,71
1479,67
1539,67
1465,65
1655,74
1655,72
1713,74
1423,65
1414,63
1399,63
1458,65
1818,77
1460,68
1871,79
1583,66
1525,67
1766,74
1415,62
1565,68
1368,62
1613,70
1560,68
1744,73
1696,74
1410,61
1828,78
1842,78
1461,66
1536,69
1429,65
1387,62
1609,68
1653,72
1362,61
1408,61
1887,80
1557,70
1437,65
1735,75
1762,75
1565,67
1438,63
1475,64
1568,69
1377,63
1503,66
1528,66
1655,71
1665,70
1472,68
1596,68
1307,60
1483,64
1756,75
1615,70
1324,56
1742,77
1662,74
1752,77
1409,65
1489,68
1602,69
1438,65
1428,65
1417,63
1644,73
1694,71
1363,62
1663,74
1720,75
1578,69
1345,61
1592,69
1492,66
1802,76
1431,65
1493,66
1791,77
1432,61
1574,69
1663,71
1481,66
1768,76
1536,66
1633,72
1505,68
1355,63
1519,67
1896,81
1445,65
1637,71
1656,71
1672,73
1481,64
1420,65
1466,66
1661,72
1355,61
1590,68
1596,72
1846,79
1437,63
1329,64
1747,74
1557,69
1654,73
1853,80
1555,67
1900,81
1759,75
1601,71
1627,72
1504,67
1726,73
1402,66
1437,63
1488,64
1505,68
1790,78
1655,72
1462,66
1645,72
1554,70
1511,67
1789,74
1485,67
1529,68
1682,74
1563,69
1616,71
1498,66
1532,68
1762,76
1611,70
1455,66
1531,65
1565,68
1425,64
1596,67
1615,70
1641,73
1506,68
1511,69
1507,70
1648,73
1738,76
1502,67
1454,64
1537,70
1485,66
1311,59
1514,66
1508,70
1598,69
1430,63
1902,81
1799,76
1696,75
1620,69
1598,69
1510,68
1468,67
1473,66
1485,67
1683,72
1552,67
1426,64
1841,78
1374,63
1622,70
1900,81
1523,68
1807,77
1837,79
1536,68
1539,68
1489,66
1673,69
1561,69
1604,69
1591,71
1700,72
1428,64
1489,68
1400,63
1659,71
1601,69
1828,78
1337,61
1791,76
1683,72
1446,66
1680,70
1657,72
1502,68
1448,65
1730,74
1454,66
1650,73
1566,69
1653,72
1560,68
1608,70
1571,68
1632,70
1408,64
1819,79
1570,67
1566,68
1598,71
1660,73
1560,69
1423,62
1457,66
1418,65
1486,66
1588,67
1635,72
1331,60
1636,73
1550,68
1770,75
1433,65
1628,70
1281,59
1716,73
1732,74
1344,63
1445,67
1576,68
1319,62
1774,77
1419,63
1406,63
1643,73
1517,69
1339,60
1724,73
1435,66
1523,67
1453,66
1374,63
1505,68
1588,69
1632,73
1728,75
1878,80
1510,66
1770,75
1682,74
1406,63
1841,79
1515,66
1601,71
1729,75
1743,77
1685,72
1574,71
1444,64
1670,73
1682,74
1475,67
1763,76
1830,79
1472,66
1450,65
1327,62
1762,77
1652,74
1409,65
1605,72
1453,62
1706,74
1570,71
1695,73
1594,69
1453,65
1863,80
1435,63
1603,72
1515,68
1538,68
1560,68
1508,71
1318,63
1609,70
1380,63
1413,66
1589,69
1599,69
1460,67
1672,70
1567,68
1833,79
1710,71
1532,68
1801,77
1622,70
1510,67
1811,78
1792,77
1425,63
1707,73
1658,72
1558,70
1634,71
1486,63
1515,68
1835,79
1531,67
1668,73
1592,68
1494,67
1607,71
1603,69
1840,79
1789,77
1851,79
1657,72
1546,70
1869,80
1593,70
1455,66
1450,65
1623,71
1382,63
1511,66
1840,78
1875,79
1366,62
1725,76
1758,75
1454,65
1518,66
1810,77
1431,63
1526,66
1730,75
1480,66
1241,60
1594,67
1717,76
1504,65
1631,71
1557,67
1578,69
1343,60
1564,68
1492,68
1545,68
1611,69
1515,66
1364,64
1885,80
1472,64
1611,68
1483,69
1650,72
1705,73
1426,63
1501,65
1440,63
1794,77
1838,79
1637,69
1699,74
1748,75
1662,73
1427,62
1367,62
1279,59
1554,70
1367,63
1540,68
1776,76
1493,67
1425,65
1813,78
1756,74
1629,71
1509,68
1393,62
1612,71
1558,68
1737,76
1566,66
1607,70
1748,73
1621,72
1544,68
1543,69
1800,77
1413,63
1349,61
1316,61
1595,68
1391,64
1737,75
1530,69
1548,68
1625,70
1812,79
1511,67
1736,75
1530,65
1441,63
1489,64
1515,66
1497,67
1722,73
1812,77
1499,67
1541,67
1499,65
1734,74
1691,74
1601,66
1378,62
1547,68
1398,63
1517,65
1479,70
1591,70
1502,65
1407,64
1490,63
1677,74
1548,68
1703,74
1595,69
1427,66
1574,69
1611,69
1204,55
1725,74
1588,68
1440,65
1380,64
1546,71
1401,64
1825,77
1558,68
1567,70
1487,67
1900,81
1697,72
1548,68
1521,67
1569,69
1335,58
1591,69
1571,69
1387,63
1410,66
1799,77
1586,69
1529,67
1538,71
1896,81
1300,60
1543,68
1390,63
1426,65
1689,71
1484,65
1503,66
1483,68
1471,65
1467,66
1672,74
1501,68
1405,64
1805,77
1710,73
1556,71
1737,74
1678,73
1627,70
1383,63
1793,78
1408,65
1901,81
1632,70
1817,77
1785,78
1574,70
1676,73
1530,68
1565,70
1567,69
1382,63
1614,72
1547,67
1512,70
1500,68
1565,69
1824,79
1463,64
1315,62
1694,73
1840,78
1308,59
1466,67
1702,75
1478,66
1459,64
1746,75
1492,67
1694,73
1409,67
1516,69
1509,65
1660,71
1577,69
1482,65
1553,69
1889,81
1590,70
1472,65
1428,65
1640,70
1402,64
1738,76
1652,72
1581,70
1514,67
1566,70
1544,68
1694,73
1455,66
1559,68
1510,70
1526,68
1464,63
1493,64
1546,69
1349,62
1426,65
1539,67
1745,75
1550,66
1340,62
1704,74
1353,62
1900,81
1672,75
1548,66
1562,69
1652,72
1316,62
1643,72
1520,65
1810,77
1554,66
1507,68
1695,76
1452,66
1808,77
1649,71
1345,61
1761,75
1647,71
1856,79
1683,73
1464,66
1528,68
1368,60
1476,65
1611,69
1384,63
1614,68
1440,64
1792,77
1507,68
1580,70
1471,67
1469,66
1453,64
1435,65
1721,74
1652,71
1419,65
1538,68
1604,72
1617,70
1860,80
1841,78
1462,63
1550,68
1836,79
1564,69
1345,61
1653,70
1493,64
1524,68
1490,66
1653,71
1775,75
1820,78
1373,62
1600,70
1500,68
1776,76
1547,69
1937,82
1569,69
1479,67
1692,72
1436,66
1675,74
1451,65
1908,80
1819,78
1550,70
1691,69
1703,69
1670,72
1810,77
1540,69
1570,68
1524,68
1937,82
1604,70
1586,69
1532,69
1488,68
1829,77
1313,60
1801,77
1602,71
1869,79
1718,73
1829,79
1446,62
1486,66
1459,65
1338,59
1497,64
1468,66
1840,79
1688,72
1675,70
1646,71
1566,69
1447,65
1403,63
1574,68
1721,76
1894,80
1459,65
1650,71
1766,76
1576,68
1795,78
1441,64
1379,62
1498,67
1505,66
1593,70
1511,68
1283,61
1636,69
1543,69
1399,63
1612,73
1714,74
1900,81
1475,66
1584,68
1698,75
1447,65
1717,71
1582,69
1623,72
1468,65
1935,82
1561,67
1782,78
1516,68
1443,66
1663,73
1728,74
1504,69
1849,79
1558,70
1524,69
1700,75
1530,67
1368,61
1604,69
1563,71
1791,76
1574,69
1526,67
1462,66
1792,77
1546,65
1939,82
1466,65
1613,70
1486,66
1540,67
1758,74
1486,67
1631,69
1452,65
1478,66
1486,68
1853,77
1582,68
1551,70
1493,66
1747,74
1579,69
1644,72
1225,59
1302,61
1440,66
1511,68
1324,59
1452,66
1455,68
1463,67
1523,67
1543,69
1800,75
1455,65
1523,67
1476,67
1484,68
1471,63
1672,72
1618,68
1753,74
1419,64
1497,66
1564,70
1727,76
1645,74
1838,79
1545,69
1363,63
1564,71
1614,69
1541,66
1368,65
1619,71
1457,66
1438,65
1780,78
1654,73
1370,62
1705,74
1705,74
1581,69
1792,78
1591,70
1556,68
1707,74
1625,72
1559,71
1494,66
1691,73
1519,68
1732,75
1484,65
1535,69
1566,67
1844,79
1622,73
1721,76
1497,68
1415,66
1820,79
1607,71
1434,66
1625,70
1532,66
1634,70
1699,74
1376,63
1650,71
1762,76
1544,67
1387,64
1517,67
1427,63
1408,64
1457,62
1629,69
1715,74
1605,73
1462,67
1450,68
1317,60
1656,70
1733,76
1735,76
1594,70
1646,71
1593,70
1828,79
1514,69
1724,76
1489,66
1559,67
1731,76
1592,69
1285,61
1501,66
1311,61
1492,66
1850,79
1444,66
1653,72
1779,77
1801,77
1777,77
1612,69
1913,79
1471,65
1813,78
1693,72
1694,70
1734,75
1820,77
1749,76
1576,69
1701,73
1741,75
1597,68
1584,68
1581,69
1621,72
1676,72
1370,65
1784,76
1494,69
1737,75
1778,75
1366,62
1782,72
1476,68
1338,63
1475,65
1454,65
1686,71
1592,70
1734,72
1765,73
1617,68
1626,70
1671,73
1418,65
1394,63
1816,78
1847,79
1504,67
1510,66
1595,71
1735,75
1502,68
1561,69
1861,79
1493,65
1637,73
1701,73
1419,66
1479,68
1627,70
1587,71
1580,69
1911,81
1701,73
1806,77
1533,68
1592,70
1469,68
1315,64
1927,81
1339,60
1643,72
1450,67
1627,73
1692,74
1678,74
1740,77
1812,77
1489,68
1584,71
1492,67
1725,75
1573,69
1785,77
1572,68
1558,68
1812,77
1673,72
1731,74
1481,67
1562,69
1503,66
1608,71
1466,65
1506,67
1573,68
1544,68
1397,66
1613,70
1621,71
1359,63
1510,67
1579,66
1572,68
1557,69
1790,75
1826,78
1445,65
1466,64
1403,65
1542,69
1636,69
1595,74
1549,67
1668,72
1650,69
1641,73
1911,80
1603,69
1468,67
1560,70
1531,69
1835,78
1632,73
1485,68
1445,66
1579,70
1755,74
1563,69
1410,63
1739,74
1464,67
1427,65
1542,69
1520,68
1473,66
1554,70
1530,67
1653,72
1661,71
1530,68
1787,76
1784,75
1478,63
1561,67
1404,64
1467,66
1488,65
1605,72
1485,66
1383,66
1534,70
1736,74
1333,62
1653,73
1365,64
1814,77
1548,66
1539,68
1680,73
1617,70
1388,61
1667,72
1522,68
1713,72
1650,73
1727,76
1590,71
1503,68
1629,72
1537,67
1475,67
1422,65
1734,76
1390,64
1386,61
1529,69
1661,72
1577,70
1565,69
1433,68
1453,64
1625,70
1673,72
1548,69
1645,73
1795,77
1459,66
1572,70
1597,73
1617,72
1780,75
1871,80
1578,71
1358,62
1591,70
1663,72
1542,70
1581,69
1456,63
1562,69
1443,65
1713,73
1771,77
1609,70
1500,66
1470,64
1411,66
1539,69
1611,68
1613,69
1517,67
1402,64
1483,69
1547,67
1579,71
1760,76
1405,64
1521,67
1553,70
1453,67
1634,72
1415,65
1486,68
1664,72
1646,72
1522,66
1493,68
1423,65
1339,62
1402,65
1562,68
1532,68
1599,69
1701,76
1791,76
1539,68
1941,82
1704,75
1761,74
1442,65
1412,63
1760,76
1930,81
1900,81
1465,67
1478,64
1788,78
1615,70
1378,64
1471,66
1634,73
1615,71
1652,73
1472,66
1574,70
1596,71
1543,69
1648,70
1844,79
1708,74
1627,71
1537,66
1425,64
1740,71
1541,67
1529,65
1615,70
1827,78
1446,66
1512,69
1566,68
1454,63
1658,72
1705,75
1548,69
1629,72
1604,70
1513,69
1435,63
1768,76
1806,76
1503,66
1523,68
1605,68
1517,66
1704,75
1490,68
1522,66
1770,78
1333,63
1576,68
1349,64
1665,71
1478,67
1883,81
1801,78
1523,64
1587,69
1742,76
1851,80
1522,69
1655,72
1578,70
1412,63
1829,77
1797,76
1673,73
1828,76
1677,73
1659,75
1710,71
1572,69
1674,74
1464,63
1579,71
1410,67
1546,69
1898,81
1474,65
1487,67
1486,66
1703,74
1656,72
1699,72
1462,65
1461,66
1680,72
1524,70
1669,72
1740,75
1563,66
1483,66
1488,69
1436,64