59,1449
60,1452
62,1407
63,1463
57,1354
57,1340
56,1318
56,1273
54,1324
57,1314
59,1369
55,1274
60,1354
55,1284
62,1416
58,1336
56,1278
60,1426
56,1258
60,1435
62,1458
54,1307
52,1241
59,1406
60,1453
57,1186
53,1198
59,1410
61,1367
62,1498
-,-,-,-
58,1376
58,1353
60,1494
60,1494
59,1449
60,1436
56,1324
57,1342
60,1486
59,1431
57,1366
59,1449
62,1513
59,1445
58,1365
60,1456
60,1366
59,1418
56,1315
60,1421
60,1385
62,1409
61,1404
59,1340
64,1476
59,1272
60,1382
57,1404
60,1377
59,1357
57,1327
57,1325
61,1404
58,1395
54,1223
59,1391
61,1456
59,1333
60,1388
58,1363
55,1330
54,1227
60,1398
61,1475
60,1517
56,1363
61,1481
56,1312
58,1305
60,1421
52,1263
57,1273
57,1375
-,-,-,-
63,1471
64,1476
65,1488
63,1438
62,1411
61,1382
65,1547
63,1453
62,1417
64,1498
62,1434
62,1419
64,1522
62,1436
64,1527
62,1415
63,1463
63,1443
63,1463
60,1321
63,1457
61,1391
61,1408
62,1416
61,1395
61,1381
62,1437
61,1520
61,1427
58,1319
52,1164
60,1431
62,1439
60,1358
59,1409
57,1352
60,1420
58,1421
53,1200
57,1302
55,1299
61,1498
58,1296
63,1417
60,1384
56,1198
59,1340
63,1446
52,1145
57,1383
63,1494
56,1319
57,1294
-,-,-,-
65,1488
63,1455
66,1521
65,1488
65,1479
64,1451
65,1490
65,1486
61,1390
65,1547
67,1544
63,1447
65,1488
60,1327
62,1495
62,1475
64,1527
64,1529
64,1487
64,1517
66,1581
63,1417
61,1424
62,1454
62,1415
56,1235
59,1430
62,1432
60,1421
61,1394
64,1471
61,1485
61,1513
61,1426
59,1310
54,1241
57,1359
62,1420
60,1310
56,1304
59,1371
64,1471
61,1461
56,1215
59,1333
56,1421
58,1316
60,1334
59,1310
59,1428
55,1242
57,1280
56,1444
-,-,-,-
64,1465
63,1424
66,1585
61,1327
67,1544
67,1544
62,1444
65,1490
63,1462
66,1517
62,1407
67,1544
67,1538
61,1395
66,1579
62,1447
66,1581
64,1479
61,1392
66,1581
66,1577
62,1407
64,1471
61,1368
62,1473
63,1429
62,1405
61,1377
60,1419
53,1306
56,1290
60,1372
59,1368
61,1434
59,1389
55,1250
58,1284
50,1182
59,1388
54,1288
62,1359
55,1255
59,1331
60,1481
55,1211
57,1295
58,1305
61,1317
57,1347
62,1502
54,1234
58,1419
56,1307
-,-,-,-
62,1464
65,1523
67,1538
64,1466
66,1579
64,1460
61,1424
68,1614
67,1526
66,1548
62,1432
60,1358
61,1404
62,1404
62,1403
63,1447
62,1413
62,1416
61,1352
66,1575
66,1552
64,1471
63,1498
63,1498
63,1444
61,1416
62,1435
53,1186
61,1495
53,1252
60,1301
62,1435
54,1202
63,1461
62,1548
58,1365
58,1349
61,1318
57,1287
58,1256
56,1359
57,1479
57,1436
64,1438
60,1413
56,1336
56,1304
59,1371
60,1358
57,1340
63,1513
55,1228
52,1217
-,-,-,-
68,1620
60,1344
69,1645
67,1586
66,1567
63,1442
66,1499
65,1503
63,1442
61,1357
67,1588
62,1423
67,1580
66,1535
67,1591
66,1565
66,1527
65,1548
66,1552
64,1471
66,1579
62,1459
61,1353
63,1393
65,1449
64,1438
59,1371
63,1403
56,1276
56,1352
59,1317
59,1347
55,1240
59,1319
57,1313
59,1324
64,1519
56,1229
61,1454
59,1264
57,1334
56,1253
57,1293
62,1448
56,1285
56,1330
58,1341
58,1307
58,1346
59,1456
57,1351
57,1363
57,1314
-,-,-,-
69,1645
64,1486
61,1399
63,1479
66,1505
67,1589
67,1588
62,1422
60,1369
67,1602
60,1358
63,1431
60,1375
67,1609
63,1464
68,1604
60,1497
64,1487
62,1410
64,1446
65,1553
63,1444
63,1412
65,1449
64,1451
61,1359
61,1353
61,1393
57,1315
62,1360
60,1410
60,1375
55,1322
59,1391
58,1309
60,1364
56,1254
57,1383
58,1324
65,1597
63,1451
56,1319
54,1300
56,1258
57,1351
57,1323
57,1324
60,1342
53,1233
57,1301
58,1274
58,1343
58,1382
-,-,-,-
69,1645
69,1645
65,1504
61,1353
62,1425
69,1673
67,1633
65,1495
69,1645
65,1486
63,1444
65,1497
69,1645
69,1645
67,1569
63,1452
66,1524
66,1570
68,1604
66,1554
66,1510
62,1465
63,1410
60,1353
65,1462
65,1449
62,1467
61,1446
63,1385
65,1512
64,1477
59,1367
53,1131
59,1371
56,1307
56,1289
63,1413
61,1503
61,1322
64,1572
57,1328
58,1282
62,1436
56,1352
58,1431
57,1226
54,1228
53,1238
58,1372
53,1219
57,1336
58,1290
57,1301
-,-,-,-
69,1641
63,1392
62,1404
66,1575
69,1645
60,1359
61,1368
67,1596
67,1590
67,1521
69,1645
69,1645
61,1383
62,1389
64,1495
62,1397
66,1589
67,1563
65,1506
62,1436
68,1604
62,1366
65,1458
62,1383
60,1336
62,1427
58,1311
58,1305
61,1335
59,1371
59,1364
57,1363
61,1341
58,1334
58,1263
61,1375
62,1468
60,1485
60,1399
61,1456
52,1113
59,1402
64,1439
59,1399
58,1343
58,1304
61,1430
55,1234
55,1234
53,1205
57,1211
57,1355
55,1184
-,-,-,-
62,1451
65,1526
60,1371
67,1566
69,1641
68,1606
60,1433
69,1641
66,1557
69,1641
63,1419
65,1489
64,1515
64,1477
66,1525
68,1604
64,1447
67,1567
68,1604
67,1528
65,1513
65,1502
64,1441
61,1379
65,1473
64,1401
61,1386
60,1413
59,1364
56,1273
61,1459
57,1342
59,1453
59,1337
56,1200
59,1254
62,1469
55,1297
60,1485
63,1485
61,1416
58,1252
64,1495
58,1300
56,1258
56,1340
58,1289
60,1399
62,1469
54,1330
55,1224
61,1417
57,1302
-,-,-,-
64,1482
63,1421
69,1643
69,1641
69,1641
65,1507
65,1525
58,1284
69,1641
69,1641
64,1480
67,1584
62,1389
63,1445
65,1555
67,1561
64,1503
65,1514
67,1593
67,1581
67,1561
66,1525
62,1413
61,1357
62,1330
58,1209
57,1305
64,1506
61,1366
63,1515
62,1450
60,1355
59,1340
60,1450
60,1399
58,1312
61,1417
57,1330
59,1467
53,1214
57,1424
63,1447
55,1196
58,1376
58,1338
58,1379
56,1261
59,1354
56,1269
61,1391
54,1259
58,1353
57,1327
-,-,-,-
69,1641
64,1492
68,1614
63,1501
68,1590
63,1437
67,1577
62,1458
64,1444
62,1410
61,1423
64,1515
69,1641
68,1607
68,1605
60,1398
67,1573
63,1474
68,1602
67,1581
67,1569
66,1525
64,1447
65,1512
63,1396
62,1398
62,1457
60,1437
59,1317
59,1325
59,1325
62,1354
56,1281
61,1434
57,1319
55,1323
59,1350
61,1432
64,1476
59,1383
55,1274
60,1477
56,1238
55,1230
60,1340
59,1350
57,1303
54,1206
58,1386
60,1352
57,1339
57,1290
56,1322
-,-,-,-
61,1384
63,1433
64,1444
69,1641
67,1588
61,1356
69,1641
69,1641
57,1262
62,1427
69,1641
63,1440
64,1510
66,1528
68,1602
64,1455
68,1606
65,1490
68,1606
65,1579
66,1546
64,1412
66,1529
66,1527
63,1465
66,1517
64,1456
55,1271
64,1508
63,1521
59,1404
62,1374
57,1210
58,1290
61,1526
57,1303
54,1190
63,1356
60,1326
61,1417
57,1328
54,1247
56,1312
55,1255
58,1410
62,1437
58,1321
56,1324
56,1275
66,1531
58,1364
58,1295
60,1425
-,-,-,-
59,1364
60,1289
65,1520
67,1606
62,1409
65,1476
68,1636
62,1407
69,1641
67,1591
64,1463
69,1641
63,1427
64,1460
66,1561
66,1569
67,1567
67,1585
68,1602
66,1558
69,1636
66,1517
58,1286
59,1317
66,1517
63,1379
55,1231
59,1364
60,1427
66,1518
60,1363
62,1429
58,1249
59,1335
55,1244
59,1451
63,1440
62,1449
62,1498
57,1265
61,1462
56,1352
59,1418
59,1330
62,1388
54,1197
60,1379
58,1286
58,1406
60,1407
58,1346
58,1417
60,1362
-,-,-,-
67,1561
68,1608
69,1636
62,1427
66,1540
69,1596
69,1636
67,1548
62,1457
68,1610
66,1502
69,1636
68,1621
69,1636
63,1444
64,1463
66,1553
66,1569
66,1563
69,1641
58,1299
66,1517
66,1517
64,1454
61,1432
61,1319
59,1318
59,1337
58,1401
59,1400
63,1485
59,1372
61,1336
56,1293
58,1341
58,1401
61,1448
59,1370
60,1395
57,1286
69,1668
58,1338
57,1360
61,1363
58,1313
58,1393
56,1323
60,1388
57,1315
56,1255
56,1241
54,1330
61,1416
-,-,-,-
63,1409
69,1596
68,1558
69,1526
60,1342
69,1586
68,1543
69,1596
68,1544
67,1497
67,1478
67,1552
71,1608
67,1521
69,1641
64,1464
67,1556
63,1430
69,1641
69,1641
71,1688
61,1447
63,1456
69,1668
69,1664
69,1666
61,1464
65,1489
64,1480
53,1181
60,1371
61,1467
60,1406
65,1500
55,1275
57,1273
57,1332
65,1443
62,1460
62,1402
61,1356
58,1340
61,1509
64,1448
57,1313
63,1541
59,1322
57,1326
63,1514
56,1307
52,1251
57,1331
57,1270
-,-,-,-
70,1571
70,1588
70,1560
71,1612
65,1494
66,1466
71,1608
71,1608
71,1608
67,1516
70,1565
63,1406
68,1504
70,1589
69,1638
63,1500
71,1688
66,1552
71,1692
64,1497
59,1358
69,1677
67,1621
62,1441
62,1452
69,1664
59,1354
60,1355
60,1282
62,1484
59,1355
59,1285
61,1424
60,1336
62,1498
64,1407
56,1217
61,1408
63,1479
63,1493
63,1449
57,1302
59,1365
60,1414
61,1380
58,1428
53,1126
53,1226
56,1321
58,1404
59,1429
61,1446
56,1318
-,-,-,-
64,1394
67,1518
67,1561
65,1464
71,1599
65,1467
70,1591
67,1517
63,1430
66,1463
69,1538
70,1565
69,1541
71,1608
65,1517
57,1285
64,1482
61,1304
66,1539
67,1514
62,1393
64,1514
66,1595
69,1664
67,1605
59,1374
61,1438
60,1362
58,1303
61,1364
61,1340
61,1397
63,1514
60,1416
60,1337
63,1455
58,1232
58,1327
61,1412
61,1349
58,1321
62,1382
56,1263
56,1365
63,1455
59,1401
60,1374
58,1315
62,1497
57,1250
52,1177
59,1409
57,1383
-,-,-,-
71,1599
70,1581
69,1539
65,1479
70,1566
69,1543
60,1321
71,1618
71,1605
70,1585
70,1593
65,1525
65,1423
69,1550
65,1492
62,1368
69,1645
69,1637
71,1688
64,1444
61,1382
66,1603
62,1484
67,1621
67,1598
69,1664
62,1404
62,1362
61,1374
61,1373
61,1385
66,1616
61,1364
59,1284
63,1374
55,1204
56,1210
57,1293
63,1518
58,1311
59,1427
59,1357
58,1314
58,1333
60,1376
53,1297
58,1355
63,1465
62,1435
59,1347
51,1122
57,1274
58,1344
-,-,-,-
65,1469
71,1620
66,1509
68,1546
61,1426
67,1603
71,1598
67,1612
68,1624
69,1549
70,1587
66,1478
63,1383
66,1485
59,1319
68,1588
68,1598
66,1515
65,1521
63,1461
61,1389
60,1377
67,1606
63,1466
63,1467
69,1687
60,1362
61,1349
57,1259
69,1699
60,1357
63,1428
65,1541
58,1372
59,1289
54,1175
62,1376
57,1292
58,1347
61,1388
59,1294
61,1350
55,1217
61,1416
56,1253
60,1384
59,1335
65,1553
57,1254
54,1248
61,1477
55,1284
58,1410
-,-,-,-
64,1492
70,1581
69,1554
70,1590
71,1631
69,1611
69,1592
63,1425
65,1480
71,1592
65,1471
71,1600
69,1583
67,1507
63,1441
69,1638
58,1292
64,1470
61,1329
71,1690
71,1690
69,1664
64,1497
62,1454
60,1366
57,1310
56,1290
64,1451
59,1305
61,1379
63,1446
60,1337
64,1510
63,1406
62,1387
60,1404
60,1432
61,1460
59,1328
57,1334
60,1334
59,1330
60,1382
63,1402
62,1429
59,1397
60,1426
62,1496
62,1479
58,1301
57,1323
56,1360
54,1190
-,-,-,-
68,1522
63,1397
70,1582
71,1592
71,1592
71,1588
67,1517
71,1598
69,1518
66,1512
71,1612
69,1542
66,1457
68,1573
68,1605
69,1584
70,1651
71,1688
69,1641
64,1489
67,1535
69,1664
60,1447
64,1541
68,1642
66,1596
65,1518
61,1356
63,1404
63,1604
62,1412
65,1476
59,1368
64,1561
60,1352
62,1362
56,1329
61,1423
55,1173
61,1451
62,1508
57,1310
63,1473
56,1185
57,1332
63,1455
58,1362
63,1550
56,1334
60,1356
59,1494
58,1314
57,1330
-,-,-,-
58,1248
65,1486
71,1588
70,1563
71,1590
67,1542
63,1420
68,1521
71,1588
70,1579
67,1524
68,1527
61,1359
71,1588
71,1688
70,1655
70,1668
61,1371
64,1476
68,1619
64,1485
65,1543
68,1617
66,1595
67,1576
67,1571
60,1442
60,1330
61,1404
60,1360
58,1317
62,1382
60,1410
63,1487
58,1296
65,1502
59,1328
58,1434
57,1292
58,1423
58,1363
57,1339
58,1324
61,1354
60,1322
61,1350
53,1207
57,1316
57,1265
59,1333
59,1410
57,1302
52,1186
-,-,-,-
69,1526
71,1586
69,1554
63,1447
71,1588
66,1565
63,1427
65,1498
66,1533
67,1556
71,1602
71,1588
69,1590
65,1460
61,1385
71,1688
71,1688
67,1554
69,1602
69,1611
60,1375
63,1468
61,1442
68,1636
69,1664
69,1664
61,1497
60,1277
59,1368
58,1313
61,1334
60,1325
64,1447
61,1286
61,1420
59,1318
64,1508
61,1396
63,1419
58,1397
59,1294
58,1320
56,1273
57,1236
65,1472
61,1323
60,1426
54,1324
58,1321
56,1304
58,1363
56,1327
57,1319
-,-,-,-
69,1565
70,1582
67,1542
71,1586
70,1601
71,1588
71,1588
68,1549
69,1518
68,1526
71,1586
66,1507
66,1507
71,1604
63,1482
63,1394
71,1688
70,1679
65,1473
71,1688
66,1514
67,1626
64,1463
63,1487
59,1436
63,1466
58,1364
63,1431
61,1339
59,1368
60,1282
62,1403
62,1384
64,1427
59,1317
64,1575
57,1313
62,1442
62,1436
59,1357
59,1369
65,1450
61,1403
60,1400
61,1358
61,1361
56,1338
59,1453
57,1236
60,1414
58,1458
61,1458
56,1320
-,-,-,-
71,1586
62,1425
67,1509
69,1524
70,1563
70,1577
62,1354
71,1586
71,1628
70,1605
69,1526
63,1461
66,1463
72,1639
66,1550
70,1657
61,1471
60,1356
68,1624
66,1488
62,1426
66,1595
67,1629
67,1640
66,1575
66,1607
63,1441
60,1462
60,1352
57,1314
61,1379
60,1323
62,1388
65,1475
60,1460
64,1457
55,1263
62,1377
57,1206
61,1376
54,1285
58,1413
56,1254
58,1388
62,1385
62,1454
58,1385
60,1339
57,1318
58,1312
57,1371
59,1333
57,1347
-,-,-,-
69,1550
71,1608
70,1551
70,1570
67,1581
72,1645
68,1570
71,1608
68,1525
72,1639
72,1641
70,1554
69,1568
72,1639
71,1688
68,1615
69,1593
70,1684
67,1545
68,1627
60,1323
67,1626
63,1485
64,1523
58,1365
68,1657
65,1510
61,1383
63,1410
60,1317
61,1402
58,1305
63,1467
65,1485
59,1345
64,1475
62,1402
61,1411
56,1275
57,1328
55,1267
66,1580
58,1314
59,1362
60,1298
56,1327
59,1414
56,1311
57,1291
57,1364
57,1330
60,1431
58,1361
-,-,-,-
72,1642
71,1614
65,1443
70,1585
70,1590
69,1607
65,1503
67,1478
59,1231
72,1639
71,1621
72,1639
61,1383
72,1639
65,1428
71,1688
60,1355
69,1658
66,1510
70,1668
60,1327
69,1659
69,1641
64,1537
65,1590
70,1706
64,1591
63,1479
63,1394
59,1304
55,1309
60,1313
58,1202
59,1251
60,1389
60,1391
63,1453
64,1522
63,1406
61,1504
60,1419
60,1372
60,1401
56,1302
62,1482
61,1361
55,1354
62,1456
61,1414
59,1285
59,1403
58,1389
59,1434
-,-,-,-
68,1540
71,1625
66,1501
67,1581
65,1528
70,1578
67,1485
72,1639
68,1562
71,1618
69,1558
70,1604
72,1639
67,1483
67,1533
71,1688
68,1597
70,1664
63,1451
68,1637
62,1386
70,1706
69,1698
61,1458
62,1455
63,1492
66,1613
65,1486
63,1480
66,1552
61,1479
62,1357
57,1267
57,1246
60,1347
63,1471
61,1354
58,1348
65,1464
62,1411
59,1287
58,1310
61,1403
61,1467
59,1257
63,1458
61,1535
57,1255
57,1285
61,1409
56,1283
59,1362
59,1519
-,-,-,-
70,1574
72,1637
72,1647
63,1429
66,1412
68,1568
69,1569
64,1422
72,1645
72,1639
64,1424
71,1586
71,1615
69,1552
66,1541
70,1664
65,1489
61,1382
71,1688
68,1556
65,1500
67,1604
63,1500
66,1563
69,1683
66,1592
59,1397
61,1340
58,1297
60,1446
61,1368
61,1349
61,1440
58,1232
66,1562
68,1616
65,1477
59,1257
66,1633
61,1381
57,1304
58,1291
58,1350
56,1325
60,1281
57,1294
57,1371
59,1407
55,1256
58,1321
54,1292
57,1265
62,1485
-,-,-,-
67,1494
68,1537
67,1492
71,1613
72,1637
72,1631
67,1509
64,1503
68,1577
71,1624
63,1457
63,1387
62,1368
69,1571
56,1279
63,1420
68,1541
61,1356
68,1651
64,1449
64,1452
60,1397
71,1724
66,1597
69,1692
71,1734
60,1444
62,1436
58,1195
58,1358
59,1325
61,1333
62,1395
56,1232
62,1373
63,1347
56,1228
61,1451
57,1276
57,1346
62,1456
58,1307
57,1260
56,1255
59,1314
65,1499
57,1319
57,1354
61,1391
62,1451
61,1436
58,1378
56,1386
-,-,-,-
71,1594
72,1635
61,1379
71,1595
72,1635
65,1461
72,1631
66,1477
66,1465
69,1557
72,1641
70,1599
62,1403
72,1633
63,1447
66,1579
64,1460
66,1508
62,1417
65,1521
66,1550
62,1458
71,1724
69,1694
71,1753
64,1498
65,1591
61,1370
62,1419
59,1316
58,1275
59,1310
58,1272
62,1467
61,1337
60,1384
57,1261
58,1361
60,1339
65,1483
56,1226
62,1387
56,1275
62,1436
59,1445
59,1275
55,1334
60,1486
61,1396
56,1194
56,1322
56,1328
58,1307
-,-,-,-
71,1630
67,1508
63,1488
67,1507
72,1634
72,1642
71,1608
65,1439
69,1539
71,1601
71,1581
67,1551
69,1586
67,1509
65,1477
61,1374
63,1416
65,1489
58,1328
67,1578
68,1539
69,1676
66,1567
68,1663
71,1764
71,1737
57,1330
59,1311
60,1394
60,1339
60,1407
65,1553
64,1526
59,1375
58,1289
61,1372
59,1314
57,1326
57,1282
58,1279
60,1401
61,1353
58,1306
58,1290
62,1448
61,1385
54,1234
55,1262
63,1423
56,1257
60,1353
59,1414
57,1317
-,-,-,-
68,1521
69,1590
68,1538
62,1371
66,1521
67,1506
69,1531
71,1613
65,1543
59,1320
72,1631
65,1491
65,1491
66,1510
62,1404
71,1688
70,1663
61,1423
64,1457
69,1635
67,1552
70,1702
71,1724
68,1618
69,1652
62,1422
62,1450
61,1350
62,1430
59,1292
64,1475
62,1459
61,1490
61,1379
53,1107
63,1434
55,1261
59,1365
64,1441
63,1434
62,1486
61,1422
58,1346
63,1433
58,1269
58,1322
59,1276
57,1336
60,1409
58,1321
56,1303
59,1419
60,1386
-,-,-,-
67,1547
61,1394
72,1631
70,1646
69,1582
72,1637
69,1582
68,1539
66,1475
72,1631
66,1466
66,1470
67,1473
70,1579
70,1653
71,1688
65,1475
66,1515
68,1637
70,1619
67,1558
70,1685
58,1318
61,1390
64,1473
65,1602
59,1371
60,1345
59,1278
58,1296
60,1366
57,1328
60,1438
66,1614
61,1405
60,1362
60,1306
59,1287
56,1223
57,1313
56,1315
61,1367
57,1326
57,1257
58,1355
61,1403
58,1275
61,1478
62,1499
57,1263
56,1226
59,1398
57,1311
-,-,-,-
63,1453
72,1624
72,1624
68,1498
68,1523
65,1444
71,1608
68,1600
69,1596
61,1374
66,1466
65,1472
71,1611
70,1551
70,1654
67,1548
69,1632
70,1653
67,1566
67,1548
71,1688
71,1720
63,1518
64,1509
68,1638
63,1431
59,1415
58,1323
64,1504
62,1355
60,1419
60,1319
57,1338
60,1434
61,1370
62,1412
60,1343
61,1401
57,1294
55,1263
59,1371
62,1372
55,1256
59,1328
57,1299
62,1439
58,1324
58,1404
56,1374
58,1314
57,1339
54,1245
62,1426
-,-,-,-
67,1525
72,1624
65,1479
62,1409
72,1622
64,1413
70,1560
72,1624
69,1597
68,1534
68,1512
66,1503
70,1546
69,1532
70,1664
71,1688
64,1495
65,1496
67,1514
65,1489
64,1444
71,1724
71,1720
66,1579
63,1472
66,1583
63,1469
65,1560
61,1357
61,1338
58,1300
60,1347
62,1466
62,1465
62,1339
63,1390
56,1248
58,1370
59,1366
57,1298
57,1251
60,1307
55,1275
59,1346
60,1340
58,1264
60,1383
60,1425
59,1399
58,1332
56,1282
58,1388
50,1165
-,-,-,-
72,1624
69,1523
68,1571
72,1611
68,1509
72,1622
71,1604
71,1605
72,1667
73,1676
72,1656
71,1584
72,1628
69,1598
68,1603
66,1549
65,1515
63,1473
63,1499
66,1558
63,1431
61,1447
66,1550
69,1671
69,1653
62,1424
61,1427
64,1516
58,1360
63,1481
61,1445
65,1465
60,1470
64,1578
57,1298
60,1380
57,1281
58,1364
57,1249
61,1398
60,1329
59,1469
56,1284
61,1393
57,1205
57,1350
62,1385
58,1425
60,1405
56,1236
57,1237
59,1321
57,1380
-,-,-,-
66,1520
72,1631
69,1535
71,1603
72,1631
64,1390
74,1710
73,1674
71,1599
68,1557
71,1614
66,1455
71,1610
70,1576
67,1632
71,1690
69,1674
64,1541
67,1524
71,1688
60,1374
71,1722
60,1368
64,1555
67,1587
69,1658
66,1565
66,1543
60,1271
63,1435
59,1317
63,1404
56,1287
65,1585
62,1361
61,1377
58,1353
58,1289
62,1367
62,1450
56,1286
62,1409
59,1335
64,1446
57,1294
64,1517
59,1272
58,1410
57,1330
60,1464
56,1336
60,1441
57,1351
-,-,-,-
72,1684
70,1592
69,1580
65,1391
74,1710
74,1710
71,1622
74,1710
66,1500
74,1708
74,1712
71,1575
70,1595
67,1536
71,1688
62,1387
65,1515
67,1555
71,1688
61,1392
68,1631
65,1532
68,1635
69,1661
71,1720
62,1455
56,1342
62,1367
58,1249
63,1386
61,1396
60,1355
59,1344
57,1348
63,1448
60,1324
56,1270
59,1391
64,1502
60,1360
58,1251
57,1272
61,1388
57,1287
59,1399
56,1219
55,1225
61,1469
59,1427
58,1332
60,1346
60,1420
54,1208
-,-,-,-
71,1629
67,1551
74,1716
70,1662
70,1582
72,1663
73,1682
71,1616
71,1628
63,1389
74,1708
74,1710
64,1435
74,1708
67,1596
61,1365
71,1686
62,1434
71,1688
68,1630
65,1496
68,1628
60,1443
68,1611
66,1590
64,1514
58,1393
60,1436
64,1397
61,1338
60,1328
61,1340
65,1475
62,1483
61,1333
63,1424
58,1317
61,1358
60,1331
56,1274
56,1278
61,1429
62,1385
58,1403
61,1364
62,1409
64,1536
57,1351
53,1226
58,1337
58,1344
56,1257
56,1288
-,-,-,-
72,1631
72,1657
73,1683
72,1668
72,1648
69,1524
74,1720
72,1644
70,1596
72,1626
74,1712
69,1569
70,1598
67,1532
67,1563
63,1450
66,1560
61,1384
65,1426
61,1471
64,1460
68,1642
71,1726
68,1627
70,1704
71,1718
59,1394
59,1369
61,1320
59,1307
61,1403
62,1327
65,1577
61,1418
64,1418
61,1390
56,1281
59,1314
62,1414
58,1324
58,1277
65,1564
58,1347
65,1548
56,1290
60,1365
58,1224
57,1374
61,1523
54,1233
60,1445
61,1394
54,1317
-,-,-,-
70,1602
69,1587
73,1691
64,1471
62,1456
65,1498
74,1708
74,1708
71,1615
70,1588
68,1583
73,1698
74,1708
66,1476
68,1601
61,1387
68,1617
65,1577
63,1500
62,1389
66,1545
72,1752
64,1452
60,1389
71,1722
69,1639
64,1496
63,1394
62,1442
61,1314
58,1336
58,1248
64,1557
61,1420
63,1422
61,1339
57,1319
57,1236
60,1389
60,1422
57,1314
58,1377
60,1366
60,1372
58,1332
62,1449
55,1234
61,1505
62,1471
59,1369
58,1320
56,1251
56,1327
-,-,-,-
74,1706
68,1539
67,1511
71,1575
70,1595
71,1632
74,1714
72,1654
67,1497
69,1628
67,1513
70,1603
65,1467
68,1502
62,1453
68,1643
59,1371
71,1726
62,1466
72,1752
70,1711
68,1564
66,1508
71,1686
65,1455
62,1435
59,1408
59,1380
63,1449
58,1361
59,1335
61,1351
62,1481
60,1448
63,1386
57,1256
59,1296
55,1224
62,1404
62,1412
59,1288
58,1354
60,1288
59,1346
63,1489
59,1310
61,1406
62,1469
58,1345
56,1348
58,1412
58,1324
57,1338
-,-,-,-
69,1561
69,1515
71,1625
65,1518
70,1629
73,1672
70,1546
62,1421
74,1708
61,1389
72,1663
68,1539
65,1445
74,1720
69,1663
66,1573
60,1339
72,1754
71,1730
70,1698
60,1409
70,1615
61,1385
60,1358
66,1545
67,1579
60,1472
58,1283
61,1348
63,1447
57,1285
59,1285
64,1484
60,1443
61,1325
62,1424
60,1309
60,1354
61,1464
59,1343
65,1511
60,1428
64,1436
61,1375
61,1416
59,1356
55,1207
66,1618
58,1370
61,1410
57,1367
55,1283
56,1362
-,-,-,-
62,1390
72,1610
63,1326
60,1340
71,1618
64,1424
71,1638
74,1706
72,1660
66,1546
74,1712
71,1604
74,1706
64,1428
67,1600
62,1468
69,1664
68,1632
56,1370
70,1694
72,1752
68,1597
68,1599
60,1358
71,1686
59,1360
59,1369
61,1409
59,1377
60,1351
63,1482
58,1327
62,1537
55,1242
56,1291
65,1465
56,1250
60,1348
63,1465
63,1431
57,1260
61,1441
60,1389
61,1360
59,1295
64,1564
64,1504
57,1207
59,1409
55,1217
60,1356
60,1378
55,1282
-,-,-,-
74,1706
65,1525
71,1646
66,1553
70,1646
69,1586
73,1689
61,1373
67,1546
72,1648
67,1534
69,1588
71,1618
67,1506
72,1752
72,1748
65,1545
70,1691
63,1476
64,1519
70,1693
71,1722
71,1686
70,1651
61,1387
61,1352
58,1445
61,1501
57,1289
62,1375
60,1381
60,1318
58,1366
58,1374
61,1526
57,1257
61,1291
56,1248
61,1420
65,1522
62,1417
62,1444
58,1348
61,1351
64,1568
61,1389
56,1250
58,1265
63,1560
58,1342
57,1291
60,1352
57,1307
-,-,-,-
72,1660
72,1626
66,1450
71,1602
71,1621
74,1706
74,1708
68,1618
71,1602
69,1607
58,1250
67,1587
71,1622
74,1706
70,1709
72,1748
60,1463
69,1628
71,1714
67,1611
61,1457
71,1686
63,1423
71,1686
66,1496
71,1688
57,1262
63,1504
60,1385
61,1316
54,1211
64,1496
60,1467
65,1609
63,1518
60,1367
58,1321
51,1207
61,1384
60,1342
60,1388
61,1353
58,1386
55,1188
62,1454
57,1323
59,1404
57,1201
56,1376
57,1365
58,1359
59,1393
58,1436
-,-,-,-
64,1453
74,1704
64,1477
74,1702
72,1665
72,1668
70,1622
72,1679
71,1594
74,1706
72,1630
74,1706
65,1496
74,1706
72,1748
72,1748
71,1727
57,1326
68,1650
66,1550
58,1279
67,1600
64,1465
60,1337
71,1686
69,1564
58,1358
64,1501
57,1281
66,1504
62,1405
62,1353
59,1377
59,1413
58,1379
62,1398
60,1372
53,1149
59,1375
58,1274
62,1374
61,1454
55,1230
62,1332
60,1361
60,1348
57,1348
59,1309
56,1301
56,1339
56,1298
60,1343
56,1241
-,-,-,-
73,1689
72,1639
66,1496
67,1510
64,1409
74,1702
69,1574
66,1552
66,1504
69,1609
73,1689
73,1712
63,1403
74,1708
70,1653
58,1324
70,1712
67,1622
71,1705
72,1750
72,1744
66,1496
62,1420
61,1385
63,1447
62,1397
64,1557
63,1458
57,1261
63,1415
60,1357
59,1316
55,1220
59,1362
56,1300
62,1368
61,1449
61,1437
58,1288
62,1440
59,1389
60,1432
62,1483
62,1427
57,1328
59,1266
57,1239
55,1221
64,1537
54,1321
63,1487
55,1324
56,1380
-,-,-,-
67,1548
72,1626
74,1702
64,1513
70,1579
60,1325
66,1554
70,1608
71,1630
70,1613
63,1440
74,1702
74,1702
73,1677
55,1271
72,1744
64,1519
62,1472
72,1746
65,1532
72,1736
62,1414
66,1495
63,1416
71,1686
70,1630
57,1297
59,1306
64,1434
57,1268
56,1246
62,1431
55,1248
62,1439
63,1529
57,1310
62,1376
60,1359
60,1373
60,1333
59,1370
61,1438
61,1413
58,1295
56,1238
60,1404
56,1282
62,1521
60,1383
58,1414
62,1437
62,1430
56,1341
-,-,-,-
72,1659
70,1558
68,1536
61,1353
72,1630
74,1687
62,1360
68,1537
71,1596
74,1700
74,1702
67,1490
67,1530
74,1710
64,1508
65,1522
63,1463
70,1696
66,1573
67,1575
67,1589
67,1563
71,1686
66,1482
64,1462
63,1435
65,1549
63,1378
58,1290
59,1377
58,1330
60,1253
58,1391
63,1397
58,1417
58,1260
57,1281
61,1391
60,1347
61,1372
58,1395
56,1253
59,1349
61,1298
56,1299
59,1345
62,1447
64,1542
55,1251
55,1248
62,1433
59,1344
55,1242
-,-,-,-
68,1545
74,1691
69,1540
71,1580
74,1687
71,1625
62,1415
64,1396
74,1687
69,1607
66,1472
63,1400
74,1687
69,1563
72,1736
61,1352
68,1653
65,1545
63,1442
72,1744
65,1499
62,1419
66,1515
67,1559
64,1482
62,1414
68,1640
60,1339
57,1285
61,1419
59,1343
59,1307
56,1304
61,1416
62,1587
65,1446
60,1397
62,1369
59,1334
59,1375
61,1388
65,1528
57,1295
56,1293
64,1446
57,1271
63,1511
56,1414
60,1359
58,1279
60,1375
58,1350
53,1202
-,-,-,-
68,1537
69,1536
68,1541
66,1549
66,1530
70,1600
74,1687
68,1533
74,1689
66,1528
74,1687
74,1687
67,1570
72,1632
70,1670
72,1736
69,1675
71,1720
60,1340
72,1736
70,1676
70,1657
67,1546
66,1494
71,1688
67,1547
60,1459
61,1374
60,1351
58,1340
59,1386
61,1422
57,1346
63,1490
56,1314
59,1311
63,1501
58,1211
62,1394
62,1421
59,1381
57,1279
60,1369
60,1326
60,1344
63,1404
57,1242
58,1317
56,1340
58,1446
58,1385
62,1380
60,1451
-,-,-,-
71,1622
72,1609
62,1398
66,1545
69,1562
61,1416
68,1550
68,1540
67,1521
74,1687
73,1659
67,1536
72,1640
71,1627
72,1736
65,1518
62,1410
68,1589
65,1524
68,1601
70,1681
71,1686
70,1653
69,1651
61,1389
71,1688
58,1394
63,1469
59,1334
56,1172
59,1348
63,1486
62,1509
57,1354
66,1608
61,1333
62,1413
60,1334
61,1401
64,1543
62,1372
60,1354
59,1384
65,1480
60,1345
60,1340
62,1455
59,1396
58,1311
63,1465
56,1281
54,1265
59,1326
-,-,-,-
71,1601
61,1382
73,1659
66,1471
73,1668
72,1632
56,1204
71,1592
73,1656
60,1426
69,1571
67,1513
73,1641
71,1566
62,1417
63,1472
70,1697
60,1366
58,1260
72,1736
58,1326
59,1391
70,1663
65,1473
69,1631
67,1520
62,1456
63,1429
60,1346
63,1419
59,1326
54,1201
56,1378
57,1313
63,1444
66,1467
60,1356
60,1444
58,1273
59,1316
61,1401
58,1330
60,1357
61,1427
60,1393
60,1333
61,1398
62,1502
59,1336
57,1287
61,1404
61,1441
59,1379
-,-,-,-
74,1687
67,1563
72,1629
68,1550
70,1592
62,1302
69,1566
70,1569
65,1454
72,1646
66,1489
74,1687
65,1465
69,1556
64,1477
64,1508
69,1643
71,1697
60,1362
72,1742
72,1736
64,1512
71,1686
68,1602
69,1627
71,1686
62,1470
66,1528
57,1234
65,1509
59,1276
52,1196
63,1465
59,1394
57,1363
61,1441
55,1204
61,1367
57,1256
61,1403
61,1394
63,1500
63,1486
62,1505
58,1245
60,1386
62,1490
64,1463
57,1282
57,1348
56,1271
62,1520
63,1565
-,-,-,-
74,1691
61,1387
70,1584
72,1644
70,1562
66,1543
72,1649
67,1515
69,1581
66,1519
61,1349
70,1579
68,1561
70,1594
67,1587
62,1379
70,1693
67,1593
70,1693
72,1736
58,1374
66,1544
67,1577
62,1410
64,1505
65,1534
58,1334
58,1306
62,1379
56,1278
55,1264
57,1263
61,1410
56,1245
59,1401
54,1240
62,1366
62,1369
55,1332
62,1409
58,1259
57,1254
61,1393
58,1340
59,1337
62,1385
64,1473
62,1479
56,1250
60,1347
54,1354
61,1511
57,1382
-,-,-,-
68,1509
69,1565
71,1578
59,1333
74,1693
74,1689
74,1693
63,1440
67,1578
73,1650
71,1624
66,1475
71,1579
64,1401
72,1742
67,1589
72,1740
70,1658
70,1657
61,1388
66,1537
71,1686
70,1655
65,1492
68,1602
71,1686
67,1560
65,1483
60,1349
57,1308
61,1316
53,1160
64,1431
61,1413
60,1498
58,1319
61,1354
58,1251
61,1373
58,1320
57,1293
62,1443
61,1468
59,1379
61,1405
56,1256
58,1338
54,1183
60,1378
60,1398
56,1352
58,1354
54,1241
-,-,-,-
70,1560
72,1624
73,1654
72,1626
68,1529
72,1628
68,1503
60,1327
69,1541
68,1543
74,1695
73,1659
73,1670
56,1218
64,1462
72,1736
57,1323
72,1736
62,1387
72,1724
62,1402
64,1489
71,1686
68,1566
62,1410
63,1438
64,1581
61,1362
61,1307
58,1279
59,1317
63,1462
61,1372
62,1488
61,1496
58,1391
59,1431
64,1464
62,1344
56,1296
63,1415
59,1393
58,1332
62,1457
63,1443
63,1442
63,1485
59,1336
61,1423
59,1326
59,1411
52,1095
61,1453
-,-,-,-
72,1697
74,1689
73,1654
73,1675
74,1687
67,1562
73,1658
74,1693
74,1687
65,1439
72,1632
67,1509
74,1689
67,1533
68,1618
69,1636
66,1523
58,1281
66,1551
63,1438
72,1724
60,1349
59,1365
68,1555
62,1424
64,1534
64,1464
65,1475
66,1468
57,1330
60,1374
61,1387
62,1426
60,1423
63,1466
57,1306
56,1355
64,1525
63,1431
62,1348
55,1216
58,1316
52,1121
61,1428
65,1537
61,1347
58,1365
60,1426
61,1372
59,1331
58,1370
57,1303
52,1182
-,-,-,-
68,1500
69,1574
68,1534
71,1624
72,1619
67,1505
74,1687
71,1613
74,1702
71,1623
74,1687
73,1652
71,1591
69,1546
72,1724
69,1598
71,1691
61,1396
68,1606
67,1593
61,1381
69,1643
71,1688
68,1552
70,1652
64,1436
61,1422
63,1443
62,1432
61,1387
58,1338
65,1491
62,1355
56,1243
56,1303
64,1576
62,1362
57,1274
60,1378
60,1365
61,1416
58,1272
62,1382
62,1381
63,1561
58,1311
62,1470
58,1359
61,1419
59,1369
58,1364
61,1480
58,1344
-,-,-,-
74,1687
66,1521
72,1643
74,1693
73,1674
72,1639
71,1631
71,1625
71,1615
69,1563
74,1687
72,1626
73,1675
67,1499
72,1730
72,1724
70,1699
68,1620
64,1442
69,1654
64,1483
71,1686
71,1686
68,1549
68,1539
57,1296
60,1383
61,1414
61,1517
62,1390
62,1392
62,1455
62,1395
63,1466
59,1480
60,1306
65,1472
62,1345
60,1385
62,1439
64,1533
59,1388
60,1320
59,1411
59,1349
63,1492
60,1395
57,1303
59,1303
60,1399
64,1547
66,1559
61,1429
-,-,-,-
74,1687
68,1559
74,1693
66,1452
73,1675
74,1691
70,1584
71,1583
74,1687
70,1551
74,1687
65,1463
70,1561
71,1601
66,1532
71,1700
70,1662
71,1715
62,1417
61,1376
64,1480
69,1592
67,1546
68,1524
69,1653
60,1356
58,1420
64,1529
60,1348
61,1411
58,1250
59,1323
54,1244
62,1429
54,1253
57,1369
62,1428
63,1430
65,1524
58,1327
58,1374
63,1349
58,1349
61,1366
54,1206
59,1284
64,1470
59,1338
64,1517
55,1273
52,1189
60,1423
56,1249
-,-,-,-
65,1436
74,1687
71,1578
72,1629
63,1403
73,1658
71,1591
64,1472
60,1369
65,1512
62,1372
70,1586
72,1636
67,1519
72,1724
71,1728
59,1316
67,1586
64,1515
67,1611
62,1380
66,1509
62,1400
65,1519
59,1348
62,1436
64,1500
61,1413
54,1216
59,1415
59,1361
64,1450
58,1404
63,1459
60,1398
59,1369
58,1407
59,1347
62,1469
55,1239
61,1401
58,1366
60,1362
60,1348
58,1337
57,1276
59,1300
63,1421
59,1357
59,1465
55,1307
62,1486
56,1328
-,-,-,-
74,1687
74,1687
73,1643
74,1687
67,1551
70,1546
73,1657
60,1365
68,1550
66,1467
74,1687
74,1695
68,1511
67,1571
68,1602
72,1724
72,1724
72,1724
70,1665
64,1482
72,1724
65,1488
66,1509
60,1360
63,1519
62,1430
61,1423
64,1507
58,1254
58,1303
57,1286
61,1431
61,1430
62,1412
57,1354
54,1304
68,1638
61,1356
66,1496
59,1356
63,1430
61,1371
58,1332
63,1446
60,1302
62,1449
62,1457
59,1409
62,1444
58,1391
61,1365
57,1270
58,1359
-,-,-,-
64,1449
74,1695
72,1626
73,1660
71,1634
68,1568
68,1597
74,1687
62,1371
69,1580
72,1647
72,1630
67,1513
61,1348
61,1383
70,1694
62,1370
71,1693
71,1703
72,1724
72,1724
66,1523
62,1455
59,1358
71,1687
63,1446
64,1527
67,1566
60,1497
61,1360
58,1287
61,1399
63,1441
64,1495
62,1484
62,1394
63,1541
61,1499
63,1520
55,1158
66,1529
61,1437
60,1350
62,1404
60,1399
57,1310
61,1442
62,1461
58,1333
60,1441
60,1350
57,1295
59,1377
-,-,-,-
74,1691
71,1582
68,1529
74,1689
74,1687
67,1515
66,1498
68,1501
68,1571
71,1578
68,1548
71,1619
64,1426
74,1687
72,1718
72,1724
71,1688
69,1648
72,1724
61,1437
60,1353
66,1497
66,1509
71,1686
67,1568
63,1381
61,1402
68,1626
59,1373
61,1351
57,1228
58,1307
62,1386
59,1352
60,1321
58,1277
59,1268
64,1534
56,1384
56,1184
60,1407
65,1527
62,1508
61,1367
63,1461
61,1448
61,1467
60,1354
62,1452
57,1370
61,1414
56,1214
57,1300
-,-,-,-
74,1704
70,1586
62,1403
66,1527
64,1502
68,1540
73,1658
64,1453
66,1483
73,1675
70,1562
67,1503
70,1566
74,1689
63,1446
68,1608
66,1570
72,1718
72,1718
72,1724
72,1718
64,1490
70,1655
68,1591
71,1688
59,1404
57,1343
57,1280
64,1520
66,1507
61,1368
59,1332
60,1370
53,1196
55,1244
60,1368
64,1477
59,1399
53,1219
59,1351
58,1244
62,1477
59,1351
60,1368
61,1388
59,1371
63,1560
59,1393
58,1344
57,1364
59,1334
59,1304
58,1243
-,-,-,-
67,1505
74,1687
72,1629
67,1525
74,1687
69,1541
67,1510
65,1402
66,1483
74,1693
73,1668
61,1379
61,1350
72,1651
55,1253
65,1484
67,1579
67,1613
70,1697
60,1309
71,1687
66,1485
62,1408
65,1519
61,1389
58,1375
67,1630
61,1439
63,1571
64,1458
61,1341
58,1323
58,1289
58,1304
59,1300
59,1353
60,1268
59,1375
53,1340
57,1201
57,1237
66,1510
64,1484
61,1416
56,1247
59,1369
58,1280
61,1449
58,1290
61,1482
58,1212
63,1485
62,1458
-,-,-,-
73,1663
73,1656
70,1555
65,1495
71,1607
74,1689
72,1646
74,1687
72,1628
71,1629
66,1489
71,1704
65,1519
63,1382
71,1693
62,1460
69,1640
72,1716
72,1730
66,1487
63,1428
61,1408
68,1543
70,1657
70,1635
62,1468
63,1493
64,1518
69,1708
57,1238
63,1419
54,1232
60,1311
62,1350
63,1475
56,1296
58,1359
63,1437
61,1574
58,1392
59,1339
61,1360
57,1332
58,1289
59,1343
63,1450
60,1414
62,1404
60,1383
57,1371
56,1211
58,1307
61,1467
-,-,-,-
73,1658
62,1357
69,1581
72,1632
68,1592
74,1707
71,1579
62,1392
74,1687
67,1536
73,1685
59,1370
71,1558
68,1568
61,1370
72,1716
67,1559
68,1606
68,1586
73,1753
62,1380
65,1491
62,1368
66,1517
64,1460
71,1686
62,1423
64,1525
63,1511
63,1395
63,1419
58,1269
59,1338
60,1321
60,1389
61,1370
59,1343
57,1220
61,1536
56,1347
62,1428
59,1302
60,1446
64,1470
58,1221
57,1290
61,1360
63,1473
57,1310
62,1490
59,1343
59,1351
52,1264
-,-,-,-
67,1523
74,1693
74,1687
73,1670
71,1580
71,1591
69,1541
73,1669
71,1625
71,1610
58,1201
63,1390
73,1656
74,1697
63,1452
64,1465
72,1716
62,1435
67,1553
70,1672
61,1398
61,1421
68,1595
62,1397
68,1539
63,1401
55,1317
58,1265
64,1443
60,1374
58,1322
62,1473
60,1351
59,1347
62,1462
61,1404
62,1408
61,1403
61,1495
66,1575
63,1397
56,1208
60,1376
59,1330
58,1289
62,1404
63,1444
58,1307
68,1631
56,1352
62,1446
61,1347
59,1420
-,-,-,-
74,1689
72,1628
74,1687
73,1643
65,1480
65,1409
74,1689
70,1608
74,1687
72,1637
70,1605
74,1687
67,1508
74,1702
72,1743
66,1533
69,1623
64,1464
65,1481
63,1417
62,1408
69,1612
65,1479
60,1376
70,1652
65,1516
63,1417
62,1476
62,1432
59,1393
58,1324
62,1429
59,1330
64,1459
60,1312
61,1401
56,1242
61,1443
63,1439
60,1373
54,1250
61,1329
63,1355
57,1309
58,1389
56,1264
62,1450
61,1413
60,1418
53,1268
61,1347
61,1450
59,1343
-,-,-,-
70,1579
69,1555
73,1676
71,1609
69,1538
70,1579
73,1690
60,1396
71,1585
65,1481
70,1587
71,1619
73,1675
72,1659
69,1623
73,1773
70,1668
68,1598
61,1397
61,1369
65,1482
65,1577
66,1562
67,1553
62,1401
65,1455
64,1514
62,1441
58,1299
55,1284
63,1429
55,1244
63,1475
61,1315
63,1388
60,1454
58,1303
60,1385
59,1263
60,1408
66,1548
58,1306
57,1276
57,1311
65,1550
58,1318
54,1253
58,1403
60,1415
63,1457
60,1333
55,1203
56,1288
-,-,-,-
74,1687
72,1628
71,1601
74,1689
68,1538
70,1584
65,1463
67,1573
74,1689
72,1604
67,1508
69,1541
63,1391
71,1579
64,1455
72,1747
72,1722
65,1569
71,1688
73,1753
60,1321
60,1344
66,1505
71,1686
66,1563
71,1686
59,1389
62,1419
61,1402
59,1359
65,1497
66,1552
58,1282
64,1474
60,1449
58,1274
59,1397
64,1489
61,1425
65,1520
59,1400
59,1284
58,1384
57,1268
67,1632
60,1358
60,1415
61,1342
66,1562
63,1576
61,1374
57,1299
57,1334
-,-,-,-
68,1533
68,1524
71,1597
70,1555
69,1537
74,1687
71,1634
74,1687
67,1513
69,1569
69,1566
70,1542
69,1574
71,1574
72,1716
65,1507
70,1663
62,1384
71,1684
67,1580
59,1338
66,1485
61,1381
69,1639
69,1592
70,1652
58,1282
62,1493
62,1464
58,1306
60,1445
62,1339
58,1324
56,1214
62,1434
62,1416
57,1280
56,1269
62,1454
57,1310
62,1394
62,1411
64,1457
63,1404
58,1344
60,1397
64,1471
63,1467
60,1330
62,1386
58,1253
58,1320
61,1495
-,-,-,-
69,1558
73,1658
67,1571
74,1687
74,1687
71,1592
69,1581
73,1672
68,1543
72,1635
71,1574
69,1560
73,1652
60,1369
72,1727
73,1753
73,1753
68,1580
71,1709
65,1502
62,1398
65,1513
69,1589
70,1651
63,1413
70,1685
67,1560
62,1479
63,1418
58,1294
62,1450
62,1374
65,1470
58,1351
63,1421
59,1333
60,1439
62,1428
64,1496
59,1377
59,1319
63,1474
62,1455
59,1329
63,1464
55,1240
64,1463
59,1354
59,1380
63,1508
58,1289
62,1471
59,1389
-,-,-,-
69,1561
74,1687
72,1628
71,1570
65,1463
65,1506
73,1662
71,1601
74,1687
66,1467
74,1687
74,1689
69,1536
69,1595
65,1497
73,1753
73,1753
69,1634
69,1624
69,1650
69,1647
63,1446
62,1423
67,1549
65,1463
65,1517
61,1401
64,1564
66,1520
59,1349
63,1429
59,1284
53,1199
61,1347
64,1514
57,1252
56,1281
59,1356
58,1369
58,1363
59,1328
61,1361
59,1405
59,1285
56,1206
57,1298
62,1401
64,1504
54,1222
55,1283
60,1368
64,1450
57,1313
-,-,-,-
72,1633
72,1660
71,1625
69,1541
74,1695
72,1631
73,1643
74,1687
70,1611
70,1561
62,1389
66,1504
74,1699
74,1687
73,1753
71,1704
67,1551
64,1543
58,1309
73,1753
63,1419
67,1520
68,1606
71,1686
67,1564
68,1591
67,1648
61,1447
66,1537
62,1441
65,1514
57,1256
59,1315
57,1233
66,1492
63,1366
57,1264
61,1425
62,1476
61,1433
64,1473
58,1364
61,1520
64,1531
57,1332
61,1427
61,1302
64,1520
58,1354
62,1441
54,1332
57,1252
60,1307
-,-,-,-
72,1602
69,1632
74,1695
72,1609
73,1659
69,1570
74,1689
64,1429
73,1654
72,1643
67,1467
74,1689
61,1333
71,1587
61,1354
69,1618
71,1698
73,1753
70,1690
70,1701
63,1430
62,1401
63,1493
67,1591
64,1453
59,1365
60,1377
64,1579
62,1383
55,1235
59,1382
64,1477
66,1477
62,1396
62,1411
62,1417
60,1371
58,1282
65,1485
57,1371
60,1326
65,1525
61,1441
58,1303
56,1358
57,1312
58,1233
58,1284
62,1435
59,1367
62,1507
60,1360
55,1294
-,-,-,-
74,1687
72,1591
67,1537
67,1519
74,1689
73,1654
70,1583
67,1516
71,1625
63,1457
71,1621
73,1661
74,1687
67,1537
71,1698
70,1651
65,1456
73,1753
72,1731
68,1572
61,1401
68,1595
71,1686
66,1512
71,1686
70,1655
65,1617
58,1291
64,1529
56,1310
57,1279
62,1502
63,1459
56,1221
60,1336
63,1431
53,1194
61,1408
60,1444
52,1215
61,1346
61,1401
62,1437
61,1386
57,1302
58,1342
64,1520
58,1346
62,1454
64,1486
62,1475
57,1218
59,1369
-,-,-,-
74,1687
71,1578
73,1668
72,1617
64,1416
70,1595
67,1512
69,1548
60,1352
68,1522
67,1570
59,1192
58,1201
69,1587
67,1598
62,1453
60,1315
64,1460
68,1636
73,1753
73,1753
66,1519
71,1688
65,1494
66,1527
57,1266
62,1488
58,1264
60,1387
56,1253
61,1409
62,1364
61,1386
56,1282
63,1460
56,1310
62,1381
58,1398
66,1550
61,1390
60,1335
54,1213
58,1421
60,1388
57,1335
62,1414
60,1334
57,1318
59,1351
62,1423
60,1370
58,1345
59,1424
-,-,-,-
74,1687
71,1625
74,1693
74,1687
74,1691
72,1626
68,1516
74,1687
73,1653
72,1618
63,1388
70,1591
71,1575
72,1591
60,1421
67,1603
73,1755
70,1648
70,1662
73,1753
65,1534
60,1315
69,1597
66,1531
69,1657
68,1581
61,1428
62,1468
61,1369
62,1448
63,1415
61,1382
63,1499
60,1303
57,1252
59,1357
58,1404
54,1272
63,1524
58,1423
63,1447
63,1429
58,1308
61,1349
61,1367
62,1470
59,1329
63,1491
59,1375
64,1507
57,1332
57,1274
60,1396
-,-,-,-
60,1342
60,1293
63,1394
71,1591
70,1576
62,1466
72,1652
71,1627
66,1501
74,1687
69,1587
66,1457
66,1508
71,1591
62,1398
73,1785
70,1692
68,1587
68,1600
72,1747
64,1527
59,1321
71,1686
61,1386
65,1492
67,1571
59,1379
62,1435
59,1355
58,1280
61,1453
62,1438
61,1328
57,1251
58,1325
57,1208
64,1518
59,1318
60,1416
61,1460
63,1476
62,1442
56,1331
57,1300
57,1290
58,1330
58,1318
61,1469
58,1251
60,1308
57,1321
61,1276
62,1502
-,-,-,-
72,1625
73,1664
73,1669
70,1579
65,1521
69,1547
56,1256
71,1619
72,1635
65,1436
73,1658
70,1609
74,1689
74,1687
63,1406
60,1326
69,1659
69,1644
73,1753
60,1368
61,1364
63,1451
65,1474
63,1577
69,1597
66,1508
64,1502
68,1684
61,1395
57,1339
63,1524
59,1307
62,1440
64,1529
56,1309
61,1370
57,1324
60,1435
61,1472
61,1397
63,1407
57,1291
63,1450
58,1339
64,1513
56,1227
63,1450
57,1286
61,1419
60,1386
60,1456
61,1373
59,1398
-,-,-,-
70,1593
62,1386
73,1643
67,1519
72,1623
73,1656
60,1312
68,1598
72,1643
66,1449
61,1371
56,1218
71,1618
69,1524
65,1463
70,1662
65,1506
61,1344
71,1711
66,1493
72,1731
63,1371
67,1545
61,1353
67,1525
71,1686
56,1323
61,1418
63,1495
59,1331
60,1338
65,1472
63,1468
58,1279
57,1218
61,1393
58,1282
59,1407
63,1504
59,1415
62,1355
63,1425
63,1597
61,1358
62,1493
53,1179
62,1341
59,1307
59,1342
59,1398
59,1457
56,1227
56,1239
-,-,-,-
66,1464
74,1687
67,1509
74,1687
69,1587
73,1666
73,1675
73,1669
74,1687
71,1591
67,1552
74,1687
71,1579
70,1572
69,1644
63,1436
72,1727
69,1625
61,1370
70,1666
71,1708
61,1385
61,1348
65,1465
60,1374
69,1651
54,1261
59,1415
65,1524
56,1292
60,1371
66,1501
60,1399
57,1288
64,1487
56,1213
60,1358
63,1467
55,1284
61,1413
61,1382
61,1421
59,1372
60,1353
58,1336
59,1352
61,1477
58,1327
59,1377
58,1236
60,1400
56,1225
57,1322
-,-,-,-
74,1687
74,1689
73,1657
66,1460
73,1654
73,1689
74,1687
70,1594
61,1416
73,1639
70,1602
74,1687
69,1526
72,1634
73,1753
62,1414
73,1753
66,1534
68,1592
60,1349
64,1509
65,1491
60,1352
62,1458
67,1594
62,1386
57,1328
66,1555
61,1412
60,1401
60,1336
58,1279
60,1337
60,1334
63,1433
55,1173
57,1269
57,1322
60,1403
61,1390
59,1334
60,1301
54,1235
55,1187
65,1535
60,1324
59,1274
59,1322
60,1377
62,1428
56,1305
58,1257
66,1594
-,-,-,-
70,1579
68,1536
64,1471
71,1592
67,1552
71,1619
69,1599
59,1223
71,1659
72,1610
71,1602
74,1699
71,1609
66,1492
60,1370
69,1624
73,1753
69,1628
68,1657
66,1532
67,1561
68,1545
71,1684
70,1659
60,1323
66,1509
61,1389
61,1419
66,1536
59,1409
62,1456
62,1441
65,1448
61,1337
56,1309
55,1213
57,1297
63,1417
65,1573
60,1396
62,1402
58,1346
60,1390
60,1335
63,1369
54,1188
59,1357
59,1251
60,1410
55,1304
58,1300
61,1457
59,1388
-,-,-,-
70,1532
72,1626
60,1314
72,1628
73,1660
72,1629
68,1561
66,1538
60,1293
72,1628
71,1561
70,1584
67,1541
73,1648
72,1707
67,1594
70,1658
67,1580
73,1753
73,1753
65,1498
70,1639
61,1397
68,1520
69,1649
68,1557
69,1645
60,1348
66,1536
57,1303
60,1385
62,1472
56,1256
60,1331
59,1356
56,1271
61,1390
60,1311
58,1331
59,1313
66,1526
65,1602
59,1402
58,1251
61,1379
57,1297
57,1243
63,1471
63,1438
59,1364
58,1269
55,1302
58,1347
-,-,-,-
71,1561
71,1576
71,1596
68,1561
70,1586
72,1612
67,1519
68,1512
72,1605
59,1363
69,1552
69,1575
70,1618
72,1604
62,1475
61,1414
67,1578
65,1495
71,1691
68,1622
62,1384
65,1501
67,1594
57,1266
63,1506
63,1414
57,1286
62,1387
61,1433
62,1509
59,1286
63,1415
63,1447
62,1433
57,1257
61,1357
61,1334
58,1317
62,1421
59,1320
61,1460
62,1443
65,1567
57,1254
60,1423
57,1262
56,1356
55,1253
63,1491
62,1424
62,1556
63,1542
54,1227
-,-,-,-
67,1595
71,1595
74,1689
71,1601
70,1603
72,1615
67,1537
72,1629
74,1691
68,1576
69,1502
71,1633
70,1568
73,1641
66,1535
66,1530
60,1368
73,1753
64,1481
66,1534
70,1653
62,1409
61,1373
71,1682
71,1684
69,1571
68,1611
57,1280
61,1470
62,1436
57,1314
60,1344
64,1400
55,1217
56,1280
59,1283
62,1437
59,1355
60,1424
61,1435
59,1302
60,1402
56,1325
62,1408
62,1352
57,1265
56,1249
63,1466
62,1444
60,1352
63,1395
60,1445
57,1302
-,-,-,-
66,1546
65,1428
64,1442
61,1361
68,1574
68,1525
69,1532
74,1687
72,1629
69,1547
70,1577
68,1486
71,1591
66,1497
69,1658
70,1693
71,1687
66,1554
62,1434
71,1720
68,1576
70,1629
71,1682
66,1511
62,1404
71,1678
60,1407
54,1246
58,1348
60,1368
60,1371
63,1388
65,1417
58,1304
58,1264
61,1457
62,1362
62,1435
63,1407
64,1485
56,1324
58,1317
59,1425
54,1216
61,1340
61,1415
58,1329
58,1314
63,1478
60,1405
64,1487
55,1296
57,1231
-,-,-,-
74,1687
74,1691
74,1687
65,1447
68,1537
65,1439
74,1687
67,1513
74,1687
74,1687
72,1634
67,1513
73,1648
73,1654
66,1503
69,1637
69,1605
62,1446
71,1692
70,1692
64,1467
67,1556
67,1563
65,1498
60,1396
67,1571
67,1615
62,1503
57,1278
61,1435
64,1448
62,1389
62,1351
59,1308
60,1318
58,1308
64,1433
62,1378
60,1342
59,1384
59,1351
57,1319
56,1324
61,1364
60,1296
59,1261
56,1221
57,1297
58,1365
62,1423
62,1418
55,1284
62,1407
-,-,-,-
70,1587
68,1564
71,1622
70,1618
74,1691
72,1628
72,1604
68,1580
64,1453
73,1654
71,1610
66,1476
66,1471
69,1505
69,1651
56,1224
65,1548
69,1658
62,1431
73,1753
66,1532
66,1485
66,1504
70,1652
68,1581
61,1349
65,1499
63,1476
61,1410
63,1435
61,1392
60,1372
64,1487
59,1333
59,1407
59,1325
60,1408
62,1436
58,1359
63,1526
55,1248
59,1388
61,1471
60,1319
61,1404
55,1231
59,1342
60,1358
62,1454
54,1293
55,1274
57,1310
59,1423
-,-,-,-
74,1689
71,1585
74,1687
70,1601
66,1471
67,1541
72,1651
74,1687
64,1441
73,1662
74,1689
65,1436
70,1566
67,1467
72,1724
69,1651
61,1398
67,1545
63,1414
67,1552
66,1563
60,1389
71,1678
67,1552
67,1546
61,1358
61,1362
63,1494
61,1360
58,1282
64,1517
60,1271
62,1341
60,1335
58,1268
61,1438
62,1391
62,1356
57,1333
61,1432
59,1360
60,1342
62,1540
51,1162
61,1356
62,1403
61,1445
64,1482
60,1367
60,1323
62,1440
60,1411
60,1402
-,-,-,-
69,1563
65,1448
70,1555
70,1580
61,1304
71,1597
68,1561
70,1583
73,1652
69,1564
68,1539
74,1687
74,1687
74,1687
69,1623
64,1488
66,1587
68,1599
64,1467
68,1595
70,1675
63,1444
69,1641
67,1515
69,1583
65,1486
58,1368
63,1501
60,1358
57,1329
65,1542
63,1404
61,1349
61,1348
57,1292
60,1350
58,1343
57,1270
56,1267
60,1383
54,1220
60,1382
61,1472
60,1377
59,1323
58,1343
62,1437
60,1336
64,1531
61,1323
60,1350
62,1470
62,1384
-,-,-,-
72,1634
70,1590
74,1702
66,1519
69,1550
74,1702
74,1689
67,1570
71,1605
74,1687
74,1689
71,1574
71,1601
64,1456
70,1679
68,1637
70,1650
61,1369
64,1494
65,1493
63,1435
71,1680
65,1504
70,1662
71,1678
62,1446
60,1439
58,1330
59,1368
64,1483
57,1242
62,1386
62,1406
61,1414
65,1532
60,1380
63,1411
63,1459
55,1311
57,1352
55,1280
62,1409
59,1361
57,1288
60,1356
59,1306
56,1246
62,1474
66,1666
61,1276
63,1503
57,1342
58,1321
-,-,-,-
73,1699
71,1621
74,1689
74,1691
69,1510
72,1599
64,1451
74,1687
65,1463
71,1605
74,1687
72,1624
71,1585
72,1620
73,1753
64,1452
60,1349
73,1757
67,1545
73,1753
69,1645
66,1526
64,1473
65,1544
60,1377
65,1500
65,1577
59,1345
60,1356
58,1350
67,1600
65,1445
64,1421
61,1384
60,1381
63,1449
61,1281
58,1272
60,1407
57,1284
57,1346
56,1272
64,1539
61,1416
62,1462
62,1364
63,1434
62,1402
56,1289
61,1392
59,1364
61,1421
57,1285
-,-,-,-
68,1630
70,1532
69,1599
72,1638
72,1639
67,1537
72,1591
74,1691
74,1687
72,1629
66,1476
74,1691
70,1597
65,1519
63,1430
72,1733
72,1724
73,1753
72,1714
66,1541
69,1617
60,1396
71,1680
62,1398
71,1678
71,1678
61,1389
61,1412
63,1484
59,1396
63,1425
60,1374
60,1335
53,1187
62,1440
59,1310
61,1369
57,1253
61,1381
59,1385
60,1373
52,1198
57,1269
62,1430
57,1280
60,1298
62,1416
60,1346
60,1346
58,1307
57,1310
56,1399
54,1217
-,-,-,-
73,1660
74,1687
73,1673
71,1607
67,1450
68,1591
64,1455
68,1524
74,1702
64,1426
74,1687
72,1605
73,1664
70,1551
60,1332
61,1385
65,1473
67,1545
72,1727
67,1549
71,1699
68,1593
71,1684
59,1284
65,1560
64,1500
59,1319
64,1488
61,1469
57,1356
62,1365
62,1400
64,1493
57,1327
53,1177
62,1511
59,1273
65,1454
63,1534
63,1510
60,1360
58,1288
60,1361
60,1364
62,1466
62,1444
61,1402
57,1309
55,1178
62,1344
63,1426
53,1189
58,1334
-,-,-,-
70,1587
63,1403
60,1371
64,1479
71,1687
74,1693
69,1536
73,1659
67,1501
71,1579
74,1687
74,1702
68,1554
74,1687
73,1753
67,1575
64,1481
69,1655
57,1321
57,1231
62,1420
67,1591
71,1678
63,1454
62,1408
65,1548
63,1448
64,1552
63,1486
62,1417
59,1435
60,1313
57,1219
64,1511
62,1434
62,1377
60,1311
61,1404
60,1378
58,1400
64,1508
56,1303
61,1443
58,1372
60,1398
62,1329
62,1389
62,1437
56,1257
62,1451
61,1363
54,1272
60,1387
-,-,-,-
64,1393
71,1631
67,1521
70,1528
74,1687
74,1689
73,1653
67,1513
72,1631
73,1669
74,1687
63,1403
70,1597
68,1630
73,1759
73,1753
58,1324
72,1718
72,1729
71,1681
62,1366
62,1403
68,1632
62,1426
70,1627
63,1444
63,1474
60,1445
62,1491
59,1390
66,1593
62,1360
58,1260
60,1385
58,1312
60,1293
59,1330
60,1315
62,1384
63,1495
58,1245
62,1461
59,1371
60,1362
55,1328
62,1416
63,1428
56,1250
63,1397
59,1349
61,1431
57,1399
59,1295
-,-,-,-
64,1416
68,1586
71,1629
62,1389
68,1518
66,1476
69,1566
68,1601
71,1615
74,1687
74,1687
74,1687
72,1591
69,1584
73,1753
71,1677
69,1656
67,1495
73,1753
73,1759
60,1364
67,1563
65,1506
61,1350
66,1573
69,1639
65,1468
61,1461
62,1350
56,1282
58,1389
65,1450
58,1261
60,1416
58,1275
64,1461
63,1378
62,1466
60,1388
60,1440
63,1471
61,1391
59,1327
63,1490
62,1441
60,1360
57,1391
60,1360
59,1361
61,1419
63,1464
57,1291
56,1339
-,-,-,-
65,1490
73,1652
66,1467
73,1656
67,1536
66,1517
72,1591
69,1509
65,1433
74,1689
73,1673
68,1554
61,1348
74,1702
72,1756
70,1698
69,1643
70,1666
64,1480
72,1706
66,1524
62,1428
66,1473
63,1399
70,1649
70,1645
63,1503
62,1456
63,1468
57,1312
59,1472
63,1498
61,1315
59,1390
60,1405
63,1408
67,1520
59,1364
58,1333
62,1540
57,1343
62,1435
61,1382
59,1433
65,1525
60,1306
57,1274
62,1498
64,1509
54,1221
59,1434
59,1434
53,1149
-,-,-,-
72,1632
70,1570
65,1481
66,1528
65,1464
66,1506
61,1350
74,1687
70,1551
68,1529
72,1606
74,1689
64,1536
69,1574
61,1362
70,1662
73,1753
67,1588
73,1757
69,1596
64,1441
69,1643
58,1277
71,1678
65,1525
71,1678
67,1641
62,1497
58,1332
61,1349
57,1260
65,1471
60,1344
60,1339
58,1304
56,1251
57,1413
61,1382
60,1277
64,1546
61,1404
56,1281
56,1281
58,1316
62,1483
58,1298
64,1483
58,1360
57,1288
58,1393
63,1477
59,1458
55,1211
-,-,-,-
66,1533
66,1467
73,1681
69,1562
74,1695
72,1628
68,1553
70,1549
74,1687
74,1687
69,1549
73,1659
69,1512
74,1687
70,1679
73,1753
63,1456
59,1271
69,1643
73,1759
72,1719
67,1559
61,1393
62,1401
64,1457
62,1352
61,1441
63,1453
61,1367
59,1334
62,1406
61,1418
60,1336
67,1541
63,1467
63,1429
60,1314
58,1311
56,1318
58,1415
59,1326
56,1255
62,1505
60,1311
58,1350
61,1377
63,1513
56,1294
60,1419
58,1371
52,1209
57,1320
63,1456
-,-,-,-
62,1374
72,1630
66,1480
64,1515
71,1596
67,1558
70,1607
69,1590
71,1573
74,1687
69,1538
73,1672
73,1668
70,1551
67,1574
63,1457
72,1716
66,1544
62,1415
72,1699
66,1534
67,1526
65,1509
70,1668
64,1445
71,1680
60,1384
65,1570
62,1478
62,1468
59,1343
64,1373
60,1438
65,1482
61,1366
56,1290
59,1344
64,1393
63,1495
63,1513
62,1476
61,1385
58,1426
55,1257
59,1406
62,1355
58,1298
66,1525
58,1276
57,1282
61,1356
56,1394
61,1409
-,-,-,-
68,1553
73,1639
73,1672
73,1641
70,1599
72,1623
69,1579
71,1595
62,1431
72,1632
68,1518
67,1526
72,1633
67,1537
72,1735
66,1576
71,1721
62,1442
73,1757
70,1645
60,1321
70,1662
66,1505
71,1678
68,1552
61,1386
68,1617
60,1473
62,1492
61,1452
64,1436
63,1403
61,1464
61,1393
57,1305
59,1344
64,1388
60,1394
61,1357
63,1449
64,1575
65,1492
63,1496
54,1301
58,1324
62,1567
63,1409
59,1353
58,1265
59,1401
61,1440
58,1273
56,1319
-,-,-,-
59,1370
74,1693
70,1575
65,1422
71,1631
72,1604
74,1687
73,1654
73,1673
67,1510
74,1687
61,1361
71,1579
60,1426
61,1398
73,1753
63,1437
67,1610
70,1692
73,1759
66,1554
71,1678
68,1605
66,1523
61,1385
64,1505
60,1386
60,1335
62,1498
60,1383
65,1437
63,1420
60,1525
61,1384
57,1303
58,1312
62,1389
57,1267
60,1378
58,1281
57,1280
57,1368
64,1518
62,1454
62,1444
60,1499
62,1406
56,1255
59,1309
57,1321
58,1306
60,1409
55,1263
-,-,-,-
71,1604
72,1633
66,1483
71,1604
71,1601
68,1571
57,1234
74,1689
73,1653
72,1627
73,1670
71,1570
73,1666
73,1674
62,1361
63,1450
73,1767
64,1511
70,1667
73,1757
67,1614
62,1415
71,1678
68,1598
65,1519
68,1624
60,1376
60,1409
62,1407
61,1387
62,1445
59,1267
63,1477
62,1379
58,1320
61,1386
58,1275
57,1258
60,1404
60,1393
58,1351
54,1252
63,1510
57,1348
61,1371
58,1341
63,1429
59,1262
59,1322
56,1271
59,1326
60,1392
59,1402
-,-,-,-
74,1687
66,1449
74,1687
71,1576
65,1501
71,1603
73,1676
73,1654
73,1656
73,1668
69,1529
72,1629
65,1488
67,1526
71,1686
67,1574
66,1521
71,1698
73,1753
71,1676
68,1593
66,1495
72,1709
67,1552
65,1438
66,1530
61,1395
65,1469
64,1491
59,1288
61,1359
62,1423
66,1558
62,1393
62,1380
62,1389
62,1435
57,1336
56,1232
61,1403
63,1555
58,1362
60,1388
60,1422
60,1391
55,1264
65,1486
60,1361
63,1497
58,1350
62,1396
57,1372
52,1081
-,-,-,-
69,1563
70,1597
64,1428
65,1462
67,1533
71,1573
74,1687
70,1528
67,1513
74,1689
74,1687
71,1591
73,1658
67,1499
58,1350
69,1630
72,1722
67,1557
65,1532
62,1401
73,1755
67,1524
66,1555
73,1763
72,1709
67,1559
65,1532
61,1426
64,1540
57,1343
63,1345
60,1365
65,1515
62,1420
59,1379
57,1263
60,1357
59,1331
65,1580
63,1433
60,1407
58,1296
63,1429
61,1424
59,1309
60,1386
61,1404
63,1443
59,1312
63,1481
65,1515
62,1551
57,1297
-,-,-,-
70,1575
67,1515
74,1687
68,1540
73,1654
67,1562
66,1504
69,1581
71,1606
74,1687
63,1390
67,1489
64,1422
62,1364
66,1588
73,1753
73,1757
64,1483
63,1427
66,1564
62,1435
69,1619
64,1459
72,1763
64,1483
73,1761
62,1441
61,1426
64,1526
60,1351
58,1285
63,1419
64,1482
61,1397
60,1331
56,1227
61,1353
58,1359
64,1504
63,1435
61,1405
60,1406
58,1316
57,1249
58,1315
55,1330
62,1321
60,1397
62,1537
59,1328
58,1324
53,1251
58,1320
-,-,-,-
63,1403
74,1687
67,1591
62,1366
74,1687
65,1402
66,1538
73,1658
59,1287
71,1602
68,1525
73,1653
69,1541
71,1574
61,1450
62,1393
63,1490
68,1615
73,1753
70,1648
73,1753
67,1546
70,1677
70,1676
69,1666
72,1731
66,1514
58,1336
67,1543
55,1238
58,1290
58,1290
61,1457
63,1373
58,1334
62,1387
59,1368
62,1436
64,1523
59,1330
62,1418
56,1324
59,1304
62,1467
56,1259
64,1601
58,1263
59,1363
62,1419
60,1362
60,1353
63,1512
62,1400
-,-,-,-
71,1581
70,1541
66,1462
74,1689
65,1491
65,1474
70,1579
68,1568
74,1687
71,1629
70,1570
67,1519
71,1625
72,1628
73,1781
73,1753
70,1648
61,1392
66,1525
69,1612
68,1589
62,1418
70,1675
72,1734
73,1761
73,1761
65,1516
65,1561
62,1454
58,1318
63,1443
53,1161
61,1388
62,1421
62,1425
61,1355
60,1331
62,1435
65,1531
54,1241
63,1490
61,1458
64,1474
64,1501
58,1368
59,1339
63,1426
58,1299
61,1468
61,1345
55,1284
52,1206
64,1496
-,-,-,-
74,1687
71,1601
66,1471
63,1405
63,1420
66,1490
73,1659
70,1621
65,1508
59,1324
68,1540
71,1621
74,1702
70,1598
72,1730
62,1398
69,1673
72,1753
63,1477
65,1492
72,1747
66,1532
73,1767
73,1761
65,1514
69,1675
65,1513
63,1560
66,1561
59,1302
62,1341
56,1200
63,1402
65,1441
57,1335
58,1323
57,1243
58,1364
61,1448
60,1401
63,1516
63,1525
61,1350
57,1408
54,1179
55,1240
61,1377
62,1383
57,1404
63,1463
62,1415
60,1351
50,1239
-,-,-,-
62,1386
62,1411
68,1554
64,1422
74,1687
67,1525
74,1687
69,1580
67,1570
72,1660
73,1661
68,1568
74,1689
74,1687
71,1715
68,1535
70,1659
66,1557
71,1681
72,1729
65,1496
73,1755
69,1668
65,1482
63,1444
73,1759
67,1613
63,1481
65,1472
59,1397
62,1408
58,1243
64,1539
62,1362
63,1468
64,1459
60,1366
60,1371
58,1349
57,1295
62,1425
61,1447
57,1271
62,1470
58,1347
60,1394
66,1460
58,1318
62,1547
64,1565
54,1249
62,1400
62,1382
-,-,-,-
71,1579
73,1654
69,1554
73,1670
67,1526
74,1689
71,1578
69,1570
74,1689
74,1707
67,1500
74,1687
72,1625
73,1654
58,1276
68,1622
73,1753
67,1622
69,1673
68,1613
63,1487
65,1517
68,1607
71,1703
69,1651
72,1736
64,1436
66,1569
59,1333
61,1401
64,1438
61,1320
57,1298
62,1360
60,1298
58,1302
64,1524
61,1454
60,1305
63,1455
61,1452
59,1362
57,1339
56,1260
63,1537
55,1249
58,1300
60,1356
60,1433
61,1375
58,1389
57,1346
57,1324
-,-,-,-
64,1426
66,1474
74,1687
63,1438
74,1695
67,1526
74,1687
66,1457
66,1488
69,1579
62,1359
73,1661
69,1584
70,1561
64,1461
63,1428
71,1708
73,1753
58,1309
73,1753
68,1606
59,1363
70,1696
73,1755
67,1592
66,1592
65,1580
64,1512
61,1436
61,1441
63,1375
62,1469
59,1298
65,1546
61,1356
60,1356
60,1372
57,1290
63,1428
61,1308
58,1288
60,1369
62,1487
60,1379
62,1460
55,1294
62,1469
58,1274
58,1317
62,1393
58,1369
60,1404
59,1430
-,-,-,-
64,1451
74,1693
70,1531
67,1533
70,1566
74,1687
73,1672
72,1656
72,1635
74,1689
68,1530
73,1643
74,1691
62,1343
73,1753
63,1421
66,1521
71,1695
70,1665
73,1753
69,1639
72,1725
66,1545
66,1528
63,1471
71,1712
65,1530
58,1339
60,1428
57,1218
57,1332
57,1209
58,1365
61,1383
63,1465
58,1331
56,1298
62,1392
59,1340
55,1228
60,1314
64,1480
64,1496
59,1384
61,1472
59,1361
60,1422
61,1444
61,1443
59,1348
58,1293
65,1518
56,1281
-,-,-,-
70,1607
65,1447
59,1370
70,1575
72,1623
73,1675
74,1687
57,1234
64,1455
61,1333
66,1481
57,1260
74,1687
65,1560
68,1535
63,1447
71,1706
67,1548
73,1753
64,1464
69,1650
67,1559
66,1588
73,1755
64,1538
63,1450
68,1627
63,1454
59,1281
63,1455
60,1337
62,1346
59,1344
60,1358
56,1284
60,1429
59,1387
62,1457
60,1361
60,1450
59,1321
66,1579
54,1273
65,1488
59,1487
59,1331
56,1274
59,1362
58,1318
61,1344
60,1320
56,1328
57,1337
-,-,-,-
67,1570
74,1687
74,1687
74,1691
71,1627
67,1526
66,1533
68,1551
70,1549
74,1691
71,1601
64,1408
66,1549
73,1647
62,1401
71,1706
71,1679
72,1699
73,1753
67,1553
71,1676
65,1521
67,1553
60,1377
62,1448
70,1665
63,1441
64,1466
61,1420
59,1368
58,1274
60,1384
65,1596
57,1268
60,1298
57,1305
58,1304
63,1455
62,1452
60,1391
56,1207
65,1534
56,1289
58,1327
60,1405
58,1330
56,1315
62,1444
60,1408
62,1417
62,1434
59,1377
57,1306
-,-,-,-
67,1495
64,1416
73,1654
66,1480
73,1654
64,1396
69,1552
67,1537
67,1530
70,1572
72,1625
71,1607
74,1689
70,1584
70,1660
70,1667
73,1753
68,1625
73,1753
72,1716
72,1728
63,1482
62,1454
68,1641
60,1377
72,1743
67,1599
59,1410
61,1416
54,1251
63,1530
61,1374
62,1454
65,1536
63,1392
58,1297
56,1268
63,1507
63,1450
63,1492
64,1495
60,1459
56,1339
60,1402
63,1445
55,1248
56,1321
58,1339
59,1370
62,1397
58,1287
58,1309
58,1379
-,-,-,-
74,1687
72,1649
72,1625
68,1543
73,1654
74,1693
65,1454
70,1618
73,1670
69,1587
68,1564
74,1687
66,1552
74,1693
60,1351
73,1767
67,1578
63,1491
72,1699
67,1562
58,1349
62,1414
68,1608
61,1381
62,1414
71,1716
62,1377
58,1267
61,1483
62,1447
61,1402
60,1418
60,1339
62,1466
58,1299
62,1411
56,1260
59,1305
63,1480
59,1323
61,1385
59,1402
55,1205
61,1344
63,1507
55,1300
60,1383
59,1307
62,1517
63,1456
60,1371
60,1386
57,1348
-,-,-,-
74,1687
72,1644
72,1623
67,1500
70,1549
67,1562
65,1510
73,1690
73,1666
67,1532
71,1631
74,1687
74,1687
65,1463
64,1517
69,1639
69,1642
69,1643
69,1607
69,1664
71,1677
73,1755
62,1432
67,1594
66,1569
63,1459
56,1351
65,1540
64,1533
53,1193
62,1351
64,1431
61,1454
58,1287
56,1197
56,1264
60,1352
59,1320
55,1221
60,1361
67,1659
66,1602
55,1293
53,1139
57,1354
58,1283
53,1174
58,1300
64,1482
62,1406
62,1493
63,1392
57,1380
-,-,-,-
74,1687
69,1586
69,1605
71,1579
65,1467
66,1550
71,1605
71,1606
65,1454
70,1638
69,1605
74,1687
70,1583
74,1687
64,1425
67,1603
70,1649
72,1742
73,1753
63,1469
73,1755
73,1761
62,1440
71,1714
70,1652
62,1435
61,1426
60,1410
61,1451
60,1386
61,1392
64,1438
57,1352
60,1322
64,1527
59,1257
61,1430
59,1341
56,1246
58,1344
58,1317
59,1378
59,1412
58,1402
59,1359
59,1308
56,1232
65,1458
63,1516
60,1364
59,1308
55,1216
54,1257
-,-,-,-
74,1687
73,1658
71,1579
74,1687
73,1659
67,1489
70,1543
69,1577
74,1687
74,1687
68,1543
72,1636
70,1581
70,1587
73,1757
63,1456
73,1751
57,1268
72,1706
70,1675
69,1637
63,1472
65,1517
66,1574
73,1755
69,1679
61,1349
65,1585
60,1390
61,1411
59,1305
65,1455
62,1447
58,1304
60,1407
61,1337
60,1325
56,1236
59,1303
57,1238
60,1268
64,1475
59,1375
62,1477
56,1328
56,1233
59,1388
63,1446
62,1382
60,1388
61,1340
56,1260
57,1313
-,-,-,-
74,1687
73,1659
74,1691
64,1441
67,1506
74,1689
71,1573
67,1495
66,1523
72,1626
68,1525
64,1418
74,1687
68,1543
59,1272
60,1335
71,1727
61,1404
73,1751
68,1565
63,1404
71,1705
63,1521
65,1525
70,1681
64,1473
62,1397
64,1543
55,1251
60,1424
59,1382
64,1401
61,1514
57,1216
57,1249
65,1456
56,1266
56,1277
57,1316
59,1345
57,1344
62,1522
60,1468
61,1475
63,1506
63,1467
55,1263
62,1437
61,1451
63,1363
57,1294
58,1301
59,1360
-,-,-,-
67,1495
73,1664
61,1375
71,1671
68,1533
71,1601
70,1589
74,1687
74,1689
64,1416
74,1687
70,1583
74,1687
68,1586
69,1656
71,1706
73,1771
73,1751
63,1464
72,1718
67,1621
73,1761
63,1447
73,1755
69,1627
67,1601
66,1532
57,1348
61,1372
58,1268
62,1323
63,1452
64,1493
59,1385
61,1397
61,1376
62,1379
62,1433
65,1524
61,1476
62,1427
64,1475
59,1361
60,1375
60,1407
56,1282
61,1535
61,1343
63,1486
57,1267
59,1315
58,1327
57,1360
-,-,-,-
74,1687
72,1651
67,1519
70,1515
66,1489
70,1584
71,1574
74,1699
71,1579
73,1656
72,1632
67,1573
68,1516
66,1468
72,1719
70,1667
55,1248
63,1407
73,1751
64,1489
73,1751
70,1681
66,1524
68,1597
72,1723
73,1759
55,1218
58,1342
66,1515
58,1298
62,1363
52,1123
59,1284
60,1364
60,1339
61,1310
57,1256
57,1265
61,1347
60,1347
60,1401
57,1352
63,1442
57,1346
58,1342
62,1449
61,1448
56,1224
58,1402
62,1422
57,1374
60,1346
55,1298
-,-,-,-
74,1693
74,1687
71,1608
74,1687
74,1687
67,1505
74,1687
74,1687
74,1687
68,1539
71,1627
66,1497
65,1490
73,1681
70,1674
72,1719
71,1704
66,1495
67,1576
68,1595
64,1457
63,1450
73,1751
65,1531
67,1572
65,1562
56,1190
59,1341
61,1368
57,1350
62,1337
61,1340
60,1359
60,1379
61,1397
62,1392
61,1366
60,1365
58,1318
63,1465
65,1551
61,1431
58,1276
59,1364
58,1369
62,1359
57,1321
61,1393
55,1274
62,1395
63,1455
59,1346
65,1565
-,-,-,-
66,1415
65,1449
72,1637
73,1699
74,1687
74,1687
70,1531
74,1687
74,1689
74,1687
67,1519
74,1687
71,1587
67,1499
73,1773
67,1576
64,1406
73,1765
72,1718
73,1751
64,1448
66,1553
73,1759
63,1449
66,1602
62,1495
63,1505
62,1466
64,1456
61,1427
66,1532
63,1440
59,1355
63,1448
62,1455
60,1322
58,1355
58,1418
62,1384
60,1443
57,1274
64,1591
58,1329
58,1360
58,1363
62,1430
58,1343
58,1276
56,1353
60,1327
57,1280
55,1259
60,1316
-,-,-,-
72,1617
73,1659
59,1291
73,1655
74,1687
72,1629
62,1466
66,1471
63,1410
74,1689
61,1304
73,1654
68,1558
67,1526
58,1272
68,1640
71,1705
61,1385
66,1535
61,1454
70,1671
67,1588
71,1724
63,1485
65,1520
68,1593
62,1411
60,1468
67,1555
57,1293
60,1336
60,1298
63,1459
59,1363
60,1372
63,1444
61,1436
62,1408
57,1263
64,1540
63,1482
57,1262
56,1280
60,1423
59,1479
58,1301
60,1503
63,1489
65,1573
64,1485
65,1489
62,1464
61,1383
-,-,-,-
71,1623
74,1691
74,1687
64,1422
62,1342
65,1450
74,1689
68,1545
70,1612
72,1591
70,1568
71,1582
70,1572
67,1500
63,1430
65,1501
63,1437
65,1551
73,1751
72,1720
60,1326
61,1443
69,1640
70,1660
71,1700
63,1465
56,1245
66,1571
66,1531
57,1236
63,1433
57,1308
62,1417
60,1381
62,1454
59,1273
63,1445
64,1543
58,1360
58,1280
60,1382
63,1519
65,1587
58,1264
59,1364
60,1328
62,1499
64,1393
63,1458
60,1320
60,1373
55,1280
60,1419
-,-,-,-
67,1533
66,1472
72,1591
69,1564
70,1528
68,1564
62,1397
74,1687
72,1649
70,1653
70,1579
67,1507
74,1689
64,1444
73,1751
69,1663
73,1759
67,1509
61,1356
62,1396
65,1520
72,1721
65,1510
72,1744
63,1485
61,1400
64,1499
59,1358
62,1442
61,1457
60,1278
61,1358
58,1372
64,1494
59,1375
57,1231
55,1217
54,1223
61,1329
61,1435
59,1440
57,1314
56,1247
59,1289
63,1482
61,1405
60,1552
61,1407
56,1242
59,1394
60,1323
57,1293
61,1397
-,-,-,-
67,1487
71,1619
65,1534
74,1687
74,1687
71,1627
67,1532
72,1591
66,1510
73,1643
74,1687
74,1687
66,1481
71,1585
73,1771
70,1637
60,1290
59,1343
73,1751
64,1486
71,1680
63,1474
67,1547
71,1657
69,1627
65,1507
60,1485
58,1364
62,1423
56,1277
63,1386
63,1423
62,1469
60,1389
58,1291
65,1476
59,1330
59,1314
63,1452
53,1215
65,1493
65,1489
59,1385
62,1465
60,1435
58,1358
58,1352
61,1427
60,1382
61,1447
62,1441
61,1493
62,1388
-,-,-,-
68,1544
71,1602
70,1591
68,1537
72,1636
69,1526
74,1687
61,1354
65,1470
62,1364
67,1504
74,1687
70,1543
68,1551
69,1600
66,1503
66,1565
71,1710
67,1558
67,1621
73,1751
66,1604
73,1761
73,1753
73,1751
63,1465
65,1563
56,1344
62,1454
59,1403
58,1252
57,1274
62,1476
59,1405
61,1467
58,1269
58,1302
60,1356
61,1446
65,1467
58,1317
60,1373
56,1264
57,1315
60,1467
61,1438
56,1294
62,1403
66,1557
59,1345
62,1341
58,1313
58,1353
-,-,-,-
68,1506
73,1640
74,1693
65,1495
74,1687
74,1687
69,1572
63,1459
72,1655
74,1687
61,1374
71,1570
65,1431
66,1504
73,1751
68,1647
73,1751
64,1452
64,1457
73,1751
69,1636
72,1757
66,1537
66,1535
68,1622
71,1712
60,1417
61,1415
64,1477
59,1357
58,1292
61,1413
63,1423
61,1441
62,1367
63,1497
60,1434
57,1323
61,1439
58,1450
56,1279
65,1512
65,1544
61,1510
60,1405
63,1441
59,1327
56,1343
58,1326
58,1336
62,1426
57,1351
59,1362
-,-,-,-
70,1561
64,1426
65,1432
64,1422
74,1687
74,1687
68,1469
74,1689
69,1522
74,1687
70,1551
67,1506
67,1489
68,1529
70,1680
63,1511
59,1284
61,1431
64,1445
66,1524
67,1529
73,1751
61,1455
68,1652
69,1678
70,1688
58,1361
60,1416
58,1351
56,1229
61,1364
61,1368
63,1461
59,1338
63,1460
61,1415
63,1497
59,1300
60,1324
54,1208
60,1329
63,1490
62,1407
62,1417
63,1455
57,1364
61,1412
63,1549
61,1388
60,1431
55,1277
59,1372
58,1266
-,-,-,-
66,1483
67,1545
68,1576
72,1640
70,1561
73,1658
71,1595
74,1689
74,1687
74,1687
65,1505
64,1443
66,1528
71,1595
62,1367
73,1751
70,1657
67,1534
72,1724
72,1782
69,1633
64,1490
60,1383
63,1514
73,1751
64,1560
61,1449
63,1405
61,1385
58,1259
63,1401
62,1408
60,1488
61,1417
62,1435
65,1455
63,1484
57,1295
58,1344
58,1342
59,1300
62,1447
56,1240
50,1095
59,1304
61,1469
59,1343
58,1442
62,1452
57,1385
64,1474
58,1454
58,1365
-,-,-,-
71,1591
66,1475
67,1533
70,1581
65,1447
67,1591
67,1533
74,1687
70,1549
72,1624
65,1440
67,1554
71,1595
74,1687
71,1710
73,1755
70,1641
72,1714
62,1384
61,1441
73,1751
65,1559
70,1650
71,1677
70,1654
64,1508
61,1440
61,1433
60,1392
62,1477
62,1288
61,1450
63,1481
65,1461
60,1376
64,1442
61,1361
61,1389
60,1341
59,1329
62,1445
62,1487
60,1336
60,1407
64,1428
57,1295
60,1286
62,1463
61,1382
58,1330
57,1282
62,1421
63,1445
-,-,-,-
74,1687
72,1647
73,1659
74,1687
67,1524
65,1440
68,1488
72,1642
73,1659
70,1530
68,1538
72,1633
67,1491
67,1571
67,1618
70,1634
69,1630
73,1775
71,1728
61,1408
73,1751
71,1712
64,1512
69,1673
62,1399
73,1751
63,1455
57,1293
63,1399
60,1381
62,1328
55,1238
60,1330
57,1312
63,1424
61,1418
62,1380
54,1185
63,1439
60,1384
61,1399
61,1492
64,1496
62,1473
58,1327
57,1310
57,1276
61,1456
61,1339
64,1548
61,1443
53,1211
61,1401
-,-,-,-
67,1495
73,1659
72,1626
74,1693
72,1609
74,1687
69,1625
64,1408
64,1401
66,1481
67,1492
69,1590
71,1612
68,1587
64,1497
72,1719
72,1716
68,1596
64,1487
68,1565
65,1510
62,1427
66,1604
72,1721
71,1678
73,1757
59,1384
59,1367
60,1364
57,1326
62,1382
63,1464
60,1390
61,1413
60,1320
59,1320
60,1343
59,1358
62,1434
57,1277
64,1437
62,1434
64,1447
60,1365
58,1315
62,1441
59,1429
66,1594
60,1430
60,1417
57,1224
60,1463
62,1379
-,-,-,-
74,1695
66,1480
73,1663
69,1564
64,1502
67,1539
74,1687
73,1653
64,1472
67,1535
64,1422
65,1446
67,1558
64,1443
73,1751
68,1539
66,1513
65,1471
72,1718
73,1755
66,1502
64,1492
65,1525
68,1601
65,1575
73,1751
62,1447
61,1407
65,1472
57,1301
57,1237
64,1437
63,1490
57,1341
58,1220
61,1356
59,1309
61,1408
57,1275
60,1392
61,1427
59,1289
61,1471
59,1362
57,1235
57,1333
61,1359
61,1443
58,1302
63,1453
55,1213
58,1348
65,1514
-,-,-,-
69,1541
73,1686
74,1689
70,1621
74,1689
66,1498
72,1656
74,1689
69,1566
67,1514
65,1422
72,1602
71,1606
74,1687
73,1751
71,1703
70,1703
72,1728
66,1515
67,1580
73,1751
73,1751
61,1462
72,1721
68,1614
67,1634
65,1517
62,1447
60,1386
56,1227
64,1414
60,1356
60,1458
61,1442
60,1312
62,1397
57,1322
52,1140
63,1426
59,1404
60,1385
58,1410
56,1348
55,1203
63,1475
56,1330
64,1463
61,1438
60,1334
61,1388
59,1364
60,1336
60,1398
-,-,-,-
72,1624
71,1578
74,1691
73,1654
72,1626
74,1713
73,1674
67,1520
71,1576
66,1465
67,1570
69,1544
71,1601
68,1538
72,1732
68,1620
67,1572
71,1692
73,1751
68,1595
70,1680
70,1650
67,1562
69,1677
68,1644
72,1747
59,1375
58,1294
57,1267
64,1486
64,1447
61,1374
58,1362
65,1550
64,1479
61,1380
60,1371
63,1448
60,1346
58,1331
59,1339
63,1449
60,1378
62,1419
61,1410
62,1424
61,1423
60,1335
59,1302
64,1482
55,1312
62,1408
54,1310
-,-,-,-
71,1612
72,1640
68,1543
65,1480
74,1687
66,1540
71,1612
74,1693
71,1580
67,1513
66,1519
65,1434
73,1664
70,1581
66,1516
72,1723
65,1538
69,1636
72,1755
72,1717
61,1359
69,1682
62,1432
67,1563
69,1668
65,1603
57,1318
59,1337
64,1536
57,1328
62,1345
61,1370
65,1558
62,1415
66,1567
63,1468
61,1466
57,1267
61,1380
61,1376
53,1201
60,1390
59,1294
58,1268
58,1353
60,1356
58,1301
61,1431
60,1344
61,1380
62,1458
59,1339
55,1271
-,-,-,-
72,1630
68,1543
72,1650
67,1552
70,1605
66,1457
72,1652
74,1689
66,1472
69,1529
74,1689
74,1702
70,1615
67,1496
72,1725
71,1721
70,1659
73,1751
66,1505
72,1732
61,1365
66,1544
61,1375
67,1592
60,1424
68,1625
62,1449
55,1242
60,1388
55,1250
62,1327
62,1347
62,1387
58,1276
59,1305
61,1355
59,1335
56,1241
58,1347
59,1324
61,1381
62,1471
56,1273
57,1330
59,1368
63,1517
57,1229
60,1393
60,1357
58,1238
60,1412
58,1261
56,1402
-,-,-,-
72,1651
72,1630
66,1497
70,1579
73,1685
71,1587
68,1492
69,1625
71,1604
72,1623
72,1625
71,1572
74,1687
68,1529
63,1491
72,1737
73,1751
66,1562
72,1728
72,1718
67,1589
63,1478
68,1667
70,1714
62,1416
66,1563
61,1412
63,1459
63,1461
63,1478
60,1290
63,1356
60,1364
60,1412
60,1367
63,1447
57,1318
61,1439
60,1335
62,1357
60,1432
57,1314
63,1487
64,1523
64,1463
57,1353
59,1304
58,1444
61,1411
61,1318
59,1387
60,1335
61,1459
-,-,-,-
72,1626
71,1593
64,1422
65,1501
72,1606
65,1444
66,1483
74,1687
71,1619
73,1639
64,1467
74,1687
72,1623
71,1601
71,1700
72,1709
73,1749
61,1355
69,1628
72,1730
73,1751
63,1444
70,1732
63,1488
72,1757
68,1609
60,1393
66,1606
58,1259
61,1404
59,1239
63,1390
60,1327
58,1224
62,1361
63,1378
59,1304
63,1501
55,1228
57,1306
64,1559
60,1430
60,1376
62,1418
58,1315
58,1348
62,1391
67,1603
58,1333
57,1269
61,1476
60,1381
56,1369
-,-,-,-
67,1517
69,1551
71,1577
74,1709
68,1525
71,1629
65,1506
69,1570
60,1396
71,1583
69,1558
71,1614
70,1598
73,1659
62,1405
67,1575
73,1757
66,1577
72,1713
71,1684
71,1708
68,1602
73,1751
67,1608
73,1757
66,1558
60,1277
59,1317
63,1441
59,1374
64,1410
60,1336
62,1510
57,1232
64,1534
63,1427
56,1231
60,1320
61,1446
63,1483
59,1337
62,1376
61,1442
57,1306
65,1495
57,1281
59,1421
56,1234
61,1345
62,1452
62,1375
58,1231
56,1232
-,-,-,-
68,1548
66,1523
66,1497
61,1360
72,1611
68,1572
65,1474
73,1658
72,1652
74,1687
72,1641
74,1693
74,1687
69,1521
62,1423
59,1288
69,1639
72,1720
72,1718
73,1749
73,1749
62,1392
69,1667
67,1592
71,1726
66,1555
62,1365
60,1335
61,1362
57,1328
62,1406
59,1311
64,1547
58,1310
57,1272
60,1375
61,1293
59,1325
59,1331
56,1247
58,1370
60,1342
61,1447
60,1355
62,1465
61,1445
61,1370
66,1555
67,1595
63,1447
63,1476
57,1229
57,1276
-,-,-,-
71,1606
72,1591
70,1636
74,1687
74,1687
66,1501
59,1323
64,1451
71,1620
71,1613
65,1491
72,1627
62,1395
69,1571
65,1493
71,1698
67,1552
73,1755
61,1393
59,1324
72,1725
71,1695
70,1667
66,1530
71,1668
62,1452
69,1667
62,1406
63,1440
58,1367
64,1421
60,1366
57,1257
64,1522
62,1413
63,1526
57,1284
61,1352
62,1393
59,1339
58,1302
63,1526
57,1307
58,1300
60,1429
60,1388
57,1330
59,1326
60,1344
60,1381
62,1427
60,1345
62,1491
-,-,-,-
74,1687
69,1556
61,1361
66,1481
62,1440
66,1533
72,1629
62,1431
73,1654
68,1517
67,1514
74,1689
67,1515
71,1624
63,1424
72,1718
68,1600
70,1667
67,1534
64,1490
73,1749
61,1415
63,1423
62,1452
73,1751
71,1693
64,1508
60,1436
60,1350
64,1470
62,1320
62,1388
61,1383
62,1434
61,1378
57,1271
63,1452
64,1466
57,1254
59,1342
62,1455
62,1473
62,1425
60,1387
63,1555
59,1375
63,1461
59,1390
59,1468
62,1399
60,1392
62,1434
61,1475
-,-,-,-
71,1605
61,1364
65,1489
68,1578
73,1658
63,1447
74,1691
70,1551
64,1479
72,1610
71,1582
74,1687
74,1687
74,1687
70,1656
65,1508
68,1625
72,1729
73,1749
64,1480
69,1619
66,1615
60,1396
71,1680
70,1689
68,1618
61,1409
65,1599
60,1374
63,1487
61,1288
59,1337
57,1242
63,1449
60,1414
60,1461
64,1457
64,1445
58,1324
57,1254
65,1513
57,1319
59,1318
61,1451
61,1418
60,1395
54,1203
57,1322
57,1383
59,1262
62,1469
62,1379
59,1319
-,-,-,-
74,1687
68,1512
69,1574
72,1649
71,1570
68,1576
74,1689
74,1687
67,1497
72,1610
67,1539
68,1547
72,1626
69,1550
73,1755
72,1706
68,1569
73,1749
72,1723
64,1489
73,1747
73,1751
68,1660
60,1397
73,1777
66,1573
62,1401
57,1339
61,1353
67,1636
64,1435
60,1330
64,1481
59,1391
66,1559
58,1247
61,1352
63,1341
61,1429
60,1413
56,1293
55,1228
62,1472
58,1328
59,1436
59,1333
61,1435
61,1443
58,1281
60,1320
59,1391
56,1203
56,1335
-,-,-,-
71,1580
70,1605
73,1676
69,1516
70,1629
74,1702
71,1601
74,1687
72,1591
66,1447
73,1655
65,1436
73,1662
71,1584
69,1637
62,1405
73,1747
71,1715
68,1599
70,1675
57,1236
70,1656
71,1717
69,1625
63,1480
65,1521
59,1361
62,1462
63,1444
60,1348
58,1306
62,1392
65,1422
63,1443
61,1394
59,1301
64,1529
61,1340
60,1335
62,1382
67,1603
64,1466
60,1331
57,1344
60,1411
58,1245
56,1283
60,1436
59,1439
61,1336
57,1321
61,1351
59,1386
-,-,-,-
68,1516
69,1550
62,1397
72,1643
74,1687
74,1687
70,1566
74,1693
72,1618
68,1545
73,1653
64,1467
69,1591
73,1672
72,1724
72,1714
71,1702
73,1747
73,1747
62,1373
62,1393
70,1701
73,1751
69,1623
64,1527
62,1398
59,1331
60,1461
60,1311
54,1266
59,1375
63,1421
62,1401
57,1264
63,1499
58,1259
59,1339
61,1396
61,1334
61,1343
61,1469
56,1246
63,1480
59,1423
58,1419
61,1425
62,1414
61,1374
57,1325
66,1557
59,1382
62,1475
58,1278
-,-,-,-
74,1689
68,1554
73,1654
71,1612
70,1594
74,1681
68,1593
66,1436
72,1629
63,1364
69,1570
74,1687
71,1570
73,1660
67,1584
73,1747
69,1615
64,1483
70,1654
63,1437
70,1650
67,1582
63,1410
60,1392
73,1751
67,1555
58,1349
65,1540
61,1434
57,1265
66,1501
61,1356
65,1528
63,1479
62,1367
58,1310
59,1319
60,1356
62,1408
60,1339
55,1241
55,1237
55,1294
57,1344
56,1270
59,1339
60,1379
56,1308
58,1364
61,1473
58,1342
56,1223
58,1408
-,-,-,-
69,1552
74,1683
67,1517
74,1689
66,1450
67,1502
73,1644
74,1681
73,1662
74,1681
72,1634
74,1683
74,1681
64,1380
71,1689
62,1403
73,1747
73,1747
67,1509
63,1435
71,1698
62,1452
65,1558
68,1633
68,1639
65,1525
63,1481
61,1379
61,1422
61,1426
59,1296
56,1228
60,1316
62,1410
62,1429
61,1432
61,1445
65,1476
60,1354
55,1305
64,1493
57,1236
57,1316
56,1380
60,1404
57,1311
67,1492
58,1352
63,1485
64,1533
59,1449
64,1479
58,1408
-,-,-,-
69,1577
74,1681
72,1593
69,1524
73,1658
74,1683
73,1654
73,1647
74,1687
74,1683
72,1628
61,1343
68,1587
67,1538
73,1747
70,1655
64,1483
69,1643
64,1463
73,1751
72,1725
60,1364
64,1480
73,1751
66,1584
63,1477
58,1315
65,1489
60,1339
56,1271
63,1408
59,1312
65,1536
64,1480
62,1413
62,1437
60,1375
60,1455
58,1274
65,1503
55,1187
55,1274
61,1393
58,1272
63,1442
63,1537
58,1328
55,1273
57,1242
62,1474
60,1393
62,1401
57,1346
-,-,-,-
67,1524
74,1681
72,1600
69,1599
66,1487
74,1681
70,1559
72,1623
73,1667
74,1681
63,1353
61,1329
74,1687
73,1669
62,1399
69,1611
69,1612
60,1340
68,1562
73,1749
71,1697
61,1355
66,1554
65,1457
72,1703
70,1670
69,1650
61,1396
58,1258
60,1378
63,1418
60,1356
62,1431
61,1438
61,1431
63,1465
63,1457
60,1358
63,1402
59,1313
59,1316
55,1233
59,1337
58,1219
57,1414
53,1194
64,1497
57,1243
65,1522
60,1449
62,1488
62,1386
59,1411
-,-,-,-
65,1439
63,1422
68,1562
73,1653
74,1681
68,1546
74,1681
72,1625
64,1421
72,1619
72,1585
70,1553
73,1662
74,1683
69,1667
73,1747
63,1438
61,1392
68,1604
68,1602
73,1747
61,1408
68,1615
63,1580
72,1719
64,1459
60,1398
69,1675
64,1532
63,1491
63,1396
62,1317
54,1193
65,1490
58,1285
61,1329
60,1396
60,1419
58,1276
62,1376
58,1289
60,1278
63,1444
55,1233
62,1502
61,1441
60,1341
58,1306
62,1486
55,1371
60,1402
66,1548
54,1268
-,-,-,-
72,1613
71,1597
69,1569
57,1167
71,1601
72,1630
71,1609
73,1653
71,1608
73,1637
72,1622
74,1681
74,1681
73,1641
65,1478
63,1482
60,1308
73,1747
72,1753
71,1669
62,1393
66,1589
71,1699
63,1464
72,1707
65,1525
67,1614
65,1599
62,1389
58,1327
64,1433
59,1223
58,1235
59,1344
65,1574
64,1501
63,1528
63,1446
60,1402
64,1415
60,1369
66,1578
65,1496
58,1335
63,1552
57,1248
58,1354
56,1281
56,1329
63,1445
60,1505
61,1422
53,1199
-,-,-,-
74,1689
72,1613
72,1662
68,1495
71,1636
67,1493
72,1625
72,1641
71,1575
74,1681
66,1443
61,1308
65,1445
64,1432
73,1747
63,1406
60,1334
73,1755
67,1605
73,1747
72,1738
72,1746
63,1472
65,1499
72,1724
61,1425
63,1467
59,1384
64,1466
57,1284
63,1403
62,1448
66,1492
63,1413
62,1412
61,1396
66,1461
63,1477
67,1612
63,1399
57,1333
61,1363
61,1372
60,1374
57,1322
62,1465
58,1361
58,1321
59,1293
58,1255
64,1514
61,1420
60,1401
-,-,-,-
69,1543
70,1589
69,1545
74,1681
71,1619
70,1568
73,1652
72,1607
68,1498
72,1616
71,1559
73,1648
68,1532
73,1633
65,1457
68,1584
70,1666
71,1687
60,1316
68,1612
73,1749
71,1698
61,1442
73,1778
68,1595
71,1690
55,1250
65,1574
64,1432
59,1307
62,1351
67,1537
64,1407
62,1351
65,1519
61,1382
59,1383
58,1324
61,1409
62,1478
58,1253
56,1288
62,1528
62,1488
62,1518
58,1320
54,1195
59,1364
62,1478
64,1484
62,1452
61,1501
59,1346
-,-,-,-
73,1654
73,1660
68,1540
61,1378
74,1681
61,1341
67,1496
74,1687
74,1683
73,1666
74,1683
67,1497
74,1683
61,1380
69,1626
65,1537
60,1354
69,1682
73,1753
73,1747
72,1728
61,1444
73,1757
65,1559
73,1751
67,1556
59,1408
59,1444
64,1426
66,1571
63,1466
62,1419
61,1381
62,1423
65,1518
63,1475
62,1458
55,1243
59,1312
62,1381
59,1324
63,1429
63,1423
61,1405
62,1496
58,1382
57,1298
66,1508
61,1394
61,1427
57,1293
63,1530
55,1327
-,-,-,-
69,1526
63,1376
68,1511
70,1610
72,1635
72,1600
74,1681
69,1538
69,1569
74,1687
74,1681
74,1681
67,1454
74,1687
71,1690
70,1672
66,1560
72,1725
70,1649
70,1651
73,1749
66,1494
70,1645
65,1572
73,1751
64,1456
58,1306
65,1530
63,1488
55,1277
60,1341
62,1412
63,1402
55,1240
62,1470
60,1328
51,1173
66,1538
60,1347
57,1222
59,1306
60,1376
61,1386
57,1276
62,1374
63,1480
62,1416
60,1374
57,1276
61,1393
61,1423
60,1342
58,1438
-,-,-,-
67,1510
72,1600
73,1653
60,1365
69,1501
69,1537
70,1572
70,1553
73,1629
71,1569
64,1433
70,1545
68,1529
73,1654
72,1699
68,1596
72,1736
71,1693
61,1388
62,1375
73,1747
73,1751
68,1652
72,1746
71,1700
67,1608
60,1377
64,1465
66,1550
62,1437
66,1479
64,1482
62,1362
57,1293
64,1496
65,1599
59,1318
59,1343
59,1319
63,1415
59,1315
60,1324
59,1292
61,1417
63,1490
66,1631
57,1268
56,1289
62,1426
61,1462
64,1484
59,1352
60,1426
-,-,-,-
74,1681
74,1681
73,1643
71,1605
73,1670
73,1649
72,1625
70,1651
71,1586
73,1679
74,1681
73,1637
72,1623
67,1537
63,1514
59,1339
71,1676
73,1747
68,1555
62,1393
66,1545
73,1751
73,1751
73,1751
69,1703
72,1705
66,1517
65,1544
62,1401
60,1352
66,1498
61,1281
62,1402
61,1402
62,1427
62,1405
59,1337
60,1374
66,1611
58,1281
61,1413
59,1324
57,1259
62,1428
62,1464
63,1465
57,1215
63,1487
62,1548
61,1390
61,1440
61,1372
56,1195
-,-,-,-
64,1480
69,1550
71,1595
62,1389
74,1681
72,1648
67,1502
74,1693
73,1648
72,1620
64,1499
62,1362
70,1542
73,1691
69,1605
71,1678
73,1747
57,1245
71,1706
71,1720
72,1722
71,1697
73,1753
66,1536
65,1501
70,1707
63,1447
65,1551
65,1514
59,1394
64,1471
63,1416
58,1291
62,1400
63,1491
62,1448
62,1471
67,1557
64,1482
63,1412
57,1279
56,1294
61,1411
60,1450
59,1437
65,1553
54,1153
59,1358
58,1368
62,1458
61,1490
61,1516
60,1419
-,-,-,-
74,1681
73,1637
74,1681
67,1511
64,1445
68,1569
72,1642
66,1549
68,1548
74,1681
72,1650
64,1445
68,1510
72,1619
62,1416
66,1529
70,1653
63,1485
73,1757
72,1708
73,1745
73,1755
61,1404
73,1751
73,1753
68,1627
63,1438
59,1394
58,1305
59,1351
60,1292
59,1266
61,1349
63,1452
59,1255
61,1424
60,1398
63,1493
62,1486
63,1424
60,1337
62,1427
63,1438
57,1340
60,1276
65,1517
63,1411
60,1392
58,1347
58,1309
65,1610
62,1454
60,1428
-,-,-,-
73,1663
66,1548
71,1564
73,1652
72,1614
69,1538
71,1704
74,1685
71,1618
72,1604
74,1681
67,1533
72,1641
59,1307
73,1743
62,1343
71,1716
72,1743
69,1623
64,1441
69,1620
64,1485
68,1620
70,1653
73,1751
69,1638
64,1536
61,1425
61,1392
60,1341
64,1460
59,1358
66,1520
61,1388
60,1365
62,1419
61,1339
60,1427
61,1362
66,1497
63,1436
62,1421
59,1313
60,1355
62,1471
58,1457
57,1208
53,1193
55,1298
61,1430
60,1376
60,1462
57,1360
-,-,-,-
57,1286
68,1505
70,1604
68,1489
66,1511
63,1393
72,1654
59,1293
71,1619
67,1517
70,1575
72,1648
68,1553
74,1687
63,1429
68,1642
68,1597
72,1723
72,1710
65,1437
70,1685
60,1353
71,1694
66,1553
70,1696
72,1732
67,1587
65,1543
59,1379
62,1445
62,1376
60,1304
64,1526
66,1533
62,1401
66,1619
60,1332
61,1447
56,1216
61,1362
61,1403
59,1336
61,1365
60,1356
62,1425
60,1436
59,1365
58,1360
58,1353
62,1343
65,1564
61,1447
61,1469
-,-,-,-
66,1457
74,1687
71,1593
73,1672
72,1614
63,1424
65,1480
72,1636
74,1681
69,1534
70,1610
67,1508
74,1681
74,1681
62,1433
69,1606
73,1747
63,1471
73,1743
73,1759
64,1470
71,1709
70,1682
69,1597
68,1618
66,1596
61,1434
59,1365
61,1346
56,1288
60,1347
61,1358
65,1418
62,1372
64,1491
62,1329
66,1568
58,1352
59,1395
62,1432
59,1319
60,1407
59,1293
56,1227
59,1373
55,1270
57,1294
62,1404
61,1466
64,1469
63,1414
59,1347
58,1410
-,-,-,-
74,1681
69,1587
73,1649
71,1596
66,1508
70,1575
70,1619
70,1619
63,1422
70,1541
70,1586
70,1603
73,1676
67,1521
62,1337
65,1511
73,1755
70,1701
73,1743
71,1716
60,1313
64,1515
66,1535
63,1456
63,1410
65,1461
62,1412
64,1527
59,1363
57,1314
62,1417
62,1435
62,1361
61,1461
61,1374
60,1439
64,1486
63,1478
60,1326
59,1361
59,1340
57,1301
57,1261
63,1497
62,1531
62,1416
61,1404
66,1606
58,1380
62,1408
64,1462
57,1338
61,1437
-,-,-,-
74,1683
67,1460
73,1688
73,1673
68,1564
74,1681
74,1681
71,1593
64,1458
71,1623
70,1571
72,1633
69,1529
59,1287
56,1226
65,1546
73,1757
66,1540
69,1619
72,1749
69,1630
62,1491
72,1724
65,1543
65,1510
68,1623
60,1387
58,1297
60,1379
54,1215
68,1568
58,1255
61,1383
57,1239
58,1332
63,1434
62,1462
59,1282
60,1428
61,1384
56,1335
60,1435
62,1477
55,1164
54,1245
56,1329
59,1344
59,1329
61,1434
64,1499
63,1488
64,1518
64,1523
-,-,-,-
74,1681
74,1701
74,1681
65,1482
73,1653
63,1442
72,1602
71,1603
74,1681
74,1681
62,1342
73,1656
65,1468
71,1606
72,1704
61,1346
72,1708
65,1516
60,1302
66,1572
70,1661
69,1649
67,1569
64,1509
72,1729
66,1536
62,1426
64,1521
61,1419
60,1376
62,1445
63,1378
55,1150
62,1489
58,1240
64,1536
62,1421
58,1309
63,1489
64,1405
57,1300
64,1451
57,1262
62,1410
62,1410
63,1521
59,1338
54,1206
59,1444
65,1559
61,1454
63,1456
54,1288
-,-,-,-
71,1596
67,1449
64,1426
74,1685
65,1411
73,1660
62,1360
70,1540
74,1681
73,1653
71,1563
67,1515
70,1583
72,1639
60,1324
64,1419
67,1573
71,1724
60,1303
71,1683
61,1432
61,1412
73,1751
61,1461
72,1732
70,1665
64,1520
58,1271
58,1265
64,1382
59,1359
66,1462
58,1257
60,1407
62,1443
61,1424
60,1293
59,1389
55,1221
58,1199
62,1398
63,1451
61,1389
61,1383
62,1516
59,1363
57,1263
61,1436
60,1376
61,1389
61,1478
63,1477
55,1305
-,-,-,-
74,1681
73,1653
74,1717
69,1514
70,1559
67,1498
74,1687
70,1543
69,1541
70,1578
68,1540
73,1674
68,1534
73,1660
58,1320
71,1690
71,1703
70,1677
67,1551
70,1730
70,1651
64,1432
70,1714
65,1510
72,1738
71,1726
62,1457
54,1209
61,1428
63,1446
56,1245
59,1304
59,1310
63,1467
61,1375
64,1498
60,1386
61,1404
59,1334
58,1263
56,1246
54,1198
60,1368
60,1364
60,1343
60,1403
59,1376
59,1357
57,1171
65,1476
67,1569
61,1447
57,1424
-,-,-,-
72,1626
64,1459
65,1499
68,1547
68,1592
74,1681
63,1480
72,1623
63,1407
74,1681
73,1641
71,1601
74,1683
68,1549
71,1696
68,1576
65,1504
73,1745
64,1438
73,1743
73,1743
72,1737
62,1425
72,1757
73,1763
67,1559
65,1546
62,1390
64,1488
61,1393
55,1284
59,1286
60,1341
62,1431
65,1543
60,1319
62,1489
64,1548
56,1309
57,1290
63,1391
61,1414
63,1499
57,1221
66,1543
62,1401
58,1270
59,1280
59,1370
56,1323
60,1376
61,1408
58,1360
-,-,-,-
73,1660
71,1590
66,1461
71,1579
68,1591
62,1367
74,1681
71,1577
73,1652
60,1305
74,1681
74,1681
69,1610
69,1550
68,1597
66,1549
64,1470
62,1376
70,1661
73,1753
70,1665
65,1511
69,1664
69,1661
67,1594
68,1594
62,1492
61,1387
59,1365
64,1503
60,1386
59,1272
66,1494
63,1441
58,1332
58,1353
62,1407
64,1462
64,1552
63,1427
59,1267
63,1424
59,1379
58,1395
61,1450
60,1418
62,1353
61,1325
65,1512
60,1448
59,1361
62,1456
56,1353
-,-,-,-
74,1681
72,1600
71,1595
69,1500
69,1553
62,1360
74,1681
69,1610
73,1641
72,1633
74,1697
73,1677
71,1574
72,1628
61,1403
69,1600
72,1747
60,1336
67,1587
70,1652
70,1681
73,1751
65,1507
73,1751
73,1751
67,1557
58,1281
54,1224
60,1415
63,1412
62,1465
65,1469
63,1433
64,1490
60,1360
61,1367
63,1421
56,1279
64,1515
59,1344
58,1256
64,1518
63,1514
58,1275
55,1195
58,1327
54,1242
63,1394
55,1227
63,1437
61,1450
62,1449
57,1386
-,-,-,-
68,1562
63,1422
66,1463
69,1587
74,1681
70,1570
66,1513
70,1570
74,1681
69,1535
74,1681
70,1617
64,1469
73,1669
64,1426
65,1513
73,1743
65,1479
73,1743
72,1724
59,1349
70,1667
70,1660
71,1680
63,1449
67,1600
62,1440
55,1228
63,1503
64,1564
63,1470
57,1274
63,1396
58,1321
60,1410
62,1461
59,1371
62,1417
64,1497
60,1411
62,1452
57,1299
59,1317
61,1399
63,1448
59,1293
59,1444
58,1281
61,1364
57,1305
60,1281
59,1353
62,1515
-,-,-,-
67,1521
70,1558
67,1524
70,1553
68,1542
74,1681
74,1681
67,1552
72,1676
73,1653
71,1575
71,1629
71,1607
62,1352
68,1550
58,1290
68,1593
66,1480
73,1743
73,1743
72,1702
72,1721
65,1559
64,1469
73,1751
68,1673
63,1505
58,1301
62,1351
57,1302
56,1322
62,1435
64,1543
59,1398
60,1399
57,1263
62,1425
59,1244
59,1315
61,1352
52,1075
60,1371
58,1294
61,1420
60,1363
55,1206
60,1393
61,1458
58,1361
55,1220
57,1206
62,1464
54,1281
-,-,-,-
65,1499
68,1564
67,1515
66,1457
72,1624
73,1652
74,1683
73,1662
74,1685
65,1507
70,1570
71,1582
67,1511
74,1703
71,1680
59,1288
61,1346
71,1680
71,1675
61,1380
66,1534
66,1556
68,1665
66,1544
73,1755
66,1533
62,1402
63,1477
61,1395
61,1300
62,1445
61,1376
62,1412
68,1598
58,1286
62,1444
58,1326
62,1390
58,1317
63,1414
60,1338
60,1340
58,1349
62,1421
64,1504
62,1437
59,1391
60,1379
58,1333
58,1310
60,1366
58,1375
60,1410
-,-,-,-
74,1683
73,1635
73,1654
73,1635
67,1455
71,1631
74,1683
62,1409
66,1544
70,1574
70,1589
66,1502
72,1638
73,1668
63,1431
65,1526
62,1410
65,1468
62,1343
67,1590
61,1355
73,1751
67,1563
64,1490
68,1573
63,1450
61,1365
61,1443
65,1531
66,1501
62,1410
61,1435
60,1307
54,1169
58,1374
62,1380
59,1359
62,1430
58,1338
56,1229
60,1375
60,1402
61,1347
58,1322
60,1432
52,1165
61,1376
58,1254
64,1596
59,1377
60,1390
59,1409
59,1367
-,-,-,-