1316,64
1351,65
1530,71
1552,71
1435,68
1463,69
1468,68
1239,58
1264,62
1522,70
1320,62
1471,69
1531,70
1428,68
1297,62
1445,70
1467,66
1350,64
1343,64
1404,67
1415,65
1470,68
1308,61
1320,68
1480,69
1365,65
1464,67
1253,60
1512,67
1457,69
1478,69
1440,66
1408,69
1475,71
1563,72
1511,70
1621,71
1292,60
1410,68
1493,68
1617,70
1450,66
1518,70
1497,66
1527,69
1486,68
1538,71
1512,68
1487,68
1420,65
1512,70
1425,66
1428,67
1543,68
1418,64
1265,63
1541,68
1399,66
1409,64
1475,67
1461,68
1463,69
1420,66
1492,69
1441,64
1341,64
1543,70
1514,69
1482,71
1480,68
1524,72
1420,67
1283,64
1385,65
1446,69
1379,64
1544,71
1478,68
1330,64
1308,63
1542,71
1517,72
1364,64
1614,73
1430,69
1447,67
1342,66
1505,69
1488,72
1331,65
1295,61
1481,69
1483,68
1408,64
1453,67
1402,67
1336,63
1436,66
1357,65
1413,68
1370,67
1549,69
1291,64
1188,59
1380,66
1376,63
1363,64
1368,63
1298,60
1507,67
1475,70
1400,66
1296,63
1342,65
1524,70
1519,70
1474,66
1551,71
1341,65
1324,64
1477,70
1573,70
1479,68
1287,63
1588,72
1554,68
1388,63
1273,63
1407,66
1513,68
1437,68
1459,67
1332,66
1397,65
1456,68
1413,66
1417,67
1272,64
1409,67
1329,63
1291,63
1120,58
1252,61
1287,64
1223,60
1501,70
1466,69
1474,67
1449,69
1381,65
1473,66
1611,73
1483,68
1542,69
1362,63
1533,69
1486,69
1605,71
1426,66
1501,68
1616,71
1437,68
1354,61
1535,70
1372,65
1627,72
1430,65
1427,65
1382,64
1497,67
1544,67
1504,68
1560,71
1642,73
1535,70
1451,64
1605,71
1457,62
1540,70
1381,63
1489,70
1554,69
1635,73
1518,67
1492,69
1394,66
1357,62
1573,69
1636,72
1573,69
1481,68
1573,72
1522,69
1512,69
1383,65
1463,66
1512,70
1338,62
1513,67
1375,64
1476,66
1452,66
1393,67
1425,64
1380,64
1580,68
1452,64
1555,69
1506,69
1609,71
1489,69
1623,73
1420,67
1441,66
1525,68
1625,72
1663,73
1593,71
1570,70
1512,70
1444,67
1526,68
1510,68
1283,60
1564,69
1639,73
1398,63
1443,64
1487,65
1362,64
1514,71
1576,69
1422,66
1468,67
1573,70
1513,67
1702,75
1517,68
1474,66
1605,71
1596,70
1598,72
1504,69
1473,68
1630,72
1446,67
1686,74
1505,67
1568,70
1619,72
1412,65
1622,74
1443,68
1605,69
1680,74
1552,72
1649,73
1441,65
1569,68
1523,71
1517,69
1398,66
1539,69
1549,70
1770,77
1576,70
1433,69
1623,73
1420,65
1441,67
1327,62
1417,65
1500,69
1607,72
1597,72
1713,77
1393,67
1582,73
1506,69
1347,64
1409,66
1618,72
1631,73
1558,70
1393,64
1523,70
1544,71
1489,68
1394,67
1532,71
1361,63
1702,74
1570,70
1671,76
1439,64
1614,73
1403,63
1495,67
1539,70
1513,67
1646,74
1573,70
1521,70
1677,75
1500,69
1398,64
1449,67
1536,70
1737,75
1662,73
1416,67
1481,69
1483,70
1483,68
1709,77
1462,68
1570,72
1577,72
1352,62
1305,64
1440,67
1548,71
1596,71
1446,67
1345,61
1475,68
1577,71
1601,71
1540,71
1555,71
1455,68
1411,66
1714,75
1527,70
1588,72
1645,71
1777,77
1493,66
1417,65
1543,70
1512,70
1544,69
1669,76
1524,71
1558,71
1545,69
1598,73
1725,75
1481,69
1538,69
1763,76
1780,77
1704,75
1543,71
1553,71
1401,65
1709,77
1570,73
1513,69
1494,69
1452,69
1557,72
1566,71
1478,69
1497,71
1460,68
1613,74
1469,69
1354,64
1660,75
1476,69
1583,73
1512,71
1693,76
1554,70
1537,71
1499,71
1778,79
1604,73
1543,72
1699,75
1335,64
1530,70
1697,74
1379,67
1524,71
1366,65
1473,68
1548,72
1518,70
1447,68
1609,71
1656,75
1573,72
1448,67
1507,70
1630,73
1433,68
1490,71
1454,68
1527,70
1507,71
1386,66
1649,75
1601,74
1536,70
1530,74
1382,66
1450,68
1415,67
1435,69
1701,78
1373,64
1802,80
1481,70
1683,76
1604,74
1772,79
1554,70
1549,72
1809,80
1645,73
1607,73
1668,75
1504,69
1762,78
1504,70
1522,70
1544,73
1513,69
1550,71
1391,67
1549,72
1670,75
1627,74
1745,77
1721,75
1444,67
1577,73
1722,76
1751,78
1677,76
1664,74
1542,72
1744,77
1444,69
1645,74
1458,69
1568,69
1497,70
1536,71
1487,70
1606,73
1499,70
1541,71
1653,75
1526,70
1657,76
1547,68
1601,74
1495,70
1410,65
1603,74
1539,71
1380,64
1479,68
1555,72
1545,72
1698,76
1506,70
1525,70
1449,68
1490,68
1581,74
1656,74
1515,71
1495,71
1641,76
1537,69
1516,70
1661,74
1581,74
1517,70
1606,74
1578,75
1799,78
1524,71
1675,76
1652,75
1365,67
1480,70
1518,71
1589,71
1340,66
1662,74
1639,76
1506,70
1729,78
1454,67
1685,76
1516,70
1541,68
1476,69
1575,72
1651,75
1624,72
1589,71
1516,68
1607,73
1592,71
1509,69
1446,68
1475,67
1584,73
1581,71
1583,73
1357,64
1694,78
1301,62
1551,71
1512,71
1342,66
1555,70
1455,69
1455,69
1666,75
1506,70
1455,69
1369,67
1739,78
1533,69
1394,67
1352,66
1600,73
1542,72
1397,68
1324,64
1515,72
1260,61
1430,67
1703,76
1473,70
1683,75
1428,69
1764,78
1596,73
1657,76
1372,67
1560,72
1576,72
1521,70
1555,71
1469,68
1615,73
1789,77
1461,67
1579,73
1352,65
1474,69
1704,75
1439,69
1773,75
1511,70
1345,66
1768,77
1787,79
1540,71
1420,69
1745,78
1577,72
1537,71
1439,67
1563,72
1590,71
1413,68
1538,71
1777,77
1346,65
1504,73
1552,72
1547,68
1631,73
1452,70
1678,75
1796,78
1612,74
1464,69
1692,78
1733,74
1505,68
1390,68
1521,71
1482,68
1704,76
1453,70
1529,72
1518,70
1502,68
1671,75
1484,69
1497,70
1481,71
1465,68
1696,76
1414,67
1461,69
1518,69
1621,69
1454,71
1573,72
1606,74
1564,70
1568,70
1722,76
1739,76
1494,71
1659,76
1437,66
1571,74
1429,67
1488,70
1457,67
1523,73
1558,70
1482,68
1548,70
1594,73
1690,77
1483,69
1530,72
1544,73
1615,73
1443,65
1560,70
1427,68
1428,66
1583,72
1630,72
1503,69
1355,65
1425,68
1685,74
1511,71
1530,68
1457,70
1513,68
1579,74
1677,75
1737,79
1391,66
1508,71
1653,74
1468,66
1368,67
1733,76
1284,63
1645,74
1588,71
1416,68
1333,64
1471,67
1393,63
1354,66
1467,71
1744,75
1578,71
1546,70
1640,74
1427,65
1565,71
1593,74
1658,75
1579,72
1468,68
1661,74
1527,71
1528,71
1512,70
1393,67
1757,77
1533,70
1369,69
1631,72
1646,73
1602,72
1534,72
1387,67
1522,72
1720,75
1458,69
1572,72
1423,66
1489,69
1489,68
1554,72
1554,72
1449,68
1656,75
1726,76
1311,63
1479,69
1598,74
1594,70
1554,72
1683,77
1490,69
1352,65
1583,74
1432,67
1656,75
1538,72
1690,77
1405,66
1604,70
1480,71
1599,71
1670,76
1659,76
1437,64
1596,73
1651,73
1582,72
1393,68
1686,76
1537,73
1685,73
1682,74
1457,69
1344,65
1427,68
1597,70
1468,69
1557,73
1496,71
1512,71
1760,78
1543,70
1404,67
1508,70
1544,72
1550,71
1523,71
1639,73
1512,67
1427,70
1455,69
1452,69
1353,67
1707,77
1651,74
1528,71
1373,68
1579,72
1715,77
1383,67
1538,72
1717,78
1455,66
1319,66
1506,68
1597,74
1770,80
1608,71
1530,70
1488,69
1710,78
1672,77
1515,71
1419,66
1615,73
1560,70
1630,73
1525,72
1673,75
1635,73
1773,80
1608,72
1667,74
1444,69
1519,72
1368,67
1545,72
1451,70
1575,74
1491,70
1445,67
1761,78
1463,69
1469,68
1428,67
1625,74
1241,63
1576,71
1698,78
1439,67
1699,76
1414,68
1508,70
1483,68
1570,74
1485,69
1547,71
1429,67
1471,70
1532,71
1423,67
1443,68
1356,64
1712,78
1508,70
1759,77
1570,71
1788,80
1583,73
1597,74
1350,66
1542,70
1283,60
1635,75
1616,73
1597,73
1737,77
1361,68
1515,71
1414,67
1473,70
1413,64
1517,71
1378,66
1400,69
1381,65
1643,71
1302,64
1732,77
1509,69
1310,64
1458,68
1494,71
1546,71
1421,69
1611,74
1626,74
1641,73
1524,71
1694,77
1484,69
1541,71
1578,69
1356,65
1562,73
1468,67
1418,69
1634,74
1462,69
1423,66
1493,70
1620,73
1584,74
1524,71
1463,69
1316,65
1561,72
1442,66
1486,68
1468,68
1375,68
1553,71
1701,74
1769,77
1709,77
1664,76
1293,61
1416,65
1550,72
1777,79
1605,73
1608,74
1743,77
1521,70
1590,75
1471,67
1487,68
1417,66
1457,70
1393,66
1600,75
1633,75
1604,74
1524,70
1425,65
1501,68
1567,73
1460,70
1629,73
1609,73
1612,73
1566,72
1544,73
1462,68
1520,72
1332,64
1452,70
1605,74
1414,68
1459,69
1540,72
1624,73
1444,67
1741,76
1801,77
1703,75
1578,73
1643,71
1477,70
1583,71
1480,67
1569,71
1475,67
1369,65
1656,75
1654,75
1687,78
1542,70
1473,65
1538,71
1647,75
1727,77
1707,77
1535,68
1482,68
1595,74
1511,69
1559,71
1577,73
1567,74
1443,67
1725,78
1483,68
1494,66
1591,71
1478,70
1673,77
1660,73
1268,62
1457,69
1585,70
1674,75
1391,64
1619,75
1499,69
1766,80
1527,70
1513,71
1567,69
1354,68
1414,67
1539,73
1406,66
1292,64
1711,78
1536,71
1734,77
1397,68
1725,78
1389,66
1700,75
1312,66
1570,73
1585,73
1506,71
1547,71
1528,70
1521,70
1433,69
1407,68
1559,70
1746,79
1384,65
1382,67
1612,73
1608,73
1443,68
1565,72
1621,75
1639,76
1472,69
1518,69
1496,70
1385,68
1527,68
1610,74
1770,79
1588,72
1518,71
1801,80
1439,69
1632,73
1551,69
1760,79
1648,73
1374,67
1803,79
1536,70
1715,76
1619,75
1403,67
1456,69
1463,69
1528,73
1451,68
1663,71
1599,74
1659,76
1475,70
1428,66
1773,77
1548,71
1470,70
1335,66
1717,76
1366,66
1860,81
1542,67
1430,64
1481,70
1611,71
1535,72
1557,73
1719,75
1490,68
1357,66
1567,73
1749,77
1580,71
1487,68
1718,75
1723,78
1632,74
1488,69
1568,72
1532,72
1551,68
1519,68
1550,69
1570,72
1600,73
1595,71
1538,71
1453,69
1583,73
1481,70
1652,73
1411,67
1514,68
1464,68
1677,73
1588,73
1369,66
1711,75
1532,70
1730,78
1557,71
1621,74
1425,68
1572,71
1561,73
1497,70
1541,71
1435,67
1486,69
1671,74
1528,70
1793,79
1412,68
1557,71
1642,75
1592,73
1792,79
1323,64
1628,74
1793,80
1638,73
1805,80
1575,70
1550,71
1317,64
1576,69
1568,71
1528,71
1578,72
1533,72
1755,76
1564,71
1648,74
1552,71
1501,70
1648,72
1438,67
1589,72
1668,74
1501,69
1511,71
1595,73
1436,68
1639,73
1629,74
1684,75
1530,71
1513,69
1552,73
1684,76
1608,73
1675,76
1664,75
1589,71
1655,74
1490,68
1678,74
1642,74
1548,73
1680,76
1568,72
1544,70
1499,70
1509,71
1600,72
1680,74
1506,69
1626,72
1546,71
1586,71
1601,74
1680,75
1478,69
1418,66
1425,67
1578,73
1772,78
1650,76
1476,70
1835,80
1694,74
1419,65
1561,71
1455,68
1526,70
1450,68
1511,71
1527,69
1678,75
1563,69
1624,72
1428,67
1584,72
1468,67
1483,69
1686,76
1698,75
1482,70
1391,66
1567,70
1603,72
1437,65
1650,73
1790,79
1668,76
1594,73
1351,66
1362,64
1436,68
1618,72
1493,68
1504,69
1585,72
1591,73
1548,72
1505,68
1603,73
1761,77
1424,69
1581,70
1559,72
1654,74
1567,72
1636,72
1734,77
1807,81
1425,66
1580,69
1755,78
1543,72
1497,71
1407,66
1680,75
1539,72
1474,69
1574,74
1617,74
1695,76
1546,73
1502,69
1540,72
1662,74
1565,72
1456,68
1625,74
1391,65
1445,67
1519,70
1610,74
1458,69
1496,70
1445,68
1586,75
1480,69
1582,73
1549,73
1531,70
1466,69
1552,72
1548,72
1433,68
1485,70
1669,76
1513,70
1710,79
1470,68
1534,70
1531,73
1535,70
1635,76
1679,75
1347,66
1522,70
1446,68
1327,63
1599,71
1446,69
1663,76
1445,67
1615,74
1491,69
1553,72
1707,78
1617,73
1673,74
1469,69
1684,76
1583,72
1515,73
1435,67
1542,70
1630,76
1622,74
1559,71
1502,69
1522,72
1752,78
1569,72
1419,67
1539,73
1445,67
1721,76
1656,75
1611,75
1691,78
1610,74
1406,69
1430,68
1524,70
1571,73
1499,70
1421,68
1609,74
1598,70
1610,73
1591,72
1605,74
1580,72
1772,79
1754,77
1758,79
1342,66
1378,64
1476,69
1763,79
1836,81
1535,72
1601,75
1500,73
1570,71
1443,68
1608,74
1680,77
1518,72
1688,77
1626,75
1605,72
1595,73
1396,66
1474,70
1554,71
1717,77
1476,71
1565,70
1385,67
1509,72
1560,71
1401,68
1480,69
1521,72
1277,63
1655,74
1434,63
1530,72
1500,72
1709,77
1609,72
1496,70
1714,75
1613,73
1439,69
1551,72
1688,75
1488,70
1726,78
1431,68
1493,70
1506,70
1536,71
1508,70
1633,74
1448,68
1353,63
1594,72
1464,71
1723,77
1576,72
1482,70
1690,76
1501,70
1346,65
1576,71
1723,76
1413,67
1568,70
1405,66
1533,71
1533,72
1598,74
1701,77
1642,72
1552,69
1576,73
1592,74
1530,71
1580,72
1691,77
1557,72
1545,69
1679,75
1617,74
1618,75
1623,75
1521,72
1463,69
1484,71
1694,73
1594,72
1702,76
1534,71
1600,75
1715,78
1556,72
1666,75
1561,72
1664,76
1590,73
1610,71
1741,78
1663,76
1750,78
1594,74
1341,68
1448,69
1688,77
1455,68
1536,72
1575,72
1589,72
1789,79
1667,75
1533,71
1415,66
1359,65
1593,72
1740,78
1562,71
1549,71
1627,72
1538,70
1511,69
1433,67
1629,73
1627,75
1745,77
1591,73
1536,69
1537,70
1742,77
1415,67
1486,68
1700,75
1585,73
1450,70
1514,69
1775,77
1515,70
1615,72
1561,71
1410,68
1631,74
1379,67
1503,71
1403,67
1430,70
1557,71
1475,68
1755,78
1597,72
1578,73
1664,77
1490,70
1531,69
1316,65
1485,69
1718,77
1400,68
1608,73
1448,69
1520,67
1474,69
1573,71
1597,74
1475,71
1665,76
1478,69
1634,73
1492,70
1642,74
1808,81
1425,68
1449,70
1639,72
1726,79
1343,64
1566,73
1532,71
1589,72
1731,78
1431,69
1596,73
1551,73
1588,71
1505,71
1636,75
1612,74
1565,72
1411,66
1563,70
1446,69
1590,72
1569,73
1483,68
1526,70
1700,77
1758,74
1401,68
1556,72
1652,75
1526,69
1628,75
1471,68
1508,71
1571,73
1720,75
1675,77
1541,72
1498,72
1467,68
1617,74
1460,67
1648,75
1369,64
1616,75
1493,67
1514,70
1534,69
1512,68
1762,80
1514,72
1658,76
1761,80
1505,71
1529,71
1420,66
1457,68
1515,70
1249,63
1585,75
1612,74
1755,79
1526,71
1435,68
1604,72
1687,75
1650,75
1369,66
1519,71
1426,65
1574,72
1484,71
1512,71
1484,71
1446,67
1293,64
1556,72
1555,71
1781,78
1499,72
1629,75
1601,75
1517,71
1703,77
1596,74
1447,68
1512,71
1454,69
1515,68
1550,73
1570,73
1446,67
1704,74
1532,70
1419,67
1454,70
1471,70
1433,68
1520,70
1583,70
1805,79
1476,66
1388,66
1341,65
1608,72
1466,69
1635,75
1597,69
1669,75
1564,73
1467,69
1493,68
1497,72
1446,69
1520,68
1479,68
1680,75
1585,70
1713,76
1566,72
1618,76
1554,72
1411,65
1472,69
1520,70
1519,70
1737,74
1557,73
1515,69
1720,78
1487,70
1600,72
1690,77
1660,76
1507,70
1519,72
1508,70
1449,66
1518,69
1505,71
1681,75
1789,80
1344,63
1431,69
1709,76
1482,70
1672,75
1790,77
1610,73
1330,65
1633,73
1527,70
1571,74
1628,75
1420,66
1711,77
1536,72
1414,65
1542,70
1493,70
1379,66
1484,70
1520,71
1643,76
1476,68
1515,70
1826,81
1599,75
1527,73
1644,75
1512,68
1500,69
1532,69
1366,68
1542,72
1631,76
1554,70
1439,67
1357,66
1591,73
1589,73
1596,74
1337,63
1570,73
1543,72
1508,71
1474,71
1417,68
1740,78
1485,71
1565,72
1566,71
1821,78
1550,71
1542,71
1311,64
1433,66
1562,71
1747,78
1412,67
1564,70
1411,67
1568,70
1578,73
1505,71
1630,73
1519,71
1510,71
1488,71
1545,72
1475,69
1740,77
1675,74
1598,72
1315,63
1541,71
1618,73
1725,79
1558,72
1632,72
1786,79
1599,73
1706,77
1685,76
1568,72
1525,71
1470,70
1732,76
1367,66
1285,61
1460,69
1654,74
1548,72
1558,72
1598,74
1494,72
1589,74
1598,73
1532,72
1560,69
1507,70
1599,71
1725,78
1627,73
1489,68
1481,68
1624,74
1439,69
1489,70
1475,71
1400,69
1623,74
1508,71
1483,69
1510,71
1632,75
1445,65
1566,72
1725,76
1395,67
1397,67
1441,68
1432,68
1758,79
1581,69
1485,69
1506,70
1518,71
1719,77
1465,69
1508,71
1800,80
1447,67
1278,65
1407,67
1725,77
1486,70
1461,71
1740,79
1510,70
1568,72
1465,69
1811,81
1571,73
1581,74
1532,71
1500,70
1443,69
1688,77
1438,68
1529,69
1529,69
1524,71
1783,80
1409,68
1770,76
1595,73
1819,79
1628,73
1594,74
1471,71
1637,75
1526,70
1389,68
1599,74
1486,68
1461,69
1527,71
1378,66
1299,65
1464,70
1510,71
1478,71
1580,73
1446,69
1502,68
1850,81
1527,70
1405,67
1423,67
1437,66
1423,67
1534,71
1558,71
1646,75
1421,69
1797,80
1559,71
1476,69
1515,70
1572,72
1665,77
1639,76
1520,71
1605,73
1453,70
1536,72
1545,72
1395,69
1540,72
1744,79
1502,66
1478,70
1564,73
1523,69
1549,73
1570,71
1520,69
1502,71
1491,69
1815,80
1409,67
1398,67
1625,73
1537,71
1783,79
1630,74
1546,71
1789,81
1520,71
1546,72
1593,74
1492,69
1388,66
1526,72
1506,73
1720,79
1494,70
1543,71
1438,70
1589,74
1293,64
1577,74
1619,75
1642,74
1633,76
1417,69
1538,73
1502,68
1522,72
1562,74
1483,70
1754,79
1454,70
1516,72
1554,74
1492,71
1491,70
1430,68
1488,70
1471,71
1614,73
1435,69
1387,67
1747,78
1443,70
1593,74
1520,72
1540,73
1524,72
1637,75
1353,66
1497,71
1455,69
1439,71
1534,71
1439,68
1631,73
1483,70
1605,75
1422,69
1478,70
1311,63
1445,69
1340,67
1684,76
1627,76
1386,67
1664,75
1502,72
1561,72
1633,75
1684,76
1697,77
1548,71
1671,76
1601,73
1413,69
1676,73
1306,63
1435,69
1481,68
1428,68
1587,74
1596,75
1640,76
1551,70
1478,70
1353,67
1629,74
1542,72
1455,72
1400,66
1451,70
1499,71
1409,67
1523,71
1233,63
1747,79
1356,66
1564,73
1564,74
1516,73
1433,70
1615,74
1530,72
1627,77
1625,76
1554,73
1370,68
1540,73
1639,76
1414,68
1524,71
1609,75
1574,71
1378,67
1558,74
1486,68
1608,74
1669,78
1493,71
1547,73
1589,75
1520,72
1643,74
1532,71
1453,69
1493,71
1569,72
1447,69
1466,71
1594,73
1628,74
1462,71
1522,71
1465,71
1612,75
1551,72
1431,67
1443,71
1527,73
1526,69
1473,70
1345,68
1546,73
1742,79
1461,71
1419,68
1649,77
1483,69
1596,73
1336,65
1566,73
1540,73
1289,66
1473,71
1629,75
1411,69
1391,67
1502,71
1420,70
1502,71
1575,73
1523,72
1673,78
1426,66
1427,68
1423,67
1698,77
1793,80
1470,70
1496,71
1493,71
1667,76
1486,69
1671,78
1502,71
1590,74
1448,69
1511,73
1355,67
1461,70
1601,74
1466,70
1658,75
1348,65
1631,75
1633,76
1614,73
1544,73
1635,75
1558,73
1621,76
1435,68
1392,66
1539,71
1521,71
1288,65
1422,67
1608,75
1556,72
1360,67
1311,65
1402,67
1412,68
1640,74
1485,70
1651,76
1685,78
1408,68
1508,72
1423,66
1833,81
1465,70
1640,76
1602,75
1402,68
1488,70
1630,72
1371,67
1390,66
1570,73
1478,67
1438,68
1412,69
1400,70
1545,72
1409,69
1508,71
1543,74
1523,72
1365,67
1509,72
1557,72
1345,67
1458,70
1549,72
1591,74
1625,75
1777,81
1512,71
1502,70
1652,76
1251,62
1707,77
1520,71
1622,75
1615,74
1379,69
1509,71
1488,70
1510,69
1722,78
1494,70
1689,75
1475,70
1423,68
1663,77
1583,70
1474,68
1523,72
1449,69
1490,69
1569,73
1526,72
1512,72
1577,73
1399,67
1741,80
1482,70
1455,69
1451,70
1512,70
1429,70
1396,66
1530,72
1361,66
1574,74
1517,68
1493,70
1450,70
1309,65
1321,66
1452,71
1788,80
1467,69
1557,73
1330,67
1449,69
1568,72
1540,72
1300,64
1547,73
1552,71
1395,68
1488,70
1630,74
1464,69
1525,72
1551,72
1544,72
1435,69
1568,72
1480,71
1696,78
1489,71
1568,73
1490,72
1648,76
1595,73
1524,71
1670,77
1457,70
1569,72
1597,74
1402,66
1320,65
1582,72
1750,78
1524,70
1589,74
1653,76
1732,79
1568,74
1463,69
1813,80
1547,73
1493,71
1477,70
1674,75
1678,77
1437,69
1654,74
1456,71
1411,68
1703,79
1624,75
1615,73
1434,68
1387,67
1589,75
1566,73
1523,71
1489,72
1545,72
1370,64
1423,70
1300,64
1455,69
1551,73
1645,75
1579,73
1629,75
1526,69
1630,75
1389,66
1434,70
1631,77
1393,67
1415,68
1543,71
1595,76
1409,67
1508,68
1774,80
1742,78
1522,70
1388,68
1703,76
1609,75
1527,69
1504,71
1476,70
1462,70
1525,73
1642,74
1797,82
1527,72
1535,72
1445,69
1631,76
1553,75
1505,71
1555,72
1498,71
1748,80
1586,74
1495,72
1520,71
1686,76
1486,72
1604,74
1578,74
1313,65
1440,69
1490,70
1721,80
1470,69
1789,81
1506,70
1540,71
1667,78
1652,76
1699,78
1622,75
1619,74
1621,74
1482,71
1561,75
1544,72
1384,68
1580,73
1482,71
1642,78
1666,76
1648,75
1396,66
1588,74
1537,72
1387,67
1626,75
1465,70
1587,74
1554,72
1629,77
1676,77
1593,75
1575,76
1645,75
1633,75
1510,70
1461,70
1395,65
1538,72
1576,75
1764,80
1592,72
1562,73
1439,69
1566,72
1509,68
1500,71
1521,70
1523,74
1459,70
1615,76
1431,68
1663,75
1487,68
1509,71
1621,75
1436,68
1764,81
1508,68
1580,74
1532,72
1337,64
1411,67
1465,70
1406,68
1711,79
1418,68
1555,72
1433,68
1769,81
1590,71
1632,76
1492,71
1428,68
1611,74
1547,72
1494,71
1622,73
1491,71
1552,73
1517,71
1551,71
1574,73
1310,64
1586,73
1292,63
1556,72
1485,69
1584,74
1611,75
1561,72
1417,68
1562,75
1598,74
1501,69
1234,63
1702,79
1735,79
1593,72
1386,67
1392,69
1670,77
1421,67
1572,71
1628,75
1516,70
1523,72
1558,69
1649,76
1295,64
1547,70
1677,76
1403,68
1398,69
1431,67
1480,71
1535,72
1422,68
1467,69
1479,70
1391,67
1473,68
1492,66
1605,72
1513,72
1493,70
1396,67
1744,79
1524,70
1526,72
1392,67
1293,67
1605,74
1757,80
1408,65
1559,73
1658,76
1542,73
1620,74
1584,72
1353,68
1533,70
1459,68
1531,72
1641,77
1689,76
1623,73
1714,78
1541,72
1592,73
1515,71
1759,79
1482,71
1440,67
1732,79
1416,69
1624,75
1752,81
1435,71
1370,67
1460,68
1739,79
1536,72
1473,70
1508,71
1541,70
1414,68
1343,65
1502,72
1668,76
1500,69
1572,73
1594,75
1574,72
1478,69
1769,79
1586,73
1627,77
1543,72
1373,67
1586,74
1454,67
1599,73
1536,71
1383,68
1540,70
1585,74
1603,75
1472,71
1566,73
1430,70
1563,73
1400,66
1319,66
1479,71
1374,62
1720,78
1631,74
1540,73
1656,76
1453,70
1441,68
1313,63
1585,74
1718,77
1613,70
1612,76
1476,68
1543,72
1598,74
1428,69
1699,75
1539,72
1645,75
1587,73
1269,62
1383,65
1520,71
1580,73
1515,69
1545,74
1596,71
1656,76
1469,68
1481,71
1534,71
1516,70
1619,74
1573,72
1522,73
1541,72
1491,69
1428,67
1608,75
1538,72
1583,73
1602,73
1652,76
1454,68
1632,76
1508,72
1641,74
1666,75
1491,69
1616,73
1403,68
1523,72
1636,75
1480,71
1471,71
1545,73
1529,71
1539,71
1475,69
1581,74
1406,68
1423,68
1646,75
1600,75
1661,78
1417,68
1653,73
1607,73
1655,75
1634,75
1378,65
1339,69
1746,78
1598,74
1442,69
1455,69
1491,69
1564,72
1531,72
1530,73
1525,73
1533,70
1540,74
1744,79
1610,73
1378,68
1717,77
1588,72
1794,79
1435,69
1642,76
1833,81
1474,69
1437,70
1689,77
1682,77
1333,64
1477,67
1486,70
1564,74
1444,71
1708,79
1759,79
1547,72
1535,72
1557,72
1549,70
1478,68
1461,68
1593,72
1611,74
1487,70
1690,78
1454,70
1576,74
1684,76
1667,76
1595,71
1539,72
1295,65
1554,73
1321,66
1599,73
1669,76
1583,73
1501,70
1604,74
1607,75
1639,77
1400,67
1437,70
1502,72
1661,74
1352,66
1660,78
1648,75
1514,71
1663,76
1584,74
1567,73
1356,66
1520,71
1528,69
1688,76
1421,64
1500,68
1601,76
1553,74
1666,77
1490,70
1582,73
1616,75
1460,69
1493,71
1496,69
1482,70
1422,65
1299,66
1474,69
1312,64
1816,80
1710,78
1854,81
1499,71
1612,74
1315,66
1455,71
1567,71
1571,74
1348,65
1433,68
1529,71
1419,69
1654,74
1576,73
1652,76
1458,69
1314,65
1443,69
1505,71
1659,76
1706,78
1722,79
1547,71
1463,69
1683,75
1464,68
1540,72
1612,75
1572,74
1568,70
1597,73
1362,68
1506,71
1735,77
1460,67
1419,66
1471,72
1550,73
1597,73
1420,68
1490,71
1568,73
1554,72
1628,75
1350,66
1502,70
1583,70
1561,73
1608,74
1564,72
1516,72
1530,71
1585,73
1626,75
1535,71
1520,72
1597,75
1661,76
1458,70
1600,73
1549,73
1620,72
1503,71
1580,72
1574,73
1780,81
1517,72
1527,69
1487,68
1491,70
1515,72
1436,68
1434,70
1578,74
1546,72
1452,71
1590,75
1397,69
1396,67
1458,69
1649,76
1727,77
1552,73
1604,73
1306,65
1460,69
1486,71
1720,78
1722,77
1461,70
1514,68
1535,72
1695,73
1389,66
1658,76
1732,77
1570,70
1600,73
1420,68
1479,71
1721,78
1436,68
1734,77
1419,69
1690,76
1561,72
1496,69
1692,75
1436,69
1494,69
1394,66
1687,79
1698,79
1605,75
1505,70
1627,74
1427,68
1631,76
1536,71
1592,72
1583,74
1572,74
1522,71
1431,67
1445,70
1586,73
1447,69
1599,75
1522,71
1547,71
1680,76
1356,64
1619,75
1512,71
1680,77
1600,75
1437,69
1692,78
1712,78
1503,71
1415,65
1498,71
1517,69
1477,70
1545,74
1563,74
1776,80
1711,76
1602,73
1819,82
1645,76
1458,69
1361,68
1682,77
1553,73
1576,73
1791,79
1525,70
1340,64
1562,73
1483,71
1521,72
1575,73
1597,74
1535,70
1425,69
1769,80
1438,69
1619,74
1484,70
1539,73
1577,73
1796,80
1496,69
1418,68
1449,68
1475,71
1585,73
1558,75
1494,68
1604,73
1615,74
1472,70
1588,74
1435,68
1475,69
1572,73
1578,76
1794,81
1521,71
1611,75
1495,70
1327,67
1610,73
1335,67
1648,76
1467,70
1747,79
1472,70
1671,78
1746,80
1504,71
1530,70
1614,74
1578,76
1502,71
1536,73
1577,72
1561,72
1445,70
1628,73
1601,76
1470,71
1554,72
1536,70
1540,72
1401,68
1542,72
1484,72
1496,69
1431,67
1755,80
1474,68
1601,74
1634,74
1380,65
1571,73
1439,68
1440,69
1632,76
1569,73
1436,68
1565,73
1628,77
1777,79
1714,79
1310,65
1501,72
1562,70
1440,69
1562,71
1397,67
1560,71
1567,73
1728,79
1694,78
1445,67
1663,76
1499,70
1448,68
1737,80
1497,71
1539,72
1507,70
1555,73
1633,75
1419,67
1534,71
1561,70
1363,67
1611,73
1616,74
1594,73
1399,68
1500,69
1776,80
1753,80
1771,80
1500,72
1630,74
1534,72
1430,69
1461,69
1637,76
1509,71
1605,75
1398,68
1444,68
1482,68
1662,78
1547,70
1640,73
1421,67
1665,75
1778,79
1573,72
1713,78
1637,75
1414,65
1452,68
1571,71
1571,73
1471,68
1644,74
1535,72
1693,76
1397,69
1442,70
1594,74
1732,78
1590,73
1583,73
1643,76
1427,68
1507,71
1520,72
1624,77
1557,73
1525,72
1580,74
1522,72
1526,70
1383,69
1301,63
1507,70
1524,69
1530,71
1650,75
1648,73
1537,71
1504,72
1558,74
1561,74
1586,74
1618,74
1604,75
1594,73
1739,80
1400,65
1649,75
1589,74
1784,80
1543,72
1533,71
1446,68
1600,75
1494,70
1543,72
1410,68
1418,69
1584,73
1542,71
1464,69
1577,72
1429,66
1469,67
1453,70
1506,70
1496,70
1648,75
1436,69
1510,72
1608,76
1428,68
1504,71
1410,69
1660,75
1841,81
1405,68
1618,75
1584,74
1553,72
1407,67
1602,76
1523,71
1422,68
1426,70
1550,74
1533,71
1413,69
1667,76
1456,72
1362,67
1579,72
1407,67
1760,77
1553,74
1578,74
1703,77
1535,72
1488,71
1500,72
1458,67
1537,70
1558,74
1549,69
1453,69
1472,70
1681,77
1478,70
1665,76
1539,71
1490,70
1401,65
1532,72
1536,72
1612,74
1446,69
1669,77
1377,64
1497,70
1547,70
1611,74
1625,76
1511,71
1549,73
1654,74
1576,72
1677,78
1369,68
1575,71
1550,71
1508,71
1467,69
1513,72
1401,68
1620,75
1462,67
1474,69
1366,62
1538,72
1889,84
1681,77
1484,71
1468,70
1591,75
1739,77
1697,76
1495,70
1486,73
1375,67
1390,68
1750,79
1453,68
1496,73
1525,71
1626,75
1506,72
1654,76
1532,72
1488,71
1387,68
1426,69
1619,75
1578,72
1466,70
1742,80
1581,74
1462,68
1466,70
1622,76
1540,72
1448,67
1428,68
1577,74
1784,78
1429,69
1588,74
1654,76
1470,69
1591,74
1769,80
1469,69
1421,68
1673,76
1634,75
1481,70
1636,76
1773,80
1605,72
1612,73
1599,75
1569,75
1417,67
1507,72
1410,65
1734,77
1514,71
1575,74
1592,71
1817,82
1511,70
1733,78
1647,75
1651,75
1849,82
1385,66
1579,74
1524,72
1399,65
1725,77
1784,79
1449,71
1521,71
1482,70
1805,81
1615,73
1649,74
1865,79
1704,76
1667,77
1564,72
1501,70
1703,78
1678,77
1745,78
1512,72
1431,65
1370,66
1558,72
1626,72
1669,75
1439,68
1593,72
1782,78
1490,71
1466,70
1700,76
1565,74
1525,70
1692,78
1889,84
1558,72
1708,78
1640,75
1453,68
1450,71
1729,78
1818,82
1606,75
1488,71
1479,70
1338,66
1542,72
1806,81
1704,78
1639,73
1368,68
1465,69
1694,78
1553,72
1707,78
1467,70
1426,71
1595,72
1709,75
1511,69
1559,72
1533,72
1809,81
1407,66
1539,73
1302,62
1590,72
1536,72
1536,70
1621,72
1509,69
1424,68
1440,68
1558,73
1877,83
1634,72
1500,70
1559,73
1514,72
1624,76
1714,77
1600,73
1630,75
1651,76
1429,67
1769,81
1678,76
1394,67
1773,80
1381,66
1365,67
1556,71
1436,69
1553,73
1403,68
1639,72
1725,79
1736,80
1467,70
1649,74
1672,78
1754,78
1459,69
1579,75
1774,79
1613,74
1680,77
1495,70
1732,80
1715,75
1624,75
1610,75
1747,79
1585,74
1688,77
1501,70
1406,68
1586,74
1577,74
1426,68
1573,72
1443,66
1585,74
1518,70
1907,84
1549,71
1515,71
1639,76
1461,71
1883,84
1551,72
1552,72
1606,73
1227,62
1586,73
1812,83
1649,76
1401,65
1529,70
1463,69
1510,70
1349,65
1480,70
1611,75
1569,73
1417,65
1463,69
1612,74
1575,76
1725,78
1403,67
1488,71
1468,71
1521,70
1528,73
1558,73
1504,71
1696,75
1728,79
1623,73
1631,75
1536,72
1680,77
1659,77
1469,70
1834,82
1658,76
1488,69
1546,73
1569,72
1526,72
1656,76
1732,78
1648,75
1490,70
1485,70
1609,74
1823,81
1513,72
1409,68
1441,69
1672,74
1613,75
1701,78
1406,67
1440,68
1286,64
1698,77
1609,77
1638,76
1509,71
1498,66
1594,73
1511,67
1577,73
1565,73
1624,76
1567,72
1668,77
1789,82
1573,72
1605,73
1537,72
1416,69
1502,72
1527,71
1668,76
1798,79
1691,77
1598,73
1608,74
1422,68
1407,68
1658,75
1568,73
1505,71
1649,77
1718,78
1555,74
1508,72
1639,75
1436,71
1459,69
1498,70
1455,67
1712,77
1473,69
1532,72
1541,71
1514,71
1575,74
1774,81
1456,70
1357,65
1735,78
1750,77
1376,69
1773,80
1450,69
1594,74
1389,65
1618,74
1472,68
1398,67
1591,74
1434,68
1450,69
1643,75
1551,72
1491,70
1457,70
1596,74
1560,71
1456,70
1493,70
1590,74
1343,64
1454,69
1673,76
1396,67
1638,74
1460,68
1490,70
1496,72
1593,74
1486,71
1424,68
1764,80
1733,79
1743,78
1693,74
1544,71
1816,81
1752,80
1765,80
1571,73
1717,77
1507,72
1624,76
1699,76
1659,76
1626,74
1617,74
1530,72
1596,74
1369,67
1574,71
1651,77
1558,69
1669,74
1542,70
1547,69
1558,74
1455,70
1569,72
1820,82
1510,70
1456,70
1380,67
1618,75
1518,74
1565,74
1502,72
1794,81
1568,72
1646,76
1659,75
1668,76
1638,75
1668,77
1626,74
1452,68
1313,65
1756,79
1424,69
1447,70
1691,74
1484,70
1616,74
1400,67
1407,67
1456,69
1608,76
1675,77
1680,77
1433,67
1756,78
1686,78
1551,69
1472,71
1865,82
1737,80
1718,78
1608,73
1655,78
1454,69
1564,72
1601,74
1559,72
1486,71
1478,71
1658,77
1535,74
1845,83
1609,75
1421,70
1388,68
1552,74
1494,71
1627,75
1685,77
1578,75
1656,75
1574,72
1471,70
1387,66
1678,77
1603,73
1415,67
1630,74
1704,77
1643,74
1627,74
1718,78
1575,73
1545,70
1577,72
1525,72
1443,69
1420,70
1846,83
1663,76
1684,78
1657,77
1443,68
1684,74
1526,71
1445,70
1672,75
1594,74
1611,74
1575,74
1671,77
1491,71
1799,82
1402,69
1527,71
1572,73
1507,71
1719,78
1465,66
1547,73
1385,67
1427,69
1445,69
1498,71
1709,77
1289,65
1383,66
1840,82
1527,72
1819,81
1487,70
1427,68
1768,81
1476,71
1556,73
1483,71
1573,74
1687,76
1569,73
1589,75
1460,70
1533,73
1478,70
1496,70
1423,65
1778,81
1458,68
1492,68
1642,76
1424,69
1473,68
1596,75
1369,67
1728,78
1682,77
1390,67
1596,74
1725,77
1605,73
1794,82
1540,70
1522,69
1497,71
1574,73
1572,73
1477,72
1649,76
1578,72
1599,75
1395,67
1466,69
1666,76
1482,70
1534,73
1592,72
1592,73
1639,73
1399,66
1515,72
1418,66
1561,73
1598,75
1631,74
1566,74
1739,78
1556,73
1468,70
1589,74
1639,74
1507,71
1733,79
1531,72
1585,74
1512,73
1510,72
1551,74
1438,70
1582,72
1688,78
1558,71
1445,70
1559,73
1504,71
1419,66
1550,72
1603,73
1510,71
1624,76
1482,69
1474,68
1371,68
1506,71
1390,67
1511,71
1430,68
1555,73
1578,74
1342,65
1631,76
1810,81
1579,73
1604,72
1489,70
1725,78
1655,77
1456,69
1439,69
1644,78
1709,78
1778,80
1588,73
1538,69
1741,79
1670,78
1550,72
1517,70
1672,77
1616,75
1375,67
1672,75
1545,72
1556,73
1785,79
1496,68
1781,82
1779,81
1455,69
1439,68
1256,62
1565,74
1390,68
1433,69
1724,78
1502,68
1529,73
1511,72
1601,73
1697,78
1568,74
1579,73
1699,78
1444,68
1604,74
1773,79
1644,74
1590,73
1607,73
1499,71
1533,70
1567,71
1485,72
1562,70
1630,75
1411,66
1497,68
1556,75
1533,73
1705,78
1350,67
1490,68
1401,69
1479,69
1667,75
1765,80
1552,73
1863,82
1454,69
1841,82
1498,72
1667,76
1692,77
1485,70
1545,72
1739,79
1382,66
1613,76
1696,78
1433,70
1483,70
1562,76
1731,79
1538,71
1649,74
1398,68
1540,74
1597,75
1623,76
1589,74
1505,71
1720,78
1747,80
1577,72
1456,69
1688,75
1572,73
1610,74
1448,69
1541,72
1342,64
1781,80
1599,76
1457,70
1580,72
1534,73
1556,72
1516,71
1720,78
1474,68
1582,74
1611,74
1509,71
1427,69
1763,80
1656,77
1601,73
1744,79
1559,74
1423,70
1509,71
1636,75
1391,67
1505,70
1578,74
1677,77
1739,79
1346,64
1766,80
1451,71
1394,68
1484,71
1676,77
1676,77
1496,70
1552,73
1559,71
1474,68
1544,72
1515,71
1783,81
1532,72
1638,73
1408,66
1449,69
1657,74
1561,72
1591,73
1504,72
1606,73
1301,64
1522,70
1575,75
1531,71
1453,69
1525,72
1584,74
1591,72
1566,74
1456,68
1438,70
1486,71
1624,73
1734,80
1531,72
1813,81
1512,73
1459,71
1524,71
1719,76
1564,75
1483,70
1605,72
1451,70
1531,72
1479,69
1576,71
1589,73
1450,69
1561,73
1447,68
1574,72
1400,67
1368,69
1514,71
1697,77
1466,71
1501,72
1567,71
1360,65
1539,72
1371,67
1758,80
1771,81
1671,75
1604,74
1484,70
1476,70
1487,72
1492,69
1613,76
1512,70
1690,77
1708,78
1574,73
1924,84
1478,71
1567,71
1308,64
1447,70
1564,71
1561,73
1688,76
1477,72
1474,69
1495,70
1425,67
1493,70
1528,71
1542,72
1771,80
1603,74
1762,78
1663,76
1498,71
1419,70
1483,71
1556,72
1533,71
1583,73
1537,71
1745,78
1525,69
1743,78
1481,72
1706,78
1545,70
1414,69
1757,78
1554,70
1499,71
1800,81
1617,77
1464,71
1655,76
1486,71
1557,72
1496,70
1517,70
1840,81
1786,81
1654,77
1391,66
1602,75
1455,68
1485,71
1483,71
1369,67
1699,79
1555,74
1817,78
1591,74
1314,64
1659,77
1569,71
1733,77
1717,77
1611,74
1652,76
1526,70
1363,67
1520,73
1639,75
1551,72
1641,75
1569,73
1549,72
1400,67
1765,81
1589,75
1443,70
1475,69
1448,69
1699,75
1704,77
1689,75
1474,70
1748,79
1803,80
1411,67
1499,71
1426,67
1655,76
1524,72
1397,65
1493,71
1536,71
1506,70
1439,67
1621,75
1526,72
1470,69
1509,71
1545,72
1547,72
1419,67
1514,71
1544,72
1568,74
1768,79
1641,76
1492,67
1456,70
1574,74
1523,71
1423,67
1492,70
1397,68
1736,78
1513,71
1454,71
1657,77
1422,69
1662,76
1629,75
1487,69
1627,72
1398,69
1638,75
1614,76
1514,71
1374,67
1305,64
1837,83
1477,70
1691,79
1457,69
1588,74
1558,73
1520,71
1713,78
1502,70
1735,77
1476,72
1643,76
1471,68
1444,67
1670,75
1508,70
1563,72
1561,71
1482,69
1389,68
1698,77
1809,81
1535,72
1693,77
1679,77
1567,74
1578,74
1413,69
1591,74
1590,74
1431,69
1319,65
1587,73
1684,76
1543,72
1576,73
1515,71
1426,68
1803,81
1675,76
1501,71
1536,72
1744,80
1513,73
1416,67
1454,70
1605,74
1630,77
1594,73
1577,75
1806,80
1590,72
1381,66
1400,68
1469,71
1606,74
1648,76
1640,75
1502,70
1477,70
1557,73
1797,80
1688,76
1589,73
1437,68
1667,78
1501,70
1483,74
1469,66
1529,70
1827,82
1605,71
1750,80
1610,74
1362,66
1581,72
1647,74
1576,74
1470,71
1688,77
1455,69
1705,76
1406,69
1458,70
1538,72
1542,72
1510,72
1551,72
1597,74
1621,76
1545,71
1450,70
1557,73
1472,69
1605,76
1707,80
1417,69
1847,82
1725,78
1351,67
1557,73
1575,71
1433,68
1404,66
1625,76
1408,68
1740,80
1531,72
1481,69
1574,73
1451,69
1751,79
1374,66
1746,79
1571,72
1583,72
1466,70
1435,69
1584,75
1444,70
1651,75
1527,74
1604,73
1673,77
1588,74
1455,69
1427,70
1535,70
1677,77
1833,82
1419,68
1627,75
1631,75
1765,79
1720,78
1519,70
1628,75
1662,76
1610,74
1596,75
1354,67
1614,75
1509,71
1719,78
1577,73
1634,73
1704,77
1477,70
1431,69
1567,72
1477,70
1649,75
1538,72
1527,72
1507,70
1562,70
1597,75
1734,79
1598,74
1523,73
1620,74
1389,67
1413,68
1428,68
1528,72
1556,72
1519,70
1409,69
1499,73
1616,74
1541,74
1539,73
1692,77
1492,69
1785,81
1473,69
1877,83
1386,68
1615,74
1867,82
1798,81
1534,71
1562,73
1459,69
1720,77
1419,68
1569,74
1764,79
1472,70
1430,69
1521,71
1740,78
1273,63
1725,79
1516,69
1468,71
1516,72
1604,74
1520,72
1544,73
1635,77
1413,69
1504,71
1587,76
1497,71
1500,69
1508,71
1670,78
1641,75
1557,73
1647,74
1600,74
1416,68
1585,71
1419,67
1553,69
1307,66
1586,73
1589,75
1688,74
1519,72
1551,71
1456,69
1669,75
1548,72
1623,75
1678,76
1712,77
1650,76
1340,66
1530,73
1659,76
1412,65
1534,72
1487,71
1402,67
1842,80
1741,78
1470,69
1615,76
1552,73
1456,69
1841,82
1564,72
1562,71
1596,75
1379,65
1377,65
1564,73
1425,67
1669,77
1586,75
1405,67
1471,71
1626,74
1747,79
1582,73
1572,73
1492,72
1592,73
1512,71
1461,69
1883,82
1572,74
1610,75
1542,72
1549,73
1438,68
1648,76
1797,76
1527,73
1508,70
1433,67
1642,76
1742,78
1543,69
1670,77
1697,76
1680,77
1412,68
1404,67
1479,69
1546,71
1580,74
1378,67
1596,76
1602,75
1595,74
1658,77
1537,71
1489,73
1597,73
1245,62
1398,68
1463,67
1599,75
1492,71
1596,69
1832,82
1434,68
1750,80
1599,74
1492,68
1402,69
1811,81
1533,71
1495,72
1529,72
1692,75
1505,71
1397,68
1604,74
1589,73
1626,77
1598,75
1684,75
1571,74
1396,67
1540,69
1664,76
1671,77
1653,76
1582,73
1516,72
1573,74
1640,76
1578,73
1581,74
1634,76
1519,73
1430,68
1554,73
1690,76
1673,75
1532,72
1379,66
1719,79
1598,73
1574,73
1594,74
1790,80
1699,77
1513,70
1555,74
1651,76
1612,75
1571,75
1527,73
1456,68
1803,80
1442,69
1353,65
1547,71
1580,74
1559,72
1434,69
1463,69
1728,78
1554,74
1384,68
1630,74
1545,72
1931,85
1447,68
1562,70
1644,74
1406,67
1630,74
1479,68
1524,71
1434,68
1424,67
1537,73
1467,70
1579,73
1478,71
1594,72
1389,68
1586,73
1702,78
1278,65
1738,79
1670,77
1515,69
1485,69
1674,76
1794,80
1819,81
1483,71
1637,75
1653,75
1589,75
1577,71
1752,81
1728,78
1625,76
1475,69
1600,74
1584,73
1677,74
1781,78
1451,68
1471,68
1412,66
1630,71
1656,73
1654,75
1535,72
1638,76
1394,67
1644,75
1530,70
1430,67
1590,75
1466,70
1739,77
1618,73
1738,79
1558,74
1599,73
1442,67
1462,70
1644,76
1729,77
1750,79
1632,77
1875,83
1444,68
1630,76
1603,73
1489,71
1460,68
1406,68
1695,76
1607,75
1812,80
1394,67
1640,74
1539,73
1532,70
1656,76
1608,73
1528,71
1649,74
1652,76
1599,74
1630,75
1533,69
1453,70
1546,71
1630,74
1579,73
1474,72
1558,72
1512,69
1867,82
1657,76
1517,72
1594,74
1663,76
1666,76
1622,75
1348,64
1607,76
1552,72
1780,80
1433,68
1760,79
1590,74
1712,77
1469,70
1642,76
1470,69
1464,70
1417,68
1486,71
1699,79
1462,69
1706,76
1511,69
1575,74
1675,78
1476,70
1516,70
1700,78
1790,80
1532,72
1571,71
1537,70
1421,68
1850,80
1621,75
1788,80
1455,70
1632,74
1590,75
1475,69
1532,70
1713,79
1570,73
1743,79
1557,74
1788,80
1491,71
1468,68
1522,71
1483,71
1800,78
1585,75
1715,78
1643,77
1673,75
1620,73
1519,71
1627,77
1675,75
1678,77
1528,70
1514,70
1628,76
1634,75
1520,72
1644,76
1453,70
1507,70
1532,71
1500,70
1579,72
1561,72
1579,73
1372,67
1493,71
1421,69
1469,72
1519,70
1611,74
1712,78
1651,74
1450,67
1560,69
1421,67
1457,67
1606,75
1521,71
1608,74
1392,66
1779,80
1561,74
1714,77
1697,77
1534,70
1484,69
1696,76
1806,81
1462,67
1574,74
1720,77
1670,74
1724,76
1627,74
1670,77
1543,71
1366,66
1524,71
1483,71
1576,73
1537,70
1823,80
1576,73
1459,69
1648,74
1686,78
1578,72
1730,78
1628,76
1761,79
1730,79
1386,65
1503,70
1592,73
1475,70
1280,64
1523,70
1624,74
1505,72
1532,70
1740,78
1533,71
1519,71
1816,81
1704,77
1620,73
1653,76
1623,73
1482,68
1400,67
1443,69
1811,80
1575,74
1461,70
1476,67
1567,72
1487,69
1426,70
1717,76
1591,74
1847,81
1536,72
1529,69
1512,71
1769,80
1495,73
1586,72
1423,69
1694,79
1586,72
1708,79
1451,68
1510,72
1884,84
1493,70
1462,69
1549,72
1566,71
1520,71
1463,72
1570,72
1439,68
1453,70
1454,67
1479,70
1466,68
1507,68
1600,73
1591,75
1516,73
1482,71
1494,70
1520,74
1573,71
1568,71
1508,71
1358,64
1571,73
1481,71
1578,73
1557,73
1535,71
1748,79
1581,73
1482,70
1706,76
1609,75
1621,73
1571,71
1792,78
1770,80
1781,78
1616,71
1688,77
1472,68
1574,72
1616,74
1589,74
1460,69
1572,72
1639,75
1547,70
1472,71
1756,79
1657,75
1568,75
1573,73
1391,65
1549,71
1699,77
1549,70
1639,77
1774,79
1559,72
1484,69
1758,78
1741,79
1437,69
1268,62
1488,72
1592,74
1472,68
1534,71
1590,71
1729,78
1733,78
1510,72
1733,77
1564,75
1578,73
1480,72
1544,72
1506,70
1489,68
1535,69
1833,81
1573,71
1602,75
1898,83
1599,75
1403,68
1841,81
1595,75
1476,71
1506,72
1786,80
1540,70
1519,72
1598,73
1400,67
1709,77
1627,76
1705,78
1549,73
1636,76
1614,74
1687,76
1527,70
1641,77
1522,70
1542,72
1426,68
1670,76
1350,65
1522,71
1752,78
1548,70
1549,72
1664,75
1585,73
1725,77
1646,75
1678,74
1388,68
1562,73
1665,77
1478,70
1530,72
1541,71
1395,67
1684,77
1832,82
1549,72
1615,75
1454,68
1676,75
1751,77
1504,68
1515,70
1635,76
1590,72
1602,74
1676,76
1486,70
1541,72
1472,70
1600,73
1542,71
1396,67
1666,75
1577,74
1536,71
1660,76
1671,78
1633,73
1522,73
1602,73
1544,73
1567,72
1615,74
1566,74
1530,72
1386,68
1642,76
1590,74
1931,85
1582,73
1346,65
1538,72
1461,69
1557,71
1680,77
1502,70
1401,69
1529,71
1364,65
1843,82
1650,75
1583,71
1745,79
1837,83
1518,72
1540,72
1472,67
1536,69
1670,75
1588,74
1391,64
1670,75
1918,84
1854,83
1799,81
1488,71
1584,73
1601,73
1362,66
1433,68
1659,77
1573,73
1414,67
1590,74
1750,78
1517,71
1522,69
1808,78
1543,71
1540,70
1714,78
1540,70
1688,78
1678,76
1529,71
1694,76
1574,72
1671,74
1465,69
1526,71
1789,80
1569,73
1757,80
1810,81
1524,70
1489,70
1687,77
1650,76
1408,68
1695,77
1489,69
1767,79
1636,75
1452,67
1655,74
1705,76
1496,69
1809,81
1879,82
1726,79
1601,74
1680,76
1591,73
1548,72
1705,75
1547,72
1501,70
1434,68
1624,75
1639,75
1411,70
1853,82
1649,74
1418,63
1778,77
1466,70
1450,71
1423,68
1794,79
1662,77
1681,77
1719,77
1642,72
1657,77
1781,80
1591,75
1554,72
1703,78
1690,75
1481,70
1310,65
1577,71
1413,67
1415,69
1548,72
1465,70
1765,79
1658,77
1478,69
1558,73
1551,73
1564,74
1700,76
1762,79
1520,71
1464,69
1704,78
1494,72
1503,70
1412,68
1519,71
1562,71
1618,74
1390,67
1539,71
1549,69
1774,79
1592,72
1762,80
1637,71
1420,67
1595,73
1666,74
1596,73
1742,77
1567,73
1414,67
1706,76
1601,76
1626,75
1615,76
1571,71
1462,68
1449,71
1471,69
1609,74
1832,81
1667,75
1603,74
1442,70
1653,75
1666,77
1782,81
1777,79
1517,73
1456,72
1594,74
1558,69
1497,71
1690,78
1637,75
1626,75
1531,73
1766,80
1772,80
1418,67
1510,71
1412,69
1475,69
1720,78
1512,69
1622,75
1923,84
1673,73
1839,80
1458,70
1510,70
1796,79
1521,71
1581,72
1592,72
1459,70
1412,67
1429,69
1559,71
1845,81
1496,69
1495,72
1874,83
1706,78
1501,70
1906,83
1434,67
1271,64
1475,71
1389,68
1546,73
1441,68
1583,73
1742,78
1612,74
1826,82
1506,71
1677,76
1697,77
1677,76
1514,70
1457,69
1768,77
1643,76
1529,71
1656,75
1404,66
1734,78
1498,70
1453,68
1510,72
1407,67
1648,75
1461,69
1509,74
1598,74
1837,82
1762,77
1523,72
1549,73
1441,70
1443,67
1444,68
1852,82
1339,66
1542,72
1927,83
1555,73
1578,73
1385,66
1528,72
1296,66
1653,73
1497,71
1561,71
1526,72
1843,82
1783,80
1397,66
1614,75
1676,77
1692,77
1552,71
1623,74
1592,76
1489,68
1543,72
1704,76
1478,69
1395,67
1350,66
1529,73
1465,68
1471,70
1614,74
1459,70
1600,72
1538,73
1551,73
1602,73
1473,70
1800,80
1636,75
1471,70
1385,66
1445,69
1535,71
1689,77
1636,75
1578,70
1634,76
1502,70
1590,72
1691,78
1485,72
1408,66
1385,67
1690,76
1678,77
1656,76
1967,84
1532,72
1773,80
1549,72
1514,72
1416,67
1716,76
1733,77
1442,69
1532,73
1429,68
1642,75
1336,66
1513,72
1576,74
1473,67
1545,70
1663,77
1706,77
1535,73
1630,76
1621,76
1668,76
1631,76
1811,81
1787,79
1352,65
1575,72
1611,73
1560,71
1410,67
1562,74
1545,70
1579,72
1667,75
1752,78
1402,67
1641,75
1657,75
1464,68
1510,70
1556,71
1591,74
1281,63
1487,69
1861,83
1423,69
1332,64
1706,77
1645,75
1311,63
1671,76
1472,70
1531,72
1605,72
1530,69
1645,75
1575,72
1654,73
1430,69
1598,74
1614,73
1490,68
1666,76
1563,71
1528,71
1706,77
1443,68
1487,68
1649,76
1608,74
1504,71
1466,68
1486,71
1597,74
1447,70
1575,75
1449,69
1791,79
1503,69
1698,76
1515,70
1452,70
1456,71
1507,71
1804,80
1554,70
1629,75
1410,68
1439,69
1373,65
1605,74
1725,78
1528,72
1744,78
1463,70
1629,74
1428,69
1490,73
1439,68
1633,73
1541,71
1691,76
1595,73
1501,65
1686,75
1554,73
1476,67
1885,83
1582,74
1527,72
1495,72
1680,75
1608,73
1604,75
1553,72
1471,72
1470,71
1598,74
1691,75
1686,77
1533,72
1784,79
1578,70
1548,73
1478,68
1518,70
1639,73
1484,70
1709,78
1538,72
1540,70
1477,69
1560,72
1483,69
1791,80
1605,73
1562,72
1844,83
1625,73
1501,70
1550,71
1701,79
1476,68
1732,79
1546,71
1660,76
1561,73
1562,74
1561,72
1528,69
1436,68
1824,83
1582,73
1651,76
1577,73
1439,68
1436,70
1665,75
1418,65
1658,76
1293,64
1495,70
1612,73
1691,76
1640,74
1513,72
1557,72
1634,74
1654,77
1630,74
1682,79
1356,66
1691,76
1469,71
1595,73
1654,75
1642,76
1558,73
1641,75
1893,82
1598,74
1592,74
1626,74
1626,74
1740,77
1560,74
1700,77
1564,72
1587,73
1623,75
1489,69
1653,73
1520,70
1594,73
1567,71
1603,73
1482,70
1423,66
1607,75
1577,74
1528,71
1833,82
1534,74
1445,70
1491,71
1403,67
1725,79
1753,78
1362,67
1669,76
1395,68
1235,62
1464,70
1864,83
1510,67
1630,74
1498,67
1541,72
1688,77
1536,72
1458,69
1571,74
1556,73
1424,68
1508,69
1473,69
1348,65
1486,69
1477,68
1476,70
1725,77
1574,73
1363,67
1464,69
1855,83
1544,72
1716,75
1541,73
1443,70
1544,72
1473,69
1375,68
1528,72
1752,78
1619,75
1670,78
1450,67
1412,69
1556,71
1643,74
1629,75
1557,71
1533,73
1477,70
1480,70
1536,71
1810,80
1579,73
1758,80
1525,69
1618,75
1762,78
1706,77
1544,71
1502,70
1583,72
1565,70
1427,63
1563,73
1652,76
1502,71
1674,76
1764,79
1603,74
1330,64
1523,69
1533,71
1510,71
1542,71
1588,73
1318,64
1597,72
1757,78
1382,64
1508,70
1414,69
1490,71
1570,72
1414,66
1844,83
1573,74
1725,79
1710,77
1572,74
1554,71
1464,68
1599,73
1771,79
1449,69
1584,73
1633,75
1750,78
1568,72
1654,75
1469,68
1526,69
1668,73
1546,72
1497,71
1459,69
1415,68
1569,73
1538,69
1685,76
1781,81
1589,73
1680,78
1472,69
1479,68
1690,79
1683,78
1545,72
1731,79
1643,73
1631,73
1631,77
1668,76
1543,71
1785,79
1564,73
1687,77
1481,69
1374,67
1667,75
1593,75
1584,74
1667,76
1551,73
1593,72
1457,66
1660,75
1624,75
1672,77
1506,69
1397,65
1504,72
1583,73
1521,70
1535,73
1463,68
1302,66
1483,70
1407,69
1508,69
1580,73
1876,82
1592,73
1540,73
1376,68
1493,70
1524,70
1603,74
1408,67
1553,73
1554,72
1561,71
1380,68
1505,69
1476,70
1440,69
1573,72
1505,72
1633,73
1629,71
1582,73
1590,73
1651,77
1492,71
1505,70
1494,70
1474,68
1481,67
1592,72
1584,72
1647,74
1497,70
1510,69
1685,76
1724,74
1441,69
1605,73
1408,68
1584,73
1629,74
1410,70
1543,72
1378,67
1556,72
1528,73
1446,68
1604,72
1385,68
1602,74
1502,69
1474,70
1362,67
1494,71
1492,72
1705,78
1659,75
1591,74
1519,71
1408,68
1635,76
1726,78
1421,68
1460,68
1566,74
1638,76
1650,77
1774,78
1567,74
1519,71
1617,76
1496,72
1646,75
1545,72
1491,68
1579,73
1679,74
1610,74
1474,70
1696,78
1644,75
1523,72
1832,80
1551,72
1426,69
1504,72
1521,72
1717,76
1708,78
1447,70
1343,64
1611,74
1543,72
1576,74
1468,68
1454,69
1400,70
1354,66
1465,69
1385,67
1586,72
1719,78
1473,69
1572,74
1342,65
1541,72
1612,72
1432,69
1489,71
1747,78
1814,81
1566,74
1464,68
1583,74
1573,71
1614,75
1933,85
1470,68
1517,70
1474,69
1440,69
1518,71
1637,76
1426,70
1665,76
1451,69
1418,66
1606,74
1696,78
1747,77
1510,71
1496,73
1609,73
1638,74
1676,76
1484,68
1352,65
1824,81
1791,80
1486,71
1648,76
1798,81
1484,71
1487,72
1680,78
1438,67
1522,72
1545,71
1574,74
1681,77
1648,74
1457,69
1540,69
1626,74
1564,73
1731,78
1669,76
1759,77
1500,70
1470,70
1615,73
1468,70
1467,70
1832,82
1452,66
1559,72
1476,69
1510,70
1516,72
1915,84
1860,82
1793,81
1893,84
1526,70
1474,68
1663,76
1676,75
1476,70
1716,75
1384,67
1735,78
1664,77
1436,67
1437,67
1675,76
1699,77
1784,80
1619,76
1654,75
1414,67
1418,67
1669,75
1468,69
1407,66
1515,70
1433,68
1494,72
1480,68
1757,77
1745,77
1352,64
1654,74
1735,77
1837,82
1597,74
1561,74
1536,71
1706,77
1478,71
1820,80
1391,66
1526,71
1545,74
1894,82
1486,69
1456,68
1316,66
1496,70
1549,73
1478,71
1521,72
1484,70
1574,74
1550,72
1531,73
1450,67
1291,63
1595,75
1475,69
1530,73
1622,74
1759,79
1799,80
1451,68
1289,64
1987,84
1478,70
1663,76
1576,74
1456,68
1597,74
1735,79
1454,70
1638,74
1584,73
1735,76
1625,75
1647,76
1482,70
1708,75
1672,75
1676,76
1577,73
1521,71
1527,72
1684,75
1634,74
1526,73
1568,72
1556,73
1663,76
1658,77
1830,82
1618,75
1477,71
1749,80
1608,73
1609,75
1516,72
1586,74
1691,77
1430,68
1619,74
1671,77
1662,76
1521,71
1648,73
1609,75
1788,79
1411,67
1681,77
1588,74
1490,70
1671,76
1412,69
1617,76
1463,69
1624,74
1485,69
1670,76
1583,73
1675,76
1466,68
1598,72
1548,73
1612,76
1659,74
1636,72
1456,71
1587,72
1425,65
1935,85
1758,78
1666,77
1468,70
1428,68
1709,77
1465,67
1556,74
1833,81
1415,68
1562,71
1539,73
1755,80
1603,73
1670,75
1573,73
1582,73
1541,69
1632,76
1482,69
1507,71
1569,69
1443,69
1839,82
1674,78
1359,64
1612,73
1522,70
1621,74
1576,73
1709,76
1493,68
1650,76
1495,70
1600,73
1443,65
1621,74
1595,73
1496,70
1669,76
1523,71
1782,82
1409,68
1412,67
1480,71
1560,72
1552,71
1623,74
1748,77
1632,75
1691,77
1593,74
1410,68
1467,71
1618,75
1504,70
1570,71
1552,69
1519,71
1799,81
1840,82
1873,83
1594,75
1526,73
1404,69
1779,80
1404,67
1851,82
1627,75
1485,71
1607,74
1502,66
1516,73
1473,70
1749,79
1516,70
1794,78
1498,73
1586,76
1558,73
1554,70
1625,75
1703,78
1490,71
1532,71
1458,68
1569,75
1723,78
1376,65
1545,71
1566,71
1547,68
1500,72
1467,71
1592,73
1520,71
1717,78
1731,77
1516,72
1658,76
1397,64
1764,81
1751,80
1383,66
1402,66
1841,81
1545,71
1533,72
1545,70
1630,75
1656,75
1603,75
1568,71
1549,72
1662,76
1729,77
1790,80
1549,72
1453,70
1698,79
1746,79
1637,75
1479,68
1584,73
1819,81
1584,74
1440,68
1498,71
1550,70
1493,69
1639,76
1400,68
1636,75
1565,73
1491,69
1438,69
1569,72
1382,66
1492,68
1731,79
1579,74
1549,74
1411,67
1674,76
1582,75
1480,72
1448,69
1462,69
1490,71
1467,71
1784,80
1540,72
1591,74
1715,77
1604,75
1627,73
1532,72
1587,73
1594,73
1697,78
1489,71
1495,71
1748,79
1813,79
1450,69
1453,70
1472,69
1617,74
1541,71
1675,77
1399,67
1512,69
1505,72
1563,72
1557,70
1536,73
1606,74
1466,70
1422,66
1529,72
1679,77
1605,75
1560,74
1653,74
1561,72
1705,78
1648,76
1527,72
1601,74
1543,70
1401,66
1360,65
1436,70
1582,74
1686,77
1625,71
1555,71
1455,68
1609,72
1635,76
1440,69
1809,80
1662,76
1610,74
1661,75
1535,72
1419,69
1538,73
1556,72
1590,74
1574,74
1297,63
1690,77
1288,64
1622,75
1477,67
1622,74
1768,77
1720,79
1528,72
1614,74
1816,81
1610,73
1464,68
1620,75
1542,73
1723,78
1637,76
1874,83
1577,73
1471,68
1384,67
1687,78
1796,79
1609,74
1592,72
1548,72
1549,74
1444,69
1436,67
1664,75
1606,75
1389,66
1780,78
1588,72
1524,71
1515,71
1687,72
1612,75
1626,75
1428,69
1608,73
1840,81
1678,77
1760,78
1767,78
1744,76
1687,77
1376,67
1489,70
1550,73
1650,75
1375,64
1649,75
1545,71
1467,71
1709,76
1591,69
1679,75
1567,71
1576,72
1522,71
1534,72
1687,75
1560,73
1592,73
1597,73
1574,74
1616,74
1572,74
1417,67
1574,75
1650,75
1751,77
1498,70
1495,69
1651,74
1438,69
1614,75
1704,78
1528,71
1448,69
1549,72
1576,73
1768,79
1555,73
1657,76
1529,71
1548,72
1502,72
1426,68
1569,73
1528,72
1806,80
1373,66
1722,77
1601,74
1900,83
1586,73
1621,73
1603,73
1400,67
1587,74
1522,70
1426,67
1566,73
1637,75
1526,72
1583,72
1728,78
1503,73
1581,74
1778,80
1674,75
1656,77
1631,76
1447,70
1496,72
1496,73
1672,74
1597,75
1600,75
1829,82
1659,75
1636,72
1407,68
1738,78
1401,69
1641,77
1650,76
1693,77
1517,71
1637,76
1664,75
1667,76
1454,69
1724,78
1518,67
1563,73
1470,70
1558,71
1632,75
1458,69
1530,71
1552,69
1660,74
1588,75
1587,74
1661,74
1462,69
1531,71
1533,72
1473,72
1581,72
1492,71
1464,70
1487,70
1577,72
1450,71
1540,74
1424,68
1331,65
1705,76
1601,74
1510,69
1527,72
1620,72
1703,77
1739,77
1550,73
1443,69
1451,69
1556,73
1624,75
1842,81
1570,72
1434,68
1513,71
1665,77
1765,81
1377,69
1670,77
1729,78
1490,67
1614,72
1418,70
1630,75
1821,80
1426,66
1501,71
1643,76
1637,74
1791,80
1489,69
1682,78
1496,71
1537,72
1522,71
1446,69
1549,73
1521,70
1633,77
1462,69
1618,74
1660,75
1733,77
1657,75
1263,64
1535,71
1527,72
1508,71
1535,68
1372,67
1667,78
1700,76
1567,71
1548,71
1389,67
1343,66
1620,73
1860,82
1536,71
1557,71
1683,75
1522,73
1512,72
1476,69
1806,80
1652,75
1541,73
1791,81
1684,77
1775,80
1689,74
1355,64
1734,79
1540,72
1471,66
1892,83
1643,75
1707,76
1488,70
1654,75
1689,76
1587,74
1583,74
1566,73
1556,74
1669,75
1558,73
1487,68
1511,71
1688,76
1718,78
1511,70
1868,83
1530,73
1415,68
1653,77
1386,68
1436,69
1721,77
1594,74
1412,67
1533,71
1494,72
1686,77
1574,72
1462,71
1532,72
1725,77
1537,71
1613,74
1624,74
1642,75
1515,69
1485,68
1637,74
1482,69
1451,69
1466,71
1450,69
1450,70
1557,72
1614,76
1774,79
1630,76
1603,75
1775,80
1489,67
1736,78
1587,73
1513,73
1536,73
1503,70
1441,66
1597,72
1717,78
1534,71
1684,77
1610,73
1625,75
1594,74
1424,67
1668,76
1515,72
1441,69
1758,80
1588,75
1518,69
1785,79
1715,78
1632,75
1506,72
1481,70
1685,77
1469,69
1547,73
1362,65
1523,73
1610,74
1746,80
1766,78
1714,79
1606,76
1448,69
1564,73
1536,71
1504,70
1446,69
1534,72
1697,76
1449,67
1510,69
1520,71
1613,75
1484,70
1749,76
1588,72
1662,77
1644,75
1633,74
1623,75
1732,79
1191,62
1541,71
1434,67
1881,84
1451,72
1396,69
1445,69
1567,72
1543,73
1571,72
1475,69
1535,72
1459,70
1596,73
1607,74
1576,71
1617,73
1520,71
1719,79
1610,74
1687,76
1584,73
1294,66
1535,71
1371,66
1628,76
1465,69
1475,68
1365,63
1564,73
1509,71
1243,60
1703,77
1521,71
1590,73
1642,74
1653,75
1529,70
1555,72
1501,69
1456,70
1481,71
1731,78
1466,69
1791,81
1567,74
1749,78
1497,71
1659,77
1789,80
1441,68
1597,75
1582,74
1672,76
1657,75
1803,81
1369,63
1792,80
1582,73
1420,70
1701,76
1448,67
1663,74
1515,72
1495,70
1700,75
1618,75
1572,69
1560,74
1618,74
1542,72
1449,69
1653,75
1717,79
1420,69
1496,70
1742,79
1674,76
1512,72
1443,69
1832,82
1577,74
1484,71
1615,73
1579,72
1599,75
1800,81
1732,78
1670,76
1647,76
1786,80
1462,71
1646,74
1526,72
1679,77
1852,83
1314,65
1762,77
1399,67
1822,82
1494,69
1407,67
1601,75
1533,71
1432,69
1478,69
1433,69
1539,72
1470,69
1598,74
1430,68
1607,73
1569,75
1488,70
1431,68
1571,73
1569,72
1515,71
1751,79
1823,80
1631,74
1760,78
1470,67
1765,79
1787,79
1383,67
1695,76
1514,70
1592,73
1586,72
1719,77
1547,73
1492,71
1593,73
1653,74
1792,78
1657,76
1429,66
1572,73
1530,72
1718,77
1743,79
1883,83
1596,75
1688,76
1545,73
1477,71
1594,71
1659,76
1643,74
1769,79
1721,78
1689,77
1390,63
1534,73
1860,79
1801,80
1693,77
1569,72
1609,73
1637,74
1571,73
1606,75
1446,69
1699,78
1492,70
1691,78
1368,65
1753,78
1648,76
1436,68
1612,74
1458,70
1794,80
1698,75
1690,76
1525,69
1527,71
1640,75
1404,69
1454,69
1669,76
1627,76
1607,75
1807,81
1477,67
1765,78
1590,73
1557,71
1820,80
1304,66
1353,64
1620,76
1485,71
1491,65
1520,72
1468,69
1429,69
1828,80
1423,67
1521,71
1673,76
1506,70
1523,71
1562,71
1581,74
1807,81
1525,71
1635,75
1652,74
1464,68
1656,73
1705,77
1574,74
1537,71
1574,73
1566,74
1619,75
1477,71
1569,72
1440,70
1601,74
1680,74
1609,75
1421,70
1556,72
1342,66
1400,67
1535,70
1491,70
1380,67
1555,71
1529,71
1396,67
1442,69
1455,70
1407,66
1702,76
1551,70
1585,74
1350,68
1758,78
1592,75
1602,75
1668,76
1458,70
1709,77
1630,75
1733,78
1783,79
1686,75
1652,72
1537,73
1544,71
1607,72
1469,70
1665,76
1612,74
1921,84
1679,77
1793,79
1505,71
1505,70
1582,74
1693,77
1798,80
1518,72
1501,69
1809,80
1680,77
1423,66
1488,70
1555,72
1468,71
1591,71
1597,75
1574,74
1587,74
1677,76
1687,76
1554,73
1816,81
1350,67
1576,71
1426,67
1839,81
1523,71
1579,74
1599,74
1764,79
1671,75
1423,69
1547,73
1570,72
1602,76
1438,68
1728,78
1503,69
1524,71
1565,74
1450,69
1911,84
1767,78
1677,76
1559,72
1551,73
1625,74
1674,76
1719,78
1759,77
1551,72
1579,73
1591,73
1718,76
1556,72
1596,74
1607,75
1613,75
1611,75
1598,73
1432,68
1536,71
1400,67
1593,70
1465,69
1551,73
1440,66
1500,70
1553,72
1458,70
1739,79
1526,71
1495,71
1543,71
1361,67
1587,73
1487,71
1591,74
1528,73
1605,75
1726,77
1462,67
1490,71
1656,76
1509,70
1575,74
1534,70
1592,73
1745,78
1718,75
1480,69
1705,77
1419,67
1702,77
1525,71
1540,73
1466,70
1750,79
1418,66
1616,73
1567,70
1449,68
1659,77
1553,73
1513,69
1660,75
1415,67
1836,81
1594,75
1616,74
1541,72
1756,80
1560,72
1806,80
1832,82
1336,65
1469,71
1658,76
1542,73
1384,68
1550,71
1800,79
1767,80
1482,70
1517,70
1320,64
1492,70
1633,72
1586,73
1301,66
1688,77
1632,75
1493,70
1585,73
1520,71
1335,66
1743,76
1434,70
1601,72
1499,71
1673,76
1382,67
1273,63
1516,70
1434,68
1597,72
1537,71
1425,68
1372,67
1499,72
1429,68
1465,70
1714,78
1599,74
1603,71
1509,70
1626,74
1823,80
1588,75
1563,71
1511,71
1612,74
1508,71
1731,77
1534,73
1565,74
1342,65
1690,77
1381,66
1784,79
1731,78
1800,80
1657,75
1600,73
1528,71
1747,78
1724,79
1419,68
1418,67
1503,69
1547,71
1877,83
1687,79
1443,65
1557,72
1526,71
1459,68
1517,70
1727,78
1502,71
1493,69
1437,67
1679,73
1355,66
1577,73
1728,75
1717,77
1730,78
1494,69
1398,68
1486,70
1523,69
1635,77
1538,73
1725,78
1574,72
1465,71
1725,80
1504,69
1523,72
1620,76
1613,75
1649,77
1342,64
1472,66
1584,75
1608,75
1467,68
1525,71
1628,74
1670,75
1609,74
1484,68
1607,74
1537,72
1580,73
1652,74
1616,75
1369,67
1427,66
1479,70
1489,70
1596,74
1508,68
1608,74
1664,73
1668,72
1531,70
1612,74
1450,71
1653,76
1619,74
1632,74
1649,76
1733,78
1453,68
1734,76
1480,70
1349,67
1557,72
1619,76
1776,80
1706,78
1604,74
1509,71
1766,78
1646,74
1573,72
1555,71
1509,72
1573,72
1479,72
1931,85
1460,70
1611,74
1418,67
1847,80
1482,70
1449,70
1884,83
1483,71
1458,69
1570,73
1538,73
1420,67
1602,72
1698,77
1914,82
1465,69
1688,77
1668,77
1671,77
1582,73
1693,77
1496,70
1474,68
1539,71
1746,80
1607,74
1806,82
1468,70
1523,69
1771,78
1630,75
1611,75
1464,70
1641,75
1642,73
1435,69
1597,73
1654,74
1560,72
1669,76
1703,77
1753,76
1542,71
1512,70
1672,75
1786,79
1535,72
1729,78
1608,74
1573,70
1482,69
1643,74
1693,77
1576,73
1510,69
1643,75
1485,71
1374,66
1457,68
1624,76
1623,75
1572,70
1487,72
1467,70
1625,75
1457,70
1600,75
1538,73
1523,70
1617,72
1706,78
1458,69
1752,79
1538,72
1555,72
1483,70
1456,69
1767,78
1469,70
1489,70
1513,72
1635,75
1628,74
1455,67
1701,77
1519,70
1667,74
1666,74
1749,80
1843,82
1756,79
1461,68
1638,74
1641,73
1552,71
1657,74
1334,65
1756,77
1470,69
1903,84
1830,80
1574,71
1526,70
1690,78
1475,68
1660,77
1593,72
1635,75
1421,68
1477,68
1474,69
1459,70
1487,71
1375,69
1618,73
1444,70
1598,72
1577,71
1611,73
1817,81
1669,76
1555,72
1754,78
1605,74
1522,70
1507,68
1468,68
1748,78
1446,69
1733,78
1502,71
1502,72
1740,77
1438,65
1731,80
1585,73
1779,78
1585,73
1804,81
1622,76
1498,71
1610,72
1432,68
1513,71
1689,76
1440,66
1599,73
1627,76
1493,69
1604,74
1630,74
1583,73
1388,67
1658,76
1494,72
1543,71
1555,71
1585,72
1777,80
1525,71
1598,74
1503,71
1557,72
1491,70
1534,71
1458,70
1558,72
1763,79
1675,73
1575,72
1552,73
1513,70
1650,76
1714,74
1534,70
1595,73
1491,72
1689,75
1588,74
1534,73
1350,65
1594,71
1621,75
1551,71
1482,69
1601,74
1716,79
1524,70
1591,75
1557,72
1447,67
1650,75
1587,74
1450,65
1753,79
1778,79
1715,76
1606,76
1663,75
1553,73
1630,74
1702,73
1379,67
1487,68
1656,75
1703,77
1870,83
1468,69
1663,76
1446,69
1503,71
1660,77
1603,75
1465,70
1465,70
1521,73
1697,76
1555,74
1810,80
1770,79
1463,68
1408,69
1456,70
1680,76
1567,74
1554,72
1559,72
1410,69
1500,71
1396,65
1369,69
1751,79
1497,72
1388,67
1685,76
1453,70
1797,81
1566,71
1602,73
1434,67
1684,74
1457,67
1451,68
1619,74
1637,74
1540,70
1607,71
1425,68
1696,77
1689,76
1527,71
1881,83
1514,72
1564,74
1383,68
1528,71
1477,70
1618,74
1504,71
1586,72
1491,70
1642,75
1500,70
1663,77
1608,71
1701,75
1560,72
1579,72
1498,70
1541,71
1674,75
1603,73
1634,75
1402,69
1504,70
1614,76
1635,73
1479,66
1346,67
1412,70
1506,72
1906,84
1660,76
1701,78
1734,78
1693,76
1607,71
1374,66
1596,74
1507,69
1412,68
1488,72
1506,70
1565,73
1764,80
1564,73
1733,78
1618,72
1723,79
1643,76
1680,76
1583,74
1528,71
1660,76
1750,77
1679,77
1588,75
1382,63
1552,70
1525,73
1560,72
1699,78
1508,71
1584,71
1272,63
1688,76
1402,67
1658,75
1686,76
1646,73
1631,76
1802,79
1643,76
1385,66
1620,76
1754,80
1406,70
1721,79
1447,68
1533,70
1495,70
1639,76
1686,77
1498,70
1443,68
1541,70
1704,75
1584,74
1539,72
1460,69
1815,80
1461,67
1573,73
1635,76
1649,75
1699,75
1712,78
1583,74
1558,73
1685,75
1562,72
1556,70
1828,80
1569,70
1639,76
1566,74
1448,69
1499,72
1721,76
1659,76
1765,79
1353,65
1791,79
1578,73
1490,71
1559,70
1510,71
1636,75
1529,71
1801,79
1469,67
1751,80
1680,73
1428,68
1513,71
1386,68
1555,72
1560,74
1522,71
1604,72
1547,71
1567,71
1592,72
1568,72
1497,66
1648,76
1566,71
1563,72
1595,73
1664,76
1578,73
1544,71
1689,76
1753,78
1493,71
1476,69
1490,70
1486,70
1516,72
1755,77
1676,75
1462,68
1694,77
1399,64
1494,71
1629,76
1476,70
1508,70
1553,70
1534,72
1478,70
1571,73
1518,71
1836,81
1650,76
1518,70
1730,77
1708,77
1536,72
1743,77
1619,74
1561,72
1830,81
1710,75
1675,76
1468,70
1567,71
1491,71
1672,76
1586,74
1508,71
1872,82
1537,71
1504,72
1525,72
1544,70
1741,78
1524,72
1521,70
1601,73
1727,79
1484,69
1518,70
1557,72
1625,75
1599,74
1578,71
1475,69
1786,80
1634,76
1568,72
1531,71
1568,73
1539,73
1698,77
1484,71
1628,72
1540,73
1494,71
1732,79
1603,73
1482,68
1366,66
1449,70
1534,72
1769,79
1490,71
1524,73
1745,77
1502,70
1608,74
1800,80
1456,69
1579,70
1558,73
1423,67
1623,77
1621,75
1585,73
1444,68
1785,79
1417,68
1323,64
1559,70
1721,78
1677,76
1675,76
1595,73
1666,73
1463,66
1484,72
1429,68
1560,74
1616,76
1453,71
1621,75
1564,74
1465,71
1616,74
1468,69
1545,73
1362,68
1386,64
1706,79
1559,71
1590,73
1873,83
1571,71
1532,71
1783,80
1589,74
1574,71
1647,75
1586,73
1679,75
1576,73
1631,72
1544,71
1663,76
1786,79
1550,71
1507,72
1775,80
1446,69
1374,66
1445,70
1744,80
1571,73
1683,76
1805,80
1407,67
1612,74
1488,69
1765,79
1791,80
1530,72
1725,76
1667,74
1419,68
1480,69
1404,67
1689,77
1825,80
1480,70
1492,70
1567,74
1510,69
1622,72
1536,71
1939,85
1734,77
1507,71
1472,68
1678,77
1403,67
1608,74
1412,69
1525,71
1450,70
1621,75
1650,75
1712,77
1712,77
1618,73
1504,71
1625,72
1599,74
1432,68
1518,70
1808,80
1658,75
1705,76
1493,67
1564,72
1438,70
1597,71
1482,69
1510,70
1563,72
1745,78
1587,72
1523,71
1812,80
1740,78
1596,73
1550,72
1641,74
1747,77
1611,72
1612,74
1504,70
1539,71
1580,71
1531,72
1690,77
1464,69
1316,66
1730,78
1648,75
1660,76
1564,72
1450,68
1508,73
1580,74
1462,69
1704,77
1625,74
1464,67
1591,73
1525,72
1582,73
1395,64
1669,76
1571,72
1244,64
1707,77
1532,73
1533,70
1620,74
1878,83
1648,76
1639,73
1623,74
1485,70
1584,72
1652,76
1530,69
1793,76
1640,75
1616,75
1438,70
1679,76
1468,70
1815,81
1608,74
1584,74
1558,73
1553,73
1581,73
1371,66
1334,66
1533,71
1715,76
1459,71
1538,73
1725,79
1551,71
1473,70
1486,71
1743,80
1481,72
1415,69
1478,67
1503,71
1635,75
1537,70
1527,71
1642,75
1644,75
1488,70
1629,74
1595,74
1599,72
1704,77
1575,75
1580,73
1508,71
1772,78
1760,77
1852,82
1610,71
1606,74
1660,77
1650,75
1638,75
1559,72
1388,69
1510,71
1609,75
1738,77
1486,69
1556,73
1863,82
1397,66
1573,74
1514,69
1468,69
1927,84
1858,80
1580,74
1368,66
1829,80
1401,66
1696,76
1621,74
1632,76
1353,66
1601,75
1430,69
1404,67
1720,76
1417,67
1779,79
1554,72
1323,64
1772,78
1580,72
1821,81
1570,72
1570,71
1849,81
1565,72
1602,74
1581,72
1475,70
1502,70
1674,75
1642,75
1579,74
1507,71
1857,79
1580,72
1653,76
1506,72
1568,73
1710,75
1461,70
1540,71
1514,73
1544,72
1621,74
1604,74
1466,69
1490,69
1747,79
1494,68
1486,69
1606,73
1771,78
1474,69
1724,78
1803,82
1879,84
1679,77
1431,68
1420,68
1881,84
1519,72
1723,78
1683,75
1532,71
1513,71
1487,72
1481,69
1549,72
1589,73
1582,71
1610,75
1758,79
1876,81
1566,71
1373,66
1426,69
1699,77
1738,79
1917,84
1475,71
1558,72
1521,70
1481,70
1693,77
1680,76
1625,75
1511,72
1638,74
1496,71
1755,78
1465,67
1338,66
1659,76
1437,68
1711,78
1476,70
1632,74
1457,69
1776,80
1525,70
1502,70
1631,76
1717,78
1706,76
1596,73
1639,77
1463,69
1733,75
1504,71
1586,74
1653,74
1405,69
1563,72
1407,68
1339,64
1373,66
1886,84
1488,70
1563,72
1430,70
1478,66
1659,77
1513,71
1780,81
1737,78
1417,70
1685,76
1752,78
1709,76
1573,72
1546,73
1536,72
1602,75
1577,72
1505,69
1813,80
1435,69
1676,74
1608,75
1612,73
1716,77
1312,66
1707,76
1646,74
1674,78
1719,79
1651,75
1412,68
1681,74
1647,76
1576,73
1612,75
1561,73
1552,74
1603,71
1420,67
1682,75
1631,73
1709,75
1630,75
1587,73
1623,75
1514,71
1420,67
1714,78
1505,71
1559,72
1518,71
1502,71
1457,69
1503,71
1562,70
1497,68
1491,70
1586,72
1753,79
1692,78
1427,69
1832,82
1657,77
1624,75
1571,72
1783,78
1614,74
1543,72
1426,69
1612,74
1445,69
1868,82
1643,74
1610,75
1373,63
1418,68
1730,78
1550,72
1587,74
1527,70
1404,68
1515,70
1680,77
1606,72
1503,73
1462,71
1406,67
1714,78
1469,70
1539,72
1682,77
1544,72
1528,73
1815,81
1529,70
1587,74
1688,77
1814,81
1508,72
1651,74
1514,70
1758,79
1587,73
1394,67
1391,64
1666,76
1699,76
1397,65
1335,65
1394,68
1597,72
1462,70
1400,66
1683,76
1466,69
1572,72
1501,72
1679,77
1458,70
1605,75
1407,67
1591,73
1577,73
1668,75
1389,66
1949,85
1696,77
1687,76
1539,72
1586,73
1647,75
1533,71
1880,83
1483,69
1514,70
1454,68
1470,68
1488,70
1500,71
1701,78
1557,72
1618,73
1571,73
1719,77
1512,73
1518,72
1802,81
1804,79
1753,79
1398,65
1334,66
1621,75
1397,66
1679,76
1675,77
1406,66
1730,78
1653,75
1322,65
1517,71
1684,77
1364,65
1537,73
1603,72
1688,76
1345,63
1468,71
1426,68
1345,68
1540,73
1835,82
1692,76
1684,76
1686,77
1791,81
1471,71
1657,75
1601,74
1626,75
1429,66
1749,79
1701,76
1583,74
1733,77
1583,74
1835,82
1513,71
1461,69
1396,67
1473,69
1601,74
1675,76
1511,71
1827,81
1324,63
1544,70
1554,71
1602,75
1597,73
1455,68
1484,71
1362,67
1459,69
1664,76
1657,74
1527,69
1540,72
1566,73
1561,73
1646,77
1521,73
1403,67
1488,71
1713,78
1561,73
1462,71
1503,70
1589,73
1554,69
1697,78
1407,67
1683,77
1613,74
1669,76
1778,80
1634,74
1587,75
1444,69
1371,67
1438,70
1637,74
1758,79
1566,72
1386,66
1578,72
1415,66
1552,72
1572,72
1522,73
1806,77
1491,67
1664,77
1545,73
1527,71
1603,73
1456,67
1680,77
1475,69
1569,73
1772,79
1685,76
1467,70
1697,77
1535,74
1508,71
1483,71
1690,77
1557,71
1559,72
1490,70
1504,72
1534,70
1760,79
1576,71
1414,68
1406,65
1664,75
1659,75
1449,68
1453,67
1691,76
1548,72
1697,77
1648,77
1457,71
1759,77
1700,76
1584,69
1710,78
1551,72
1608,74
1656,76
1492,69
1293,64
1435,69
1425,69
1561,70
1624,74
1882,82
1694,76
1617,74
1810,80
1512,71
1645,74
1714,77
1585,73
1675,75
1578,70
1375,66
1422,67
1526,71
1824,81
1632,74
1545,72
1465,71
1733,79
1711,73
1615,76
1692,77
1540,72
1504,68
1677,77
1775,79
1426,68
1719,78
1714,76
1398,68
1588,73
1560,72
1525,71
1655,75
1766,78
1673,74
1491,69
1599,72
1621,75
1668,76
1551,71
1740,76
1431,67
1474,69
1545,72
1895,84
1699,76
1562,73
1651,76
1767,79
1601,74
1636,74
1582,73
1402,66
1545,73
1561,71
1350,64
1578,75
1812,81
1778,79
1692,77
1669,76
1506,70
1640,76
1704,76
1708,78
1492,68
1748,75
1897,81
1617,75
1727,79
1698,75
1544,71
1717,77
1416,66
1381,66
1380,67
1632,73
1498,70
1845,82
1576,75
1591,72
1374,68
1568,71
1544,70
1564,73
1599,75
1584,71
1713,78
1529,71
1497,71
1521,72
1589,73
1332,63
1527,72
1499,71
1535,73
1628,75
1462,68
1505,70
1461,66
1438,69
1465,68
1535,73
1498,69
1683,76
1761,79
1661,76
1705,78
1702,77
1564,71
1537,70
1533,72
1469,70
1747,78
1481,70
1498,70
1308,62
1569,74
1649,76
1771,78
1491,68
1804,81
1412,69
1476,69
1638,72
1785,80
1604,72
1900,83
1369,68
1691,78
1477,70
1628,77
1694,74
1475,66
1527,72
1586,72
1574,73
1508,71
1584,71
1678,75
1751,78
1716,75
1594,71
1483,68
1426,69
1562,73
1503,69
1760,79
1589,71
1475,70
1374,63
1657,77
1432,70
1524,70
1402,67
1640,76
1579,72
1861,83
1758,76
1604,73
1695,77
1745,79
1525,71
1497,71
1554,72
1722,77
1593,74
1599,74
1895,83
1443,68
1487,71
1679,74
1540,72
1499,70
1740,78
1789,80
1515,71
1410,67
1696,76
1600,72
1562,74
1588,72
1689,76
1573,73
1744,78
1553,72
1763,78
1644,73
1741,78
1822,79
1890,83
1375,67
1489,69
1544,71
1742,77
1511,70
1466,67
1633,75
1507,73
1586,75
1702,76
1470,72
1546,71
1731,78
1723,76
1567,72
1645,77
1516,72
1538,73
1568,71
1507,69
1651,73
1527,71
1913,84
1743,79
1652,74
1572,72
1231,61
1447,69
1601,74
1409,64
1775,79
1485,68
1747,77
1699,77
1453,69
1808,80
1570,71
1440,69
1405,69
1864,82
1753,76
1643,75
1800,81
1460,70
1445,70
1426,69
1564,72
1378,65
1569,72
1772,76
1594,74
1547,72
1586,72
1644,76
1424,68
1670,75
1588,71
1484,70
1522,70
1517,72
1318,65
1714,78
1796,81
1651,76
1535,73
1450,69
1515,70
1475,68
1494,69
1655,75
1571,73
1442,68
1863,80
1483,67
1384,66
1772,80
1569,74
1680,74
1617,73
1571,74
1686,76
1730,78
1436,69
1515,70
1586,75
1839,81
1475,68
1608,73
1744,79
1526,72
1637,76
1451,69
1750,79
1671,73
1741,80
1545,71
1863,81
1515,71
1514,70
1798,77
1909,83
1610,73
1270,64
1484,71
1859,81
1668,75
1504,70
1563,73
1810,80
1598,73
1336,68
1583,74
1615,70
1643,73
1485,68
1907,83
1788,80
1692,76
1743,78
1610,71
1317,64
1721,78
1455,71
1543,72
1493,71
1532,71
1639,77
1787,79
1681,76
1711,77
1596,74
1372,66
1427,69
1456,68
1541,73
1560,72
1379,64
1828,81
1535,70
1628,75
1709,77
1529,70
1680,75
1566,72
1479,69
1618,74
1650,75
1531,72
1738,79
1570,72
1556,73
1664,74
1786,79
1449,68
1571,72
1571,73
1590,72
1533,71
1563,72
1426,67
1485,71
1417,67
1583,72
1626,75
1631,75
1676,76
1617,75
1812,82
1503,69
1527,71
1537,71
1430,69
1339,65
1751,78
1442,68
1373,67
1618,75
1680,78
1628,75
1569,72
1599,73
1622,75
1747,79
1732,78
1584,74
1639,74
1535,71
1443,69
1556,72
1681,78
1215,61
1436,68
1594,75
1639,73
1433,70
1746,78
1503,72
1710,75
1548,73
1656,76
1846,83
1541,74
1476,70
1733,78
1863,82
1498,70
1682,75
1499,69
1559,71
1511,69
1572,72
1420,68
1529,71
1582,73
1436,68
1699,76
1547,70
1590,73
1820,82
1668,72
1428,66
1648,75
1580,71
1514,72
1729,78
1489,70
1474,71
1284,63
1793,79
1480,68
1493,70
1815,81
1447,69
1368,65
1836,81
1487,71
1788,81
1474,69
1446,70
1516,71
1606,74
1769,80
1649,76
1841,81
1684,75
1433,68
1666,74
1406,68
1688,77
1319,62
1538,72
1688,74
1556,71
1511,69
1615,74
1671,75
1585,73
1818,82
1520,69
1712,77
1529,70
1502,68
1688,78
1471,67
1592,73
1468,72
1799,79
1776,79
1569,72
1859,81
1618,73
1392,66
1512,70
1513,70
1575,71
1607,73
1726,78
1618,75
1779,80
1769,79
1452,69
1538,71
1753,79
1536,71
1513,71
1543,73
1534,71
1564,71
1619,75
1712,77
1492,71
1589,72
1597,73
1565,73
1564,71
1508,70
1525,69
1580,73
1581,71
1768,78
1589,75
1604,74
1661,74
1662,76
1673,77
1570,71
1844,80
1516,73
1531,70
1543,71
1718,76
1450,67
1740,78
1502,69
1663,75
1941,85
1498,69
1480,69
1525,71
1750,78
1604,74
1756,79
1505,70
1696,77
1598,72
1653,75
1518,69
1717,77
1504,70
1550,72
1840,82
1531,73
1424,68
1806,80
1792,79
1676,77
1499,70
1676,78
1788,80
1605,73
1498,68
1480,70
1724,77
1742,78
1688,76
1637,76
1583,71
1673,72
1861,80
1381,67
1399,66
1654,75
1522,69
1445,66
1727,77
1554,73
1509,72
1521,72
1771,79
1360,67
1559,73
1489,71
1527,69
1584,72
1506,70
1614,76
1381,67
1744,78
1721,79
1543,74
1536,72
1649,77
1616,75
1581,74
1650,77
1564,71
1680,77
1561,72
1780,79
1634,72
1477,71
1503,70
1911,84
1531,72
1466,69
1787,80
1790,78
1786,78
1440,68
1572,71
1470,69
1709,78
1544,72
1833,82
1569,75
1543,71
1662,75
1751,80
1745,78
1464,70
1536,71
1704,77
1632,75
1545,72
1742,78
1307,65
1456,67
1532,71
1470,69
1653,78
1653,75
1441,69
1545,70
1358,65
1730,78
1694,77
1721,78
1617,75
1596,73
1430,68
1719,78
1520,70
1710,77
1524,70
1597,73
1567,73
1404,69
1894,84
1500,69
1793,78
1572,73
1586,72
1477,68
1513,72
1512,72
1717,78
1314,64
1790,79
1691,77
1713,77
1711,78
1530,72
1683,75
1261,64
1407,68
1872,81
1630,73
1555,72
1455,69
1641,75
1422,69
1468,67
1537,71
1587,72
1522,69
1651,74
1674,78
1867,82
1759,80
1494,71
1396,70
1558,73
1480,69
1588,75
1458,70
1647,74
1761,80
1551,73
1673,77
1679,77
1845,81
1725,78
1772,76
1483,71
1331,65
1403,66
1559,72
1549,72
1542,71
1589,72
1562,73
1379,65
1734,76
1501,70
1831,81
1580,74
1701,76
1795,80
1547,70
1646,75
1504,69
1619,72
1637,76
1388,65
1405,66
1633,74
1804,80
1316,64
1561,71
1601,74
1498,72
1659,76
1535,72
1794,81
1495,72
1539,68
1576,72
1578,74
1442,69
1568,73
1488,66
1747,80
1555,72
1517,74
1521,71
1525,71
1559,72
1662,76
1725,77
1671,74
1602,74
1416,69
1644,76
1520,69
1803,78
1502,71
1697,77
1536,71
1458,70
1547,72
1714,78
1498,71
1460,71
1904,84
1585,73
1535,72
1656,73
1402,66
1688,77
1594,72
1508,69
1453,68
1465,70
1514,70
1632,74
1575,72
1687,77
1639,74
1490,70
1654,75
1666,75
1680,76
1536,72
1626,75
1484,70
1515,72
1395,67
1338,66
1633,75
1563,74
1442,69
1631,74
1408,68
1673,77
1545,73
1737,78
1298,64
1535,72
1603,73
1379,67
1580,72
1502,69
1686,76
1683,77
1823,80
1661,75
1680,76
1505,71
1465,68
1462,70
1579,72
1506,70
1482,70
1433,66
1609,76
1435,69
1423,66
1701,77
1759,78
1717,79
1520,71
1556,73
1499,73
1594,74
1779,79
1419,65
1762,79
1535,69
1795,80
1461,68
1401,67
1879,83
1625,75
1442,70
1609,74
1450,67
1467,70
1376,66
1670,73
1641,76
1540,72
1629,75
1578,73
1557,71
1431,70
1757,79
1629,72
1731,76
1488,70
1867,83
1693,76
1468,69
1871,84
1637,77
1393,66
1593,72
1508,72
1709,77
1638,76
1697,77
1495,70
1531,71
1573,73
1584,72
1490,70
1545,70
1645,76
1446,69
1410,69
1501,68
1889,82
1365,65
1463,70
1516,69
1484,71
1803,81
1495,70
1649,75
1596,72
1454,68
1460,69
1702,75
1329,64
1656,75
1492,70
1506,70
1569,71
1513,68
1454,69
1852,82
1704,77
1828,82
1447,70
1524,69
1743,77
1477,69
1538,71
1539,72
1585,73
1486,68
1675,77
1729,78
1616,75
1395,67
1749,78
1365,65
1439,68
1799,80
1694,77
1627,76
1600,75
1779,79
1783,79
1576,71
1746,80
1689,78
1595,72
1723,77
1479,69
1441,68
1495,70
1748,80
1690,77
1650,74
1545,73
1575,73
1593,72
1564,73
1526,71
1760,78
1372,67
1773,80
1450,67
1846,83
1528,71
1728,79
1442,67
1564,73
1591,75
1570,72
1451,67
1716,77
1769,79
1609,72
1794,80
1577,74
1591,70
1827,81
1644,74
1517,70
1639,76
1732,79
1457,68
1359,64
1457,71
1759,77
1706,79
1462,68
1441,67
1658,74
1442,68
1780,80
1552,71
1496,67
1477,70
1858,83
1553,72
1404,70
1820,82
1579,75
1491,71
1355,65
1546,71
1591,73
1822,81
1441,69
1544,73
1597,74
1632,75
1844,80
1755,76
1617,74
1547,73
1691,77
1513,72
1721,78
1585,72
1531,70
1674,78
1473,69
1602,74
1764,80
1681,73
1492,70
1868,82
1671,75
1544,72
1486,72
1625,76
1514,72
1404,65
1567,71
1418,67
1652,74
1613,74
1590,74
1478,69
1409,65
1469,69
1704,78
1637,76
1583,75
1609,74
1480,68
1716,78
1606,75
1422,67
1627,74
1491,70
1818,82
1644,75
1648,75
1559,73
1515,72
1293,61
1514,71
1439,68
1537,73
1681,78
1706,75
1470,70
1535,70
1642,74
1630,73
1609,75
1549,71
1507,70
1576,73
1639,75
1744,79
1650,76
1635,75
1563,71
1577,72
1624,73
1550,72
1503,71
1662,75
1542,71
1653,76
1639,75
1723,78
1462,69
1641,74
1520,71
1514,71
1744,79
1591,74
1548,71
1679,75
1615,74
1597,74
1259,61
1335,67
1557,72
1688,75
1591,75
1573,73
1450,69
1347,66
1549,72
1299,65
1395,65
1627,75
1777,80
1416,67
1409,69
1609,73
1505,72
1527,72
1697,77
1665,76
1686,77
1887,81
1489,69
1702,79
1580,73
1611,74
1710,78
1444,71
1493,72
1389,67
1700,76
1406,67
1522,71
1635,75
1496,70
1706,77
1567,73
1609,73
1812,79
1695,75
1548,70
1556,71
1508,71
1581,72
1525,70
1539,71
1581,71
1544,72
1625,74
1716,78
1670,77
1547,71
1671,75
1818,80
1549,73
1619,76
1702,75
1597,72
1544,73
1588,72
1620,74
1535,71
1626,74
1353,64
1629,72
1496,71
1439,69
1529,70
1685,75
1453,68
1794,79
1595,74
1694,74
1466,73
1484,68
1714,78
1635,74
1826,82
1686,73
1537,73
1653,73
1604,73
1525,71
1486,69
1439,68
1597,73
1438,68
1875,82
1749,77
1641,76
1412,67
1549,71
1673,76
1527,71
1467,70
1582,72
1429,67
1475,69
1803,78
1492,72
1440,68
1532,72
1528,71
1504,71
1823,80
1828,82
1605,75
1417,68
1448,70
1619,75
1665,75
1496,69
1657,75
1361,66
1894,83
1407,69
1777,80
1681,78
1430,68
1867,81
1625,74
1654,78
1501,70
1511,70
1591,75
1488,68
1556,72
1566,70
1407,68
1436,67
1445,69
1346,66
1720,78
1731,80
1418,67
1485,70
1480,69
1408,67
1560,72
1534,72
1749,77
1529,72
1597,73
1561,72
1669,75
1488,70
1509,71
1830,81
1573,72
1574,74
1437,66
1507,68
1664,76
1621,75
1452,70
1486,69
1467,69
1623,74
1530,73
1483,71
1337,64
1736,79
1460,71
1473,70
1765,80
1551,71
1569,71
1371,64
1632,75
1628,75
1375,67
1805,79
1539,71
1557,70
1758,78
1462,65
1723,78
1662,74
1581,70
1711,74
1814,81
1598,74
1566,74
1824,82
1379,66
1669,75
1644,76
1639,74
1433,68
1625,74
1510,73
1602,75
1506,71
1459,68
1633,77
1708,78
1431,69
1511,70
1586,73
1493,72
1557,72
1785,79
1580,74
1480,70
1771,79
1480,69
1327,64
1395,64
1483,69
1605,72
1786,80
1496,69
1385,67
1691,73
1494,71
1731,78
1596,74
1513,70
1672,75
1584,73
1543,71
1449,70
1530,73
1584,72
1553,73
1644,74
1487,69
1492,72
1530,71
1544,73
1478,68
1376,68
1655,76
1488,69
1478,71
1318,66
1931,85
1444,70
1586,72
1718,77
1494,72
1543,72
1530,70
1446,70
1453,68
1751,79
1674,77
1513,71
1462,69
1621,76
1901,84
1626,74
1551,72
1497,72
1330,66
1468,71
1525,72
1497,69
1673,77
1594,74
1625,74
1842,81
1724,77
1406,67
1698,79
1503,70
1657,75
1679,76
1744,78
1625,74
1557,72
1515,68
1479,69
1642,75
1669,76
1797,81
1611,73
1446,70
1610,72
1474,70
1706,79
1651,76
1635,75
1340,64
1694,77
1830,82
1459,69
1348,62
1542,73
1492,69
1530,72
1447,66
1740,79
1495,71
1632,74
1916,84
1497,70
1777,80
1768,80
1627,75
1487,68
1519,72
1720,78
1806,80
1652,77
1688,75
1386,64
1584,71
1496,69
1452,68
1692,78
1776,80
1319,65
1565,74
1429,68
1378,68
1535,70
1678,76
1488,71
1516,69
1537,73
1671,76
1710,77
1654,74
1553,70
1586,72
1555,73
1601,71
1481,70
1455,69
1590,74
1657,74
1690,77
1564,71
1517,70
1406,68
1584,73
1472,68
1659,76
1766,80
1548,72
1786,79
1624,74
1406,67
1505,70
1680,76
1556,74
1646,74
1603,73
1880,82
1579,72
1432,68
1718,78
1525,72
1518,72
1842,81
1775,81
1541,71
1832,81
1691,76
1552,72
1574,73
1694,75
1479,69
1490,70
1617,75
1493,69
1505,71
1791,80
1825,82
1609,72
1620,76
1447,67
1528,68
1708,78
1583,73
1553,71
1402,69
1383,67
1856,83
1460,71
1425,69
1409,66
1646,76
1865,83
1505,71
1519,70
1572,74
1598,74
1691,77
1519,71
1580,72
1544,70
1879,83
1505,71
1466,66
1782,78
1303,64
1482,69
1751,79
1860,81
1499,70
1555,73
1546,73
1607,74
1638,72
1433,69
1496,69
1677,77
1589,74
1620,75
1584,73
1472,67
1537,73
1443,69
1605,74
1640,76
1499,70
1542,71
1409,68
1671,76
1461,68
1620,72
1793,79
1604,74
1575,72
1515,71
1751,77
1653,75
1494,70
1711,77
1674,74
1511,69
1335,63
1448,70
1678,73
1496,71
1375,65
1714,79
1478,71
1426,67
1618,74
1580,73
1569,73
1709,78
1639,76
1689,79
1712,77
1443,67
1558,71
1687,78
1649,73
1430,67
1649,76
1541,71
1586,74
1855,82
1352,68
1642,75
1800,79
1744,78
1905,82
1679,77
1663,77
1789,81
1698,77
1771,79
1481,69
1624,72
1585,73
1644,74
1658,74
1699,77
1595,74
1600,73
1439,67
1537,70
1612,72
1338,65
1370,66
1535,70
1519,71
1537,71
1537,73
1472,68
1442,66
1403,67
1608,74
1514,71
1646,74
1848,80
1762,80
1569,72
1640,75
1509,70
1523,71
1622,72
1403,68
1636,73
1610,73
1609,71
1253,62
1743,78
1509,71
1405,68
1448,68
1570,72
1537,71
1482,67
1739,76
1554,71
1614,73
1474,70
1669,76
1383,67
1595,73
1525,70
1677,75
1608,73
1437,67
1663,76
1799,79
1676,77
1680,74
1580,73
1762,80
1599,75
1491,68
1561,73
1786,79
1692,75
1810,80
1516,71
1790,81
1513,72
1466,67
1663,75
1729,78
1542,70
1521,72
1842,82
1619,74
1597,72
1422,69
1766,80
1331,65
1586,74
1639,75
1494,71
1460,65
1834,83
1493,68
1728,76
1746,78
1485,71
1593,72
1554,72
1580,74
1464,67
1685,77
1639,76
1426,69
1675,74
1400,68
1452,68
1664,75
1704,78
1407,67
1326,64
1651,76
1522,70
1590,72
1406,68
1639,74
1467,68
1374,67
1541,70
1419,67
1676,77
1382,64
1624,73
1530,71
1672,76
1545,73
1496,71
1655,75
1396,67
1827,80
1628,76
1406,67
1454,68
1555,68
1498,70
1429,69
1446,69
1491,69
1586,74
1785,79
1700,77
1643,74
1598,72
1805,80
1526,71
1521,71
1744,79
1418,68
1462,65
1485,69
1567,73
1605,74
1469,71
1408,68
1562,70
1303,65
1685,74
1586,74
1818,82
1684,74
1512,72
1738,77
1799,80
1461,68
1454,68
1530,73
1551,73
1460,68
1494,71
1685,76
1536,71
1495,68
1755,78
1474,70
1534,72
1522,69
1343,63
1760,79
1521,71
1732,79
1396,67
1641,77
1549,71
1646,76
1443,71
1456,69
1564,74
1547,71
1457,67
1500,71
1448,68
1581,71
1493,71
1581,72
1511,72
1610,72
1563,71
1670,74
1560,73
1434,68
1563,71
1741,78
1703,77
1571,75
1589,73
1810,81
1299,63
1606,73
1602,75
1591,74
1379,69
1394,67
1376,67
1503,71
1569,70
1695,76
1381,67
1437,68
1596,73
1722,78
1667,74
1446,70
1634,74
1355,63
1505,70
1582,73
1605,75
1712,78
1734,78
1924,85
1467,69
1744,77
1754,78
1408,66
1625,71
1578,73
1504,70
1624,75
1566,71
1374,66
1732,78
1480,71
1528,68
1364,67
1750,75
1438,68
1836,81
1495,71
1763,78
1878,82
1488,70
1550,71
1385,69
1696,76
1578,75
1518,70
1518,70
1469,68
1553,73
1592,73
1638,74
1511,71
1578,73
1742,78
1551,70
1501,67
1644,74
1765,79
1705,77
1630,74
1412,68
1667,75
1655,76
1769,80
1498,70
1560,72
1592,71
1600,75
1444,69
1699,76
1350,67
1570,71
1568,70
1576,75
1664,77
1402,63
1354,67
1845,82
1603,74
1562,72
1368,66
1675,77
1564,75
1508,68
1414,66
1480,70
1433,70
1636,75
1552,69
1658,75
1454,68
1632,72
1532,72
1453,69
1579,73
1617,74
1738,77
1496,69
1472,69
1514,69
1584,72
1506,71
1558,71
1567,72
1679,78
1795,80
1851,83
1509,71
1490,72
1554,72
1825,82
1778,81
1636,76
1568,74
1458,69
1462,67
1608,73
1409,65
1406,68
1639,75
1546,72
1806,81
1545,71
1526,70
1702,74
1743,79
1683,78
1535,72
1434,64
1808,81
1483,69
1501,70
1564,71
1612,71
1652,76
1628,74
1580,73
1709,76
1654,74
1752,78
1670,75
1467,69
1620,73
1709,78
1515,70
1405,69
1627,74
1650,75
1809,81
1518,71
1624,73
1762,78
1451,69
1454,67
1605,74
1559,71
1480,68
1434,68
1705,77
1693,75
1555,71
1644,73
1484,71
1535,70
1479,68
1695,75
1586,72
1542,71
1674,76
1786,80
1671,73
1607,76
1523,70
1578,75
1498,70
1771,78
1524,71
1669,75
1565,72
1498,69
1705,76
1641,73
1493,71
1450,68
1679,76
1502,71
1824,79
1514,70
1527,71
1661,73
1535,70
1667,76
1526,73
1509,72
1497,70
1669,74
1518,70
1470,67
1827,82
1741,78
1732,78
1557,72
1590,73
1738,78
1642,73
1595,71
1514,70
1595,73
1747,79
1538,70
1628,75
1628,73
1489,69
1500,70
1766,78
1668,78
1399,66
1657,77
1744,79
1774,78
1518,73
1519,68
1536,72
1433,68
1548,73
1536,71
1622,75
1633,74
1505,71
1600,74
1509,72
1830,81
1607,73
1620,75
1527,71
1779,79
1638,75
1794,79
1652,75
1531,71
1533,69
1629,74
1547,73
1610,72
1754,78
1640,75
1689,77
1496,67
1522,71
1566,72
1419,68
1853,82
1430,69
1705,78
1202,58
1515,70
1542,71
1687,76
1503,69
1495,70
1652,76
1775,81
1628,73
1741,76
1448,68
1765,78
1524,73
1687,74
1576,72
1525,69
1483,69
1568,71
1454,68
1539,71
1517,69
1475,69
1736,79
1625,73
1599,73
1435,68
1626,72
1476,69
1773,80
1524,70
1457,69
1723,79
1604,74
1852,82
1395,67
1569,74
1565,72
1596,75
1400,66
1609,73
1750,80
1392,68
1493,69
1580,72
1549,71
1661,75
1726,76
1436,68
1582,71
1564,71
1494,68
1675,76
1657,74
1529,73
1497,72
1490,72
1767,79
1535,73
1503,70
1512,72
1625,75
1321,64
1500,68
1750,77
1622,73
1505,71
1824,80
1874,84
1743,76
1610,73
1672,76
1885,83
1559,73
1606,71
1506,71
1779,80
1661,73
1626,73
1715,78
1459,69
1673,77
1706,76
1760,79
1854,83
1830,80
1726,78
1761,78
1682,76
1525,71
1479,71
1428,67
1558,72
1783,80
1536,69
1477,70
1582,73
1767,78
1580,73
1580,73
1606,72
1617,75
1625,73
1518,70
1599,73
1608,72
1444,68
1779,79
1581,74
1854,82
1609,74
1417,66
1510,71
1590,74
1466,68
1862,83
1533,70
1439,69
1615,72
1667,74
1387,68
1612,74
1775,79
1586,75
1762,78
1537,71
1768,79
1546,73
1675,76
1486,69
1420,68
1701,77
1658,73
1548,70
1646,76
1563,70
1675,78
1585,73
1454,69
1539,69
1500,72
1550,72
1465,65
1639,72
1674,77
1496,69
1573,72
1612,73
1580,74
1661,75
1611,73
1771,80
1516,70
1617,74
1511,72
1478,69
1813,80
1681,77
1608,75
1641,75
1609,71
1463,67
1254,64
1578,71
1370,67
1449,66
1732,78
1563,71
1622,75
1423,67
1466,70
1544,73
1577,73
1606,73
1750,77
1559,71
1862,82
1593,75
1601,72
1590,74
1560,71
1471,69
1796,80
1542,71
1553,71
1532,72
1380,66
1545,70
1723,77
1738,79
1533,70
1572,71
1468,69
1638,75
1690,78
1642,72
1687,78
1502,70
1681,75
1515,69
1888,83
1598,70
1450,67
1622,73
1595,69
1648,75
1629,73
1573,72
1607,75
1658,74
1618,74
1533,71
1509,71
1565,72
1624,75
1682,77
1562,70
1620,75
1698,75
1678,77
1647,74
1493,68
1551,74
1668,76
1409,67
1544,72
1651,78
1724,78
1545,72
1493,71
1363,64
1570,72
1731,76
1484,68
1656,73
1739,78
1402,68
1744,79
1519,70
1524,69
1544,71
1685,76
1652,75
1550,71
1622,72
1799,81
1299,66
1616,72
1617,74
1306,66
1744,78
1659,75
1630,75
1327,64
1576,72
1767,78
1487,70
1641,75
1506,70
1602,74
1829,83
1598,74
1642,75
1828,81
1349,64
1630,73
1791,79
1563,74
1665,75
1568,71
1424,67
1685,78
1757,79
1737,77
1545,69
1761,78
1591,73
1495,69
1680,77
1521,71
1537,74
1627,74
1631,74
1527,70
1664,73
1539,73
1837,82
1333,65
1498,66
1744,78
1401,67
1616,73
1553,73
1444,68
1824,81
1842,79
1596,75
1486,69
1612,73
1397,65
1507,69