1388,58
1392,58
1413,59
1376,58
1456,60
1426,59
1456,60
1487,61
1459,60
1488,62
1505,62
1467,63
1471,63
1476,63
1468,62
1429,62
1423,60
1459,61
1459,62
1467,63
1491,62
1410,62
1444,63
1415,63
1432,63
1415,63
1415,63
1362,61
1504,64
1460,63
1497,63
1511,64
1507,64
1523,66
1513,66
1454,62
1513,66
1489,64
1455,63
1513,66
1435,63
1536,65
1528,66
1519,65
1491,63
1475,64
1442,64
1415,60
1541,66
1422,61
1535,67
1458,62
1519,63
1535,67
1464,65
1530,65
1520,64
1546,66
1466,62
1571,67
1508,64
1623,67
1522,66
1535,67
1522,66
1502,64
1467,64
1601,67
1509,64
1413,58
1571,65
1497,63
1583,65
1490,64
1526,65
1467,61
1596,67
1650,70
1650,70
1623,68
1636,69
1648,70
1637,69
1468,63
1604,66
1504,63
1543,65
1624,67
1615,68
1534,60
1648,70
1648,70
1541,65
1559,66
1599,66
1662,70
1617,69
1633,69
1609,69
1580,67
1467,61
1622,67
1570,66
1584,66
1640,70
1638,70
1625,69
1618,68
1571,66
1600,68
1576,66
1541,66
1569,65
1640,70
1606,66
1619,69
1638,70
1502,65
1596,68
1484,62
1640,70
1638,70
1638,70
1624,68
1613,69
1583,67
1485,63
1570,67
1584,66
1596,69
1505,66
1605,67
1637,69
1638,70
1598,68
1638,70
1477,63
1642,70
1667,69
1629,67
1483,64
1527,65
1649,69
1598,69
1651,69
1519,65
1591,67
1638,70
1575,68
1585,68
1522,64
1602,69
1638,70
1560,67
1571,66
1519,63
1638,70
1619,68
1576,65
1638,70
1584,68
1640,70
1667,69
1640,70
1606,67
1603,68
1621,69
1568,67
1537,66
1611,69
1505,63
1633,69
1508,65
1554,66
1589,66
1612,67
1422,60
1558,68
1600,67
1638,70
1588,67
1604,69
1644,68
1624,69
1482,63
1591,68
1638,70
1543,66
1460,62
1654,69
1590,68
1552,66
1554,66
1638,70
1520,63
1640,70
1635,69
1575,67
1509,65
1574,66
1443,62
1584,66
1682,69
1574,66
1587,68
1568,68
1577,66
1583,66
1552,66
1536,65
1532,67
1638,70
1638,70
1579,67
1629,69
1506,66
1534,66
1638,70
1504,66
1588,66
1551,65
1570,67
1574,67
1634,70
1558,67
1563,68
1538,65
1634,70
1587,68
1580,68
1620,66
1512,64
1634,70
1553,64
1539,64
1634,70
1631,68
1563,67
1620,69
1634,70
1518,64
1517,66
1521,64
1569,67
1577,68
1627,67
1506,61
1623,69
1656,70
1565,65
1632,70
1632,70
1536,65
1497,60
1420,60
1638,70
1632,70
1505,65
1546,65
1615,69
1558,68
1548,66
1637,68
1495,63
1616,68
1554,66
1612,69
1673,69
1547,66
1634,70
1670,69
1630,70
1601,67
1538,65
1614,69
1621,69
1611,68
1628,70
1628,70
1628,70
1567,67
1481,64
1593,67
1480,65
1553,66
1570,66
1655,69
1535,66
1620,68
1509,66
1544,66
1537,67
1628,70
1583,67
1592,68
1576,66
1559,66
1497,62
1661,70
1570,68
1583,67
1628,70
1557,66
1547,66
1555,67
1632,70
1628,70
1628,70
1609,66
1540,65
1543,66
1572,67
1512,65
1529,67
1628,70
1604,69
1575,68
1628,70
1588,67
1649,69
1486,61
1543,65
1675,69
1547,67
1609,69
1634,70
1553,65
1667,69
1583,64
1538,66
1481,62
1522,65
1477,64
1541,64
1511,65
1626,68
1628,70
1533,66
1510,64
1564,67
1523,65
1485,66
1628,70
1626,67
1561,68
1550,65
1479,65
1480,64
1632,70
1502,66
1628,70
1402,63
1634,70
1546,67
1608,69
1617,69
1569,68
1640,70
1551,67
1584,69
1579,68
1628,70
1632,70
1628,70
1570,68
1586,68
1608,68
1558,67
1483,65
1638,70
1557,66
1638,70
1628,70
1525,66
1603,69
1628,70
1628,70
1478,62
1617,66
1628,70
1456,63
1384,59
1611,67
1485,63
1562,68
1634,70
1539,67
1628,70
1628,70
1535,67
1597,69
1634,68
1530,65
1556,66
1593,69
1610,67
1642,70
1628,70
1552,68
1573,68
1575,68
1628,70
1550,66
1576,66
1588,69
1564,67
1649,69
1628,70
1634,70
1614,68
1604,67
1525,64
1522,65
1583,68
1634,70
1588,69
1432,63
1611,69
1586,68
1501,64
1471,63
1605,69
1582,68
1582,68
1453,61
1567,68
1630,70
1628,70
1569,67
1535,65
1628,70
1607,67
1497,63
1650,67
1607,66
1573,68
1557,67
1571,68
1600,69
1611,69
1628,70
1549,68
1584,69
1628,70
1581,68
1628,70
1624,70
1557,66
1584,69
1561,66
1630,70
1539,68
1636,70
1509,65
1591,69
1564,67
1536,65
1624,70
1506,63
1561,66
1568,66
1597,68
1632,70
1582,68
1624,70
1585,67
1597,67
1598,69
1642,70
1624,70
1547,67
1624,70
1529,67
1632,70
1624,70
1643,68
1607,68
1628,70
1601,67
1509,66
1625,67
1515,63
1571,68
1583,67
1565,68
1624,70
1546,68
1624,70
1480,65
1628,70
1481,64
1388,60
1624,70
1642,70
1554,67
1657,70
1517,65
1613,69
1557,69
1601,69
1624,70
1583,68
1587,69
1665,71
1535,67
1599,68
1665,71
1665,71
1619,70
1665,71
1560,66
1665,71
1505,67
1522,67
1627,70
1680,71
1601,70
1634,70
1665,71
1635,69
1540,66
1541,67
1661,71
1646,70
1611,68
1619,70
1555,66
1641,69
1681,70
1551,67
1584,68
1562,68
1536,64
1602,69
1536,67
1563,67
1565,68
1646,70
1497,66
1661,71
1665,71
1583,68
1639,70
1667,71
1666,70
1661,71
1588,69
1530,65
1629,70
1592,69
1661,71
1667,71
1673,71
1584,69
1622,69
1549,69
1661,71
1604,69
1661,71
1606,68
1586,67
1535,64
1578,67
1669,71
1583,69
1625,69
1524,66
1636,70
1578,68
1667,71
1464,64
1661,71
1656,71
1591,68
1585,67
1611,69
1662,71
1627,70
1528,68
1656,71
1574,69
1656,71
1600,69
1656,71
1656,71
1562,68
1476,65
1460,65
1677,70
1551,68
1656,71
1531,68
1532,68
1596,68
1556,68
1502,66
1551,69
1656,71
1596,68
1654,71
1559,68
1654,71
1576,68
1609,69
1475,65
1578,69
1552,65
1622,67
1537,67
1540,69
1654,71
1627,70
1480,66
1646,71
1586,68
1640,71
1582,69
1640,71
1640,71
1642,71
1653,72
1511,68
1653,72
1655,72
1512,66
1564,70
1653,72
1560,67
1653,72
1536,69
1618,71
1613,70
1619,71
1653,72
1655,72
1554,69
1570,67
1578,68
1651,72
1651,72
1437,64
1657,72
1670,70
1548,68
1651,72
1541,68
1683,72
1685,72
1649,72
1636,71
1623,70
1604,68
1582,69
1520,68
1533,67
1501,65
1559,67
1565,68
1612,69
1597,69
1630,71
1649,72
1617,71
1655,72
1553,69
1647,71
1649,72
1616,71
1573,69
1609,71
1571,70
1609,70
1651,72
1630,71
1619,71
1610,70
1649,72
1573,69
1390,61
1594,70
1676,72
1678,72
1393,64
1649,72
1649,72
1654,72
1399,63
1590,70
1649,72
1631,71
1649,72
1440,64
1446,66
1527,66
1544,68
1579,70
1557,68
1667,71
1649,72
1470,65
1681,72
1446,63
1608,69
1542,68
1593,69
1521,69
1647,72
1649,70
1647,72
1611,70
1472,66
1647,72
1638,72
1521,66
1632,72
1632,72
1675,72
1623,70
1628,72
1602,71
1597,71
1601,71
1562,68
1570,68
1643,71
1526,69
1628,72
1457,65
1468,67
1496,67
1567,70
1598,69
1524,67
1626,72
1626,72
1476,66
1626,72
1630,72
1577,70
1654,72
1382,64
1632,71
1626,72
1626,72
1624,72
1539,67
1624,72
1437,66
1624,72
1653,72
1614,71
1634,72
1596,68
1577,69
1624,72
1583,71
1586,69
1624,72
1588,71
1543,69
1645,71
1614,72
1599,70
1512,69
1415,64
1614,72
1530,67
1586,71
1614,72
1567,71
1616,72
1614,72
1631,71
1591,71
1566,70
1427,67
1565,71
1612,72
1612,72
1422,64
1603,71
1696,74
1599,71
1556,68
1700,74
1704,74
1659,72
1698,74
1658,72
1667,72
1714,74
1591,70
1695,73
1668,73
1590,69
1595,71
1419,64
1591,70
1684,74
1684,74
1686,74
1590,71
1480,65
1640,72
1684,74
1572,69
1475,67
1684,74
1692,74
1604,71
1684,74
1684,74
1684,74
1720,72
1647,71
1631,72
1631,73
1648,73
1378,65
1688,74
1684,74
1488,65
1684,74
1554,69
1614,71
1618,72
1684,74
1484,68
1648,73
1605,72
1587,70
1355,63
1611,71
1509,68
1688,74
1592,70
1453,66
1651,72
1589,71
1648,73
1581,71
1684,74
1634,73
1639,72
1600,71
1684,74
1549,70
1616,72
1536,69
1655,73
1534,69
1553,70
1688,74
1684,74
1537,68
1553,69
1634,72
1560,68
1592,71
1626,71
1578,70
1603,70
1650,73
1555,69
1684,74
1686,74
1628,72
1678,72
1589,71
1682,74
1655,73
1669,73
1682,74
1668,73
1494,69
1484,68
1650,73
1694,74
1524,69
1682,74
1583,71
1657,72
1561,69
1502,68
1682,74
1619,71
1483,67
1495,67
1470,67
1585,70
1417,64
1648,73
1682,74
1698,74
1558,70
1682,74
1682,74
1602,72
1646,72
1524,68
1584,69
1613,72
1684,74
1583,71
1620,72
1488,66
1682,74
1662,73
1682,74
1615,71
1506,68
1518,69
1611,71
1677,73
1656,73
1479,68
1682,74
1686,74
1684,74
1488,68
1571,70
1682,74
1527,70
1490,68
1684,74
1392,65
1487,69
1561,71
1495,67
1529,70
1618,71
1567,70
1562,69
1506,67
1642,73
1682,74
1646,73
1581,71
1680,74
1678,74
1439,67
1571,71
1507,68
1569,71
1640,71
1639,72
1684,74
1567,70
1678,74
1652,73
1526,68
1650,73
1492,69
1508,68
1678,74
1678,74
1610,71
1583,70
1688,74
1657,73
1682,74
1680,74
1678,74
1660,73
1687,73
1579,68
1488,67
1538,70
1678,74
1678,74
1536,68
1641,72
1582,71
1554,70
1680,74
1678,74
1678,74
1646,73
1592,70
1607,71
1642,73
1611,71
1392,64
1680,74
1678,74
1502,68
1547,71
1622,72
1554,70
1628,72
1656,73
1557,70
1614,72
1599,72
1678,74
1678,74
1678,74
1644,72
1678,74
1618,72
1670,73
1471,68
1558,70
1644,73
1678,74
1499,69
1542,70
1509,69
1429,67
1655,73
1587,72
1657,73
1640,72
1656,73
1678,74
1576,70
1600,69
1644,73
1603,71
1680,74
1619,72
1678,74
1630,72
1552,70
1678,74
1519,70
1638,73
1571,71
1638,72
1483,66
1574,71
1584,71
1684,74
1490,67
1545,69
1559,69
1678,74
1678,74
1434,66
1535,69
1602,71
1612,71
1607,72
1648,73
1615,72
1678,74
1549,71
1542,70
1634,72
1648,73
1627,72
1678,74
1678,74
1504,68
1493,69
1680,74
1548,68
1684,74
1545,69
1678,74
1588,70
1533,70
1524,70
1547,70
1521,70
1649,72
1612,72
1556,70
1538,69
1585,71
1628,72
1676,74
1684,73
1554,70
1615,71
1589,71
1676,74
1556,70
1534,68
1609,72
1502,68
1628,72
1638,71
1583,70
1539,68
1684,74
1642,73
1572,69
1676,74
1654,73
1676,74
1552,70
1584,71
1633,73
1674,74
1500,68
1696,73
1674,74
1479,68
1674,74
1524,69
1554,69
1682,74
1674,74
1655,73
1557,70
1674,74
1676,74
1632,73
1610,72
1671,73
1653,73
1612,72
1489,68
1676,74
1674,74
1553,70
1611,71
1674,74
1521,69
1558,70
1549,70
1559,69
1619,72
1578,70
1621,72
1581,70
1645,73
1554,70
1665,73
1555,68
1593,70
1617,72
1642,71
1642,73
1680,74
1598,70
1674,74
1663,73
1580,70
1638,73
1591,71
1435,66
1618,72
1674,74
1511,68
1597,72
1674,74
1563,71
1539,70
1654,73
1638,72
1674,74
1676,74
1674,74
1674,74
1566,70
1517,69
1659,73
1674,74
1514,69
1619,72
1573,69
1674,74
1491,68
1674,74
1630,72
1507,68
1674,74
1550,70
1537,69
1644,73
1537,68
1688,74
1661,73
1636,73
1418,66
1613,72
1612,70
1674,74
1529,68
1522,70
1629,73
1674,74
1593,70
1674,74
1674,74
1527,68
1626,72
1563,69
1667,73
1665,73
1637,72
1628,73
1668,73
1676,74
1582,71
1544,69
1623,72
1625,72
1483,66
1629,72
1600,71
1611,72
1694,74
1587,70
1684,74
1545,69
1522,69
1681,72
1623,72
1676,74
1583,71
1682,74
1492,68
1640,73
1674,74
1674,74
1676,74
1454,68
1657,73
1586,70
1680,74
1558,69
1605,70
1672,74
1670,74
1672,74
1510,67
1477,67
1672,74
1607,72
1647,73
1646,72
1615,71
1672,74
1524,69
1587,71
1607,72
1643,73
1627,72
1625,72
1670,74
1676,74
1625,72
1604,70
1637,72
1469,68
1576,71
1556,69
1602,70
1610,71
1670,74
1523,67
1625,72
1473,66
1562,68
1616,70
1563,68
1547,69
1613,72
1498,69
1663,73
1591,71
1616,72
1561,69
1670,74
1697,74
1634,72
1639,73
1651,73
1573,70
1652,72
1477,68
1642,73
1642,73
1569,70
1629,72
1668,74
1682,74
1517,68
1600,72
1632,72
1623,72
1515,67
1592,71
1655,73
1668,74
1555,70
1648,73
1530,69
1670,74
1532,69
1523,69
1542,70
1540,71
1644,73
1615,71
1573,69
1668,74
1632,73
1534,68
1668,74
1583,71
1668,74
1545,71
1674,74
1607,72
1565,70
1647,72
1601,71
1666,74
1666,74
1613,72
1634,71
1672,74
1472,68
1552,70
1666,74
1613,72
1666,74
1634,73
1559,70
1636,73
1481,67
1581,71
1630,73
1512,68
1504,68
1640,73
1661,73
1429,66
1486,68
1612,70
1638,72
1373,66
1678,74
1607,72
1569,71
1535,70
1670,74
1459,66
1665,73
1515,68
1606,71
1562,71
1601,72
1623,72
1603,70
1638,72
1661,73
1572,71
1532,68
1666,74
1621,72
1666,74
1573,69
1636,73
1648,72
1591,70
1521,68
1638,72
1672,74
1536,69
1597,70
1670,74
1666,74
1676,74
1525,67
1456,68
1501,69
1665,73
1553,69
1615,72
1668,74
1644,73
1554,70
1668,74
1661,73
1684,74
1607,71
1653,73
1642,73
1586,70
1666,74
1414,67
1666,74
1610,71
1480,67
1605,71
1644,71
1541,70
1554,70
1581,71
1666,74
1613,72
1666,74
1611,70
1534,70
1566,71
1670,74
1666,73
1509,69
1676,74
1636,73
1666,74
1666,74
1555,71
1666,74
1680,74
1562,69
1666,74
1604,71
1665,73
1569,69
1532,69
1668,74
1680,74
1653,73
1611,72
1609,72
1635,72
1647,73
1678,74
1591,70
1666,74
1636,73
1638,72
1499,68
1642,73
1625,70
1499,68
1497,68
1706,74
1629,72
1583,70
1474,67
1548,70
1674,74
1385,64
1668,74
1587,71
1518,70
1666,74
1532,70
1666,74
1629,72
1610,72
1537,69
1666,74
1570,69
1591,71
1666,74
1630,73
1646,73
1664,74
1642,73
1634,73
1647,73
1674,74
1561,69
1668,74
1664,73
1664,74
1477,68
1678,74
1566,71
1566,71
1473,67
1493,67
1418,66
1435,64
1618,71
1487,67
1560,70
1609,72
1641,71
1664,74
1633,73
1488,68
1611,72
1592,72
1606,72
1672,74
1674,74
1580,71
1664,74
1519,69
1559,70
1589,71
1614,71
1499,68
1494,69
1612,72
1630,73
1551,69
1543,70
1604,72
1622,72
1612,72
1482,68
1435,65
1668,74
1678,74
1672,74
1531,68
1664,74
1635,73
1520,69
1600,71
1489,67
1664,74
1553,70
1666,74
1598,70
1546,70
1664,74
1515,69
1480,66
1602,70
1585,71
1544,69
1664,74
1503,68
1632,73
1664,74
1670,74
1677,73
1628,72
1664,74
1664,74
1565,70
1670,74
1482,67
1525,68
1598,72
1643,73
1664,74
1581,69
1676,74
1509,67
1602,72
1510,68
1597,71
1625,71
1430,64
1664,74
1432,66
1664,74
1558,70
1563,71
1664,74
1619,72
1664,74
1596,72
1637,72
1638,73
1664,74
1609,72
1553,71
1612,72
1570,71
1670,74
1664,74
1642,73
1493,68
1672,74
1664,74
1666,72
1594,70
1606,72
1515,67
1594,71
1628,72
1580,71
1499,67
1666,74
1586,71
1635,73
1429,66
1656,73
1572,70
1664,74
1618,73
1687,75
1564,70
1618,71
1580,70
1687,75
1555,71
1687,75
1639,72
1634,73
1615,72
1634,72
1501,68
1508,67
1550,70
1687,75
1599,72
1638,72
1691,73
1611,72
1687,75
1485,66
1627,73
1687,75
1582,71
1687,75
1687,75
1672,73
1657,74
1588,71
1625,72
1691,75
1598,72
1687,75
1509,69
1649,74
1687,75
1437,66
1615,72
1505,69
1683,75
1664,72
1683,75
1677,73
1576,71
1516,68
1584,70
1592,72
1650,72
1683,75
1683,75
1554,71
1683,75
1624,72
1571,69
1667,74
1610,72
1683,75
1681,75
1681,75
1634,73
1681,75
1578,70
1673,73
1601,71
1596,71
1620,71
1658,73
1612,71
1651,74
1606,72
1566,71
1683,75
1517,68
1660,73
1533,70
1590,72
1622,72
1668,73
1681,75
1540,68
1417,66
1660,74
1643,72
1658,73
1543,69
1681,75
1681,75
1666,73
1681,75
1570,69
1623,72
1681,75
1662,74
1681,75
1556,69
1683,75
1657,74
1579,71
1681,75
1626,72
1686,74
1683,75
1683,75
1689,75
1559,71
1687,75
1580,70
1550,69
1615,72
1681,75
1660,73
1622,73
1676,74
1651,73
1681,75
1681,75
1715,74
1655,74
1612,72
1681,75
1683,75
1609,73
1560,70
1628,72
1681,75
1681,75
1685,75
1601,70
1435,68
1496,67
1679,75
1639,73
1601,71
1654,73
1648,71
1683,75
1618,72
1646,74
1683,74
1673,73
1551,70
1681,75
1654,73
1687,75
1671,74
1645,72
1393,66
1625,71
1670,74
1580,72
1506,69
1683,75
1577,70
1705,74
1602,72
1679,75
1643,74
1654,72
1666,74
1647,73
1699,75
1503,68
1604,71
1595,71
1614,73
1628,72
1599,73
1542,69
1554,70
1609,70
1657,74
1636,71
1679,75
1465,66
1577,70
1631,72
1569,69
1616,71
1702,75
1654,73
1575,72
1584,71
1602,72
1695,74
1677,75
1644,73
1548,69
1598,71
1525,68
1605,72
1677,75
1677,75
1681,75
1679,75
1535,70
1507,68
1662,74
1601,72
1525,68
1613,73
1573,72
1677,75
1606,73
1677,75
1573,72
1672,74
1613,73
1677,75
1677,75
1631,73
1651,74
1483,68
1616,72
1495,67
1649,73
1657,73
1641,74
1677,75
1681,75
1679,75
1600,71
1677,75
1561,71
1671,74
1602,72
1626,72
1586,70
1558,71
1603,72
1607,73
1634,72
1691,74
1655,74
1558,71
1608,70
1527,68
1672,73
1635,72
1677,75
1555,69
1518,71
1679,75
1617,73
1522,69
1677,75
1651,74
1505,68
1677,75
1679,75
1643,73
1548,69
1572,71
1658,74
1576,71
1639,72
1653,74
1679,75
1446,68
1677,75
1608,72
1514,67
1541,70
1677,75
1643,73
1622,72
1677,75
1570,68
1573,71
1607,71
1509,68
1570,71
1687,75
1660,73
1677,75
1677,75
1560,70
1585,71
1600,71
1463,68
1677,75
1643,73
1564,69
1677,75
1620,73
1679,75
1574,71
1677,75
1607,73
1439,65
1677,75
1677,75
1567,70
1644,72
1677,75
1651,74
1681,75
1585,70
1683,75
1677,75
1570,72
1681,75
1607,73
1469,66
1677,75
1548,69
1435,64
1679,75
1665,74
1602,71
1643,74
1587,70
1660,74
1612,72
1453,66
1618,72
1676,73
1616,71
1580,70
1627,72
1572,71
1565,70
1679,75
1613,72
1681,75
1679,75
1527,70
1624,73
1677,75
1631,72
1627,72
1584,69
1444,65
1602,72
1677,75
1645,74
1681,75
1578,71
1572,71
1681,75
1596,71
1601,70
1677,75
1679,75
1512,67
1655,73
1579,71
1568,71
1606,72
1494,66
1574,70
1545,70
1538,70
1583,70
1677,75
1593,71
1647,74
1531,70
1599,73
1679,75
1664,74
1453,66
1622,72
1524,68
1561,69
1605,72
1677,75
1598,72
1565,68
1699,74
1544,70
1677,75
1595,71
1677,75
1522,69
1607,72
1677,75
1677,75
1651,74
1540,69
1631,72
1592,72
1512,68
1562,70
1509,69
1568,69
1572,71
1672,74
1647,74
1643,74
1677,75
1687,75
1683,75
1631,73
1687,75
1585,72
1597,71
1679,75
1677,75
1496,67
1673,73
1567,70
1686,74
1630,71
1607,72
1578,70
1680,74
1522,69
1624,73
1591,71
1644,74
1567,70
1658,73
1518,70
1677,75
1503,68
1605,71
1681,75
1603,72
1563,69
1679,75
1580,70
1479,67
1651,73
1677,75
1619,73
1470,68
1677,75
1650,72
1449,66
1514,69
1677,75
1512,69
1645,74
1530,70
1679,75
1566,71
1602,71
1570,69
1677,75
1641,74
1677,75
1616,71
1677,75
1629,72
1681,75
1655,74
1602,72
1670,74
1611,72
1583,71
1674,74
1588,71
1624,73
1677,75
1679,75
1600,72
1682,74
1645,74
1591,71
1632,73
1601,71
1523,68
1566,72
1535,70
1632,73
1628,72
1491,66
1651,74
1679,74
1572,69
1609,71
1679,75
1663,74
1644,72
1658,72
1653,74
1551,70
1587,71
1623,73
1572,72
1655,74
1561,69
1631,72
1679,75
1622,71
1532,70
1677,75
1677,75
1471,68
1645,74
1511,68
1568,71
1653,74
1665,74
1622,72
1509,70
1570,71
1554,68
1677,75
1597,71
1615,73
1685,75
1556,70
1677,75
1650,71
1677,75
1479,67
1677,75
1452,67
1626,73
1677,75
1666,73
1550,70
1677,75
1501,69
1693,75
1585,70
1685,73
1664,73
1704,74
1595,71
1616,73
1679,75
1651,73
1643,74
1675,74
1502,70
1683,75
1512,70
1677,75
1577,70
1503,69
1681,75
1624,70
1591,72
1677,75
1497,68
1589,70
1662,73
1594,71
1589,71
1678,73
1677,75
1689,75
1677,75
1599,71
1579,71
1585,70
1677,75
1621,72
1640,73
1492,69
1614,73
1647,73
1689,74
1604,71
1679,75
1571,72
1650,73
1683,75
1663,73
1701,74
1631,72
1679,75
1506,68
1672,74
1645,74
1637,72
1679,75
1677,75
1681,75
1498,69
1648,74
1662,73
1562,69
1672,74
1679,75
1533,70
1495,67
1646,73
1632,73
1607,70
1677,75
1648,74
1589,71
1679,75
1677,75
1665,73
1670,74
1592,70
1553,71
1677,75
1647,71
1562,69
1677,73
1593,71
1640,73
1677,75
1700,74
1643,72
1588,71
1533,71
1672,74
1609,71
1556,69
1555,70
1565,71
1584,71
1693,75
1441,66
1606,71
1682,75
1624,72
1548,71
1655,74
1547,70
1623,73
1701,74
1629,72
1559,70
1587,70
1602,70
1675,75
1649,73
1505,68
1646,73
1588,71
1683,75
1655,74
1574,70
1491,69
1607,71
1570,69
1594,71
1675,75
1641,72
1641,74
1654,73
1654,74
1553,69
1675,75
1541,71
1440,65
1631,72
1659,74
1538,70
1512,68
1660,74
1514,70
1679,74
1630,71
1670,74
1681,73
1660,73
1697,75
1685,74
1665,73
1553,70
1602,73
1647,74
1675,75
1607,72
1675,75
1588,71
1632,73
1599,72
1590,72
1612,73
1666,74
1501,70
1646,73
1606,71
1646,74
1675,75
1675,75
1674,74
1683,74
1449,66
1675,75
1625,72
1591,71
1539,70
1675,75
1582,71
1679,75
1685,75
1648,73
1677,75
1610,72
1636,73
1679,75
1618,73
1612,71
1693,75
1552,71
1609,72
1681,75
1657,73
1641,71
1675,75
1624,73
1640,73
1590,71
1635,73
1668,74
1647,74
1675,75
1537,69
1639,74
1616,72
1597,73
1677,75
1497,68
1675,75
1567,71
1699,75
1675,75
1546,71
1654,74
1688,74
1689,75
1679,74
1556,69
1664,74
1546,71
1662,73
1675,75
1705,74
1675,75
1634,71
1539,69
1683,75
1701,75
1623,72
1582,70
1508,65
1648,74
1597,72
1602,71
1637,73
1611,73
1687,75
1566,72
1675,75
1672,74
1573,69
1640,74
1581,71
1677,75
1636,73
1675,75
1436,66
1581,72
1603,71
1578,70
1681,75
1453,67
1687,75
1681,75
1572,70
1681,74
1631,73
1687,75
1703,75
1679,75
1519,70
1638,74
1685,75
1675,75
1664,74
1677,75
1625,73
1581,71
1625,72
1677,75
1675,75
1628,72
1555,69
1517,70
1681,75
1614,71
1548,67
1675,75
1627,72
1531,68
1493,68
1610,72
1646,73
1639,73
1639,74
1550,71
1580,70
1570,70
1644,73
1618,72
1677,75
1601,71
1644,72
1604,72
1572,71
1675,75
1638,74
1719,75
1643,73
1677,75
1677,75
1691,75
1670,74
1474,68
1602,70
1525,68
1652,73
1475,65
1675,75
1527,68
1654,74
1674,73
1675,75
1645,73
1585,69
1675,75
1612,73
1647,74
1594,71
1523,69
1603,72
1579,69
1647,74
1679,75
1585,69
1660,74
1544,71
1675,75
1667,74
1537,70
1610,72
1611,72
1675,75
1675,75
1675,75
1586,71
1677,75
1569,72
1519,67
1444,66
1583,72
1675,75
1685,75
1677,74
1629,73
1543,71
1566,70
1693,75
1655,74
1648,73
1563,69
1709,75
1675,75
1677,75
1677,75
1720,75
1633,72
1510,68
1632,73
1656,73
1659,74
1588,71
1531,69
1681,75
1675,75
1579,69
1665,74
1679,75
1580,73
1637,73
1675,75
1670,74
1681,75
1602,72
1572,70
1513,69
1640,73
1461,66
1637,72
1583,71
1626,73
1616,73
1582,71
1675,75
1594,71
1658,73
1671,73
1581,71
1532,67
1667,74
1654,73
1587,71
1661,74
1506,70
1415,66
1614,73
1675,75
1510,69
1639,72
1675,75
1658,73
1505,69
1677,75
1618,73
1572,69
1626,73
1675,75
1595,72
1687,75
1625,72
1664,73
1640,73
1706,74
1594,70
1643,72
1586,72
1689,74
1545,71
1620,73
1632,73
1669,74
1500,69
1606,72
1645,74
1540,71
1610,72
1553,69
1629,72
1539,69
1530,70
1675,75
1567,70
1476,68
1646,73
1584,70
1679,75
1675,75
1679,75
1635,73
1681,75
1655,74
1556,71
1609,71
1675,75
1670,74
1622,72
1681,75
1677,75
1591,70
1559,70
1593,71
1472,69
1517,68
1675,75
1683,75
1647,74
1677,75
1607,73
1654,73
1683,74
1614,73
1657,73
1360,65
1680,73
1675,75
1620,73
1622,73
1677,75
1650,74
1626,73
1651,73
1675,75
1611,72
1574,71
1577,70
1523,69
1681,75
1654,73
1675,75
1675,75
1675,75
1679,75
1627,73
1555,71
1675,75
1691,75
1470,66
1628,72
1675,75
1648,74
1512,70
1501,69
1640,72
1462,68
1643,72
1667,72
1646,74
1549,69
1677,75
1633,72
1596,73
1511,68
1529,69
1675,75
1610,72
1576,71
1604,72
1653,74
1553,69
1562,70
1657,73
1635,72
1588,71
1585,70
1571,71
1670,74
1685,75
1492,66
1677,74
1650,73
1711,75
1672,74
1585,71
1664,72
1674,74
1675,75
1514,69
1650,73
1654,73
1503,67
1675,75
1579,70
1653,73
1617,72
1603,72
1549,69
1595,70
1679,75
1675,75
1360,65
1648,73
1705,74
1620,71
1401,66
1561,70
1583,70
1591,71
1512,68
1629,72
1570,72
1632,73
1675,74
1675,75
1410,66
1489,68
1622,72
1675,75
1695,75
1542,70
1630,73
1523,69
1593,72
1605,70
1550,71
1489,69
1675,75
1675,75
1621,72
1659,73
1546,70
1557,69
1560,70
1593,70
1541,70
1675,75
1560,69
1675,75
1675,75
1643,71
1511,70
1675,75
1664,73
1558,69
1560,69
1675,75
1682,74
1623,72
1662,73
1639,72
1553,69
1558,69
1605,72
1651,74
1675,75
1690,74
1552,68
1675,75
1679,75
1636,74
1525,69
1606,73
1675,75
1613,73
1674,74
1675,75
1675,75
1615,72
1671,74
1616,73
1677,75
1675,75
1699,75
1525,69
1648,72
1659,74
1675,75
1648,73
1587,72
1612,73
1622,72
1594,72
1655,74
1549,70
1629,73
1591,71
1576,71
1668,73
1675,75
1677,75
1369,66
1677,75
1576,71
1465,68
1623,73
1607,71
1633,72
1650,74
1558,71
1581,71
1675,74
1504,67
1632,72
1646,74
1533,71
1650,73
1636,74
1646,74
1689,75
1693,75
1497,67
1642,72
1540,68
1677,75
1675,75
1625,71
1599,72
1461,68
1675,75
1659,74
1514,69
1585,71
1679,75
1614,71
1675,75
1666,74
1522,69
1667,74
1561,70
1493,67
1539,68
1584,72
1525,70
1587,70
1655,74
1687,75
1577,72
1622,73
1675,75
1645,73
1610,73
1531,70
1577,70
1641,74
1648,72
1533,69
1555,69
1568,69
1559,70
1677,73
1656,74
1629,72
1669,72
1573,71
1626,72
1655,73
1649,73
1675,75
1546,70
1675,75
1609,72
1656,73
1681,75
1533,71
1727,75
1616,73
1587,70
1588,72
1655,74
1675,75
1636,72
1553,71
1662,73
1598,72
1661,73
1650,73
1668,72
1681,75
1660,73
1650,73
1628,72
1618,73
1600,72
1643,71
1622,72
1547,71
1602,72
1653,74
1646,74
1681,75
1654,73
1507,68
1649,73
1616,73
1465,68
1675,74
1651,74
1510,67
1675,75
1514,68
1677,73
1604,72
1681,75
1675,75
1644,73
1592,72
1578,71
1613,72
1645,73
1650,74
1675,75
1624,72
1667,72
1642,74
1675,75
1608,72
1659,73
1619,72
1596,72
1677,75
1624,72
1625,73
1653,74
1681,75
1593,72
1676,73
1677,75
1602,73
1679,75
1675,75
1662,73
1596,71
1582,71
1508,68
1546,69
1538,70
1578,69
1589,71
1675,75
1589,71
1648,73
1623,73
1596,71
1510,67
1659,73
1593,71
1693,75
1675,75
1642,74
1718,74
1671,75
1527,68
1606,70
1601,71
1588,72
1583,70
1673,75
1426,64
1671,75
1671,75
1594,71
1520,68
1469,66
1671,75
1687,75
1585,72
1673,75
1723,75
1589,70
1671,75
1677,75
1669,74
1671,75
1643,72
1568,69
1645,73
1671,74
1673,74
1576,71
1614,71
1683,75
1612,72
1583,70
1671,75
1610,73
1592,71
1671,75
1532,70
1662,74
1671,75
1689,75
1536,70
1673,75
1606,72
1652,71
1675,75
1595,71
1430,65
1459,67
1680,73
1580,70
1672,73
1617,73
1635,74
1569,71
1645,73
1675,75
1553,71
1677,75
1580,70
1671,75
1671,75
1492,65
1654,74
1683,74
1551,70
1545,69
1671,75
1624,72
1447,65
1609,70
1511,69
1681,75
1673,75
1626,73
1671,75
1548,71
1525,68
1673,75
1585,70
1588,69
1534,70
1617,73
1671,75
1662,73
1677,75
1603,71
1536,68
1534,69
1540,70
1607,71
1664,72
1539,69
1611,72
1663,73
1576,69
1616,72
1659,74
1467,67
1659,74
1631,72
1677,75
1673,75
1522,69
1588,70
1575,70
1671,75
1599,69
1519,68
1634,73
1554,70
1671,75
1557,70
1671,75
1640,74
1671,75
1644,74
1490,68
1596,72
1611,72
1583,70
1537,68
1576,69
1375,64
1511,69
1480,67
1638,74
1551,68
1648,73
1522,70
1543,70
1689,74
1655,73
1677,75
1523,68
1635,74
1606,73
1639,73
1641,73
1687,75
1679,75
1673,75
1349,62
1671,75
1602,73
1652,73
1596,71
1657,73
1613,69
1611,72
1675,75
1679,75
1671,75
1616,72
1634,74
1671,75
1654,74
1671,75
1598,71
1675,74
1586,71
1516,70
1502,69
1539,70
1673,75
1569,71
1676,74
1626,73
1606,72
1648,73
1588,70
1671,75
1687,75
1679,75
1597,71
1574,69
1673,75
1648,73
1514,69
1673,75
1671,74
1553,71
1668,73
1461,67
1547,71
1551,69
1602,72
1671,75
1633,72
1522,67
1671,75
1671,75
1640,72
1602,73
1643,74
1344,64
1671,75
1671,75
1553,68
1597,70
1575,70
1458,68
1594,71
1673,75
1568,71
1596,71
1583,70
1609,71
1687,75
1681,75
1503,68
1538,68
1673,74
1625,72
1671,75
1677,75
1677,75
1671,75
1604,70
1652,72
1637,74
1681,75
1605,71
1540,69
1591,71
1662,74
1614,73
1610,73
1641,73
1573,69
1669,74
1636,73
1679,74
1609,72
1482,65
1658,74
1677,75
1438,65
1679,75
1625,73
1642,71
1632,74
1570,69
1673,75
1569,70
1689,75
1652,73
1671,75
1405,62
1529,69
1671,75
1506,68
1557,69
1557,70
1666,74
1679,75
1511,67
1499,69
1663,72
1673,75
1663,72
1541,69
1551,71
1575,71
1671,75
1620,70
1646,74
1671,75
1671,75
1565,71
1552,70
1689,74
1673,75
1503,68
1589,70
1524,68
1677,75
1546,69
1614,73
1575,71
1592,70
1673,75
1671,75
1583,70
1677,74
1671,75
1675,75
1647,74
1649,73
1548,69
1589,71
1658,73
1615,73
1581,71
1679,75
1533,69
1622,73
1632,72
1650,73
1671,75
1579,69
1677,75
1685,75
1344,64
1669,74
1532,68
1584,70
1689,75
1576,70
1655,74
1590,71
1671,75
1671,75
1636,73
1572,72
1603,72
1671,75
1675,75
1691,75
1579,70
1681,75
1675,74
1638,74
1669,74
1616,71
1528,68
1673,75
1648,72
1677,75
1696,75
1626,73
1659,73
1493,67
1687,74
1483,67
1659,74
1630,71
1566,70
1674,74
1671,75
1616,73
1679,75
1568,69
1618,72
1590,71
1540,67
1582,71
1675,74
1553,68
1623,72
1671,75
1643,74
1548,71
1599,72
1671,75
1671,75
1557,70
1539,70
1542,71
1671,75
1591,71
1683,75
1535,68
1659,73
1627,70
1576,70
1675,75
1560,71
1655,74
1557,70
1565,68
1653,74
1554,72
1667,74
1628,72
1511,68
1595,70
1610,73
1613,73
1647,74
1559,68
1618,72
1659,73
1671,75
1611,72
1553,70
1609,71
1621,73
1615,71
1515,69
1646,72
1540,69
1643,71
1663,73
1671,75
1671,75
1673,75
1577,70
1672,73
1551,69
1611,72
1671,75
1671,75
1637,71
1625,73
1585,72
1607,72
1671,75
1681,75
1485,67
1547,69
1568,69
1632,74
1464,64
1640,74
1562,69
1584,72
1671,75
1671,75
1662,73
1649,74
1652,72
1653,71
1580,70
1645,73
1661,72
1635,72
1675,75
1667,74
1669,73
1497,67
1554,70
1612,71
1642,73
1586,71
1663,73
1671,75
1630,74
1671,75
1675,75
1671,75
1602,71
1616,73
1578,70
1671,75
1671,75
1575,72
1620,73
1671,75
1563,70
1673,75
1608,73
1650,73
1581,70
1589,71
1671,75
1671,75
1605,72
1637,72
1683,74
1594,70
1671,75
1681,75
1683,75
1581,70
1638,73
1488,67
1624,73
1630,71
1621,72
1593,71
1671,75
1583,71
1582,72
1549,71
1675,75
1649,74
1601,71
1654,73
1671,75
1641,74
1632,74
1659,73
1683,75
1631,72
1590,71
1452,67
1463,67
1692,74
1586,70
1617,72
1491,65
1601,72
1671,75
1677,75
1527,69
1648,74
1660,73
1687,74
1434,66
1634,73
1636,73
1671,75
1504,68
1570,70
1575,71
1671,75
1543,70
1677,75
1671,75
1655,74
1625,72
1595,70
1575,70
1637,73
1580,71
1681,75
1562,70
1608,72
1632,74
1624,73
1685,75
1502,68
1617,71
1526,68
1519,68
1549,68
1611,72
1677,75
1557,70
1567,69
1534,70
1452,68
1687,75
1449,65
1662,73
1659,74
1627,70
1679,75
1671,75
1701,75
1629,71
1603,70
1576,69
1571,70
1633,72
1671,75
1604,73
1637,73
1567,71
1665,74
1671,75
1616,73
1601,70
1519,68
1685,75
1666,73
1561,69
1671,75
1687,75
1671,75
1595,70
1604,73
1566,68
1669,75
1598,72
1558,69
1576,71
1597,72
1677,75
1669,75
1633,73
1647,74
1520,68
1641,74
1669,75
1394,65
1579,70
1675,75
1565,70
1620,73
1687,75
1582,71
1671,75
1506,68
1654,73
1664,74
1674,74
1626,73
1618,72
1628,74
1564,70
1671,75
1625,74
1669,75
1614,73
1669,74
1606,73
1669,75
1658,73
1669,75
1540,70
1669,75
1669,75
1676,74
1673,75
1565,69
1683,75
1608,73
1611,71
1691,75
1538,68
1545,69
1669,75
1616,73
1540,71
1645,73
1630,73
1677,75
1646,71
1533,69
1591,70
1689,74
1473,69
1624,73
1669,75
1566,70
1650,73
1620,72
1703,75
1577,71
1687,75
1673,75
1520,66
1598,72
1647,74
1656,74
1655,72
1669,75
1459,66
1542,70
1617,72
1669,75
1646,74
1669,75
1669,75
1593,70
1669,75
1551,68
1534,69
1604,73
1578,71
1681,75
1689,75
1669,75
1689,75
1602,71
1625,70
1622,73
1610,70
1539,68
1625,70
1564,71
1669,75
1636,72
1543,68
1577,72
1532,68
1669,75
1669,75
1669,75
1669,75
1552,68
1622,73
1618,72
1669,75
1634,71
1669,75
1480,67
1669,75
1603,73
1679,75
1642,74
1628,71
1628,74
1560,70
1650,73
1669,75
1669,75
1556,69
1657,73
1669,75
1576,70
1468,67
1540,71
1685,75
1669,75
1532,69
1603,72
1637,74
1668,74
1640,73
1610,70
1643,73
1515,69
1643,74
1639,74
1640,73
1627,73
1550,71
1522,67
1506,67
1620,73
1564,70
1600,73
1467,68
1566,71
1655,74
1519,69
1675,75
1584,70
1656,74
1622,72
1608,73
1480,67
1546,70
1586,70
1694,74
1558,71
1592,70
1455,66
1550,68
1568,69
1657,73
1542,70
1650,73
1643,74
1671,75
1676,74
1669,75
1579,70
1578,70
1566,71
1543,70
1558,70
1642,73
1590,71
1608,70
1595,70
1622,72
1669,75
1669,75
1556,67
1578,70
1594,72
1683,75
1599,71
1487,66
1677,74
1505,67
1669,75
1449,66
1475,68
1683,74
1487,67
1612,72
1669,75
1639,74
1573,69
1669,75
1521,68
1614,72
1677,75
1504,67
1559,70
1649,74
1669,75
1553,69
1669,75
1677,75
1669,75
1659,73
1533,68
1677,74
1530,68
1560,70
1649,73
1615,72
1493,68
1606,72
1594,72
1668,74
1669,72
1609,73
1643,74
1669,75
1657,73
1639,73
1650,73
1492,66
1343,63
1627,73
1608,73
1572,70
1573,72
1606,72
1677,74
1493,68
1681,75
1567,72
1687,74
1578,71
1648,73
1603,73
1516,69
1669,75
1582,70
1445,65
1605,71
1641,73
1677,74
1607,73
1583,72
1636,74
1527,69
1637,74
1582,72
1624,71
1614,73
1669,75
1549,68
1619,72
1605,70
1615,71
1573,71
1679,74
1630,72
1669,75
1601,71
1635,74
1590,71
1538,70
1648,72
1552,71
1649,73
1618,72
1669,75
1671,75
1511,67
1629,74
1641,73
1646,74
1700,74
1669,75
1632,73
1657,74
1669,75
1556,69
1671,74
1629,72
1647,72
1686,72
1635,74
1548,69
1625,72
1615,73
1657,74
1608,72
1619,70
1679,74
1648,74
1630,74
1639,74
1636,71
1637,74
1669,75
1669,75
1669,75
1433,67
1608,71
1531,70
1675,75
1630,74
1592,71
1653,72
1669,75
1565,70
1593,71
1638,74
1525,70
1667,74
1669,75
1637,74
1689,75
1669,75
1555,69
1652,73
1685,75
1655,73
1673,75
1537,67
1669,75
1585,72
1669,75
1548,70
1712,75
1608,73
1545,68
1521,70
1481,69
1669,75
1519,69
1573,71
1636,73
1657,73
1622,73
1570,70
1596,70
1468,68
1669,75
1598,71
1669,75
1681,75
1582,70
1528,69
1656,73
1671,75
1682,74
1669,75
1641,73
1641,73
1573,71
1669,75
1524,69
1669,75
1620,72
1669,75
1593,71
1592,70
1656,74
1592,71
1683,75
1608,73
1668,72
1604,71
1572,70
1669,75
1669,75
1486,67
1605,71
1426,67
1669,75
1482,68
1652,72
1671,75
1579,69
1669,75
1669,75
1683,73
1503,69
1591,69
1588,71
1609,72
1546,70
1578,71
1692,74
1632,73
1667,73
1669,75
1648,74
1582,71
1603,72
1680,74
1608,72
1636,72
1560,70
1581,71
1669,75
1551,70
1643,73
1669,75
1669,75
1685,75
1473,67
1419,65
1472,67
1650,74
1659,73
1664,73
1521,70
1644,74
1608,72
1656,73
1673,75
1671,75
1669,75
1673,73
1644,72
1575,70
1555,68
1669,75
1669,74
1669,75
1615,71
1641,73
1669,75
1669,75
1658,73
1615,72
1580,71
1669,75
1649,71
1594,72
1669,75
1594,70
1663,74
1649,74
1669,74
1629,73
1577,72
1677,75
1669,75
1473,67
1683,74
1669,75
1486,68
1655,74
1579,70
1625,72
1677,75
1660,73
1656,73
1567,70
1559,70
1571,70
1677,75
1659,74
1673,75
1638,74
1590,71
1669,75
1636,74
1683,75
1679,75
1595,70
1675,75
1528,68
1661,73
1648,74
1675,75
1669,75
1640,73
1548,71
1498,67
1643,73
1636,74
1638,72
1673,75
1531,70
1677,75
1605,72
1677,75
1567,70
1698,72
1669,75
1576,69
1645,73
1544,70
1548,71
1550,71
1669,75
1632,74
1633,72
1551,69
1561,70
1641,73
1669,75
1652,73
1684,73
1669,75
1642,74
1593,70
1673,75
1584,71
1669,75
1669,75
1647,73
1638,74
1602,70
1625,73
1647,74
1538,70
1509,67
1652,74
1637,73
1524,69
1582,72
1669,75
1549,71
1587,71
1634,71
1621,71
1665,73
1675,75
1566,70
1499,69
1702,75
1669,75
1625,72
1648,73
1689,74
1644,74
1448,66
1669,75
1599,72
1654,74
1569,70
1621,70
1615,73
1482,68
1675,75
1651,72
1621,72
1512,68
1687,75
1632,74
1486,69
1669,75
1510,69
1669,75
1669,75
1669,75
1634,74
1693,75
1643,74
1649,73
1681,75
1421,67
1629,73
1649,74
1639,74
1586,72
1628,72
1677,75
1621,71
1680,74
1653,74
1602,72
1626,73
1671,75
1576,71
1648,72
1540,68
1675,75
1537,71
1636,73
1527,70
1532,69
1669,75
1435,66
1650,73
1569,71
1618,71
1511,67
1630,73
1500,69
1669,75
1669,75
1540,69
1585,70
1677,75
1689,75
1669,75
1502,68
1641,72
1512,69
1606,70
1497,68
1663,74
1633,73
1673,75
1628,73
1671,75
1634,74
1681,75
1502,68
1636,73
1634,73
1570,72
1637,72
1671,75
1538,69
1383,65
1603,72
1669,75
1645,72
1649,74
1597,71
1675,75
1591,70
1598,73
1669,75
1685,75
1648,74
1681,74
1377,66
1598,70
1583,70
1625,73
1645,73
1593,72
1666,74
1576,71
1671,74
1645,74
1669,75
1654,73
1618,71
1607,71
1610,72
1540,70
1643,73
1669,75
1491,68
1452,65
1618,72
1515,69
1687,75
1693,75
1669,75
1641,73
1699,74
1629,74
1641,74
1594,70
1580,70
1635,73
1657,73
1596,72
1452,65
1636,71
1604,70
1664,74
1675,75
1612,72
1558,71
1675,74
1545,70
1584,70
1614,73
1571,71
1538,70
1593,71
1622,72
1652,74
1551,70
1614,73
1669,75
1667,71
1505,68
1615,73
1574,70
1596,72
1587,70
1621,70
1669,75
1620,71
1640,74
1669,75
1633,72
1647,74
1658,73
1687,75
1562,71
1669,75
1669,75
1668,74
1677,75
1606,72
1681,75
1588,71
1487,69
1633,73
1650,74
1669,75
1669,75
1488,68
1655,72
1669,75
1669,75
1679,75
1606,72
1625,73
1417,67
1554,70
1669,75
1595,71
1633,73
1594,73
1650,73
1585,71
1628,73
1647,74
1539,69
1416,66
1702,73
1651,74
1669,75
1648,74
1649,74
1648,72
1443,66
1651,72
1647,74
1573,69
1617,71
1620,71
1664,74
1622,72
1669,75
1636,74
1613,71
1611,72
1673,75
1675,75
1677,75
1661,74
1512,67
1669,75
1612,72
1509,68
1629,74
1615,72
1667,72
1669,75
1669,75
1629,72
1677,75
1480,68
1669,75
1608,73
1669,75
1510,70
1669,75
1677,75
1669,75
1449,68
1654,72
1546,70
1468,68
1512,68
1515,68
1619,73
1525,70
1623,71
1649,74
1635,74
1648,73
1457,65
1658,73
1613,71
1677,75
1669,75
1681,73
1620,71
1669,75
1669,75
1619,71
1672,74
1592,72
1591,71
1393,65
1602,71
1669,75
1652,74
1669,75
1675,75
1588,71
1472,68
1602,72
1638,74
1669,75
1582,71
1675,75
1601,72
1638,73
1656,74
1459,67
1528,69
1669,75
1669,75
1669,73
1669,75
1669,74
1669,75
1630,74
1671,75
1629,72
1596,72
1418,65
1639,73
1669,75
1673,75
1669,75
1553,69
1575,71
1598,72
1646,74
1673,75
1463,67
1452,69
1582,68
1561,71
1645,73
1510,69
1509,67
1612,72
1669,75
1598,69
1662,73
1607,72
1627,70
1642,73
1621,73
1664,74
1633,73
1629,74
1642,73
1578,70
1626,74
1644,73
1510,69
1582,73
1669,75
1586,71
1673,75
1677,75
1533,70
1557,69
1669,75
1611,71
1673,75
1645,74
1662,73
1587,71
1548,70
1663,74
1660,74
1669,75
1592,72
1602,72
1651,74
1615,69
1593,72
1669,75
1620,72
1596,71
1644,73
1286,61
1561,71
1683,75
1669,75
1654,74
1595,70
1669,75
1693,74
1669,75
1669,75
1500,69
1596,71
1536,69
1637,72
1679,74
1638,72
1573,70
1681,75
1590,73
1669,75
1617,71
1593,69
1610,72
1646,74
1591,72
1644,72
1667,74
1675,75
1653,74
1627,72
1641,73
1629,74
1629,74
1594,73
1675,74
1637,72
1644,71
1669,75
1669,75
1549,69
1634,73
1612,73
1671,75
1545,69
1669,75
1615,72
1669,75
1571,72
1609,72
1655,73
1544,70
1669,75
1672,73
1575,71
1628,73
1592,71
1673,75
1576,71
1588,71
1671,75
1461,65
1565,71
1572,70
1669,75
1630,74
1604,73
1469,67
1496,68
1513,70
1671,75
1656,74
1669,75
1640,72
1646,74
1604,73
1560,70
1590,71
1673,75
1559,71
1650,74
1646,72
1634,74
1675,75
1673,75
1575,70
1608,73
1679,75
1645,73
1629,74
1633,74
1600,72
1681,74
1549,70
1546,70
1629,73
1559,71
1584,70
1641,73
1486,68
1527,69
1561,70
1643,71
1643,74
1679,75
1335,63
1588,69
1566,69
1588,71
1620,70
1634,74
1669,75
1679,75
1682,73
1618,71
1655,72
1666,74
1525,67
1529,70
1673,75
1576,70
1571,70
1550,69
1590,71
1677,74
1550,69
1600,71
1656,74
1517,69
1669,75
1471,69
1669,75
1527,68
1534,69
1669,75
1677,75
1622,71
1669,75
1671,74
1630,72
1635,72
1414,67
1656,74
1665,74
1548,71
1683,72
1630,74
1501,68
1648,73
1679,75
1585,70
1673,75
1435,68
1653,74
1673,75
1616,72
1630,74
1656,74
1446,66
1604,73
1498,69
1523,69
1669,75
1669,75
1610,71
1592,71
1527,70
1682,74
1614,73
1588,70
1669,75
1658,73
1669,75
1599,72
1679,74
1571,72
1621,73
1457,65
1619,73
1658,74
1591,73
1632,74
1663,74
1628,71
1638,73
1630,74
1585,72
1460,68
1626,74
1469,67
1647,73
1658,73
1520,68
1529,70
1668,74
1611,71
1683,75
1671,75
1661,72
1512,69
1576,71
1615,72
1569,69
1683,73
1589,72
1635,74
1645,72
1635,73
1444,66
1650,73
1617,71
1608,72
1606,71
1652,74
1669,75
1631,74
1683,75
1604,72
1669,75
1669,75
1638,73
1306,63
1669,75
1662,74
1671,75
1680,75
1587,70
1522,70
1540,70
1694,74
1645,73
1666,74
1669,75
1609,72
1640,72
1635,73
1526,69
1464,67
1638,74
1653,73
1634,74
1648,73
1647,73
1616,72
1543,71
1669,75
1549,69
1585,72
1565,70
1570,70
1626,73
1492,68
1669,75
1547,69
1539,69
1602,72
1679,75
1569,71
1628,73
1599,72
1669,75
1607,71
1575,71
1644,72
1554,71
1628,72
1669,75
1636,73
1550,70
1511,69
1669,75
1473,69
1551,70
1573,71
1626,73
1636,74
1670,74
1675,75
1668,74
1556,72
1479,70
1638,72
1605,71
1606,72
1594,69
1628,73
1652,71
1633,73
1639,72
1653,73
1639,72
1603,72
1669,75
1656,74
1676,73
1571,72
1662,74
1670,73
1559,70
1597,71
1570,72
1669,75
1671,75
1658,74
1544,71
1669,75
1587,71
1669,75
1621,73
1523,71
1615,72
1407,66
1632,72
1636,74
1599,71
1557,69
1681,75
1643,72
1669,75
1669,75
1653,72
1633,73
1545,70
1647,73
1669,75
1534,70
1669,75
1655,73
1633,73
1641,73
1563,70
1677,73
1660,73
1675,75
1539,70
1579,72
1546,69
1613,73
1602,73
1551,70
1577,71
1580,72
1648,73
1589,72
1657,74
1668,74
1669,75
1626,72
1675,74
1669,75
1658,74
1664,73
1641,73
1600,72
1407,66
1656,74
1595,71
1656,74
1669,75
1656,74
1603,71
1673,75
1637,72
1611,72
1687,75
1539,70
1410,64
1544,71
1669,75
1631,73
1622,72
1630,74
1687,75
1675,75
1630,73
1575,72
1646,74
1567,71
1628,73
1670,74
1669,75
1640,72
1625,72
1617,72
1584,70
1659,72
1631,74
1648,74
1559,70
1659,75
1613,73
1638,74
1665,75
1483,69
1546,69
1392,67
1643,74
1665,75
1508,68
1511,68
1622,73
1675,75
1574,71
1502,69
1540,69
1472,67
1684,73
1463,68
1599,72
1656,74
1555,70
1636,73
1518,70
1631,73
1394,66
1485,68
1612,73
1656,74
1650,74
1659,75
1582,71
1646,74
1659,75
1501,69
1659,75
1626,74
1541,70
1579,70
1619,71
1661,75
1619,73
1533,68
1616,73
1609,71
1539,69
1581,71
1659,75
1669,75
1577,71
1587,73
1617,72
1656,74
1606,71
1628,72
1604,71
1581,71
1630,73
1678,74
1659,75
1599,71
1651,74
1540,69
1574,71
1659,75
1659,75
1597,72
1653,74
1662,74
1586,71
1488,66
1663,74
1659,75
1589,70
1699,75
1632,74
1661,73
1441,67
1573,71
1576,70
1506,69
1640,74
1619,72
1659,75
1644,74
1635,73
1659,75
1616,73
1665,75
1659,75
1618,73
1667,75
1659,75
1661,75
1659,75
1644,73
1659,75
1640,74
1618,73
1653,73
1645,73
1636,73
1637,74
1576,70
1527,70
1607,72
1516,70
1628,73
1635,74
1543,70
1497,68
1659,75
1615,74
1659,75
1633,73
1619,73
1521,70
1569,70
1478,70
1652,73
1496,66
1554,71
1578,71
1659,75
1658,74
1539,69
1659,75
1566,70
1587,72
1639,74
1646,74
1656,74
1417,66
1646,74
1659,75
1635,73
1586,72
1569,70
1501,68
1636,73
1642,74
1634,73
1655,75
1623,73
1640,74
1566,71
1644,74
1655,75
1663,75
1635,73
1617,72
1496,69
1477,66
1637,73
1655,75
1610,71
1655,75
1646,74
1611,72
1486,69
1624,73
1669,75
1530,69
1640,73
1636,72
1616,73
1472,69
1540,69
1657,74
1585,70
1566,70
1608,72
1667,75
1496,68
1594,73
1447,67
1631,73
1622,72
1597,71
1546,70
1490,69
1589,72
1594,72
1629,74
1473,68
1603,72
1494,68
1637,74
1601,72
1658,74
1521,70
1619,72
1397,66
1618,74
1655,75
1669,75
1586,72
1560,70
1561,72
1643,73
1640,73
1654,74
1545,70
1655,75
1524,70
1642,74
1580,72
1610,73
1669,75
1558,71
1656,74
1629,73
1651,74
1655,75
1534,71
1584,72
1579,71
1679,75
1616,73
1655,75
1599,72
1657,75
1652,74
1608,72
1517,68
1642,74
1428,67
1663,75
1577,73
1659,75
1616,72
1659,73
1608,73
1618,73
1655,75
1648,74
1618,72
1655,75
1673,74
1655,75
1594,73
1580,71
1658,74
1559,69
1648,74
1671,75
1579,71
1659,75
1617,73
1626,74
1637,74
1537,69
1626,73
1583,71
1648,74
1592,72
1557,70
1642,73
1655,75
1610,73
1505,70
1675,75
1632,73
1635,73
1546,68
1673,73
1655,75
1578,72
1614,74
1642,74
1657,75
1655,75
1655,75
1536,69
1648,74
1655,75
1575,70
1414,64
1720,74
1655,75
1623,74
1665,74
1667,74
1552,72
1591,70
1657,75
1502,69
1537,69
1625,73
1679,75
1653,74
1655,75
1508,69
1638,73
1652,72
1558,71
1649,74
1624,73
1618,73
1635,73
1608,73
1479,68
1655,75
1512,70
1577,72
1579,71
1638,72
1690,75
1572,72
1650,74
1570,71
1655,75
1551,70
1606,73
1516,70
1628,72
1638,73
1575,69
1635,73
1573,71
1622,73
1647,74
1655,75
1486,70
1663,75
1658,74
1655,75
1627,73
1508,69
1618,73
1578,72
1655,75
1388,67
1598,70
1655,75
1646,74
1556,70
1612,73
1625,73
1473,67
1554,70
1636,73
1549,69
1574,71
1606,73
1625,72
1578,70
1624,72
1558,69
1592,72
1661,75
1594,71
1470,68
1597,71
1656,72
1420,65
1580,70
1599,72
1578,70
1644,73
1638,73
1644,73
1531,70
1625,73
1540,70
1594,73
1657,75
1608,72
1655,75
1568,69
1622,74
1579,73
1623,73
1616,73
1616,73
1635,73
1583,72
1655,75
1625,73
1622,73
1538,69
1673,72
1642,74
1626,73
1587,70
1555,70
1568,70
1632,73
1554,69
1655,75
1549,70
1560,69
1657,75
1655,75
1672,74
1655,75
1560,72
1501,67
1632,73
1493,69
1563,70
1603,71
1581,72
1537,71
1573,72
1646,74
1642,74
1491,69
1648,71
1653,74
1556,70
1590,73
1594,73
1530,69
1471,70
1616,74
1634,73
1562,71
1606,73
1609,72
1502,69
1673,74
1615,72
1655,75
1646,74
1615,73
1530,69
1590,70
1655,75
1604,71
1596,72
1553,71
1622,73
1544,70
1673,73
1647,74
1468,67
1601,69
1655,75
1648,73
1669,75
1556,70
1655,75
1622,72
1577,70
1482,66
1655,75
1397,66
1588,71
1495,66
1657,74
1603,73
1644,71
1537,69
1609,73
1657,75
1655,75
1616,73
1580,72
1727,75
1559,70
1528,70
1631,73
1629,73
1558,71
1526,69
1658,71
1523,70
1653,74
1584,70
1655,75
1583,72
1648,73
1536,70
1664,73
1657,74
1565,71
1549,71
1646,74
1619,73
1655,75
1655,75
1644,73
1618,72
1573,70
1655,75
1397,66
1701,74
1622,71
1623,74
1657,75
1467,68
1656,73
1587,72
1556,70
1608,73
1625,73
1477,69
1594,73
1594,71
1598,70
1587,72
1657,75
1661,75
1644,73
1596,73
1655,75
1655,75
1419,66
1650,73
1651,74
1581,72
1659,75
1648,74
1655,75
1581,71
1638,73
1614,73
1657,74
1491,69
1655,75
1569,71
1545,71
1655,75
1657,75
1609,71
1546,70
1550,70
1649,74
1544,69
1609,72
1483,69
1526,69
1591,72
1626,73
1592,73
1579,72
1625,73
1514,68
1500,70
1578,72
1619,74
1638,74
1489,67
1644,73
1645,74
1549,69
1556,70
1589,72
1646,72
1624,73
1636,73
1639,74
1592,70
1621,73
1601,71
1594,73
1597,71
1523,70
1573,71
1544,69
1598,73
1471,70
1621,72
1657,75
1635,74
1665,75
1621,74
1553,70
1596,73
1640,74
1520,71
1637,74
1585,70
1612,72
1614,74
1463,68
1655,75
1467,67
1653,74
1502,69
1667,75
1618,74
1576,71
1448,65
1557,71
1621,72
1655,75
1611,72
1536,70
1661,75
1508,69
1646,74
1684,73
1478,66
1659,75
1587,72
1639,74
1617,73
1629,72
1565,71
1621,72
1655,75
1581,71
1638,72
1655,75
1650,73
1635,74
1559,71
1591,72
1487,68
1603,70
1655,75
1579,73
1601,72
1618,72
1616,73
1605,72
1589,71
1655,75
1524,70
1405,67
1617,72
1565,72
1456,67
1617,73
1604,73
1484,69
1578,70
1655,75
1659,75
1655,75
1499,69
1655,75
1602,70
1655,75
1646,74
1655,75
1645,71
1617,72
1658,74
1635,72
1667,75
1616,73
1521,70
1524,70
1614,71
1544,72
1655,75
1643,74
1549,69
1640,74
1659,75
1570,71
1585,71
1655,75
1616,73
1591,71
1623,74
1490,68
1573,71
1562,70
1654,74
1590,72
1661,75
1657,75
1565,69
1568,70
1517,69
1655,75
1659,74
1556,70
1540,71
1657,75
1635,73
1541,70
1553,71
1657,75
1636,73
1517,70
1638,74
1462,68
1623,71
1621,74
1522,68
1642,73
1565,72
1666,73
1564,71
1621,73
1591,72
1657,75
1426,67
1464,68
1509,68
1634,74
1655,75
1482,68
1652,74
1426,67
1556,70
1521,69
1655,74
1570,72
1541,69
1587,69
1455,69
1616,73
1616,73
1673,75
1661,75
1596,72
1665,75
1527,72
1611,73
1655,75
1573,72
1587,70
1606,72
1578,71
1468,67
1639,74
1649,74
1627,74
1516,69
1509,69
1667,75
1655,75
1661,75
1555,71
1657,75
1480,66
1556,70
1616,71
1655,75
1642,74
1671,75
1579,71
1644,74
1468,66
1593,72
1566,71
1561,71
1688,74
1515,68
1591,72
1655,75
1608,73
1605,71
1616,72
1518,67
1543,70
1653,72
1661,75
1655,75
1527,69
1547,69
1657,75
1655,75
1623,73
1612,73
1565,71
1483,69
1583,70
1598,70
1567,72
1622,73
1588,71
1654,74
1655,75
1642,74
1582,71
1407,66
1571,71
1597,70
1616,73
1455,66
1505,67
1608,72
1531,69
1589,70
1603,73
1553,69
1583,70
1500,69
1598,73
1573,72
1550,70
1580,72
1655,75
1612,72
1638,73
1634,73
1655,75
1640,74
1634,73
1655,75
1642,73
1598,73
1648,74
1669,74
1615,71
1632,72
1644,74
1590,72
1473,68
1645,74
1598,70
1616,71
1642,73
1642,74
1586,72
1655,75
1655,75
1547,70
1547,70
1535,71
1597,72
1642,74
1601,72
1581,69
1597,72
1443,68
1600,72
1655,75
1624,72
1596,72
1614,71
1426,67
1552,68
1604,71
1598,72
1556,71
1655,75
1552,71
1607,71
1562,70
1595,72
1567,71
1655,75
1596,71
1635,74
1623,73
1592,72
1482,68
1663,75
1552,71
1595,71
1556,70
1655,75
1610,73
1568,73
1615,74
1655,75
1655,75
1655,75
1577,72
1513,69
1591,72
1562,69
1657,75
1655,75
1645,74
1655,75
1618,74
1624,72
1539,69
1578,72
1597,72
1578,72
1589,72
1640,74
1535,69
1663,75
1618,73
1631,73
1569,71
1517,69
1611,70
1623,72
1560,70
1556,70
1655,75
1608,73
1566,70
1600,73
1655,75
1622,73
1632,74
1542,70
1655,75
1663,75
1655,75
1518,68
1597,72
1526,68
1647,74
1621,73
1497,68
1642,74
1565,72
1590,71
1610,73
1517,70
1655,75
1647,74
1605,72
1546,69
1649,74
1620,72
1550,69
1657,75
1613,73
1518,69
1633,74
1588,72
1655,75
1554,70
1460,68
1506,69
1623,73
1517,69
1623,73
1657,75
1533,69
1655,75
1531,72
1644,74
1533,69
1657,75
1655,75
1579,70
1533,71
1530,68
1658,74
1609,73
1649,72
1659,75
1565,70
1667,75
1640,72
1606,71
1640,74
1469,68
1642,74
1647,72
1668,74
1655,75
1593,70
1554,70
1502,69
1591,70
1655,75
1603,73
1655,75
1503,68
1655,75
1474,68
1659,75
1656,74
1655,75
1400,65
1571,73
1607,72
1617,73
1613,71
1634,72
1655,75
1655,75
1601,73
1385,65
1602,73
1667,75
1655,75
1629,74
1655,75
1614,74
1655,75
1644,74
1615,72
1527,70
1494,68
1655,75
1655,75
1531,71
1633,74
1487,68
1655,75
1444,67
1655,75
1655,75
1423,65
1565,70
1474,68
1621,72
1657,75
1577,71
1659,75
1489,69
1573,73
1533,71
1655,75
1484,67
1527,71
1598,73
1644,74
1655,75
1655,75
1635,73
1438,67
1403,62
1504,67
1655,75
1637,74
1474,66
1596,71
1679,75
1661,75
1545,71
1657,75
1655,75
1657,75
1612,73
1577,73
1561,71
1629,74
1531,71
1661,75
1655,75
1617,74
1616,74
1590,72
1655,75
1637,74
1547,71
1508,68
1625,74
1665,75
1535,70
1544,71
1577,71
1551,69
1655,75
1644,74
1617,74
1451,66
1498,68
1607,72
1585,72
1620,72
1661,75
1575,69
1611,70
1512,69
1559,71
1655,75
1525,70
1616,72
1619,73
1503,69
1592,71
1580,71
1655,75
1567,71
1655,75
1588,72
1655,75
1616,71
1441,67
1534,67
1655,75
1651,73
1616,72
1583,72
1643,74
1621,73
1655,75
1575,71
1570,70
1617,73
1458,66
1663,75
1496,67
1663,75
1655,75
1573,70
1552,71
1522,69
1605,72
1619,74
1655,75
1655,75
1655,75
1446,65
1510,68
1492,67
1660,74
1558,71
1657,75
1599,73
1583,72
1602,71
1577,73
1655,75
1557,70
1655,75
1655,75
1592,72
1531,69
1657,75
1593,72
1655,72
1639,74
1612,72
1602,73
1511,69
1655,75
1657,75
1651,75
1547,70
1482,68
1651,75
1651,75
1611,73
1653,75
1651,75
1573,72
1619,73
1454,65
1467,70
1641,74
1651,75
1651,75
1571,72
1604,71
1650,73
1557,69
1554,71
1610,73
1574,72
1651,75
1620,73
1651,75
1516,67
1672,72
1648,74
1580,72
1644,74
1479,67
1638,74
1544,69
1629,73
1572,71
1575,71
1655,75
1632,73
1544,70
1651,75
1651,75
1467,67
1521,67
1506,69
1527,71
1581,72
1552,71
1661,75
1651,75
1651,75
1549,71
1443,67
1539,70
1493,68
1653,75
1563,72
1665,75
1579,72
1605,71
1579,72
1545,70
1536,70
1625,73
1529,68
1651,75
1651,75
1592,73
1653,75
1505,69
1651,75
1661,75
1649,74
1533,71
1653,75
1651,75
1651,75
1637,74
1623,71
1589,71
1691,74
1538,68
1579,71
1611,72
1639,74
1637,74
1651,75
1545,69
1532,70
1666,73
1653,75
1449,68
1651,75
1595,70
1604,72
1649,74
1506,68
1649,72
1586,72
1490,68
1629,73
1614,72
1533,71
1571,71
1648,74
1624,71
1579,72
1541,70
1543,71
1575,70
1562,72
1635,74
1607,72
1610,73
1539,71
1597,72
1464,67
1649,74
1571,71
1497,69
1397,64
1651,75
1646,74
1661,75
1653,75
1521,68
1634,74
1441,65
1651,75
1538,70
1651,75
1529,71
1500,68
1562,72
1621,74
1532,70
1547,69
1506,68
1482,66
1543,70
1675,75
1631,74
1556,71
1630,74
1651,75
1483,68
1559,70
1672,73
1551,69
1639,74
1651,75
1651,75
1569,71
1651,75
1412,66
1529,70
1603,71
1580,73
1536,69
1554,70
1510,68
1539,70
1651,75
1546,70
1594,72
1539,69
1606,71
1675,75
1662,74
1482,69
1669,75
1378,66
1595,72
1657,75
1523,69
1661,75
1593,72
1595,72
1592,71
1536,70
1518,68
1565,71
1577,71
1485,69
1644,74
1373,64
1634,74
1535,70
1566,70
1606,73
1571,71
1651,75
1639,74
1554,70
1616,73
1481,70
1684,73
1642,74
1621,73
1529,69
1492,68
1496,69
1612,72
1618,74
1550,70
1535,70
1651,75
1456,67
1554,71
1623,74
1492,68
1651,75
1651,75
1506,68
1657,75
1550,70
1636,74
1504,70
1651,75
1614,74
1542,72
1669,75
1640,74
1642,74
1644,74
1648,74
1640,74
1474,69
1617,73
1571,70
1606,71
1557,71
1564,73
1659,75
1465,67
1655,75
1671,75
1346,65
1655,75
1609,71
1543,69
1621,72
1651,75
1465,67
1481,67
1565,70
1653,75
1651,75
1657,75
1655,75
1538,70
1655,75
1539,70
1494,67
1636,74
1582,73
1498,69
1654,74
1651,75
1651,75
1645,74
1651,75
1617,73
1571,70
1589,70
1445,66
1651,75
1525,68
1651,75
1555,71
1554,72
1532,69
1642,74
1659,75
1509,70
1644,74
1630,73
1665,75
1612,73
1657,75
1605,72
1521,68
1635,73
1599,72
1614,73
1506,69
1509,70
1653,75
1651,75
1658,74
1651,75
1575,73
1572,71
1578,71
1637,74
1600,73
1651,75
1555,70
1526,67
1538,70
1615,74
1568,70
1563,71
1638,74
1559,69
1638,74
1625,73
1639,74
1567,71
1651,75
1651,75
1651,75
1634,72
1627,73
1555,70
1639,74
1655,75
1523,70
1586,70
1651,75
1553,70
1648,74
1605,71
1671,75
1397,66
1556,72
1551,71
1512,70
1542,70
1529,70
1437,66
1599,72
1571,71
1637,74
1577,72
1499,68
1591,72
1607,72
1650,74
1634,73
1568,70
1564,72
1564,70
1409,66
1605,72
1598,71
1675,75
1620,74
1629,73
1651,75
1505,68
1646,74
1651,75
1653,75
1518,68
1628,72
1604,72
1624,73
1540,70
1461,68
1611,73
1433,67
1621,74
1661,75
1640,74
1519,70
1651,75
1624,72
1534,69
1585,71
1424,66
1570,71
1665,75
1385,65
1586,72
1651,75
1602,73
1586,73
1612,72
1651,75
1574,72
1587,71
1651,75
1332,63
1605,73
1651,75
1651,75
1651,75
1655,75
1598,73
1667,73
1576,71
1497,68
1651,75
1625,74
1582,71
1460,68
1651,75
1575,71
1512,67
1613,73
1583,72
1532,68
1651,75
1508,69
1599,73
1589,71
1456,67
1631,73
1617,73
1523,70
1665,75
1606,72
1608,73
1528,69
1593,71
1617,73
1584,72
1659,74
1561,68
1527,68
1566,71
1547,70
1541,71
1671,75
1594,73
1651,73
1594,73
1604,73
1621,74
1651,75
1490,68
1433,66
1574,71
1654,72
1570,71
1612,73
1657,75
1648,74
1651,75
1474,69
1651,75
1655,75
1558,69
1643,74
1510,69
1637,74
1629,74
1456,67
1637,74
1537,68
1577,72
1614,73
1530,69
1639,74
1653,75
1536,69
1389,66
1651,75
1546,70
1528,68
1493,66
1637,74
1396,66
1623,74
1562,70
1549,71
1529,71
1572,71
1651,75
1647,74
1679,75
1493,67
1580,73
1509,69
1651,75
1590,72
1635,74
1657,74
1580,72
1652,74
1537,69
1501,70
1467,70
1525,71
1612,73
1617,74
1649,74
1621,73
1663,75
1457,65
1651,75
1651,75
1501,68
1575,73
1539,71
1524,69
1671,75
1612,73
1624,73
1539,69
1518,69
1651,75
1577,72
1646,74
1469,69
1500,69
1652,74
1543,71
1518,70
1609,73
1577,72
1614,74
1651,75
1609,72
1632,74
1451,66
1623,73
1622,73
1582,72
1556,70
1529,70
1558,71
1639,73
1574,72
1538,72
1653,75
1687,75
1597,71
1644,74
1612,73
1609,72
1603,73
1563,71
1476,66
1628,73
1541,71
1573,71
1590,73
1571,70
1620,73
1502,70
1579,72
1625,72
1597,72
1659,73
1651,75
1651,75
1551,71
1516,68
1559,70
1670,74
1651,75
1651,75
1582,72
1554,71
1575,73
1651,75
1646,74
1563,69
1655,75
1590,71
1642,72
1651,75
1651,75
1631,74
1649,74
1563,70
1624,72
1651,75
1529,71
1640,74
1544,70
1638,74
1553,72
1613,73
1507,69
1589,72
1537,68
1604,70
1626,72
1479,68
1651,75
1651,75
1441,66
1613,73
1610,73
1493,70
1538,68
1638,74
1651,75
1551,70
1539,68
1577,72
1651,75
1612,74
1612,73
1599,69
1651,75
1609,73
1651,75
1651,75
1537,71
1525,69
1590,72
1651,75
1568,72
1651,73
1602,73
1619,73
1531,69
1643,72
1653,74
1474,66
1651,75
1612,74
1633,74
1535,70
1606,71
1543,71
1517,69
1552,71
1506,69
1587,72
1582,70
1396,64
1651,75
1651,75
1570,71
1425,67
1546,71
1609,73
1655,75
1541,70
1563,71
1651,75
1638,74
1487,69
1655,75
1651,75
1578,73
1546,69
1587,72
1651,75
1672,74
1637,73
1464,68
1623,74
1651,75
1651,75
1711,75
1608,73
1587,72
1651,75
1607,72
1496,68
1558,71
1651,75
1593,72
1637,74
1460,66
1500,69
1595,73
1452,68
1628,71
1623,74
1569,71
1535,71
1624,74
1636,74
1527,70
1659,75
1473,67
1601,73
1661,75
1565,70
1558,70
1665,75
1615,73
1595,73
1562,70
1677,75
1534,72
1609,72
1651,75
1573,72
1638,74
1592,73
1665,75
1651,74
1577,72
1627,74
1525,71
1525,70
1553,70
1527,69
1578,71
1595,72
1481,68
1556,71
1529,71
1637,73
1608,74
1645,74
1655,75
1661,75
1579,72
1649,74
1558,71
1623,73
1558,72
1491,68
1677,75
1653,75
1485,69
1447,69
1560,71
1573,73
1655,75
1672,74
1610,74
1608,74
1580,71
1655,75
1612,73
1547,71
1653,75
1521,71
1579,72
1667,75
1608,73
1588,73
1636,74
1661,75
1513,70
1608,72
1651,75
1627,74
1665,75
1623,74
1651,75
1500,67
1523,70
1580,71
1653,75
1661,75
1612,74
1593,72
1625,74
1671,75
1582,70
1650,74
1614,73
1559,71
1540,70
1605,73
1515,69
1540,71
1577,73
1669,75
1642,74
1514,69
1578,73
1401,66
1435,66
1556,71
1588,73
1588,73
1663,75
1651,75
1553,71
1612,74
1713,76
1651,74
1575,71
1593,71
1713,76
1673,74
1592,71
1699,75
1713,76
1644,73
1603,72
1701,74
1725,76
1717,76
1690,74
1713,76
1652,74
1512,69
1547,70
1713,76
1650,73
1639,72
1667,75
1713,75
1544,70
1608,71
1640,72
1640,73
1649,73
1705,75
1667,75
1713,76
1500,68
1682,75
1647,73
1729,76
1733,76
1705,75
1706,75
1713,76
1688,75
1713,76
1622,72
1592,71
1590,71
1582,72
1582,71
1678,75
1687,74
1548,70
1668,73
1713,76
1580,71
1515,69
1581,69
1408,64
1685,75
1713,76
1705,75
1607,72
1715,76
1683,75
1546,69
1659,73
1669,74
1548,70
1661,74
1571,71
1686,75
1638,72
1609,73
1717,76
1649,74
1530,70
1566,71
1713,76
1713,76
1679,74
1683,74
1702,75
1713,76
1580,71
1600,72
1624,71
1585,72
1713,75
1571,70
1591,71
1660,74
1698,75
1713,76
1602,71
1715,76
1598,69
1715,76
1612,73
1729,76
1569,69
1707,75
1636,71
1731,76
1713,76
1690,75
1476,69
1553,70
1668,74
1557,71
1615,72
1664,74
1640,73
1683,75
1540,68
1649,73
1534,70
1711,75
1638,72
1713,76
1667,75
1605,73
1684,74
1718,75
1491,69
1713,76
1573,71
1731,76
1721,76
1582,72
1689,75
1718,75
1713,76
1671,74
1715,76
1485,67
1548,70
1364,64
1714,75
1616,72
1678,75
1713,76
1713,76
1693,75
1599,72
1653,74
1655,73
1713,76
1715,76
1711,75
1629,72
1676,74
1735,76
1501,69
1669,74
1687,75
1625,72
1662,73
1723,76
1710,75
1735,76
1467,67
1457,67
1698,75
1713,76
1465,68
1682,75
1632,72
1686,74
1713,76
1579,70
1688,74
1606,70
1593,72
1580,71
1713,76
1687,75
1667,74
1678,74
1731,76
1685,75
1672,74
1719,76
1661,74
1716,75
1637,74
1710,75
1650,73
1719,76
1548,69
1675,75
1630,73
1713,76
1694,75
1713,76
1660,73
1731,76
1713,76
1653,73
1518,69
1715,76
1713,76
1657,72
1713,76
1584,72
1672,73
1713,76
1637,74
1676,73
1702,75
1713,76
1715,76
1715,76
1713,76
1713,76
1713,76
1663,74
1640,73
1596,72
1484,67
1661,74
1668,74
1653,73
1613,72
1654,74
1681,75
1719,76
1639,74
1713,76
1683,74
1513,70
1721,76
1616,71
1653,73
1715,76
1631,74
1715,75
1673,75
1640,72
1617,73
1615,72
1672,75
1708,75
1565,70
1678,74
1631,72
1713,76
1687,74
1646,72
1717,76
1453,67
1469,66
1630,72
1715,76
1485,68
1728,75
1705,75
1640,74
1547,70
1615,71
1637,74
1704,75
1681,74
1713,76
1640,73
1488,66
1668,73
1713,76
1655,74
1664,74
1553,70
1704,75
1653,74
1692,75
1641,74
1535,69
1713,76
1718,75
1717,76
1599,71
1710,75
1557,71
1658,73
1713,76
1593,71
1675,75
1735,76
1542,71
1637,72
1687,74
1460,68
1624,72
1717,76
1669,74
1587,70
1635,74
1713,76
1688,75
1691,73
1621,72
1649,73
1715,76
1715,76
1651,73
1553,70
1684,75
1715,76
1659,74
1543,69
1597,70
1676,73
1670,74
1597,70
1707,75
1713,76
1633,73
1543,69
1729,76
1666,74
1713,76
1713,76
1618,73
1715,75
1713,76
1708,75
1587,71
1668,74
1575,70
1741,76
1557,70
1500,68
1663,74
1600,73
1719,76
1617,71
1538,69
1719,76
1524,68
1697,74
1705,74
1715,76
1684,74
1713,76
1640,73
1606,71
1455,66
1633,73
1729,76
1617,73
1696,75
1554,71
1702,74
1654,74
1687,75
1603,72
1679,75
1691,75
1635,73
1607,70
1381,65
1549,71
1598,70
1689,75
1713,76
1620,71
1616,73
1598,72
1599,72
1727,76
1672,73
1521,67
1733,76
1552,71
1713,76
1619,71
1576,71
1713,76
1713,76
1602,72
1649,74
1621,73
1620,71
1699,75
1702,75
1618,73
1608,72
1652,74
1715,75
1713,76
1612,72
1597,72
1733,76
1713,76
1715,76
1621,72
1543,69
1646,74
1577,69
1587,72
1631,73
1695,75
1713,76
1498,67
1677,73
1657,74
1567,70
1719,76
1545,70
1545,69
1633,73
1676,74
1715,76
1755,76
1356,62
1669,74
1672,75
1721,76
1557,69
1694,75
1531,70
1655,74
1710,74
1575,72
1489,68
1628,73
1541,67
1555,70
1713,76
1713,76
1713,76
1560,70
1656,74
1546,68
1562,70
1559,70
1607,71
1717,76
1682,73
1657,74
1715,76
1628,72
1713,76
1616,72
1721,76
1540,70
1697,75
1721,76
1713,76
1713,76
1691,73
1679,75
1548,70
1445,66
1716,75
1705,75
1713,76
1727,76
1592,72
1649,74
1585,69
1665,75
1661,74
1689,74
1666,74
1651,74
1713,76
1695,75
1491,68
1713,76
1606,72
1722,75
1713,76
1600,71
1578,71
1537,70
1552,71
1683,74
1604,73
1680,75
1683,74
1713,76
1523,70
1687,75
1534,70
1713,76
1502,67
1670,75
1437,67
1533,68
1468,67
1665,75
1565,71
1713,76
1675,75
1708,75
1733,76
1713,76
1717,76
1547,67
1510,69
1578,72
1463,67
1721,76
1662,73
1666,75
1613,72
1608,72
1613,73
1485,68
1678,75
1715,76
1627,73
1581,71
1554,71
1597,71
1723,76
1713,76
1674,72
1655,74
1695,75
1652,73
1547,71
1600,72
1661,74
1661,74
1703,75
1713,76
1651,73
1509,69
1715,76
1529,70
1719,76
1713,76
1666,73
1611,73
1555,70
1381,65
1719,76
1669,74
1609,73
1592,72
1686,74
1504,69
1689,75
1649,74
1698,75
1580,70
1687,75
1690,74
1558,69
1639,73
1677,75
1606,71
1715,76
1612,73
1721,76
1729,76
1571,71
1703,75
1692,75
1659,74
1713,76
1653,74
1713,76
1717,76
1713,76
1685,75
1713,76
1553,69
1542,70
1547,70
1682,74
1721,76
1455,67
1713,76
1749,76
1663,74
1713,76
1713,76
1556,71
1679,75
1576,69
1713,76
1497,69
1585,71
1627,74
1721,76
1713,76
1690,75
1687,74
1717,76
1588,72
1594,72
1618,73
1592,72
1518,68
1718,75
1725,76
1673,75
1715,76
1719,76
1677,74
1658,74
1531,70
1566,72
1627,74
1717,76
1673,74
1637,73
1557,69
1718,75
1713,76
1751,76
1676,73
1715,76
1725,76
1665,75
1687,74
1713,76
1695,75
1713,76
1624,73
1608,71
1749,76
1715,76
1715,76
1598,70
1693,75
1713,76
1665,74
1675,75
1647,73
1701,75
1713,76
1705,75
1721,76
1532,70
1723,76
1566,71
1717,75
1571,70
1553,70
1713,76
1438,67
1697,75
1714,75
1713,76
1486,68
1610,73
1719,76
1713,76
1728,75
1713,76
1689,75
1530,70
1581,71
1713,76
1721,76
1547,70
1546,69
1690,75
1586,70
1713,76
1665,72
1629,73
1668,75
1717,75
1683,75
1605,70
1492,68
1580,71
1515,69
1626,73
1689,75
1719,76
1671,75
1497,69
1556,69
1707,75
1713,76
1713,76
1729,76
1643,73
1689,75
1713,76
1557,70
1590,69
1713,76
1545,71
1658,74
1513,67
1619,73
1649,74
1713,76
1685,74
1472,68
1673,75
1715,76
1690,74
1692,75
1722,74
1527,68
1715,76
1741,76
1613,72
1713,76
1553,70
1624,71
1675,72
1541,70
1713,76
1653,73
1495,67
1713,76
1528,69
1731,76
1470,66
1569,70
1643,73
1615,72
1579,70
1681,74
1642,73
1666,75
1484,67
1611,72
1528,69
1685,75
1610,71
1713,76
1608,71
1565,71
1640,73
1715,76
1621,72
1713,75
1675,74
1715,76
1713,76
1561,70
1649,74
1670,75
1721,76
1624,73
1599,70
1650,74
1569,72
1693,75
1698,75
1639,74
1559,71
1639,72
1567,70
1715,76
1566,71
1643,74
1625,72
1573,72
1645,72
1713,76
1713,76
1713,76
1675,74
1636,73
1713,76
1641,72
1664,74
1713,76
1492,67
1621,73
1723,75
1587,71
1652,74
1677,75
1614,73
1628,73
1649,74
1621,72
1627,72
1713,76
1710,75
1698,75
1715,76
1608,72
1713,76
1636,73
1565,71
1713,76
1713,76
1681,74
1723,76
1562,72
1721,76
1701,76
1675,73
1643,74
1505,70
1464,67
1456,66
1608,71
1701,76
1616,72
1701,76
1580,72
1701,76
1680,74
1676,72
1613,72
1524,67
1703,76
1723,76
1474,66
1701,76
1595,72
1707,76
1701,76
1681,75
1620,73
1562,72
1563,70
1703,76
1572,69
1460,66
1668,74
1527,68
1658,73
1701,76
1705,76
1579,70
1652,74
1717,76
1568,71
1618,72
1646,74
1564,68
1643,73
1629,74
1489,68
1616,71
1547,71
1605,71
1559,70
1593,71
1543,68
1703,76
1594,73
1659,73
1443,65
1658,72
1595,71
1615,71
1663,72
1733,76
1413,66
1671,75
1560,69
1707,76
1599,72
1502,70
1715,76
1658,75
1711,76
1671,75
1430,66
1649,73
1628,73
1636,72
1679,75
1706,72
1705,76
1441,65
1589,72
1639,74
1549,70
1590,72
1650,74
1651,74
1549,70
1701,76
1654,75
1712,75
1653,74
1701,76
1577,72
1701,76
1549,71
1527,69
1548,70
1579,72
1589,72
1642,73
1679,75
1670,74
1682,75
1579,70
1620,71
1491,66
1603,71
1630,73
1629,74
1567,70
1473,66
1701,76
1709,76
1679,75
1703,76
1701,76
1626,73
1572,68
1638,73
1543,69
1721,76
1662,75
1652,75
1541,69
1630,72
1549,70
1575,70
1705,76
1715,76
1555,68
1725,76
1590,70
1667,75
1640,74
1703,76
1645,72
1703,76
1514,68
1709,76
1552,69
1701,76
1693,74
1711,76
1647,74
1701,76
1637,72
1695,74
1701,76
1705,74
1644,73
1699,76
1688,75
1699,76
1650,74
1551,69
1699,76
1663,75
1587,70
1699,76
1656,74
1707,76
1603,71
1658,75
1655,75
1520,66
1705,76
1665,75
1615,73
1672,74
1699,76
1626,74
1594,70
1707,76
1626,74
1652,74
1635,73
1553,72
1593,70
1607,72
1587,70
1573,70
1698,75
1587,70
1634,72
1705,76
1528,67
1701,76
1704,75
1493,68
1705,76
1662,74
1711,76
1563,70
1616,73
1538,68
1519,69
1649,74
1699,76
1701,76
1690,75
1617,71
1655,74
1531,67
1699,76
1583,72
1719,75
1703,76
1530,70
1654,75
1703,76
1624,72
1699,76
1575,70
1659,72
1697,76
1711,76
1589,69
1613,73
1701,76
1653,74
1697,76
1660,73
1709,76
1723,76
1564,72
1705,76
1552,70
1697,76
1697,76
1691,75
1703,75
1697,76
1665,74
1703,76
1611,72
1549,71
1649,74
1595,71
1697,76
1715,76
1703,76
1697,76
1520,70
1695,76
1695,76
1644,74
1534,69
1672,75
1695,76
1549,69
1657,73
1697,76
1515,71
1676,74
1697,76
1496,65
1536,71
1667,74
1613,71
1646,71
1695,76
1609,73
1635,73
1612,73
1634,71
1697,76
1579,72
1627,73
1669,74
1562,72
1555,70
1659,75
1695,76
1659,75
1460,67
1649,74
1594,70
1608,72
1555,70
1553,69
1633,72
1557,70
1666,75
1494,68
1515,71
1652,73
1605,70
1695,76
1695,76
1553,70
1571,71
1658,74
1429,65
1699,76
1673,75
1509,69
1689,74
1470,67
1636,73
1661,75
1545,71
1643,73
1703,76
1711,76
1561,71
1563,70
1699,76
1535,70
1550,68
1643,71
1640,74
1709,75
1612,72
1681,75
1462,67
1648,75
1667,75
1699,76
1695,76
1695,76
1504,69
1601,72
1577,71
1609,71
1530,68
1659,75
1608,69
1618,72
1654,74
1695,75
1708,75
1666,75
1458,66
1486,68
1464,65
1695,76
1519,69
1613,71
1594,72
1528,68
1697,76
1687,75
1667,74
1686,75
1652,72
1686,75
1527,68
1596,71
1622,74
1612,72
1637,71
1677,75
1558,69
1557,71
1695,76
1664,73
1406,65
1536,70
1632,73
1626,74
1557,70
1617,73
1599,70
1648,75
1707,76
1695,76
1695,76
1589,70
1701,76
1589,70
1695,76
1659,73
1695,76
1498,67
1719,76
1629,73
1729,76
1616,73
1695,76
1621,72
1602,71
1653,73
1695,76
1697,76
1596,72
1488,67
1605,72
1695,76
1590,71
1566,70
1603,73
1695,76
1695,76
1744,77
1721,76
1520,69
1528,67
1630,73
1630,73
1506,68
1720,76
1646,72
1540,70
1623,72
1703,76
1697,76
1721,75
1724,76
1563,69
1718,75
1752,77
1612,73
1500,68
1601,71
1490,67
1561,69
1733,77
1626,71
1621,73
1696,76
1611,71
1520,69
1582,70
1706,75
1686,73
1614,73
1592,71
1548,70
1511,69
1620,73
1541,70
1608,72
1717,76
1709,76
1716,76
1691,75
1733,77
1462,66
1467,68
1743,77
1516,68
1531,69
1555,69
1756,77
1420,64
1661,74
1585,72
1649,72
1621,73
1532,69
1650,73
1630,74
1653,71
1733,77
1538,69
1620,72
1572,69
1685,74
1710,75
1663,74
1678,75
1691,75
1603,70
1739,76
1582,72
1654,73
1733,77
1545,69
1733,77
1697,75
1666,74
1428,66
1632,73
1733,77
1644,73
1446,67
1508,68
1470,66
1553,72
1620,70
1733,77
1521,69
1584,71
1667,74
1719,76
1598,72
1569,71
1705,75
1609,71
1528,68
1665,74
1547,70
1467,68
1610,72
1533,69
1644,74
1625,74
1698,76
1733,77
1576,71
1729,76
1625,74
1591,72
1621,72
1739,77
1733,77
1518,69
1601,71
1741,77
1620,73
1535,68
1733,77
1525,68
1662,75
1710,75
1733,77
1636,74
1712,75
1620,72
1688,75
1733,77
1620,72
1733,77
1547,70
1589,71
1581,72
1434,66
1743,77
1713,76
1754,77
1667,74
1525,69
1733,77
1642,74
1584,72
1733,77
1739,77
1733,77
1662,72
1487,68
1506,69
1642,72
1367,65
1719,76
1513,69
1705,76
1623,74
1515,70
1714,76
1733,77
1718,76
1733,77
1603,71
1676,75
1736,77
1696,76
1492,67
1733,77
1574,70
1602,70
1749,77
1550,68
1679,74
1737,77
1549,69
1741,77
1594,71
1670,75
1741,77
1584,71
1519,69
1599,73
1755,77
1556,69
1645,72
1457,67
1743,77
1705,75
1617,72
1511,69
1703,76
1548,67
1696,76
1678,75
1739,77
1644,74
1644,74
1646,73
1597,70
1654,73
1465,66
1543,68
1585,72
1599,72
1446,65
1585,70
1708,75
1733,77
1568,71
1657,73
1449,67
1509,67
1693,75
1733,77
1694,76
1695,75
1666,74
1562,68
1598,71
1623,73
1626,72
1412,65
1733,77
1645,73
1629,73
1691,75
1733,77
1603,71
1566,70
1489,68
1422,65
1623,72
1697,76
1446,65
1639,72
1711,76
1445,67
1594,72
1536,68
1737,77
1584,70
1687,73
1733,77
1725,76
1724,76
1522,69
1545,69
1733,77
1469,68
1493,68
1632,73
1585,70
1631,72
1733,77
1605,71
1699,76
1670,75
1518,67
1584,70
1493,68
1387,64
1605,71
1687,75
1733,77
1592,73
1733,77
1487,68
1607,69
1741,77
1599,72
1733,77
1531,69
1713,75
1566,69
1454,69
1644,74
1497,66
1451,67
1632,71
1743,77
1472,67
1725,76
1672,74
1621,72
1634,74
1619,72
1733,77
1745,77
1733,77
1598,70
1646,71
1641,72
1624,71
1572,70
1626,73
1644,74
1504,68
1628,73
1720,76
1605,73
1628,71
1733,77
1612,72
1573,71
1580,70
1617,72
1741,77
1594,71
1579,70
1733,77
1619,72
1631,72
1741,77
1694,76
1561,70
1497,67
1521,68
1501,69
1733,77
1573,71
1614,73
1676,74
1703,76
1725,76
1562,69
1733,77
1468,67
1739,77
1519,69
1733,77
1733,77
1634,74
1733,77
1566,71
1507,66
1733,77
1733,77
1414,66
1614,71
1669,75
1478,68
1601,73
1681,75
1542,71
1692,76
1550,70
1733,77
1733,77
1731,77
1733,77
1731,77
1701,76
1593,70
1543,69
1608,73
1473,64
1486,69
1634,74
1596,73
1701,75
1656,75
1664,74
1731,77
1554,69
1480,68
1603,72
1735,77
1527,69
1575,71
1562,69
1731,77
1646,75
1450,64
1735,77
1578,71
1450,68
1697,76
1683,75
1576,70
1553,69
1627,73
1543,67
1591,72
1731,77
1636,71
1653,74
1580,72
1727,75
1560,69
1643,74
1731,77
1512,69
1731,77
1369,63
1735,77
1731,77
1692,76
1555,71
1646,73
1731,77
1562,70
1688,74
1627,73
1540,70
1566,71
1659,73
1515,67
1485,68
1618,72
1545,70
1641,73
1627,73
1659,72
1627,72
1731,77
1731,77
1731,77
1600,73
1496,68
1687,75
1668,75
1718,76
1730,76
1733,77
1551,69
1664,75
1541,69
1731,77
1415,64
1707,76
1432,66
1689,75
1604,72
1515,67
1592,73
1731,77
1553,72
1577,70
1534,68
1668,74
1668,74
1630,74
1731,77
1632,73
1561,72
1731,77
1661,74
1731,77
1571,71
1682,75
1576,68
1586,70
1668,75
1663,74
1731,77
1536,68
1731,77
1675,75
1735,77
1701,76
1697,76
1731,77
1525,69
1440,64
1614,72
1529,70
1733,77
1486,66
1545,72
1457,65
1417,66
1640,74
1604,73
1423,65
1551,71
1733,77
1662,75
1544,68
1539,69
1731,77
1579,71
1518,70
1729,77
1729,77
1654,71
1639,72
1600,71
1491,67
1745,77
1441,66
1547,70
1729,77
1654,74
1571,72
1729,77
1737,77
1761,77
1546,70
1678,75
1522,67
1729,76
1620,74
1546,70
1688,76
1733,76
1377,63
1545,69
1542,70
1461,66
1600,71
1727,76
1697,76
1569,72
1569,72
1487,69
1446,66
1640,74
1748,77
1729,77
1729,77
1654,73
1731,77
1689,75
1541,71
1587,71
1559,68
1437,64
1513,68
1468,66
1734,77
1739,76
1553,71
1561,72
1611,72
1549,70
1510,68
1729,77
1729,77
1617,71
1533,68
1568,71
1697,76
1529,69
1612,73
1529,68
1729,77
1434,65
1600,72
1689,75
1731,77
1518,68
1513,70
1659,75
1733,77
1468,67
1365,63
1712,76
1707,76
1589,70
1552,70
1666,75
1729,77
1729,77
1729,77
1666,75
1560,69
1474,68
1672,73
1697,76
1684,75
1588,71
1656,74
1540,71
1707,76
1640,74
1729,77
1554,71
1565,72
1455,67
1749,77
1618,73
1573,71
1729,77
1729,77
1454,63
1731,77
1729,77
1622,74
1593,72
1514,67
1413,66
1713,76
1700,76
1729,77
1523,69
1484,68
1475,67
1485,66
1460,65
1610,73
1651,74
1644,74
1598,73
1701,76
1732,76
1477,67
1687,75
1581,72
1527,68
1710,76
1543,69
1644,74
1529,69
1710,74
1519,69
1729,77
1693,76
1427,67
1653,74
1624,72
1667,75
1729,77
1664,75
1670,75
1517,67
1385,64
1502,67
1681,75
1532,70
1493,69
1626,72
1599,72
1650,73
1729,77
1559,70
1701,76
1729,77
1573,70
1630,73
1560,70
1717,76
1639,74
1626,73
1602,71
1565,71
1582,72
1514,68
1608,74
1554,70
1603,73
1729,77
1729,77
1533,69
1625,73
1681,74
1686,75
1729,76
1496,68
1633,72
1697,76
1709,76
1553,70
1580,73
1663,75
1601,71
1575,70
1729,77
1631,71
1521,68
1729,77
1466,67
1564,72
1578,69
1531,69
1671,75
1455,68
1713,75
1517,69
1644,75
1729,77
1697,76
1510,69
1731,77
1583,71
1735,77
1729,77
1406,64
1700,75
1679,75
1568,69
1729,77
1581,71
1729,77
1593,71
1547,69
1552,70
1729,77
1729,77
1563,69
1529,70
1621,74
1321,62
1493,68
1529,68
1462,66
1588,72
1644,73
1733,77
1729,77
1674,75
1577,70
1695,75
1504,67
1630,73
1729,77
1527,68
1617,72
1480,68
1729,77
1567,70
1553,70
1532,69
1729,77
1729,77
1465,66
1696,75
1545,71
1610,74
1598,73
1663,75
1710,75
1563,70
1582,73
1674,75
1448,64
1666,75
1622,72
1574,71
1536,70
1731,77
1743,77
1641,74
1471,66
1729,77
1620,72
1701,76
1731,77
1512,69
1568,69
1449,66
1697,76
1580,71
1637,73
1729,76
1728,77
1695,76
1595,71
1579,69
1728,77
1480,65
1533,68
1482,68
1700,76
1587,72
1553,70
1698,76
1668,75
1560,69
1732,77
1610,72
1728,77
1615,72
1538,69
1734,77
1412,63
1728,77
1728,77
1664,74
1740,77
1638,72
1619,70
1548,70
1694,76
1728,77
1582,71
1467,64
1656,74
1566,72
1603,72
1626,73
1531,69
1728,77
1734,77
1728,77
1503,66
1746,77
1718,76
1538,68
1704,76
1680,75
1568,72
1728,76
1659,75
1551,69
1732,77
1728,77
1728,77
1549,72
1497,67
1728,77
1746,77
1647,74
1490,67
1566,72
1660,73
1728,77
1728,77
1508,69
1728,77
1704,76
1728,77
1675,74
1734,76
1728,77
1718,76
1656,73
1646,73
1563,68
1590,72
1631,73
1593,72
1542,68
1749,77
1728,77
1642,74
1548,70
1728,77
1728,77
1488,67
1581,71
1507,67
1728,77
1642,74
1728,77
1531,68
1569,71
1546,68
1694,76
1525,68
1596,72
1439,67
1491,66
1670,75
1695,76
1728,77
1728,77
1522,65
1750,77
1474,64
1728,77
1511,68
1736,77
1728,77
1571,70
1603,71
1701,76
1680,74
1558,69
1560,71
1490,68
1663,74
1590,70
1631,72
1624,73
1384,64
1688,75
1702,76
1631,72
1547,70
1577,70
1640,73
1681,74
1518,68
1654,73
1732,77
1519,68
1617,73
1728,77
1613,73
1728,77
1456,66
1519,68
1519,68
1655,74
1694,76
1728,77
1696,76
1617,70
1728,77
1554,69
1702,76
1728,77
1647,75
1613,72
1607,71
1674,74
1534,68
1600,73
1534,68
1728,77
1610,72
1507,67
1482,65
1593,72
1696,76
1694,76
1471,66
1728,77
1573,68
1585,72
1694,74
1488,66
1574,70
1447,64
1611,72
1607,73
1685,75
1728,77
1520,69
1617,72
1712,76
1541,68
1617,72
1613,73
1626,72
1450,65
1504,66
1730,77
1728,77
1599,72
1612,73
1638,74
1515,67
1614,71
1531,67
1660,74
1621,70
1574,68
1728,77
1716,76
1533,67
1655,74
1503,66
1469,65
1677,74
1550,70
1728,77
1549,70
1622,72
1649,74
1577,69
1373,64
1664,75
1601,71
1657,74
1728,77
1720,76
1637,74
1589,69
1712,76
1728,77
1677,74
1658,75
1514,69
1734,77
1685,74
1728,77
1463,65
1635,74
1544,70
1728,77
1730,76
1581,68
1527,69
1562,70
1651,74
1638,74
1663,73
1694,76
1478,68
1522,69
1756,77
1646,75
1441,64
1656,74
1614,74
1643,74
1543,70
1585,71
1639,73
1577,69
1396,63
1730,77
1442,65
1495,67
1577,70
1488,67
1669,75
1728,77
1740,76
1611,72
1700,76
1702,76
1724,76
1533,69
1702,76
1726,76
1650,73
1728,77
1728,77
1434,64
1408,65
1736,77
1536,69
1714,76
1554,69
1572,70
1515,68
1728,77
1629,73
1520,67
1574,70
1687,75
1736,77
1728,77
1640,73
1728,77
1586,69
1625,72
1728,77
1732,77
1589,72
1676,74
1613,73
1593,71
1728,77
1649,74
1701,76
1740,77
1456,66
1738,77
1525,68
1570,71
1649,74
1685,74
1665,74
1636,74
1740,77
1728,77
1732,77
1555,70
1646,74
1697,76
1623,73
1704,76
1698,76
1539,70
1620,71
1629,72
1470,66
1451,64
1728,77
1638,74
1501,68
1462,66
1728,77
1732,77
1503,68
1622,74
1710,76
1698,75
1674,75
1577,68
1673,75
1544,70
1690,74
1608,72
1728,77
1558,70
1631,72
1593,70
1654,74
1468,66
1610,72
1622,72
1669,74
1690,76
1567,69
1694,76
1536,67
1597,73
1675,75
1700,75
1674,73
1728,77
1667,75
1730,77
1574,71
1670,75
1635,73
1728,77
1625,73
1640,74
1465,69
1728,77
1667,72
1667,75
1698,76
1697,75
1474,65
1562,71
1728,77
1694,76
1509,69
1719,75
1566,69
1730,77
1603,71
1728,77
1728,77
1602,70
1594,70
1738,77
1670,75
1506,67
1570,68
1675,75
1608,70
1702,76
1660,73
1665,73
1549,68
1447,66
1637,72
1517,67
1736,76
1549,68
1555,71
1702,76
1596,70
1732,77
1679,75
1766,77
1712,76
1666,75
1631,71
1618,71
1672,74
1564,69
1737,76
1550,69
1718,76
1628,74
1696,76
1631,71
1726,75
1640,74
1534,69
1580,73
1728,77
1728,77
1646,74
1476,66
1487,66
1621,71
1608,70
1594,70
1673,75
1488,66
1712,76
1620,72
1531,66
1726,76
1728,77
1646,74
1518,66
1640,72
1580,70
1734,77
1497,65
1728,77
1693,75
1635,73
1593,69
1559,70
1564,69
1728,77
1624,72
1533,69
1659,74
1740,77
1637,72
1733,77
1586,70
1628,72
1626,72
1728,77
1643,74
1534,68
1728,77
1625,73
1705,76
1700,76
1728,77
1694,75
1586,72
1622,72
1610,70
1697,75
1728,77
1696,76
1680,75
1547,69
1559,69
1728,77
1573,70
1703,75
1687,75
1694,76
1569,70
1728,77
1619,73
1728,77
1650,72
1728,77
1702,76
1679,74
1687,75
1577,69
1666,73
1561,69
1641,70
1628,73
1734,76
1650,72
1608,72
1598,69
1470,66
1497,68
1728,77
1495,65
1670,75
1710,76
1483,67
1499,67
1589,72
1634,71
1632,73
1548,68
1744,77
1505,68
1666,73
1737,76
1698,76
1627,73
1484,66
1657,74
1669,74
1728,77
1641,73
1665,72
1655,74
1670,74
1509,69
1600,72
1556,68
1510,65
1667,74
1687,75
1702,74
1577,71
1734,77
1591,69
1674,75
1652,73
1702,76
1737,76
1683,75
1649,71
1728,77
1693,75
1728,77
1659,74
1732,77
1693,76
1613,72
1598,73
1692,74
1694,76
1679,72
1441,63
1571,68
1535,67
1728,77
1560,67
1692,76
1638,73
1555,70
1532,68
1702,76
1707,75
1737,76
1558,67
1723,76
1598,70
1725,76
1698,75
1640,73
1637,71
1584,71
1675,75
1611,71
1562,68
1432,65
1728,77
1701,74
1733,77
1673,74
1630,72
1532,68
1641,72
1617,73
1713,76
1449,66
1695,75
1685,73
1555,69
1662,74
1641,74
1672,73
1706,75
1728,77
1692,76
1639,74
1642,74
1523,67
1733,77
1707,75
1719,76
1694,74
1662,74
1718,76
1748,76
1644,71
1641,74
1692,74
1632,73
1562,70
1728,77
1657,74
1687,74
1728,77
1708,76
1718,76
1677,74
1547,71
1617,73
1720,76
1704,76
1700,76
1653,72
1455,65
1616,71
1709,75
1670,74
1728,77
1712,76
1719,76
1666,73
1712,75
1737,76
1594,69
1522,66
1701,75
1750,76
1645,74
1550,69
1736,76
1726,76
1665,74
1723,76
1673,72
1708,76
1756,76
1658,73
1663,74
1714,75
1543,69
1704,75
1551,69
1734,77
1587,70
1740,77
1508,67
1544,69
1700,76
1517,67
1728,77
1738,77
1583,69
1615,71
1433,65
1621,71
1513,67
1582,69
1598,72
1671,75
1449,65
1642,72
1704,75
1651,74
1723,76
1612,70
1531,68
1441,65
1524,67
1691,75
1564,68
1697,75
1679,73
1657,74
1753,77
1733,77
1711,76
1725,74
1728,77
1592,70
1732,77
1548,69
1603,71
1550,68
1702,76
1674,73
1557,68
1728,77
1595,69
1728,77
1685,73
1580,71
1558,69
1670,74
1691,75
1702,76
1564,68
1637,71
1728,77
1728,77
1674,75
1538,68
1552,69
1692,76
1541,69
1685,74
1736,77
1577,70
1626,71
1596,71
1471,65
1691,75
1736,77
1603,70
1659,73
1568,70
1420,64
1728,77
1487,65
1545,66
1613,73
1726,77
1550,68
1518,68
1603,70
1671,73
1454,66
1730,77
1704,75
1667,74
1647,74
1691,75
1744,77
1710,76
1738,77
1643,74
1712,76
1630,74
1742,77
1726,77
1488,67
1569,70
1668,73
1702,76
1698,75
1700,76
1728,77
1512,66
1726,77
1738,77
1583,69
1558,68
1567,68
1732,75
1643,72
1725,75
1730,77
1471,67
1673,74
1726,77
1544,69
1627,73
1552,70
1726,77
1685,74
1479,65
1522,69
1725,75
1726,77
1674,75
1728,77
1726,77
1620,71
1738,77
1479,65
1705,75
1547,69
1679,72
1663,72
1645,73
1563,69
1698,76
1688,73
1703,74
1726,77
1696,76
1624,74
1728,75
1702,73
1698,75
1767,75
1673,73
1620,71
1542,70
1602,69
1697,75
1630,73
1703,74
1571,70
1726,77
1555,70
1726,77
1562,69
1730,77
1734,77
1648,74
1698,75
1664,75
1572,68
1653,72
1726,77
1535,66
1667,74
1712,74
1646,72
1434,65
1726,77
1675,75
1537,68
1530,70
1710,76
1726,77
1483,66
1706,76
1524,67
1650,74
1689,74
1713,76
1542,67
1527,68
1699,75
1598,70
1716,76
1704,76
1633,71
1568,69
1719,76
1668,73
1726,77
1679,74
1635,71
1576,69
1730,77
1726,77
1726,77
1583,69
1453,65
1706,74
1531,68
1641,72
1736,77
1726,77
1638,72
1644,74
1711,76
1629,73
1683,74
1531,70
1569,69
1734,77
1572,68
1681,75
1523,69
1530,69
1567,70
1734,77
1634,72
1703,76
1716,76
1662,73
1667,75
1654,71
1594,70
1584,71
1675,74
1720,76
1628,72
1732,77
1632,72
1726,77
1732,75
1726,77
1726,77
1685,75
1726,77
1728,77
1726,77
1726,77
1678,72
1720,75
1696,76
1590,72
1720,75
1730,75
1526,66
1644,74
1696,76
1584,71
1667,73
1726,77
1726,77
1609,72
1706,76
1713,74
1726,77
1712,76
1521,67
1556,69
1577,71
1427,66
1595,70
1662,74
1726,77
1722,76
1616,73
1617,70
1665,75
1694,76
1687,75
1710,76
1706,73
1657,73
1726,77
1728,77
1692,76
1726,77
1663,75
1740,77
1595,69
1439,65
1719,76
1610,70
1540,68
1739,77
1596,71
1726,77
1680,74
1564,72
1540,71
1730,77
1698,75
1632,72
1496,67
1527,68
1726,77
1687,74
1601,71
1660,72
1627,72
1536,68
1730,77
1678,72
1692,76
1600,70
1501,67
1657,75
1726,77
1672,74
1726,77
1716,75
1616,71
1726,77
1538,70
1526,66
1651,73
1726,77
1563,70
1738,77
1610,73
1529,67
1720,76
1728,77
1498,67
1744,77
1521,67
1726,77
1667,73
1730,77
1726,77
1651,75
1631,72
1704,76
1631,71
1648,75
1713,76
1726,77
1728,77
1684,73
1674,74
1673,75
1719,76
1433,66
1637,71
1527,70
1730,75
1658,73
1726,77
1565,68
1609,71
1655,75
1578,68
1726,77
1686,75
1726,77
1675,75
1488,66
1673,75
1633,73
1732,77
1721,76
1539,68
1508,69
1692,76
1602,73
1565,69
1756,77
1661,73
1696,76
1580,69
1447,65
1589,70
1726,77
1726,77
1604,68
1738,77
1654,71
1707,76
1689,74
1726,77
1647,72
1621,72
1710,76
1615,71
1726,77
1702,76
1651,74
1726,77
1726,77
1676,75
1618,71
1689,76
1541,69
1726,77
1588,69
1706,75
1638,73
1724,77
1602,71
1724,77
1724,77
1728,76
1706,73
1730,77
1724,77
1623,72
1532,68
1612,71
1723,76
1601,71
1533,68
1724,77
1715,76
1650,74
1671,75
1533,70
1724,77
1717,76
1724,77
1724,77
1724,77
1610,73
1724,77
1708,76
1721,76
1701,76
1724,77
1720,76
1656,75
1653,73
1677,75
1649,73
1700,75
1697,75
1550,68
1641,73
1750,76
1693,76
1523,69
1674,75
1733,75
1667,74
1705,76
1730,77
1548,69
1639,73
1724,77
1693,75
1595,71
1691,76
1714,76
1666,74
1685,76
1576,70
1538,68
1500,68
1696,76
1584,71
1730,77
1724,77
1616,72
1636,72
1555,69
1504,67
1555,70
1717,76
1669,73
1655,74
1447,65
1635,73
1728,77
1712,74
1565,71
1728,77
1724,77
1481,67
1742,77
1724,77
1734,77
1749,75
1517,68
1496,67
1724,77
1521,67
1728,77
1728,77
1593,72
1617,73
1505,67
1650,70
1658,74
1672,73
1648,73
1696,74
1661,73
1520,68
1693,73
1592,70
1566,70
1489,66
1679,73
1660,74
1724,77
1730,77
1674,75
1661,73
1573,69
1689,74
1698,76
1661,73
1535,71
1724,77
1502,67
1545,71
1661,73
1547,69
1721,76
1732,77
1633,74
1575,70
1647,73
1689,75
1724,77
1719,76
1707,76
1621,71
1698,76
1565,72
1632,72
1625,73
1736,77
1754,77
1652,75
1683,75
1445,65
1602,69
1660,75
1724,77
1532,69
1694,76
1431,63
1699,75
1724,77
1691,75
1692,76
1611,71
1572,71
1477,67
1493,67
1725,76
1587,70
1628,74
1620,71
1714,75
1724,77
1584,70
1715,76
1724,77
1672,73
1643,74
1752,77
1684,75
1726,77
1537,67
1582,72
1703,75
1725,76
1538,70
1535,68
1616,72
1684,76
1660,75
1736,77
1724,77
1530,68
1606,71
1724,77
1724,77
1631,70
1535,68
1656,74
1558,69
1738,77
1668,74
1724,77
1700,76
1629,73
1612,71
1649,72
1663,74
1571,68
1724,77
1653,74
1616,73
1695,75
1726,77
1623,70
1724,77
1692,76
1646,74
1640,72
1616,73
1724,77
1692,75
1398,64
1715,76
1600,71
1678,75
1724,77
1608,73
1720,76
1726,77
1617,72
1609,72
1727,76
1642,73
1734,76
1640,73
1724,77
1537,68
1698,76
1567,69
1679,74
1687,76
1724,77
1724,77
1681,74
1724,77
1684,75
1734,75
1595,70
1732,77
1705,75
1700,76
1557,69
1647,73
1540,68
1534,69
1728,77
1724,77
1627,74
1724,77
1690,75
1566,69
1593,71
1639,72
1638,72
1628,73
1641,74
1732,77
1510,69
1700,76
1650,73
1441,66
1459,65
1550,67
1599,69
1754,77
1714,76
1551,70
1705,76
1734,75
1698,76
1685,76
1728,76
1488,68
1672,74
1633,72
1724,77
1708,76
1728,77
1620,74
1597,71
1570,69
1693,75
1667,73
1637,74
1595,70
1670,74
1611,71
1724,77
1457,65
1490,67
1693,76
1659,74
1619,73
1672,74
1620,72
1730,77
1688,73
1568,70
1614,71
1621,72
1708,75
1718,76
1595,70
1587,67
1684,73
1496,66
1724,77
1654,73
1663,72
1493,65
1637,73
1606,71
1724,77
1546,67
1689,75
1689,74
1634,73
1575,71
1724,77
1724,77
1488,67
1724,77
1724,77
1691,75
1607,73
1724,77
1669,75
1722,74
1694,75
1560,69
1522,69
1727,76
1684,75
1579,70
1686,75
1559,71
1648,74
1724,77
1694,76
1470,65
1576,71
1608,73
1631,73
1724,77
1544,69
1695,76
1646,73
1454,63
1724,77
1643,74
1701,75
1620,72
1732,77
1728,77
1724,77
1638,73
1677,75
1503,70
1636,73
1623,71
1728,75
1726,77
1573,69
1677,75
1524,67
1632,71
1698,75
1607,73
1667,74
1696,76
1580,70
1726,77
1732,77
1724,77
1724,77
1566,70
1778,77
1649,74
1542,68
1639,71
1728,77
1721,76
1656,73
1778,77
1665,74
1724,77
1576,70
1565,72
1712,76
1633,72
1593,71
1565,70
1715,76
1726,76
1738,76
1724,77
1724,77
1724,77
1698,76
1696,75
1669,75
1730,77
1724,77
1450,64
1654,72
1520,68
1516,68
1717,76
1618,72
1714,76