1345,57
1414,59
1401,59
1323,57
1396,58
1337,56
1364,58
1301,56
1441,60
1272,54
1395,58
1367,56
1441,60
1233,51
1297,57
1330,57
1386,58
1319,55
1325,57
1510,61
1448,60
1322,57
1387,58
1305,56
1497,62
1369,58
1396,60
1364,58
1474,61
1354,58
1471,61
1198,51
1451,60
1491,62
1302,54
1517,62
1321,56
1472,61
1454,60
1451,61
1362,56
1485,61
1464,60
1472,61
1357,56
1491,62
1490,62
1504,63
1338,59
1514,63
1374,58
1393,59
1557,62
1390,59
1477,61
1393,58
1492,61
1369,59
1315,55
1352,57
1373,58
1465,61
1355,56
1376,57
1439,58
1416,60
1372,58
1502,63
1346,59
1466,61
1401,60
1234,55
1526,63
1479,61
1420,60
1504,63
1512,63
1365,57
1313,55
1359,55
1492,62
1322,55
1410,59
1373,58
1432,62
1332,56
1345,59
1394,58
1467,59
1517,62
1419,60
1436,59
1454,60
1228,53
1393,58
1504,63
1410,58
1411,60
1459,61
1310,56
1494,62
1521,65
1358,60
1382,57
1373,61
1421,60
1448,62
1324,55
1429,61
1377,58
1518,62
1473,62
1486,63
1301,58
1471,60
1508,63
1521,65
1433,60
1445,63
1444,62
1455,62
1376,59
1496,63
1455,61
1369,58
1534,65
1319,56
1450,60
1439,61
1439,61
1439,60
1498,64
1510,63
1331,58
1414,59
1479,63
1494,64
1451,61
1394,59
1441,59
1395,59
1552,64
1463,61
1502,62
1523,65
1540,63
1486,63
1504,64
1344,60
1431,63
1431,62
1517,64
1439,63
1376,60
1427,59
1337,57
1452,62
1456,61
1347,56
1405,59
1490,64
1489,64
1436,60
1456,61
1246,56
1399,58
1353,60
1433,62
1488,62
1458,61
1376,59
1435,60
1374,59
1503,63
1430,60
1441,62
1445,63
1485,61
1512,62
1388,60
1506,64
1521,65
1510,64
1513,63
1446,63
1373,59
1507,63
1368,58
1367,60
1460,63
1463,62
1465,62
1450,60
1345,60
1491,61
1564,64
1405,60
1433,61
1417,60
1546,63
1273,56
1378,60
1558,65
1448,60
1444,62
1479,62
1443,62
1560,65
1428,62
1370,57
1527,64
1460,62
1498,64
1434,62
1473,58
1486,61
1567,64
1374,58
1432,59
1523,63
1561,64
1468,61
1465,63
1441,60
1412,59
1485,62
1411,59
1504,62
1455,61
1465,63
1457,60
1339,57
1500,64
1432,59
1479,63
1401,60
1517,64
1523,64
1405,59
1539,65
1453,62
1387,58
1417,61
1499,64
1574,66
1376,60
1532,63
1400,59
1488,64
1412,59
1357,58
1316,56
1495,63
1380,58
1556,65
1504,61
1349,57
1487,62
1473,62
1426,59
1359,61
1477,64
1460,62
1444,61
1440,58
1455,60
1440,59
1420,60
1315,58
1407,61
1433,59
1244,55
1464,61
1429,60
1569,66
1511,65
1559,65
1565,65
1448,61
1488,63
1520,65
1508,65
1570,65
1473,61
1384,58
1447,62
1460,62
1556,62
1524,65
1512,65
1521,65
1374,58
1270,56
1482,63
1336,59
1409,59
1443,61
1488,62
1443,63
1565,66
1481,62
1529,65
1287,57
1547,63
1548,65
1431,62
1433,61
1532,63
1597,66
1487,63
1504,64
1473,63
1573,64
1394,59
1473,62
1375,59
1468,63
1481,62
1559,65
1519,65
1476,64
1542,65
1551,65
1455,61
1536,65
1404,62
1565,66
1438,63
1482,63
1413,60
1554,66
1494,61
1554,66
1538,65
1468,62
1493,63
1463,61
1520,65
1566,66
1468,61
1486,63
1458,62
1478,63
1428,61
1457,63
1310,56
1550,65
1465,64
1424,61
1339,58
1436,61
1264,56
1547,66
1480,63
1602,67
1498,63
1283,56
1482,62
1552,64
1521,64
1588,67
1413,59
1588,67
1385,60
1584,66
1528,63
1384,60
1469,60
1549,66
1382,59
1472,62
1595,65
1633,67
1478,60
1347,57
1453,61
1537,62
1537,66
1573,66
1466,61
1430,61
1631,68
1537,65
1577,66
1588,66
1440,61
1455,61
1592,66
1570,66
1543,64
1433,61
1477,61
1613,68
1394,62
1454,63
1619,68
1611,68
1446,63
1466,61
1516,61
1461,61
1555,66
1355,59
1510,63
1611,68
1545,66
1472,62
1324,56
1452,61
1577,66
1597,67
1504,65
1611,67
1495,65
1475,60
1529,64
1544,65
1503,65
1495,65
1577,65
1527,66
1625,68
1527,65
1515,65
1555,66
1536,65
1598,67
1513,63
1599,66
1401,60
1530,65
1479,63
1535,64
1493,63
1297,57
1433,61
1512,63
1441,61
1613,68
1589,67
1501,64
1563,66
1388,60
1466,64
1523,65
1544,67
1428,61
1463,63
1447,61
1500,64
1590,66
1446,60
1447,62
1553,65
1523,62
1588,67
1289,58
1327,57
1385,57
1328,57
1326,56
1526,64
1491,63
1505,64
1574,67
1627,67
1355,55
1502,63
1358,59
1493,63
1455,63
1618,67
1469,63
1553,65
1617,68
1488,64
1491,64
1491,64
1500,64
1570,64
1601,67
1515,64
1541,66
1611,68
1530,65
1400,58
1590,68
1522,65
1450,62
1491,63
1385,60
1590,68
1540,65
1265,55
1452,63
1442,60
1588,68
1507,63
1453,63
1501,64
1494,63
1472,63
1473,61
1526,65
1417,63
1418,61
1456,62
1467,65
1457,63
1508,65
1583,68
1420,60
1419,61
1503,64
1456,62
1308,59
1420,62
1568,65
1371,58
1527,65
1500,65
1466,63
1535,66
1446,62
1489,63
1426,62
1321,56
1529,66
1585,68
1511,65
1528,64
1467,60
1527,63
1474,63
1583,68
1505,63
1572,67
1558,67
1410,58
1518,65
1583,68
1455,64
1419,61
1497,64
1330,60
1306,56
1478,63
1589,66
1454,63
1498,64
1584,67
1474,64
1405,60
1444,61
1509,63
1416,61
1520,64
1479,63
1496,63
1387,60
1408,60
1514,64
1333,57
1544,66
1498,65
1552,67
1469,61
1424,60
1445,64
1369,59
1502,62
1496,63
1279,58
1582,67
1496,65
1542,65
1305,55
1426,61
1530,63
1585,68
1509,63
1474,63
1490,64
1569,66
1462,62
1429,60
1383,60
1444,60
1504,61
1580,66
1456,63
1533,67
1511,63
1448,62
1660,68
1514,63
1492,64
1302,57
1584,67
1581,68
1425,61
1583,68
1362,59
1443,62
1480,64
1598,68
1543,67
1574,67
1522,66
1399,61
1397,60
1581,68
1518,65
1504,64
1410,60
1580,67
1373,59
1592,68
1482,63
1548,67
1539,66
1511,61
1481,62
1599,65
1459,61
1442,60
1451,64
1386,58
1484,62
1399,60
1581,68
1447,63
1572,67
1525,65
1540,65
1530,65
1510,65
1583,68
1563,65
1542,66
1370,57
1418,60
1471,64
1394,60
1502,64
1396,60
1554,66
1522,66
1479,63
1469,62
1391,59
1573,67
1579,68
1412,62
1547,67
1535,65
1583,68
1548,66
1453,62
1462,63
1461,63
1394,59
1579,68
1398,60
1370,60
1493,63
1491,64
1308,56
1519,65
1575,68
1561,66
1595,67
1568,67
1577,68
1508,66
1310,56
1433,61
1552,65
1415,61
1423,61
1313,58
1571,65
1520,64
1553,66
1527,64
1393,59
1572,66
1483,64
1581,66
1507,64
1523,63
1526,63
1421,59
1536,64
1494,65
1428,61
1325,58
1510,65
1584,68
1450,63
1399,60
1521,66
1514,64
1309,58
1516,64
1598,68
1501,65
1516,63
1491,62
1593,66
1562,66
1449,62
1488,63
1594,68
1381,60
1522,65
1386,60
1489,64
1500,65
1326,57
1517,67
1575,68
1579,67
1580,67
1336,58
1483,63
1543,67
1493,64
1487,62
1422,58
1432,61
1529,67
1424,61
1440,60
1545,65
1569,68
1448,58
1514,64
1548,66
1509,64
1508,66
1486,64
1494,62
1562,67
1566,67
1571,68
1460,62
1510,64
1520,66
1543,65
1292,57
1471,63
1567,64
1546,67
1521,65
1458,63
1592,68
1463,63
1438,62
1512,64
1562,67
1403,60
1387,59
1488,63
1418,60
1549,66
1547,67
1434,60
1458,62
1538,66
1544,66
1391,59
1432,60
1480,61
1481,64
1520,65
1475,63
1587,67
1571,68
1521,64
1466,61
1578,68
1494,64
1431,62
1448,61
1524,63
1509,65
1569,68
1502,64
1545,65
1590,68
1557,66
1491,64
1411,58
1426,63
1475,63
1439,60
1431,61
1350,59
1439,60
1479,64
1564,66
1446,63
1473,62
1504,64
1574,66
1401,59
1420,60
1496,66
1513,65
1573,68
1587,69
1468,61
1511,65
1415,61
1523,66
1562,66
1377,59
1554,66
1552,67
1458,64
1592,67
1544,66
1457,61
1362,58
1444,61
1587,69
1510,65
1280,57
1398,60
1418,63
1461,63
1572,68
1528,66
1475,65
1627,69
1513,66
1494,64
1476,63
1431,62
1445,63
1415,62
1529,67
1482,62
1539,65
1535,65
1569,68
1548,67
1327,57
1593,69
1485,62
1416,60
1541,67
1278,55
1522,67
1398,61
1475,65
1544,66
1361,60
1574,67
1631,70
1477,63
1464,61
1587,64
1429,62
1456,62
1571,64
1484,64
1435,61
1441,62
1557,65
1564,65
1460,61
1494,62
1580,68
1423,61
1349,58
1521,63
1550,65
1427,60
1486,64
1476,64
1526,64
1381,59
1508,63
1593,68
1360,58
1441,62
1436,61
1465,63
1538,67
1583,67
1498,64
1446,61
1402,62
1580,66
1409,60
1529,65
1599,68
1651,69
1611,67
1562,67
1546,65
1550,66
1539,65
1599,67
1428,60
1438,59
1450,61
1597,69
1629,70
1594,68
1582,68
1629,70
1598,67
1457,62
1581,67
1598,66
1482,63
1627,68
1465,62
1510,61
1455,62
1509,61
1563,65
1387,59
1645,70
1539,66
1581,69
1420,61
1596,69
1477,62
1598,67
1597,67
1548,65
1629,70
1504,63
1424,61
1510,62
1621,70
1572,68
1464,62
1477,63
1539,65
1633,70
1623,70
1337,57
1532,64
1620,69
1535,65
1516,64
1585,67
1465,62
1568,65
1562,66
1502,62
1528,64
1528,64
1356,58
1543,66
1469,61
1466,63
1623,69
1415,61
1473,62
1511,64
1645,69
1556,64
1581,67
1564,63
1290,56
1520,65
1579,68
1471,62
1397,58
1542,65
1499,64
1434,61
1357,60
1605,68
1571,66
1569,68
1565,67
1600,69
1441,61
1383,59
1540,65
1476,63
1402,61
1440,61
1600,68
1533,67
1313,57
1483,64
1493,62
1528,64
1370,59
1553,64
1406,58
1504,65
1525,64
1518,62
1476,64
1585,68
1453,59
1610,69
1481,64
1499,65
1458,62
1643,70
1519,65
1291,57
1469,63
1529,66
1479,62
1469,61
1550,65
1538,65
1388,61
1623,70
1316,58
1415,57
1405,60
1566,68
1397,62
1600,69
1519,67
1598,68
1499,63
1590,67
1521,63
1476,61
1518,64
1462,62
1460,61
1355,59
1469,62
1582,67
1526,66
1605,68
1420,59
1426,60
1498,64
1527,63
1619,70
1541,65
1621,70
1619,70
1483,65
1581,67
1368,59
1445,62
1473,63
1305,58
1475,62
1525,60
1303,58
1547,64
1600,69
1511,63
1408,60
1460,62
1577,66
1529,65
1348,58
1590,67
1541,66
1522,64
1445,61
1614,66
1547,65
1531,64
1403,60
1621,70
1499,64
1500,65
1334,58
1500,64
1553,66
1584,69
1531,65
1586,69
1491,64
1541,67
1581,66
1525,64
1464,62
1559,63
1507,65
1619,70
1619,70
1569,67
1419,61
1489,64
1619,70
1488,62
1487,63
1445,64
1577,68
1451,60
1581,66
1498,62
1432,61
1449,62
1406,60
1593,68
1600,69
1510,63
1439,62
1338,58
1412,61
1574,65
1550,66
1418,61
1446,61
1382,60
1565,66
1491,63
1619,70
1509,63
1546,65
1435,61
1513,65
1625,70
1504,64
1380,62
1619,70
1617,70
1520,66
1478,63
1346,58
1369,59
1482,62
1521,66
1554,65
1623,70
1599,68
1367,59
1562,66
1578,67
1511,65
1407,59
1542,63
1360,59
1475,62
1608,69
1560,67
1351,58
1574,68
1501,63
1570,66
1531,66
1536,66
1452,63
1522,67
1536,65
1416,60
1631,70
1594,66
1446,63
1558,66
1616,69
1488,61
1600,69
1508,66
1390,59
1488,64
1638,70
1524,63
1435,61
1513,65
1388,60
1485,63
1388,60
1447,61
1517,63
1571,65
1477,63
1494,64
1550,67
1551,64
1575,69
1485,63
1587,69
1481,63
1403,62
1599,67
1573,67
1490,62
1469,64
1534,63
1290,57
1322,58
1494,65
1574,68
1535,65
1410,59
1585,67
1387,60
1578,69
1432,60
1577,69
1513,63
1544,65
1469,62
1526,66
1424,62
1533,65
1646,71
1502,64
1518,64
1405,60
1651,69
1482,64
1481,62
1556,67
1543,67
1646,71
1465,62
1506,64
1480,64
1565,64
1604,65
1433,61
1490,64
1621,69
1397,60
1595,69
1596,69
1637,70
1407,61
1397,60
1669,70
1554,68
1578,66
1401,62
1515,65
1447,64
1527,65
1497,63
1555,63
1401,62
1570,68
1486,64
1643,70
1476,63
1502,63
1515,66
1648,71
1491,64
1593,69
1519,64
1501,66
1467,62
1597,68
1532,66
1625,70
1433,62
1431,61
1488,63
1642,71
1648,71
1500,64
1539,67
1654,71
1517,65
1533,66
1555,65
1553,66
1583,65
1558,66
1507,65
1505,64
1630,70
1326,58
1366,59
1627,70
1595,66
1441,62
1491,64
1579,67
1579,68
1638,69
1568,67
1589,67
1583,67
1613,68
1584,69
1510,64
1573,67
1479,63
1408,58
1472,65
1460,63
1489,64
1439,61
1514,65
1544,64
1567,67
1616,69
1509,64
1650,71
1620,69
1511,66
1418,61
1695,72
1670,71
1563,66
1654,69
1597,68
1403,60
1466,62
1615,69
1494,64
1488,64
1439,62
1451,61
1673,68
1629,69
1536,64
1670,70
1586,67
1482,64
1463,63
1435,62
1500,64
1701,71
1532,65
1457,62
1536,66
1609,67
1518,64
1477,63
1500,62
1560,65
1465,62
1574,67
1629,67
1684,71
1466,62
1358,60
1553,66
1631,69
1664,70
1649,70
1492,64
1589,67
1527,63
1564,67
1452,62
1446,61
1721,72
1452,62
1643,70
1574,66
1408,61
1525,66
1526,67
1418,60
1635,69
1488,63
1664,69
1517,65
1562,63
1646,67
1634,66
1617,68
1675,71
1547,67
1557,67
1699,72
1553,64
1479,64
1574,66
1578,67
1597,66
1510,63
1473,61
1513,64
1526,63
1570,67
1425,61
1430,62
1655,69
1330,58
1667,71
1390,60
1614,69
1639,69
1502,64
1555,66
1366,59
1547,66
1418,60
1579,66
1501,65
1546,66
1348,58
1530,65
1486,63
1530,65
1701,72
1526,65
1439,61
1576,65
1347,57
1415,63
1484,63
1466,62
1600,68
1580,66
1699,72
1679,70
1632,70
1673,71
1571,66
1707,72
1561,65
1527,66
1384,60
1432,62
1454,62
1534,64
1517,65
1538,64
1614,67
1576,67
1378,61
1361,59
1546,66
1583,68
1552,66
1548,66
1524,65
1651,70
1534,65
1428,60
1426,62
1451,63
1494,65
1625,69
1533,66
1639,69
1608,69
1695,72
1431,61
1405,61
1479,64
1601,69
1543,65
1572,66
1660,69
1594,67
1598,68
1555,66
1576,66
1321,57
1406,60
1540,65
1522,63
1490,63
1525,66
1543,65
1483,63
1500,65
1492,63
1544,65
1673,69
1697,72
1543,67
1496,65
1697,72
1564,66
1388,59
1544,66
1447,62
1384,59
1518,64
1510,65
1592,67
1554,65
1344,58
1478,63
1525,65
1538,66
1693,72
1454,63
1666,68
1578,67
1665,71
1528,64
1364,59
1691,72
1500,64
1666,69
1517,62
1472,65
1530,64
1488,65
1515,64
1417,60
1410,59
1346,58
1468,64
1408,60
1508,65
1691,72
1357,59
1672,70
1560,66
1609,68
1452,62
1433,63
1411,61
1447,61
1626,68
1386,59
1691,72
1567,66
1593,68
1614,68
1449,62
1571,66
1546,66
1693,72
1569,67
1695,72
1516,65
1424,61
1510,62
1651,69
1630,69
1613,65
1426,61
1691,72
1638,69
1569,66
1378,57
1578,67
1447,61
1616,69
1430,61
1624,68
1678,71
1685,70
1639,68
1591,68
1445,62
1589,67
1624,68
1469,63
1510,66
1567,67
1441,62
1537,64
1600,67
1548,64
1522,65
1571,67
1672,69
1538,66
1671,70
1569,67
1526,63
1702,71
1582,67
1652,71
1649,69
1678,71
1691,72
1598,69
1505,66
1413,61
1603,69
1672,71
1551,66
1554,64
1549,65
1632,70
1544,64
1554,65
1499,63
1601,68
1544,63
1468,62
1621,68
1592,68
1572,66
1464,62
1637,69
1484,64
1480,63
1450,63
1678,71
1516,64
1703,69
1447,63
1606,68
1601,67
1602,67
1558,65
1503,62
1472,61
1586,67
1573,66
1541,65
1491,62
1423,62
1558,66
1577,66
1464,63
1504,64
1607,67
1369,59
1526,65
1554,65
1538,67
1603,68
1469,63
1505,64
1689,71
1543,66
1548,66
1532,67
1597,67
1638,70
1571,67
1328,56
1441,61
1627,67
1313,59
1668,71
1501,65
1631,67
1590,69
1646,69
1630,69
1526,64
1597,66
1542,63
1472,62
1369,59
1568,64
1490,65
1346,61
1353,58
1481,64
1464,63
1530,64
1465,63
1447,61
1561,66
1527,65
1427,63
1409,59
1524,66
1551,65
1419,61
1388,61
1593,66
1661,71
1618,69
1607,68
1557,67
1517,62
1408,58
1455,62
1506,65
1574,66
1612,68
1572,67
1377,58
1660,71
1671,70
1411,59
1408,60
1503,63
1457,61
1601,69
1344,59
1435,61
1481,61
1662,70
1511,64
1432,61
1532,66
1602,67
1622,68
1483,64
1588,66
1615,66
1555,67
1328,58
1540,63
1560,67
1597,69
1524,65
1601,68
1475,62
1494,64
1599,67
1527,66
1676,71
1606,67
1511,64
1643,70
1531,64
1407,60
1375,58
1515,64
1756,71
1409,60
1541,65
1402,60
1393,60
1566,66
1381,60
1601,67
1534,66
1491,65
1514,61
1620,67
1566,65
1585,67
1691,72
1445,62
1652,68
1417,61
1486,65
1550,66
1533,64
1523,64
1560,66
1461,62
1556,66
1667,70
1593,68
1642,70
1411,60
1446,63
1482,64
1601,68
1450,62
1510,63
1562,66
1494,64
1691,72
1506,65
1515,61
1468,63
1463,64
1545,65
1556,68
1530,65
1570,67
1588,65
1441,63
1566,66
1585,64
1554,66
1589,68
1499,65
1485,63
1588,66
1673,69
1573,68
1520,64
1367,59
1693,72
1555,66
1652,71
1662,69
1583,66
1691,72
1457,62
1495,65
1437,61
1364,58
1488,64
1693,72
1446,62
1489,63
1419,61
1497,64
1647,69
1443,63
1568,68
1433,62
1481,63
1492,61
1652,70
1441,63
1524,66
1564,67
1459,62
1499,63
1362,59
1436,62
1683,72
1431,62
1454,65
1550,66
1466,61
1696,72
1598,68
1374,60
1588,68
1630,69
1509,63
1687,72
1485,64
1583,68
1466,62
1526,67
1466,62
1683,72
1438,61
1504,63
1524,67
1529,65
1606,70
1687,70
1593,68
1423,61
1416,61
1609,68
1675,72
1420,62
1509,65
1563,68
1597,69
1681,73
1623,70
1562,65
1569,69
1453,63
1388,59
1570,68
1499,63
1498,66
1435,60
1377,60
1495,64
1624,70
1585,68
1354,60
1583,65
1599,70
1615,69
1305,56
1614,69
1464,63
1656,72
1424,61
1512,64
1505,66
1484,65
1461,65
1477,66
1561,67
1605,69
1480,65
1541,67
1427,63
1383,60
1491,64
1468,65
1560,66
1577,66
1416,64
1646,72
1589,68
1502,65
1587,66
1612,70
1613,70
1438,63
1570,68
1584,68
1492,64
1369,58
1426,64
1313,57
1533,65
1614,68
1658,72
1364,61
1502,67
1445,61
1652,72
1505,66
1594,67
1448,61
1635,69
1683,73
1611,70
1679,73
1503,66
1585,69
1466,64
1483,64
1263,56
1309,58
1460,61
1588,67
1304,58
1628,69
1405,63
1511,66
1565,68
1539,65
1322,60
1679,73
1566,68
1497,65
1503,66
1491,63
1329,59
1484,65
1553,65
1514,62
1454,65
1473,66
1475,66
1650,71
1657,72
1523,66
1466,65
1470,64
1484,65
1474,65
1558,66
1466,65
1508,67
1238,56
1449,64
1554,68
1483,64
1595,70
1410,62
1558,68
1444,63
1522,65
1504,66
1696,73
1626,70
1567,68
1467,62
1500,65
1553,67
1407,63
1449,64
1447,62
1401,63
1598,68
1605,70
1543,65
1425,62
1511,66
1439,64
1338,60
1576,66
1607,70
1436,62
1530,66
1383,62
1622,70
1518,67
1457,64
1602,69
1613,70
1376,59
1408,62
1628,69
1450,65
1446,63
1623,70
1607,71
1590,67
1325,58
1453,64
1384,60
1453,63
1578,68
1573,67
1333,58
1426,62
1342,58
1458,62
1458,61
1447,63
1445,64
1563,66
1563,66
1554,64
1636,71
1409,65
1578,68
1681,73
1422,61
1593,69
1430,62
1515,66
1462,66
1411,61
1498,66
1533,67
1475,65
1529,66
1437,60
1656,72
1332,58
1505,67
1651,72
1461,66
1433,63
1581,68
1371,59
1468,63
1641,70
1542,66
1561,68
1493,65
1590,69
1492,65
1464,64
1439,63
1528,68
1466,62
1269,57
1679,73
1344,58
1546,68
1556,67
1483,64
1496,66
1524,67
1465,64
1543,67
1518,66
1509,67
1601,69
1533,68
1516,64
1556,67
1468,64
1361,59
1490,66
1430,62
1628,70
1681,73
1677,73
1449,64
1424,64
1635,71
1646,71
1495,65
1594,67
1677,73
1681,73
1364,60
1599,69
1550,65
1549,65
1474,64
1406,61
1484,65
1644,72
1461,61
1431,64
1482,64
1410,62
1436,63
1398,63
1368,61
1649,72
1525,68
1532,67
1498,65
1408,62
1609,70
1416,61
1532,67
1365,60
1370,58
1337,58
1334,58
1627,71
1478,66
1569,68
1411,61
1554,66
1557,67
1372,58
1461,63
1483,65
1404,61
1515,68
1422,63
1495,64
1419,61
1486,66
1326,57
1668,72
1531,67
1594,69
1562,67
1568,68
1329,58
1419,60
1426,62
1437,63
1537,68
1465,65
1371,60
1305,58
1565,65
1610,70
1380,61
1568,68
1421,62
1683,73
1677,73
1554,66
1517,67
1451,64
1371,60
1170,52
1687,73
1471,63
1354,59
1646,71
1627,69
1479,64
1422,64
1299,58
1398,59
1384,62
1444,64
1622,71
1487,67
1507,67
1392,62
1621,69
1383,60
1470,65
1329,59
1577,67
1639,69
1665,70
1559,67
1362,61
1581,69
1624,70
1677,73
1565,69
1687,73
1492,65
1651,72
1468,63
1378,60
1497,63
1620,71
1683,73
1352,58
1636,71
1364,60
1454,63
1622,69
1393,62
1448,63
1517,66
1470,65
1434,64
1567,67
1525,67
1593,69
1521,65
1511,66
1551,68
1380,62
1618,68
1487,63
1444,62
1429,62
1387,60
1253,57
1486,64
1170,52
1357,59
1550,67
1376,61
1467,66
1494,63
1453,65
1399,62
1571,68
1312,58
1549,66
1659,72
1612,68
1567,67
1382,60
1314,58
1595,69
1487,64
1557,69
1620,71
1683,73
1522,65
1379,59
1454,66
1503,64
1364,59
1347,56
1581,67
1360,60
1442,64
1519,67
1663,72
1515,66
1602,71
1523,65
1286,56
1634,71
1477,66
1460,62
1473,62
1523,66
1618,67
1446,61
1567,69
1426,64
1430,59
1432,63
1493,67
1677,73
1556,67
1588,69
1439,64
1413,62
1575,68
1677,73
1664,72
1623,70
1524,67
1423,64
1521,67
1456,66
1316,57
1546,67
1370,60
1337,60
1343,57
1477,63
1633,71
1528,63
1530,66
1617,69
1528,68
1465,66
1445,62
1694,73
1467,63
1454,64
1559,69
1517,68
1588,69
1385,59
1484,64
1405,62
1523,64
1620,69
1477,63
1568,68
1627,71
1636,69
1459,65
1489,67
1371,58
1417,64
1676,71
1461,65
1683,73
1654,72
1405,62
1654,72
1518,68
1517,65
1471,63
1566,67
1310,59
1497,67
1521,65
1564,68
1422,63
1356,60
1505,66
1601,69
1675,73
1621,71
1363,59
1619,71
1505,66
1560,67
1593,69
1592,69
1580,68
1675,73
1572,69
1546,67
1462,65
1497,65
1459,66
1482,66
1485,64
1336,60
1541,66
1474,63
1576,69
1575,68
1510,65
1488,65
1575,69
1442,62
1554,66
1534,67
1566,68
1375,60
1605,69
1588,69
1621,69
1505,64
1668,71
1567,66
1639,69
1475,64
1555,69
1422,60
1361,60
1632,71
1417,62
1563,68
1645,72
1469,65
1573,68
1494,64
1496,66
1632,69
1511,66
1352,60
1587,67
1537,67
1398,61
1458,64
1521,64
1461,64
1295,56
1526,63
1418,62
1422,63
1593,68
1503,66
1528,66
1417,62
1580,69
1476,63
1616,68
1627,70
1499,67
1511,66
1532,66
1508,66
1491,66
1288,57
1453,62
1627,70
1435,62
1606,68
1550,69
1571,68
1512,67
1628,71
1589,68
1462,64
1606,71
1464,62
1542,68
1575,69
1680,71
1321,58
1594,66
1454,61
1471,66
1334,58
1605,71
1499,63
1651,72
1405,63
1687,73
1409,61
1552,67
1492,64
1401,63
1546,67
1489,63
1479,66
1520,67
1592,69
1408,62
1519,66
1332,58
1652,72
1396,61
1491,64
1244,53
1484,65
1498,66
1403,60
1555,68
1539,68
1603,66
1528,67
1602,70
1387,59
1571,67
1527,68
1307,58
1430,63
1422,62
1565,68
1391,62
1470,65
1638,70
1515,66
1492,67
1315,58
1590,69
1389,62
1500,68
1580,68
1515,67
1308,59
1480,65
1598,68
1490,66
1673,73
1464,65
1540,66
1447,65
1478,66
1460,62
1569,68
1414,63
1575,68
1261,54
1579,67
1497,65
1303,57
1650,72
1580,70
1597,69
1367,60
1591,67
1660,71
1617,71
1445,63
1673,73
1493,67
1478,64
1494,65
1471,63
1677,73
1250,54
1581,67
1493,64
1460,65
1385,61
1345,58
1488,65
1644,71
1477,65
1486,64
1407,61
1605,70
1477,62
1307,57
1487,66
1416,64
1566,66
1578,70
1350,58
1675,73
1445,61
1403,61
1458,64
1564,68
1629,70
1640,69
1616,70
1526,67
1489,63
1486,61
1611,68
1531,66
1679,73
1507,64
1432,62
1611,69
1541,69
1549,68
1304,57
1539,66
1485,67
1610,69
1478,64
1647,72
1278,56
1463,65
1469,63
1550,68
1584,70
1441,63
1446,62
1454,64
1594,69
1679,73
1449,65
1419,62
1439,62
1443,64
1516,64
1306,58
1482,66
1593,69
1416,64
1438,64
1677,73
1325,60
1374,56
1444,62
1406,61
1673,73
1526,66
1476,65
1329,60
1540,66
1506,66
1468,63
1419,64
1673,73
1600,68
1333,58
1632,70
1331,59
1673,73
1540,66
1477,65
1645,72
1445,63
1292,57
1258,55
1632,71
1545,68
1542,67
1679,73
1554,66
1506,66
1502,66
1474,63
1593,68
1493,67
1665,72
1477,63
1415,61
1408,60
1406,62
1528,67
1521,68
1677,73
1637,72
1434,64
1454,64
1481,66
1396,60
1503,67
1464,63
1422,62
1459,65
1614,71
1555,68
1469,66
1608,69
1413,64
1611,69
1399,63
1561,65
1618,71
1421,61
1564,68
1354,60
1652,72
1578,69
1604,69
1597,70
1673,73
1564,69
1326,58
1529,67
1360,58
1396,61
1457,65
1354,58
1400,63
1491,66
1374,61
1679,73
1623,70
1437,63
1491,64
1544,67
1315,59
1279,56
1406,61
1677,73
1593,67
1349,62
1311,58
1524,67
1507,65
1381,60
1481,65
1403,62
1619,70
1419,64
1477,64
1461,63
1449,62
1651,69
1435,65
1522,67
1595,68
1539,67
1597,69
1546,67
1646,72
1484,66
1458,63
1524,68
1523,67
1497,64
1385,64
1505,66
1549,67
1506,67
1375,60
1372,61
1584,67
1307,57
1434,64
1641,72
1636,71
1665,72
1422,63
1430,62
1537,65
1335,58
1430,62
1516,67
1409,63
1480,64
1588,68
1550,68
1549,69
1542,68
1552,66
1677,73
1438,65
1576,69
1552,66
1398,61
1212,52
1629,70
1551,65
1637,70
1607,70
1501,66
1460,65
1449,65
1490,65
1490,66
1368,60
1645,71
1431,61
1488,67
1460,63
1565,65
1528,66
1469,64
1653,72
1372,61
1567,66
1491,66
1534,67
1407,63
1577,67
1527,67
1527,66
1573,68
1569,69
1488,67
1505,66
1349,55
1392,62
1569,68
1575,69
1462,63
1495,63
1470,66
1547,68
1442,60
1296,58
1689,72
1458,61
1412,61
1544,67
1478,65
1449,64
1364,60
1616,71
1312,55
1675,73
1334,59
1307,56
1430,61
1372,60
1450,66
1375,60
1511,67
1482,65
1614,70
1524,66
1455,63
1429,63
1423,60
1470,64
1573,69
1319,56
1594,66
1418,61
1398,60
1483,63
1495,66
1539,68
1693,73
1498,67
1675,73
1455,62
1563,69
1354,60
1244,55
1696,73
1325,57
1347,57
1677,73
1305,58
1580,67
1646,70
1579,67
1673,73
1561,69
1677,73
1467,63
1535,65
1635,70
1245,55
1456,65
1565,67
1454,63
1381,60
1438,63
1563,68
1453,65
1508,67
1446,63
1569,69
1631,72
1398,61
1445,63
1486,65
1213,54
1576,69
1521,67
1492,65
1478,62
1622,70
1673,73
1535,66
1359,61
1568,66
1581,67
1629,70
1540,64
1237,53
1652,71
1344,60
1222,53
1489,64
1482,63
1368,58
1561,69
1544,69
1468,66
1647,72
1460,65
1573,69
1461,63
1574,69
1410,62
1589,66
1431,64
1374,60
1475,63
1519,65
1537,67
1452,67
1483,67
1677,73
1346,58
1548,67
1368,61
1330,56
1406,60
1591,70
1503,64
1583,67
1623,70
1556,67
1475,64
1556,68
1373,60
1319,58
1550,68
1433,61
1585,67
1511,66
1547,67
1545,68
1515,66
1436,63
1407,64
1483,67
1472,62
1510,67
1313,57
1545,66
1503,65
1512,66
1323,58
1441,63
1637,69
1529,65
1486,66
1482,63
1377,61
1526,65
1484,64
1677,73
1424,63
1504,65
1567,67
1570,65
1595,69
1679,73
1421,61
1645,72
1453,64
1487,67
1472,64
1601,70
1581,68
1530,67
1328,58
1556,67
1432,63
1575,69
1333,58
1493,63
1475,65
1346,60
1474,65
1459,66
1452,64
1492,67
1640,71
1540,66
1361,59
1505,66
1585,69
1476,64
1575,69
1452,60
1487,67
1601,70
1580,69
1572,69
1607,68
1653,72
1473,65
1681,73
1490,65
1436,63
1579,69
1336,59
1446,63
1522,66
1679,73
1351,60
1325,58
1522,66
1616,70
1460,63
1424,63
1536,67
1683,73
1495,66
1379,60
1582,69
1630,71
1394,61
1231,57
1531,68
1534,67
1462,62
1575,69
1549,67
1418,60
1488,64
1447,64
1542,69
1481,66
1520,66
1503,66
1619,71
1630,71
1601,70
1599,70
1643,71
1516,66
1531,66
1533,67
1486,66
1468,66
1552,67
1576,68
1689,73
1675,73
1228,55
1437,64
1564,69
1423,63
1462,63
1577,67
1673,73
1467,65
1465,61
1357,59
1580,67
1387,60
1390,62
1424,63
1434,61
1446,64
1385,59
1375,60
1673,73
1513,61
1468,63
1456,65
1570,69
1559,69
1551,67
1380,61
1586,68
1501,65
1685,73
1545,69
1530,68
1444,63
1506,68
1472,66
1541,68
1449,62
1486,64
1534,67
1510,66
1681,73
1555,67
1398,62
1660,72
1396,61
1309,59
1465,63
1449,64
1313,58
1627,70
1515,64
1627,71
1506,66
1526,67
1547,67
1666,72
1556,65
1544,66
1559,68
1456,64
1577,68
1381,63
1656,70
1420,62
1520,68
1456,63
1459,63
1502,66
1590,68
1419,62
1482,62
1386,59
1526,67
1495,67
1491,64
1380,61
1637,70
1373,59
1689,73
1551,68
1430,63
1625,72
1483,66
1685,73
1535,64
1532,67
1671,72
1485,66
1592,67
1673,73
1544,66
1330,59
1569,68
1629,71
1544,67
1565,66
1569,67
1430,61
1502,67
1489,67
1496,64
1438,62
1367,62
1550,67
1489,66
1516,64
1500,66
1441,65
1519,69
1515,67
1507,66
1464,63
1650,71
1578,67
1504,65
1545,68
1518,67
1299,57
1289,59
1438,62
1448,63
1475,66
1455,65
1450,65
1561,68
1426,62
1504,68
1508,65
1445,62
1321,58
1492,67
1317,58
1475,66
1556,68
1493,64
1399,62
1638,71
1628,71
1440,63
1487,65
1551,67
1502,66
1565,69
1516,67
1427,63
1377,60
1499,62
1303,58
1524,66
1565,68
1528,68
1462,64
1325,58
1492,67
1550,66
1405,64
1629,69
1669,72
1542,67
1607,70
1491,65
1566,69
1593,70
1565,70
1431,64
1532,66
1554,67
1605,70
1603,69
1592,67
1677,73
1601,69
1429,63
1497,68
1591,69
1429,62
1468,63
1433,65
1484,65
1559,69
1572,68
1222,55
1510,65
1374,61
1598,69
1648,72
1320,60
1613,70
1598,68
1463,62
1475,65
1522,66
1397,64
1325,57
1433,63
1520,66
1446,65
1509,67
1661,72
1567,66
1601,70
1649,72
1544,68
1637,71
1463,63
1426,63
1479,65
1519,66
1581,68
1632,71
1531,68
1570,68
1640,71
1418,63
1610,70
1577,68
1433,61
1545,67
1677,73
1388,60
1579,70
1530,65
1543,66
1503,68
1538,69
1648,72
1628,71
1479,64
1268,54
1581,69
1542,68
1442,64
1548,68
1462,63
1424,64
1504,65
1353,60
1531,67
1447,63
1300,57
1608,71
1601,70
1523,67
1359,58
1438,62
1564,69
1465,65
1420,62
1612,71
1593,68
1457,66
1483,65
1461,63
1529,65
1491,64
1561,69
1462,66
1673,73
1388,59
1597,67
1547,68
1480,64
1673,73
1544,65
1603,69
1398,62
1356,60
1383,61
1468,62
1528,65
1461,61
1535,67
1343,58
1249,56
1598,69
1437,61
1629,70
1595,71
1679,73
1290,59
1596,69
1480,64
1559,69
1452,64
1375,61
1581,68
1429,63
1478,65
1481,66
1522,65
1556,69
1499,65
1496,66
1548,67
1512,68
1564,69
1607,68
1468,66
1542,65
1615,71
1467,64
1454,62
1343,60
1435,64
1445,63
1584,70
1421,61
1330,60
1414,60
1681,73
1509,68
1429,65
1675,73
1547,69
1492,67
1283,57
1393,62
1568,68
1462,65
1573,69
1528,66
1410,62
1423,60
1651,70
1478,66
1473,65
1546,67
1606,68
1661,72
1419,60
1427,63
1437,64
1458,63
1486,64
1557,69
1524,65
1428,63
1198,53
1407,62
1437,65
1497,64
1351,60
1673,73
1476,64
1471,64
1482,67
1539,66
1552,67
1360,60
1607,70
1498,63
1499,67
1504,68
1558,65
1514,66
1527,66
1506,64
1565,67
1521,67
1673,73
1369,60
1620,70
1457,62
1427,63
1376,62
1682,73
1612,71
1378,60
1480,64
1448,65
1636,69
1467,66
1536,67
1561,68
1382,60
1620,71
1484,65
1634,71
1461,66
1608,70
1456,64
1418,63
1390,60
1460,64
1597,71
1452,63
1546,66
1488,63
1613,70
1535,67
1420,62
1648,71
1632,71
1526,67
1377,62
1581,69
1403,63
1513,67
1591,69
1467,66
1472,67
1550,69
1535,68
1472,65
1442,64
1607,70
1418,64
1348,60
1589,68
1375,62
1471,65
1535,64
1562,66
1585,67
1386,62
1468,63
1586,70
1640,72
1599,69
1528,68
1678,70
1566,67
1355,58
1549,69
1445,66
1367,63
1439,64
1623,71
1467,63
1647,71
1442,65
1620,71
1522,66
1447,61
1447,63
1568,68
1335,59
1362,61
1481,65
1555,66
1273,57
1530,66
1389,61
1673,73
1516,67
1546,68
1349,59
1600,71
1404,64
1375,63
1543,68
1482,66
1435,60
1398,60
1468,63
1391,61
1480,66
1673,73
1673,73
1455,65
1450,63
1545,67
1659,72
1491,64
1373,60
1527,67
1448,66
1544,68
1452,62
1198,53
1518,67
1446,63
1515,66
1516,65
1520,65
1530,69
1517,66
1572,68
1609,70
1474,63
1499,65
1388,59
1481,63
1565,69
1447,63
1554,68
1420,63
1337,57
1523,66
1450,65
1346,59
1673,73
1474,63
1483,65
1500,66
1467,65
1559,68
1446,62
1455,64
1498,65
1268,56
1467,64
1456,62
1515,69
1548,67
1370,58
1443,62
1409,61
1409,62
1574,68
1374,59
1462,64
1675,73
1511,65
1318,60
1583,67
1443,64
1428,61
1595,71
1635,71
1516,67
1443,65
1434,62
1565,66
1430,65
1507,68
1574,68
1594,69
1631,72
1463,64
1578,67
1375,62
1536,65
1568,70
1451,63
1430,61
1517,67
1438,63
1390,61
1506,64
1483,66
1422,61
1616,71
1492,65
1523,67
1597,71
1641,72
1310,58
1631,69
1523,67
1531,65
1445,63
1289,56
1562,68
1432,64
1483,66
1575,68
1514,68
1486,64
1419,63
1402,62
1673,73
1673,73
1451,65
1489,64
1569,67
1555,65
1481,67
1548,67
1506,65
1476,66
1484,67
1567,68
1446,60
1354,59
1479,67
1564,66
1531,65
1483,65
1551,66
1500,66
1496,66
1411,60
1440,64
1511,65
1421,61
1555,66
1550,66
1420,63
1677,73
1461,62
1418,61
1337,57
1562,68
1505,65
1671,73
1577,67
1526,66
1390,61
1665,73
1492,65
1602,70
1542,68
1571,69
1501,65
1447,64
1463,64
1507,65
1476,65
1486,64
1453,65
1438,62
1547,67
1412,60
1630,70
1432,59
1234,55
1537,69
1664,72
1597,70
1537,67
1622,70
1307,57
1376,59
1577,67
1388,61
1586,69
1351,56
1556,65
1542,68
1465,63
1479,65
1551,68
1455,61
1634,69
1634,71
1495,66
1439,64
1444,61
1568,69
1541,66
1555,68
1444,64
1595,68
1673,73
1567,68
1499,66
1543,65
1515,66
1566,69
1624,69
1499,66
1457,63
1634,71
1495,65
1443,65
1652,72
1635,72
1348,58
1618,71
1337,58
1405,63
1411,61
1458,61
1429,61
1398,62
1409,61
1522,66
1558,67
1691,73
1484,65
1557,69
1663,72
1352,61
1573,69
1468,63
1519,66
1479,65
1499,66
1550,67
1475,62
1507,63
1447,64
1550,69
1366,59
1514,63
1540,67
1547,65
1475,64
1359,60
1471,63
1647,72
1605,68
1455,65
1660,72
1602,69
1568,68
1491,65
1612,70
1565,69
1429,63
1492,65
1315,61
1633,71
1458,66
1689,73
1375,61
1575,69
1407,61
1372,61
1521,68
1611,69
1406,61
1554,69
1671,73
1436,62
1461,63
1528,67
1690,71
1418,62
1598,71
1572,67
1542,65
1461,63
1477,64
1506,66
1494,67
1403,61
1580,70
1530,66
1644,72
1609,70
1489,65
1515,66
1481,66
1564,67
1570,69
1468,64
1485,65
1453,64
1522,66
1391,60
1590,67
1508,67
1650,72
1636,72
1461,65
1508,65
1546,66
1463,63
1558,68
1591,69
1628,71
1462,61
1516,67
1609,70
1465,64
1542,68
1380,62
1619,67
1598,71
1517,65
1541,68
1609,70
1500,65
1570,67
1632,70
1476,64
1479,63
1528,67
1444,63
1504,66
1675,73
1555,69
1665,73
1471,61
1665,73
1523,68
1531,63
1487,64
1606,71
1525,68
1641,71
1378,58
1367,58
1535,67
1585,70
1508,66
1643,72
1622,71
1354,60
1482,65
1558,68
1582,70
1631,70
1585,70
1646,72
1669,73
1498,65
1479,66
1524,66
1619,70
1353,60
1338,58
1591,68
1327,57
1374,59
1650,72
1432,63
1415,61
1533,68
1552,69
1457,63
1433,64
1542,68
1420,62
1601,71
1598,71
1527,66
1580,66
1458,60
1544,68
1453,64
1497,64
1460,63
1538,66
1594,71
1636,72
1515,68
1557,67
1636,72
1488,65
1573,70
1396,62
1669,73
1574,69
1523,67
1671,73
1446,65
1359,58
1560,65
1481,68
1491,67
1425,61
1508,65
1509,65
1460,62
1505,66
1450,65
1600,69
1405,64
1650,72
1673,73
1597,70
1576,65
1398,63
1641,72
1531,63
1574,67
1527,67
1454,64
1598,67
1548,67
1505,64
1503,65
1578,69
1437,62
1503,65
1406,61
1525,66
1667,73
1641,71
1464,65
1422,62
1503,63
1570,69
1389,62
1463,61
1226,54
1463,66
1612,70
1474,65
1530,65
1606,69
1372,59
1579,68
1567,69
1506,66
1463,65
1550,68
1531,66
1467,63
1518,67
1581,68
1481,65
1645,72
1545,68
1297,56
1236,54
1611,69
1490,64
1556,66
1552,68
1617,70
1485,65
1445,64
1630,71
1573,67
1424,62
1278,58
1646,72
1304,56
1486,64
1550,67
1459,65
1585,69
1646,72
1528,67
1527,65
1576,67
1389,62
1463,65
1521,67
1523,65
1669,73
1520,66
1530,68
1384,60
1340,59
1237,55
1671,73
1598,71
1479,64
1587,70
1577,68
1562,68
1474,65
1530,64
1453,63
1546,65
1523,67
1450,63
1563,67
1466,62
1618,71
1616,71
1446,63
1558,67
1534,66
1515,64
1651,72
1586,69
1580,70
1548,65
1482,65
1454,63
1620,69
1494,64
1492,66
1609,71
1484,62
1401,61
1667,73
1481,65
1476,61
1554,67
1475,63
1480,63
1406,64
1409,61
1477,64
1350,58
1598,69
1563,67
1560,69
1306,57
1559,69
1458,62
1566,68
1612,70
1554,68
1468,64
1574,69
1394,61
1667,73
1516,67
1620,70
1441,62
1468,64
1471,63
1440,65
1597,68
1498,65
1628,71
1332,59
1486,65
1563,69
1604,69
1425,62
1667,73
1611,71
1452,63
1343,59
1530,67
1482,65
1473,66
1460,62
1507,65
1578,69
1525,67
1483,65
1644,72
1448,63
1296,57
1584,69
1622,68
1614,69
1475,63
1360,60
1574,65
1418,61
1252,55
1360,60
1598,68
1521,65
1453,65
1459,64
1665,73
1522,64
1570,68
1522,68
1518,65
1530,66
1383,60
1395,58
1512,67
1509,67
1527,64
1433,61
1389,60
1586,70
1640,71
1526,66
1528,68
1413,61
1354,61
1633,70
1589,69
1541,66
1466,64
1549,66
1615,70
1640,70
1316,57
1341,59
1617,71
1587,70
1572,67
1504,66
1546,65
1472,62
1677,73
1544,67
1622,71
1590,70
1529,65
1524,65
1505,65
1331,56
1427,62
1656,71
1595,70
1575,67
1390,59
1556,69
1580,68
1298,56
1394,59
1583,69
1579,68
1524,65
1441,62
1571,66
1579,68
1675,73
1500,65
1526,67
1483,64
1499,67
1589,70
1568,67
1521,66
1555,66
1411,63
1475,62
1444,64
1544,67
1520,67
1415,60
1583,68
1652,72
1646,72
1508,65
1503,67
1600,71
1665,73
1501,66
1544,67
1370,59
1482,64
1579,68
1638,72
1609,71
1604,70
1456,62
1566,66
1497,64
1459,63
1645,72
1503,65
1665,73
1512,66
1480,67
1543,65
1581,67
1585,68
1578,68
1518,66
1567,69
1592,70
1665,73
1650,72
1330,55
1654,72
1406,59
1599,69
1411,60
1337,56
1564,68
1509,65
1558,67
1498,67
1409,60
1470,64
1582,68
1598,70
1469,65
1614,71
1592,69
1509,63
1577,70
1571,66
1669,73
1532,68
1567,66
1525,67
1526,67
1484,65
1294,57
1374,58
1458,62
1616,71
1461,62
1665,73
1593,68
1598,71
1376,63
1529,67
1462,63
1559,68
1521,66
1609,70
1499,67
1526,67
1485,66
1395,61
1404,62
1434,60
1477,65
1482,62
1593,70
1379,61
1444,63
1513,66
1569,68
1548,67
1584,67
1529,67
1536,66
1560,69
1342,59
1578,68
1614,70
1677,73
1552,68
1385,58
1461,62
1395,61
1409,62
1665,73
1329,60
1536,65
1558,68
1663,72
1521,67
1470,64
1470,66
1481,63
1448,62
1336,57
1480,63
1429,62
1562,69
1562,66
1612,68
1554,67
1590,69
1554,69
1591,70
1311,56
1654,72
1446,63
1535,65
1538,68
1475,63
1595,67
1520,63
1673,73
1634,71
1573,67
1545,68
1522,68
1574,66
1634,71
1358,60
1473,67
1413,62
1574,67
1542,68
1493,67
1422,63
1563,69
1626,70
1581,69
1506,67
1671,73
1581,68
1511,68
1543,66
1518,65
1671,73
1389,60
1605,67
1387,61
1591,66
1582,68
1187,52
1512,64
1641,72
1532,67
1378,60
1374,61
1564,68
1475,66
1482,64
1479,63
1386,59
1621,70
1610,69
1628,71
1671,73
1602,71
1476,65
1618,70
1562,67
1618,70
1443,65
1535,67
1554,68
1462,63
1594,69
1521,66
1586,69
1602,69
1492,65
1545,67
1411,62
1482,62
1563,67
1480,66
1498,62
1460,64
1513,64
1518,65
1545,65
1590,68
1461,64
1637,70
1448,63
1481,64
1665,73
1596,70
1443,63
1541,65
1677,73
1328,60
1604,70
1483,64
1506,65
1534,67
1574,67
1562,68
1562,69
1529,64
1323,61
1633,71
1618,71
1509,66
1599,68
1549,68
1477,64
1387,61
1406,63
1493,65
1503,67
1502,66
1487,65
1515,67
1483,65
1520,64
1562,67
1620,69
1572,68
1475,66
1562,67
1494,62
1578,69
1468,64
1551,66
1635,68
1371,61
1528,65
1590,68
1475,66
1454,65
1321,57
1640,69
1519,68
1634,71
1591,66
1453,61
1652,72
1523,67
1497,65
1603,68
1530,67
1629,71
1384,60
1675,73
1546,68
1586,69
1534,64
1601,70
1505,67
1545,68
1544,67
1565,66
1602,68
1540,67
1640,72
1573,67
1428,61
1367,60
1538,63
1550,65
1598,69
1551,67
1525,68
1521,65
1498,66
1593,67
1639,71
1448,60
1524,66
1524,66
1497,65
1618,71
1557,66
1607,70
1454,63
1395,61
1462,65
1484,64
1475,62
1650,71
1665,73
1570,69
1502,66
1633,71
1555,68
1584,70
1541,65
1517,65
1556,69
1317,58
1584,70
1463,62
1645,72
1665,73
1489,65
1614,71
1648,72
1497,64
1669,73
1542,65
1587,68
1626,71
1436,59
1586,70
1559,69
1436,63
1332,56
1431,61
1437,65
1524,67
1586,67
1486,65
1444,64
1525,68
1646,71
1616,71
1525,63
1639,72
1542,66
1483,63
1582,70
1528,68
1433,61
1628,71
1422,61
1543,65
1458,63
1439,62
1578,68
1551,66
1628,71
1457,64
1437,61
1579,66
1512,67
1496,67
1516,67
1419,63
1466,63
1322,57
1400,63
1440,64
1504,65
1336,58
1496,66
1606,69
1555,65
1603,70
1487,66
1478,64
1675,73
1687,73
1511,64
1444,61
1669,73
1554,65
1530,67
1500,66
1591,71
1639,70
1478,64
1477,65
1445,63
1325,59
1562,68
1395,62
1337,58
1605,70
1588,70
1559,66
1496,64
1652,72
1495,65
1560,69
1446,64
1326,56
1441,61
1445,62
1467,64
1646,72
1513,68
1538,68
1589,71
1495,64
1399,60
1522,67
1443,61
1608,69
1438,62
1539,68
1353,57
1456,64
1451,64
1376,60
1404,60
1558,68
1480,64
1497,67
1480,65
1579,68
1437,62
1579,65
1539,68
1454,62
1453,64
1457,64
1484,65
1568,70
1465,62
1482,65
1505,65
1561,68
1518,65
1455,64
1595,70
1356,58
1673,73
1519,67
1473,64
1604,70
1610,68
1321,58
1285,55
1543,68
1395,62
1516,67
1540,68
1685,73
1419,61
1570,68
1403,60
1669,73
1639,72
1534,68
1518,66
1345,60
1458,64
1591,70
1403,61
1481,63
1513,67
1667,73
1490,64
1521,68
1572,68
1408,63
1547,68
1369,59
1559,68
1423,63
1465,63
1313,57
1492,66
1470,65
1274,57
1505,64
1390,60
1541,66
1620,70
1518,67
1532,66
1433,61
1344,59
1522,66
1500,65
1405,61
1602,68
1550,69
1490,66
1594,69
1424,63
1542,67
1595,70
1476,63
1574,69
1540,67
1343,58
1385,62
1547,67
1477,65
1443,62
1453,64
1557,66
1546,68
1479,65
1302,59
1380,59
1665,73
1495,64
1456,64
1530,67
1466,66
1532,68
1639,72
1336,59
1500,67
1489,64
1554,67
1422,61
1613,70
1477,64
1504,66
1437,63
1494,67
1501,65
1519,67
1282,57
1605,70
1482,65
1568,69
1554,68
1547,68
1646,71
1479,65
1600,70
1673,73
1669,73
1644,72
1526,65
1570,66
1498,63
1584,70
1509,66
1437,63
1527,67
1572,68
1192,52
1612,71
1564,67
1578,68
1323,58
1596,70
1325,59
1493,67
1456,63
1591,69
1568,68
1434,61
1549,68
1619,70
1611,69
1636,71
1599,68
1557,68
1586,68
1570,68
1506,67
1584,69
1522,67
1581,68
1468,62
1343,59
1358,59
1647,72
1529,68
1671,72
1653,70
1420,62
1636,71
1446,62
1673,73
1496,64
1588,68
1598,69
1577,67
1349,60
1667,73
1542,67
1567,69
1461,64
1539,69
1496,65
1647,72
1472,65
1458,62
1467,65
1463,64
1458,62
1621,71
1671,73
1559,63
1488,64
1534,66
1556,69
1459,65
1683,73
1423,63
1567,67
1309,56
1589,68
1625,70
1583,67
1438,61
1379,59
1622,71
1320,58
1441,63
1414,62
1474,65
1538,66
1630,71
1588,69
1460,65
1673,73
1559,69
1541,68
1482,66
1641,70
1457,65
1569,66
1510,65
1476,64
1656,72
1592,69
1412,62
1566,69
1469,62
1492,65
1237,54
1494,65
1625,70
1613,71
1441,61
1392,62
1665,73
1620,70
1599,67
1367,61
1564,68
1480,63
1387,61
1583,69
1441,65
1453,65
1521,66
1461,65
1593,68
1512,64
1563,69
1525,68
1497,67
1427,61
1445,64
1441,63
1488,64
1537,66
1457,64
1446,63
1614,68
1419,61
1665,73
1665,73
1462,63
1615,70
1478,64
1554,68
1519,67
1511,65
1517,64
1622,70
1645,72
1433,63
1611,68
1494,63
1430,64
1537,66
1614,69
1579,69
1531,66
1377,61
1589,70
1455,64
1590,69
1619,71
1573,69
1543,66
1667,73
1665,73
1562,68
1337,56
1415,62
1398,61
1556,66
1491,65
1467,61
1417,61
1523,67
1516,66
1354,58
1574,66
1563,65
1385,60
1462,64
1461,61
1572,66
1509,66
1578,68
1468,62
1467,63
1326,58
1562,68
1534,67
1665,73
1615,71
1496,65
1585,68
1570,68
1588,69
1664,72
1665,73
1586,70
1557,66
1584,69
1388,60
1401,61
1467,66
1500,66
1466,61
1504,67
1357,60
1313,57
1688,72
1437,64
1475,65
1575,69
1673,73
1399,61
1587,69
1538,67
1669,73
1546,69
1475,66
1623,72
1479,63
1465,64
1608,67
1472,66
1483,63
1472,62
1407,60
1494,64
1366,58
1647,72
1626,71
1423,62
1432,63
1465,63
1459,64
1641,69
1559,65
1366,61
1633,70
1411,60
1596,68
1452,64
1616,70
1547,68
1517,67
1516,67
1507,66
1470,64
1679,73
1488,63
1261,56
1486,65
1598,67
1553,67
1488,64
1441,63
1465,64
1531,68
1665,73
1483,64
1510,65
1528,68
1450,62
1382,61
1431,64
1556,69
1519,63
1557,67
1513,66
1432,62
1421,64
1493,66
1508,67
1465,64
1551,66
1589,69
1527,67
1556,67
1551,67
1567,68
1593,69
1626,71
1649,72
1410,61
1621,69
1673,73
1483,66
1592,69
1588,70
1584,69
1432,63
1593,69
1648,71
1551,66
1477,63
1447,64
1540,68
1582,70
1470,66
1505,65
1428,62
1536,68
1523,66
1524,67
1628,70
1414,61
1523,68
1521,67
1566,66
1355,58
1588,70
1463,62
1591,70
1537,65
1665,73
1576,67
1588,70
1634,71
1484,63
1635,72
1537,66
1611,69
1465,64
1437,61
1466,64
1402,59
1496,64
1588,69
1381,60
1593,69
1412,60
1512,68
1487,65
1541,67
1591,68
1536,66
1533,67
1637,72
1487,65
1423,61
1560,67
1602,69
1531,68
1413,61
1433,63
1502,67
1477,64
1404,59
1609,69
1279,56
1555,68
1667,73
1665,73
1314,56
1465,65
1617,71
1573,69
1272,57
1510,64
1487,66
1384,60
1591,70
1628,71
1648,72
1502,64
1510,66
1369,59
1474,65
1580,69
1517,67
1565,67
1532,67
1644,72
1503,66
1612,69
1474,65
1521,66
1630,71
1606,70
1498,64
1404,62
1565,67
1416,62
1472,65
1485,65
1563,70
1628,71
1438,61
1679,73
1667,73
1617,70
1566,69
1651,72
1627,71
1619,71
1418,61
1589,68
1462,65
1506,64
1580,69
1523,68
1534,68
1453,63
1549,68
1662,72
1509,64
1484,65
1524,65
1476,65
1373,60
1384,59
1422,61
1587,67
1557,66
1525,63
1388,62
1525,68
1636,72
1594,71
1442,64
1663,73
1602,70
1460,64
1557,68
1589,69
1474,64
1520,66
1535,67
1456,61
1521,66
1334,59
1604,69
1344,58
1467,66
1499,66
1408,61
1400,62
1547,65
1397,61
1491,65
1421,63
1445,62
1452,64
1663,73
1538,66
1559,67
1518,65
1636,70
1482,67
1661,72
1677,73
1671,73
1300,57
1641,72
1568,69
1480,63
1417,61
1425,63
1438,62
1431,62
1663,73
1532,69
1551,68
1533,66
1302,57
1568,69
1408,61
1575,69
1440,61
1614,71
1659,72
1492,65
1575,68
1551,69
1545,67
1338,61
1619,70
1476,66
1562,68
1546,67
1502,65
1456,62
1524,67
1543,67
1591,70
1612,71
1636,71
1512,65
1451,64
1514,67
1477,66
1673,72
1548,67
1612,71
1644,72
1414,61
1669,73
1452,65
1368,59
1563,69
1570,69
1320,58
1468,64
1614,67
1563,69
1490,65
1395,60
1557,66
1504,65
1462,64
1455,60
1663,73
1507,66
1630,72
1612,71
1517,66
1437,61
1449,61
1618,71
1569,67
1512,63
1444,62
1448,62
1499,66
1556,68
1527,68
1658,72
1663,73
1521,66
1546,68
1424,63
1580,69
1525,67
1493,64
1536,67
1511,63
1663,73
1493,65
1409,61
1337,60
1510,66
1556,67
1339,59
1482,64
1603,70
1517,66
1508,66
1589,67
1470,63
1454,61
1510,66
1629,68
1608,68
1516,67
1455,64
1481,65
1580,69
1640,71
1495,66
1433,63
1536,64
1496,62
1667,73
1727,71
1511,68
1583,69
1593,70
1534,65
1431,62
1580,68
1451,64
1426,60
1434,63
1456,65
1553,68
1557,65
1575,68
1630,71
1464,65
1450,65
1556,68
1550,65
1465,63
1403,61
1641,70
1480,65
1595,71
1595,70
1607,68
1524,66
1349,60
1556,66
1631,70
1444,65
1526,67
1526,67
1605,69
1519,66
1617,70
1562,68
1501,64
1458,64
1504,65
1492,65
1395,62
1529,64
1605,69
1554,67
1477,64
1295,58
1634,71
1506,63
1516,67
1469,64
1445,63
1497,64
1586,69
1471,63
1345,60
1378,59
1474,64
1413,61
1580,68
1487,67
1379,59
1574,69
1564,69
1563,65
1616,69
1424,58
1511,65
1514,65
1368,58
1481,66
1367,58
1570,65
1464,61
1586,70
1438,63
1667,73
1406,61
1549,63
1524,67
1613,70
1485,66
1557,69
1600,71
1623,71
1462,62
1548,66
1511,63
1548,69
1663,73
1434,62
1491,64
1457,63
1360,62
1592,68
1512,66
1564,68
1478,65
1631,70
1562,66
1455,63
1627,71
1632,67
1506,65
1636,70
1499,64
1636,70
1501,66
1635,70
1635,72
1669,71
1610,70
1568,66
1557,69
1445,63
1507,64
1379,62
1442,61
1574,68
1545,66
1623,70
1496,66
1513,63
1663,73
1461,64
1557,68
1574,68
1275,56
1363,58
1676,72
1604,68
1662,71
1463,65
1547,67
1568,68
1584,68
1525,67
1667,73
1665,73
1631,70
1595,69
1410,64
1589,68
1585,68
1667,73
1371,61
1575,68
1344,59
1486,64
1631,70
1650,72
1615,70
1570,68
1513,64
1333,59
1592,69
1614,71
1551,67
1548,66
1460,66
1555,68
1667,73
1407,62
1526,64
1379,61
1537,68
1671,73
1521,66
1463,63
1662,69
1368,59
1634,71
1569,69
1614,69
1542,67
1482,66
1494,65
1420,61
1451,65
1245,57
1453,63
1597,70
1503,65
1549,67
1437,61
1468,64
1550,67
1536,68
1604,70
1544,65
1677,73
1522,66
1573,68
1677,73
1424,61
1481,64
1403,60
1531,69
1616,69
1433,63
1446,61
1652,71
1485,65
1381,61
1493,66
1540,67
1382,60
1447,63
1279,59
1540,67
1583,67
1588,70
1501,66
1396,59
1539,67
1537,68
1510,65
1587,70
1663,73
1496,66
1463,63
1539,68
1478,63
1537,67
1595,70
1422,64
1481,63
1605,71
1509,68
1590,69
1652,72
1594,69
1537,65
1663,73
1453,65
1663,73
1422,61
1513,67
1628,72
1667,73
1376,61
1667,73
1553,66
1528,67
1567,70
1508,66
1421,62
1541,64
1663,73
1525,66
1527,64
1573,66
1538,67
1409,64
1586,69
1639,71
1622,69
1667,73
1230,55
1552,67
1583,69
1325,57
1608,71
1433,64
1482,65
1517,68
1381,59
1401,63
1525,66
1569,70
1518,65
1469,64
1646,72
1562,69
1544,69
1619,70
1572,68
1412,63
1447,61
1603,69
1574,67
1604,69
1504,66
1496,67
1517,65
1562,68
1556,66
1531,67
1366,60
1669,73
1541,68
1401,61
1573,68
1579,67
1539,67
1582,69
1363,58
1627,70
1519,66
1491,65
1394,61
1421,63
1442,63
1557,68
1478,62
1392,59
1508,66
1665,73
1601,70
1495,67
1624,71
1583,66
1626,68
1420,62
1559,65
1551,67
1563,69
1593,70
1497,66
1560,68
1495,66
1514,67
1543,66
1663,73
1499,65
1593,69
1592,70
1663,73
1576,69
1370,59
1483,64
1600,70
1456,65
1531,67
1593,67
1542,67
1663,73
1578,70
1441,60
1607,68
1542,67
1658,72
1577,67
1539,66
1515,65
1628,72
1555,68
1474,61
1431,62
1492,66
1582,65
1314,60
1591,70
1448,63
1455,63
1516,67
1567,64
1426,63
1430,63
1535,68
1400,59
1545,69
1482,62
1499,67
1451,60
1442,61
1334,58
1424,62
1474,66
1363,58
1470,62
1512,68
1673,73
1425,61
1641,70
1473,66
1560,68
1625,68
1616,71
1426,63
1468,65
1624,72
1432,62
1575,68
1614,70
1594,67
1455,63
1428,64
1514,67
1637,72
1590,69
1520,66
1601,70
1647,71
1576,70
1504,66
1508,67
1450,63
1468,63
1604,67
1596,69
1371,62
1677,73
1626,71
1622,68
1515,65
1596,67
1403,61
1537,66
1549,66
1525,68
1535,65
1301,58
1483,64
1630,71
1632,71
1432,61
1393,62
1584,68
1512,67
1493,68
1586,70
1606,70
1459,63
1502,66
1526,65
1353,59
1595,69
1583,67
1520,66
1543,68
1609,70
1531,67
1490,62
1547,67
1371,60
1602,69
1382,60
1624,70
1583,69
1479,66
1659,70
1441,63
1528,66
1557,67
1564,68
1592,70
1519,66
1289,58
1444,63
1592,69
1478,64
1565,66
1524,66
1610,70
1430,65
1635,72
1548,68
1626,71
1585,69
1535,68
1485,64
1552,68
1484,63
1525,66
1426,63
1534,68
1525,66
1541,68
1641,72
1593,69
1363,58
1428,63
1552,67
1496,66
1553,67
1647,72
1622,70
1553,68
1219,53
1565,68
1527,64
1551,66
1619,70
1448,64
1583,69
1524,64
1447,63
1534,67
1533,65
1573,68
1546,65
1642,72
1509,67
1603,70
1588,70
1556,65
1374,62
1663,73
1406,60
1523,65
1627,70
1215,55
1572,68
1477,66
1495,65
1556,67
1569,65
1543,67
1490,63
1559,68
1530,67
1456,63
1546,67
1484,65
1444,60
1466,64
1487,63
1542,68
1480,66
1524,65
1398,59
1644,72
1584,70
1536,66
1440,60
1603,71
1383,61
1510,64
1490,64
1551,67
1490,66
1530,64
1477,66
1564,67
1663,73
1335,58
1416,61
1639,72
1614,71
1541,68
1607,69
1519,66
1407,62
1448,62
1509,64
1663,73
1673,73
1494,67
1541,68
1549,68
1481,67
1652,72
1442,65
1421,62
1467,65
1631,70
1487,64
1562,68
1449,63
1573,68
1521,65
1514,64
1628,71
1600,68
1538,67
1599,70
1501,65
1486,65
1680,73
1593,69
1449,65
1461,64
1515,65
1566,69
1552,65
1591,68
1544,67
1550,68
1564,66
1611,68
1432,61
1338,57
1644,72
1427,62
1564,67
1537,68
1494,65
1663,73
1527,67
1572,68
1609,70
1431,61
1576,68
1588,70
1547,67
1430,63
1673,73
1637,70
1496,66
1506,67
1595,70
1502,64
1470,62
1663,73
1555,66
1524,68
1541,66
1607,69
1525,68
1625,70
1450,64
1520,66
1573,68
1612,69
1265,54
1505,67
1545,65
1563,67
1561,69
1477,66
1572,67
1543,67
1401,59
1624,71
1494,64
1562,70
1552,68
1531,64
1418,60
1572,67
1619,69
1509,65
1555,69
1476,65
1451,64
1663,73
1610,70
1512,64
1577,69
1632,71
1373,61
1611,70
1489,64
1653,70
1669,73
1571,69
1500,66
1538,67
1378,60
1447,61
1587,68
1477,66
1631,70
1498,66
1559,69
1475,64
1402,63
1515,65
1607,69
1410,60
1485,65
1552,66
1570,68
1526,64
1281,56
1619,71
1586,69
1486,65
1603,71
1519,63
1538,66
1547,67
1586,68
1451,63
1595,69
1554,69
1454,62
1558,67
1635,70
1392,62
1516,65
1522,67
1528,67
1573,66
1526,67
1621,69
1441,61
1628,72
1540,66
1595,70
1498,65
1491,65
1582,69
1549,65
1450,63
1589,69
1541,67
1547,65
1444,62
1469,65
1439,63
1599,70
1410,60
1504,64
1650,72
1493,63
1377,61
1482,65
1494,67
1426,62
1507,66
1506,65
1663,73
1551,67
1547,67
1490,62
1631,71
1600,69
1528,65
1522,66
1526,66
1667,73
1237,53
1477,64
1409,61
1465,61
1663,73
1383,60
1491,64
1434,62
1617,69
1636,70
1569,68
1442,62
1306,57
1665,71
1588,69
1602,67
1479,65
1453,64
1688,73
1400,60
1445,63
1454,62
1598,69
1611,69
1364,60
1587,69
1500,63
1622,66
1667,73
1598,71
1623,71
1665,73
1614,70
1677,73
1408,59
1587,69
1534,64
1622,71
1395,60
1495,64
1526,68
1432,63
1598,69
1663,73
1573,68
1510,64
1547,63
1636,70
1409,60
1431,60
1544,67
1598,69
1534,67
1561,65
1450,62
1528,66
1594,68
1418,60
1562,68
1527,66
1555,68
1454,64
1667,73
1535,67
1580,67
1575,67
1590,68
1491,65
1652,71
1554,67
1642,72
1650,70
1523,66
1672,70
1610,71
1631,70
1530,67
1602,68
1581,69
1529,64
1507,64
1532,65
1627,71
1640,70
1663,73
1441,62
1506,64
1637,69
1570,68
1663,73
1575,68
1510,64
1407,60
1443,64
1501,63
1558,68
1542,68
1566,69
1347,60
1508,64
1563,66
1395,59
1624,68
1494,64
1663,73
1427,61
1558,69
1443,63
1463,62
1499,63
1473,62
1470,63
1480,64
1319,59
1384,60
1574,69
1629,69
1343,59
1509,65
1488,64
1630,70
1663,73
1573,67
1663,73
1466,64
1566,69
1487,64
1530,67
1638,71
1557,68
1375,59
1554,69
1542,68
1570,66
1588,69
1530,64
1654,72
1565,66
1592,66
1576,68
1665,73
1476,62
1568,66
1458,62
1496,66
1471,61
1575,64
1410,62
1610,67
1548,68
1608,70
1518,66
1554,68
1431,60
1530,64
1628,70
1563,64
1641,72
1429,60
1404,61
1420,63
1477,66
1335,59
1450,64
1350,57
1612,69
1436,64
1597,67
1383,60
1623,71
1615,70
1392,61
1560,64
1588,69
1495,63
1613,71
1546,66
1521,68
1592,69
1495,66
1375,59
1553,67
1425,61
1527,65
1665,73
1584,68
1511,66
1471,64
1597,68
1610,69
1543,66
1481,63
1658,70
1558,65
1541,67
1595,66
1600,70
1253,56
1533,65
1445,63
1494,66
1639,71
1577,68
1480,66
1403,61
1657,68
1600,70
1478,64
1515,64
1555,66
1422,62
1576,67
1520,66
1562,66
1663,73
1551,67
1611,70
1519,67
1605,68
1484,65
1614,71
1378,61
1569,66
1498,65
1534,66
1542,66
1620,70
1612,71
1553,66
1512,66
1601,67
1593,68
1442,60
1516,67
1495,65
1346,58
1556,63
1591,70
1496,66
1485,63
1585,68
1592,66
1346,58
1588,69
1538,67
1661,70
1539,65
1600,69
1636,72
1470,66
1581,69
1444,62
1599,69
1418,61
1508,65
1487,64
1665,72
1633,69
1613,70
1594,69
1552,68
1553,67
1541,64
1587,68
1497,64
1529,67
1470,62
1538,66
1479,63
1565,67
1528,66
1524,66
1683,73
1477,65
1552,66
1588,69
1527,66
1577,68
1567,69
1577,66
1535,67
1493,66
1663,73
1399,61
1393,59
1477,64
1525,65
1479,65
1438,60
1370,61
1647,72
1484,62
1600,66
1600,70
1507,65
1589,69
1566,66
1590,70
1597,70
1383,60
1571,65
1436,61
1594,69
1373,59
1422,61
1459,64
1635,71
1626,67
1587,69
1622,71
1577,66
1523,66
1490,66
1609,70
1554,68
1675,73
1525,68
1477,64
1653,71
1479,65
1503,65
1649,72
1560,67
1563,68
1487,64
1571,69
1404,59
1582,69
1506,65
1684,70
1378,61
1564,68
1663,73
1523,66
1476,65
1462,65
1450,62
1569,69
1484,65
1507,66
1671,73
1365,60
1552,67
1396,60
1659,72
1535,67
1693,73
1335,58
1401,60
1472,65
1395,61
1658,69
1485,64
1652,70
1609,70
1602,67
1605,69
1663,73
1312,57
1595,68
1621,71
1618,68
1624,71
1487,63
1658,71
1368,57
1442,64
1481,65
1532,66
1502,66
1556,69
1398,60
1580,68
1489,66
1526,66
1491,66
1401,60
1508,65
1580,67
1570,67
1501,64
1682,72
1423,62
1324,57
1521,66
1470,63
1413,60
1510,67
1495,66
1484,66
1634,72
1456,63
1493,64
1588,69
1675,72
1588,68
1558,69
1471,62
1454,61
1641,71
1352,57
1546,67
1543,67
1578,68
1557,66
1543,65
1663,73
1667,73
1594,67
1606,71
1505,65
1518,67
1512,67
1529,66
1407,60
1353,58
1594,69
1617,70
1569,67
1463,61
1640,72
1479,63
1493,65
1557,67
1456,63
1475,62
1302,57
1459,61
1441,63
1330,56
1558,68
1429,61
1433,60
1481,64
1464,64
1544,67
1439,62
1665,73
1595,66
1545,69
1502,66
1610,71
1462,62
1515,66
1561,69
1593,69
1434,63
1587,69
1557,67
1508,66
1459,61
1491,65
1357,59
1379,61
1358,58
1579,68
1594,69
1396,60
1618,69
1530,68
1445,62
1453,62
1663,72
1618,70
1663,73
1595,70
1390,61
1351,60
1434,63
1477,62
1635,71
1528,66
1490,67
1629,69
1623,69
1554,65
1580,69
1606,70
1566,68
1451,61
1435,62
1595,70
1572,68
1667,73
1337,59
1439,62
1660,72
1400,61
1484,64
1458,62
1489,65
1616,71
1547,67
1514,66
1521,65
1416,61
1544,68
1630,71
1368,59
1416,61
1456,65
1600,68
1606,68
1511,65
1544,68
1640,70
1680,73
1490,65
1395,59
1555,68
1667,73
1496,66
1554,67
1459,65
1615,70
1579,69
1545,67
1570,68
1579,69
1561,65
1538,68
1625,70
1504,65
1567,69
1464,64
1572,66
1430,62
1585,69
1486,65
1598,70
1610,69
1545,64
1498,66
1547,67
1565,67
1427,61
1603,66
1507,65
1598,70
1543,68
1536,68
1388,60
1529,63
1472,63
1572,67
1593,69
1590,68
1337,58
1676,72
1436,59
1565,67
1362,58
1477,63
1407,62
1567,68
1643,71
1614,70
1584,65
1503,66
1341,60
1671,73
1493,62
1612,70
1443,61
1591,70
1652,71
1555,67
1565,67
1577,66
1467,64
1478,65
1473,64
1440,63
1400,61
1619,70
1587,68
1326,57
1283,55
1505,67
1480,64
1602,69
1508,63
1452,61
1526,68
1638,72
1526,67
1364,58
1463,65
1403,61
1416,62
1590,69
1647,71
1530,64
1599,69
1428,60
1474,63
1395,60
1482,62
1615,70
1450,62
1630,71
1390,61
1621,70
1457,65
1472,63
1517,64
1593,67
1583,68
1640,72
1466,65
1626,71
1646,72
1492,64
1563,68
1512,65
1508,65
1319,58
1598,68
1565,69
1649,72
1483,62
1435,63
1610,71
1460,64
1553,68
1525,67
1545,64
1519,68
1628,72
1491,61
1510,66
1556,68
1663,73
1402,61
1593,69
1540,65
1482,66
1596,69
1460,63
1451,60
1671,73
1514,65
1627,67
1545,68
1629,68
1565,67
1497,65
1526,66
1455,62
1511,66
1494,64
1699,73
1357,57
1518,66
1602,69
1532,65
1375,59
1537,68
1588,68
1500,65
1643,69
1457,63
1414,59
1342,58
1465,64
1371,59
1568,68
1457,63
1697,72
1355,60
1310,58
1661,71
1449,63
1622,71
1603,69
1456,63
1493,62
1603,70
1609,69
1570,66
1533,67
1468,65
1580,67
1563,69
1537,68
1597,67
1500,64
1622,70
1418,62
1555,69
1630,70
1485,65
1642,72
1632,70
1607,68
1323,57
1663,73
1679,72
1502,66
1528,67
1541,67
1375,61
1523,65
1553,66
1523,66
1591,66
1565,68
1546,67
1513,63
1541,68
1663,73
1643,71
1555,66
1531,67
1456,65
1425,62
1378,60
1525,66
1587,69
1607,70
1637,72
1347,58
1577,67
1600,71
1486,65
1397,60
1475,64
1616,71
1520,65
1614,69
1336,59
1585,69
1450,63
1528,68
1583,69
1396,60
1534,66
1376,61
1681,73
1488,66
1558,68
1506,65
1531,67
1533,66
1375,59
1261,57
1571,68
1553,68
1602,69
1607,69
1454,64
1571,66
1555,67
1673,71
1600,68
1591,68
1457,63
1663,73
1431,63
1311,57
1441,64
1475,63
1472,64
1505,63
1464,63
1510,66
1519,66
1495,64
1623,72
1571,67
1414,63
1365,58
1625,69
1373,59
1441,62
1451,64
1529,67
1386,59
1500,63
1611,68
1479,64
1521,65
1669,73
1645,71
1597,70
1561,67
1578,68
1629,71
1578,67
1443,60
1494,64
1477,63
1663,73
1519,65
1509,65
1512,65
1515,66
1569,69
1491,62
1435,62
1602,68
1503,65
1573,69
1354,59
1285,59
1588,68
1579,68
1684,71
1557,69
1535,67
1663,72
1458,62
1493,63
1667,73
1639,72
1318,56
1648,72
1550,67
1663,73
1604,69
1634,71
1421,63
1564,69
1464,65
1522,65
1490,66
1562,67
1601,70
1477,63
1674,71
1555,67
1664,72
1479,63
1519,63
1577,68
1602,70
1663,73
1430,62
1387,58
1457,63
1418,62
1615,71
1540,66
1355,59
1675,73
1663,73
1422,61
1540,66
1560,67
1626,71
1529,66
1320,59
1551,67
1468,60
1379,59
1305,56
1513,65
1355,60
1429,61
1595,70
1641,70
1603,67
1652,72
1648,72
1343,58
1523,65
1685,71
1521,65
1230,54
1532,64
1586,68
1462,65
1319,59
1525,68
1508,64
1487,66
1653,72
1405,63
1550,68
1570,68
1603,68
1573,68
1407,59
1468,64
1525,66
1612,70
1491,65
1526,68
1513,67
1511,67
1452,63
1514,64
1663,73
1473,64
1640,71
1480,63
1534,67
1557,69
1603,71
1511,66
1599,70
1446,63
1510,66
1457,61
1569,66
1543,67
1508,65
1464,63
1419,63
1324,58
1602,69
1669,73
1634,71
1547,65
1573,68
1583,68
1663,73
1519,66
1578,65
1462,62
1544,69
1572,68
1526,65
1466,63
1461,64
1497,64
1478,65
1627,71
1663,73
1317,59
1573,69
1641,69
1637,72
1462,61
1560,68
1671,73
1659,72
1548,66
1565,66
1589,70
1425,63
1618,70
1462,63
1573,69
1506,66
1473,63
1517,66
1614,71
1459,61
1551,69
1535,65
1592,66
1516,67
1432,59
1540,67
1627,71
1515,65
1467,64
1627,70
1470,66
1536,65
1500,67
1646,70
1388,59
1455,61
1506,64
1588,67
1608,71
1465,63
1536,67
1574,68
1665,72
1392,60
1621,69
1497,66
1561,68
1561,66
1558,68
1310,57
1508,66
1590,69
1521,68
1513,63
1667,73
1540,67
1327,58
1616,70
1523,66
1385,57
1423,64
1667,73
1352,56
1547,67
1588,69
1671,73
1541,67
1394,62
1585,66
1382,61
1472,66
1487,66
1560,67
1565,69
1398,60
1526,68
1562,67
1605,70
1484,63
1642,72
1665,73
1549,68
1600,69
1595,70
1497,64
1496,65
1584,69
1443,65
1285,56
1442,63
1671,73
1697,73
1563,67
1364,58
1555,68
1506,64
1531,68
1459,63
1579,68
1541,66
1515,65
1410,61
1561,67
1519,65
1604,70
1488,65
1688,72
1601,70
1663,73
1455,63
1360,57
1455,63
1472,64
1587,69
1578,69
1529,65
1464,64
1471,62
1573,68
1632,71
1402,61
1663,73
1402,59
1445,61
1556,68
1634,71
1531,67
1585,70
1536,67
1626,71
1536,68
1450,62
1470,65
1533,66
1522,64
1498,66
1523,63
1530,68
1351,59
1635,72
1483,65
1363,61
1506,67
1639,71
1543,65
1402,61
1568,67
1474,65
1556,66
1425,60
1414,61
1673,73
1633,70
1400,59
1478,64
1512,63
1500,67
1543,67
1529,67
1592,68
1430,62
1587,69
1398,60
1598,69
1398,61
1608,71
1498,67
1673,73
1644,72
1573,70
1528,67
1468,65
1424,63
1494,64
1627,69
1386,59
1462,65
1458,63
1561,69
1500,66
1444,64
1679,73
1456,65
1477,65
1472,65
1497,65
1432,64
1650,72
1495,66
1576,65
1629,71
1459,65
1437,62
1506,66
1452,65
1589,68
1334,58
1621,71
1449,64
1456,64
1489,65
1474,66
1511,68
1604,71
1524,65
1426,61
1540,68
1381,61
1500,65
1543,67
1449,65
1516,65
1387,58
1376,62
1480,63
1675,73
1578,67
1489,63
1586,70
1595,68
1637,70
1585,70
1653,71
1584,69
1513,67
1490,65
1494,61
1599,69
1593,69
1513,66
1483,65
1507,63
1379,59
1561,66
1631,71
1363,61
1489,66
1364,59
1513,64
1621,70
1669,73
1365,62
1637,70
1493,67
1508,66
1574,69
1300,56
1583,69
1446,62
1638,69
1604,70
1456,63
1601,69
1493,67
1555,67
1499,67
1539,66
1575,67
1463,66
1619,72
1532,67
1534,65
1426,63
1490,64
1411,61
1523,66
1326,59
1573,69
1423,63
1541,67
1535,68
1447,64
1653,71
1401,62
1610,71
1549,68
1505,65
1615,70
1608,71
1473,61
1342,59
1351,59
1673,72
1559,66
1659,72
1513,64
1629,70
1472,65
1465,62
1663,73
1396,63
1324,57
1444,63
1544,65
1667,73
1476,64
1405,61
1581,70
1540,65
1406,63
1448,63
1586,68
1475,65
1615,72
1639,72
1554,68
1515,66
1572,68
1495,66
1438,62
1598,68
1607,70
1478,64
1577,67
1652,72
1467,63
1597,69
1590,69
1418,61
1509,66
1636,71
1527,67
1483,64
1463,61
1460,63
1534,67
1642,72
1396,61
1639,72
1614,68
1505,65
1650,72
1569,67
1350,60
1392,60
1667,73
1483,66
1620,71
1632,68
1501,66
1534,65
1461,63
1453,60
1449,64
1488,65
1639,71
1605,68
1669,73
1469,64
1407,60
1503,66
1464,65
1523,67
1671,73
1585,66
1503,66
1633,70
1462,65
1539,66
1535,66
1499,64
1444,64
1587,70
1485,66
1481,66
1530,67
1584,69
1524,67
1600,69
1539,66
1558,68
1494,64
1547,66
1585,69
1646,71
1574,68
1599,69
1522,64
1610,66
1642,71
1591,69
1397,62
1498,63
1420,61
1663,73
1647,71
1665,73
1502,67
1421,61
1619,70
1547,66
1491,65
1393,61
1667,73
1602,68
1656,72
1486,65
1583,67
1607,70
1663,73
1487,65
1669,73
1500,65
1537,67
1485,65
1656,72
1481,64
1460,64
1526,67
1556,68
1516,66
1456,62
1455,63
1619,72
1646,71
1521,65
1489,65
1472,66
1415,62
1656,72
1511,65
1607,70
1553,69
1462,65
1437,64
1542,67
1376,62
1602,68
1585,69
1457,62
1451,62
1334,57
1507,63
1527,65
1671,73
1487,62
1498,66
1475,65
1551,67
1426,63
1495,63
1580,68
1482,65
1541,65
1574,68
1547,67
1610,66
1661,73
1506,67
1484,65
1554,68
1593,67
1433,61
1577,69
1504,64
1504,64
1432,62
1552,68
1571,67
1382,60
1477,63
1472,65
1563,68
1525,66
1527,64
1364,60
1527,65
1646,70
1598,69
1468,63
1500,64
1603,70
1510,64
1482,65
1465,64
1609,70
1449,65
1589,68
1468,65
1542,68
1544,67
1613,72
1573,68
1555,67
1574,68
1527,66
1415,63
1606,67
1501,65
1493,66
1531,68
1615,71
1429,64
1488,65
1416,62
1591,70
1486,63
1638,71
1606,68
1515,65
1510,66
1368,58
1478,64
1568,68
1524,66
1486,65
1326,56
1432,62
1470,65
1637,71
1377,62
1615,70
1509,65
1510,65
1509,66
1513,66
1641,72
1409,62
1677,73
1306,56
1469,65
1524,65
1460,65
1452,63
1570,65
1488,66
1579,68
1405,61
1651,72
1525,65
1330,55
1615,70
1453,64
1538,66
1624,69
1530,66
1514,64
1605,69
1663,72
1537,67
1486,65
1607,70
1528,67
1467,65
1604,70
1615,72
1589,67
1447,63
1502,65
1505,68
1529,65
1559,69
1633,72
1561,67
1494,65
1505,66
1602,69
1549,67
1521,63
1488,65
1526,65
1517,66
1555,68
1507,64
1363,60
1552,68
1506,65
1642,72
1344,58
1514,65
1488,64
1393,62
1534,66
1474,64
1543,67
1389,59
1465,64
1659,72
1404,63
1586,67
1500,65
1386,58
1635,72
1595,70
1628,70
1511,67
1364,63
1515,63
1565,68
1558,68
1580,69
1575,68
1634,72
1564,69
1633,70
1515,64
1442,65
1435,63
1663,73
1527,68
1519,65
1620,70
1520,66
1431,61
1352,59
1452,64
1514,65
1363,59
1502,66
1347,59
1478,63
1661,73
1424,64
1591,69
1565,67
1518,66
1508,63
1556,65
1449,61
1441,64
1621,71
1539,67
1534,66
1520,65
1446,62
1541,67
1421,61
1361,58
1502,65
1421,63
1447,64
1689,71
1580,68
1543,67
1599,69
1409,61
1557,68
1449,64
1514,63
1482,62
1557,67
1604,68
1417,61
1543,66
1384,61
1661,72
1520,66
1474,62
1530,65
1507,67
1369,61
1614,68
1443,62
1649,72
1530,65
1646,72
1439,62
1522,67
1620,70
1346,58
1644,72
1580,70
1266,56
1348,58
1385,59
1510,66
1404,63
1564,68
1565,70
1481,64
1506,66
1482,65
1479,65
1368,56
1408,60
1600,70
1619,68
1591,67
1405,61
1421,60
1450,65
1548,68
1389,62
1576,68
1489,62
1507,66
1557,68
1452,62
1635,72
1603,70
1543,68
1626,68
1559,67
1639,71
1681,73
1638,72
1575,69
1671,70
1511,63
1665,73
1409,61
1583,69
1358,61
1534,66
1558,68
1542,69
1309,59
1484,65
1628,71
1548,67
1488,65
1551,69
1465,64
1603,69
1542,66
1661,73
1461,63
1420,63
1488,66
1539,67
1669,72
1526,68
1364,59
1561,67
1506,67
1584,65
1560,68
1626,68
1652,72
1665,73
1488,64
1523,67
1657,72
1538,67
1509,68
1663,73
1644,68
1369,61
1399,62
1496,65
1591,69
1511,68
1515,66
1506,65
1590,69
1525,66
1507,63
1349,57
1449,65
1367,58
1488,66
1670,72
1621,71
1514,67
1528,67
1432,62
1534,68
1589,67
1445,65
1426,62
1362,56
1559,68
1475,67
1562,66
1677,73
1483,65
1669,73
1406,62
1533,67
1395,61
1654,72
1507,67
1612,70
1494,66
1605,70
1450,65
1560,68
1549,67
1578,70
1586,70
1505,65
1476,62
1610,71
1633,72
1560,68
1571,68
1504,64
1665,73
1564,68
1616,68
1528,66
1574,68
1414,63
1524,67
1576,67
1435,63
1543,66
1549,67
1652,71
1504,64
1535,68
1615,71
1418,61
1441,60
1548,68
1517,65
1456,65
1434,64
1478,61
1566,69
1558,68
1355,60
1385,59
1492,66
1425,63
1487,64
1528,67
1280,58
1402,60
1429,60
1424,65
1579,69
1601,70
1469,66
1632,72
1499,66
1583,69
1448,63
1540,67
1580,70
1576,67
1628,71
1531,68
1478,64
1508,64
1453,63
1362,60
1384,60
1528,67
1416,62
1525,67
1490,65
1500,66
1396,59
1444,61
1610,71
1484,64
1603,69
1627,70
1595,69
1551,66
1557,68
1524,65
1531,67
1571,69
1518,66
1570,67
1415,62
1635,71
1593,70
1579,69
1303,58
1516,64
1522,65
1569,69
1577,66
1480,64
1665,70
1411,61
1447,64
1525,65
1476,65
1381,60
1679,73
1515,67
1386,61
1523,67
1499,66
1520,65
1487,66
1521,65
1524,66
1642,72
1598,69
1598,69
1555,68
1592,69
1386,63
1421,61
1489,64
1585,70
1477,64
1667,73
1491,65
1615,71
1581,69
1486,65
1512,66
1459,65
1507,67
1507,65
1476,67
1661,73
1596,70
1437,63
1546,68
1539,66
1340,58
1568,69
1583,69
1407,61
1366,60
1534,66
1523,69
1661,73
1449,61
1461,63
1514,63
1661,73
1561,69
1595,69
1646,72
1581,70
1529,65
1351,58
1481,64
1386,63
1470,64
1523,66
1505,65
1556,68
1471,66
1540,67
1456,64
1486,64
1436,62
1601,67
1489,66
1529,67
1460,65
1527,67
1611,70
1580,69
1438,63
1591,69
1579,69
1368,60
1548,67
1518,66
1327,58
1430,63
1569,65
1555,65
1495,65
1657,72
1564,70
1441,63
1579,66
1511,67
1458,64
1514,67
1350,59
1498,65
1452,65
1530,62
1490,65
1588,69
1524,64
1481,66
1615,72
1591,70
1455,63
1421,59
1465,62
1408,60
1406,64
1614,69
1507,67
1513,67
1527,67
1512,66
1470,65
1685,73
1345,57
1420,63
1589,69
1564,68
1661,73
1547,65
1525,66
1551,68
1507,67
1441,64
1616,68
1585,69
1566,65
1661,73
1512,65
1556,66
1624,71
1562,69
1531,68
1591,70
1585,69
1563,68
1541,68
1483,65
1356,61
1647,72
1505,67
1388,60
1496,65
1639,70
1487,63
1439,62
1464,62
1523,67
1479,64
1585,69
1519,67
1484,65
1636,70
1483,64
1546,66
1598,71
1531,67
1516,64
1533,67
1636,72
1533,67
1570,68
1546,67
1618,71
1425,64
1549,67
1422,62
1411,61
1615,70
1515,65
1500,67
1605,70
1412,64
1544,65
1526,68
1565,69
1571,69
1574,68
1392,60
1555,68
1426,61
1569,69
1368,59
1516,64
1486,63
1478,65
1558,67
1489,66
1418,62
1667,73
1563,69
1602,69
1521,67
1380,60
1527,66
1463,64
1365,60
1552,67
1556,66
1567,67
1438,61
1608,69
1636,72
1490,65
1576,69
1384,63
1464,65
1450,64
1516,65
1263,56
1546,68
1540,67
1535,66
1576,69
1646,72
1412,62
1440,62
1497,66
1576,70
1561,69
1669,73
1572,68
1517,65
1630,71
1518,68
1580,69
1591,70
1629,71
1443,64
1555,66
1539,66
1504,65
1647,72
1525,66
1638,71
1619,70
1585,68
1661,72
1408,60
1353,61
1511,65
1498,67
1665,73
1366,60
1456,65
1489,65
1517,66
1550,67
1565,67
1465,64
1516,66
1489,66
1506,67
1669,73
1421,60
1510,66
1468,63
1527,64
1364,62
1517,66
1474,64
1511,63
1480,66
1544,68
1515,65
1593,69
1584,69
1484,64
1463,64
1528,67
1527,68
1595,70
1464,63
1446,64
1542,66
1415,61
1563,68
1411,62
1536,68
1475,62
1500,64
1548,66
1506,66
1469,65
1413,62
1536,68
1510,66
1608,70
1644,72
1578,70
1517,67
1572,68
1567,66
1519,67
1629,71
1434,63
1516,66
1498,66
1522,67
1506,63
1484,65
1360,60
1496,66
1406,62
1474,62
1509,67
1488,65
1455,64
1504,66
1380,60
1583,69
1568,65
1609,70
1512,66
1513,67
1628,71
1647,72
1468,64
1592,70
1624,70
1493,65
1523,66
1661,73
1482,64
1637,72
1449,62
1555,67
1545,67
1354,58
1427,62
1505,66
1508,66
1448,64
1346,59
1661,73
1633,72
1499,66
1497,65
1454,64
1508,64
1513,67
1641,72
1486,66
1547,67
1507,66
1537,66
1575,67
1544,67
1598,69
1488,66
1504,67
1595,67
1442,63
1545,68
1665,73
1422,62
1487,65
1295,58
1546,67
1532,68
1547,69
1434,64
1539,66
1493,63
1491,64
1332,59
1422,62
1429,60
1499,66
1437,61
1367,60
1521,66
1448,62
1396,63
1519,67
1676,72
1498,63
1569,67
1587,69
1425,63
1637,70
1472,65
1596,67
1531,65
1613,70
1511,66
1523,66
1471,65
1537,67
1511,66
1439,61
1585,68
1554,68
1364,59
1607,70
1460,66
1506,65
1395,61
1564,68
1483,66
1669,73
1520,67
1531,68
1303,60
1614,70
1534,68
1433,62
1677,73
1504,66
1572,67
1539,68
1424,62
1332,58
1421,62
1607,70
1643,72
1312,57
1360,60
1554,66
1437,63
1342,61
1500,65
1422,62
1522,64
1564,70
1600,70
1469,65
1661,73
1502,64
1459,63
1399,60
1552,66
1661,73
1575,68
1368,57
1607,70
1617,68
1466,63
1328,58
1414,63
1348,59
1576,68
1653,72
1495,65
1616,69
1635,71
1594,70
1440,63
1501,65
1401,60
1391,60
1541,68
1582,68
1455,65
1598,70
1556,67
1486,65
1353,60
1568,68
1545,66
1344,59
1628,71
1410,63
1317,58
1471,62
1550,66
1550,66
1598,70
1571,69
1458,66
1648,72
1590,69
1401,63
1488,66
1509,67
1480,65
1471,64
1445,64
1636,71
1421,62
1417,62
1620,71
1600,69
1515,66
1559,68
1440,65
1637,72
1518,66
1661,73
1502,65
1653,72
1530,64
1445,63
1523,67
1541,65
1412,62
1588,69
1580,69
1554,67
1239,55
1455,64
1482,64
1547,68
1582,69
1470,64
1515,67
1628,71
1458,63
1576,68
1507,66
1667,72
1587,67
1547,66
1464,62
1443,62
1589,67
1494,64
1322,57
1556,66
1529,67
1480,65
1419,63
1564,69
1507,65
1472,64
1562,69
1628,71
1661,73
1413,61
1669,73
1625,70
1520,66
1462,64
1534,67
1581,69
1644,72
1574,69
1477,64
1529,65
1457,63
1373,60
1489,66
1340,57
1433,62
1499,65
1588,68
1534,68
1444,61
1531,67
1642,71
1613,67
1481,64
1500,68
1584,68
1565,68
1615,71
1488,65
1366,59
1536,63
1570,68
1552,67
1473,64
1576,67
1584,70
1624,69
1480,65
1596,68
1480,63
1665,73
1363,60
1485,65
1534,68
1411,61
1548,66
1450,62
1416,63
1518,66
1486,63
1494,64
1661,73
1576,70
1396,63
1516,63
1536,67
1443,63
1412,62
1336,56
1633,71
1603,70
1459,63
1555,69
1393,60
1510,67
1486,65
1535,67
1487,65
1553,67
1437,61
1500,62
1487,64
1511,66
1558,66
1489,66
1665,73
1567,67
1536,69
1553,69
1617,68
1356,60
1389,61
1541,69
1597,70
1412,61
1579,70
1638,71
1567,69
1519,65
1565,68
1633,71
1569,70
1471,63
1613,69
1524,65
1579,70
1551,68
1615,72
1456,65
1663,72
1463,63
1504,67
1655,72
1510,67
1593,69
1513,66
1479,65
1367,60
1609,70
1451,63
1464,64
1536,64
1472,64
1357,59
1528,66
1616,69
1582,70
1478,65
1437,64
1661,73
1485,64
1476,65
1677,73
1406,59
1504,65
1528,67
1414,63
1430,64
1552,68
1346,60
1562,67
1495,65
1461,65
1517,68
1532,68
1593,70
1515,68
1673,73
1464,64
1418,63
1428,62
1393,60
1669,73
1623,70
1286,59
1490,64
1695,73
1625,70
1383,61
1622,71
1637,72
1481,65
1376,60
1428,62
1604,67
1500,64
1643,72
1453,65
1367,60
1490,67
1493,65
1625,71
1525,66
1625,72
1374,60
1528,67
1592,70
1569,68
1409,63
1408,64
1609,70
1355,58
1574,68
1488,64
1485,65
1546,67
1528,65
1511,66
1388,59
1467,62
1565,67
1530,68
1479,64
1532,67
1552,68
1601,69
1501,66
1489,66
1537,68
1448,64
1521,66
1604,67
1614,70
1550,67
1593,70
1518,65
1607,70
1411,61
1485,65
1541,69
1669,73
1484,65
1543,68
1438,60
1540,67
1627,71
1442,62
1642,71
1596,68
1337,58
1452,63
1467,64
1661,73
1548,67
1577,69
1618,70
1519,66
1596,69
1434,62
1462,64
1554,67
1525,66
1533,65
1351,60
1573,69
1519,67
1587,68
1521,66
1351,61
1557,68
1514,67
1608,70
1432,63
1475,67
1535,68
1560,68
1622,71
1516,65
1415,61
1625,71
1567,67
1469,65
1647,72
1431,62
1667,72
1610,71
1426,62
1384,60
1537,67
1661,73
1506,67
1425,61
1494,64
1451,63
1577,69
1402,61
1382,59
1604,71
1583,69
1507,63
1513,67
1506,64
1467,64
1566,67
1516,64
1462,64
1598,69
1430,61
1528,68
1436,62
1507,66
1513,62
1410,61
1526,67
1565,69
1517,66
1671,73
1625,71
1615,71
1448,62
1644,72
1644,71
1536,67
1615,70
1556,68
1492,66
1498,63
1477,67
1453,62
1409,61
1652,70
1488,66
1675,73
1478,65
1543,67
1621,71
1496,64
1444,62
1531,66
1366,60
1640,72
1560,67
1534,67
1513,65
1570,69
1663,73
1585,69
1675,72
1470,65
1607,70
1594,69
1572,70
1632,72
1547,67
1637,72
1643,72
1474,66
1490,63
1539,67
1634,70
1550,68
1394,59
1489,67
1617,69
1403,63
1515,67
1351,60
1432,62
1464,64
1600,69
1663,73
1481,66
1407,60
1411,61
1671,73
1396,62
1618,69
1538,67
1598,69
1677,72
1544,67
1561,69
1551,67
1536,68
1581,69
1594,69
1599,70
1572,69
1627,72
1504,64
1453,63
1597,70
1380,59
1447,63
1476,63
1545,67
1349,58
1455,62
1519,68
1357,59
1456,61
1630,71
1669,73
1479,64
1485,64
1441,61
1478,66
1563,65
1640,72
1563,67
1630,72
1551,69
1570,67
1584,70
1436,63
1455,63
1551,66
1517,67
1457,64
1526,66
1456,63
1521,66
1540,67
1498,65
1470,63
1612,70
1560,68
1526,67
1599,70
1390,62
1615,71
1517,65
1625,71
1673,71
1411,62
1283,54
1589,71
1676,72
1486,61
1542,67
1555,69
1485,66
1507,66
1540,67
1513,66
1461,62
1519,68
1388,60
1518,67
1461,65
1579,69
1531,65
1600,69
1663,73
1475,65
1669,73
1489,65
1630,71
1430,63
1559,68
1421,62
1520,67
1366,60
1413,61
1637,71
1468,61
1569,69
1607,68
1481,63
1390,59
1332,58
1464,64
1540,68
1486,65
1615,69
1306,59
1478,65
1583,69
1533,68
1534,67
1453,64
1258,55
1483,63
1463,64
1609,71
1566,69
1538,67
1556,66
1493,64
1495,66
1329,59
1567,69
1556,68
1479,67
1464,64
1444,63
1517,67
1306,57
1401,63
1598,69
1486,65
1383,61
1539,67
1486,64
1486,64
1577,69
1585,70
1655,72
1517,66
1326,58
1431,61
1498,66
1324,61
1509,66
1635,71
1604,70
1627,72
1588,70
1626,71
1577,70
1483,64
1593,70
1566,69
1546,66
1542,68
1499,65
1661,73
1480,66
1461,65
1602,67
1355,59
1589,69
1457,63
1443,65
1295,58
1634,72
1608,70
1453,63
1622,69
1394,60
1430,64
1530,67
1494,66
1396,60
1460,65
1665,73
1529,65
1442,63
1588,69
1520,66
1545,65
1577,68
1495,66
1435,61
1513,66
1635,72
1673,73
1393,61
1377,61
1621,70
1679,73
1498,65
1685,73
1444,64
1669,73
1523,66
1359,58
1550,68
1569,68
1500,66
1565,67
1524,67
1553,67
1522,66
1604,71
1518,64
1679,73
1509,65
1483,63
1615,70
1671,73
1523,66
1455,65
1518,67
1387,60
1446,62
1586,66
1667,70
1511,65
1552,68
1446,63
1476,66
1665,73
1564,68
1563,69
1543,67
1621,72
1584,70
1540,68
1563,68
1330,59
1346,59
1610,70
1480,64
1580,68
1639,72
1551,69
1593,70
1493,65
1339,58
1630,71
1522,64
1551,69
1557,67
1524,65
1437,63
1569,67
1522,65
1456,62
1484,63
1543,67
1652,72
1411,61
1561,70
1616,70
1517,66
1520,65
1458,63
1607,70
1553,66
1661,73
1444,62
1661,73
1532,67
1456,60
1604,68
1521,65
1506,65
1496,65
1610,71
1492,65
1591,70
1577,67
1532,67
1561,67
1642,72
1505,66
1624,71
1524,64
1661,73
1320,57
1388,60
1579,66
1473,65
1562,70
1553,68
1598,71
1598,70
1667,73
1632,70
1351,61
1395,61
1598,69
1428,61
1555,66
1577,68
1546,64
1405,60
1511,68
1622,71
1521,66
1583,67
1483,65
1424,61
1530,67
1540,69
1525,67
1416,63
1663,73
1557,67
1586,69
1661,73
1335,59
1561,69
1264,57
1434,65
1456,62
1319,60
1550,65
1579,69
1584,68
1507,66
1532,68
1563,69
1513,66
1648,72
1542,68
1554,69
1596,69
1425,66
1480,66
1636,72
1495,65
1618,71
1367,60
1544,67
1538,65
1443,62
1327,59
1455,63
1521,67
1542,67
1555,66
1475,65
1661,73
1542,66
1473,64
1589,70
1586,66
1383,60
1384,59
1377,60
1424,62
1551,66
1604,68
1494,67
1540,66
1574,68
1452,63
1586,70
1513,66
1459,65
1483,65
1360,58
1372,61
1505,65
1523,67
1530,67
1514,66
1531,65
1470,64
1606,71
1466,65
1540,67
1597,70
1525,67
1624,71
1430,63
1521,66
1556,67
1331,61
1454,63
1403,61
1609,70
1486,64
1459,64
1475,65
1663,73
1383,58
1402,63
1509,65
1572,68
1637,72
1506,62
1593,69
1589,70
1348,59
1458,64
1491,65
1449,63
1421,60
1608,70
1449,61
1492,65
1347,58
1584,69
1673,73
1508,65
1519,67
1494,65
1533,67
1456,64
1539,66
1632,72
1602,69
1524,67
1508,66
1665,73
1534,67
1353,59
1665,72
1581,70
1538,69
1446,62
1418,60
1538,66
1571,68
1502,66
1357,62
1580,70
1610,71
1482,66
1492,63
1551,66
1411,62
1527,67
1545,67
1368,60
1391,61
1525,67
1573,69
1462,62
1528,69
1493,65
1628,71
1411,62
1591,70
1664,69
1461,65
1578,69
1291,57
1553,67
1468,64
1653,72
1503,65
1598,67
1538,67
1506,66
1494,65
1473,65
1561,69
1380,60
1580,68
1663,73
1507,65
1513,64
1530,68
1400,61
1558,69
1491,66
1450,64
1565,65
1556,69
1681,73
1647,72
1561,66
1597,67
1576,68
1454,63
1526,65
1549,68
1378,60
1444,64
1573,67
1469,64
1596,68
1596,68
1636,71
1578,69
1441,63
1645,72
1504,67
1476,66
1592,69
1498,66
1648,69
1412,60
1510,65
1578,69
1644,72
1558,67
1619,71
1402,62
1630,71
1479,64
1410,63
1420,62
1532,67
1478,61
1432,64
1378,58
1458,65
1468,63
1411,63
1604,71
1583,66
1550,65
1506,64
1427,62
1613,70
1431,63
1504,65
1445,63
1639,72
1596,70
1518,67
1430,62
1537,68
1435,61
1533,66
1536,68
1564,66
1269,56
1547,67
1661,73
1626,70
1565,69
1554,65
1543,66
1489,65
1643,72
1675,73
1509,67
1528,64
1415,62
1592,69
1566,69
1521,66
1502,64
1461,64
1511,66
1473,65
1535,68
1475,65
1339,59
1467,62
1369,59
1436,62
1426,62
1594,70
1315,57
1661,73
1318,56
1564,68
1492,66
1562,68
1480,65
1501,66
1586,69
1525,67
1627,68
1400,60
1374,61
1673,73
1332,58
1543,68
1557,68
1539,69
1486,65
1531,65
1477,63
1567,68
1474,65
1445,62
1420,62
1586,67
1584,70
1503,65
1490,64
1399,61
1585,68
1516,67
1216,55
1514,65
1579,66
1677,73
1639,69
1545,67
1439,64
1689,73
1524,68
1681,73
1677,73
1447,62
1576,66
1534,66
1417,62
1394,59
1661,73
1561,68
1491,65
1483,63
1566,66
1506,66
1516,65
1631,70
1547,67
1564,68
1673,73
1513,66
1663,73
1491,63
1607,70
1428,59
1546,68
1527,64
1435,63
1513,65
1467,63
1592,68
1514,65
1505,67
1480,64
1541,66
1524,66
1544,68
1614,70
1453,65
1542,69
1517,66
1661,73
1407,60
1494,65
1569,69
1547,67
1423,62
1644,68
1645,72
1570,67
1567,69
1528,65
1458,64
1624,70
1617,70
1527,65
1661,73
1640,71
1554,69
1445,63
1589,70
1618,71
1590,70
1553,67
1551,66
1361,60
1566,67
1417,63
1495,64
1593,70
1607,68
1640,71
1524,65
1525,68
1585,69
1551,65
1434,63
1510,65
1419,61
1529,66
1423,62
1582,70
1486,65
1566,69
1590,70
1559,70
1511,65
1500,65
1190,54
1610,67
1567,69
1549,67
1555,69
1661,73
1482,64
1589,69
1433,62
1569,69
1336,59
1474,65
1392,62
1554,68
1480,64
1484,63
1425,62
1601,71
1433,63
1509,67
1624,71
1362,59
1630,70
1449,63
1425,60
1479,65
1671,73
1558,66
1492,66
1573,68
1533,64
1351,60
1561,69
1422,60
1555,70
1599,70
1530,67
1529,69
1530,67
1497,65
1441,62
1544,68
1611,71
1661,73
1679,73
1633,72
1537,65
1661,73
1508,63
1463,64
1417,62
1573,69
1497,63
1461,65
1515,66
1393,63
1363,60
1489,63
1496,64
1581,69
1565,64
1544,68
1390,61
1539,68
1539,68
1444,60
1615,71
1387,59
1468,64
1622,71
1298,57
1617,70
1559,67
1553,64
1513,64
1525,67
1565,69
1582,67
1436,61
1608,71
1564,67
1513,67
1365,60
1504,66
1655,71
1529,67
1661,73
1492,63
1471,63
1597,70
1394,62
1368,60
1564,69
1360,59
1534,68
1401,59
1550,67
1572,69
1589,68
1535,65
1499,66
1533,66
1372,60
1617,70
1534,67
1661,73
1563,69
1549,69
1509,66
1554,69
1357,62
1543,68
1418,60
1624,71
1441,62
1506,65
1513,66
1595,69
1653,69
1633,71
1328,57
1519,67
1407,61
1381,60
1515,68
1319,58
1481,65
1421,63
1625,70
1317,58
1605,70
1526,66
1478,63
1518,66
1331,61
1659,73
1459,64
1527,64
1608,69
1504,63
1505,66
1537,68
1255,56
1510,66
1383,61
1540,68
1513,67
1460,64
1561,68
1424,63
1500,67
1606,70
1548,65
1630,71
1392,60
1516,66
1377,60
1581,70
1415,61
1511,66
1412,60
1562,67
1530,67
1476,66
1599,70
1528,63
1592,69
1525,67
1546,68
1528,65
1479,64
1566,68
1402,62
1600,70
1659,73
1437,61
1650,72
1420,63
1472,65
1457,63
1558,67
1578,68
1557,68
1545,65
1509,65
1530,67
1457,63
1492,65
1380,62
1495,65
1526,66
1595,70
1445,65
1552,69
1367,60
1460,64
1524,67
1495,66
1422,62
1543,68
1508,66
1566,67
1643,72
1367,60
1524,65
1659,73
1591,69
1516,66
1550,67
1585,69
1522,65
1599,70
1470,63
1458,64
1381,60
1512,67
1617,70
1578,69
1531,64
1389,59
1644,71
1390,63
1376,59
1549,65
1571,69
1566,67
1554,68
1360,59
1527,66
1571,67
1528,65
1559,66
1476,63
1503,66
1595,70
1512,65
1291,56
1504,66
1522,68
1593,70
1464,63
1377,59
1433,62
1540,67
1625,70
1557,68
1338,60
1520,68
1593,70
1622,71
1544,68
1464,63
1587,71
1640,72
1560,68
1659,73
1482,62
1485,64
1501,65
1365,58
1565,67
1558,68
1531,66
1568,68
1665,72
1545,68
1659,73
1506,65
1428,62
1394,61
1527,63
1551,67
1406,59
1554,67
1486,64
1507,67
1336,60
1460,65
1290,58
1508,65
1571,69
1526,66
1602,71
1491,63
1400,61
1440,64
1472,63
1532,68
1446,62
1541,68
1659,73
1356,59
1435,61
1458,63
1531,66
1550,68
1572,69
1373,60
1330,57
1275,57
1549,67
1265,55
1505,64
1525,65
1671,73
1659,73
1572,69
1599,69
1663,73
1587,69
1532,67
1547,67
1529,66
1485,65
1501,66
1563,68
1606,70
1470,64
1400,61
1379,61
1496,65
1410,64
1519,65
1530,67
1596,69
1572,69
1618,70
1575,69
1467,64
1538,66
1536,68
1487,62
1659,72
1495,65
1515,68
1622,68
1619,70
1592,68
1516,67
1611,70
1659,73
1418,64
1474,65
1512,67
1511,67
1558,67
1535,68
1628,70
1431,63
1659,73
1588,68
1313,57
1633,72
1607,68
1382,60
1488,63
1433,62
1526,66
1452,64
1572,69
1450,61
1632,72
1594,70
1675,73
1659,73
1531,66
1503,66
1491,64
1439,64
1520,66
1498,64
1553,69
1490,64
1629,68
1538,67
1524,65
1475,65
1558,68
1653,72
1520,64
1563,68
1602,71
1391,60
1484,65
1503,65
1663,73
1497,65
1563,69
1481,65
1595,68
1537,65
1530,67
1647,72
1521,64
1545,68
1532,67
1420,62
1458,63
1470,61
1656,72
1538,67
1447,61
1493,65
1577,67
1425,62
1659,73
1342,58
1493,65
1403,61
1375,58
1451,63
1581,70
1550,66
1470,64
1404,61
1444,63
1531,68
1460,65
1347,57
1593,69
1433,62
1459,63
1454,62
1485,66
1491,63
1533,67
1532,67
1387,60
1501,64
1457,59
1480,66
1363,59
1595,70
1578,69
1450,63
1480,64
1579,68
1492,64
1550,67
1645,71
1566,69
1504,63
1651,72
1518,65
1380,61
1490,65
1481,64
1508,65
1321,57
1512,66
1374,60
1596,70
1376,59
1437,61
1323,57
1471,63
1399,61
1682,73
1524,67
1538,68
1566,67
1673,73
1465,63
1577,68
1568,69
1354,63
1375,60
1620,70
1361,58
1505,66
1533,68
1603,70
1568,69
1641,70
1482,65
1473,64
1365,59
1445,64
1473,65
1497,67
1577,70
1458,64
1577,68
1588,67
1420,63
1497,65
1495,65
1542,68
1655,70
1665,73
1661,73
1531,67
1472,63
1598,70
1583,69
1320,58
1505,65
1457,63
1613,69
1444,64
1577,67
1410,61
1577,68
1428,63
1495,66
1360,59
1599,70
1407,60
1329,58
1593,69
1480,66
1498,64
1364,60
1311,57
1518,66
1620,70
1638,72
1400,62
1548,67
1524,66
1417,61
1645,72
1398,59
1532,67
1588,69
1620,69
1572,67
1560,67
1403,61
1621,70
1612,70
1606,69
1557,67
1609,70
1499,66
1492,64
1622,71
1471,63
1516,66
1400,61
1595,70
1479,63
1500,65
1648,72
1581,68
1645,72
1501,67
1568,69
1285,57
1514,67
1370,59
1424,61
1477,65
1487,65
1605,71
1644,72
1498,64
1464,63
1471,63
1550,68
1574,69
1513,66
1535,66
1302,56
1636,71
1511,66
1550,67
1524,66
1572,69
1411,58
1548,67
1359,60
1487,65
1393,61
1517,67
1402,60
1483,64
1365,61
1659,73
1392,61
1406,61
1458,66
1401,61
1470,63
1565,69
1412,60
1626,71
1466,62
1641,72
1471,64
1420,61
1587,70
1587,69
1513,65
1506,65
1553,67
1421,63
1530,66
1641,72
1458,64
1602,70
1371,59
1434,62
1559,69
1495,66
1568,70
1559,68
1582,69
1427,62
1512,65
1580,69
1490,65
1597,69
1547,66
1502,64
1568,69
1482,65
1364,60
1610,69
1544,66
1422,61
1591,70
1466,62
1384,59
1450,62
1381,62
1520,67
1403,62
1573,69
1358,59
1526,66
1504,66
1551,69
1498,64
1452,63
1520,66
1496,65
1484,65
1581,69
1487,66
1419,61
1403,61
1589,67
1542,66
1594,66
1367,59
1580,69
1448,63
1451,61
1555,69
1446,61
1655,72
1522,63
1499,65
1474,66
1553,68
1534,67
1484,64
1592,70
1533,66
1523,67
1552,68
1477,64
1533,65
1659,73
1525,68
1711,73
1353,60
1577,68
1596,70
1651,70
1540,67
1385,61
1266,55
1438,64
1586,68
1659,73
1458,63
1554,68
1460,64
1470,63
1469,66
1375,59
1536,67
1596,68
1457,63
1506,67
1555,67
1558,69
1565,70
1527,66
1629,69
1499,66
1645,72
1458,66
1552,67
1269,59
1577,65
1358,60
1544,68
1418,61
1444,62
1599,69
1604,69
1653,72
1486,66
1425,61
1433,63
1459,63
1438,63
1459,64
1558,69
1547,68
1467,62
1450,62
1551,69
1467,62
1442,62
1623,71
1632,71
1541,66
1411,60
1634,71
1533,69
1586,67
1481,65
1550,69
1617,70
1569,69
1565,69
1553,66
1500,65
1516,67
1444,64
1296,60
1547,68
1393,61
1563,67
1453,63
1524,68
1578,69
1632,70
1586,69
1437,65
1449,63
1580,67
1505,66
1605,68
1570,69
1456,63
1573,67
1490,65
1465,64
1607,70
1284,56
1440,64
1576,69
1420,62
1640,72
1550,68
1621,70
1528,68
1608,71
1562,68
1474,64
1623,70
1379,62
1458,63
1626,70
1585,69
1614,69
1660,70
1604,71
1553,69
1470,61
1451,62
1390,63
1520,66
1541,69
1485,65
1467,63
1573,70
1641,72
1461,63
1593,70
1509,66
1553,69