1411,62
1486,64
1558,68
1483,65
1748,72
1532,66
1408,63
1505,64
1688,69
1547,68
1672,67
1654,69
1720,71
1686,70
1635,70
1737,72
1684,72
1659,70
1574,66
1672,72
1555,65
1625,68
1472,63
1722,72
1647,68
1706,72
1628,67
1637,69
1608,69
1521,65
1552,67
1684,69
1616,71
1538,67
1632,70
1635,69
1679,69
1583,67
1512,66
1639,69
1723,72
1768,73
1637,71
1748,71
1606,68
1768,73
1620,69
1785,74
1604,70
1558,68
1663,72
1659,70
1628,70
1458,63
1677,73
1754,73
1569,66
1520,66
1746,72
1504,64
1486,64
1567,67
1506,66
1622,68
1609,70
1543,68
1510,64
1635,67
1501,65
1561,68
1502,64
1609,67
1580,66
1752,74
1591,68
1649,70
1635,69
1750,72
1644,69
1562,66
1594,68
1755,74
1539,65
1769,75
1621,68
1673,73
1672,70
1694,73
1564,68
1586,70
1656,69
1673,71
1712,72
1872,77
1684,68
1623,68
1567,67
1526,68
1722,72
1600,66
1846,75
1504,65
1676,73
1733,72
1690,73
1641,71
1707,70
1829,76
1552,66
1760,71
1766,75
1701,68
1455,67
1733,72
1635,67
1555,65
1617,68
1606,68
1604,67
1633,66
1695,72
1580,66
1724,72
1598,68
1624,69
1651,71
1639,72
1678,71
1625,71
1627,69
1694,70
1702,69
1534,66
1667,71
1610,70
1618,67
1375,62
1593,67
1684,69
1447,61
1606,69
1732,71
1656,71
1636,70
1642,70
1799,75
1691,72
1695,71
1708,72
1646,68
1538,68
1829,76
1526,67
1628,68
1545,66
1698,71
1653,71
1615,71
1603,65
1663,71
1734,72
1839,76
1625,67
1463,62
1532,65
1882,77
1455,63
1759,72
1652,71
1623,70
1621,71
1669,72
1712,73
1593,68
1600,67
1611,69
1709,70
1813,76
1541,67
1585,68
1712,72
1613,66
1746,71
1529,68
1647,70
1589,70
1586,68
1663,71
1798,76
1590,68
1588,68
1575,67
1517,64
1712,72
1522,65
1675,71
1700,71
1688,70
1583,68
1636,70
1637,70
1673,70
1593,69
1602,67
1681,71
1587,68
1777,74
1778,72
1752,74
1490,65
1579,68
1700,70
1710,73
1643,71
1474,64
1476,65
1566,69
1618,70
1750,72
1660,68
1695,70
1634,69
1580,66
1572,69
1747,74
1614,69
1639,71
1707,71
1598,69
1714,72
1707,71
1618,68
1582,67
1655,69
1720,75
1764,73
1556,69
1573,70
1731,72
1618,67
1560,70
1779,76
1600,64
1507,64
1723,72
1652,68
1527,65
1872,77
1491,64
1616,67
1532,66
1618,69
1655,69
1686,70
1642,71
1682,72
1647,68
1507,66
1619,70
1724,72
1534,66
1540,66
1788,75
1683,72
1676,68
1711,69
1738,73
1564,66
1596,66
1819,76
1549,70
1588,69
1736,73
1736,71
1629,70
1637,70
1608,68
1562,67
1412,62
1589,66
1760,74
1587,69
1779,73
1627,66
1674,70
1527,66
1646,70
1693,72
1783,73
1717,71
1705,72
1544,66
1633,68
1671,71
1584,67
1607,69
1746,72
1755,72
1828,76
1647,69
1630,68
1577,67
1623,72
1744,74
1594,69
1737,74
1689,69
1538,69
1706,71
1749,71
1690,72
1666,68
1554,65
1658,71
1567,68
1748,71
1604,69
1595,66
1753,73
1442,65
1663,69
1703,72
1758,74
1601,68
1631,68
1561,69
1692,72
1615,66
1743,73
1474,64
1621,65
1651,70
1622,70
1562,65
1502,63
1614,70
1496,67
1481,67
1793,73
1765,73
1677,72
1594,67
1676,69
1644,69
1792,76
1647,69
1654,69
1845,76
1635,66
1599,64
1702,68
1669,70
1495,63
1664,68
1636,69
1741,71
1779,73
1517,67
1378,61
1737,72
1676,70
1547,66
1584,69
1535,67
1751,71
1627,70
1678,70
1579,64
1590,71
1775,73
1636,70
1546,67
1666,69
1699,71
1760,73
1565,64
1585,68
1733,73
1692,70
1580,66
1712,72
1736,71
1639,67
1639,69
1637,69
1621,68
1836,73
1669,71
1528,67
1831,75
1487,63
1479,65
1562,67
1831,75
1604,66
1829,76
1645,69
1773,73
1713,70
1596,66
1720,72
1639,69
1461,63
1795,76
1549,65
1593,67
1454,64
1882,77
1683,71
1676,71
1837,76
1548,63
1837,75
1458,62
1673,67
1760,72
1665,68
1631,68
1673,69
1449,63
1575,66
1637,69
1673,69
1660,70
1696,68
1739,72
1701,69
1644,69
1720,68
1687,69
1725,71
1760,71
1601,69
1623,69
1808,74
1732,72
1671,72
1744,72
1618,68
1779,77
1642,71
1772,74
1553,65
1607,66
1619,68
1673,72
1448,64
1728,72
1664,71
1569,68
1876,78
1680,69
1561,67
1668,70
1571,67
1611,67
1612,72
1842,75
1732,73
1636,70
1848,75
1652,69
1770,76
1522,65
1690,72
1821,76
1656,71
1635,71
1469,64
1773,73
1782,74
1883,77
1718,71
1752,73
1786,74
1759,75
1713,72
1846,78
1643,71
1490,65
1659,73
1697,68
1668,73
1640,67
1670,70
1767,76
1714,71
1634,68
1523,68
1750,71
1457,66
1634,68
1796,76
1757,75
1711,70
1756,75
1737,72
1590,70
1649,70
1571,68
1684,71
1868,78
1576,65
1663,71
1717,71
1464,67
1628,70
1732,75
1811,76
1664,75
1593,70
1631,71
1593,68
1457,63
1693,73
1723,68
1746,75
1650,68
1798,73
1753,75
1662,71
1702,70
1716,71
1770,76
1672,71
1559,69
1662,73
1555,68
1706,74
1693,71
1882,78
1547,65
1629,71
1429,66
1715,72
1825,76
1654,69
1655,72
1698,70
1660,69
1667,70
1611,72
1468,64
1725,72
1641,73
1780,74
1629,68
1729,70
1766,69
1670,68
1694,71
1680,73
1770,71
1609,71
1644,69
1780,74
1669,71
1705,71
1809,76
1673,72
1680,73
1692,68
1563,70
1585,69
1724,71
1454,65
1594,70
1671,75
1633,69
1569,65
1735,74
1581,69
1688,71
1734,77
1553,67
1593,67
1684,74
1621,69
1703,69
1604,71
1831,78
1638,72
1489,64
1665,69
1684,72
1558,68
1665,72
1544,69
1731,72
1768,75
1665,69
1589,66
1727,76
1720,73
1606,69
1582,69
1646,69
1857,79
1652,71
1739,72
1396,63
1589,67
1749,72
1610,70
1522,68
1544,69
1709,72
1590,69
1753,75
1631,71
1436,62
1639,69
1566,70
1822,75
1714,70
1584,68
1762,74
1610,72
1707,71
1596,68
1593,70
1565,67
1676,72
1682,70
1752,75
1592,69
1661,72
1440,62
1466,62
1691,72
1875,78
1569,67
1785,75
1699,74
1524,68
1536,65
1655,71
1589,69
1608,70
1840,78
1576,71
1672,69
1795,76
1854,76
1578,67
1578,69
1834,75
1640,66
1660,70
1875,76
1569,64
1648,71
1461,64
1816,73
1700,75
1865,76
1746,74
1600,69
1637,69
1832,78
1676,75
1889,78
1598,68
1682,72
1565,66
1674,70
1666,71
1624,71
1500,65
1532,69
1795,75
1622,70
1651,71
1755,73
1741,74
1666,69
1720,69
1641,70
1866,79
1601,71
1626,70
1716,72
1651,69
1612,68
1426,63
1619,69
1640,70
1721,70
1691,71
1773,73
1615,68
1603,70
1573,66
1864,75
1747,73
1792,75
1617,70
1680,72
1879,78
1686,71
1828,78
1586,67
1570,65
1839,77
1833,76
1889,80
1689,73
1606,69
1738,75
1616,70
1743,75
1734,73
1540,66
1777,76
1828,78
1737,73
1639,68
1743,72
1771,71
1571,66
1785,77
1711,71
1729,76
1637,69
1537,65
1707,76
1622,72
1712,74
1781,73
1881,78
1704,73
1701,70
1643,71
1711,73
1543,69
1572,69
1713,75
1503,71
1569,66
1805,74
1680,72
1732,73
1666,71
1672,71
1784,75
1766,74
1730,71
1756,76
1626,69
1628,69
1692,71
1660,71
1759,75
1594,69
1859,77
1887,80
1524,68
1554,66
1578,69
1777,74
1713,73
1598,67
1586,70
1613,71
1731,75
1651,71
1636,72
1548,68
1690,77
1443,65
1672,72
1738,73
1656,72
1490,66
1656,69
1694,70
1826,77
1800,76
1556,70
1532,68
1639,71
1586,68
1663,74
1646,70
1719,72
1724,76
1766,73
1714,72
1510,66
1639,69
1644,68
1664,71
1740,74
1574,70
1635,71
1813,76
1742,74
1490,64
1515,68
1656,69
1698,72
1638,69
1659,72
1641,72
1678,71
1719,74
1579,69
1572,68
1639,68
1619,70
1653,70
1588,71
1642,70
1620,71
1555,68
1774,76
1742,73
1811,78
1761,76
1681,71
1612,69
1696,74
1605,70
1602,68
1738,74
1600,67
1633,73
1848,79
1740,74
1644,69
1731,73
1491,68
1583,68
1905,78
1562,68
1547,66
1634,69
1622,71
1667,71
1726,72
1804,78
1700,71
1775,77
1734,73
1599,68
1626,68
1463,63
1618,73
1714,70
1843,77
1787,72
1714,71
1628,73
1721,71
1694,72
1702,75
1577,67
1628,67
1729,75
1548,69
1418,65
1505,65
1522,66
1764,74
1595,68
1867,79
1751,74
1732,73
1789,78
1785,76
1529,69
1745,75
1571,66
1722,74
1724,72
1508,67
1649,70
1715,76
1557,68
1584,72
1569,70
1571,69
1598,70
1575,69
1665,71
1482,63
1674,69
1716,72
1499,65
1624,69
1421,64
1753,73
1862,78
1773,74
1575,66
1812,75
1839,77
1723,72
1810,77
1522,66
1739,74
1758,75
1694,70
1566,68
1668,72
1627,71
1615,69
1761,76
1679,73
1665,73
1648,72
1429,63
1646,71
1676,69
1763,73
1723,73
1790,75
1452,65
1651,70
1788,73
1847,75
1626,69
1646,71
1623,73
1720,73
1691,72
1918,79
1686,69
1693,75
1615,69
1635,73
1740,74
1626,69
1601,71
1666,71
1557,67
1618,74
1703,75
1709,72
1591,71
1706,74
1668,75
1558,67
1609,69
1597,71
1644,70
1620,67
1691,74
1547,70
1737,73
1524,70
1716,71
1382,61
1654,66
1736,73
1595,68
1826,78
1734,70
1528,69
1787,74
1693,72
1582,72
1816,73
1844,75
1616,71
1595,69
1765,73
1609,70
1682,73
1555,71
1562,68
1642,75
1629,70
1752,74
1789,74
1573,69
1777,76
1855,77
1620,71
1529,69
1633,69
1667,68
1703,71
1870,78
1558,71
1465,67
1710,72
1586,72
1716,72
1519,65
1760,76
1490,69
1569,72
1745,75
1793,77
1659,71
1693,69
1820,76
1640,71
1634,72
1759,72
1838,78
1371,60
1602,69
1708,75
1768,75
1830,78
1815,76
1768,77
1718,71
1715,74
1748,73
1629,67
1486,64
1711,74
1642,69
1600,70
1661,68
1570,69
1555,63
1600,71
1583,70
1738,72
1707,71
1648,72
1654,71
1687,70
1657,76
1572,70
1652,74
1730,72
1765,76
1541,67
1601,69
1790,75
1671,73
1791,75
1566,68
1658,71
1701,71
1610,70
1793,77
1868,74
1742,74
1716,71
1717,71
1645,70
1624,70
1588,67
1765,73
1725,71
1763,75
1455,62
1555,68
1617,69
1467,64
1634,70
1706,68
1578,66
1737,73
1630,71
1697,71
1621,69
1781,72
1673,74
1779,77
1681,72
1866,78
1686,70
1684,73
1730,74
1645,70
1769,75
1553,65
1804,76
1547,69
1617,69
1812,77
1705,74
1789,77
1477,66
1667,73
1603,70
1622,71
1640,72
1655,72
1603,70
1659,71
1600,73
1747,73
1678,71
1651,75
1523,66
1497,69
1601,66
1573,70
1782,76
1866,78
1755,72
1707,75
1735,73
1469,64
1455,65
1540,69
1676,72
1771,75
1636,69
1789,72
1852,77
1675,73
1768,72
1761,74
1679,71
1577,69
1640,74
1826,78
1706,73
1730,72
1598,72
1575,68
1763,75
1639,71
1482,66
1522,64
1446,66
1565,67
1549,66
1783,76
1518,67
1403,60
1730,77
1625,69
1749,75
1738,76
1533,68
1754,74
1472,66
1851,76
1692,73
1635,70
1840,79
1681,71
1601,71
1647,74
1514,66
1602,69
1687,72
1673,71
1550,68
1617,67
1579,69
1677,72
1698,71
1513,65
1734,72
1675,70
1435,66
1637,70
1791,75
1774,73
1826,77
1434,65
1591,69
1790,77
1642,71
1612,70
1841,78
1593,72
1647,71
1740,75
1622,72
1553,72
1450,66
1688,71
1740,73
1756,74
1692,70
1724,74
1614,67
1578,71
1666,71
1741,75
1729,71
1598,69
1713,76
1504,65
1724,71
1812,76
1613,67
1689,75
1643,69
1515,67
1720,76
1752,72
1676,74
1807,75
1533,68
1570,68
1703,69
1659,72
1564,66
1748,75
1375,60
1629,71
1795,74
1595,69
1681,72
1585,70
1720,72
1713,71
1725,72
1721,72
1680,69
1814,76
1578,69
1777,76
1639,71
1553,69
1607,71
1820,78
1626,69
1690,73
1775,75
1546,67
1620,72
1698,74
1712,71
1682,70
1702,74
1625,68
1638,68
1749,74
1825,77
1691,74
1767,76
1618,69
1821,76
1654,68
1758,75
1623,68
1652,71
1462,65
1525,66
1496,69
1596,70
1695,75
1729,72
1790,73
1716,74
1653,70
1556,69
1557,66
1670,70
1585,70
1674,74
1843,74
1769,77
1629,70
1629,69
1645,72
1761,74
1758,77
1676,73
1887,76
1765,74
1611,70
1680,72
1756,73
1635,71
1668,70
1780,73
1580,69
1757,75
1818,75
1538,68
1602,71
1712,74
1690,72
1650,70
1776,77
1804,78
1673,69
1533,66
1699,72
1668,70
1709,72
1595,74
1593,69
1813,77
1641,70
1671,72
1569,69
1579,73
1570,68
1746,76
1738,72
1795,76
1708,71
1560,70
1834,76
1663,70
1653,72
1668,72
1534,67
1581,70
1767,76
1689,71
1815,76
1699,72
1621,73
1679,74
1575,72
1807,71
1550,67
1563,68
1684,70
1648,71
1624,71
1585,69
1798,73
1583,68
1558,67
1475,69
1455,67
1586,67
1827,76
1655,72
1600,70
1687,71
1747,74
1596,68
1517,65
1654,71
1737,72
1714,70
1688,72
1420,64
1739,74
1840,79
1790,75
1763,74
1476,67
1669,70
1479,65
1629,70
1775,73
1656,73
1631,70
1722,73
1663,73
1632,70
1733,74
1827,74
1639,71
1670,71
1688,73
1770,72
1707,72
1674,70
1769,75
1763,74
1683,71
1680,73
1460,66
1552,70
1634,69
1615,70
1867,75
1704,73
1580,70
1658,73
1669,71
1757,73
1520,66
1783,75
1779,73
1722,73
1511,67
1738,73
1688,71
1510,67
1625,71
1600,66
1692,71
1762,77
1643,70
1671,70
1706,76
1600,71
1659,71
1626,70
1560,70
1622,67
1683,71
1531,68
1477,64
1641,73
1833,77
1664,70
1773,75
1664,71
1562,68
1531,67
1612,68
1592,68
1547,66
1717,72
1775,75
1628,68
1617,72
1657,69
1485,65
1820,76
1715,76
1763,73
1712,72
1705,72
1623,68
1725,71
1526,70
1682,69
1621,67
1718,74
1624,70
1713,73
1626,72
1742,74
1586,70
1630,70
1810,78
1575,68
1436,65
1723,72
1563,70
1526,70
1516,66
1668,70
1775,75
1820,75
1695,73
1760,76
1616,68
1673,69
1650,73
1869,76
1656,70
1816,78
1691,73
1709,76
1766,75
1687,70
1691,69
1615,70
1716,73
1662,70
1673,72
1554,69
1626,71
1532,70
1600,68
1527,67
1517,65
1765,74
1575,67
1701,72
1683,74
1688,74
1611,70
1681,70
1575,69
1674,71
1695,72
1722,70
1716,72
1701,71
1719,75
1735,76
1741,74
1740,73
1707,73
1818,76
1797,77
1573,70
1507,67
1566,68
1610,71
1760,77
1524,67
1615,68
1552,69
1756,72
1552,66
1503,63
1512,66
1814,76
1500,68
1395,66
1608,69
1705,73
1713,74
1609,70
1703,72
1696,71
1700,70
1670,75
1670,72
1617,70
1464,64
1481,68
1639,71
1572,67
1742,74
1704,72
1746,75
1539,68
1653,74
1887,78
1668,71
1717,72
1609,69
1633,70
1490,69
1842,79
1715,72
1646,73
1880,79
1781,77
1681,71
1531,69
1567,69
1610,72
1630,70
1500,66
1638,71
1651,70
1548,66
1621,72
1733,74
1788,75
1750,72
1669,72
1636,70
1654,72
1799,77
1666,73
1449,66
1618,70
1583,70
1551,66
1562,69
1635,70
1638,70
1744,75
1705,69
1757,71
1642,70
1456,65
1805,78
1790,77
1445,61
1332,63
1820,75
1642,68
1640,72
1850,77
1572,69
1787,75
1737,74
1683,71
1656,71
1690,74
1780,73
1552,69
1645,70
1607,69
1510,66
1760,73
1470,66
1606,67
1649,75
1691,72
1662,72
1768,72
1593,70
1631,71
1574,67
1616,72
1703,73
1754,73
1554,69
1615,71
1702,72
1505,66
1751,72
1759,76
1475,64
1702,73
1463,65
1720,68
1628,70
1766,75
1843,79
1623,72
1698,69
1653,71
1792,77
1761,72
1723,73
1661,73
1662,73
1798,77
1635,71
1792,74
1569,67
1687,72
1576,67
1740,75
1627,69
1789,72
1594,71
1655,71
1796,75
1674,73
1700,72
1499,66
1829,75
1729,74
1677,69
1731,76
1652,71
1664,73
1776,71
1641,70
1510,67
1614,70
1593,70
1699,76
1600,70
1749,76
1806,74
1574,66
1713,75
1871,74
1671,71
1733,74
1831,76
1676,70
1659,71
1544,68
1595,70
1628,69
1728,74
1757,75
1579,66
1731,72
1832,77
1625,71
1660,70
1701,71
1723,75
1852,79
1877,78
1655,73
1795,74
1666,75
1548,67
1690,75
1706,72
1671,73
1781,76
1464,65
1788,74
1594,75
1767,73
1712,72
1606,67
1621,67
1553,68
1660,70
1611,70
1787,76
1626,71
1725,73
1557,65
1631,72
1662,71
1658,71
1604,73
1494,68
1524,66
1750,74
1840,78
1727,73
1531,66
1795,76
1795,76
1736,74
1309,61
1557,69
1687,71
1708,72
1752,73
1785,74
1630,69
1579,70
1745,73
1577,69
1727,75
1722,74
1720,71
1716,73
1635,71
1818,77
1732,74
1745,75
1718,74
1802,70
1487,65
1651,70
1696,70
1572,70
1760,75
1740,76
1604,70
1756,76
1802,77
1580,67
1510,67
1757,75
1629,72
1755,75
1581,68
1748,75
1621,71
1620,72
1462,66
1746,74
1675,69
1688,72
1859,75
1586,69
1488,62
1663,74
1732,74
1644,68
1676,72
1925,79
1611,71
1559,67
1533,65
1597,71
1712,72
1545,67
1830,76
1844,77
1774,74
1612,71
1677,73
1683,71
1563,69
1593,72
1681,72
1544,68
1719,73
1645,71
1654,72
1791,75
1678,73
1545,68
1685,72
1567,68
1692,74
1712,72
1576,68
1637,72
1599,70
1598,70
1724,76
1708,73
1583,68
1697,72
1606,70
1525,67
1784,73
1714,73
1479,66
1593,72
1754,76
1765,77
1551,67
1622,70
1819,76
1785,71
1757,74
1668,74
1518,68
1768,76
1592,68
1711,74
1760,73
1806,77
1599,66
1625,71
1631,70
1766,74
1723,73
1453,65
1694,71
1649,72
1652,72
1599,69
1490,67
1737,73
1493,66
1528,68
1505,65
1534,65
1617,72
1734,72
1670,73
1603,70
1638,69
1650,71
1779,77
1612,70
1668,72
1572,68
1682,73
1672,72
1833,75
1613,71
1757,72
1473,62
1623,67
1629,70
1804,78
1734,75
1535,66
1657,72
1683,72
1681,75
1506,65
1628,68
1700,70
1787,75
1650,73
1719,76
1645,69
1648,73
1565,68
1786,75
1585,67
1765,72
1478,66
1720,75
1789,74
1666,70
1601,71
1857,80
1739,69
1734,74
1941,81
1709,73
1614,67
1717,74
1665,73
1811,76
1650,69
1608,69
1740,75
1800,76
1798,75
1778,75
1565,69
1597,69
1768,75
1732,75
1687,72
1751,74
1596,71
1606,70
1806,75
1578,67
1703,75
1654,73
1646,71
1679,71
1574,70
1666,73
1564,69
1593,69
1655,72
1650,75
1808,77
1845,79
1644,71
1659,71
1792,77
1626,69
1670,72
1730,71
1551,69
1713,70
1444,64
1559,68
1738,75
1438,62
1619,69
1562,67
1771,75
1847,76
1636,70
1673,73
1711,72
1766,76
1651,70
1709,70
1723,73
1671,70
1636,68
1838,77
1817,76
1586,70
1655,72
1705,74
1779,74
1671,71
1564,66
1738,74
1602,70
1796,78
1585,70
1681,71
1903,77
1639,71
1913,82
1704,76
1578,70
1533,67
1708,74
1554,68
1554,67
1450,66
1480,66
1813,78
1716,74
1522,70
1641,74
1558,69
1549,68
1791,77
1590,68
1538,65
1751,75
1727,78
1805,78
1627,71
1621,68
1544,69
1698,74
1638,72
1646,73
1722,75
1627,70
1534,71
1576,66
1493,65
1821,78
1866,80
1754,76
1817,78
1584,71
1526,68
1666,72
1774,75
1673,72
1797,74
1952,82
1708,74
1872,80
1684,72
1624,69
1570,69
1782,78
1609,71
1764,78
1818,79
1791,79
1320,61
1612,73
1639,71
1802,79
1658,73
1788,76
1588,71
1617,69
1684,73
1677,72
1489,69
1692,75
1738,73
1529,66
1743,75
1693,73
1673,74
1466,66
1558,70
1696,77
1540,67
1694,74
1735,74
1539,68
1718,74
1685,73
1494,64
1820,77
1583,70
1577,70
1759,76
1687,74
1526,68
1580,71
1700,74
1683,74
1792,78
1501,68
1853,79
1554,69
1747,75
1642,70
1706,76
1713,76
1748,77
1769,75
1565,69
1639,70
1489,67
1597,68
1593,71
1712,73
1654,70
1601,68
1622,71
1428,65
1733,74
1800,76
1735,72
1841,79
1861,78
1780,76
1715,77
1506,68
1575,69
1716,72
1800,76
1783,75
1736,74
1590,69
1420,63
1874,79
1618,68
1711,73
1681,73
1861,79
1556,68
1622,70
1735,77
1792,75
1710,72
1685,73
1676,71
1794,78
1570,66
1558,69
1663,75
1704,72
1590,72
1756,74
1572,68
1759,75
1701,75
1679,73
1833,74
1689,75
1621,70
1649,73
1652,73
1743,78
1642,72
1719,74
1733,76
1734,74
1828,78
1497,66
1572,70
1769,76
1863,81
1724,73
1679,73
1793,79
1710,76
1743,75
1599,68
1791,77
1731,76
1675,73
1883,81
1698,72
1713,73
1565,67
1648,71
1664,74
1698,70
1826,80
1688,72
1642,71
1700,74
1710,74
1479,68
1657,74
1618,69
1831,79
1761,77
1774,76
1657,72
1643,69
1754,76
1551,69
1677,73
1929,80
1518,69
1568,67
1670,72
1777,76
1665,73
1711,77
1568,66
1919,82
1463,67
1496,65
1650,73
1594,70
1664,74
1664,70
1699,71
1679,72
1663,72
1399,60
1670,71
1796,77
1536,69
1653,72
1588,70
1659,73
1718,71
1805,78
1803,76
1910,82
1816,78
1595,68
1629,72
1745,74
1665,71
1662,73
1745,77
1735,75
1657,70
1945,82
1779,76
1597,71
1664,72
1576,67
1829,75
1719,74
1857,75
1820,75
1680,74
1832,78
1866,78
1588,69
1834,78
1749,77
1811,79
1553,68
1781,76
1705,72
1756,77
1644,72
1684,70
1641,70
1584,68
1763,77
1827,78
1623,70
1737,72
1606,70
1539,69
1609,68
1696,73
1680,73
1753,74
1805,76
1791,77
1677,71
1593,66
1638,73
1623,70
1585,71
1850,80
1584,70
1773,76
1801,75
1562,69
1502,68
1617,71
1615,71
1647,70
1841,77
1583,71
1694,73
1678,72
1725,74
1761,77
1680,71
1711,75
1722,76
1768,78
1603,71
1604,68
1771,77
1617,71
1607,71
1690,74
1894,79
1822,77
1672,73
1788,77
1749,73
1730,75
1688,75
1671,73
1630,71
1810,76
1763,76
1629,72
1658,71
1698,72
1684,70
1764,76
1680,76
1721,74
1720,73
1656,71
1687,76
1527,65
1570,71
1568,66
1622,69
1529,71
1726,74
1724,75
1705,73
1569,69
1865,80
1857,80
1795,78
1710,77
1753,76
1567,68
1696,73
1577,71
1785,79
1731,75
1835,79
1889,81
1882,81
1814,79
1743,74
1655,70
1613,70
1692,72
1568,69
1641,72
1662,73
1515,66
1708,74
1519,66
1618,71
1548,67
1792,77
1681,73
1500,66
1695,73
1911,81
1705,75
1709,73
1858,80
1831,80
1799,76
1792,77
1649,72
1673,70
1628,70
1670,73
1863,79
1532,69
1548,69
1767,76
1639,70
1701,72
1957,82
1729,73
1610,72
1870,78
1648,74
1634,72
1854,75
1887,76
1701,75
1515,64
1768,77
1771,76
1763,74
1844,79
1680,71
1816,77
1585,70
1714,75
1633,71
1706,75
1910,82
1601,73
1573,70
1736,74
1644,72
1733,75
1838,77
1641,69
1736,74
1748,78
1555,68
1893,80
1610,71
1687,73
1666,72
1921,81
1815,80
1673,74
1865,79
1750,75
1816,75
1548,67
1633,72
1778,76
1807,73
1715,72
1872,81
1513,68
1750,75
1701,68
1496,66
1804,78
1787,75
1806,79
1705,75
1633,69
1589,68
1709,74
1858,79
1665,72
1720,75
1714,74
1789,75
1627,71
1703,72
1564,69
1671,71
1589,70
1806,79
1703,77
1906,81
1493,65
1625,69
1671,71
1664,72
1613,70
1677,72
1554,67
1669,73
1642,73
1679,73
1828,76
1509,65
1622,69
1641,70
1608,68
1796,76
1780,76
1906,81
1706,73
1913,81
1620,71
1832,76
1708,73
1864,79
1555,71
1622,71
1716,76
1610,69
1756,74
1637,73
1788,75
1802,78
1668,71
1708,74
1620,66
1632,70
1675,73
1658,69
1676,71
1813,75
1716,76
1789,75
1969,83
1698,73
1848,81
1796,74
1559,66
1716,74
1652,70
1824,78
1894,80
1728,75
1879,80
1792,75
1899,80
1542,71
1797,75
1775,77
1791,77
1650,70
1693,72
1541,67
1771,75
1683,70
1892,77
1589,70
1878,80
1640,72
1853,78
1807,78
1626,69
1733,73
1712,73
1833,78
1819,77
1843,78
1768,74
1585,67
1743,75
1751,73
1595,70
1581,68
1755,77
1691,73
1777,76
1706,72
1842,77
1610,69
1721,74
1774,77
1470,64
1546,69
1905,77
1657,72
1602,66
1783,79
1693,72
1780,74
1671,73
1578,69
1580,70
1881,78
1700,70
1808,72
1716,75
1492,66
1865,78
1951,80
1653,71
1725,77
1510,64
1807,79
1611,72
1844,77
1675,73
1535,66
1696,71
1722,73
1733,72
1616,68
1585,69
1648,71
1788,75
1757,75
1702,74
1780,76
1950,83
1705,73
1769,75
1623,70
1846,76
1653,72
1815,80
1615,73
1778,77
1651,73
1503,67
1709,75
1839,80
1762,72
1606,70
1684,74
1687,75
1959,83
1845,79
1920,81
1905,81
1657,74
1809,75
1765,74
1767,75
1592,69
1880,81
1933,82
1615,72
1710,71
1736,74
1613,73
1609,72
1762,75
1708,75
1667,72
1450,66
1545,66
1660,70
1740,75
1621,72
1822,80
1820,79
1579,69
1811,76
1504,67
1745,71
1736,74
1490,66
1658,71
1756,74
1653,71
1797,79
1778,77
1806,77
1506,67
1787,75
1815,77
1712,73
1529,66
1620,71
1827,79
1694,73
1562,69
1785,73
1486,65
1416,64
1720,74
1661,70
1861,77
1649,73
1763,76
1735,78
1374,62
1569,68
1767,74
1672,73
1751,76
1823,80
1603,72
1648,71
1519,67
1796,76
1699,75
1771,79
1861,81
1867,81
1631,67
1682,73
1508,68
1750,78
1582,66
1518,65
1783,78
1662,70
1767,78
1828,79
1803,79
1594,70
1660,72
1760,75
1626,70
1680,71
1878,77
1705,74
1687,72
1626,68
1498,65
1791,77
1774,73
1644,70
1736,73
1735,75
1765,77
1837,79
1462,64
1666,72
1749,77
1690,74
1571,69
1896,81
1559,68
1555,64
1753,77
1723,74
1799,73
1782,74
1803,79
1574,70
1809,77
1667,74
1872,81
1833,77
1715,70
1871,80
1709,77
1698,72
1603,71
1672,70
1718,71
1819,77
1645,71
1583,69
1633,70
1597,69
1640,73
1564,68
1912,82
1790,76
1756,73
1717,76
1967,83
1691,72
1632,69
1823,78
1904,82
1602,73
1528,67
1762,76
1706,72
1628,72
1687,73
1481,66
1891,79
1512,66
1666,75
1685,72
1691,71
1637,74
1745,73
1842,79
1608,67
1451,66
1524,68
1725,77
1855,79
1705,74
1789,76
1528,70
1866,82
1768,73
1735,78
1957,83
1661,73
1637,70
1884,82
1737,74
1804,78
1766,78
1836,77
1560,69
1776,78
1706,72
1647,72
1899,83
1850,81
1825,75
1751,76
1546,68
1533,65
1563,70
1596,69
1868,78
1679,73
1824,77
1750,78
1699,73
1585,69
1793,75
1728,76
1801,78
1596,68
1610,70
1635,70
1682,74
1662,70
1865,77
1816,80
1664,72
1861,77
1712,75
1704,72
1623,70
1830,77
1705,74
1600,71
1746,77
1660,72
1862,79
1706,75
1778,75
1564,70
1700,71
1812,74
1659,67
1688,75
1834,81
1648,72
1735,74
1801,78
1449,64
1596,73
1757,75
1858,81
1770,77
1592,70
1589,73
1809,78
1628,70
1674,74
1821,78
1566,68
1894,83
1738,74
1640,72
1771,76
1628,72
1817,76
1590,71
1737,73
1720,73
1743,77
1768,78
1629,69
1789,77
1658,74
1987,84
1416,63
1670,69
1605,71
1812,78
1748,76
1718,73
1614,69
1615,69
1858,80
1649,71
1915,80
1945,80
1654,72
1706,75
1870,79
1881,81
1847,79
1841,78
1604,69
1671,73
1624,69
1820,79
1742,73
1718,74
1770,78
1686,74
1770,72
1668,73
1524,68
1898,79
1718,73
1696,71
1700,71
1573,69
1733,74
1809,76
1746,75
1689,72
1578,69
1547,68
1616,70
1637,71
1733,74
1857,77
1661,72
1461,62
1670,71
1612,69
1599,69
1753,77
1883,80
1787,75
1943,83
1536,68
1773,76
1857,78
1566,65
1718,72
1699,72
1813,77
1675,71
1765,76
1495,66
1826,77
1758,74
1895,78
1639,71
1941,81
1733,74
1814,78
1805,76
1740,75
1947,82
1691,72
1475,64
1610,69
1932,81
1842,79
1534,63
1865,78
1613,70
1790,74
1642,71
1824,76
1816,77
1724,73
1604,67
1710,75
1768,77
1739,72
1906,80
1759,75
1886,81
1648,68
1921,80
1919,80
1693,71
1892,81
1654,69
1778,75
1637,71
1687,73
1717,76
1901,80
1577,69
1838,78
1866,79
1642,72
1887,79
1606,72
1812,76
1574,69
1754,77
1765,75
1870,76
1568,69
1950,83
1832,80
1630,71
1881,80
1855,79
1850,80
1769,74
1788,75
1717,74
1723,74
1559,68
1836,80
1820,77
1794,75
1635,69
1805,77
1817,76
1669,72
1669,74
1672,73
1666,71
1644,69
1894,80
1742,74
1567,67
1802,76
1620,66
1691,72
1909,80
1752,74
1593,68
1865,80
1739,74
1680,72
1586,68
1946,82
1618,71
1786,76
1683,70
1623,72
1739,76
1872,78
1631,68
1864,80
1569,68
1655,72
1653,70
1683,71
1785,75
1750,76
1751,75
1646,70
1604,71
1589,69
1830,77
1872,77
1693,73
1781,75
1718,71
1757,73
1813,74
1893,81
1656,70
1742,73
1723,72
1738,76
1761,75
1787,75
1691,72
1740,75
1710,74
1907,79
1721,70
1458,63
1659,69
1582,68
1752,74
1778,77
1641,69
1794,74
1797,76
1796,80
1679,72
1810,77
1859,78
1812,78
1866,78
1842,81
1898,80
1660,71
1722,75
1780,73
1749,76
1507,66
1627,70
1664,75
1917,78
1859,76
1856,79
1792,78
1617,72
1581,68
1592,69
1830,78
1832,78
1740,74
1638,71
1652,70
1587,71
1634,70
1908,80
1838,78
1698,71
1849,80
1606,71
1614,72
1495,64
1692,72
1702,70
1912,81
1461,67
1754,76
1609,71
1795,73
1793,76
1733,73
1700,70
1549,67
1707,73
1783,76
1827,78
1757,72
1666,72
1602,68
1911,80
1905,78
1683,74
1831,78
1783,76
1544,68
1883,81
1788,74
1847,79
1867,80
1595,69
1944,83
1602,71
1838,77
1934,83
1685,71
1650,70
1701,72
1710,73
1722,72
1680,72
1743,77
1576,68
1802,77
2013,84
1778,75
1867,79
1547,67
1910,79
1768,75
1843,79
1738,76
1859,79
1909,79
1699,72
1856,78
1715,73
1744,76
1838,78
1750,74
1726,75
1770,75
1668,69
1598,70
1747,71
1802,73
1824,77
1844,79
1830,79
1782,74
1656,72
1719,70
1706,71
1908,81
1743,77
1777,77
1946,83
1740,77
1829,78
1802,79
1723,72
1599,70
1702,72
1821,75
1867,80
1761,73
1648,71
1845,77
1677,68
1766,73
1748,75
1610,72
1648,71
1648,69
1738,74
1612,69
1669,73
1805,77
1794,78
1743,73
1661,72
1788,78
1715,78
1722,73
1867,80
1680,73
1565,67
1890,80
1761,74
1650,71
1890,78
1678,72
1727,74
1573,67
1564,70
1757,76
1592,69
1688,73
1695,73
1839,79
1779,72
1550,67
1674,72
1738,74
1892,79
1560,67
1764,77
1696,75
1715,77
1727,76
1703,75
1703,70
1794,73
1707,71
1696,71
1811,77
1534,66
1735,73
1490,65
1662,71
1745,73
1647,70
1776,73
1783,75
1796,78
1815,76
1765,75
1918,80
1796,74
1985,84
1613,70
1729,75
1568,69
1739,75
1652,71
1794,78
1826,79
1821,78
1750,76
1838,78
1788,74
1602,70
1849,79
1730,71
1691,73
1881,80
1917,80
1772,75
1877,79
1852,78
1938,81
1643,70
1733,77
1819,77
1917,80
1671,72
1817,77
1737,71
1738,72
1513,68
1815,79
1826,78
1812,80
1878,80
1651,73
1923,81
1779,77
1608,70
1608,71
1836,79
1746,71
1861,79
1623,70
1867,76
1726,73
1751,76
1738,73
1579,69
1681,71
1853,77
1813,77
1744,78
1614,68
1552,68
1723,77
1887,80
1930,82
1763,75
1709,73
1770,75
1765,74
1826,75
1708,74
1841,79
1842,78
1855,78
1713,75
1724,76
1816,75
1770,76
1818,77
1611,71
1835,77
1750,75
1730,74
1659,73
1741,76
1664,70
1614,72
1714,75
1702,77
1695,75
1820,78
1673,69
1610,71
1540,68
1561,71
1745,76
1714,74
1819,77
1636,70
1670,71
1772,76
2057,84
1662,75
1915,81
1651,69
1950,82
1645,69
1716,72
1587,71
1798,76
1722,72
1793,77
1655,70
1717,74
1776,75
1612,69
1782,77
1827,79
1815,77
1758,75
1815,79
1732,76
1819,79
1749,75
1800,77
1634,72
1898,81
1856,79
1796,77
1626,70
1677,70
1654,73
1719,74
1581,69
1625,69
1569,69
1781,75
1837,76
1823,74
1824,78
1807,78
1733,73
1950,79
1914,81
1724,75
1747,73
1767,74
1532,66
1586,69
1845,78
1609,70
1931,80
1552,67
1807,74
1491,64
1717,73
1788,78
1644,72
1840,77
1820,78
1948,82
1790,77
1911,80
1724,73
1794,77
1872,78
1719,73
1679,71
1679,73
1876,80
1783,74
1785,74
1861,80
1625,72
1607,69
1855,80
1651,72
1817,77
1680,71
1858,79
1936,78
1697,73
1607,70
1900,81
1662,70
1828,80
1653,71
1599,70
1648,71
1654,72
1815,74
1735,72
1668,74
1678,73
1750,73
1771,74
1765,74
1516,66
1835,77
1734,75
1865,78
1574,70
1844,79
1774,76
1716,71
1764,73
1735,74
1798,75
1800,75
1653,68
1734,75
1864,78
1924,81
1586,69
1813,79
1765,74
1757,76
1920,81
1854,78
1769,76
1761,76
1803,76
1949,83
1680,74
1694,76
1565,69
1759,74
1916,81
1719,75
1625,72
1758,76
1732,75
1980,83
1734,70
1998,82
1645,72
1650,73
1532,66
1702,72
1573,70
1672,72
1822,75
1693,73
1835,79
1662,73
1774,77
1660,71
1770,77
1576,67
1914,81
1525,67
1654,72
1583,68
1866,80
1659,71
1902,80
1822,77
1712,75
1822,76
1698,68
1583,67
1578,70
1572,70
1799,73
1831,77
1585,67
1771,74
1968,81
1635,71
1813,78
1750,74
1582,70
1555,69
1505,66
1837,77
1762,75
1734,76
1651,72
1683,69
1776,76
1841,79
1508,67
1699,74
1555,67
1575,68
1917,79
1789,75
1585,68
1745,78
1812,75
1780,76
1652,73
1826,77
1596,71
1796,77
1828,77
1717,73
1737,73
1927,83
1738,74
1847,78
1663,71
1851,80
1779,75
1754,73
1725,72
1859,79
1869,78
1677,72
1691,72
1751,72
1907,81
1776,76
1895,80
1895,81
1721,71
1717,74
1710,73
1811,75
1736,71
1730,74
1929,80
1800,77
1868,76
1765,74
1693,71
1622,69
1737,76
1670,72
1783,74
1561,66
1908,80
1673,71
1871,78
1671,72
1653,68
1788,74
1726,76
1864,79
1817,76
1896,78
1635,71
1795,77
1958,82
1697,72
1903,80
1846,79
1856,79
1636,72
1790,76
1703,72
1709,72
1778,74
1645,70
1593,70
1923,82
1534,68
1601,69
1555,66
1634,74
1609,69
1871,79
1743,73
1906,81
1680,74
1765,74
1746,73
1795,74
1494,67
1781,75
1883,80
1735,75
1728,75
1746,74
1896,79
1633,73
1856,80
1860,81
1817,79
1865,79
1624,70
1835,79
1774,78
1734,72
1850,78
1792,74
1660,68
1835,78
1809,77
1717,71
1705,71
1709,73
1705,73
1809,79
1664,72
1553,67
1752,73
1795,77
1635,72
1837,79
1640,71
1848,76
1561,69
1902,79
1774,77
1896,80
1849,81
1718,71
1873,77
1796,75
1743,76
1807,74
1869,79
1805,79
1797,76
1860,75
1709,71
1802,77
1798,75
1543,67
1638,73
1809,78
1703,74
1695,74
1811,77
1603,68
1706,74
1795,79
1713,74
1903,80
1861,82
1615,70
1654,74
1752,72
1893,80
1760,74
1651,72
1829,76
1914,80
1559,69
1657,72
1753,76
1711,74
1615,70
1847,80
1599,71
1564,69
1626,74
1620,71
1901,79
1769,77
1809,73
1706,73
1713,70
1742,73
1672,70
1804,78
1866,78
1678,71
1619,69
1648,71
1760,75
1592,71
1751,74
1795,75
1615,67
1746,75
1718,72
1764,75
1917,82
1826,76
1827,79
1718,75
1902,80
1684,71
1747,75
1743,75
1735,73
1719,74
1637,68
1836,80
1552,68
1807,76
1807,79
1853,79
1726,76
1606,69
1822,75
1924,81
1707,75
1692,76
1633,68
1662,73
1742,72
1559,69
1799,77
1839,78
1684,71
1879,78
1885,78
1670,69
1820,75
1734,75
1847,79
1628,68
1830,77
1619,70
1701,71
1654,71
1785,76
1579,69
1801,79
1887,79
1874,80
1792,74
1790,76
1660,72
1877,81
1583,70
1692,72
1908,81
1727,75
1773,75
1833,79
1855,77
1865,78
1582,70
1744,75
1637,71
1788,73
1847,77
1732,74
1642,74
1786,79
1834,78
1743,77
1930,82
1672,71
1905,80
1792,78
1846,76
1959,82
1814,75
1876,79
1666,72
1703,70
1889,80
1459,65
1816,78
1772,74
1770,78
1806,77
1741,75
1799,72
1912,79
1692,72
1653,70
1773,77
1597,68
1783,77
1830,76
1438,64
1933,82
1570,71
1618,71
1755,76
1877,78
1759,75
1891,81
1896,81
1685,71
1825,77
1903,81
1720,75
1670,72
1850,80
1607,72
1732,75
1714,75
1718,73
1619,70
1873,81
1781,74
1763,76
1774,76
1656,71
1732,75
1666,73
1745,74
1580,65
1571,67
1940,82
1616,70
1675,72
1607,68
1572,68
1586,71
1687,72
1956,82
1749,75
1872,80
1832,79
1813,75
1775,75
1805,76
1775,76
1600,70
1601,71
1589,69
1728,73
1645,71
1794,79
1837,79
1788,75
1783,76
1860,80
1662,71
1931,82
1740,74
1751,74
1682,72
1647,72
1738,72
1858,82
1853,78
1702,71
1573,68
1749,77
1815,79
1717,74
1663,71
1804,79
1976,82
1798,76
1830,73
1895,81
1779,76
1825,77
1580,70
1745,75
1544,67
1792,73
1741,74
1871,79
1641,66
1860,79
1701,73
1663,71
1666,71
1795,77
1635,73
1749,76
1837,75
1630,69
1951,83
1809,76
1782,74
1788,77
1698,71
1814,76
1724,73
1848,78
1621,72
1680,71
1648,71
1827,75
1623,72
1653,70
1619,70
1759,75
1668,72
1662,69
1764,75
1565,69
1765,75
1917,80
2029,82
1547,69
1648,68
1918,82
1666,71
1677,73
1513,66
1789,77
1842,79
1761,75
1688,70
1764,77
1766,76
1779,75
1869,78
1679,69
1762,76
1939,83
1696,75
1827,78
1814,77
1797,74
1688,70
1770,79
1716,71
1659,72
1890,81
1494,66
1821,79
1825,76
1613,70
1955,83
1915,79
1716,75
1754,75
1625,70
1659,71
1695,70
1824,76
1642,72
1823,76
1781,76
1734,73
1741,76
1852,78
1755,73
1776,73
1626,72
1865,75
1925,81
1540,66
1821,75
1705,72
1664,72
1567,69
1606,69
1671,71
1613,69
1532,68
1579,67
1620,71
1734,71
1790,73
1799,77
1830,78
1631,71
1802,77
1873,81
1934,82
1572,70
1651,71
1706,71
1875,79
1771,75
1586,68
1583,69
1708,75
1836,78
1692,76
1468,65
1795,77
1731,73
1709,75
1822,75
1636,68
1782,78
1716,75
1868,79
1843,77
1885,78
1943,81
1811,77
1601,67
1741,73
1811,77
1861,79
1935,82
1837,77
1536,66
1825,78
1675,71
1811,77
1660,71
1779,73
1801,76
1881,76
1833,78
1506,68
1837,74
1570,67
1727,73
1991,84
1571,67
1701,71
1788,76
1678,69
1729,72
1836,75
1868,78
1634,69
1850,78
1640,70
1579,68
1837,78
1733,73
1896,81
1850,79
1847,76
1836,78
1743,75
1895,79
1719,72
1658,70
1505,67
1858,78
1685,74
1869,80
1739,74
1938,79
1726,76
1650,71
1522,67
1814,76
1615,72
1779,76
1813,78
1858,80
1827,75
1957,83
1660,70
1801,74
1844,76
1913,82
1690,71
1797,74
1687,74
1788,78
1788,78
1628,70
1900,76
1923,80
1920,80
1656,70
1709,72
1845,78
1584,70
1604,68
1761,75
1877,78
1604,73
1872,79
1582,69
1452,63
1711,71
1789,75
1825,77
1889,79
1636,69
1698,74
1576,70
1607,68
1791,77
1699,72
1787,75
1753,75
1873,80
1668,72
1822,78
1516,65
1776,76
1902,78
1824,78
1694,74
1905,79
1628,71
1607,70
1972,82
1644,71
1707,74
1678,71
1641,69
1947,82
1775,75
1711,72
1627,71
1685,71
1962,82
1879,79
1747,71
1717,70
1747,72
1686,74
1687,75
1823,77
1750,73
1866,81
1907,80
1697,72
1495,66
1846,81
1707,74
1770,73
1922,82
1655,71
1757,74
1826,78
1818,78
1698,73
1728,72
1568,70
1732,73
1862,78
1788,75
1758,76
1743,72
1810,75
1749,73
1669,72
1487,64
1780,74
1742,75
1802,77
1739,76
1736,73
1735,75
1458,64
1726,72
1662,73
1658,71
1683,70
1583,69
1769,76
1712,74
1924,82
1736,73
1701,74
1863,80
1669,71
1824,76
1768,75
1777,75
1654,73
1629,71
1661,72
1811,75
1759,75
1875,79
1727,73
1842,80
1683,72
1893,80
1564,68
1543,66
1702,73
1792,78
1733,73
1709,72
1642,70
1742,73
1798,77
1810,77
1854,79
1712,73
1809,76
1779,77
1848,79
1625,69
1776,75
1800,76
1859,78
1730,73
1958,81
1650,73
1849,77
1785,75
1650,70
2004,83
1848,78
1838,78
1753,77
1636,73
1673,74
1691,74
1770,73
1824,79
1553,67
1915,79
1668,72
1634,70
1708,73
1852,76
1565,65
1832,77
1706,72
1812,76
1642,69
1709,74
1670,71
1775,74
1703,73
1708,73
1587,71
1733,71
1646,70
1742,74
1687,71
1729,73
1797,79
1529,68
1757,75
1480,65
1910,79
1990,84
1650,73
1881,80
1615,71
1630,70
1726,72
1681,75
1668,73
1847,74
1887,79
1772,75
1784,75
1800,76
1644,69
1619,72
1777,74
1675,71
1663,70
1842,77
1739,73
1671,72
1633,69
1846,79
1789,74
1774,75
1753,75
1868,76
1782,77
1891,77
1745,74
2002,83
1826,77
1784,77
1809,79
1600,70
1825,77
1797,75
1697,71
1829,78
1631,69
1907,81
1828,78
1798,76
1695,73
1876,80
1747,75
1675,69
1893,80
1606,70
1687,72
1696,74
1709,75
1757,72
1533,69
1588,69
1619,71
1530,65
1820,75
1711,73
1736,77
1877,80
1656,70
1900,80
1767,73
1619,71
1766,77
1631,71
1826,76
1852,78
1732,76
1573,70
1848,78
1712,73
1660,74
1903,81
1797,76
1843,80
1876,78
1784,75
1688,74
1746,72
1798,76
1776,75
1544,67
1828,77
1629,69
1831,76
1755,73
1824,76
1721,74
1804,76
1899,79
1830,80
1797,74
1806,77
1704,73
2043,84
1806,77
1714,72
1821,73
1803,73
1586,69
1882,79
1747,74
1682,71
1754,75
1755,75
1539,67
1886,79
1725,73
1577,67
1939,81
1753,75
1590,67
1781,76
1612,71
1795,75
1670,70
1739,73
1842,76
1720,71
1650,69
1819,76
1688,73
1863,80
1728,73
1858,76
1582,70
1746,72
1678,71
1758,74
1845,79
1754,75
1728,74
1820,75
1903,80
1677,72
1695,74
1952,82
1819,79
1524,69
1693,73
1861,78
1670,72
1806,78
1823,75
1790,76
1771,74
1824,76
1593,70
1753,73
1931,81
1909,81
1869,76
1842,76
1763,75
1386,63
1916,79
1879,79
1698,72
1703,72
1683,73
1904,79
1634,69
1822,77
1840,80
1734,77
1789,73
1706,71
1755,76
1717,75
1611,68
1832,79
1567,70
1747,76
1838,77
1858,78
1646,70
1869,76
1701,73
1653,70
1558,68
1636,73
1708,74
1808,79
1673,70
1796,76
1724,76
1682,73
1862,81
1665,70
1703,75
1795,79
1792,76
1874,79
1645,70
1627,71
1699,70
1645,69
1515,69
1773,73
1844,78
1886,81
1760,73
1992,83
1655,71
1665,71
1925,82
1914,82
1512,66
1523,68
1678,72
1577,70
1706,74
1595,70
1859,79
1822,78
1455,65
1731,72
1808,77
1735,74
1624,68
1665,72
1722,72
1691,71
1940,81
1920,80
1883,80
1747,75
1808,77
1867,79
1955,80
1677,72
1571,69
1731,73
1664,75
1752,73
1826,76
1831,77
1753,75
1623,70
1907,80
1784,74
1827,77
1782,79
1588,69
1542,69
1757,75
1875,80
1717,75
1630,73
1786,76
1963,80
1526,65
1926,81
1815,76
1644,70
1831,79
1833,78
1921,78
1582,69
1762,76
1819,77
1660,70
1725,74
1631,68
1706,74
1688,73
1659,72
1724,73
1591,71
1844,79
1692,71
1864,80
1934,82
1751,76
1667,71
1588,68
1760,78
1923,81
1803,76
1789,77
1726,74
1714,75
1672,69
1687,72
1754,75
1706,73
1932,81
1851,79
1813,76
1842,77
1961,81
1829,79
1683,73
1773,71
1639,69
1706,75
1768,74
1918,81
1710,75
1864,77
1620,70
1716,72
1591,70
1659,70
1787,78
1866,78
1858,77
1676,72
1635,69
1841,79
1933,81
1601,69
1770,75
1644,71
1889,79
1884,81
1715,76
1644,71
1817,77
1662,71
1830,78
1873,80
1769,71
1776,77
1857,79
1848,79
1689,72
1817,76
1760,73
1633,73
1718,75
1591,71
1812,77
1950,81
1700,72
1698,74
1656,71
1559,68
1887,80
1654,71
1753,74
1611,70
1702,72
1579,64
1713,71
1645,67
1593,68
1705,72
1814,78
1762,75
1575,68
1610,73
1779,76
1727,74
1671,71
1830,77
1532,69
1925,82
1670,69
1768,76
1610,70
1630,71
1887,79
1708,73
1747,75
1706,73
1748,73
1913,79
1782,76
1804,77
1895,80
1901,80
1672,71
1893,80
1868,78
1705,74
1813,78
1622,68
1627,70
1862,78
1683,72
1832,75
1803,77
1747,74
1665,71
1764,75
1734,76
1673,72
1573,66
1794,75
1659,70
1499,66
1617,68
1954,82
1622,72
1638,69
1804,78
1947,81
1778,78
1779,75
1671,75
1834,77
1906,80
1892,81
1661,73
1574,69
1793,78
1629,71
1899,78
1510,67
1772,74
1828,77
1796,78
1864,76
1516,65
1654,70
1852,77
1787,77
1771,75
1631,69
1851,78
1730,72
1710,75
1844,75
1700,72
1756,75
1865,76
1687,70
1483,64
1705,71
1761,73
1906,81
1667,72
1851,80
1862,80
1547,68
1667,72
1798,74
1583,71
1828,76
1636,71
1811,76
1641,70
1814,77
1615,68
1702,74
1756,74
1631,73
1691,71
1756,75
1853,78
1775,75
1782,76
1758,78
1710,72
1687,73
1726,74
1765,74
1661,73
1556,70
1852,77
1787,73
1832,77
1915,81
1767,72
1796,78
1881,78
1833,78
1920,79
1661,70
1742,76
1596,69
1645,71
1788,77
1867,78
1861,81
1653,71
1733,73
1875,79
1593,68
1784,75
1874,77
1778,75
1631,71
1796,77
1654,71
1759,77
1798,77
1625,68
1726,72
1642,70
1842,80
1817,79
1679,73
1892,78
1922,81
1612,68
1792,77
1641,70
1709,71
1746,76
1598,71
1656,71
1642,71
1830,78
1778,76
1648,71
1729,72
1681,72
1814,77
1610,71
1718,74
1940,81
1899,80
1717,76
1536,66
1823,78
1871,78
1605,67
1710,75
1963,83
1767,76
1910,80
1689,70
1669,71
1774,79
1523,68
1425,64
1660,72
2011,82
1642,71
1800,77
1951,82
1851,78
1596,68
1744,74
1686,74
1635,73
1679,70
1710,74
1764,77
1799,77
1868,79
1953,81
1601,68
1715,75
1851,79
1596,70
1869,79
1860,80
1541,69
1772,76
1793,76
1782,75
1910,81
1563,68
1855,79
1648,71
1521,65
1697,70
1672,72
1730,76
1740,73
1783,76
1706,71
1805,77
1885,80
1641,70
1734,73
1611,69
1567,68
1715,73
1574,66
1796,78
1866,79
1634,73
1690,71
1383,64
1607,69
1646,71
1716,73
1568,68
1798,76
1830,77
1902,81
1696,71
1671,72
1594,71
1667,72
1824,77
1812,78
1778,75
1701,72
1846,77
1881,80
1526,67
1801,74
1648,72
1881,78
1641,72
1650,71
1866,79
1780,73
1684,73
1736,75
1644,72
1877,79
1872,79
1891,80
1727,74
1771,77
1385,61
1646,72
1576,68
1668,72
1558,66
1748,75
1734,75
1901,81
1878,78
1766,76
1972,82
1662,69
1679,71
1822,76
1796,78
1537,68
1701,70
1489,67
1724,71
1639,72
1704,74
1764,77
1787,76
1747,73
1647,70
1864,79
1729,76
1848,77
1470,64
1763,74
1782,79
1566,67
1807,76
1783,78
1655,71
1660,71
1802,74
1700,71
1670,71
1779,78
1880,81
1727,75
1628,69
1836,79
1690,72
1574,67
1874,80
1636,71
1927,81
1708,72
1580,73
1874,78
1581,68
1726,74
1833,76
1740,74
1770,76
1843,77
1817,77
1716,73
1684,71
1744,77
1865,80
1816,74
1684,72
1637,68
1789,75
1513,65
1749,74
1704,71
1624,74
1871,80
1847,79
1830,74
1700,74
1894,82
1664,71
1740,76
1514,66
1769,74
1727,74
1700,73
1560,69
1641,70
1776,77
1678,70
1652,73
1529,67
1685,72
1857,76
1645,72
1866,78
1824,76
1663,71
1768,75
1793,77
1854,81
1630,72
1795,76
1926,81
1812,79
1820,78
1861,78
1845,77
1685,72
1617,69
1798,79
1734,73
1638,70
1848,79
1767,74
1687,70
1640,69
1612,70
1535,70
1795,79
1810,78
1713,73
1708,74
1572,68
1704,72
1926,79
1709,76
1710,73
1601,68
1786,74
1632,71
1732,74
1935,82
1722,72
1812,77
1763,77
1761,75
1623,69
1548,68
1772,76
1545,69
1595,67
1733,77
1798,76
1726,73
1740,75
1518,67
1656,72
1610,70
1770,76
1879,79
1699,73
1801,73
1922,81
1848,80
1950,82
1932,82
1645,75
1635,71
1887,81
1789,77
1850,78
1562,66
1672,71
1766,73
1643,71
1616,71
1904,79
1474,65
1589,68
1917,81
1908,79
1601,69
1786,75
1699,72
1629,71
1698,71
1474,65
1611,69
1741,73
1738,74
1723,74
1757,76
1572,68
1693,74
1799,78
1788,76
1507,65
1833,74
1880,78
1775,79
1739,75
1767,76
1619,70
1659,71
1705,76
1777,77
1508,67
1929,80
1910,82
1635,72
1493,67
1811,76
1886,80
1637,71
1814,76
1746,75
1574,70
1765,73
1824,78
1822,78
1797,78
1738,74
1583,66
1774,79
1550,68
1635,70
1817,78
1807,76
1702,73
1581,68
1699,72
1794,75
1547,70
1809,77
1676,71
1783,77
1687,72
1849,76
1648,71
1852,79
1741,74
1802,78
1775,74
1767,74
1500,67
1829,77
1913,81
1701,73
1762,77
1647,74
1909,81
1712,73
1768,75
1641,72
1713,73
1776,76
1863,79
1536,67
1646,72
1834,77
1605,71
1612,72
1910,80
1672,73
1533,68
1494,65
1883,79
1776,75
1640,71
1616,68
1719,73
1717,71
1892,81
1772,73
1720,75
1655,70
1821,77
1769,73
1899,81
1718,73
1951,83
1794,75
1924,83
1720,73
1602,72
1745,77
1663,70
1895,80
1630,69
1715,74
1748,77
2028,86
1904,80
1846,81
1696,71
1728,77
1809,74
1856,82
1813,77
1748,72
1741,73
1677,74
1500,67
1683,71
2013,84
1825,78
1619,70
1881,78
1845,77
1711,71
1667,71
1735,76
1681,71
1735,77
1549,67
1771,77
1641,71
1732,75
1731,78
1710,74
1500,67
1887,81
1754,73
1732,74
1852,76
1634,70
1680,69
1799,77
1768,77
1628,68
1732,74
1680,72
1730,75
1730,75
1451,64
1976,84
1857,80
1663,74
1739,75
1665,71
1681,73
1614,68
1675,71
1675,70
1795,76
1807,77
1636,72
1801,76
1588,70
1766,76
1986,84
1629,70
1799,74
1981,84
1937,84
1759,74
1878,81
1899,80
1718,73
1850,80
1728,74
1886,79
1721,73
1854,81
1608,68
1692,72
1660,72
1785,78
1720,73
1762,75
1794,76
1774,76
1863,81
1571,66
1592,71
1755,75
1769,74
1596,69
1544,67
1627,72
1812,74
1714,74
1562,69
1790,76
1602,71
1985,85
1657,71
1801,77
1820,76
1664,72
1866,80
1650,69
1665,72
1689,72
1959,83
1791,75
1744,71
1554,66
1601,69
1794,80
1838,78
1688,72
1666,72
1655,73
1719,74
1549,66
1643,69
1524,67
1734,74
1757,76
1660,72
1746,75
1587,67
1640,67
1461,64
1941,83
1771,74
1699,74
2049,87
1814,76
1694,71
1863,79
1718,74
1527,67
1636,70
1756,72
1710,73
1433,63
1744,76
1831,78
1830,74
1527,69
1834,80
1380,65
1806,78
1596,69
1781,74
1900,78
1770,77
1693,74
1538,68
1744,76
1631,72
1984,85
1594,70
1596,72
1751,73
1928,84
1794,79
1839,78
1658,73
1725,75
1753,76
1630,71
1932,83
1866,79
1702,75
1866,80
1730,74
1874,78
1635,69
1935,83
1614,71
1914,83
1545,69
1960,84
1716,75
1725,77
1681,72
1708,72
1734,73
1742,72
1593,68
1851,81
1721,74
1645,71
1755,75
1876,81
1866,81
1849,78
1821,75
1670,71
1625,71
1881,78
1692,71
1570,71
1714,76
1727,75
1923,81
1673,72
1621,72
1681,74
1979,84
1752,76
1905,80
1668,73
1535,69
1786,75
1527,67
1817,79
1650,76
1817,79
1806,77
1717,73
1631,72
1673,69
1771,74
1816,79
1806,77
1743,75
1569,69
1963,84
1804,77
1767,80
1828,79
1584,69
1798,80
1717,71
1759,75
1664,72
1776,75
1804,75
1754,72
1758,75
1701,76
1645,75
1783,76
1570,68
1700,73
1924,82
1629,71
1646,70
1638,71
1577,68
1828,78
1776,74
1590,70
1584,69
1710,72
1785,75
1626,72
1659,69
2006,85
2009,85
1969,83
1787,76
1715,73
1761,75
1691,74
1968,84
1822,80
1835,77
1742,74
1776,77
1682,73
1765,77
1728,75
1868,82
1848,78
1788,74
1770,75
1673,74
1911,82
1641,70
1864,80
1978,82
1616,71
1873,79
1707,74
1901,82
1783,77
1759,78
1696,73
1695,70
1714,73
1869,78
1775,75
1821,79
1983,84
1870,81
1686,73
1758,75
1685,76
1794,76
1711,75
1541,68
1708,74
1687,73
1843,81
1609,72
1717,74
1719,75
1757,74
1645,70
1627,69
1644,71
1750,75
1826,80
1597,71
1627,68
1596,69
1946,83
1697,75
1914,81
1704,72
1731,73
1781,76
1777,74
1843,77
1989,85
1679,72
1989,84
1805,80
1872,81
1694,75
1764,76
1898,79
1889,80
1999,84
1696,75
1510,67
1723,74
2015,86
1772,78
1652,70
1658,70
1611,73
1834,80
1562,69
1848,79
1995,84
1654,69
1879,80
1860,79
1946,82
1853,78
1845,80
1777,77
1763,76
1820,77
1637,71
1641,73
1713,73
1673,73
1686,73
1872,81
1764,72
1873,78
1757,77
1732,73
1906,82
1781,78
1967,84
1608,69
1676,73
1816,78
1932,83
1943,83
1882,81
1636,70
1950,84
1600,70
1773,74
1772,77
1836,79
1816,77
1657,69
1670,71
1909,81
1777,74
1837,80
1561,70
2002,83
1674,70
1926,82
1646,70
1916,83
1858,80
1815,75
1471,66
1656,71
1844,78
1847,77
1767,74
1676,71
1830,77
1835,78
1879,81
1758,76
1822,78
1649,73
1673,71
1580,67
1643,73
1740,75
1923,81
1882,81
1950,83
1738,74
1485,67
1727,74
1447,63
1802,77
1647,73
1743,74
1740,75
1740,75
1719,75
1581,70
1837,80
1682,72
1876,77
1747,77
1634,73
1920,79
1720,76
1861,79
1973,83
1727,73
1844,77
1712,73
1641,73
2012,84
1652,71
1625,73
1792,76
1876,80
1826,79
1821,79
1769,75
1654,70
1685,72
1969,84
1837,76
1878,79
1776,74
1512,67
1799,77
1847,77
1912,81
1702,71
1801,74
1728,75
1868,81
1822,73
1886,79
1775,77
1956,81
1841,78
1804,77
1720,72
1706,71
1723,74
1956,83
1886,77
1811,77
1720,74
1716,72
1711,72
1679,73
1910,82
1745,73
1420,64
1884,79
1635,71
1911,81
1652,74
1866,80
2067,87
1769,78
1766,79
1659,71
1620,68
1872,80
1810,76
1841,79
1788,77
1705,74
1738,72
1524,68
1687,73
1910,82
1662,71
1702,73
1835,78
1569,68
1893,80
1670,74
1771,75
1720,75
1585,68
1626,70
1648,75
1785,77
1656,73
1772,74
1584,68
1791,77
1729,71
1769,75
1587,69
1714,72
1675,74
1744,76
1878,79
1853,81
1731,70
1937,83
1656,71
1677,73
1714,75
1759,73
1964,82
1657,72
1647,71
1779,75
1752,77
1995,84
1779,76
1968,82
1720,75
1628,68
1743,75
1756,74
1791,76
1711,72
1700,71
1857,79
1762,75
1655,70
1677,75
1933,82
1827,74
1844,76
1707,74
1964,83
1669,74
1945,85
1794,76
1842,81
1734,70
1715,76
1666,72
1650,71
1582,70
1758,74
1999,84
1914,83
1794,76
1564,67
1773,75
1690,72
2047,87
1751,75
1736,73
1771,75
1711,71
1702,75
1620,72
1783,77
1988,85
1711,75
1903,83
1865,80
1773,76
1921,81
1837,76
1794,76
1848,77
1741,77
1834,79
1749,75
1749,76
2047,87
1782,75
1619,71
1674,72
1807,75
1787,74
1669,75
1721,73
1666,73
1740,74
1855,78
1717,74
1729,75
1963,84
1640,66
1756,75
1849,78
1980,82
1671,74
1783,75
1628,72
1735,76
1638,73
1574,69
1534,67
1873,78
1787,75
1772,74
1590,71
1803,77
1881,78
1789,75
1711,74
1659,72
1729,73
1723,75
1980,82
1707,71
1700,72
1642,71
1657,70
1816,79
1871,76
1604,70
1663,75
1870,81
1635,72
1672,70
1662,72
1754,76
1748,72
1976,83
1765,73
1686,72
1744,71
1954,83
1832,78
1784,75
1933,79
1580,70
1655,71
1522,65
1808,78
1924,80
1894,80
1827,80
1885,81
1746,73
1740,75
1691,72
1630,70
1811,79
1801,78
1854,79
1834,79
1752,75
1679,72
1691,71
1680,74
1607,68
1727,73
1653,72
1869,79
1785,77
1799,76
1944,83
1682,73
1601,70
1842,78
1932,81
1734,74
1901,81
1616,71
1713,74
1730,76
1737,75
1840,76
1742,75
1685,74
1656,71
1789,76
1742,70
1736,75
1796,78
1556,68
1589,71
1798,79
1694,70
1684,72
1784,78
1690,72
1829,80
1847,81
1965,85
1674,73
1654,74
1685,70
1711,72
1766,75
1908,81
1658,71
1720,73
1788,78
1863,78
1815,78
1763,77
1636,72
1732,75
1811,74
1465,65
1623,71
1851,78
1834,80
1706,73
1656,70
1914,81
1741,74
1729,76
1810,78
1846,77
1828,76
1640,73
1919,81
1773,76
1932,83
1793,78
1709,77
1723,74
1742,73
1832,77
1762,77
1776,77
1690,73
1737,75
1764,74
1860,79
1696,74
1634,68
1592,68
1713,75
1924,81
1597,71
1728,73
1742,75
1857,81
1864,79
1857,79
1833,77
1587,69
1575,69
1768,75
1803,74
1714,75
1752,77
1954,82
1768,74
1721,74
1732,74
1668,74
1717,75
1931,82
1738,73
1793,77
1796,77
1553,69
1899,81
1687,72
2045,86
1674,73
1614,72
1623,71
1613,69
1791,75
1849,82
1766,74
1728,73
1611,70
1598,69
1626,67
1740,73
1592,69
1795,77
1576,70
1791,76
1978,83
1661,70
1912,80
1766,74
1784,76
1833,79
1714,75
1687,72
1697,75
1813,76
1793,76
1739,76
1680,72
1830,80
1771,75
1816,80
1672,72
1719,72
1755,75
1878,80
1723,75
1556,68
1687,70
1771,76
1766,75
1843,76
1640,72
1697,73
1849,79
1623,71
1821,81
1623,69
1694,76
1802,81
1447,67
1765,73
1825,78
1876,80
1692,73
1692,75
1729,75
1820,75
1957,80
1676,70
1622,67
1678,70
1660,72
2047,86
1689,74
1624,67
1766,75
1475,65
1637,69
1634,69
1881,79
1719,76
1951,84
1957,83
1581,67
1611,73
1698,72
1663,72
1572,71
1737,76
1983,84
1696,74
1673,74
1649,72
1573,67
1823,76
1778,78
1683,73
1536,68
1557,69
1748,73
1694,71
1800,77
1753,73
1823,74
1850,79
1635,69
1715,72
1719,72
1578,70
1687,75
1698,75
1725,73
1684,77
1694,72
1588,71
2009,84
1637,69
1661,75
1703,73
1856,77
1665,72
1650,71
1744,74
1918,82
1788,77
1733,76
1735,75
1805,76
1789,76
1841,82
1859,79
1767,76
1620,71
1868,79
1504,67
1661,70
1841,76
1863,80
1601,70
1940,83
1927,82
1691,74
1598,70
1835,80
1828,77
1906,81
1564,67
1805,78
1711,74
1807,75
1677,71
1587,68
1861,80
1581,74
1549,70
1655,70
1904,82
1720,73
1673,73
1846,77
1660,70
1669,76
1577,68
1659,73
1760,74
1606,70
1826,77
1668,71
1777,77
1865,76
1789,74
1702,72
1859,80
1638,69
1625,69
1884,78
1818,77
1695,76
1941,83
1729,74
1802,80
1804,73
1782,75
1778,77
1528,65
1715,74
1806,75
1706,74
1843,74
1748,74
1885,77
1804,75
1663,71
1676,74
1686,75
1830,77
1576,69
1601,70
1801,75
1631,71
1664,72
1757,75
1711,73
1973,84
1872,78
1618,69
1652,75
1948,83
1624,70
1855,81
1752,74
1692,70
1790,76
1684,74
1780,74
1847,77
1717,74
1648,73
1592,71
1671,71
1830,76
1667,73
1996,84
1946,83
1558,65
1820,76
1631,70
1590,69
1609,72
1731,73
1626,71
1764,77
1806,78
1702,71
1588,68
1839,78
1754,74
1635,74
1816,79
1633,71
1828,77
1720,76
1703,73
1763,77
1633,70
1806,76
1824,78
1736,75
1635,74
1924,82
1818,76
1747,77
1788,77
1822,75
1698,72
1763,74
1982,84
1717,74
1673,73
1737,74
1764,74
1751,74
1734,76
1651,70
1890,79
1701,73
1640,71
1857,78
1828,77
1671,74
1800,76
1750,74
1868,82
1934,80
1805,76
1948,83
1553,68
1837,78
1752,76
1858,79
1889,78
1599,72
1757,76
1761,74
1800,75
1697,73
1741,74
1586,68
1652,72
1845,77
1814,78
1711,76
1686,74
1722,74
1734,73
1460,68
1889,82
1608,71
1948,83
1738,75
1835,76
1821,79
1729,74
1666,72
1641,70
1732,73
1753,76
1687,74
1606,70
1711,75
1833,79
1795,77
1692,73
1737,71
1579,71
1640,72
1933,82
1537,66
1686,70
2034,86
1798,77
1582,68
1672,70
1683,73
1673,70
1680,73
1549,69
1945,82
1894,81
1650,68
1823,78
1559,71
1848,76
1818,78
1753,74
1817,74
1909,81
1633,68
1731,75
1742,77
1743,72
1987,84
1616,69
1794,78
1617,72
1793,75
1926,82
1849,81
2040,85
1988,84
1692,70
1649,71
1881,81
1654,68
1697,71
1686,72
1817,78
1790,76
1787,79
1838,78
1931,83
1757,74
1992,84
1739,74
1625,74
1675,73
1838,78
1566,67
1610,70
1679,73
1825,80
1750,77
1888,80
1771,74
1810,79
1516,67
1695,74
2034,86
1984,85
1750,73
1851,76
1612,71
1561,69
1753,76
1670,71
1835,78
1987,85
1670,74
1729,75
1644,74
1594,68
1603,72
1671,74
1858,77
1856,80
1764,75
1658,73
1875,77
1725,72
1638,73
1658,70
1910,81
1784,78
1758,75
1697,76
1746,75
1911,79
1849,79
1660,72
1542,66
1760,75
1739,76
1659,71
1928,80
1862,80
1853,77
1566,67
1729,72
1942,82
1935,82
1791,77
1646,72
1691,72
1830,79
1741,74
1942,82
1735,74
1766,76
1893,82
1829,79
1764,74
1711,73
1864,81
1999,84
1698,73
1764,75
1742,76
1718,77
1749,74
1659,71
1783,75
1850,79
1635,71
1779,77
1866,80
1564,69
1719,72
1889,82
1660,73
1784,75
1693,75
1857,77
1875,81
1752,73
1751,76
1618,70
1780,72
1659,69
1696,73
1700,71
1757,75
1593,70
2010,85
1848,78
1784,79
1864,80
1522,65
1972,84
1955,82
1892,81
1727,72
1906,81
1739,77
1756,73
1690,73
1871,79
1716,72
1937,81
1842,77
1509,64
1859,79
1588,71
1783,79
1982,85
1865,82
1771,76
1721,73
1796,75
1638,69
1935,81
1884,78
1826,76
1517,67
1901,82
1709,76
1838,76
1576,69
1818,77
1967,83
1727,72
1559,69
1791,76
1865,80
1533,66
1714,75
1630,70
1651,70
1598,68
1687,75
1962,84
1584,70
1720,72
1700,74
1687,73
1745,77
1761,75
1686,73
1538,70
1711,72
1842,79
1891,78
1719,74
1801,78
1723,76
1649,72
1683,72
1679,71
1985,85
1729,76
1642,73
1850,80
1743,77
1812,74
1836,80
1627,70
1953,82
1771,76
1762,75
1851,81
1847,78
1692,74
1779,74
1665,71
1683,73
1624,69
1873,80
1713,74
1926,84
1802,75
1689,74
1635,73
1775,79
1742,73
1869,79
1657,73
1415,62
1913,80
1586,67
1769,76
1878,82
1713,73
1692,75
1908,80
1633,72
1829,78
1583,69
1831,76
1883,81
1679,72
1723,75
1749,75
1701,72
1800,76
1841,78
1771,77
1756,77
1948,81
1812,75
1695,70
1717,72
1829,78
1702,71
1627,73
1684,74
1757,76
1896,82
1745,72
1809,76
1792,78
1943,83
1774,75
1670,69
1692,71
1839,81
1776,76
1675,73
1731,74
1876,81
1576,68
1712,75
1771,75
1539,69
1677,73
1685,73
1895,81
1619,72
1614,70
1595,70
1893,79
1833,76
1769,73
1717,75
1704,75
1674,75
1962,84
1648,71
1664,71
1808,79
1985,84
1761,78
1536,68
1826,78
1960,84
1771,78
1638,72
1668,73
1844,77
1607,71
1854,79
1660,70
1769,76
1822,76
1831,77
1754,72
1793,74
1580,72
1835,79
1747,74
1643,72
1823,77
1663,71
1731,75
1836,81
1772,72
1882,79
1543,68
1581,67
1645,73
1635,71
1750,77
1839,79
1807,77
1758,77
1812,78
1712,76
1908,82
1632,73
1814,76
1646,71
1534,67
1913,79
1843,79
1757,75
1789,78
1910,82
1683,74
1738,76
1821,80
1819,79
1726,72
1969,84
1834,77
1868,80
1735,73
1848,78
1813,80
1777,76
1710,73
1693,74
1715,74
1871,81
1828,77
1677,74
1535,66
1629,71
1972,83
1580,70
1802,74
1707,71
1786,74
1696,71
1696,75
1752,72
1596,70
1731,74
1836,75
1671,71
1709,73
1852,76
1759,77
1809,78
1884,79
1736,76
1733,75
1857,80
1478,65
1577,68
1857,77
1950,84
1736,73
1727,75
1736,72
2008,84
1929,80
1673,72
1710,74
1792,76
1865,80
1656,71
1604,70
1655,73
1612,68
1669,73
1756,77
1633,70
1733,77
1873,77
1496,62
1707,74
1819,78
1890,79
1620,69
1744,77
1693,72
1718,73
1885,81
1729,73
1736,75
1832,79
1585,69
1704,72
1784,77
1716,71
1704,73
1715,72
1664,71
1649,71
1678,72
1747,77
1835,79
1777,75
1811,77
1678,75
1621,72
1818,76
1594,70
1640,71
1798,77
1584,70
1569,69
1630,71
1871,80
1571,71
1533,67
1827,78
1633,72
1761,76
1841,76
1787,78
1592,70
1760,73
1683,73
1664,72
1663,73
1870,79
1699,73
1871,82
1912,80
1860,82
1746,78
1708,71
1852,78
1705,76
1770,74
1730,72
1556,69
1963,82
1735,72
1885,83
1759,73
1680,72
1616,71
1930,80
1811,79
1658,71
1640,70
1627,71
1645,69
1829,76
1632,72
1885,78
1847,78
1942,83
1652,72
1784,73
1704,73
1785,77
1694,70
1868,80
1885,82
1735,74
1747,75
1740,76
1636,69
1739,78
1688,72
1807,77
1684,72
1626,70
1910,82
1825,78
1965,84
1709,74
1796,76
1775,77
1682,70
1684,71
1866,81
1657,74
1669,73
1775,75
1710,77
1923,82
1807,78
1728,77
1712,72
1773,76
1686,74
1751,75
1657,71
1804,75
1783,77
1537,67
1611,71
1858,77
1904,82
1743,76
1679,75
1859,77
1594,69
1663,73
1762,76
1733,73
1583,68
1801,75
1558,69
1693,72
1653,69
1704,73
1577,67
1630,69
1734,74
1747,75
1919,82
1665,74
1791,76
1755,73
1766,77
1877,79
1701,73
1710,74
1771,74
1894,76
1937,82
1719,75
1680,73
1690,73
1747,74
1894,82
1700,74
1829,77
1850,79
1735,76
1824,79
1857,76
1740,72
1900,80
1785,75
1728,72
1502,67
1781,77
1922,82
1823,75
1587,69
1711,72
2016,86
1646,70
1729,73
1782,77
1700,74
1802,79
1610,69
1590,71
1787,75
1794,75
1836,78
1585,68
1524,69
1739,73
1865,82
1697,76
1862,78
1859,79
1824,77
1671,74
1694,71
1703,74
1771,79
1916,83
1756,77
1791,77
1666,70
1768,76
1616,70
1740,73
1675,72
1787,78
1903,78
1725,76
1697,72
1780,75
1766,76
1750,73
1715,72
1797,76
1702,73
1833,76
1549,68
1738,76
1740,74
1667,69
1705,75
1896,80
1888,77
1904,82
1623,70
1795,75
1764,75
1648,73
1705,73
1597,69
1773,76
1677,69
1824,79
1852,81
1656,70
1891,78
1712,76
1463,65
1956,84
1869,78
1830,78
1526,67
1927,79
1765,75
1713,74
1744,75
1691,73
1634,71
1705,73
1877,79
1823,77
1804,78
1584,68
1801,75
1646,68
1611,70
1839,79
1649,72
1763,75
1768,74
1926,83
1710,73
1485,65
1736,76
1599,70
1767,74
1807,75
1460,63
1925,82
2005,86
1642,71
1838,79
1775,76
1915,81
1602,70
1809,76
1802,77
1823,80
1931,84
1884,81
1637,70
1655,70
1693,71
1841,79
1892,79
1941,84
1602,70
1564,68
2037,86
1699,69
1779,77
1662,70
1655,70
1810,77
1954,81
1799,77
1833,79
1959,82
1725,73
1908,82
1788,75
1544,67
1783,78
1568,68
1839,78
1736,75
1621,73
2057,87
1604,69
1737,74
1632,71
1724,74
1797,78
1683,72
1815,77
1676,71
1522,67
1772,77
1705,73
1950,82
1816,79
1683,73
1875,76
1685,71
1698,73
1598,69
1854,74
1764,73
1685,72
1831,79
1883,82
1655,71
1782,76
1596,73
1796,78
1785,77
1613,67
1819,77
1647,71
1778,74
1692,71
1833,79
1685,72
1599,67
1742,75
1777,74
1715,73
1810,75
1733,75
1683,71
1920,82
1557,69
1594,68
1585,69
1840,77
1824,79
1627,70
1741,76
1654,72
1794,74
1758,75
1814,77
1940,82
1593,71
1743,77
1487,65
1700,72
1648,71
1632,71
1782,74
1855,82
1748,74
1878,79
1873,79
1662,72
1604,69
1791,77
1580,70
1548,67
1758,74
1895,78
1852,81
1680,69
1856,80
1606,69
1762,76
1678,73
1672,72
1887,80
1684,72
1609,71
1823,78
1841,78
1647,72
1948,82
1835,79
1957,83
1937,84
1872,81
1753,76
1674,73
1905,78
1929,81
1674,70
1949,83
1839,78
1767,78
1883,81
1773,76
1723,72
1586,67
1534,69
1809,76
1596,71
1637,71
1869,82
1770,75
1784,74
1889,81
1662,71
1942,82
1654,72
1955,83
1550,68
1711,74
1697,73
1757,74
1860,78
1644,71
1706,71
1806,77
1784,76
1750,75
1741,76
1670,73
1985,84
1853,79
2008,84
1626,73
1607,72
1822,78
1639,73
1779,74
1754,77
1769,75
1804,75
1985,84
1661,75
1715,75
1622,72
1805,75
1765,76
1931,83
1696,76
1959,82
1720,74
1477,66
1850,80
1852,76
1567,72
1903,78
1789,76
1574,69
1942,83
1818,75
1650,70
1622,72
1949,81
1753,77
1640,70
1829,80
1647,70
1733,72
1789,76
1829,78
1934,81
1708,75
1829,80
1510,63
1867,79
1761,75
1635,72
1708,70
1836,80
1886,81
1865,80
1665,73
1923,83
1566,68
1680,74
1754,74
1906,80
1692,73
1790,76
2024,85
1712,74
1600,68
1880,81
1854,77
1478,64
1948,84
1679,72
1640,68
1700,73
1887,76
1754,77
1624,73
1836,77
1856,80
1725,73
1918,82
1800,77
1624,73
1625,72
1681,70
1658,73
1512,67
1741,75
1676,72
1842,81
1681,71
1581,68
1732,74
1745,72
1890,82
1957,82
1856,77
1658,71
1523,65
1808,77
1778,77
1738,76
1859,80
2064,85
1858,78
1883,80
1733,74
1848,79
1923,81
1681,72
1746,74
1883,82
1787,75
1721,75
1640,72
1767,79
1672,71
1598,70
1728,74
2036,86
1673,75
1592,70
1797,76
1795,77
1832,79
1861,81
1704,74
1653,72
2035,86
1674,71
1800,78
1622,69
1826,77
1883,78
2020,85
1754,73
1903,81
1836,79
1729,76
1810,76
1576,71
1647,73
1668,72
1843,80
1699,74
1809,79
1606,68
1710,76
1546,68
1738,74
1748,76
1749,74
1838,78
1990,84
1775,74
1774,78
1756,77
1864,75
1581,70
1831,80
1916,80
1640,71
1636,71
1673,72
1851,78
1650,71
1822,78
2057,87
1880,81
1956,84
1813,80
1963,82
1568,67
1664,73
1587,70
1776,77
1757,75
1745,75
1660,72
1809,78
1796,78
1686,73
1654,72
1575,69
1765,76
1960,83
1839,81
1737,76
1975,84
1551,68
1529,68
1748,72
1962,82
1587,69
1824,77
1896,79
1823,78
1692,73
1593,70
1850,78
1620,68
1627,71
1953,84
1831,77
1866,81
1590,68
1698,72
1638,72
1704,74
1811,79
1885,80
1803,77
1689,73
1723,75
1854,80
1661,74
1749,74
1892,82
1716,75
1890,81
1543,70
1475,64
1555,69
1648,69
1776,73
1691,72
1615,68
1923,83
1790,76
1880,81
1779,76
1699,72
1720,69
1612,71
1687,73
1701,74
1753,71
1563,69
1830,78
1724,74
1673,70
1781,75
1819,78
1690,72
1699,74
1737,76
1566,66
2027,86
1488,68
1814,75
1611,70
1721,76
1602,68
1796,78
1840,79
1751,77
1889,82
1849,79
1816,79
1523,68
1904,82
1867,79
1960,83
1586,70
1686,73
1713,73
1820,77
1836,75
1737,73
1880,80
1606,69
1701,72
1958,83
1785,75
1763,72
1600,70
1956,84
1904,79
1831,76
1809,79
1862,83
1614,71
1529,71
1728,73
1913,82
1631,71
1795,78
1844,78
1647,72
1681,73
1915,82
1847,80
1822,78
1582,70
1746,73
1750,75
1812,76
1651,72
1590,68
1574,68
1657,72
1632,68
1803,76
1824,77
1653,73
1785,74
1741,73
1873,80
1838,79
1882,82
1787,75
1756,75
1861,82
1704,75
1841,78
1654,74
1806,80
1520,66
1769,75
1948,83
1611,69
1849,78
1612,69
1793,74
1468,65
1574,70
1633,69
1726,75
1763,74
1870,81
1723,73
1713,73
1936,82
1875,80
1985,84
1685,74
1757,74
1748,74
1844,79
1659,73
1910,80
1635,71
1860,79
1758,75
1593,68
1606,73
1866,80
1750,74
1744,74
1811,75
1675,75
1679,72
1713,73
1905,82
1738,73
1820,76
1830,79
1575,70
1874,80
2012,85
1933,82
1751,75
1809,74
1679,74
1771,79
1682,72
1993,84
1780,76
1609,71
1723,75
1832,78
1949,83
1798,78
1790,76
1651,71
1869,78
1465,64
1702,71
1977,83
1767,74
1802,75
1741,74
1650,72
1667,73
1773,73
1721,72
1706,75
1704,77
1578,71
1775,73
1573,71
1793,75
1954,82
1691,73
1663,71
1781,76
1641,71
1623,70
1539,67
1758,76
1730,74
1695,70
2037,85
1856,76
1823,76
1763,77
1737,73
1845,77
1706,72
1746,76
1696,72
1933,82
1606,69
1812,77
1913,82
1822,77
1716,73
1612,69
1736,76
1665,74
1656,71
1878,78
1426,65
1834,78
1965,84
1840,77
1783,77
1537,68
1666,74
1820,77
1558,68
1688,73
1960,83
1527,68
1723,77
1796,77
1736,73
1821,77
1817,80
1685,74
1689,72
1908,83
1653,74
1766,75
1693,73
1668,71
1699,73
1871,79
1590,70
1748,74
1742,77
1713,74
1774,75
1992,83
1620,67
1597,70
1781,78
1686,71
1907,82
1741,77
1867,79
1641,69
1625,71
1726,75
1774,74
1611,70
1669,73
1651,74
1909,81
1725,72
1734,75
1523,68
1911,81
1696,73
1932,82
1754,74
1786,76
1778,77
1786,74
1741,75
1527,69
1766,77
1862,76
1872,80
1958,81
1853,78
1834,79
1704,75
1857,78
1749,76
1707,74
1647,72
1704,73
1725,72
1768,75
1625,70
1683,73
1953,83
1847,81
1634,71
1729,73
1731,73
1712,71
1845,79
1563,66
1780,76
1594,70
1644,74
1687,68
1802,79
1614,70
1715,73
1652,73
1615,71
1820,76
1826,80
1736,77
1859,79
1538,69
1857,79
1728,75
1632,74
1893,82
1725,73
1829,76
1513,69
1788,77
1825,79
1708,74
1740,71
1603,68
1813,76
1665,73
1848,76
1861,79
1513,68
1736,78
1541,69
1944,82
1820,75
1479,67
1845,76
1754,72
1735,73
1747,77
1564,69
1716,72
1807,76
1710,72
1786,76
1450,65
1680,75
1741,74
1883,80
1613,72
1874,80
1565,68
1902,81
1803,78
1667,72
1726,73
1706,74
1764,76
1640,73
1699,76
1615,71
1694,72
1700,75
1664,72
1858,79
1845,77
1735,71
1728,76
1755,74
1617,70
1689,72
1733,71
1840,80
1661,68
1674,73
1772,76
1941,81
1747,77
1756,74
1597,72
1659,69
1760,78
1696,74
1823,79
1615,68
1548,69
1636,72
2023,85
1563,71
1715,73
1672,72
1761,78
1706,74
1978,82
1682,75
1778,78
1717,72
1731,72
1783,74
1807,78
1757,75
1640,71
1746,75
1599,70
1621,71
1860,79
1908,80
1618,74
1782,75
1755,77
1672,73
1515,65
1571,69
1750,76
1707,75
1688,74
1746,77
1707,72
1890,82
1728,73
1854,79
1833,76
1502,69
1747,73
1725,75
1636,71
1767,74
1862,79
1601,67
1626,72
1822,78
1800,80
1808,77
1739,74
1868,81
1587,68
1741,77
1743,77
1576,72
1699,73
1637,70
1638,72
1747,79
1830,78
1615,70
1710,76
1745,75
1648,70
1886,82
1780,77
1610,68
1869,76
1772,75
1948,83
1774,75
1676,73
1848,79
1634,72
1719,75
1741,76
1925,81
1623,70
1665,73
1709,75
1857,80
1547,67
1799,77
1763,75
1863,78
1959,83
1750,75
1740,76
1582,69
1939,83
1711,75
1912,80
1770,73
1762,76
1790,74
1875,77
1698,73
1613,70
1903,82
1741,71
2065,87
1687,71
1775,76
1865,78
1677,72
1667,71
1767,74
1681,73
1836,78
1691,71
1762,75
1641,72
1552,69
1730,75
1907,82
1739,73
1714,75
1863,78
1927,80
1635,71
1794,75
1850,79
1855,77
1746,76
1808,78
1863,78
1790,76
1871,83
1652,72
1728,75
1885,81
1789,76
1692,71
1750,74
1750,73
1961,84
1741,73
1588,68
1656,73
1636,73
1709,75
1841,76
1703,73
1768,73
1767,77
1701,72
1893,81
1801,74
1670,71
1719,73
1954,83
1851,82
1617,68
1567,71
1737,78
1901,79
1744,75
1645,69
1822,76
1687,74
1839,76
1812,77
1882,80
1751,74
1751,73
1560,69
1953,81
1623,69
1639,73
1806,76
1787,76
1509,66
1772,76
1799,77
1650,71
1738,75
1556,69
1948,80
1626,70
1924,83
1643,69
1692,73
1796,75
1964,83
1947,82
1678,73
1773,77
1861,79
1672,69
1862,82
1930,82
1735,76
1963,83
1876,77
1821,78
1688,73
1661,73
1536,67
1823,78
1691,72
1625,70
1615,70
1727,73
1814,77
1950,80
1670,69
1681,72
1755,73
1635,71
1942,82
1835,79
1836,79
1799,78
1980,85
1582,70
1773,78
1849,80
1674,70
1757,72
1954,83
1628,72
1841,79
1797,75
1631,70
1834,78
1704,73
1680,72
1580,68
1840,80
1828,78
1654,73
1761,74
1717,76
1824,79
1612,72
1698,73
1606,71
1616,71
1637,70
1859,78
1692,69
1808,78
1765,78
1877,81
1882,78
1861,80
1536,68
1720,73
1669,72
1792,78
1905,81
1901,81
1583,68
1725,73
1572,67
1877,82
1836,78
1668,72
1774,79
1637,73
1725,75
1882,80
1625,69
1632,73
1624,71
1944,82
1757,75
1630,68
2002,84
1804,79
1608,69
1885,80
1704,74
1724,75
1720,77
1724,72
1485,67
1894,82
1531,69
1640,70
1725,73
1688,72
1726,74
1797,76
1640,72
1856,79
1986,82
1780,74
1684,69
1663,71
1692,71
1864,80
1766,78
1850,80
1813,76
1704,73
1802,78
1663,70
1743,73
1655,71
1539,70
1917,81
1930,82
1684,71
1786,77
1907,82
1967,82
1932,80
1840,79
1879,77
1752,74
1902,82
1738,76
1499,67
1696,72
1679,73
1468,63
1832,77
2057,87
1663,74
1762,76
1920,80
1767,76
1847,81
1931,82
1817,81
1508,68
1681,73
1603,70
1899,80
1668,72
1732,78
1596,71
1735,75
1691,72
1829,77
1675,70
1656,73
1704,74
1683,71
1961,83
1819,79
1922,80
1587,70
1738,77
1858,77
1632,70
1862,77
1717,73
1815,76
1753,75
1851,79
1718,74
1779,76
1640,70
1892,81
1812,75
1947,83
1849,80
1951,83
1612,73
1580,70
1680,72
1587,70
1886,78
1748,76
1788,77
1633,70
1589,70
1657,70
1698,71
1994,83
1873,80
1715,75
1819,79
1709,75
1845,80
1918,83
1771,77
1637,71
1666,70
1800,76
1766,75
1939,84
1853,78
1756,75
1693,77
1683,72
1563,68
1727,72
1985,84
1771,75
1819,81
1877,77
2031,84
1708,74
1789,77
1764,77
1843,79
1720,75
1704,73
1841,76
1655,72
1741,72
1544,68
2045,87
1767,76
1667,73
1895,81
1785,77
1598,71
1676,72
1725,75
1557,68
1791,74
1735,74
1676,71
1654,68
1803,80
1789,77
1652,72
1591,70
1787,74
1710,77
1824,78
1806,77
1594,68
1942,82
1889,82
1719,72
1705,77
1845,78
1779,73
1852,81
1705,73
1762,75
1834,77
1935,83
1925,80
1580,67
1716,74
1701,70
1828,81
1904,78
1744,76
1679,73
1860,78
1565,69
1543,67
1677,74
1560,68
1654,72
1853,79
1870,78
1802,79
1783,76
1690,72
1618,68
1785,74
1916,82
1773,78
1743,76
1541,69
1879,80
1770,75
1652,70
1869,80
1555,70
1650,71
1772,77
1942,80
1816,75
1939,83
1827,80
1665,72
1651,72
1695,73
1683,72
1797,76
1646,69
1771,75
1890,78
1704,74
1607,70
1896,77
1735,74
1643,71
1633,72
1525,69
1887,82
1811,79
1830,79
1942,83
1700,76
1726,76
1659,73
1879,82
1580,67
1795,75
1629,71
1840,80
1604,68
1844,75
1829,77
1567,68
1499,65
1582,70
1666,73
1958,84
1769,76
1721,74
1615,72
1908,81
1740,74
1650,72
1774,76
1814,78
1670,72
1845,77
1622,69
1683,72
1899,82
1722,76
1559,66
1720,73
1693,72
1851,80
1675,76
1771,79
1802,78
1664,73
1548,67
1695,74
1717,72
1605,70
1689,71
1668,72
1591,68
1763,77
1945,82
1717,74
1687,72
1735,76
1961,83
1657,72
1820,76
1752,77
1774,74
1730,74
1712,75
1818,78
1725,74
1632,71
1569,68
1602,72
1837,79
1683,75
1925,83
1535,68
1681,71
1805,79
1811,77
1630,71
1790,78
1656,71
1702,74
1719,74
1897,83
1730,75
1912,81
1728,72
1782,79
1824,78
1530,68
1664,71
2020,85
1732,73
1687,75
1668,71
1900,81
1737,76
1878,80
1999,85
1730,70
1793,78
1604,70
1621,70
1750,79
1605,72
1827,78
1747,76
1538,67
1687,72
1750,76
1868,81
1866,81
1758,71
1850,80
1709,72
1824,79
1660,71
1870,79
1843,80
1870,79
1750,74
2026,86
1871,81
1576,70
1784,77
1997,85
1732,75
1738,76
1787,79
1783,74
1864,79
1732,73
1679,71
1935,84
1659,76
1749,75
1799,76
1607,71
1537,64
1644,69
1630,72
1711,72
1680,74
1928,82
2043,86
1699,72
1714,74
1604,71
1789,75
1683,73
1789,76
1886,78
1786,78
1731,75
1820,76
1828,76
1843,78
1899,82
1751,72
1839,79
1848,75
1908,80
1705,73
1683,72
1788,76
1860,81
1746,73
1752,76
1681,72
1667,74
1685,75
1665,71
1631,72
1719,70
1628,69
1667,70
1702,71
1742,74
1735,73
1518,67
1872,79
1719,74
1842,80
1619,68
1763,77
1778,76
1752,74
1779,75
1826,78
1605,71
1620,64
1785,78
1654,73
1797,76
1692,75
1774,75
1758,75
1880,80
1690,75
1620,71
1695,74
1638,72
1812,79
1551,68
1814,79
1686,71
1805,76
1786,79
1739,76
1823,77
1506,69
1737,75
1799,77
1726,74
1912,81
1916,83
1790,72
1522,68
1675,72
1551,67
1742,73
1918,83
1712,74
1837,78
1727,73
1704,75
1822,75
1831,76
1689,74
1902,82
1736,73
1848,78
1779,76
1641,72
1664,72
1777,77
1633,72
1666,74
1915,82
1782,73
1835,79
1656,74
1778,75
1790,78
1709,76
1787,76
1797,77
1586,69
1570,68
1828,77
1746,75
1515,66
1706,74
1894,78
1574,70
1781,77
1641,73
1659,73
1692,71
1674,72
1723,76
1760,76
1766,74
1754,75
1754,74
1568,71
1841,79
1858,81
1771,75
1959,84
1772,73
1910,83
1757,73
1716,73
1763,76
1688,77
1640,72
1776,75
1741,76
1952,83
1575,71
1601,69
1713,76
1771,78
1821,76
1803,79
1725,76
1846,80
1891,79
1709,74
1828,80
1681,71
1763,74
1539,69
1649,72
1451,67
1641,73
1690,73
1654,73
1727,77
1869,81
1589,70
1764,73
1664,74
1681,70
1784,76
1737,76
1594,67
1701,74
1575,70
1704,71
1648,71
1716,73
1866,77
1745,77
1645,71
1684,71
1782,77
1939,83
1743,74
1987,81
1852,80
1865,78
1787,78
1717,75
1811,77
1783,76
1956,82
1854,80
1709,72
1654,71
1862,79
1589,68
1767,74
1667,72
1910,81
1908,82
1678,73
1764,77
1853,80
1599,72
1661,72
1834,80
1809,79
1634,75
1690,74
1731,75
1583,70
1612,71
1876,82
1769,72
1847,73
1656,71
1430,64
1756,74
1694,72
1736,74
1666,76
1513,68
1654,73
1652,73
1721,74
1755,75
1715,72
1634,70
1944,83
1646,72
2006,84
1654,74
1844,79
1709,75
1825,79
1635,71
1738,73
1688,73
1640,69
1795,75
1806,76
1610,69
1744,75
1769,79
1701,71
1804,77
1854,79
1871,76
1608,69
1882,81
1670,73
1596,69
1892,82
1762,76
1813,74
1746,75
1689,74
1679,73
1796,78
1596,69
1839,80
1603,70
1898,81
1648,70
1802,76
1648,71
1871,81
1761,74
1988,79
1733,71
1777,76
1887,81
1842,81
1753,77
1817,74
1683,73
1673,74
1819,78
1815,78
1978,85
1745,75
1862,80
1609,71
1887,81
1669,71
1575,69
1693,75
1608,70
1607,69
1593,71
1714,73
1584,69
1696,73
1875,81
1745,74
1802,77
1934,84
1736,76
1710,75
1622,70
1656,73
1619,73
1694,71
1840,80
1862,76
1996,85
1755,75
1849,78
1728,75
1994,83
1603,71
1923,83
1742,77
1884,81
1920,82
1734,76
1966,81
1603,70
1798,77
1826,76
1848,76
1751,73
1657,73
1713,73
1669,72
1651,71
1594,71
1738,77
1896,79
1850,80
1651,73
1671,71
1845,79
1675,73
1805,76
1855,77
1675,73
1957,83
1712,76
1626,71
1865,80
1846,76
1850,78
1699,72
1762,74
1754,78
1779,74
1753,74
1697,73
1550,69
1628,69
1882,80
1644,71
1585,70
1884,81
1504,66
1734,77
1755,78
1699,75
1759,73
1566,69
1932,81
1980,83
1867,80
1804,78
1848,78
1625,68
1627,68
1699,75
1587,68
1896,81
1707,77
2019,84
1867,82
1785,73
1654,72
1820,80
1769,78
1746,71
1703,70
1644,72
1558,70
1923,82
1602,70
1699,73
1910,81
1800,76
1642,72
1683,71
1781,75
2002,85
1807,77
1815,78
1733,76
1869,80
1728,74
1630,70
1591,71
1807,78
1643,71
1584,69
1690,74
1877,81
1434,63
1630,72
1739,73
1652,71
1779,78
1870,81
1649,71
1700,73
1699,73
1677,74
1680,72
1648,71
1668,73
1710,74
1907,83
1699,75
1531,68
1734,74
1845,79
1747,74
1965,84
1764,77
1755,73
1648,72
1757,75
1822,77
1852,80
1803,76
1812,78
1850,80
1701,75
1515,67
1694,75
1737,75
1878,81
1933,79
1912,82
1912,81
1605,71
1622,68
1885,82
1841,76
1891,79
1632,71
1607,71
1577,72
1593,71
1707,73
1740,76
1842,77
1763,77
1724,74
1779,74
1863,80
1774,79
1744,73
1748,78
1784,76
1510,68
1777,77
1873,80
1851,79
1770,79
1822,77
1633,73
1574,68
1648,72
1687,73
1738,73
1617,72
1834,79
1927,82
1594,69
1831,78
1629,73
1655,72
1595,70
1827,77
1739,75
1684,73
1580,70
1735,74
1792,75
1615,68
1833,76
1784,78
1812,78
1815,78
1922,81
1986,85
2058,86
1794,76
1710,73
1664,70
1727,73
1952,82
2010,86
1637,69
1656,73
1723,77
1688,73
1691,72
1595,69
1874,80
1632,70
1861,80
1540,67
1973,84
1691,73
1740,76
1723,75
1511,67
1798,79
1799,77
1750,75
1850,78
1770,76
1817,77
1781,75
1881,77
1871,81
1533,65
1807,76
1915,81
1916,80
1680,74
1834,78
1701,73
1744,76
1921,78
1603,71
1900,81
1756,74
1780,80
1589,69
1925,81
1735,74
1676,73
1789,77
1634,72
1732,78
1727,70
1682,73
1677,68
1764,74
1804,76
1673,74
1920,83
1726,76
1758,75
1663,73
1771,75
1805,75
1686,73
1811,79
1752,75
1889,80
1923,84
1654,67
1766,75
1608,70
1663,70
1679,73
1572,70
1586,69
1745,74
1825,78
1835,80
1735,74
1700,74
1677,72
1689,73
1667,69
1620,70
1886,82
1685,72
1622,70
1837,76
1844,81
1556,68
1728,73
1910,79
1796,75
1808,77
1773,77
1757,74
1697,74
1721,75
1816,77
1658,70
1705,72
1800,77
1613,71
1850,78
1813,78
1724,73
1617,69
1844,82
1846,77
1765,78
1775,74
1649,72
1613,70
1874,77
1690,74
1512,68
1967,84
1602,69
1687,71
1547,70
1841,79
1818,77
1730,74
1638,70
1752,76
1630,70
1637,71
1838,76
1768,75
1530,69
1835,80
1913,82
1629,69
1851,80
1694,74
1718,72
1938,82
1546,67
1660,70
1671,71
1588,69
1758,77
1733,75
1773,75
1737,77
1724,73
1793,77
1753,76
1721,72
1654,72
1661,74
1692,73
1512,65
1975,84
1771,73
1620,68
1883,81
1826,78
1710,76
1648,70
1754,76
1714,74
1670,72
1769,76
1727,75
1798,75
1777,76
1953,83
1759,75
1586,70
1882,82
1749,74
1958,83
1647,73
1624,69
1790,75
1688,75
1829,78
1869,82
1640,72
1735,76
1846,80
1717,76
1724,75
1664,73
1539,66
1670,72
1603,70
1651,71
1819,76
1795,76
1902,81
1777,76
1625,73
1653,71
1649,73
1771,75
1867,78
1555,66
1567,68
1550,69
1816,78
1768,76
1720,70
1753,76
1643,70
1671,72
1689,73
1708,75
1810,76
1377,63
1625,69
1613,71
1969,81
1639,68
1519,64
1612,75
1836,78
1870,81
1826,78
1666,69
1648,70
1644,70
1858,82
1703,74
1667,73
1705,74
1688,72
1751,73
1799,79
1732,75
1762,74
1636,71
1677,75
1850,76
1694,74
1656,73
1725,76
1477,66
1735,73
1577,70
1739,77
1712,74
1873,81
1865,81
1975,81
1689,73
1528,68
1969,83
1721,74
1727,75
1853,77
1641,74
1709,74
1696,72
1495,65
1690,73
1663,71
1589,71
1967,84
1743,73
1805,76
1694,75
1714,74
1723,72
1606,70
1695,73
1607,68
1692,72
1697,74
1535,68
1786,79
1562,67
1850,77
1554,68
1625,69
1910,79
1936,82
1829,80
1674,72
1647,71
1770,75
1922,81
1625,69
1778,75
1890,80
1589,70
1872,80
1543,67
2003,83
1691,75
1833,79
1959,84
1652,74
1800,78
1710,73
1909,81
1589,67
1817,77
1598,66
1856,80
1594,73
1984,81
1680,71
1737,75
1798,75
1669,72
1651,73
1803,80
1533,69
1672,72
1756,74
1444,66
1770,76
1558,68
1608,70
1684,73
1714,74
1839,80
1630,69
1709,72
1638,71
1529,70
1848,78
1963,84
1740,76
1807,78
1579,71
1770,77
1670,72
1887,79
1795,76
1788,76
1827,78
1785,78
1911,81
1488,67
1771,79
1571,68
1819,76
1726,75
1843,78
1838,81
1775,74
1859,81
1858,79
1557,69
1644,72
1709,74
1967,83
1721,75
1760,73
1757,75
1677,72
1982,85
1783,75
1666,72
1624,68
1772,77
1873,79
1568,70
1574,71
1728,73
1685,74
1840,79
1709,74
1704,74
1681,73
1981,84
1644,73
1779,76
1836,80
1798,80
1901,82
1706,72
1756,74
1608,70
1724,74
1743,74
1800,75
1768,76
1704,74
1734,72
1627,71
1847,80
1782,76
1721,75
1832,81
1778,76
1658,72
1529,66
1883,80
1970,84
1776,75
1725,75
1876,80
1591,70
1697,73
1558,69
1770,75
1661,71
1635,72
1612,70
1684,74
1722,73
1722,73
1717,76
1697,70
1673,73
1631,73
1830,76
1974,84
1669,71
1796,74
1707,74
1800,78
1784,76
1862,80
1746,73
1672,71
1868,78
1818,80
1726,74
1913,81
1969,85
1785,76
1879,81
1854,78
2000,84
1861,78
1784,75
1580,72
1674,74
1761,75
1726,76
1715,74
1784,76
1638,70
1881,81
1550,68
1695,74
1819,77
1880,81
1756,77
1639,72
1377,62
1776,73
1520,66
1604,67
1861,79
1680,72
1889,76
1725,75
1767,79
1606,73
1716,73
1823,75
1610,71
1773,73
1511,69
1582,70
1803,78
1681,76
1794,77
1617,72
1830,80
1646,72
1865,80
1649,70
1716,71
1777,78
1754,74
1768,77
1838,74
1812,78
1641,70
1896,81
1938,82
1808,75
1778,74
1675,73
1605,70
1657,71
1687,71
1702,74
1970,84
1641,69
1893,80
1812,76
1724,75
2018,85
1871,76
1914,81
1868,80
1504,68
1573,71
1761,75
1718,72
1899,80
1869,77
1836,76
1679,76
1707,72
1567,67
1631,70
1614,71
1704,72
1809,79
1713,74
1549,70
1734,74
1419,64
1858,78
1939,80
1758,74
1763,74
1871,80
1704,74
1658,70
1833,79
1761,72
1540,67
1837,79
1572,70
1835,76
1941,82
1605,69
1872,80
1639,71
1647,73
1752,75
1820,78
1652,73
1663,73
1651,70
1791,75
1907,80
1677,72
1836,78
1729,75
1939,80
1826,80
1752,74
1731,76
1725,74
1819,79
1662,76
1658,70
1778,76
1810,77
1801,78
1761,79
1760,75
1659,69
1733,73
1748,74
1810,80
1598,68
1734,72
1978,85
1687,72
1557,66
1765,75
1799,75
1684,70
1622,71
1650,72
1619,72
1907,79
1733,74
1641,70
1762,73
1594,70
1646,73
1770,76
1722,74
1906,80
1594,70
1723,75
1858,78
1669,75
1510,66
1572,69
1818,80
1719,72
1895,78
1766,77
1840,78
1772,75
1747,75
1799,74
1646,73
1869,78
1673,72
1555,69
1674,70
1630,69
1921,81
1645,68
1634,69
1730,75
1889,78
1592,69
1919,79
1771,74
1813,78
1779,75
1554,70
1718,73
1545,68
1533,70
1693,75
1629,69
1906,82
1757,75
1508,67
1855,78
1756,74
1584,70
1579,67
1717,75
1783,79
1684,74
1882,80
1981,83
1641,72
1607,70
1680,74
1739,74
1775,79
1808,77
1626,70
1837,80
1653,71
1592,71
1677,72
1710,72
1581,71
1689,70
1518,66
1740,76
1824,77
1610,70
1827,79
1698,75
1679,73
1907,81
1750,74
1724,75
1539,68
1939,84
1633,71
1655,75
1785,75
1602,71
1690,74
1768,78
1765,76
1793,77
1753,74
1616,70
1795,76
1673,71
2010,84
1642,69
1711,72
1709,74
1539,64
1837,80
1629,71
1693,69
1849,80
1630,73
1657,74
1714,72
1819,77
1741,76
1635,74
1554,66
1816,79
1867,78
1911,82
1798,78
1865,75
1707,75
1677,71
1680,70
1869,81
1832,79
1908,81
1637,72
1623,73
1712,73
1652,71
1801,74
1923,82
1886,79
1834,78
1801,76
1738,76
1775,74
1864,80
1950,82
1786,79
1759,77
1767,77
1600,69
1853,81
1837,77
1596,70
1829,77
1679,73
1931,80
1669,73
1801,78
1936,82
1659,72
1885,80
1651,69
1717,72
1695,72
1712,72
1537,68
1904,81
1634,72
1783,76
1825,80
1752,75
1589,70
1733,74
1890,78
1892,80
1990,83
1810,79
1838,77
1559,67
1681,74
1730,73
1813,78
1677,70
1688,70
1892,77
1961,83
1748,76
1907,77
1695,72
1686,74
1708,73
1744,72
1683,72
1811,78
1695,72
1607,70
1746,77
1965,83
1933,82
1790,78
1892,81
1777,76
1722,74
1763,78
1739,75
1712,77
1595,65
1710,74
1798,76
1792,78
1797,76
1664,70
1764,76
1565,65
1666,73
1561,70
1684,70
1617,68
1599,70
1785,76
1857,80
1751,77
1776,73
1672,71
1614,70
1964,83
1757,73
1558,68
1777,78
1771,78
1754,78
1695,75
1827,77
1776,77
1818,77
1774,76
1756,76
1744,76
1652,71
1728,72
1608,71
1620,73
1570,69
1696,75
1876,81
1648,71
1846,76
1713,76
1747,73
1989,85
1727,75
1560,69
1617,70
1897,82
1563,71
1918,82
1804,78
1834,75
1876,82
1753,76
1752,74
1615,73
1904,81
1565,71
1698,72
1886,79
1566,68
1831,78
1773,77
1800,73
1827,77
1832,79
1842,79
1826,79
1728,75
1811,76
1677,70
1946,83
1873,76
1542,68
1700,74
1758,78
1620,70
1735,75
1732,71
1740,76
1651,71
1722,73
1926,82
1725,78
1704,74
1714,74
1830,80
1773,76
1897,80
1524,66
1679,74
1750,78
1707,74
1834,79
1928,83
1813,80
1917,81
1754,73
1543,67
1705,75
1872,79
1801,77
1927,82
1443,64
1659,72
1738,73
1784,75
1690,75
1933,81
1582,70
1644,71
1780,77
1929,83
1781,73
1639,70
1926,78
1912,81
1799,74
1974,83
1622,72
1968,83
1618,70
1707,71
1929,82
1755,75
1698,72
1884,80
1647,67
1901,81
1878,78
1666,74
1774,74
1569,67
1786,79
1751,74
1794,79
1709,71
1692,72
1739,75
1865,80
1938,84
1777,74
1722,74
1721,75
1697,73
1640,73
1851,79
1912,83
1869,76
1879,81
1611,71
1610,73
1699,73
1623,71
1676,73
2024,86
1885,81
1623,72
1796,76
1782,76
1817,75
1739,73
1674,73
1832,77
1819,78
1748,77
1545,66
1726,74
1723,73
1847,76
1756,76
1666,72
1649,74
1699,72
1768,75
1618,70
1848,77
1717,72
1811,77
1937,81
1804,75
1806,77
1658,72
1881,82
1662,69
1942,84
1851,78
1790,77
1747,74
1720,77
1719,73
1820,78
1561,67
1840,77
1602,71
1570,69
1558,68
1866,80
1618,70
1651,72
1884,78
1648,72
1898,80
1875,83
1660,74
1682,73
1737,77
1792,76
1868,81
1918,81
1739,74
1767,73
1658,69
1716,72
1834,78
1627,68
1741,74
1827,78
1750,76
1543,70
1679,74
1858,78
1627,69
1753,72
1672,71
1701,71
1792,73
1717,74
1547,66
1840,77
1689,72
1808,77
1754,77
1713,74
1514,69
1699,73
1868,76
1499,68
1787,75
1802,78
1737,73
1854,81
1683,71
1792,73
1830,78
1899,80
1810,77
1712,76
1641,72
1804,76
2009,84
1830,76
1635,71
1759,73
1469,65
1747,73
1784,77
1734,78
1676,73
1830,78
1605,68
1770,75
1761,76
1886,81
1685,71
1437,64
1562,68
1754,79
1875,81
1752,75
1702,73
1727,77
2018,86
1977,85
1689,74
1831,79
1839,79
1978,82
1802,74
1823,79
1757,74
1735,75
1708,73
1762,75
1713,72
1988,84
1766,76
1777,77
1755,74
1595,70
1851,77
1733,72
1788,77
1595,71
1859,78
1990,85
1603,70
1688,74
1859,81
1757,76
1948,82
1631,72
1878,79
1474,67
1642,69
2015,86
1662,70
1743,74
1747,74
1680,71
1917,80
1832,78
1729,75
1907,82
1718,70
1812,76
1761,74
1927,79
1780,77
1817,78
1764,75
1717,75
1652,74
1767,76
1639,69
1834,80
1531,65
1870,80
1711,72
1641,71
1771,77
1611,71
1738,75
1780,78
1702,73
1586,70
1926,83
1906,82
1569,67
1706,75
1561,68
1737,77
1738,74
1797,76
1649,72
1949,83
1752,75
1849,77
1725,75
1711,75
1740,76
1587,69
1876,80
1777,77
1640,70
1688,74
1651,70
1654,70
1829,78
1628,70
1711,73
1762,73
1880,81
1871,77
1729,74
1880,81
1872,77
1957,81
1908,83
1731,72
1846,81
1753,73
1805,78
1671,74
1677,71
1840,80
1773,75
1653,70
1782,75
1591,71
1890,82
1705,76
1959,82
1931,83
1867,79
1612,67
1905,80
1727,73
1722,75
1753,73
1796,73
1842,77
1854,79
1746,75
1714,73
1805,76
1907,82
1860,80
1809,76
1843,77
1653,71
1793,78
1870,79
1894,81
1724,74
1600,69
1736,75
1604,71
1692,73
1863,77
1745,74
1918,82
1735,73
1688,74
1854,79
1775,78
1799,79
1633,71
1736,74
1696,70
1804,77
1701,71
1810,77
1800,76
1736,74
1659,72
1738,78
1860,80
1868,82
1833,78
1697,71
1760,74
1789,77
1729,76
1621,71
1692,73
1648,68
1544,66
1653,70
1699,72
1641,68
1655,71
1820,77
1872,81
1660,73
1758,76
1969,82
1739,75
1933,84
1642,74
1879,80
1705,72
1823,80
1692,74
1706,73
1735,73
1730,75
1605,72
1787,77
1707,71
1704,73
1652,75
1796,78
1638,71
2029,86
1624,71
1614,70
1931,82
1658,74
1737,77
1726,75
1615,72
1902,82
1793,78
1473,69
1820,78
1673,71
1841,76
1526,66
1714,73
1454,65
1649,71
1898,82
1774,75
1674,71
1551,68
1761,77
1551,68
1746,77
1638,72
1718,75
1834,78
1641,70
2026,85
1711,75
2039,86
1762,76
1538,70
1758,76
1652,68
1725,73
1558,68
1568,68
1958,82
1590,69
1857,79
1802,76
1729,72
1780,76
1694,72
1601,71
1571,68
1950,83
1894,80
1654,69
1777,75
1775,79
1603,69
1820,77
1706,73
1812,80
1973,82
1765,77
1855,79
1864,80
1780,77
1759,76
1850,79
1746,76
1814,76
1878,78
1665,71
1851,78
1899,77
1572,68
1632,69
1725,74
1600,70
1808,77
1713,75
1882,79
1774,79
1577,69
1725,75
1952,83
1823,80
1815,77
1740,74
1917,81
1703,72
1869,77
1771,75
1646,73
1803,78
1964,85
1800,78
1667,70
1631,69
1616,73
1846,79
1772,76
1562,68
1435,66
1817,77
1773,79
1728,76
1588,68
1630,72
1894,83
1724,76
1637,69
1958,83
1678,71
1583,70
1608,70
1598,70
1523,66