1439,62
1520,64
1494,63
1476,60
1516,64
1568,67
1383,60
1269,60
1540,67
1430,61
1385,61
1431,64
1709,72
1615,72
1512,68
1540,69
1458,69
1475,67
1484,67
1606,70
1506,69
1523,67
1588,72
1385,64
1723,73
1455,67
1560,66
1702,74
1775,78
1460,68
1653,73
1532,69
1665,75
1670,74
1683,73
1716,76
1700,74
1531,72
1748,75
1510,68
1567,70
1577,69
1371,63
1637,72
1619,70
1575,71
1661,75
1561,69
1496,70
1537,70
1602,69
1675,75
1600,72
1668,73
1433,67
1585,70
1687,75
1565,69
1423,66
1534,69
1419,65
1820,79
1645,71
1535,68
1598,69
1561,71
1590,69
1461,67
1553,71
1514,65
1717,77
1537,68
1537,69
1504,68
1659,72
1657,72
1598,72
1417,65
1696,73
1804,77
1503,70
1664,73
1504,67
1813,79
1544,69
1531,66
1682,73
1397,64
1761,74
1627,71
1554,69
1536,68
1562,71
1771,73
1610,73
1487,69
1793,77
1575,70
1450,64
1695,73
1574,71
1552,68
1590,70
1618,72
1666,72
1519,69
1637,73
1586,70
1505,70
1386,64
1557,70
1541,71
1572,71
1532,71
1619,71
1491,69
1651,72
1674,72
1597,71
1538,69
1782,77
1797,77
1430,66
1657,73
1819,79
1510,69
1654,74
1502,68
1733,75
1497,67
1477,70
1636,70
1724,75
1738,76
1385,63
1619,73
1757,76
1473,67
1462,67
1614,72
1572,69
1632,72
1578,71
1520,68
1470,67
1475,68
1607,74
1624,72
1594,70
1680,76
1626,72
1544,73
1761,76
1632,73
1518,67
1587,71
1560,72
1652,71
1679,73
1626,73
1706,75
1545,68
1591,73
1586,72
1662,73
1500,68
1701,74
1473,68
1588,70
1576,71
1686,72
1740,75
1637,72
1591,70
1590,71
1546,69
1724,74
1790,79
1468,71
1528,69
1763,79
1677,77
1766,78
1673,75
1806,78
1711,76
1676,75
1568,70
1570,72
1519,71
1582,73
1667,76
1777,79
1700,74
1761,78
1636,77
1791,81
1562,72
1660,77
1534,73
1674,76
1703,81
1664,78
1508,71
1628,75
1569,74
1786,78
1559,74
1457,70
1764,79
1599,75
1696,78
1453,69
1680,79
1595,76
1647,78
1720,77
1563,72
1659,77
1570,71
1532,68
1788,81
1720,78
1539,73
1787,78
1604,73
1654,73
1653,77
1564,72
1707,76
1513,71
1649,76
1610,75
1735,80
1694,78
1473,72
1590,75
1646,80
1752,79
1632,74
1825,82
1589,74
1713,76
1610,75
1678,77
1545,73
1821,81
1581,76
1694,77
1739,79
1496,72
1672,77
1584,77
1553,74
1706,76
1585,73
1556,74
1683,77
1696,78
1611,77
1516,71
1603,74
1541,74
1551,71
1687,78
1662,77
1624,76
1651,76
1525,71
1717,75
1818,80
1624,76
1586,76
1535,72
1743,79
1381,68
1566,74
1717,76
1545,71
1627,75
1544,74
1483,71
1732,79
1743,78
1626,76
1485,73
1749,77
1710,76
1838,81
1726,79
1774,78
1658,79
1434,71
1815,82
1795,81
1597,75
1425,69
1761,78
1656,75
1624,75
1586,73
1703,78
1673,79
1629,75
1590,76
1624,76
1786,81
1616,76
1555,74
1615,75
1609,76
1713,77
1640,76
1442,69
1832,80
1660,75
1865,83
1614,76
1482,72
1745,80
1671,77
1569,75
1674,76
1775,78
1600,74
1633,76
1677,78
1686,75
1840,82
1651,77
1661,75
1519,72
1667,75
1778,78
1645,75
1793,81
1700,76
1749,78
1690,77
1720,79
1707,78
1510,73
1671,77
1775,81
1754,80
1631,76
1589,75
1546,73
1707,78
1621,75
1560,73
1772,79
1414,66
1570,75
1701,77
1664,76
1432,72
1661,77
1696,77
1653,76
1604,76
1550,73
1538,73
1684,75
1735,77
1747,79
1658,76
1573,75
1514,73
1565,76
1728,77
1574,74
1546,72
1436,69
1579,74
1627,74
1673,76
1593,74
1644,76
1632,76
1535,73
1534,72
1540,72
1685,78
1706,78
1650,78
1554,73
1755,80
1574,73
1571,71
1570,73
1626,75
1452,69
1634,76
1698,74
1550,74
1693,79
1733,79
1758,80
1469,70
1742,78
1673,77
1771,80
1653,74
1339,66
1614,75
1543,71
1626,76
1595,77
1568,73
1478,69
1652,76
1495,71
1576,72
1633,76
1576,75
1561,74
1518,74
1715,76
1604,74
1460,71
1792,81
1710,79
1528,73
1530,74
1646,75
1702,77
1573,73
1437,71
1645,76
1566,72
1899,82
1457,71
1751,79
1549,73
1557,72
1620,76
1515,70
1763,80
1535,74
1627,77
1594,75
1718,79
1782,81
1624,72
1561,74
1688,77
1623,76
1717,78
1681,76
1619,76
1515,74
1805,81
1584,72
1570,75
1755,80
1678,74
1520,71
1709,78
1687,75
1575,72
1620,76
1565,73
1680,79
1693,76
1506,72
1632,75
1766,80
1649,76
1508,69
1683,78
1583,72
1741,81
1534,73
1749,79
1524,73
1495,71
1598,75
1565,71
1607,76
1523,73
1589,75
1503,72
1541,73
1727,78
1829,82
1726,79
1802,80
1675,77
1648,74
1637,77
1737,75
1638,76
1519,72
1646,77
1739,79
1702,79
1578,76
1699,80
1656,79
1652,78
1628,75
1825,80
1664,75
1579,75
1572,70
1591,74
1640,75
1573,73
1584,72
1590,74
1746,78
1535,74
1789,80
1532,73
1671,78
1793,77
1660,77
1559,73
1605,74
1711,77
1751,80
1642,74
1757,78
1551,74
1825,81
1710,79
1577,75
1646,76
1723,78
1657,77
1492,71
1630,76
1709,77
1510,73
1566,75
1723,79
1531,73
1611,76
1639,76
1772,82
1632,75
1598,76
1604,73
1372,67
1595,77
1626,75
1533,73
1671,76
1701,76
1588,75
1605,74
1662,74
1529,73
1723,76
1676,76
1593,77
1680,78
1557,75
1537,72
1691,77
1757,77
1639,77
1592,73
1689,79
1625,77
1478,68
1570,75
1488,72
1548,73
1564,73
1509,71
1673,77
1704,78
1652,75
1680,75
1517,74
1754,77
1642,75
1501,71
1749,78
1634,76
1491,68
1822,80
1605,73
1663,77
1751,79
1569,73
1564,73
1582,73
1653,74
1641,75
1497,72
1626,77
1642,76
1708,78
1636,74
1672,78
1633,76
1592,74
1801,81
1681,79
1614,75
1635,76
1547,75
1500,71
1689,77
1566,72
1581,74
1695,78
1652,75
1594,73
1493,66
1522,73
1684,77
1618,76
1604,74
1694,75
1658,78
1417,67
1563,73
1686,77
1581,74
1898,82
1619,73
1615,73
1667,78
1579,72
1688,80
1593,76
1638,77
1576,71
1610,75
1680,77
1581,74
1545,74
1517,72
1622,75
1675,78
1775,81
1707,79
1654,74
1631,74
1695,78
1599,73
1591,74
1542,72
1598,75
1553,73
1610,75
1535,73
1761,78
1483,73
1650,76
1555,75
1486,71
1478,71
1742,79
1618,74
1647,73
1465,69
1617,76
1607,76
1573,74
1611,74
1588,73
1575,72
1606,74
1684,76
1500,72
1732,79
1626,77
1630,75
1639,76
1597,75
1781,78
1546,73
1605,74
1708,78
1762,80
1671,77
1578,75
1649,74
1783,80
1711,76
1643,77
1664,76
1536,75
1626,75
1667,76
1509,70
1482,70
1705,78
1622,73
1535,73
1814,81
1575,73
1562,75
1604,74
1563,74
1494,73
1708,78
1797,79
1488,71
1600,74
1588,76
1597,74
1541,72
1587,73
1614,76
1676,76
1619,74
1616,78
1605,76
1681,78
1497,73
1601,75
1778,81
1585,75
1577,73
1643,77
1523,74
1688,77
1750,77
1687,75
1547,74
1720,79
1494,70
1433,69
1617,74
1629,75
1564,73
1577,74
1622,77
1634,77
1604,74
1522,73
1661,76
1625,76
1504,71
1761,79
1585,75
1578,74
1461,72
1487,72
1472,71
1570,72
1497,69
1502,70
1601,75
1706,78
1646,78
1633,77
1570,74
1614,73
1518,73
1726,78
1446,70
1777,80
1650,76
1472,73
1652,77
1697,77
1701,78
1708,79
1569,74
1771,80
1577,74
1871,83
1496,70
1663,76
1578,74
1582,74
1574,71
1756,78
1561,74
1641,77
1680,77
1745,80
1654,77
1573,72
1598,74
1743,79
1627,75
1581,72
1728,77
1675,78
1631,77
1574,74
1545,72
1611,76
1611,75
1514,71
1807,82
1545,74
1598,77
1786,80
1622,75
1728,77
1756,79
1474,70
1625,75
1622,75
1804,80
1542,72
1608,76
1642,77
1743,80
1578,74
1508,71
1537,75
1661,75
1554,74
1653,76
1571,72
1510,73
1766,81
1639,78
1575,74
1604,72
1605,75
1746,80
1676,76
1746,80
1630,75
1505,71
1585,73
1673,76
1534,70
1597,76
1635,75
1598,76
1735,80
1318,66
1432,71
1694,77
1667,76
1536,75
1747,80
1693,78
1646,76
1672,75
1631,75
1602,75
1421,70
1606,77
1565,74
1625,77
1556,74
1622,75
1628,76
1616,77
1563,74
1472,70
1467,71
1523,72
1679,79
1512,72
1697,79
1570,71
1492,72
1465,71
1630,75
1679,77
1702,78
1691,79
1482,71
1645,75
1639,75
1666,75
1548,73
1761,80
1604,76
1607,76
1708,79
1533,72
1591,75
1582,74
1579,71
1725,77
1579,76
1717,79
1561,73
1532,73
1557,75
1624,77
1776,81
1605,75
1702,76
1476,69
1550,75
1677,76
1579,74
1733,79
1584,72
1496,71
1464,70
1714,79
1589,73
1732,80
1701,79
1610,75
1739,79
1503,72
1557,74
1644,78
1549,72
1531,73
1500,71
1580,76
1538,72
1571,76
1635,75
1531,72
1638,76
1516,72
1569,75
1647,77
1668,75
1549,72
1658,76
1709,76
1627,76
1522,74
1704,78
1453,72
1326,64
1495,71
1666,76
1559,74
1353,65
1586,75
1561,73
1677,78
1581,74
1578,73
1569,74
1577,76
1591,75
1481,71
1700,77
1546,73
1836,83
1602,73
1639,77
1713,80
1663,76
1771,79
1476,72
1499,70
1664,75
1645,74
1468,71
1617,75
1687,77
1721,78
1695,77
1599,75
1793,78
1534,72
1694,78
1730,78
1901,82
1726,78
1759,78
1667,76
1755,79
1594,73
1661,76
1729,78
1745,81
1647,76
1647,75
1692,77
1720,78
1836,81
1611,75
1755,79
1663,73
1571,74
1441,69
1613,72
1781,80
1625,76
1626,77
1704,76
1676,74
1752,78
1484,69
1749,79
1782,80
1593,74
1732,77
1753,79
1535,73
1475,70
1725,77
1766,78
1768,79
1658,76
1640,76
1637,76
1757,79
1634,75
1693,78
1659,75
1707,78
1792,80
1666,78
1699,79
1734,77
1740,78
1634,75
1707,80
1790,81
1731,79
1734,80
1564,71
1809,80
1607,75
1598,74
1597,72
1653,76
1617,76
1767,80
1717,77
1401,68
1852,82
1638,76
1518,69
1485,70
1736,80
1636,73
1588,75
1568,75
1548,70
1729,80
1606,75
1638,75
1544,73
1683,76
1810,81
1525,73
1676,75
1761,79
1678,77
1696,77
1560,71
1612,74
1658,78
1621,75
1676,77
1734,79
1557,73
1493,72
1755,79
1681,75
1631,76
1728,77
1734,80
1566,73
1502,71
1647,75
1656,77
1696,77
1600,77
1574,72
1724,78
1680,77
1649,76
1639,73
1609,72
1700,78
1538,72
1616,77
1506,70
1769,79
1764,79
1823,82
1601,76
1563,73
1771,79
1603,76
1720,76
1754,80
1621,75
1580,75
1732,78
1631,75
1454,70
1685,76
1606,76
1583,73
1700,80
1799,81
1612,73
1664,77
1661,76
1593,74
1773,80
1751,81
1550,74
1759,79
1692,76
1513,70
1667,76
1482,70
1577,73
1718,78
1582,75
1651,76
1843,83
1779,78
1722,80
1660,77
1604,75
1595,75
1567,72
1671,77
1610,75
1700,77
1475,69
1727,78
1560,74
1811,81
1451,69
1569,74
1773,80
1748,80
1613,74
1634,76
1607,74
1741,79
1587,72
1712,79
1530,72
1578,72
1772,80
1620,75
1522,71
1624,76
1721,79
1643,74
1689,78
1772,81
1763,78
1609,75
1625,72
1577,72
1747,79
1710,79
1452,67
1683,77
1737,80
1591,72
1491,70
1723,78
1768,79
1685,76
1682,78
1612,74
1651,75
1498,72
1703,77
1541,74
1589,74
1784,82
1380,67
1509,72
1610,75
1616,73
1678,77
1618,76
1429,71
1692,79
1575,76
1584,73
1690,78
1487,70
1537,70
1494,69
1815,80
1718,77
1563,74
1679,77
1832,81
1697,77
1633,76
1731,80
1749,80
1688,79
1809,81
1703,77
1712,76
1591,74
1596,76
1823,81
1661,77
1511,70
1481,70
1673,76
1612,75
1738,80
1672,77
1670,76
1658,77
1711,78
1732,80
1723,78
1692,76
1459,69
1583,74
1651,76
1616,74
1883,81
1724,77
1719,78
1608,74
1575,76
1580,74
1724,78
1540,73
1546,71
1556,74
1648,76
1640,77
1657,75
1700,78
1698,76
1547,71
1758,80
1560,74
1573,75
1830,81
1673,79
1684,77
1734,80
1666,77
1725,77
1643,76
1588,73
1542,71
1526,72
1715,78
1655,76
1823,83
1666,78
1536,73
1737,78
1613,76
1524,72
1736,78
1724,77
1653,71
1627,76
1560,72
1734,82
1616,77
1615,75
1710,78
1725,78
1839,82
1704,80
1660,76
1700,76
1686,78
1618,75
1813,79
1703,76
1588,75
1726,78
1613,76
1832,82
1636,75
1768,80
1641,77
1622,78
1708,79
1548,72
1620,75
1524,69
1685,76
1635,74
1643,74
1647,77
1743,79
1764,79
1689,78
1586,73
1650,74
1709,78
1702,77
1530,72
1568,76
1717,77
1638,74
1522,71
1783,78
1638,75
1790,79
1619,75
1656,76
1709,79
1784,80
1772,81
1603,74
1809,82
1636,76
1625,74
1587,76
1662,76
1656,78
1652,75
1599,75
1676,77
1513,74
1796,79
1536,72
1708,78
1636,75
1756,79
1640,73
1569,75
1573,71
1735,79
1767,78
1808,80
1835,82
1794,80
1655,78
1658,73
1841,81
1597,72
1683,76
1589,74
1635,76
1536,73
1713,78
1666,77
1784,81
1659,75
1562,73
1664,78
1688,75
1656,78
1591,76
1605,71
1707,76
1764,81
1696,79
1517,72
1717,77
1761,79
1595,73
1581,72
1558,73
1582,72
1697,78
1694,79
1852,82
1681,78
1585,74
1758,81
1743,80
1718,78
1736,78
1697,78
1689,75
1503,69
1629,76
1604,72
1444,70
1658,77
1598,74
1683,77
1694,77
1624,73
1770,76
1573,73
1807,80
1594,73
1757,78
1658,78
1669,76
1869,83
1671,76
1820,82
1760,80
1664,77
1778,81
1837,81
1702,77
1684,74
1722,77
1578,73
1468,69
1665,78
1880,83
1665,75
1703,75
1700,78
1559,74
1597,73
1778,80
1691,76
1456,65
1677,76
1851,80
1801,80
1690,75
1674,77
1629,76
1636,75
1794,82
1747,79
1646,76
1637,76
1659,76
1567,72
1536,73
1533,72
1823,83
1534,75
1518,73
1778,80
1691,78
1860,84
1627,74
1716,79
1815,83
1477,71
1692,76
1693,79
1494,72
1729,78
1689,80
1578,75
1586,74
1686,76
1796,81
1841,83
1721,80
1762,81
1532,73
1711,80
1634,76
1752,79
1646,75
1559,75
1774,82
1562,76
1737,79
1791,82
1620,78
1741,78
1612,74
1615,77
1593,76
1698,78
1699,78
1549,75
1727,79
1601,75
1442,72
1622,75
1762,80
1636,77
1654,75
1760,81
1751,81
1839,81
1887,83
1836,81
1530,72
1557,75
1765,81
1622,75
1591,76
1799,82
1842,83
1615,78
1622,77
1792,81
1539,72
1637,78
1665,79
1790,80
1571,74
1493,73
1683,79
1685,78
1860,82
1542,74
1534,70
1507,73
1545,70
1674,77
1688,76
1753,82
1693,78
1734,80
1604,75
1751,79
1718,79
1559,75
1634,78
1675,77
1653,77
1630,77
1573,72
1736,78
1811,82
1720,79
1808,80
1700,78
1649,76
1699,78
1538,76
1645,79
1689,79
1660,76
1611,76
1776,80
1624,77
1813,81
1578,75
1732,80
1851,84
1672,77
1404,70
1573,72
1529,74
1607,76
1856,82
1707,77
1709,80
1692,79
1718,78
1658,75
1716,77
1506,70
1792,81
1762,81
1602,76
1584,77
1466,71
1653,78
1858,83
1702,78
1654,77
1798,83
1552,73
1531,71
1546,73
1577,73
1749,79
1633,74
1821,82
1574,74
1761,80
1649,76
1631,77
1628,78
1521,72
1703,78
1574,76
1655,76
1710,79
1851,84
1599,76
1516,72
1780,79
1657,76
1520,74
1642,76
1670,77
1596,73
1448,69
1743,78
1662,75
1628,76
1782,80
1760,79
1675,77
1792,81
1686,78
1563,74
1763,80
1604,77
1580,77
1685,78
1763,79
1683,79
1530,74
1687,77
1654,78
1575,75
1743,80
1705,79
1711,79
1783,81
1580,76
1666,77
1562,74
1736,80
1704,81
1589,74
1584,75
1571,76
1609,75
1634,73
1698,79
1815,80
1638,75
1614,74
1458,69
1654,79
1565,73
1655,76
1771,80
1534,74
1634,76
1810,82
1727,81
1804,82
1648,74
1806,83
1507,73
1838,80
1648,76
1606,74
1662,77
1699,81
1628,73
1548,74
1592,74
1765,82
1799,82
1780,81
1650,76
1563,74
1814,82
1824,81
1717,80
1696,80
1754,81
1573,74
1811,82
1643,78
1742,78
1651,77
1591,73
1688,76
1590,76
1487,71
1735,80
1647,76
1885,84
1510,72
1748,80
1623,76
1654,76
1677,77
1630,76
1722,78
1667,77
1555,72
1650,76
1666,77
1547,73
1658,77
1761,78
1600,75
1718,81
1762,80
1663,77
1597,75
1539,73
1732,80
1636,77
1811,82
1792,81
1452,71
1728,79
1730,78
1681,74
1540,73
1764,79
1536,75
1681,78
1691,80
1650,77
1475,71
1691,77
1572,74
1677,78
1600,76
1593,74
1723,77
1423,68
1625,77
1670,77
1541,73
1527,74
1587,73
1705,80
1598,73
1733,79
1444,72
1799,81
1630,77
1706,78
1721,80
1625,73
1404,71
1817,80
1414,69
1554,74
1688,79
1686,77
1737,80
1575,76
1603,76
1636,75
1577,74
1695,79
1659,80
1653,76
1843,82
1791,82
1544,74
1671,78
1651,77
1687,79
1685,79
1722,79
1673,78
1564,73
1712,79
1656,78
1589,76
1543,73
1628,75
1527,72
1652,77
1598,77
1536,72
1620,74
1630,77
1710,80
1592,72
1648,77
1821,83
1557,72
1478,71
1680,78
1654,76
1694,78
1632,73
1536,73
1719,79
1623,76
1759,80
1590,73
1709,78
1699,79
1779,81
1596,74
1531,75
1708,80
1692,79
1678,78
1525,73
1642,77
1627,74
1756,79
1720,80
1734,81
1749,81
1613,74
1645,77
1692,76
1717,77
1842,84
1702,77
1650,76
1777,82
1596,75
1583,74
1541,75
1622,75
1559,72
1592,73
1467,72
1687,77
1585,74
1698,75
1441,70
1858,83
1498,75
1675,78
1707,78
1590,75
1816,81
1662,77
1784,81
1541,72
1692,79
1585,76
1729,79
1651,78
1493,73
1465,72
1541,74
1661,76
1572,73
1664,77
1632,76
1574,75
1819,81
1682,78
1665,77
1880,83
1609,76
1403,69
1801,83
1623,75
1529,71
1783,79
1736,80
1581,74
1759,77
1544,73
1709,78
1583,75
1667,78
1554,74
1740,80
1517,75
1618,77
1763,82
1589,77
1575,76
1637,75
1790,81
1565,74
1514,73
1520,73
1493,71
1539,71
1805,83
1458,71
1591,77
1607,77
1733,79
1640,76
1596,75
1727,79
1663,77
1558,75
1551,75
1801,83
1726,79
1714,80
1655,75
1712,80
1579,76
1786,83
1636,79
1780,81
1750,79
1661,77
1458,70
1741,81
1576,76
1485,72
1615,75
1538,75
1607,76
1747,80
1567,74
1791,81
1634,78
1666,79
1688,80
1610,75
1768,80
1661,78
1685,77
1519,71
1551,76
1695,78
1597,75
1550,73
1643,75
1655,74
1713,76
1682,78
1453,69
1734,77
1583,75
1572,75
1561,74
1687,74
1682,80
1598,76
1698,79
1663,76
1633,76
1695,78
1540,74
1567,72
1652,75
1655,76
1629,75
1501,74
1645,78
1447,70
1541,74
1748,78
1707,77
1604,76
1590,77
1590,73
1602,74
1584,73
1785,82
1746,80
1597,74
1825,83
1874,83
1727,81
1637,78
1655,77
1619,75
1671,78
1779,82
1539,74
1649,75
1700,78
1663,77
1697,78
1905,83
1558,74
1640,77
1508,72
1635,74
1713,79
1654,76
1668,77
1678,76
1857,83
1710,80
1827,84
1681,78
1569,72
1728,81
1583,75
1714,81
1538,74
1610,77
1524,73
1599,77
1759,81
1553,72
1742,80
1567,75
1700,77
1624,77
1685,78
1805,83
1534,73
1663,79
1627,74
1546,73
1586,75
1656,77
1591,76
1664,78
1641,77
1708,79
1734,81
1768,82
1479,71
1750,81
1575,75
1599,75
1686,80
1622,78
1605,78
1769,81
1649,77
1696,78
1637,77
1808,82
1560,74
1692,78
1690,79
1605,78
1660,75
1548,74
1740,77
1784,79
1537,73
1719,79
1696,79
1494,72
1610,76
1689,79
1623,75
1701,80
1588,75
1569,75
1773,80
1736,80
1757,80
1636,75
1673,77
1632,76
1654,77
1678,78
1714,77
1671,79
1714,80
1789,82
1820,83
1612,76
1632,74
1532,72
1625,75
1679,79
1630,75
1747,80
1706,80
1538,72
1662,76
1615,76
1630,77
1717,79
1657,78
1635,77
1349,68
1735,80
1583,72
1551,73
1706,79
1639,77
1691,76
1728,80
1583,73
1651,74
1584,76
1630,76
1565,75
1698,77
1648,79
1637,75
1735,79
1638,76
1738,80
1677,78
1801,83
1673,79
1771,80
1704,78
1699,79
1593,74
1635,77
1647,77
1654,77
1650,76
1660,77
1524,72
1675,79
1739,79
1567,75
1729,80
1544,73
1619,78
1734,80
1648,76
1644,77
1521,72
1433,69
1708,77
1562,75
1878,84
1638,77
1439,73
1701,79
1703,79
1560,75
1704,80
1739,79
1737,79
1554,72
1763,82
1570,75
1585,74
1732,79
1799,77
1607,73
1605,75
1725,78
1570,76
1645,78
1627,76
1581,72
1635,76
1726,82
1628,75
1673,77
1584,75
1585,74
1679,78
1732,78
1703,77
1688,77
1535,72
1564,75
1533,75
1495,71
1723,78
1633,76
1665,78
1671,77
1772,81
1641,76
1532,75
1685,79
1397,69
1671,76
1597,76
1507,73
1499,73
1669,76
1576,75
1532,73
1701,80
1569,75
1579,74
1520,75
1605,77
1675,80
1588,74
1702,79
1639,76
1712,78
1632,76
1635,75
1605,72
1688,77
1765,80
1681,79
1675,78
1726,79
1705,78
1698,79
1530,75
1689,78
1705,80
1528,75
1760,82
1589,77
1661,78
1619,76
1616,78
1608,75
1564,74
1569,77
1622,75
1664,78
1632,76
1485,72
1666,78
1714,79
1553,73
1670,77
1670,78
1738,81
1496,71
1735,81
1596,75
1692,77
1672,78
1646,79
1409,68
1588,74
1625,78
1732,80
1501,70
1610,77
1549,73
1687,78
1743,81
1641,77
1766,79
1723,79
1706,78
1630,75
1566,74
1622,76
1707,76
1640,78
1634,77
1653,77
1803,82
1545,74
1616,78
1637,76
1676,79
1635,76
1671,78
1654,76
1631,78
1771,81
1743,81
1659,78
1709,79
1495,73
1583,74
1651,77
1691,78
1688,79
1566,75
1758,80
1603,74
1661,78
1615,77
1652,77
1598,75
1610,73
1760,79
1704,81
1593,75
1648,77
1687,78
1695,78
1548,73
1480,72
1515,73
1503,70
1735,79
1670,75
1703,79
1758,78
1693,78
1596,76
1516,74
1609,74
1769,82
1731,80
1634,77
1708,79
1451,68
1676,77
1729,77
1702,79
1595,75
1698,79
1628,76
1540,75
1591,76
1399,71
1689,76
1589,75
1699,79
1519,74
1792,82
1520,72
1701,79
1684,79
1524,71
1588,74
1673,79
1650,78
1628,76
1650,78
1663,77
1504,71
1680,77
1572,73
1723,78
1657,79
1649,77
1641,76
1686,79
1782,82
1785,81
1576,73
1697,76
1806,81
1672,77
1531,75
1774,82
1711,79
1663,76
1609,75
1745,77
1659,77
1572,71
1727,80
1684,80
1536,74
1735,80
1661,76
1611,74
1717,78
1626,76
1705,78
1493,71
1594,75
1583,74
1616,76
1706,79
1603,77
1530,75
1628,77
1563,76
1706,79
1551,73
1753,81
1518,73
1604,76
1699,78
1810,83
1549,75
1683,78
1618,76
1627,75
1604,76
1573,76
1599,75
1525,75
1743,80
1644,76
1666,77
1485,71
1521,70
1794,78
1667,77
1528,74
1643,77
1610,76
1736,79
1631,77
1714,79
1660,79
1586,74
1713,77
1691,79
1852,83
1776,80
1599,73
1575,75
1645,78
1543,76
1771,82
1638,76
1789,80
1584,75
1634,77
1802,81
1552,75
1670,77
1533,72
1717,78
1507,74
1605,75
1603,76
1624,76
1695,80
1738,78
1559,74
1718,80
1478,73
1660,76
1692,78
1604,77
1677,76
1741,79
1612,77
1624,78
1662,77
1590,75
1596,77
1652,78
1601,75
1724,78
1653,78
1656,75
1514,73
1685,78
1592,75
1632,73
1511,72
1644,77
1585,74
1713,79
1566,75
1639,76
1704,78
1588,73
1683,78
1560,73
1708,78
1700,78
1661,77
1667,77
1684,78
1634,77
1735,77
1671,80
1804,83
1837,82
1872,83
1605,77
1561,73
1605,75
1694,77
1705,80
1521,73
1644,79
1785,81
1579,75
1734,82
1582,75
1565,75
1703,78
1666,77
1701,78
1561,72
1528,74
1750,82
1637,74
1604,75
1636,78
1667,76
1619,76
1571,73
1660,79
1726,78
1785,79
1582,73
1550,75
1638,76
1649,78
1685,79
1645,75
1540,73
1508,72
1606,77
1683,75
1557,75
1712,79
1615,75
1559,72
1481,71
1554,74
1567,76
1562,74
1573,74
1496,74
1558,75
1711,79
1722,79
1671,76
1594,76
1669,78
1523,74
1688,77
1724,79
1654,77
1495,69
1499,73
1660,77
1588,75
1794,80
1574,74
1576,74
1672,78
1725,79
1608,74
1677,79
1574,75
1628,78
1704,80
1781,82
1663,79
1546,71
1649,76
1691,79
1671,76
1615,75
1752,81
1658,78
1719,81
1780,80
1706,77
1699,78
1810,82
1561,74
1567,75
1513,70
1634,76
1540,75
1578,75
1540,76
1640,75
1592,76
1726,79
1558,75
1649,76
1587,74
1689,76
1627,76
1521,74
1689,76
1578,75
1602,76
1747,80
1659,79
1687,76
1738,80
1770,79
1680,78
1552,74
1659,75
1784,81
1463,72
1565,74
1698,79
1827,84
1681,78
1662,76
1679,77
1604,73
1697,78
1398,68
1774,81
1643,78
1815,82
1703,80
1735,80
1623,76
1658,75
1620,75
1483,72
1600,75
1673,79
1733,78
1505,72
1645,75
1589,74
1567,75
1619,74
1722,79
1610,74
1662,77
1559,74
1545,74
1728,79
1634,78
1660,79
1620,78
1699,79
1627,76
1648,77
1686,78
1662,77
1744,81
1486,71
1562,73
1624,74
1782,83
1682,77
1648,79
1633,76
1506,73
1612,77
1681,77
1525,72
1685,80
1745,80
1753,80
1582,74
1538,75
1607,75
1768,81
1635,75
1724,78
1639,78
1686,77
1694,80
1660,78
1596,76
1593,76
1625,77
1623,76
1557,74
1698,77
1536,75
1554,75
1630,77
1623,73
1722,79
1674,76
1662,78
1723,78
1686,78
1747,79
1647,77
1662,76
1536,75
1660,78
1591,76
1569,73
1694,78
1592,77
1589,76
1491,70
1623,78
1534,73
1686,79
1697,78
1723,78
1715,79
1685,79
1514,72
1708,79
1436,71
1485,72
1584,75
1726,78
1534,72
1749,77
1757,78
1550,74
1516,71
1771,81
1676,75
1711,80
1722,80
1665,76
1728,77
1689,77
1671,75
1650,74
1459,71
1689,78
1694,81
1645,77
1633,78
1635,76
1596,76
1482,72
1602,75
1620,74
1550,73
1479,71
1634,77
1773,82
1687,76
1737,81
1637,72
1854,81
1531,73
1372,68
1765,80
1649,77
1683,77
1540,74
1751,76
1478,71
1555,73
1586,76
1649,76
1548,74
1670,79
1524,74
1427,71
1720,77
1657,77
1624,76
1605,73
1658,78
1715,76
1666,77
1632,79
1631,78
1610,76
1624,75
1569,75
1719,80
1815,82
1759,81
1686,79
1637,78
1500,72
1729,77
1805,82
1618,76
1603,75
1687,78
1663,78
1562,73
1769,81
1753,79
1605,75
1743,79
1557,74
1621,78
1527,74
1752,78
1611,76
1519,75
1732,77
1619,77
1785,81
1760,82
1690,76
1384,70
1718,80
1600,76
1587,76
1640,77
1538,72
1788,81
1590,75
1632,72
1623,76
1578,73
1484,70
1638,78
1551,73
1833,84
1591,75
1720,80
1444,71
1591,76
1617,76
1431,70
1661,77
1405,69
1668,78
1583,76
1664,73
1655,78
1681,78
1573,72
1382,69
1637,76
1436,70
1679,78
1650,74
1493,73
1578,71
1595,75
1727,80
1568,73
1621,75
1562,72
1724,81
1700,78
1641,77
1743,79
1514,73
1673,79
1622,77
1621,74
1826,82
1647,76
1700,81
1657,78
1567,71
1598,76
1509,73
1650,78
1642,75
1447,68
1539,75
1494,72
1737,78
1561,74
1706,80
1722,79
1639,73
1690,76
1698,75
1721,80
1537,74
1715,79
1668,79
1734,79
1596,75
1638,74
1687,78
1699,79
1733,79
1620,76
1549,73
1630,75
1581,76
1592,76
1532,74
1650,77
1618,74
1823,83
1515,72
1650,78
1631,77
1593,73
1537,74
1630,78
1707,79
1787,80
1682,78
1515,74
1674,77
1673,77
1732,79
1564,74
1647,77
1527,72
1595,75
1728,79
1681,78
1641,77
1697,79
1668,76
1636,76
1670,77
1657,79
1488,73
1622,75
1786,80
1574,72
1545,74
1605,75
1805,83
1679,78
1556,75
1611,77
1479,73
1649,78
1739,78
1401,68
1631,76
1615,73
1695,78
1476,72
1479,70
1714,78
1581,74
1623,76
1741,81
1650,76
1663,75
1581,75
1695,80
1664,76
1620,77
1491,73
1640,77
1533,75
1570,76
1667,77
1512,74
1602,75
1553,76
1629,77
1637,78
1626,74
1574,76
1667,77
1502,71
1636,76
1626,76
1731,78
1629,77
1800,82
1515,76
1772,81
1620,77
1481,70
1753,81
1769,80
1638,77
1605,76
1552,74
1546,73
1639,78
1563,75
1595,75
1653,75
1613,74
1764,82
1705,79
1587,77
1706,77
1631,76
1710,78
1680,77
1665,77
1454,70
1776,81
1677,75
1712,81
1655,77
1605,73
1668,77
1684,77
1667,78
1746,80
1493,70
1615,76
1688,78
1656,79
1455,69
1586,75
1644,75
1739,80
1709,80
1650,78
1737,82
1642,76
1488,72
1658,78
1366,68
1612,75
1716,80
1589,76
1599,75
1757,78
1542,73
1699,79
1660,77
1691,79
1606,74
1739,81
1563,74
1610,74
1538,75
1491,74
1571,75
1565,73
1777,82
1694,78
1631,77
1739,80
1687,77
1568,73
1532,74
1610,75
1690,77
1684,76
1501,71
1759,79
1562,74
1599,77
1699,79
1644,78
1664,79
1752,78
1729,79
1639,78
1604,74
1650,79
1627,77
1719,78
1724,81
1762,82
1706,78
1677,80
1624,77
1688,77
1703,77
1710,77
1679,79
1598,74
1597,76
1670,77
1812,79
1549,74
1744,79
1609,76
1741,81
1626,77
1774,79
1667,76
1669,77
1659,77
1505,73
1740,80
1515,72
1504,74
1586,72
1734,81
1592,76
1755,78
1452,69
1720,79
1772,81
1573,74
1498,73
1540,74
1617,74
1602,76
1535,71
1592,75
1731,80
1723,79
1570,74
1676,76
1632,78
1634,77
1570,76
1608,76
1566,76
1702,77
1711,79
1653,78
1585,77
1560,74
1646,76
1632,76
1630,77
1686,79
1740,81
1771,82
1627,75
1576,76
1675,78
1416,67
1695,76
1459,70
1664,78
1533,72
1633,74
1670,77
1646,75
1541,73
1790,80
1813,83
1705,80
1482,73
1594,76
1586,75
1634,78
1526,74
1580,75
1503,73
1766,80
1624,76
1711,78
1547,73
1535,73
1491,71
1601,75
1673,80
1406,69
1697,78
1672,76
1574,74
1534,74
1508,74
1563,73
1720,78
1561,71
1715,75
1637,74
1768,80
1632,77
1787,83
1478,70
1637,77
1541,71
1608,77
1682,78
1674,77
1635,75
1698,79
1632,77
1715,80
1568,75
1619,77
1540,73
1517,74
1642,78
1643,75
1713,78
1617,77
1665,78
1702,78
1563,75
1611,76
1603,76
1531,74
1731,80
1615,76
1632,78
1617,76
1672,78
1611,75
1716,79
1694,79
1701,78
1607,76
1559,75
1659,75
1539,74
1495,68
1718,78
1648,77
1794,81
1676,78
1553,74
1655,78
1516,72
1714,80
1709,79
1668,79
1668,77
1640,78
1733,80
1587,76
1650,76
1618,78
1825,83
1771,77
1702,78
1559,71
1584,75
1698,78
1637,78
1642,77
1552,74
1632,76
1583,73
1626,74
1661,75
1614,76
1598,76
1597,71
1571,72
1613,73
1538,75
1573,75
1690,78
1697,78
1702,78
1643,76
1620,76
1466,72
1542,72
1483,71
1750,79
1552,76
1515,71
1560,72
1639,75
1737,81
1693,78
1624,75
1816,82
1698,77
1701,78
1689,79
1580,77
1693,76
1779,82
1697,81
1531,72
1522,74
1544,75
1473,71
1693,78
1464,72
1683,77
1665,75
1612,77
1523,70
1701,78
1693,79
1640,76
1657,76
1679,79
1456,71
1669,78
1420,69
1587,76
1619,75
1639,77
1690,78
1761,78
1599,76
1744,79
1463,73
1679,78
1690,79
1702,78
1508,75
1627,77
1858,83
1593,74
1718,81
1573,76
1728,77
1643,76
1606,75
1721,78
1761,81
1639,75
1623,76
1591,76
1689,80
1712,79
1537,71
1670,77
1587,76
1633,77
1653,78
1820,80
1648,77
1521,73
1723,77
1641,77
1815,83
1578,74
1722,78
1695,76
1695,77
1538,73
1601,75
1708,79
1761,80
1615,75
1612,76
1734,81
1593,77
1385,67
1677,78
1615,74
1584,76
1707,79
1672,79
1635,73
1598,74
1643,74
1586,77
1683,76
1507,73
1638,75
1552,73
1500,73
1638,78
1465,70
1613,75
1658,76
1617,77
1829,81
1672,77
1625,76
1767,80
1722,79
1785,82
1520,73
1447,72
1651,77
1738,80
1687,79
1776,81
1405,70
1593,76
1510,72
1691,80
1577,74
1597,76
1684,78
1621,76
1519,75
1645,76
1528,75
1563,74
1598,75
1583,74
1615,77
1645,78
1664,77
1702,80
1590,76
1597,74
1602,77
1705,79
1709,80
1501,70
1697,78
1470,73
1910,83
1708,78
1677,78
1619,75
1548,73
1825,83
1807,81
1591,76
1693,79
1748,81
1714,79
1629,76
1531,72
1540,75
1503,73
1777,80
1667,78
1479,70
1598,76
1581,75
1526,70
1812,82
1616,76
1803,82
1768,77
1723,79
1814,82
1563,76
1701,80
1581,73
1574,75
1706,78
1688,79
1592,75
1709,78
1750,79
1650,78
1482,72
1729,80
1694,77
1636,75
1498,73
1663,77
1773,82
1570,74
1417,67
1446,72
1667,78
1670,78
1605,74
1545,73
1804,81
1606,76
1625,76
1639,77
1654,78
1657,74
1613,74
1703,79
1527,73
1514,72
1645,76
1766,81
1604,74
1645,74
1488,71
1561,75
1783,83
1590,76
1556,75
1509,70
1632,75
1712,81
1649,78
1553,75
1518,72
1568,75
1590,76
1622,78
1684,79
1746,80
1707,80
1548,75
1693,76
1653,79
1615,77
1690,78
1574,75
1741,79
1496,71
1703,79
1547,74
1582,76
1622,76
1619,74
1789,81
1567,73
1645,75
1612,77
1548,74
1705,78
1690,78
1643,77
1590,75
1666,78
1674,78
1544,74
1622,76
1597,75
1688,78
1663,78
1527,73
1506,72
1664,79
1549,73
1455,70
1751,81
1620,77
1606,74
1714,79
1695,77
1603,75
1581,74
1670,77
1729,79
1611,73
1738,80
1538,73
1543,73
1652,75
1585,76
1668,77
1644,77
1622,78
1508,74
1690,78
1581,75
1602,77
1735,78
1770,79
1612,77
1554,74
1626,76
1505,70
1628,75
1658,77
1629,76
1627,73
1651,78
1431,71
1674,78
1572,76
1631,75
1707,77
1569,74
1736,78
1569,74
1525,74
1743,81
1710,80
1618,74
1410,71
1681,80
1404,69
1671,77
1665,78
1629,76
1511,72
1725,81
1704,79
1551,73
1644,77
1668,76
1761,81
1610,78
1568,73
1626,75
1542,73
1592,74
1592,75
1564,77
1584,76
1619,77
1553,74
1670,76
1693,77
1687,78
1518,74
1609,77
1667,79
1554,74
1777,82
1495,72
1577,75
1662,78
1442,69
1580,75
1721,78
1773,80
1650,76
1796,82
1660,79
1672,79
1524,74
1720,78
1678,78
1807,80
1436,70
1706,77
1557,75
1544,73
1549,75
1779,80
1691,79
1736,78
1798,83
1681,79
1696,78
1593,75
1574,75
1628,77
1551,73
1578,75
1552,75
1658,75
1539,73
1574,74
1624,76
1640,77
1707,78
1558,72
1464,72
1501,73
1713,79
1807,78
1614,75
1646,77
1434,71
1643,76
1490,73
1571,74
1696,78
1639,75
1655,76
1644,78
1591,74
1711,80
1624,76
1588,74
1828,82
1716,78
1794,83
1606,75
1601,77
1502,75
1574,75
1683,76
1705,80
1615,75
1693,78
1659,77
1708,80
1718,79
1784,82
1634,78
1730,80
1663,79
1723,81
1709,79
1679,78
1531,72
1546,74
1651,78
1841,82
1674,79
1591,75
1615,73
1692,78
1584,74
1655,77
1584,75
1596,74
1617,76
1696,80
1595,76
1645,77
1785,82
1746,81
1650,76
1628,77
1569,76
1630,76
1664,78
1705,80
1379,68
1590,73
1673,78
1633,75
1625,77
1706,80
1577,76
1628,76
1584,76
1583,73
1614,76
1617,76
1612,75
1691,79
1602,75
1708,78
1632,76
1766,81
1674,77
1745,78
1799,82
1659,78
1667,77
1653,77
1582,75
1541,74
1750,81
1777,79
1582,72
1496,71
1704,79
1665,76
1615,76
1704,78
1533,73
1748,80
1548,74
1569,76
1672,77
1692,79
1610,74
1728,80
1620,76
1755,79
1597,76
1604,75
1454,70
1590,75
1736,79
1598,74
1655,79
1630,78
1571,74
1671,79
1757,81
1796,81
1715,78
1532,72
1657,79
1622,77
1664,78
1767,80
1653,78
1589,77
1416,70
1702,79
1543,74
1405,70
1675,77
1666,77
1662,79
1552,75
1675,78
1734,79
1648,76
1701,79
1498,68
1679,79
1554,73
1646,75
1615,74
1757,79
1612,76
1766,82
1572,70
1592,73
1399,68
1688,79
1616,76
1706,80
1581,74
1632,77
1498,72
1611,76
1812,82
1624,76
1802,81
1824,83
1690,80
1540,75
1672,77
1661,76
1700,78
1703,79
1703,79
1624,77
1654,78
1569,73
1572,75
1622,77
1738,80
1639,79
1708,80
1725,79
1477,70
1580,75
1587,76
1732,80
1685,78
1557,73
1499,72
1608,77
1717,79
1702,79
1709,79
1484,70
1683,78
1491,73
1603,77
1389,65
1619,76
1738,81
1715,78
1531,72
1557,73
1450,70
1646,79
1682,78
1598,74
1654,79
1661,77
1624,76
1596,75
1660,76
1691,79
1701,79
1509,71
1701,80
1545,73
1632,74
1604,75
1592,74
1586,74
1621,77
1736,79
1634,76
1446,72
1692,77
1773,82
1638,75
1652,77
1596,78
1520,73
1501,72
1658,79
1641,78
1586,76
1650,77
1631,74
1694,78
1681,76
1587,75
1549,72
1618,76
1636,76
1608,73
1467,72
1707,79
1732,79
1607,76
1660,78
1581,76
1702,78
1610,76
1662,77
1626,77
1560,75
1530,74
1570,75
1623,75
1597,71
1474,71
1621,76
1582,74
1548,73
1614,76
1603,77
1626,78
1610,74
1681,79
1540,72
1601,75
1484,73
1748,81
1444,71
1676,77
1678,79
1479,70
1799,82
1682,77
1658,78
1591,76
1633,74
1753,80
1685,79
1615,77
1640,78
1603,77
1614,78
1616,75
1575,75
1601,76
1559,72
1646,76
1697,79
1858,83
1552,74
1679,78
1615,75
1495,72
1649,75
1661,78
1672,75
1758,82
1639,77
1825,81
1648,77
1423,71
1508,73
1411,69
1757,80
1559,74
1660,76
1589,75
1689,79
1657,78
1665,79
1696,78
1598,76
1546,75
1620,75
1638,76
1653,76
1556,75
1667,79
1581,75
1577,75
1676,78
1522,72
1770,79
1452,73
1611,76
1536,71
1715,79
1740,81
1555,73
1613,76
1576,76
1598,74
1597,75
1729,79
1728,77
1578,73
1518,74
1427,69
1717,80
1671,76
1654,75
1549,75
1679,80
1406,67
1608,77
1697,79
1585,75
1598,76
1571,76
1619,76
1702,79
1581,75
1721,79
1712,79
1495,71
1655,79
1483,73
1631,77
1633,75
1513,74
1734,80
1495,73
1570,75
1708,80
1729,78
1689,76
1766,82
1656,77
1682,78
1654,74
1612,74
1579,75
1653,77
1530,73
1633,76
1539,75
1627,76
1654,76
1729,81
1662,78
1564,73
1535,72
1717,80
1587,74
1753,80
1584,74
1685,79
1656,78
1649,77
1735,80
1714,79
1711,80
1724,78
1637,76
1635,77
1648,76
1556,74
1850,84
1741,78
1678,78
1570,73
1542,72
1729,80
1401,71
1647,76
1643,77
1515,71
1697,77
1623,76
1710,78
1612,77
1760,81
1633,76
1761,82
1721,79
1485,72
1722,80
1647,77
1629,78
1686,80
1616,75
1553,75
1549,73
1708,77
1565,75
1708,79
1605,76
1630,75
1652,77
1445,69
1536,73
1595,74
1702,79
1597,72
1699,78
1725,79
1760,80
1713,80
1492,73
1510,69
1505,72
1731,77
1543,73
1508,72
1695,80
1707,81
1779,80
1626,78
1695,79
1540,74
1476,71
1590,75
1710,78
1786,81
1709,78
1640,76
1764,82
1578,76
1715,79
1647,77
1670,79
1548,73
1646,76
1453,71
1554,74
1749,81
1792,80
1471,70
1751,80
1737,80
1473,71
1620,75
1548,73
1649,75
1673,78
1602,76
1472,72
1668,74
1703,79
1583,75
1470,71
1570,72
1681,77
1675,79
1660,76
1494,72
1608,76
1584,76
1490,71
1652,76
1728,78
1681,76
1579,75
1622,77
1799,82
1616,75
1743,79
1645,78
1603,73
1568,71
1766,82
1674,75
1699,77
1613,77
1486,72
1643,78
1515,73
1694,80
1560,76
1665,76
1803,78
1669,77
1494,72
1589,75
1528,73
1703,79
1807,81
1662,79
1654,76
1624,77
1714,80
1753,83
1571,74
1627,74
1675,76
1574,74
1653,76
1501,72
1655,76
1697,78
1512,73
1807,81
1480,71
1733,80
1698,79
1501,72
1368,67
1599,76
1603,77
1636,78
1707,78
1568,74
1669,75
1690,80
1667,78
1466,71
1686,79
1594,73
1563,73
1696,80
1581,72
1644,77
1722,78
1655,78
1700,80
1762,81
1727,79
1570,76
1573,75
1671,78
1582,74
1690,76
1760,82
1638,76
1565,72
1599,76
1736,79
1665,77
1701,79
1607,74
1689,80
1728,78
1534,74
1834,83
1648,75
1637,76
1741,81
1602,74
1599,75
1546,73
1612,77
1627,77
1588,74
1563,71
1743,78
1534,75
1514,72
1628,75
1783,83
1695,77
1670,78
1624,78
1465,70
1391,70
1619,75
1650,74
1675,77
1500,71
1648,75
1543,73
1637,78
1674,77
1531,72
1615,75
1563,71
1605,76
1538,73
1675,77
1795,81
1718,79
1603,75
1700,79
1568,75
1647,76
1433,72
1537,73
1725,78
1424,68
1661,78
1796,79
1604,74
1753,79
1614,76
1763,80
1755,81
1691,79
1659,78
1578,73
1456,72
1737,80
1610,76
1591,73
1651,73
1797,81
1643,76
1552,70
1642,76
1737,81
1777,81
1739,79
1540,73
1688,79
1599,75
1707,77
1693,79
1738,80
1485,73
1678,77
1607,77
1639,76
1573,75
1710,76
1737,79
1574,73
1661,75
1547,75
1457,71
1592,74
1763,80
1644,78
1688,78
1728,80
1678,78
1469,72
1644,78
1737,80
1681,79
1596,75
1831,82
1563,73
1489,72
1713,78
1778,81
1606,76
1648,77
1577,73
1464,73
1586,77
1555,73
1582,76
1561,74
1696,78
1680,79
1838,81
1571,76
1720,79
1594,76
1529,71
1437,72
1681,77
1662,78
1668,77
1725,79
1660,76
1793,81
1632,77
1544,75
1629,75
1588,76
1582,76
1521,73
1668,78
1633,77
1654,76
1786,82
1674,78
1679,76
1592,76
1566,72
1672,76
1600,74
1690,77
1739,80
1605,76
1723,78
1698,79
1602,77
1752,80
1555,76
1581,76
1735,79
1628,78
1687,79
1645,77
1583,75
1479,72
1720,79
1545,75
1592,76
1570,75
1820,82
1833,81
1715,80
1595,77
1706,78
1597,77
1580,74
1480,69
1760,81
1672,80
1617,76
1633,76
1599,74
1574,76
1699,78
1616,75
1588,75
1602,76
1602,75
1635,77
1605,76
1701,81
1647,77
1623,76
1624,76
1666,77
1530,74
1739,79
1788,81
1740,77
1652,77
1742,82
1619,77
1617,74
1620,75
1607,75
1644,77
1691,79
1810,80
1437,72
1527,75
1693,75
1502,72
1678,77
1796,82
1441,70
1697,80
1666,79
1704,79
1796,82
1700,78
1539,73
1634,78
1588,74
1764,81
1556,70
1450,71
1598,75
1737,79
1652,75
1704,78
1605,76
1440,72
1567,74
1542,72
1610,74
1699,79
1717,79
1612,75
1569,75
1667,76
1657,78
1618,78
1761,82
1738,78
1801,81
1647,77
1606,76
1499,73
1553,72
1561,75
1615,77
1616,76
1639,73
1577,74
1655,77
1576,76
1623,74
1702,81
1647,78
1682,76
1496,71
1847,84
1705,79
1799,80
1617,77
1523,74
1580,74
1755,81
1684,79
1558,75
1614,76
1834,80
1638,78
1616,75
1694,79
1710,76
1776,81
1648,77
1698,80
1714,79
1549,74
1511,72
1649,76
1539,73
1543,72
1550,74
1690,77
1593,76
1687,76
1537,71
1583,74
1700,78
1717,81
1680,79
1649,77
1642,76
1763,80
1598,74
1539,73
1628,76
1561,72
1674,80
1635,78
1616,75
1521,72
1556,76
1716,80
1566,75
1658,78
1567,74
1530,74
1590,75
1735,79
1697,77
1605,76
1519,71
1670,79
1624,73
1723,78
1798,82
1668,76
1532,74
1724,78
1552,73
1561,73
1627,75
1612,72
1607,72
1430,69
1803,80
1745,80
1545,73
1478,70
1506,72
1631,77
1621,72
1533,73
1625,74
1567,76
1698,79
1606,77
1575,73
1594,74
1640,76
1522,74
1730,79
1633,77
1577,72
1598,76
1707,79
1651,77
1720,79
1619,75
1625,75
1729,80
1669,78
1687,77
1544,75
1592,74
1519,71
1603,76
1664,77
1548,74
1485,73
1658,76
1520,73
1654,76
1671,78
1690,79
1685,78
1732,77
1495,72
1780,81
1620,78
1538,75
1645,73
1669,78
1715,80
1743,80
1711,80
1778,81
1647,77
1620,72
1641,77
1583,73
1696,79
1756,81
1709,79
1629,76
1781,82
1635,77
1692,78
1641,75
1557,76
1783,80
1620,77
1690,78
1706,80
1723,80
1737,81
1701,77
1588,76
1790,80
1651,76
1671,78
1612,75
1577,76
1677,78
1588,71
1495,73
1764,80
1535,75
1653,77
1464,73
1444,70
1622,76
1514,70
1646,77
1622,76
1556,74
1630,78
1647,78
1473,71
1763,80
1630,77
1666,79
1558,75
1566,75
1578,72
1663,77
1669,77
1711,79
1527,71
1664,79
1591,75
1648,77
1652,79
1609,74
1698,74
1533,74
1715,79
1679,79
1546,75
1561,74
1652,77
1621,77
1644,76
1600,75
1638,74
1561,75
1420,70
1587,76
1532,72
1687,79
1499,72
1565,75
1689,77
1451,71
1578,76
1589,73
1652,77
1634,78
1656,80
1564,74
1648,77
1659,78
1608,76
1647,77
1620,75
1531,73
1609,77
1671,79
1654,78
1738,80
1681,77
1565,75
1593,75
1536,72
1513,73
1707,77
1673,79
1646,77
1606,76
1543,73
1674,79
1627,77
1556,75
1608,74
1745,79
1611,77
1732,79
1484,72
1646,77
1776,82
1610,74
1542,72
1566,73
1785,81
1765,81
1630,76
1642,78
1650,79
1636,77
1585,74
1509,72
1661,76
1616,77
1616,75
1752,78
1782,82
1654,77
1806,84
1668,77
1713,77
1698,79
1675,76
1704,80
1659,73
1619,76
1529,73
1686,79
1510,71
1708,77
1575,74
1795,83
1688,76
1599,77
1833,82
1632,76
1620,76
1559,73
1618,77
1686,77
1600,74
1456,71
1721,78
1628,77
1631,78
1670,78
1536,74
1661,78
1725,80
1702,77
1464,69
1735,79
1647,77
1763,82
1493,72
1633,79
1417,67
1706,79
1633,79
1714,80
1644,78
1637,78
1484,73
1643,76
1606,77
1702,78
1681,78
1623,74
1541,74
1593,75
1726,80
1688,78
1538,74
1651,77
1734,80
1606,78
1568,74
1518,72
1570,77
1628,77
1546,71
1506,72
1715,80
1609,78
1666,77
1591,73
1563,74
1607,75
1673,78
1634,75
1557,75
1557,76
1648,77
1653,76
1622,76
1619,76
1665,79
1654,78
1433,66
1550,71
1585,76
1661,75
1647,78
1785,80
1594,75
1515,71
1550,76
1486,72
1615,75
1527,73
1620,77
1759,78
1501,71
1579,77
1513,73
1582,73
1652,78
1567,77
1651,78
1571,76
1649,78
1672,77
1586,77
1641,78
1669,76
1467,72
1652,77
1767,82
1596,76
1464,72
1768,82
1596,76
1435,70
1775,83
1581,74
1649,77
1589,76
1521,74
1631,77
1600,76
1550,71
1700,80
1523,72
1534,74
1542,75
1453,71
1558,72
1540,74
1752,82
1583,75
1641,78
1693,78
1712,80
1522,71
1633,76
1594,73
1658,79
1512,73
1579,73
1636,75
1542,73
1602,74
1583,73
1696,78
1582,78
1600,75
1611,77
1746,82
1727,80
1403,70
1631,76
1758,80
1612,76
1429,69
1528,74
1568,74
1821,82
1630,78
1690,79
1717,80
1501,72
1640,77
1699,78
1666,78
1565,77
1557,74
1497,72
1621,75
1757,81
1644,77
1701,77
1581,77
1653,78
1659,74
1472,72
1651,76
1594,75
1603,76
1780,83
1590,74
1632,78
1635,76
1728,78
1685,78
1813,82
1672,77
1502,72
1572,72
1564,74
1492,73
1530,74
1669,77
1812,81
1644,74
1632,76
1656,76
1459,70
1742,81
1634,78
1678,76
1431,71
1567,75
1676,77
1525,74
1635,78
1636,74
1647,73
1646,77
1707,80
1477,70
1782,83
1706,78
1683,78
1672,77
1721,77
1470,69
1561,74
1702,79
1438,70
1591,75
1764,81
1655,78
1667,77
1633,77
1665,76
1655,78
1752,79
1660,77
1573,76
1601,77
1646,77
1535,71
1783,81
1687,81
1766,80
1557,75
1585,74
1580,75
1599,75
1532,75
1513,73
1577,77
1535,74
1460,69
1623,78
1703,79
1611,77
1606,75
1692,77
1646,77
1720,79
1517,76
1654,76
1755,80
1672,78
1573,73
1745,80
1595,77
1638,75
1384,68
1728,79
1613,76
1714,79
1638,77
1650,76
1536,74
1388,67
1724,80
1714,77
1581,75
1522,72
1750,82
1679,79
1669,77
1500,71
1634,78
1751,79
1652,76
1838,83
1572,75
1782,81
1532,73
1554,74
1653,77
1584,76
1707,80
1674,75
1669,78
1684,78
1700,76
1746,80
1766,80
1640,75
1702,78
1742,81
1451,71
1723,80
1639,76
1577,73
1698,80
1484,72
1628,77
1652,77
1691,80
1686,79
1822,81
1538,74
1711,78
1623,76
1704,77
1479,72
1565,74
1561,75
1572,75
1624,74
1658,77
1685,79
1743,80
1774,81
1580,76
1607,74
1699,79
1608,77
1521,74
1790,82
1681,78
1881,82
1686,79
1652,78
1722,80
1462,74
1565,70
1510,73
1718,81
1536,71
1671,76
1602,76
1603,77
1739,80
1808,83
1522,73
1590,75
1751,82
1798,82
1712,77
1652,74
1761,82
1563,74
1425,72
1698,78
1543,75
1577,74
1689,80
1663,77
1677,79
1604,75
1566,75
1688,79
1453,70
1702,79
1665,75
1803,80
1611,76
1748,81
1596,73
1711,79
1658,79
1644,77
1617,76
1605,76
1571,75
1720,79
1651,78
1600,75
1699,79
1684,78
1625,78
1659,77
1562,76
1725,80
1752,83
1603,75
1662,75
1710,78
1544,70
1587,74
1520,72
1775,83
1474,73
1546,72
1594,75
1558,74
1739,80
1532,74
1666,76
1540,73
1489,73
1555,72
1665,78
1537,72
1577,75
1706,79
1651,78
1755,82
1572,72
1633,77
1524,72
1757,78
1589,76
1606,76
1682,76
1606,74
1639,75
1656,79
1761,81
1684,75
1756,77
1541,75
1637,78
1456,72
1799,81
1711,80
1596,73
1596,77
1627,75
1708,77
1527,72
1737,81
1482,73
1599,77
1552,74
1732,80
1635,77
1634,78
1526,74
1648,78
1615,76
1696,79
1586,75
1617,74
1574,74
1692,78
1675,79
1559,75
1598,74
1643,77
1690,79
1501,73
1600,75
1587,75
1639,78
1723,80
1680,78
1678,78
1491,73
1658,77
1510,73
1726,81
1787,82
1503,71
1565,76
1661,77
1592,75
1644,77
1516,72
1588,72
1599,76
1581,75
1664,78
1758,82
1528,72
1789,80
1607,78
1617,73
1686,77
1657,77
1597,77
1732,81
1671,79
1622,77
1640,77
1491,73
1617,77
1542,74
1719,80
1610,77
1643,78
1718,78
1651,75
1768,79
1646,77
1645,76
1646,76
1573,74
1620,77
1647,78
1604,76
1710,80
1677,77
1749,80
1638,75
1683,78
1648,77
1709,79
1739,77
1621,77
1576,76
1541,71
1499,72
1590,71
1545,72
1632,77
1710,80
1768,81
1647,78
1682,80
1549,74
1579,75
1789,82
1594,75
1548,75
1607,75
1715,78
1606,74
1618,77
1711,80
1774,82
1599,75
1627,75
1630,77
1604,74
1748,79
1738,79
1794,81
1542,75
1699,78
1638,77
1666,77
1570,71
1596,76
1573,74
1668,78
1600,75
1521,72
1713,80
1632,78
1680,78
1419,71
1743,81
1749,81
1585,74
1643,78
1543,75
1555,72
1700,79
1630,76
1544,74
1772,81
1554,73
1625,75
1526,72
1671,79
1725,79
1688,81
1650,78
1642,74
1680,77
1472,72
1521,72
1535,74
1543,72
1582,75
1483,70
1695,78
1604,75
1675,76
1648,76
1580,74
1608,74
1765,80
1608,77
1740,80
1686,79
1410,69
1653,77
1577,75
1646,79
1617,78
1767,81
1609,74
1656,77
1620,75
1553,73
1529,73
1666,77
1788,81
1682,78
1650,77
1659,78
1674,77
1610,79
1541,74
1660,78
1762,81
1576,75
1622,77
1731,81
1541,72
1649,76
1676,78
1575,74
1529,72
1563,74
1447,71
1680,79
1657,79
1653,77
1605,77
1637,76
1570,74
1614,72
1662,77
1672,78
1659,76
1506,73
1663,79
1628,77
1703,79
1471,73
1783,81
1706,79
1542,73
1583,73
1594,76
1599,77
1551,76
1644,77
1741,81
1522,73
1645,79
1761,79
1647,77
1634,75
1570,75
1747,81
1721,79
1437,69
1681,78
1586,76
1701,80
1423,71
1487,72
1540,75
1582,74
1543,72
1828,82
1613,75
1574,77
1652,78
1600,76
1543,75
1655,77
1561,74
1762,81
1651,79
1543,75
1634,79
1664,78
1493,74
1600,76
1576,76
1704,80
1570,77
1736,81
1724,79
1701,78
1289,64
1643,75
1499,71
1665,78
1606,74
1542,74
1529,74
1591,77
1640,76
1655,77
1569,75
1738,79
1653,78
1777,81
1525,71
1484,72
1598,75
1720,80
1711,79
1683,80
1570,74
1550,76
1649,76
1654,79
1607,76
1547,75
1694,77
1680,76
1498,73
1698,78
1712,80
1609,76
1660,76
1528,74
1568,72
1764,81
1625,77
1531,73
1685,78
1708,78
1524,75
1496,70
1604,79
1597,76
1623,78
1439,68
1671,79
1575,74
1651,78
1493,71
1620,76
1664,78
1514,72
1786,82
1691,79
1673,77
1545,75
1680,80
1650,75
1696,79
1561,73
1510,73
1589,75
1612,77
1658,78
1714,79
1557,75
1632,78
1558,73
1563,75
1515,73
1622,77
1500,74
1625,77
1685,80
1589,75
1582,75
1618,77
1688,75
1421,70
1664,76
1764,82
1619,75
1579,77
1664,79
1661,78
1513,71
1543,74
1592,78
1737,79
1647,76
1656,77
1601,76
1647,78
1620,75
1700,79
1620,78
1722,79
1588,74
1641,77
1662,76
1752,81
1637,77
1594,76
1610,76
1688,78
1623,73
1695,78
1552,74
1599,76
1617,75
1593,75
1585,74
1597,77
1400,68
1417,70
1622,78
1667,77
1542,76
1742,78
1531,74
1773,83
1626,74
1542,73
1542,76
1637,77
1701,79
1778,82
1634,76
1677,79
1557,73
1714,79
1540,72
1646,76
1592,75
1690,79
1473,72
1650,76
1542,74
1752,81
1594,76
1550,75
1662,79
1601,75
1664,78
1687,79
1619,76
1585,75
1591,75
1398,70
1574,74
1581,75
1656,76
1677,79
1576,74
1686,79
1510,73
1583,73
1707,79
1611,77
1597,75
1567,74
1575,73
1582,74
1713,81
1641,75
1821,83
1672,74
1701,80
1500,73
1640,77
1828,83
1694,78
1645,77
1662,77
1569,76
1542,73
1698,77
1537,73
1547,72
1588,75
1616,77
1667,80
1482,72
1552,73
1498,72
1538,73
1779,78
1708,80
1542,75
1753,82
1551,73
1722,80
1687,80
1654,79
1474,73
1562,75
1651,74
1524,75
1503,71
1671,77
1483,70
1571,76
1567,76
1684,76
1749,81
1739,80
1590,77
1560,72
1737,78
1651,75
1707,80
1658,79
1588,76
1544,74
1526,74
1585,73
1443,71
1635,77
1621,76
1560,76
1524,70
1569,74
1695,78
1592,75
1554,74
1413,72
1571,75
1590,75
1631,74
1606,77
1516,73
1724,81
1694,79
1383,69
1793,82
1551,74
1474,71
1670,78
1814,83
1750,80
1437,71
1409,71
1704,80
1613,78
1699,77
1632,77
1511,71
1510,72
1703,76
1669,77
1687,79
1653,78
1556,74
1714,78
1527,74
1576,76
1688,79
1571,74
1685,78
1644,77
1633,77
1620,76
1619,73
1644,77
1619,77
1496,69
1542,76
1678,79
1568,75
1567,75
1429,70
1557,73
1745,81
1631,75
1761,82
1630,75
1593,76
1576,75
1724,80
1710,81
1702,80
1620,76
1569,75
1631,78
1581,77
1688,80
1488,71
1804,83
1575,73
1599,76
1701,78
1590,73
1624,76
1546,74
1579,77
1643,79
1722,80
1624,75
1454,70
1416,71
1554,75
1493,72
1750,81
1613,77
1582,76
1685,79
1536,74
1600,76
1522,73
1703,79
1724,80
1468,72
1662,76
1734,81
1590,73
1789,82
1443,70
1559,75
1600,77
1566,74
1662,77
1584,75
1606,75
1608,74
1676,77
1561,74
1629,73
1531,75
1712,79
1778,81
1693,77
1564,75
1597,75
1414,67
1646,77
1538,74
1641,77
1494,73
1685,77
1722,77
1616,77
1711,78
1500,73
1671,80
1667,77
1704,79
1648,77
1832,81
1726,80
1624,77
1606,76
1775,82
1672,78
1639,79
1429,70
1817,83
1695,78
1517,71
1513,73
1690,78
1774,82
1593,71
1694,80
1718,75
1747,78
1709,79
1664,79
1684,80
1741,79
1567,76
1632,78
1723,79
1781,83
1509,71
1604,73
1597,78
1776,82
1546,74
1652,80
1674,78
1672,77
1668,80
1634,77
1584,77
1760,83
1542,73
1869,82
1716,80
1625,77
1722,79
1600,76
1615,74
1480,72
1716,80
1613,75
1675,79
1752,80
1742,79
1485,73
1621,75
1530,70
1562,75
1738,79
1681,77
1690,78
1666,79
1533,73
1534,75
1695,77
1700,79
1587,77
1560,74
1585,77
1473,72
1685,78
1664,79
1485,72
1549,72
1525,75
1503,71
1821,83
1683,80
1683,78
1554,72
1709,80
1753,80
1631,77
1615,77
1831,84
1655,77
1575,76
1809,83
1563,75
1647,76
1730,78
1602,76
1617,77
1590,75
1663,78
1539,72
1526,72
1574,74
1635,76
1628,79
1709,79
1613,75
1540,73
1530,73
1660,79
1558,74
1588,75
1602,75
1724,78
1634,76
1737,80
1629,78
1516,73
1639,76
1595,74
1521,72
1669,78
1727,81
1614,77
1689,80
1569,76
1621,76
1609,76
1770,80
1666,77
1628,78
1621,76
1604,75
1829,82
1572,72
1677,77
1592,75
1754,79
1612,76
1672,79
1524,74
1581,74
1666,79
1611,75
1566,75
1775,81
1532,72
1468,69
1628,77
1716,79
1616,76
1713,77
1738,82
1739,77
1616,77
1589,75
1598,75
1670,74
1626,74
1447,69
1717,80
1569,74
1533,71
1718,78
1746,81
1597,75
1644,78
1645,77
1720,80
1771,82
1579,71
1578,76
1698,79
1711,79
1664,76
1589,76
1593,76
1660,78
1622,75
1744,80
1643,77
1502,72
1515,72
1775,82
1711,78
1683,77
1572,75
1637,77
1620,74
1586,76
1548,76
1772,82
1712,80
1649,76
1580,73
1631,77
1740,81
1458,72
1617,76
1585,75
1813,81
1529,71
1697,81
1505,71
1620,75
1698,78
1650,77
1591,74
1618,74
1680,78
1545,76
1656,75
1675,77
1603,75
1580,74
1521,72
1745,81
1641,76
1784,78
1751,83
1596,76
1651,77
1635,75
1651,78
1616,77
1626,73
1568,74
1540,75
1600,75
1606,74
1545,73
1627,75
1534,72
1617,76
1600,73
1663,76
1686,80
1618,78
1558,75
1749,77
1697,79
1647,79
1691,76
1509,72
1707,77
1548,74
1546,74
1608,77
1577,73
1757,81
1647,74
1598,75
1631,75
1560,74
1509,76
1705,81
1549,72
1524,72
1525,71
1710,81
1784,82
1782,81
1554,76
1732,79
1680,77
1541,74
1667,78
1738,80
1685,77
1738,80
1642,76
1592,77
1522,73
1560,76
1608,77
1512,73
1587,76
1476,72
1685,80
1592,76
1555,75
1720,80
1526,71
1598,78
1528,73
1531,74
1619,74
1639,77
1594,75
1502,72
1517,74
1575,75
1697,80
1736,81
1732,81
1755,81
1677,76
1572,75
1554,75
1595,74
1705,77
1570,74
1655,77
1471,72
1723,78
1757,80
1538,73
1626,76
1468,72
1554,75
1540,71
1773,82
1447,70
1736,81
1570,72
1745,78
1521,73
1598,74
1659,78
1532,70
1596,73
1757,81
1537,70
1607,76
1594,76
1729,79
1548,75
1624,77
1774,81
1669,76
1838,83
1545,72
1620,77
1702,80
1689,79
1589,76
1595,73
1588,74
1737,79
1499,73
1503,75
1667,78
1665,78
1611,74
1412,68
1511,73
1736,81
1669,77
1468,72
1598,75
1683,77
1585,77
1569,74
1549,76
1604,74
1588,75
1642,78
1673,78
1646,76
1677,80
1564,74
1690,77
1521,72
1715,79
1446,70
1647,78
1625,76
1606,74
1602,75
1681,76
1710,78
1669,80
1563,74
1689,77
1696,80
1721,80
1585,74
1680,78
1508,72
1677,77
1584,74
1603,77
1673,78
1718,77
1683,79
1725,80
1585,75
1498,72
1557,72
1618,75
1522,75
1584,75
1635,77
1474,69
1688,78
1581,76
1482,73
1526,71
1543,73
1652,78
1534,74
1554,73
1620,77
1614,77
1718,80
1645,78
1692,78
1613,76
1545,73
1590,76
1661,77
1563,73
1757,79
1641,77
1584,76
1657,79
1397,68
1672,78
1620,75
1713,81
1706,81
1715,80
1605,76
1469,72
1600,75
1425,69
1627,77
1602,76
1681,79
1652,77
1449,68
1618,78
1500,73
1634,77
1566,76
1574,75
1466,70
1630,78
1730,81
1607,75
1646,77
1668,77
1777,80
1663,77
1567,75
1442,70
1782,81
1666,76
1461,71
1612,76
1580,73
1797,82
1581,76
1672,78
1677,76
1576,75
1612,78
1559,73
1686,78
1470,71
1646,75
1672,77
1784,82
1530,72
1635,75
1601,74
1597,72
1526,75
1618,76
1669,76
1588,76
1696,80
1650,77
1660,77
1499,73
1663,78
1558,74
1729,80
1628,77
1637,76
1571,75
1619,75
1421,71
1717,78
1633,77
1736,81
1466,70
1535,72
1593,76
1515,73
1367,67
1453,71
1543,74
1583,76
1654,78
1624,77
1511,71
1527,74
1663,79
1594,75
1797,82
1639,78
1444,71
1619,76
1601,73
1689,78
1739,81
1635,78
1606,76
1807,82
1668,80
1642,76
1509,75
1563,74
1532,70
1771,79
1752,80
1512,71
1609,77
1613,76
1581,75
1624,73
1650,78
1651,76
1535,72
1650,76
1542,74
1640,77
1470,70
1558,73
1531,74
1745,78
1546,74
1670,78
1717,80
1701,78
1748,80
1666,77
1494,73
1597,76
1524,73
1598,75
1591,73
1517,71
1646,78
1562,74
1731,81
1553,73
1651,78
1717,79
1639,75
1504,74
1608,74
1808,84
1553,73
1519,73
1629,76
1665,79
1530,74
1600,74
1655,75
1665,78
1628,77
1677,79
1477,69
1558,73
1771,79
1635,77
1700,78
1645,78
1604,77
1713,77
1712,78
1638,77
1725,81
1738,81
1640,78
1638,78
1764,81
1580,75
1653,74
1710,81
1584,76
1663,78
1477,72
1586,74
1432,70
1660,77
1601,75
1599,77
1551,73
1705,79
1677,80
1540,71
1639,75
1621,77
1645,76
1772,81
1655,77
1542,73
1622,77
1598,75
1596,76
1679,78
1695,78
1628,78
1521,75
1598,76
1721,79
1629,78
1653,77
1538,73
1694,79
1555,75
1742,81
1720,77
1601,78
1565,75
1606,76
1649,78
1674,76
1626,77
1599,74
1538,75
1521,75
1687,78
1685,77
1635,77
1745,81
1580,72
1492,74
1528,74
1660,75
1597,76
1570,74
1667,77
1737,81
1715,80
1556,71
1564,73
1625,78
1674,76
1733,78
1760,80
1691,79
1692,78
1571,76
1550,74
1721,78
1639,77
1610,78
1757,81
1667,80
1634,77
1582,76
1571,74
1553,75
1596,75
1645,78
1659,77
1631,74
1574,74
1556,76
1578,76
1592,74
1592,77
1715,80
1705,76
1479,72
1538,74
1733,80
1628,76
1758,80
1536,75
1717,81
1667,77
1603,76
1691,78
1597,76
1578,74
1654,79
1567,76
1658,78
1638,76
1514,71
1685,77
1682,77
1643,76
1640,76
1687,76
1627,75
1757,77
1505,73
1564,74
1605,77
1548,74
1498,74
1605,74
1695,80
1706,79
1598,76
1635,76
1641,74
1611,77
1721,78
1702,80
1594,75
1531,74
1657,77
1602,78
1562,74
1614,78
1705,79
1565,75
1782,78
1586,76
1576,75
1429,68
1548,73
1759,82
1571,75
1806,82
1696,79
1591,76
1535,72
1633,76
1622,76
1587,76
1679,78
1648,78
1479,73
1582,74
1531,74
1669,78
1702,76
1611,76
1423,71
1552,71
1527,72
1610,77
1559,73
1613,75
1803,81
1583,76
1503,73
1641,77
1704,78
1810,84
1653,78
1579,76
1674,79
1630,78
1610,77
1675,78
1634,77
1673,77
1488,72
1577,76
1719,78
1624,78
1494,72
1637,76
1680,79
1530,73
1624,77
1543,72
1517,74
1729,81
1729,80
1673,78
1713,80
1472,72
1684,78
1638,77
1464,73
1506,75
1570,75
1651,75
1530,73
1696,77
1477,72
1639,77
1644,77
1713,79
1671,79
1634,77
1629,74
1609,74
1716,80
1562,74
1607,76
1626,78
1764,80
1519,74
1541,70
1608,77
1686,78
1559,74
1762,83
1514,74
1560,72
1718,80
1529,72
1610,77
1611,77
1590,75
1516,71
1574,75
1589,75
1700,78
1545,74
1622,77
1688,76
1703,79
1665,77
1732,81
1517,70
1563,75
1472,73
1601,77
1522,72
1725,79
1607,74
1688,78
1687,79
1685,77
1744,81
1440,69
1652,78
1540,74
1701,79
1569,75
1686,78
1562,76
1640,76
1537,74
1691,78
1741,80
1656,77
1627,77
1743,78
1688,79
1692,79
1522,74
1660,76
1745,82
1618,75
1617,76
1511,73
1543,74
1689,80
1584,74
1571,74
1685,77
1534,73
1468,72
1526,72
1656,78
1662,77
1625,77
1628,77
1614,77
1689,80
1671,78
1623,78
1661,80
1586,75
1721,80
1622,77
1723,81
1582,76
1711,79
1542,74
1557,74
1618,77
1805,82
1851,84
1656,77
1693,80
1615,76
1776,80
1640,77
1668,78
1431,70
1520,73
1646,77
1692,77
1597,76
1689,80
1646,77
1676,77
1537,75
1512,73
1647,75
1563,74
1599,76
1517,74
1752,81
1577,75
1569,75
1456,70
1767,81
1700,76
1589,74
1645,76
1700,79
1668,77
1705,76
1656,78
1657,79
1584,77
1462,73
1445,75
1772,82
1643,77
1634,76
1597,76
1605,77
1559,74
1735,79
1579,76
1729,81
1610,79
1675,80
1703,80
1581,75
1650,76
1600,76
1586,74
1666,78
1721,80
1696,78
1711,76
1600,76
1721,81
1596,75
1566,73
1670,76
1586,74
1563,75
1776,82
1560,74
1769,82
1606,75
1693,79
1711,77
1592,73
1605,77
1740,81
1589,76
1703,80
1705,78
1724,77
1553,72
1682,78
1677,78
1546,75
1664,77
1643,78
1657,76
1716,77
1757,82
1577,75
1485,73
1554,71
1756,81
1611,75
1514,74
1500,72
1674,79
1619,76
1587,75
1670,76
1667,79
1613,77
1641,77
1630,78
1721,80
1637,74
1598,76
1577,71
1694,78
1592,77
1577,74
1640,77
1742,81
1661,78
1638,75
1617,77
1616,76
1712,80
1671,77
1661,77
1622,74
1510,70
1718,80
1620,77
1760,79
1688,78
1575,75
1560,72
1433,71
1555,75
1720,80
1621,75
1779,81
1895,84
1689,78
1596,76
1651,77
1697,76
1569,75
1594,75
1624,77
1609,74
1760,81
1684,79
1601,75
1738,82
1489,73
1617,78
1540,73
1488,72
1801,81
1629,76
1641,77
1681,79
1543,72
1552,72
1584,77
1659,79
1607,78
1618,77
1624,75
1579,75
1639,76
1749,78
1478,73
1671,77
1667,78
1624,71
1766,81
1617,78
1473,73
1729,80
1574,76
1627,78
1654,77
1629,77
1619,74
1708,80
1463,71
1712,79
1525,73
1589,73
1577,75
1500,71
1834,82
1704,79
1616,73
1498,71
1553,74
1592,76
1574,75
1758,80
1737,80
1554,72
1660,77
1550,74
1768,80
1549,73
1587,76
1755,79
1677,79
1725,81
1678,80
1475,73
1646,78
1575,76
1727,79
1663,79
1754,82
1698,77
1703,77
1666,78
1552,75
1437,71
1624,77
1604,73
1578,74
1713,81
1622,76
1685,76
1570,75
1597,76
1774,81
1672,80
1791,82
1622,75
1553,73
1659,75
1589,73
1633,79
1612,76
1681,79
1480,73
1576,74
1754,81
1437,67
1527,74
1606,75
1662,78
1532,72
1767,79
1773,82
1498,72
1719,79
1606,75
1598,74
1539,75
1651,79
1464,70
1562,76
1598,76
1606,76
1770,80
1623,75
1526,74
1654,78
1684,78
1664,78
1655,79
1699,79
1587,77
1541,71
1631,79
1543,75
1650,77
1616,78
1567,75
1571,76
1598,75
1561,73
1498,73
1716,77
1616,75
1656,78
1615,77
1544,75
1613,78
1658,79
1589,75
1615,76
1432,70
1591,77
1656,77
1700,80
1576,75
1667,77
1694,79
1719,78
1572,74
1672,77
1677,76
1691,77
1592,72
1686,79
1752,82
1708,79
1707,78
1677,77
1711,79
1457,68
1528,74
1653,77
1622,75
1511,72
1473,73
1727,79
1625,75
1692,80
1586,75
1697,75
1496,74
1632,76
1611,77
1691,77
1555,75
1554,76
1634,77
1633,76
1560,74
1732,82
1547,73
1530,73
1685,77
1608,74
1683,78
1658,79
1622,75
1677,76
1561,76
1703,77
1547,76
1774,81
1541,73
1592,76
1707,79
1693,79
1536,73
1644,77
1590,74
1711,79
1524,74
1531,72
1647,75
1685,77
1705,80
1731,78
1721,80
1592,76
1551,73
1569,73
1775,81
1581,75
1549,76
1695,78
1673,81
1474,72
1476,71
1458,72
1631,76
1482,72
1670,77
1610,76
1720,79
1653,76
1774,80
1800,81
1504,72
1619,76
1602,75
1734,80
1573,74
1668,78
1500,74
1698,76
1744,81
1587,77
1727,80
1738,80
1754,81
1712,79
1702,79
1704,80
1587,75
1690,78
1583,75
1811,82
1502,71
1675,78
1656,77
1627,78
1631,73
1546,75
1826,82
1686,79
1471,71
1616,75
1614,76
1609,77
1608,78
1638,78
1722,79
1698,79
1574,76
1700,77
1698,79
1634,75
1448,69
1711,78
1573,75
1653,77
1547,75
1710,80
1503,72
1568,74
1572,73
1700,78
1487,72
1776,82
1629,78
1629,77
1744,80
1524,74
1676,79
1711,80
1608,76
1793,81
1428,71
1492,73
1638,76
1652,74
1497,74
1586,75
1655,78
1683,77
1467,71
1688,79
1657,78
1476,74
1679,78
1746,80
1507,73
1602,76
1516,75
1736,80
1602,75
1447,70
1545,74
1694,79
1711,80
1606,74
1466,71
1640,76
1706,77
1538,73
1699,79
1601,73
1754,81
1492,71
1710,76
1751,81
1696,80
1628,77
1689,79
1674,77
1578,75
1532,73
1604,76
1662,77
1653,75
1671,77
1506,73
1765,82
1608,75
1751,81
1713,80
1550,73
1637,73
1676,78
1709,80
1684,79
1524,74
1680,78
1649,77
1568,75
1596,75
1591,75
1575,75
1578,72
1716,78
1595,76
1602,75
1567,74
1630,76
1638,77
1609,77
1793,82
1476,70
1685,78
1690,78
1653,78
1612,76
1625,76
1639,75
1448,71
1664,77
1554,73
1660,79
1585,76
1625,75
1528,75
1790,82
1702,79
1768,77
1587,76
1488,73
1548,72
1744,81
1595,74
1599,76
1627,76
1507,72
1566,74
1586,73
1590,74
1650,78
1631,76
1661,78
1584,76
1645,77
1524,73
1706,80
1542,74
1538,74
1506,72
1660,77
1639,78
1492,71
1544,75
1431,71
1459,70
1722,80
1638,76
1781,82
1600,76
1548,73
1597,74
1688,78
1622,73
1647,75
1668,77
1674,75
1634,76
1677,76
1717,79
1672,78
1759,79
1549,75
1551,74
1628,76
1641,77
1684,79
1654,74
1583,76
1647,76
1584,73
1701,79
1641,79
1599,75
1729,81
1681,79
1652,76
1541,72
1704,80
1699,79
1662,75
1576,76
1638,77
1545,73
1629,77
1668,80
1511,74
1589,75
1569,73
1612,73
1556,73
1496,72
1568,75
1743,80
1639,78
1588,72
1629,78
1638,78
1661,77
1546,74
1670,79
1592,76
1548,72
1705,79
1599,74
1733,82
1573,73
1670,78
1602,75
1623,75
1619,76
1563,74
1751,78
1510,72
1606,76
1642,78
1522,73
1726,78
1775,83
1794,81
1641,77
1575,72
1574,74
1709,77
1691,76
1554,75
1634,77
1770,79
1666,76
1810,81
1738,80
1709,79
1644,76
1525,74
1704,77
1713,80
1718,79
1457,72
1714,77
1655,78
1685,77
1637,73
1590,74
1719,79
1652,75
1569,74
1683,78
1774,80
1677,79
1656,75
1693,78
1636,77
1476,72
1632,76
1750,80
1536,73
1825,82
1564,76
1555,77
1623,76
1670,80
1624,75
1666,77
1822,81
1653,77
1851,81
1703,80
1514,72
1550,75
1645,75
1779,78
1647,77
1548,73
1747,81
1732,81
1708,75
1652,77
1743,80
1663,78
1570,76
1481,73
1677,76
1774,80
1662,79
1510,74
1765,82
1518,71
1689,79
1659,78
1591,74
1677,80
1674,77
1670,80
1670,78
1465,70
1579,74
1668,78
1451,70
1649,77
1638,75
1682,78
1595,75
1593,75
1649,78
1692,79
1564,76
1528,72
1549,73
1722,79
1777,79
1702,81
1621,77
1684,78
1632,79
1758,82
1613,77
1529,71
1583,73
1712,79
1741,78
1636,77
1487,71
1534,73
1593,75
1487,72
1548,74
1635,79
1682,79
1650,76
1720,77
1454,70
1678,78
1571,74
1687,77
1516,72
1675,78
1709,77
1575,74
1558,75
1526,73
1640,78
1542,73
1502,71
1704,80
1709,79
1689,78
1650,77
1641,76
1541,75
1508,73
1418,70
1602,76
1497,73
1750,79
1657,78
1640,77
1700,77
1614,76
1693,78
1583,75
1779,79
1622,78
1571,76
1654,78
1692,78
1716,80
1662,77
1739,79
1609,76
1641,78
1748,81
1622,78
1600,76
1710,78
1662,78
1616,76
1430,70
1633,78
1646,78
1663,79
1680,78
1742,81
1573,76
1448,71
1748,81
1559,76
1819,82
1559,72
1638,78
1622,76
1628,75
1632,78
1636,76
1702,79
1627,77
1605,74
1667,78
1672,79
1686,79
1527,71
1653,76
1525,75
1569,74
1637,78
1549,74
1676,78
1466,69
1698,79
1579,75
1611,74
1614,77
1640,77
1559,76
1481,72
1669,78
1496,73
1606,77
1541,73
1586,75
1610,77
1535,73
1509,72
1601,75
1725,77
1628,78
1643,77
1682,80
1681,79
1497,71
1566,75
1579,75
1630,78
1592,75
1642,76
1582,71
1596,77
1505,74
1568,74
1589,73
1492,72
1724,79
1698,78
1521,73
1649,80
1547,73
1715,80
1574,76
1508,75
1712,79
1643,77
1714,78
1549,74
1774,81
1570,73
1700,81
1656,76
1678,79
1542,73
1738,82
1569,74
1528,75
1561,75
1699,75
1715,79
1623,75
1596,77
1724,80
1480,71
1506,73
1704,79
1601,76
1535,72
1578,75
1675,79
1649,76
1541,75
1499,69
1611,77
1562,73
1566,74
1574,75
1644,77
1571,77
1605,77
1620,78
1412,70
1662,80
1474,73
1520,73
1823,82
1563,74
1525,74
1417,70
1606,75
1577,76
1477,72
1621,76
1663,77
1758,81
1652,77
1480,72
1628,75
1510,75
1560,75
1501,73
1591,77
1536,71
1695,79
1550,73
1635,77
1710,77
1591,76
1555,74
1628,77
1298,64
1580,74
1618,77
1543,74
1600,74
1628,76
1538,73
1686,77
1676,77
1813,83
1644,76
1801,82
1664,77
1574,75
1556,71
1657,77
1608,75
1761,79
1680,79
1703,77
1682,78
1733,80
1752,81
1712,79
1699,80
1776,80
1677,78
1520,72
1713,81
1665,79
1618,75
1562,76
1764,80
1526,71
1665,78
1651,75
1579,75
1712,75
1683,78
1740,79
1627,77
1675,77
1653,78
1550,73
1591,75
1835,82
1682,79
1579,75
1698,78
1575,75
1644,78
1539,73
1688,77
1537,72
1594,72
1578,74
1645,77
1529,73
1638,77
1850,81
1598,77
1551,75
1691,79
1718,80
1542,75
1840,84
1717,79
1737,81
1512,74
1595,78
1711,78
1644,78
1495,71
1701,80
1681,80
1670,79
1562,73
1746,81
1490,70
1619,76
1632,77
1464,70
1645,77
1586,74
1729,77
1719,80
1631,76
1578,74
1538,72
1557,75
1775,79
1510,73
1752,80
1664,78
1581,77
1722,79
1713,79
1585,72
1601,75
1800,81
1755,80
1669,75
1584,76
1715,78
1569,73
1571,75
1458,70
1608,76
1596,76
1753,82
1690,80
1638,79
1805,84
1659,74
1630,77
1637,77
1695,80
1560,72
1608,75
1556,74
1528,73
1540,74
1581,75
1574,71
1670,76
1612,76
1537,73
1586,74
1692,77
1680,79
1650,75
1680,77
1607,76
1820,83
1710,77
1602,76
1790,81
1530,73
1705,80
1601,75
1747,80
1650,77
1601,76
1670,75
1639,77
1464,71
1751,81
1547,74
1770,79
1591,74
1560,75
1663,78
1739,80
1624,75
1682,75
1602,77
1732,79
1650,76
1687,79
1609,76
1650,78
1623,77
1649,75
1583,76
1696,79
1608,75
1778,81
1599,74
1761,80
1503,72
1566,74
1562,72
1569,74
1690,76
1688,78
1680,79
1572,75
1713,79
1671,75
1730,79
1630,77
1598,74
1735,80
1689,79
1666,80
1676,79
1603,76
1707,77
1560,72
1576,73
1643,77
1727,80
1644,75
1605,75
1649,77
1470,70
1579,76
1644,75
1769,82
1479,71
1625,74
1672,76
1785,81
1577,73
1635,77
1608,76
1719,80
1524,71
1526,74
1587,74
1575,74
1655,77
1671,79
1822,82
1644,74
1681,77
1738,79
1702,78
1589,73
1549,76
1659,78
1601,75
1693,79
1552,71
1627,77
1679,78
1487,72
1631,76
1553,73
1673,77
1614,77
1708,80
1720,78
1539,72
1687,78
1641,77
1655,74
1761,82
1654,77
1661,78
1602,74
1453,71
1625,78
1591,74
1776,80
1559,72
1669,78
1570,72
1660,78
1596,76
1683,80
1504,72
1693,76
1562,74
1731,79
1655,75
1555,75
1615,77
1686,78
1652,77
1746,81
1803,81
1688,80
1628,75
1541,73
1622,74
1552,73
1627,76
1683,79
1702,79
1704,79
1629,73
1640,73
1788,80
1646,78
1750,78
1623,75
1504,74
1537,70
1670,79
1498,73
1634,75
1695,77
1506,73
1754,79
1668,79
1649,76
1693,78
1727,78
1613,76
1769,83
1637,77
1732,79
1732,80
1582,75
1656,77
1871,83
1579,75
1711,80
1700,80
1641,77
1571,75
1748,80
1573,73
1615,77
1562,75
1636,78
1463,71
1568,73
1640,76
1841,84
1570,72
1633,77
1489,70
1649,76
1676,76
1698,76
1683,75
1664,78
1622,75
1730,80
1591,74
1743,81
1700,78
1581,74
1620,77
1661,77
1634,75
1695,78
1837,81
1712,79
1754,80
1457,71
1607,75
1588,75
1694,80
1769,80
1394,68
1629,79
1815,84
1604,73
1557,73
1753,81
1679,81
1572,74
1603,74
1610,76
1432,69
1727,81
1601,77
1653,77
1569,75
1654,77
1676,76
1817,83
1711,79
1584,73
1687,80
1709,79
1638,78
1591,76
1540,74
1616,75
1618,76
1810,80
1662,78
1627,75
1577,76
1724,79
1558,74
1472,71
1790,79
1551,73
1541,74
1759,81
1698,79
1611,75
1709,81
1532,74
1552,73
1579,75
1651,74
1615,76
1701,80
1556,75
1643,77
1623,76
1729,79
1661,79
1695,79
1612,76
1789,80
1839,83
1742,81
1598,75
1582,74
1378,68
1580,74
1766,83
1733,82
1683,77
1741,80
1619,77
1417,69
1792,82
1582,74
1765,81
1668,77
1627,76
1422,67
1622,76
1626,76
1703,79
1450,69
1486,72
1701,78
1725,80
1702,81
1579,76
1741,81
1613,74
1718,80
1729,78
1797,83
1676,76
1556,73
1734,82
1703,80
1730,79
1604,75
1766,79
1761,79
1619,76
1708,79
1774,79
1599,76
1674,79
1567,74
1775,78
1579,76
1465,73
1566,74
1506,73
1586,73
1668,77
1610,76
1605,75
1782,81
1651,79
1764,81
1710,81
1699,78
1697,77
1771,81
1731,80
1588,75
1710,79
1517,72
1656,76
1722,77
1674,78
1754,77
1438,70
1773,79
1620,76
1625,75
1723,80
1485,71
1501,73
1616,77
1688,77
1617,77
1679,76
1672,77
1712,80
1750,82
1587,74
1767,80
1579,76
1709,75
1654,76
1659,79
1504,72
1601,75
1621,76
1550,75
1682,78
1709,78
1525,71
1690,77
1466,73
1552,76
1644,74
1582,75
1611,75
1596,76
1717,80
1569,73
1718,79
1679,79
1455,70
1692,78
1772,79
1674,76
1484,71
1529,70
1557,75
1560,76
1533,72
1883,82
1597,76
1596,76
1567,74
1560,76
1660,78
1714,77
1757,79
1612,75
1732,80
1528,71
1658,77
1678,77
1566,76
1726,79
1760,81
1728,79
1537,70
1592,75
1680,76
1563,73
1572,74
1617,75
1745,80
1645,78
1694,80
1743,79
1578,73
1671,76
1719,81
1579,75
1673,79
1681,78
1667,77
1594,74
1696,78
1602,76
1546,74
1569,74
1817,82
1565,75
1651,76
1710,78
1740,79
1506,70
1453,69
1661,78
1726,79
1610,74
1772,79
1698,79
1550,71
1728,79
1651,73
1613,76
1730,79
1592,75
1510,73
1527,74
1477,72
1642,78
1568,74
1541,72
1711,79
1646,77
1682,79
1479,70
1608,74
1710,80
1681,76
1551,72
1681,78
1646,75
1760,82
1467,70
1834,85
1539,70
1566,75
1634,78
1670,78
1602,77
1752,79
1661,76
1470,70
1588,74
1539,73
1642,76
1553,74
1522,71
1554,75
1544,76
1628,76
1563,74
1599,74
1547,71
1578,75
1578,73
1712,77
1823,80
1719,80
1583,75
1555,72
1604,77
1638,78
1673,78
1634,77
1547,73
1386,68
1582,74
1745,80
1536,75
1681,80
1544,74
1590,70
1583,75
1525,73
1574,75
1590,75
1733,79
1570,74
1760,80
1510,71
1523,72
1635,74
1769,81
1414,67
1656,77
1752,79
1536,71
1604,74
1616,76
1571,76
1487,73
1595,76
1475,72
1730,78
1724,79
1607,76
1712,78
1553,74
1677,78
1655,77
1530,71
1742,80
1546,75
1761,82
1534,71
1619,77
1685,77
1597,76
1657,77
1591,76
1470,69
1699,79
1616,77
1641,77
1608,74
1600,76
1738,77
1507,70
1623,74
1731,81
1605,76
1499,72
1668,79
1613,77
1706,81
1701,80
1664,77
1796,79
1620,78
1668,75
1587,74
1625,76
1659,76
1594,74
1488,71
1520,75
1772,79
1676,76
1644,77
1621,74
1577,75
1619,73
1570,71
1528,76
1637,75
1557,72
1665,78
1642,76
1690,79
1678,78
1634,75
1712,80
1537,73
1537,72
1562,75
1635,75
1530,71
1715,81
1689,78
1618,76
1692,79
1589,73
1571,73
1686,77
1726,81
1546,73
1629,76
1621,79
1678,79
1692,80
1607,76
1623,74
1618,74
1672,79
1618,78
1520,73
1611,77
1637,76
1725,80
1685,79
1654,79
1675,77
1579,73
1539,73
1664,79
1480,71
1607,74
1577,75
1677,78
1759,80
1681,81
1582,75
1719,79
1590,75
1676,78
1575,75
1730,81
1510,73
1599,75
1605,75
1477,69
1639,75
1542,74
1554,74
1516,73
1576,72
1467,71
1581,75
1673,79
1462,72
1471,71
1617,74
1630,78
1686,75
1536,73
1605,76
1602,75
1594,74
1598,74
1754,78
1559,74
1587,75
1652,78
1486,74
1744,80
1437,70
1608,76
1590,77
1583,74
1509,74
1646,79
1621,77
1528,74
1483,71
1666,79
1547,73
1656,76
1784,82
1688,78
1720,80
1505,72
1656,76
1441,69
1537,76
1695,77
1535,74
1648,80
1604,76
1676,80
1592,77
1482,70
1791,80
1634,75
1420,67
1624,72
1514,72
1547,74
1616,78
1444,70
1684,77
1536,73
1524,73
1588,73
1739,76
1688,79
1665,74
1471,69
1598,77
1664,77
1663,78
1608,75
1675,80
1716,81
1668,78
1590,73
1584,75
1552,74
1721,76
1621,75
1539,75
1635,77
1548,75
1596,73
1645,77
1626,75
1657,77
1610,72
1607,76
1570,75
1688,79
1590,77
1714,79
1623,75
1765,81
1588,75
1517,71
1643,75
1687,78
1727,80
1630,77
1633,77
1582,74
1595,74
1750,80
1549,75
1643,79
1695,77
1634,76
1693,79
1613,76
1664,78
1756,77
1727,78
1527,72
1491,73
1651,76
1547,73
1626,78
1616,76
1517,72
1712,82
1620,75
1491,74
1597,77
1677,77
1523,71
1590,73
1527,73
1714,79
1540,74
1607,76
1719,80
1583,76
1659,79
1647,76
1530,72
1588,73
1579,75
1534,74
1618,78
1687,79
1561,76
1605,73
1757,79
1643,76
1559,74
1778,83
1736,79
1670,77
1629,75
1485,69
1672,77
1709,79
1548,72
1442,68
1688,79
1639,75
1710,80
1628,78
1634,77
1541,76
1607,74
1646,75
1700,78
1748,81
1597,77
1678,79
1793,81
1473,70
1433,69
1660,77
1514,72
1665,79
1676,77
1679,77
1604,77
1657,78
1625,74
1735,81
1579,72
1813,83
1669,78
1554,74
1619,75
1545,73
1690,78
1509,74
1634,78
1623,76
1526,73
1585,77
1561,72
1665,78
1666,77
1621,75
1555,75
1550,74
1701,78
1476,71
1553,74
1577,75
1586,75
1660,79
1706,79
1639,77
1638,74
1513,74
1705,79
1616,76
1624,74
1583,73
1642,77
1649,77
1799,80
1780,82
1490,72
1511,72
1618,76
1745,81
1733,82
1533,73
1583,76
1627,76
1579,73
1703,80
1599,76
1611,76
1471,70
1509,70
1586,75
1644,79
1649,78
1624,77
1613,76
1779,83
1576,75
1712,80
1654,76
1491,70
1579,74
1611,77
1719,80
1504,72
1574,73
1585,75
1604,75
1678,79
1706,76
1444,68
1721,78
1645,78
1824,82
1645,78
1834,83
1687,81
1545,71
1678,77
1490,71
1741,81
1725,79
1597,75
1599,76
1634,77
1602,73
1505,72
1620,77
1558,72
1510,73
1729,78
1567,73
1635,77
1650,77
1651,77
1490,73
1611,77
1535,70
1716,79
1601,76
1597,76
1642,78
1441,67
1693,78
1735,80
1720,78
1545,71
1663,78
1621,77
1614,77
1652,79
1629,77
1586,75
1721,80
1552,73
1727,79
1539,73
1504,74
1626,77
1565,75
1485,71
1626,77
1703,81
1554,74
1516,73
1543,71
1752,80
1559,74
1611,75
1555,73
1574,73
1537,75
1626,76
1669,78
1731,79
1531,72
1654,75
1688,78
1725,79
1639,77
1666,76
1596,77
1573,75
1666,77
1688,77
1674,77
1791,81
1502,72
1672,80
1397,69
1604,74
1591,75
1650,78
1704,77
1847,83
1596,75
1702,78
1714,80
1662,77
1763,78
1736,79
1663,77
1585,74
1691,80
1631,74
1561,70
1713,76
1514,68
1755,82
1568,76
1686,78
1672,79
1676,77
1571,74
1637,76
1581,74
1571,74
1452,69
1570,73
1595,74
1637,77
1579,77
1761,80
1580,71
1639,77
1708,80
1564,76
1639,75
1725,80
1563,76
1441,68
1702,77
1551,74
1540,74
1590,75
1439,70
1626,75
1523,74
1630,77
1495,74
1629,75
1648,78
1563,73
1622,78
1647,76
1731,80
1592,75
1607,75
1643,77
1561,72
1729,80
1717,80
1608,74
1745,81
1812,80
1696,80
1553,74
1561,75
1729,80
1713,81
1693,80
1724,81
1786,80
1794,81
1651,77
1713,78
1641,77
1792,82
1609,78
1643,77
1737,79
1575,75
1679,80
1757,82
1638,74
1461,69
1665,79
1522,72
1527,71
1640,78
1513,73
1558,74
1635,76
1515,70
1502,74
1558,75
1603,76
1632,77
1676,79
1689,78
1725,81
1603,76
1662,77
1720,80
1519,69
1484,69
1778,81
1576,77
1626,76
1586,76
1628,76
1509,72
1669,76
1668,76
1468,69
1522,71
1661,78
1703,77
1627,77
1644,76
1645,78
1725,78
1669,78
1716,81
1567,74
1658,79
1683,79
1686,79
1573,76
1655,77
1617,74
1623,76
1673,79
1510,72
1629,78
1638,77
1559,71
1644,74
1540,73
1486,71
1683,80
1662,78
1781,82
1667,77
1509,71
1488,71
1528,75
1521,73
1706,78
1665,76
1656,77
1644,75
1672,77
1477,70
1527,74
1634,78
1614,76
1693,76
1655,80
1727,81
1681,78
1669,78
1672,79
1504,71
1700,79
1591,77
1608,76
1620,75
1525,72
1637,78
1706,77
1758,80
1517,73
1537,72
1657,78
1596,75
1613,76
1518,72
1563,75
1629,74
1656,77
1619,76
1759,81
1621,75
1676,77
1720,80
1504,71
1610,75
1650,76
1661,78
1562,74
1608,77
1556,73
1615,76
1668,77
1774,82
1528,73
1606,76
1631,73
1732,80
1675,76
1650,78
1534,76
1608,72
1673,77
1451,68
1766,79
1582,73
1537,73
1700,80
1423,69
1655,78
1525,73
1803,80
1380,70
1573,76
1578,75
1607,77
1581,72
1469,71
1612,78
1714,80
1561,74
1618,76
1516,71
1675,75
1683,77
1547,76
1567,73
1678,74
1690,76
1482,72
1619,76
1697,78
1715,78
1578,74
1531,70
1523,74
1467,69
1572,74
1633,76
1713,80
1574,74
1644,77
1443,68
1764,79
1456,72
1538,74
1692,79
1595,73
1625,77
1470,71
1748,78
1569,74
1665,79
1708,79
1594,76
1613,75
1600,76
1642,78
1548,72
1649,75
1507,73
1624,75
1600,74
1592,78
1709,78
1673,77
1723,80
1632,76
1673,78
1727,80
1597,76
1561,74
1598,75
1554,73
1661,78
1672,79
1723,80
1710,78
1736,79
1478,71
1731,81
1724,81
1724,77
1696,80
1674,77
1534,73
1758,79
1689,79
1606,74
1578,76
1584,76
1575,74
1681,78
1657,78
1675,77
1530,72
1708,81
1516,73
1577,76
1584,75
1663,77
1477,72
1573,72
1583,75
1541,72
1761,81
1545,73
1528,72
1650,78
1749,81
1610,77
1582,76
1594,75
1572,73
1569,73
1732,82
1631,77
1553,74
1591,75
1474,72
1755,79
1639,76
1707,78
1792,82
1738,78
1590,76
1677,76
1632,74
1554,72
1699,78
1614,77
1658,77
1656,78
1580,74
1589,75
1580,73
1702,80
1473,68
1715,80
1513,72
1693,78
1573,76
1550,73
1770,83
1649,77
1467,71
1464,70
1565,74
1673,79
1388,69
1615,75
1631,77
1768,80
1491,74
1653,75
1580,74
1609,77
1544,74
1519,72
1634,76
1617,76
1490,73
1727,79
1633,77
1632,77
1579,74
1591,76
1497,74
1549,73
1384,68
1830,85
1550,74
1588,76
1615,78
1633,77
1597,76
1634,76
1656,76
1611,75
1563,72
1574,77
1513,75
1735,82
1577,72
1590,75
1664,78
1545,72
1741,82
1724,79
1778,81
1588,74
1581,76
1441,71
1684,79
1743,82
1561,71
1614,74
1491,72
1708,79
1659,76
1562,75
1758,82
1579,74
1577,74
1705,81
1692,77
1552,71
1690,80
1493,73
1683,79
1567,75
1596,76
1718,78
1622,75
1623,75
1638,73
1623,76
1711,78
1642,77
1778,79
1539,73
1623,75
1520,73
1626,76
1609,75
1629,78
1615,75
1595,75
1608,76
1567,74
1512,72
1705,77
1655,76
1688,78
1503,71
1617,75
1473,71
1655,76
1710,79
1635,76
1543,71
1885,84
1450,70
1631,76
1505,73
1676,79
1609,76
1535,73
1678,78
1721,79
1630,78
1544,74
1572,71
1618,76
1646,76
1490,71
1590,74
1597,75
1422,70
1591,76
1645,77
1622,75
1558,76
1505,73
1610,76
1517,73
1663,76
1644,79
1703,79
1571,73
1534,73
1587,71
1613,75
1611,74
1665,77
1547,74
1715,78
1580,77
1627,76
1783,82
1665,76
1520,70
1676,78
1669,79
1775,81
1661,78
1673,80
1649,77
1586,75
1756,78
1634,76
1575,73
1655,76
1637,78
1549,73
1613,76
1606,74
1583,76
1751,80
1596,77
1696,78
1648,79
1576,76
1601,75
1622,74
1575,75
1614,77
1571,75
1457,71
1556,73
1695,76
1676,76
1644,74
1549,74
1615,75
1653,78
1627,75
1687,77
1530,75
1516,71
1798,83
1441,71
1659,77
1480,72
1719,80
1642,78
1635,75
1703,80
1661,77
1642,74
1582,76
1541,73
1467,70
1669,79
1783,80
1607,74
1692,78
1472,72
1567,75
1729,80
1644,77
1634,76
1616,76
1634,76
1708,77
1645,74
1564,76
1547,72
1673,78
1524,75
1708,80
1604,74
1691,77
1624,77
1728,79
1569,74
1686,79
1685,78
1742,80
1734,78
1673,79
1596,75
1762,81
1648,77
1791,81
1620,76
1626,77
1628,76
1592,74
1644,75
1427,65
1703,79
1578,75
1673,79
1808,81
1636,77
1533,72
1669,76
1608,77
1768,82
1597,75
1636,76
1650,78
1663,76
1733,79
1603,76
1547,71
1573,74
1663,77
1577,77
1777,81
1676,79
1420,67
1678,78
1728,75
1630,79
1500,73
1532,75
1649,76
1604,76
1631,76
1439,70
1536,75
1665,77
1741,79
1577,75
1683,78
1462,72
1593,75
1675,77
1603,75
1520,71
1594,76
1614,76
1695,78
1698,76
1416,69
1378,70
1683,78
1642,77
1533,72
1479,71
1534,73
1475,68
1761,80
1670,77
1617,77
1641,77
1547,72
1630,77
1644,75
1711,80
1778,77
1712,80
1568,74
1598,77
1665,79
1526,72
1584,75
1604,76
1581,75
1644,75
1768,81
1677,79
1537,75
1637,76
1461,69
1632,77
1704,81
1650,78
1603,78
1555,74
1644,78
1521,74
1611,73
1457,72
1575,73
1682,77
1557,71
1617,75
1467,67
1675,79
1581,73
1529,73
1586,74
1484,73
1620,77
1744,80
1695,78
1702,79
1643,78
1549,74
1578,74
1677,79
1616,75
1560,72
1514,72
1581,76
1574,74
1717,80
1618,76
1529,74
1540,74
1469,72
1643,77
1495,68
1560,73
1500,72
1757,81
1639,77
1716,79
1534,72
1470,66
1602,76
1557,73
1493,71
1646,75
1689,80
1686,76
1713,79
1619,76
1676,77
1640,77
1582,74
1579,73
1705,79
1587,75
1629,76
1626,77
1591,74
1537,74
1575,75
1772,82
1716,78
1607,75
1661,79
1769,78
1715,80
1494,71
1615,76
1552,73
1519,72
1592,77
1603,75
1532,74
1665,79
1469,72
1665,78
1701,79
1702,80
1789,83
1573,77
1428,68
1652,79
1592,75
1499,69
1652,74
1610,76
1541,74
1734,78
1719,78
1705,79
1667,77
1576,74
1616,76
1560,74
1688,78
1547,74
1670,75
1617,76
1461,71
1496,71
1563,75
1610,74
1674,79
1536,73
1651,78
1615,78
1336,67
1497,73
1589,75
1650,77
1708,77
1630,78
1599,77
1681,79
1572,73
1659,79
1603,76
1758,80
1723,78
1753,81
1529,73
1574,75
1646,77
1472,70
1712,81
1541,74
1615,75
1666,79
1685,77
1616,73
1438,71
1515,73
1612,75
1542,77
1633,78
1653,78
1794,83
1600,73
1727,79
1622,76
1566,74
1683,79
1791,79
1578,77
1609,77
1786,84
1539,72
1533,74
1578,73
1744,81
1566,75
1637,75
1640,79
1620,77
1564,76
1530,72
1627,77
1662,78
1649,78
1573,74
1606,76
1612,76
1555,74
1625,77
1479,72
1590,75
1751,77
1659,77
1552,75
1497,75
1655,78
1523,72
1706,77
1423,71
1614,73
1747,82
1600,74
1555,73
1517,72
1624,75
1672,79
1736,81
1702,80
1706,78
1506,74
1836,85
1578,76
1686,75
1474,73
1563,76
1531,72
1663,78
1708,79
1566,74
1584,76
1604,77
1683,78
1381,67
1590,76
1478,73
1569,73
1574,74
1697,80
1756,83
1581,76
1658,79
1685,78
1656,78
1753,81
1538,73
1538,75
1624,75
1619,77
1629,75
1659,77
1684,79
1653,78
1619,78
1540,74
1672,75
1642,74
1509,70
1646,74
1598,75
1666,77
1603,75
1683,79
1468,72
1558,74
1542,74
1570,76
1688,80
1440,67
1624,75
1485,72
1694,76
1659,77
1562,71
1605,77
1418,67
1558,72
1633,75
1493,71
1573,74
1638,76
1672,78
1551,72
1565,73
1653,78
1745,81
1555,72
1549,74
1611,75
1697,79
1560,75
1502,71
1630,78
1552,74
1593,75
1531,74
1744,80
1654,77
1672,78
1574,74
1564,71
1636,78
1763,82
1730,80
1686,80
1511,73
1541,73
1537,75
1798,83
1703,79
1744,81
1699,79
1734,79
1611,77
1759,80
1525,74
1658,79
1696,80
1542,73
1576,74
1539,71
1591,75
1518,70
1646,75
1665,74
1679,80
1562,75
1539,73
1773,79
1554,74
1715,80
1597,76
1657,77
1513,71
1586,75
1778,79
1598,76
1619,76
1629,76
1623,78
1688,79
1594,77
1538,73
1581,74
1719,80
1646,75
1622,75
1552,73
1739,80
1643,77
1510,73
1582,76
1650,76
1608,76
1652,78
1527,73
1709,79
1565,74
1677,80
1634,76
1553,74
1650,76
1536,73
1550,74
1567,76
1646,77
1594,77
1714,79
1604,76
1692,80
1731,77
1589,76
1549,72
1632,78
1524,71
1510,73
1538,72
1591,75
1704,80
1691,79
1613,75
1771,78
1542,72
1510,72
1673,79
1568,74
1571,76
1565,76
1702,79
1722,78
1447,68
1610,75
1664,75
1512,74
1644,77
1558,76
1624,76
1689,78
1804,81
1579,74
1693,76
1508,71
1751,80
1761,82
1628,78
1627,77
1561,74
1607,75
1530,72
1684,79
1524,75
1565,75
1422,71
1702,78
1596,77
1740,79
1722,79
1444,71
1534,73
1577,75
1757,79
1683,77
1562,75
1424,69
1669,79
1597,76
1636,78
1713,80
1668,77
1505,73
1715,80
1719,81
1615,77
1740,80
1500,71
1535,74
1702,79
1708,79
1549,73
1598,76
1508,72
1632,78
1630,78
1623,77
1599,76
1697,77
1678,78
1536,72
1623,75
1693,78
1652,78
1607,76
1687,80
1515,73
1741,78
1594,77
1796,80
1655,76
1692,80
1674,77
1585,74
1607,75
1485,73
1608,76
1657,77
1584,74
1607,74
1679,77
1738,78
1520,74
1588,77
1510,72
1672,75
1687,78
1496,71
1748,81
1561,73
1701,79
1568,72
1623,75
1464,72
1669,77
1611,78
1597,77
1711,77
1559,75
1678,78
1759,81
1603,76
1714,79
1558,75
1519,71
1563,74
1507,72
1514,71
1760,81
1625,77
1519,73
1520,70
1542,73
1538,73
1709,81
1762,80
1706,79
1586,75
1596,76
1717,78
1694,78
1567,74
1650,77
1684,77
1672,78
1608,76
1673,77
1610,77
1621,74
1767,82
1587,75
1629,75
1619,75
1446,66
1708,81
1805,82
1607,76
1703,80
1606,74
1636,76
1599,77
1625,76
1659,77
1592,75
1612,73
1613,75
1579,75
1606,73
1646,75
1676,77
1601,76
1652,79
1576,71
1568,73
1561,74
1582,75
1689,80
1723,81
1652,76
1642,75
1679,79
1610,75
1501,73
1568,75
1548,73
1673,77
1574,75
1677,78
1485,70
1420,70
1734,76
1453,72
1718,77
1644,78
1494,72
1608,76
1557,73
1762,79
1754,81
1618,72
1579,75
1620,77
1414,71
1748,80
1756,81
1547,74
1534,74
1689,77
1499,72
1669,74
1589,76
1586,76
1616,74
1618,78
1669,78
1651,77
1630,76
1705,79
1668,78
1724,79
1634,76
1725,81
1490,73
1409,69
1549,77
1546,72
1652,76
1765,78
1656,77
1530,72
1658,79
1719,76
1360,67
1482,71
1561,75
1555,73
1626,77
1597,75
1690,79
1435,67
1565,73
1483,72
1606,75
1829,83
1730,79
1697,77
1710,80
1607,76
1575,76
1657,77
1744,77
1664,79
1653,76
1565,76
1684,80
1748,78
1566,71
1654,77
1661,78
1561,73
1653,75
1570,74
1567,73
1471,71
1495,73
1690,80
1574,74
1690,79
1541,75
1589,77
1666,76
1452,67
1770,80
1566,74
1570,74
1624,77
1684,81
1569,74
1793,83
1537,72
1697,80
1676,79
1519,73
1546,74
1657,76
1755,79
1532,74
1531,73
1590,75
1701,80
1544,72
1764,81
1632,74
1723,81
1683,79
1685,75
1567,74
1753,80
1534,74
1910,83
1750,80
1655,78
1548,73
1522,72
1676,79
1691,77
1626,78
1813,82
1750,81
1347,67
1617,77
1749,82
1693,75
1543,76
1691,77
1748,81
1570,72
1516,73
1705,78
1731,80
1573,76
1617,78
1577,75
1502,72
1704,80
1721,80
1670,76
1580,74
1591,74
1617,76
1567,75
1679,76
1747,81
1566,73
1420,70
1674,78
1688,77
1513,70
1642,77
1659,77
1550,73
1628,76
1593,73
1538,74
1668,80
1620,78
1447,72
1611,73
1686,81
1663,77
1704,78
1713,81
1482,69
1664,79
1623,76
1649,78
1589,73
1587,74
1678,77
1426,70
1568,72
1692,81
1573,74
1643,78
1636,75
1692,77
1663,78
1461,69
1596,77
1628,75
1604,75
1555,74
1720,79
1642,77
1762,79
1516,72
1659,79
1604,74
1714,79
1574,70
1505,71
1557,74
1581,73
1654,76
1662,78
1568,76
1741,79
1640,77
1560,73
1721,77
1559,77
1588,76
1496,73
1508,73
1689,78
1475,72
1672,80
1447,70
1688,78
1692,80
1595,74
1776,83
1725,81
1580,74
1558,76
1560,74
1708,78
1561,74
1551,74
1595,76
1630,75
1684,78
1707,79
1612,77
1592,74
1677,79
1625,77
1645,78
1673,74
1719,79
1665,77
1711,79
1714,80
1679,79
1624,76
1531,75
1519,73
1868,85
1589,75
1551,75
1664,79
1619,77
1536,72
1682,80
1477,71
1661,78
1678,77
1752,81
1498,73
1717,81
1715,80
1514,74
1616,76
1552,71
1595,76
1488,70
1462,70
1513,72
1593,74
1624,75
1721,78
1727,80
1551,74
1714,82
1652,79
1649,79
1535,74
1712,81
1620,75
1607,77
1707,80
1638,76
1593,75
1625,75
1566,74
1496,72
1642,77
1666,75
1717,80
1676,79
1701,80
1486,74
1606,74
1506,72
1608,78
1616,74
1733,79
1689,77
1621,76
1636,73
1535,73
1457,70
1697,78
1625,78
1398,66
1686,78
1519,72
1607,74
1579,76
1634,78
1653,74
1389,67
1643,75
1674,76
1684,78
1683,78
1666,79
1693,78
1729,78
1670,77
1514,75
1523,74
1660,77
1486,72
1698,79
1644,78
1625,76
1635,78
1568,74
1670,79
1601,75
1669,79
1610,77
1626,78
1633,76
1653,76
1506,72
1829,82
1528,74
1807,82
1544,75
1645,76
1649,78
1584,78
1727,80
1677,77
1647,78
1680,76
1435,71
1639,79
1522,75
1560,73
1500,73
1649,79
1678,75
1706,77