1483,65
1483,65
1424,62
1314,58
1333,61
1483,65
1435,62
1383,62
1462,63
1396,65
1360,66
1358,66
1404,67
1437,64
1512,67
1407,65
1414,66
1402,67
1505,70
1474,69
1505,70
1545,69
1440,67
1313,62
1430,68
1496,69
1357,63
1505,70
1473,68
1339,61
1505,70
1512,67
1476,69
1454,68
1436,68
1462,67
1505,70
1496,69
1469,68
1193,59
1505,70
1562,71
1471,68
1579,71
1562,71
1458,67
1539,71
1487,68
1546,71
1424,65
1491,69
1455,67
1406,65
1340,63
1513,70
1533,69
1539,71
1550,70
1440,66
1487,68
1539,71
1539,71
1559,71
1539,71
1461,69
1557,71
1478,69
1546,71
1539,71
1506,66
1441,68
1539,71
1539,71
1493,68
1539,71
1528,70
1514,70
1401,65
1595,72
1593,72
1470,69
1573,71
1586,71
1641,71
1597,72
1591,72
1432,66
1537,71
1541,71
1560,70
1591,72
1551,71
1584,71
1548,71
1587,71
1595,71
1591,72
1591,72
1591,72
1496,69
1440,65
1560,70
1591,72
1612,70
1483,69
1561,70
1588,70
1591,72
1591,72
1581,70
1591,72
1581,70
1333,61
1560,70
1568,71
1653,74
1653,74
1657,74
1627,73
1604,71
1625,71
1657,74
1620,73
1664,74
1653,74
1589,71
1559,70
1635,73
1500,67
1653,74
1651,74
1651,74
1598,69
1591,72
1646,73
1603,71
1653,74
1609,69
1502,66
1365,65
1583,71
1661,74
1651,74
1658,72
1618,71
1653,74
1620,73
1651,74
1610,73
1651,74
1651,74
1651,74
1621,72
1582,70
1651,74
1651,74
1651,74
1457,66
1515,70
1528,68
1629,74
1544,71
1639,74
1628,71
1374,65
1617,72
1503,69
1650,75
1595,72
1536,67
1471,70
1639,75
1647,74
1555,71
1601,73
1633,72
1639,75
1409,64
1639,75
1628,73
1679,75
1601,74
1562,72
1639,75
1629,74
1692,76
1599,74
1548,72
1488,67
1489,68
1591,73
1692,76
1605,73
1606,74
1554,70
1692,76
1692,76
1694,75
1537,69
1617,74
1680,76
1684,76
1680,76
1609,73
1680,76
1680,76
1476,66
1680,76
1639,74
1545,71
1676,76
1577,72
1676,76
1502,67
1605,72
1671,75
1685,75
1604,72
1563,70
1396,68
1633,75
1613,74
1559,69
1645,75
1664,76
1626,75
1642,74
1655,75
1573,73
1552,69
1664,76
1664,76
1693,77
1521,70
1663,76
1663,76
1647,75
1644,73
1647,75
1665,73
1466,70
1561,70
1597,73
1701,76
1647,75
1559,71
1473,69
1634,73
1441,69
1670,76
1668,74
1588,70
1631,72
1646,75
1685,77
1667,76
1586,74
1564,73
1685,77
1694,76
1614,72
1703,77
1656,75
1513,71
1641,75
1557,70
1568,72
1695,77
1357,64
1664,76
1651,75
1637,76
1457,67
1532,71
1604,72
1664,76
1674,76
1590,73
1645,76
1475,69
1680,76
1582,74
1504,70
1676,76
1676,76
1699,77
1499,66
1529,71
1671,76
1584,71
1649,73
1511,70
1556,72
1696,76
1619,73
1680,76
1611,74
1655,74
1522,69
1452,68
1643,76
1646,76
1566,73
1583,73
1532,70
1564,73
1669,76
1680,75
1684,76
1685,77
1483,69
1584,73
1564,73
1695,76
1685,77
1667,76
1445,64
1515,71
1588,69
1610,75
1659,75
1685,77
1671,77
1671,77
1671,77
1486,68
1506,68
1670,76
1649,75
1623,71
1646,75
1607,73
1671,77
1415,65
1516,69
1634,74
1663,77
1634,75
1663,77
1631,75
1663,77
1620,71
1536,71
1534,69
1589,74
1548,71
1664,77
1692,77
1692,77
1663,77
1670,75
1524,70
1667,77
1499,70
1587,74
1579,72
1666,76
1663,77
1595,74
1669,76
1650,76
1599,74
1497,71
1663,77
1677,77
1661,77
1532,68
1590,68
1512,67
1582,73
1637,76
1600,74
1661,77
1564,74
1639,74
1661,77
1445,63
1651,76
1527,70
1669,76
1560,72
1597,74
1694,76
1661,77
1425,65
1697,77
1592,74
1633,76
1661,77
1608,71
1601,75
1655,76
1479,69
1592,73
1605,74
1650,75
1519,70
1664,74
1629,76
1635,76
1661,77
1661,77
1647,75
1523,72
1661,77
1427,68
1661,77
1685,77
1707,78
1712,74
1709,78
1466,67
1655,73
1712,74
1545,70
1691,75
1692,76
1642,74
1646,76
1663,74
1466,68
1707,75
1679,77
1599,72
1594,72
1641,75
1613,74
1699,77
1720,78
1707,78
1512,68
1669,77
1643,74
1608,73
1729,78
1461,70
1707,78
1707,78
1707,78
1548,71
1466,69
1650,75
1564,71
1588,72
1705,78
1705,78
1562,70
1610,74
1639,74
1703,77
1528,71
1684,76
1642,76
1649,75
1565,70
1493,67
1666,74
1577,70
1606,72
1620,75
1590,71
1537,70
1679,77
1623,73
1585,71
1705,78
1705,78
1652,75
1705,78
1667,73
1707,78
1705,78
1671,76
1406,66
1711,78
1703,77
1478,71
1705,78
1708,77
1550,69
1437,66
1705,78
1705,78
1548,72
1705,78
1564,71
1563,72
1688,76
1705,78
1684,77
1705,78
1525,69
1639,75
1705,78
1570,72
1703,77
1566,72
1696,76
1409,65
1705,78
1538,71
1705,78
1520,69
1640,75
1336,64
1707,78
1686,77
1500,69
1536,72
1705,78
1602,74
1659,75
1550,71
1705,78
1540,71
1658,74
1705,78
1701,78
1559,72
1666,77
1620,73
1626,74
1682,77
1701,78
1725,78
1647,74
1701,78
1541,72
1492,69
1557,74
1655,75
1701,78
1701,78
1701,78
1560,72
1465,67
1671,77
1575,74
1679,76
1701,78
1701,78
1632,74
1356,64
1747,79
1695,77
1758,78
1620,75
1747,79
1745,79
1609,73
1686,77
1745,79
1711,76
1713,78
1578,72
1745,79
1626,74
1516,72
1718,78
1663,76
1426,65
1745,79
1711,77
1734,78
1571,72
1751,79
1603,71
1506,69
1534,72
1636,75
1745,79
1364,63
1661,75
1706,77
1745,79
1745,79
1649,74
1657,74
1668,76
1502,71
1629,76
1584,73
1745,79
1717,78
1725,78
1745,79
1745,79
1696,77
1745,79
1643,76
1692,76
1427,65
1557,72
1745,79
1745,79
1485,72
1745,79
1566,72
1734,78
1689,75
1675,75
1742,77
1579,71
1399,67
1480,67
1704,77
1543,69
1359,66
1745,79
1677,76
1685,78
1613,74
1553,70
1406,67
1699,77
1612,75
1610,73
1644,73
1558,72
1745,79
1719,77
1745,79
1649,76
1730,78
1745,79
1696,78
1560,72
1449,69
1715,77
1745,79
1484,69
1663,76
1618,74
1695,77
1574,72
1690,76
1491,69
1497,72
1747,79
1526,70
1605,74
1667,76
1590,71
1643,76
1643,76
1745,79
1745,79
1645,76
1505,69
1614,75
1745,79
1745,79
1622,75
1607,73
1623,69
1722,78
1582,73
1658,76
1591,73
1725,79
1725,79
1725,79
1666,74
1772,77
1552,69
1573,71
1725,79
1701,78
1729,79
1660,75
1637,75
1713,78
1547,71
1671,76
1709,77
1635,75
1686,77
1612,73
1725,79
1678,77
1697,78
1604,74
1725,79
1725,79
1620,75
1499,69
1657,75
1489,68
1725,79
1725,79
1606,73
1725,79
1633,75
1645,75
1691,76
1596,73
1725,79
1694,77
1671,76
1577,69
1491,69
1729,78
1607,72
1488,69
1705,77
1672,76
1705,78
1680,75
1725,79
1567,70
1635,75
1573,72
1446,68
1725,79
1664,76
1727,79
1514,70
1725,79
1725,79
1623,73
1652,74
1731,79
1531,71
1517,71
1714,78
1667,75
1725,79
1709,78
1662,77
1665,75
1474,66
1510,68
1690,77
1626,72
1654,76
1614,74
1588,71
1439,65
1725,79
1641,75
1730,78
1693,75
1673,77
1428,67
1676,78
1725,79
1693,76
1668,76
1701,78
1691,77
1674,77
1607,71
1735,79
1631,76
1731,79
1721,77
1725,79
1520,70
1407,65
1583,73
1668,76
1657,75
1613,73
1692,78
1565,72
1725,79
1725,79
1725,79
1686,77
1520,71
1674,76
1566,69
1696,76
1712,78
1652,75
1656,73
1610,75
1699,78
1725,79
1561,71
1637,75
1725,79
1699,77
1725,79
1725,79
1697,78
1725,79
1714,78
1548,71
1567,72
1533,69
1725,79
1749,78
1507,72
1725,79
1725,79
1703,78
1607,74
1577,71
1725,79
1689,78
1725,79
1725,79
1667,77
1696,76
1635,72
1715,77
1505,71
1514,72
1714,78
1577,70
1703,77
1725,79
1725,79
1674,75
1620,74
1584,74
1614,75
1704,77
1693,78
1687,78
1740,78
1725,79
1691,78
1725,79
1684,77
1707,78
1725,79
1581,72
1703,78
1725,79
1579,69
1684,77
1580,73
1674,76
1666,77
1733,79
1725,79
1725,79
1676,78
1669,77
1691,77
1701,78
1764,78
1654,76
1463,70
1713,78
1558,72
1585,74
1546,72
1704,76
1707,76
1671,75
1709,78
1632,74
1695,78
1649,73
1695,78
1582,71
1661,76
1654,77
1689,76
1687,76
1679,76
1551,71
1642,76
1725,79
1543,70
1463,69
1662,76
1725,79
1482,68
1595,73
1697,78
1441,68
1715,78
1699,78
1677,76
1725,79
1579,72
1647,72
1492,69
1723,78
1654,76
1699,78
1627,75
1626,74
1546,72
1556,72
1594,72
1650,76
1699,77
1598,74
1562,71
1677,76
1700,78
1660,76
1626,73
1729,78
1687,77
1707,76
1725,79
1489,67
1712,77
1601,73
1558,72
1725,79
1689,78
1383,67
1532,68
1684,77
1725,79
1675,77
1563,70
1510,70
1712,78
1480,69
1596,70
1689,76
1669,77
1725,79
1687,77
1725,79
1621,75
1555,70
1502,70
1725,79
1590,74
1588,70
1649,76
1563,71
1648,75
1595,72
1558,70
1636,75
1668,76
1654,76
1725,79
1679,77
1687,75
1680,77
1689,76
1590,74
1642,75
1736,77
1668,76
1612,73
1725,79
1641,74
1725,79
1718,78
1693,76
1617,73
1690,77
1655,76
1597,71
1677,77
1674,76
1714,78
1662,76
1657,77
1636,75
1731,78
1591,75
1717,78
1531,71
1676,77
1651,74
1633,75
1619,74
1582,73
1725,79
1616,74
1769,79
1435,67
1689,77
1620,73
1586,72
1647,76
1620,74
1725,79
1641,75
1628,75
1511,70
1588,70
1696,78
1725,79
1673,77
1567,72
1701,78
1708,77
1586,74
1433,68
1508,70
1699,77
1626,75
1719,76
1725,79
1725,79
1725,79
1566,72
1634,76
1684,77
1649,76
1624,74
1459,68
1517,70
1575,72
1577,70
1698,78
1631,74
1520,69
1696,77
1725,79
1686,77
1716,78
1724,78
1725,79
1638,75
1725,79
1696,78
1669,76
1724,78
1725,79
1715,76
1703,78
1725,79
1497,70
1553,72
1677,76
1625,75
1451,67
1688,77
1747,79
1683,77
1725,79
1725,79
1698,74
1647,74
1712,77
1699,78
1562,71
1649,75
1371,65
1491,69
1693,78
1669,77
1619,72
1677,77
1618,74
1494,71
1725,79
1725,79
1720,74
1671,77
1652,74
1384,66
1491,68
1725,79
1689,76
1639,75
1774,78
1499,67
1730,77
1534,69
1717,78
1416,63
1686,76
1714,78
1632,72
1696,77
1726,78
1697,78
1587,74
1687,78
1727,79
1566,71
1674,73
1564,71
1725,79
1481,68
1642,73
1725,79
1699,76
1727,79
1725,79
1412,67
1652,74
1725,79
1673,77
1476,67
1699,78
1539,70
1440,67
1712,76
1665,77
1673,76
1683,77
1456,70
1697,78
1727,79
1599,74
1707,77
1603,72
1614,71
1741,78
1557,70
1733,79
1725,79
1640,74
1655,75
1670,76
1480,68
1725,79
1592,74
1649,76
1553,71
1393,65
1643,75
1725,79
1609,74
1692,77
1657,74
1725,77
1641,75
1677,77
1514,69
1691,77
1554,72
1479,68
1592,72
1725,79
1648,75
1725,79
1670,76
1710,78
1584,73
1643,75
1577,72
1491,68
1567,73
1655,75
1725,79
1537,70
1456,70
1611,74
1725,79
1593,73
1708,78
1725,79
1725,79
1664,76
1413,66
1642,74
1631,75
1669,76
1542,70
1722,77
1725,79
1664,73
1481,69
1683,76
1725,79
1713,78
1725,79
1544,72
1453,68
1725,79
1716,78
1640,73
1488,70
1725,79
1725,79
1679,72
1488,68
1725,79
1691,78
1591,72
1725,79
1670,77
1576,72
1674,75
1668,76
1746,79
1725,79
1555,69
1605,74
1714,78
1653,76
1666,77
1643,75
1645,76
1458,67
1692,77
1724,78
1509,69
1725,79
1677,76
1648,72
1663,76
1393,66
1725,79
1608,73
1619,74
1645,76
1628,75
1606,74
1725,79
1623,73
1714,77
1626,73
1666,74
1747,79
1725,79
1725,79
1483,67
1725,79
1725,79
1665,77
1680,77
1701,78
1688,77
1703,78
1725,79
1584,73
1686,77
1611,75
1725,79
1492,68
1746,78
1656,76
1657,73
1725,79
1650,76
1611,75
1725,79
1544,69
1640,75
1692,77
1486,70
1705,78
1380,65
1725,79
1720,78
1483,68
1725,79
1709,78
1417,67
1650,74
1662,75
1375,64
1591,72
1724,78
1667,76
1533,67
1725,79
1684,75
1725,79
1349,64
1600,73
1699,77
1731,79
1725,79
1587,73
1714,75
1447,68
1636,74
1522,71
1387,64
1695,78
1728,78
1539,72
1725,79
1747,75
1730,78
1601,73
1684,76
1653,75
1452,69
1720,78
1371,64
1678,74
1609,73
1680,77
1654,75
1677,77
1514,71
1725,79
1609,73
1501,69
1677,77
1588,72
1620,74
1695,78
1702,77
1641,75
1552,72
1725,79
1717,78
1681,76
1563,69
1622,70
1747,79
1725,79
1725,79
1737,77
1555,70
1746,79
1417,65
1617,72
1705,78
1715,78
1662,73
1725,79
1464,70
1650,76
1725,79
1597,71
1698,78
1661,74
1581,72
1645,76
1564,72
1751,76
1710,75
1699,77
1747,79
1690,77
1696,77
1700,78
1600,72
1515,72
1626,74
1675,76
1720,75
1651,76
1539,71
1692,76
1524,67
1531,70
1700,78
1508,67
1752,76
1728,78
1725,79
1736,78
1701,76
1695,78
1725,79
1572,73
1614,72
1716,76
1603,75
1697,78
1689,76
1725,79
1729,78
1567,68
1539,70
1634,74
1725,79
1647,76
1727,79
1660,77
1725,79
1689,76
1582,73
1514,69
1465,67
1456,66
1636,74
1673,74
1466,65
1586,73
1725,79
1638,72
1594,72
1725,79
1705,78
1579,70
1661,77
1697,78
1680,75
1651,76
1657,75
1517,71
1725,79
1731,79
1724,78
1526,70
1465,66
1725,79
1725,79
1538,70
1714,78
1508,71
1642,70
1621,73
1681,74
1540,72
1716,78
1716,75
1708,77
1643,75
1622,74
1645,74
1536,72
1515,68
1725,79
1406,66
1407,67
1725,79
1729,79
1725,79
1703,78
1675,77
1603,73
1725,79
1593,73
1725,79
1649,76
1725,79
1729,76
1725,79
1668,74
1701,78
1706,78
1604,71
1641,76
1456,67
1755,78
1659,75
1540,72
1492,70
1746,78
1725,79
1678,78
1545,71
1583,70
1725,79
1715,78
1599,73
1672,77
1664,76
1691,78
1662,74
1725,79
1557,70
1727,79
1473,68
1725,78
1644,75
1649,75
1555,71
1415,66
1477,69
1654,75
1497,68
1597,72
1687,77
1630,74
1687,77
1649,75
1502,68
1685,77
1725,79
1698,78
1568,72
1724,78
1725,79
1553,70
1566,70
1524,68
1700,77
1729,79
1699,78
1629,76
1720,77
1521,68
1725,79
1725,79
1696,77
1675,73
1394,65
1677,74
1724,78
1619,71
1701,78
1558,71
1700,78
1608,73
1556,71
1725,79
1710,77
1678,78
1499,68
1687,77
1611,72
1504,69
1485,69
1689,76
1725,79
1682,75
1470,69
1647,76
1717,78
1674,77
1636,74
1664,76
1723,78
1657,75
1702,78
1725,79
1411,65
1617,72
1653,76
1665,75
1461,66
1686,76
1617,73
1587,73
1671,77
1460,68
1644,77
1664,75
1450,66
1700,75
1613,73
1457,67
1425,67
1504,69
1619,71
1629,76
1621,74
1607,73
1725,79
1615,76
1586,73
1679,75
1442,69
1724,78
1747,79
1618,75
1661,75
1480,68
1742,76
1681,77
1726,77
1725,79
1656,76
1725,79
1688,78
1655,75
1725,79
1461,66
1696,77
1622,76
1594,73
1658,75
1725,79
1666,76
1643,75
1494,67
1579,72
1725,79
1646,77
1681,77
1652,76
1724,78
1677,77
1626,72
1689,76
1725,79
1671,74
1638,74
1700,78
1701,78
1448,69
1632,76
1543,72
1659,77
1673,77
1651,76
1639,75
1676,77
1511,68
1661,77
1724,78
1703,77
1747,79
1546,72
1716,76
1646,75
1648,74
1699,78
1729,79
1655,76
1556,69
1696,76
1698,78
1583,71
1705,78
1706,76
1559,73
1699,78
1661,74
1617,74
1573,72
1596,75
1680,78
1629,74
1668,76
1725,79
1561,72
1676,77
1584,73
1698,77
1673,75
1597,74
1388,68
1647,76
1616,74
1662,76
1416,68
1629,75
1657,76
1663,76
1646,77
1493,70
1557,72
1498,70
1609,75
1698,78
1653,75
1600,74
1653,76
1707,78
1533,72
1735,78
1725,79
1719,77
1560,71
1725,79
1609,75
1687,77
1665,73
1725,79
1626,73
1521,70
1349,64
1725,79
1725,79
1503,70
1469,69
1673,77
1548,71
1633,72
1601,70
1660,76
1675,75
1584,74
1699,78
1559,70
1767,79
1725,79
1632,75
1725,79
1543,71
1701,78
1695,78
1725,79
1616,75
1657,76
1705,77
1699,78
1644,75
1697,77
1469,69
1675,76
1622,75
1551,71
1552,71
1627,72
1725,79
1727,79
1580,74
1699,75
1680,77
1688,76
1697,78
1618,75
1714,77
1585,72
1725,79
1766,79
1706,78
1404,65
1695,77
1623,74
1455,68
1508,70
1552,71
1725,79
1652,75
1720,78
1459,68
1552,70
1699,77
1498,69
1607,73
1405,64
1725,79
1725,79
1679,76
1597,72
1593,74
1635,72
1633,76
1525,66
1633,75
1486,69
1725,79
1725,79
1725,79
1729,79
1508,70
1620,75
1697,78
1659,74
1415,66
1638,74
1674,77
1724,78
1672,75
1678,76
1725,79
1664,75
1450,67
1720,78
1550,72
1631,75
1708,78
1600,73
1337,62
1493,68
1641,75
1725,79
1556,70
1725,79
1612,72
1729,78
1464,67
1567,69
1582,72
1680,78
1702,78
1571,71
1618,73
1564,71
1584,73
1479,68
1725,79
1410,66
1608,72
1653,76
1684,77
1748,79
1420,65
1725,79
1726,78
1727,79
1547,72
1566,72
1727,79
1479,67
1471,66
1684,77
1695,78
1660,76
1690,78
1591,74
1727,79
1725,79
1640,75
1387,65
1725,79
1496,69
1532,72
1543,68
1699,75
1679,76
1724,76
1723,79
1724,78
1721,78
1624,75
1723,79
1725,79
1429,67
1748,79
1540,71
1669,76
1705,78
1661,77
1674,75
1611,75
1699,78
1678,77
1713,78
1585,73
1617,73
1723,79
1718,78
1538,71
1723,79
1740,77
1752,78
1642,75
1709,77
1715,78
1669,76
1730,76
1643,76
1716,78
1560,72
1723,79
1654,75
1723,79
1752,79
1723,79
1723,79
1560,71
1539,71
1497,67
1549,70
1719,79
1670,77
1720,78
1405,70
1644,76
1590,74
1686,77
1703,77
1719,79
1487,69
1379,65
1719,79
1753,79
1553,73
1719,79
1697,78
1570,73
1524,70
1673,77
1450,69
1495,70
1719,79
1719,79
1537,70
1697,78
1516,67
1725,79
1634,75
1428,64
1514,70
1688,78
1640,75
1727,79
1477,69
1719,79
1719,79
1698,78
1714,78
1719,79
1671,77
1741,79
1693,77
1723,79
1709,78
1478,67
1549,73
1437,67
1614,76
1647,75
1690,77
1719,79
1719,79
1702,78
1648,76
1650,77
1607,74
1632,75
1447,67
1560,72
1486,71
1719,79
1376,66
1514,71
1520,71
1671,77
1721,79
1732,79
1719,79
1633,74
1431,67
1664,74
1691,78
1669,77
1719,79
1714,78
1714,78
1666,74
1428,68
1720,78
1714,78
1723,79
1507,71
1719,79
1719,79
1759,78
1469,65
1621,75
1719,79
1513,69
1719,79
1464,70
1719,79
1691,77
1719,79
1717,78
1719,79
1402,65
1691,78
1707,77
1673,77
1578,73
1603,74
1719,79
1534,69
1686,77
1533,71
1437,66
1651,76
1694,78
1448,69
1648,77
1509,68
1392,65
1503,71
1456,69
1505,70
1490,68
1719,79
1744,78
1723,79
1498,69
1696,78
1702,78
1537,72
1727,79
1447,68
1690,78
1417,67
1721,79
1546,72
1470,68
1722,78
1691,78
1655,74
1720,77
1675,75
1649,76
1678,77
1543,71
1719,79
1380,67
1486,67
1695,78
1721,78
1606,75
1719,79
1719,79
1679,75
1725,79
1642,76
1719,79
1695,76
1763,80
1526,69
1632,74
1768,79
1743,79
1507,71
1769,80
1763,80
1687,77
1642,74
1620,76
1531,71
1604,74
1620,73
1623,74
1576,71
1546,70
1763,80
1499,71
1712,75
1551,72
1765,80
1471,63
1724,77
1763,80
1715,78
1728,78
1618,72
1787,80
1763,80
1765,80
1763,80
1777,80
1408,67
1680,75
1614,74
1743,79
1571,71
1763,80
1761,80
1723,76
1731,79
1673,76
1493,68
1722,78
1658,76
1466,69
1729,79
1706,78
1585,73
1646,75
1454,69
1699,78
1761,80
1529,71
1726,79
1752,79
1688,76
1729,79
1726,79
1717,77
1628,72
1513,69
1749,79
1422,66
1761,80
1602,75
1667,77
1734,78
1716,77
1487,71
1506,71
1513,69
1655,76
1666,76
1758,78
1616,76
1761,80
1755,78
1624,74
1694,77
1781,80
1701,76
1781,80
1754,79
1470,70
1406,67
1310,60
1761,80
1699,76
1702,77
1620,73
1761,80
1699,75
1761,80
1528,71
1524,72
1761,80
1464,67
1686,76
1748,79
1729,78
1652,76
1748,79
1642,76
1445,67
1506,71
1750,78
1491,71
1668,76
1765,80
1604,73
1666,77
1764,78
1645,73
1658,75
1708,78
1729,79
1763,80
1598,73
1783,80
1688,76
1456,68
1667,77
1730,78
1721,75
1652,75
1723,78
1704,79
1735,79
1760,79
1522,69
1763,80
1606,74
1512,70
1501,69
1671,77
1573,73
1655,76
1649,76
1761,80
1638,75
1689,77
1762,78
1682,77
1709,77
1575,74
1740,79
1674,77
1608,73
1578,73
1689,77
1559,70
1465,69
1589,73
1763,80
1523,70
1715,77
1595,73
1599,73
1697,77
1712,75
1777,80
1537,67
1761,80
1616,75
1733,79
1704,77
1560,70
1756,79
1761,80
1655,76
1715,77
1649,76
1618,76
1715,77
1610,73
1655,75
1613,74
1725,79
1621,74
1537,73
1597,74
1604,74
1763,80
1743,79
1730,77
1727,78
1680,78
1765,80
1545,72
1763,80
1763,80
1468,69
1718,79
1761,80
1761,80
1739,79
1687,78
1664,73
1737,79
1761,80
1605,75
1472,68
1567,72
1715,78
1643,74
1545,71
1708,78
1741,79
1459,69
1761,80
1666,77
1715,77
1578,73
1680,78
1705,76
1673,73
1624,76
1740,79
1699,78
1752,78
1723,78
1784,80
1773,80
1277,62
1691,77
1575,72
1710,78
1671,78
1772,78
1689,77
1761,80
1517,71
1761,80
1699,78
1761,80
1761,80
1719,77
1695,78
1706,78
1358,66
1676,77
1422,66
1761,80
1765,80
1621,75
1411,66
1530,70
1535,67
1551,71
1607,73
1549,71
1761,80
1558,72
1753,79
1637,74
1748,78
1659,75
1763,80
1636,77
1639,75
1587,73
1689,79
1761,80
1759,80
1628,75
1674,77
1464,66
1649,77
1759,80
1591,74
1759,80
1738,79
1670,76
1578,73
1602,72
1761,80
1759,80
1567,72
1742,79
1661,74
1613,74
1691,78
1630,74
1482,71
1342,64
1683,77
1568,74
1570,72
1725,79
1633,76
1773,80
1647,75
1667,76
1759,80
1710,79
1461,68
1525,69
1730,79
1689,79
1653,75
1740,78
1631,75
1598,73
1619,72
1601,74
1599,73
1723,77
1528,72
1759,80
1471,71
1686,77
1759,80
1641,75
1642,77
1717,79
1773,80
1769,79
1734,78
1759,80
1677,76
1478,69
1691,77
1612,73
1744,79
1761,80
1652,76
1607,75
1672,76
1699,78
1759,80
1677,77
1698,75
1693,78
1536,73
1710,78
1753,79
1758,79
1759,80
1759,80
1633,72
1546,73
1673,77
1675,77
1739,79
1544,74
1591,73
1504,72
1673,76
1395,69
1664,77
1634,74
1681,77
1516,69
1499,67
1777,80
1517,72
1657,76
1585,73
1653,76
1634,74
1510,68
1759,80
1759,80
1693,77
1616,73
1527,67
1775,80
1754,78
1665,76
1539,70
1759,80
1729,79
1535,70
1736,79
1474,69
1756,79
1761,78
1480,72
1725,78
1386,66
1543,72
1759,80
1736,78
1580,71
1651,74
1661,75
1695,77
1609,73
1773,80
1658,75
1673,77
1677,77
1759,80
1719,78
1759,80
1764,79
1532,72
1583,73
1681,76
1725,78
1660,74
1606,75
1759,80
1759,80
1512,71
1590,73
1739,79
1713,78
1740,79
1556,72
1759,80
1277,62
1757,80
1728,78
1690,77
1697,77
1623,74
1621,74
1771,80
1529,69
1464,67
1605,71
1690,77
1664,76
1701,77
1680,76
1757,80
1757,80
1517,69
1687,77
1556,71
1560,73
1525,72
1755,80
1699,78
1537,71
1755,80
1655,75
1755,80
1665,77
1710,79
1701,77
1555,74
1645,75
1660,76
1757,80
1601,74
1697,78
1691,77
1754,79
1512,66
1591,72
1698,77
1732,79
1755,80
1571,70
1674,77
1450,67
1755,80
1490,71
1576,72
1544,71
1482,69
1703,78
1577,74
1755,80
1486,69
1573,74
1650,76
1665,77
1592,75
1500,69
1740,78
1636,75
1672,76
1681,76
1755,80
1755,80
1554,71
1727,79
1656,74
1607,75
1703,78
1642,76
1714,77
1599,73
1652,76
1562,71
1544,71
1739,79
1494,70
1602,72
1755,80
1436,68
1635,75
1728,77
1731,79
1583,71
1459,70
1755,80
1660,76
1755,80
1622,74
1433,64
1646,72
1488,68
1739,78
1755,80
1715,79
1617,73
1549,71
1688,76
1700,78
1581,71
1600,73
1572,71
1726,78
1687,78
1598,71
1603,73
1695,78
1497,70
1654,77
1524,71
1706,78
1703,78
1708,78
1700,77
1439,68
1713,79
1685,76
1751,80
1751,80
1509,70
1460,68
1561,71
1585,73
1702,78
1751,80
1751,80
1599,75
1639,74
1746,79
1524,71
1721,77
1732,78
1619,74
1656,76
1729,79
1685,78
1589,75
1597,74
1700,78
1492,67
1751,80
1753,80
1729,78
1454,70
1575,73
1479,69
1723,79
1486,69
1683,76
1722,78
1751,80
1677,77
1751,80
1574,71
1751,80
1684,77
1751,80
1487,67
1722,78
1669,77
1642,75
1738,79
1751,80
1576,73
1440,65
1662,77
1617,76
1721,79
1482,71
1708,78
1606,74
1612,75
1437,67
1652,76
1734,78
1581,73
1726,79
1735,79
1486,70
1654,76
1692,77
1703,77
1586,74
1450,67
1750,79
1757,80
1549,73
1489,69
1712,78
1687,74
1751,80
1456,69
1517,71
1751,80
1470,69
1612,74
1751,80
1717,78
1663,74
1660,76
1751,80
1570,73
1396,66
1580,71
1665,76
1675,77
1751,80
1751,80
1750,79
1560,73
1564,69
1751,80
1739,78
1701,77
1744,79
1616,75
1482,70
1711,74
1584,72
1625,74
1683,77
1427,67
1753,80
1715,78
1632,75
1644,76
1444,67
1705,77
1639,75
1751,80
1604,75
1751,80
1705,77
1603,75
1625,73
1547,69
1631,76
1729,79
1675,77
1733,79
1706,78
1665,77
1409,65
1571,73
1751,80
1751,80
1741,79
1560,73
1678,76
1680,76
1751,80
1751,80
1546,69
1666,77
1751,80
1751,80
1512,70
1569,71
1751,80
1739,78
1437,68
1509,71
1659,77
1571,72
1576,74
1472,69
1498,71
1626,75
1581,72
1663,72
1589,73
1667,73
1436,68
1432,69
1700,78
1743,79
1671,77
1751,80
1751,80
1706,78
1663,77
1502,67
1707,79
1664,76
1672,77
1502,70
1745,79
1751,80
1607,73
1508,68
1646,75
1564,72
1649,78
1729,78
1560,71
1529,73
1705,79
1751,80
1742,78
1585,70
1734,78
1761,80
1599,71
1753,80
1530,71
1648,75
1704,76
1751,80
1542,72
1685,77
1751,80
1467,67
1683,78
1662,76
1474,69
1687,75
1471,70
1696,77
1686,77
1496,70
1706,79
1675,76
1725,79
1475,68
1572,72
1620,75
1751,80
1581,74
1568,71
1616,75
1642,74
1732,79
1495,69
1532,70
1730,79
1722,79
1654,75
1734,78
1625,76
1558,72
1694,77
1633,75
1755,80
1541,68
1718,78
1723,79
1722,78
1482,68
1722,79
1578,71
1651,77
1594,73
1618,74
1638,76
1684,77
1751,80
1645,73
1452,67
1716,78
1751,80
1676,77
1582,71
1635,75
1535,68
1712,77
1751,80
1537,72
1724,78
1618,73
1647,76
1558,72
1753,80
1735,79
1654,76
1684,75
1751,80
1751,80
1637,76
1750,79
1686,77
1500,68
1572,73
1751,80
1673,77
1646,75
1556,72
1463,68
1706,78
1702,78
1759,80
1693,76
1751,80
1673,77
1654,74
1566,71
1673,76
1653,77
1520,69
1718,78
1577,73
1516,68
1751,80
1548,72
1648,76
1526,70
1483,68
1698,74
1720,78
1556,68
1755,80
1679,77
1420,68
1489,68
1689,75
1505,69
1751,80
1504,71
1757,79
1643,75
1529,70
1710,78
1504,69
1508,68
1640,76
1591,74
1751,80
1600,71
1445,69
1650,76
1627,75
1520,67
1534,71
1699,78
1529,69
1557,72
1751,80
1545,71
1549,73
1691,78
1710,79
1704,78
1751,80
1605,73
1751,80
1599,73
1638,75
1609,74
1650,74
1478,65
1569,73
1733,79
1639,74
1559,69
1590,74
1510,71
1757,80
1722,79
1686,77
1499,69
1613,73
1759,80
1434,69
1751,80
1673,76
1680,77
1778,80
1602,76
1751,80
1702,77
1722,79
1484,68
1709,79
1732,79
1751,80
1564,71
1550,71
1656,76
1751,80
1579,73
1669,77
1443,67
1669,78
1687,78
1751,80
1751,80
1499,71
1581,73
1592,68
1449,67
1751,80
1586,74
1684,77
1737,79
1705,79
1533,72
1523,73
1676,77
1632,75
1476,68
1682,77
1636,75
1695,76
1751,80
1710,78
1741,79
1620,74
1583,70
1751,80
1576,69
1546,72
1713,78
1722,79
1499,72
1642,76
1548,72
1608,75
1725,79
1751,80
1661,76
1751,80
1622,74
1644,74
1751,80
1658,75
1643,75
1748,78
1766,79
1398,64
1513,66
1448,69
1751,80
1521,71
1670,76
1496,67
1607,73
1751,80
1757,80
1683,77
1718,78
1621,74
1619,75
1624,73
1711,77
1625,72
1636,76
1687,78
1712,76
1612,75
1742,78
1592,74
1476,72
1664,76
1523,66
1446,69
1598,74
1751,80
1550,71
1751,80
1550,72
1647,77
1398,64
1531,73
1744,79
1751,80
1751,80
1753,80
1737,79
1751,80
1636,73
1570,74
1564,70
1697,76
1601,74
1486,69
1690,78
1678,76
1569,72
1732,79
1522,70
1563,71
1618,75
1717,78
1751,80
1714,78
1721,79
1707,78
1658,76
1751,80
1615,73
1638,74
1753,80
1641,75
1721,77
1679,77
1516,68
1699,78
1662,76
1751,80
1751,80
1672,77
1751,80
1751,80
1717,77
1640,75
1696,77
1717,78
1509,70
1519,69
1738,79
1516,70
1751,80
1548,69
1642,76
1658,77
1751,80
1751,80
1651,76
1737,79
1652,74
1751,80
1582,72
1679,76
1673,76
1769,80
1616,75
1625,76
1691,78
1737,79
1745,79
1608,75
1647,75
1567,72
1678,77
1751,80
1765,80
1641,77
1597,73
1637,75
1707,79
1601,72
1643,72
1619,74
1685,75
1733,79
1587,73
1618,75
1637,76
1685,75
1642,76
1688,78
1636,76
1622,75
1536,71
1520,67
1767,78
1643,75
1671,76
1745,79
1685,77
1569,73
1481,67
1539,72
1543,71
1703,77
1661,76
1659,77
1593,72
1751,80
1766,80
1586,72
1613,73
1525,69
1710,78
1620,69
1775,80
1725,79
1617,74
1504,71
1627,74
1767,80
1680,77
1712,78
1746,79
1581,72
1520,71
1583,73
1705,77
1757,80
1746,79
1601,72
1534,71
1504,70
1517,71
1738,78
1632,75
1751,80
1722,79
1746,79
1592,74
1719,78
1547,72
1687,77
1601,74
1545,71
1515,72
1710,79
1751,80
1468,68
1636,75
1448,66
1619,74
1667,77
1773,80
1751,80
1707,77
1723,79
1713,79
1481,68
1483,68
1560,73
1585,73
1674,77
1480,70
1659,76
1626,72
1720,78
1520,70
1704,78
1769,80
1731,79
1751,80
1748,79
1784,80
1603,75
1524,70
1655,76
1712,78
1530,70
1773,80
1645,75
1749,79
1751,80
1536,71
1521,71
1704,78
1608,73
1678,77
1685,77
1787,80
1581,72
1664,77
1723,76
1751,80
1751,80
1751,80
1581,68
1714,76
1667,77
1722,79
1751,80
1554,72
1753,78
1594,70
1524,71
1492,71
1751,80
1586,74
1732,79
1642,76
1753,80
1518,72
1479,69
1751,80
1575,72
1731,77
1641,77
1581,72
1572,73
1598,73
1593,73
1580,74
1452,68
1548,71
1763,80
1720,78
1719,79
1755,80
1489,72
1642,72
1412,65
1676,75
1505,70
1589,70
1751,80
1751,80
1751,80
1725,79
1507,70
1751,80
1392,65
1744,78
1567,72
1579,72
1746,79
1699,78
1716,78
1763,80
1521,70
1770,80
1661,76
1488,68
1599,74
1387,65
1621,74
1564,71
1571,71
1718,79
1503,71
1753,80
1773,80
1751,80
1599,74
1751,80
1559,69
1523,71
1449,66
1755,80
1583,74
1731,78
1523,71
1409,65
1755,80
1529,72
1642,75
1751,80
1466,69
1732,79
1696,77
1751,80
1722,79
1677,78
1672,77
1538,68
1735,79
1731,79
1500,70
1751,80
1795,80
1706,77
1596,73
1759,80
1498,69
1675,73
1471,66
1613,73
1612,74
1465,67
1590,72
1667,77
1751,80
1688,77
1501,71
1751,80
1679,77
1519,71
1721,79
1751,80
1751,80
1612,74
1549,72
1615,75
1698,78
1683,76
1751,80
1680,78
1715,77
1595,74
1634,77
1751,80
1494,71
1691,78
1433,66
1513,71
1759,80
1751,80
1575,72
1689,77
1618,73
1594,71
1709,78
1722,79
1594,75
1662,77
1687,78
1751,80
1773,80
1485,70
1589,73
1713,79
1499,72
1684,76
1621,74
1534,70
1578,73
1642,76
1574,70
1751,80
1675,77
1751,80
1711,78
1490,69
1591,74
1528,69
1702,78
1663,76
1636,76
1651,76
1503,68
1717,78
1712,78
1775,80
1709,77
1654,76
1698,78
1576,72
1722,79
1667,75
1698,77
1687,77
1707,78
1502,73
1492,68
1681,77
1641,75
1487,69
1628,76
1746,79
1751,80
1689,78
1609,74
1757,80
1721,79
1719,79
1499,67
1644,71
1520,68
1668,76
1732,77
1751,80
1701,77
1563,73
1729,77
1650,75
1711,78
1751,80
1545,72
1751,80
1724,79
1542,70
1702,78
1675,76
1724,79
1718,79
1724,77
1597,71
1462,70
1743,79
1628,76
1545,69
1730,79
1699,77
1713,77
1735,79
1751,80
1735,79
1751,80
1714,78
1674,76
1530,69
1581,72
1664,74
1751,80
1689,77
1562,72
1661,76
1663,77
1573,72
1712,78
1422,69
1711,78
1469,69
1597,75
1444,69
1523,70
1605,72
1739,79
1702,78
1545,73
1710,79
1596,75
1491,67
1553,69
1486,68
1540,71
1592,72
1751,80
1457,71
1552,73
1589,73
1751,80
1656,75
1615,73
1574,72
1523,71
1704,78
1625,76
1720,79
1554,72
1744,79
1642,75
1633,71
1712,78
1722,79
1613,75
1702,78
1646,76
1524,71
1704,78
1674,75
1530,72
1732,79
1733,79
1751,80
1720,79
1714,79
1609,73
1753,80
1753,80
1751,80
1457,68
1751,80
1645,75
1736,78
1732,79
1661,77
1613,73
1641,74
1691,78
1413,66
1634,76
1616,75
1753,80
1679,77
1721,79
1688,78
1572,73
1522,72
1633,75
1700,77
1638,75
1687,75
1732,79
1681,77
1619,74
1618,74
1356,67
1529,71
1674,77
1770,80
1536,71
1622,76
1590,72
1494,71
1616,73
1606,74
1686,77
1751,80
1500,69
1637,75
1581,73
1769,80
1590,71
1651,76
1592,72
1631,76
1751,80
1546,73
1637,75
1637,76
1468,68
1717,78
1711,77
1487,68
1653,75
1532,68
1722,79
1523,71
1557,73
1759,79
1664,76
1751,80
1617,75
1557,73
1751,80
1535,71
1683,74
1759,79
1426,67
1637,75
1751,80
1596,75
1658,76
1715,79
1675,77
1661,77
1506,70
1536,70
1751,80
1498,70
1652,74
1615,75
1440,68
1652,76
1668,76
1707,77
1668,77
1693,77
1617,73
1744,78
1520,71
1650,76
1565,72
1753,80
1360,64
1751,80
1664,77
1630,74
1751,80
1654,76
1778,79
1722,79
1551,70
1624,73
1639,74
1751,80
1458,68
1732,79
1630,75
1561,73
1630,76
1541,71
1548,71
1751,80
1581,72
1763,80
1624,74
1751,80
1711,78
1735,79
1639,76
1664,75
1511,70
1777,80
1769,80
1747,79
1637,75
1641,75
1751,80
1451,69
1732,79
1751,80
1669,78
1648,75
1704,78
1501,70
1674,76
1759,80
1500,70
1619,74
1723,79
1751,80
1706,79
1569,70
1639,76
1693,78
1500,71
1751,80
1609,73
1538,71
1722,79
1642,74
1596,73
1745,79
1767,80
1711,78
1751,80
1751,80
1666,73
1584,70
1650,75
1496,69
1693,78
1733,79
1478,69
1751,80
1502,68
1732,79
1550,71
1515,72
1593,75
1724,78
1699,78
1751,80
1679,77
1761,80
1681,77
1751,80
1751,80
1647,76
1575,72
1775,80
1457,70
1637,76
1736,78
1616,75
1410,67
1629,77
1491,70
1469,69
1456,71
1588,72
1686,78
1520,72
1423,69
1751,80
1751,80
1647,77
1458,69
1652,76
1463,68
1704,77
1751,80
1753,80
1716,77
1478,66
1751,80
1359,64
1735,79
1637,76
1664,75
1684,76
1726,79
1723,79
1562,73
1570,71
1751,80
1379,66
1480,68
1730,79
1713,79
1751,80
1534,71
1635,74
1533,71
1716,79
1753,80
1551,70
1751,80
1489,68
1449,69
1662,77
1751,80
1578,74
1694,76
1735,79
1544,72
1618,71
1661,77
1345,64
1469,69
1777,80
1634,76
1602,74
1704,77
1604,72
1660,77
1740,78
1711,78
1560,73
1518,71
1666,78
1417,66
1706,77
1693,78
1487,70
1773,80
1658,75
1723,79
1637,76
1628,75
1753,80
1417,67
1701,78
1656,77
1751,80
1473,68
1554,72
1733,79
1645,75
1751,80
1696,77
1541,71
1686,76
1702,76
1494,70
1377,67
1742,78
1643,74
1723,79
1688,77
1734,79
1506,71
1584,74
1751,80
1751,80
1733,79
1751,80
1751,80
1733,79
1751,80
1693,76
1624,74
1606,75
1704,78
1516,70
1589,73
1652,73
1530,72
1678,76
1435,68
1643,76
1724,77
1601,74
1751,80
1652,76
1589,73
1691,77
1751,80
1671,78
1781,80
1618,74
1561,72
1630,75
1651,77
1751,80
1751,80
1406,67
1515,69
1476,70
1653,77
1475,66
1552,73
1751,80
1402,68
1723,79
1735,79
1453,68
1704,78
1751,80
1693,74
1612,75
1401,67
1640,75
1751,80
1702,78
1715,77
1683,77
1476,67
1771,80
1560,72
1532,72
1751,80
1440,66
1608,74
1693,76
1615,76
1425,70
1680,77
1700,78
1609,74
1702,78
1751,80
1578,71
1725,79
1704,78
1751,80
1364,66
1751,80
1631,73
1751,80
1576,73
1620,74
1726,79
1751,80
1527,73
1715,77
1751,80
1751,80
1483,69
1732,79
1738,77
1654,78
1574,75
1687,77
1598,73
1704,76
1569,74
1751,80
1537,70
1640,76
1598,74
1586,72
1751,80
1614,75
1366,67
1765,80
1669,76
1751,80
1651,78
1536,71
1617,74
1595,74
1584,70
1544,72
1674,76
1544,72
1718,79
1755,80
1642,75
1753,80
1661,76
1755,80
1751,80
1645,73
1573,73
1521,71
1689,77
1638,75
1556,70
1751,80
1593,75
1751,80
1751,80
1638,75
1487,70
1728,78
1769,80
1751,80
1588,74
1656,76
1521,71
1563,73
1751,80
1751,80
1751,80
1389,65
1719,79
1630,74
1659,75
1646,74
1571,72
1688,77
1723,79
1751,80
1529,71
1727,79
1526,69
1719,79
1698,77
1686,76
1713,78
1432,70
1750,79
1558,71
1641,71
1753,80
1611,74
1751,80
1488,70
1571,73
1751,80
1761,80
1700,78
1751,80
1694,77
1725,78
1507,71
1709,79
1751,80
1486,70
1698,77
1592,73
1503,70
1688,77
1751,80
1581,73
1689,77
1746,79
1612,74
1713,79
1590,74
1469,69
1591,75
1685,77
1554,73
1765,80
1751,80
1434,68
1692,78
1373,65
1743,79
1751,80
1700,78
1539,72
1517,74
1719,78
1733,79
1676,78
1751,80
1519,68
1696,76
1376,63
1718,78
1642,77
1730,78
1495,69
1591,74
1696,78
1751,80
1544,72
1687,77
1612,76
1498,69
1491,71
1751,80
1751,80
1751,80
1673,76
1669,78
1751,80
1446,66
1640,73
1617,74
1580,74
1751,80
1639,75
1751,80
1751,80
1751,80
1729,78
1607,74
1677,76
1537,70
1493,71
1459,68
1649,78
1617,75
1704,78
1723,79
1701,78
1540,70
1713,79
1396,68
1653,76
1751,80
1753,80
1751,80
1694,76
1730,78
1475,66
1713,79
1696,78
1590,75
1632,74
1651,76
1657,76
1570,72
1713,79
1642,76
1723,79
1660,75
1606,75
1575,71
1751,80
1593,73
1698,78
1681,78
1660,76
1751,80
1504,70
1679,76
1404,66
1478,69
1617,75
1493,69
1629,75
1465,68
1420,68
1751,80
1751,80
1570,71
1591,75
1751,80
1611,72
1565,72
1751,80
1798,81
1726,79
1454,69
1777,80
1685,77
1806,81
1798,81
1798,81
1785,80
1798,81
1711,78
1798,81
1798,81
1780,80
1623,74
1385,64
1495,70
1747,79
1618,75
1778,80
1798,81
1440,67
1667,78
1599,73
1482,69
1694,78
1505,72
1728,78
1798,81
1647,77
1680,77
1618,75
1680,77
1778,80
1743,78
1740,79
1537,72
1750,79
1703,78
1620,75
1652,76
1717,78
1657,77
1690,76
1508,68
1699,78
1535,72
1501,70
1712,77
1518,71
1444,66
1685,77
1355,67
1379,66
1525,73
1802,81
1728,80
1798,81
1609,72
1494,71
1716,79
1467,70
1723,79
1806,81
1566,74
1602,73
1587,71
1737,79
1685,77
1773,80
1428,67
1726,79
1512,72
1462,69
1733,79
1798,81
1694,78
1708,78
1804,81
1608,74
1798,81
1741,78
1494,70
1798,81
1562,73
1467,70
1798,81
1641,75
1590,75
1653,75
1570,69
1798,81
1710,78
1554,71
1719,79
1798,81
1517,70
1674,76
1715,78
1798,81
1476,70
1527,73
1726,79
1757,78
1648,75
1630,74
1798,81
1602,73
1707,78
1768,80
1761,80
1808,81
1507,72
1703,78
1592,74
1543,72
1762,80
1644,76
1559,74
1719,79
1648,76
1632,76
1798,81
1724,77
1798,81
1798,81
1798,81
1716,79
1761,80
1770,80
1739,78
1546,71
1523,71
1759,80
1563,70
1512,70
1646,76
1826,81
1481,69
1722,79
1417,66
1499,70
1769,80
1782,80
1729,79
1739,78
1725,79
1501,70
1664,77
1798,81
1629,75
1792,81
1378,65
1792,81
1473,67
1561,71
1608,71
1642,77
1485,70
1792,81
1792,81
1608,73
1748,80
1686,79
1757,80
1677,76
1746,80
1606,73
1632,74
1641,75
1792,81
1792,81
1735,75
1713,78
1728,79
1792,81
1634,75
1792,81
1728,79
1621,75
1564,73
1595,71
1566,70
1792,81
1744,79
1689,77
1532,71
1780,80
1639,76
1750,79
1792,81
1765,80
1481,71
1671,76
1593,75
1776,80
1675,77
1262,62
1457,70
1550,71
1792,81
1624,72
1760,79
1729,79
1792,81
1792,81
1700,78
1763,79
1725,79
1537,70
1668,76
1737,79
1418,67
1771,80
1604,71
1770,80
1554,72
1792,81
1526,70
1748,80
1676,77
1536,70
1730,79
1718,78
1704,77
1655,73
1637,75
1433,70
1651,75
1408,66
1641,76
1725,79
1769,79
1723,78
1714,78
1412,65
1717,77
1422,67
1594,75
1716,78
1550,72
1667,76
1792,81
1516,71
1734,79
1600,75
1582,73
1542,70
1755,80
1792,81
1757,80
1600,74
1757,80
1481,67
1721,77
1757,80
1753,80
1589,73
1790,81
1792,81
1790,81
1565,74
1545,72
1790,81
1748,80
1484,67
1609,72
1664,78
1790,81
1554,70
1623,75
1790,81
1731,79
1734,79
1536,70
1729,79
1790,81
1790,81
1790,81
1779,80
1790,81
1646,74
1537,71
1792,81
1703,78
1747,80
1565,73
1549,70
1648,77
1712,78
1305,62
1709,77
1497,70
1790,81
1512,70
1502,70
1705,78
1481,69
1356,66
1753,80
1438,68
1763,80
1531,71
1774,80
1757,80
1800,81
1679,77
1565,74
1611,73
1630,74
1660,76
1471,69
1615,72
1694,78
1789,80
1214,61
1610,73
1790,81
1583,72
1800,81
1760,80
1403,67
1790,81
1592,71
1425,68
1594,74
1594,74
1731,79
1474,67
1501,71
1609,74
1794,81
1790,81
1329,64
1675,76
1569,69
1757,80
1484,70
1750,80
1481,69
1679,77
1681,77
1709,76
1699,78
1641,77
1792,81
1590,74
1790,81
1793,80
1654,78
1607,75
1686,76
1790,81
1766,80
1500,69
1734,79
1704,77
1490,71
1652,74
1657,75
1790,81
1469,69
1538,68
1790,81
1505,68
1753,80
1641,75
1581,72
1739,79
1711,79
1527,70
1507,71
1702,78
1789,80
1653,76
1493,68
1434,67
1790,81
1678,76
1554,73
1760,80
1631,74
1789,80
1625,74
1790,81
1790,81
1570,74
1524,71
1760,80
1724,79
1657,75
1545,69
1631,76
1548,72
1374,66
1433,70
1552,73
1723,77
1790,81
1707,77
1681,77
1585,72
1668,76
1790,81
1455,70
1748,80
1557,72
1790,81
1618,73
1726,79
1453,69
1522,70
1790,81
1725,79
1609,74
1609,74
1679,77
1790,81
1790,81
1790,81
1678,76
1527,71
1790,81
1757,80
1603,75
1725,79
1502,69
1483,70
1730,79
1727,79
1515,69
1790,81
1672,76
1790,81
1363,65
1448,66
1712,78
1538,73
1444,68
1663,75
1746,80
1532,73
1746,80
1790,81
1497,70
1714,77
1569,71
1752,80
1452,70
1665,75
1790,81
1790,81
1672,77
1664,75
1762,80
1753,80
1760,80
1715,79
1521,70
1627,73
1588,75
1487,70
1530,72
1670,76
1444,69
1757,79
1727,78
1706,78
1594,74
1690,78
1790,81
1549,70
1636,73
1457,69
1727,78
1788,81
1737,78
1629,73
1587,74
1786,81
1770,80
1824,81
1792,81
1655,76
1511,72
1595,73
1499,70
1794,81
1630,74
1554,71
1669,77
1464,69
1394,68
1752,79
1478,70
1481,69
1410,69
1447,68
1567,71
1670,76
1547,71
1700,77
1758,80
1788,81
1786,81
1790,81
1451,68
1751,80
1621,72
1722,78
1554,69
1786,81
1727,79
1703,79
1759,80
1641,76
1496,69
1786,81
1744,80
1786,81
1751,80
1398,66
1665,76
1786,81
1608,73
1712,76
1762,80
1716,79
1596,74
1499,71
1609,74
1563,73
1704,78
1626,76
1514,70
1763,80
1638,76
1590,71
1418,68
1786,81
1437,67
1748,80
1786,81
1666,76
1353,65
1541,70
1679,77
1719,79
1709,78
1652,76
1650,76
1733,78
1660,75
1719,79
1800,81
1786,81
1718,78
1468,67
1647,76
1639,74
1754,80
1756,79
1691,79
1354,64
1786,81
1786,81
1631,76
1408,65
1693,76
1600,74
1662,77
1551,71
1637,75
1500,71
1585,72
1790,81
1786,81
1274,63
1409,69
1604,74
1800,81
1684,76
1477,70
1786,81
1589,73
1398,68
1788,81
1460,68
1786,81
1548,72
1723,77
1786,81
1597,74
1724,79
1683,77
1742,78
1724,77
1769,80
1643,75
1656,76
1699,77
1659,76
1604,72
1762,80
1687,77
1460,68
1725,79
1724,79
1752,80
1601,74
1770,80
1614,75
1525,71
1744,77
1720,79
1786,81
1741,80
1455,68
1562,73
1274,63
1740,80
1680,76
1786,81
1619,74
1561,74
1365,67
1593,73
1718,80
1569,72
1733,78
1792,81
1406,68
1550,70
1593,73
1580,73
1786,81
1586,74
1784,80
1681,77
1786,81
1380,67
1475,70
1717,79
1750,79
1524,71
1681,77
1645,75
1790,81
1531,70
1487,69
1524,70
1768,79
1738,80
1647,75
1728,79
1404,67
1742,80
1786,81
1786,81
1607,74
1686,78
1777,80
1582,73
1790,81
1568,72
1788,81
1751,80
1786,81
1712,79
1785,80
1649,75
1670,77
1786,81
1654,76
1671,77
1752,80
1548,71
1763,80
1452,69
1572,73
1474,67
1716,78
1790,81
1499,70
1336,64
1355,65
1787,80
1510,70
1786,81
1749,78
1750,79
1806,81
1678,75
1783,80
1786,81
1786,81
1561,75
1739,77
1561,74
1629,75
1786,81
1786,81
1663,76
1786,81
1751,80
1617,75
1786,81
1786,81
1567,73
1595,72
1444,69
1788,81
1532,72
1725,79
1331,63
1790,81
1759,78
1740,80
1682,76
1786,81
1627,75
1537,72
1514,71
1511,70
1672,78
1663,75
1751,80
1746,79
1637,73
1786,81
1770,80
1786,81
1550,73
1577,73
1698,78
1503,69
1786,81
1798,81
1790,81
1632,73
1602,74
1462,68
1786,81
1610,74
1728,80
1715,78
1493,70
1679,77
1484,71
1708,78
1553,71
1565,74
1720,80
1538,71
1728,79
1722,79
1726,79
1667,76
1742,79
1605,74
1735,80
1686,77
1742,79
1687,79
1763,80
1728,78
1648,75
1759,78
1595,73
1786,81
1786,81
1596,74
1620,75
1468,68
1442,68
1737,79
1759,79
1786,81
1818,81
1731,79
1786,81
1607,74
1605,74
1578,72
1554,71
1681,77
1733,80
1722,79
1620,77
1622,75
1422,69
1669,77
1788,81
1785,80
1786,81
1595,74
1609,72
1710,79
1614,74
1685,75
1731,79
1714,79
1788,81
1638,76
1725,78
1698,75
1746,80
1786,81
1531,72
1744,79
1516,70
1502,69
1612,75
1713,78
1786,81
1733,79
1729,78
1495,72
1615,74
1786,81
1598,73
1737,78
1410,66
1760,79
1633,74
1751,79
1635,75
1790,81
1550,72
1679,77
1577,71
1743,78
1651,77
1528,72
1459,69
1644,76
1716,80
1748,78
1786,81
1568,73
1594,74
1437,67
1472,70
1473,69
1478,70
1709,77
1596,72
1577,71
1688,76
1655,74
1792,81
1668,76
1466,70
1786,81
1786,81
1786,81
1302,65
1610,74
1786,81
1742,79
1644,76
1672,77
1560,73
1611,74
1476,68
1687,77
1341,66
1491,69
1731,79
1786,81
1786,81
1734,79
1727,79
1786,81
1460,68
1786,81
1652,77
1803,81
1523,71
1750,80
1548,71
1681,77
1786,81
1604,73
1601,73
1439,68
1403,66
1466,70
1640,76
1710,77
1440,69
1788,81
1786,81
1745,78
1786,81
1765,80
1569,72
1512,69
1649,77
1779,80
1724,78
1768,80
1331,64
1503,71
1655,76
1786,81
1539,72
1761,78
1662,77
1692,78
1788,81
1730,79
1708,76
1448,69
1755,80
1549,71
1705,76
1530,72
1422,67
1479,69
1683,77
1768,80
1712,76
1425,68
1674,77
1472,67
1728,79
1733,79
1525,72
1559,71
1615,71
1545,71
1648,77
1459,68
1693,76
1620,75
1808,81
1650,73
1548,72
1708,77
1786,81
1710,79
1786,81
1539,71
1488,69
1786,81
1765,80
1543,71
1477,68
1747,80
1664,76
1614,74
1654,76
1794,81
1726,79
1790,81
1561,72
1479,71
1701,77
1668,77
1661,75
1227,61
1509,70
1451,70
1501,70
1570,73
1603,73
1598,74
1750,80
1652,77
1508,73
1786,81
1757,80
1528,72
1629,75
1583,71
1447,68
1352,63
1598,72
1790,81
1726,77
1748,79
1803,81
1680,78
1724,79
1512,72
1430,68
1786,81
1743,80
1786,81
1385,65
1496,70
1799,81
1501,72
1573,73
1704,77
1491,70
1745,80
1761,80
1483,69
1591,72
1555,72
1741,80
1788,81
1743,79
1468,68
1610,73
1686,77
1726,79
1771,78
1775,80
1525,69
1383,67
1423,69
1551,71
1783,80
1690,78
1786,81
1572,73
1786,81
1500,71
1732,79
1697,77
1591,74
1564,69
1629,70
1589,74
1419,67
1751,80
1607,75
1723,79
1626,75
1564,70
1433,67
1578,73
1697,77
1678,77
1350,64
1489,68
1786,81
1547,73
1443,68
1590,72
1674,77
1679,76
1754,80
1606,73
1715,77
1788,81
1602,74
1563,71
1729,79
1439,68
1786,81
1786,81
1786,81
1786,81
1620,75
1786,81
1632,76
1647,75
1746,80
1766,79
1517,70
1755,80
1726,78
1573,73
1652,75
1786,81
1613,75
1629,74
1814,81
1710,79
1786,81
1676,77
1556,71
1656,75
1674,77
1496,70
1786,81
1798,81
1687,79
1333,65
1786,81
1543,71
1746,80
1527,71
1786,81
1792,81
1521,72
1735,79
1786,81
1786,81
1755,80
1771,80
1794,81
1786,81
1785,80
1769,80
1653,76
1705,78
1508,73
1437,68
1786,81
1725,79
1719,78
1551,70
1761,80
1786,81
1786,81
1786,81
1660,76
1684,76
1493,68
1738,79
1514,72
1672,77
1786,81
1505,69
1589,73
1470,71
1418,68
1572,70
1660,76
1786,81
1649,77
1792,81
1543,73
1757,80
1492,69
1786,81
1559,74
1788,81
1737,78
1649,74
1732,79
1724,79
1456,70
1546,72
1563,71
1607,75
1728,79
1733,79
1788,81
1689,77
1512,69
1689,78
1591,75
1786,81
1693,78
1739,78
1760,80
1574,74
1530,71
1716,78
1340,64
1338,65
1709,78
1534,73
1701,77
1460,69
1646,75
1739,80
1491,70
1512,71
1786,81
1657,75
1509,70
1554,71
1757,78
1712,78
1786,81
1721,79
1727,79
1557,74
1593,73
1690,78
1746,80
1662,77
1532,73
1727,79
1518,72
1679,77
1725,78
1763,80
1661,75
1466,70
1736,79
1674,76
1677,77
1483,70
1610,74
1594,71
1570,71
1732,79
1445,68
1736,79
1790,81
1617,71
1581,73
1632,77
1786,81
1600,73
1755,78
1539,72
1788,81
1525,71
1733,79
1737,78
1786,81
1744,80
1450,68
1632,72
1792,81
1512,70
1633,74
1749,80
1650,76
1806,81
1788,81
1720,79
1621,72
1718,79
1716,77
1551,71
1786,81
1536,71
1497,72
1685,78
1786,81
1466,69
1734,79
1545,72
1640,77
1786,81
1555,73
1737,78
1786,81
1345,66
1788,81
1728,79
1626,73
1769,79
1786,81
1748,81
1660,77
1486,70
1729,80
1587,75
1748,81
1701,79
1750,81
1653,76
1754,81
1644,76
1697,78
1762,81
1739,80
1748,81
1692,76
1748,81
1367,66
1441,69
1767,81
1629,77
1687,78
1748,81
1578,74
1309,65
1661,78
1748,81
1709,79
1521,72
1678,79
1498,71
1605,75
1728,80
1715,79
1726,80
1645,76
1579,72
1621,75
1480,70
1639,76
1497,72
1470,69
1570,75
1612,74
1528,70
1748,81
1606,74
1691,78
1748,81
1527,72
1752,81
1525,73
1693,78
1495,69
1752,81
1553,73
1697,79
1708,79
1600,73
1570,73
1659,77
1533,72
1648,76
1629,76
1717,79
1716,80
1607,73
1672,77
1701,80
1694,79
1630,73
1748,81
1599,75
1748,81
1748,81
1754,80
1715,80
1565,72
1558,73
1708,79
1610,74
1748,81
1752,81
1607,73
1585,73
1677,77
1401,66
1348,65
1457,70
1583,75
1250,64
1642,78
1709,79
1523,71
1730,80
1748,81
1762,81
1469,68
1521,70
1481,70
1569,73
1756,81
1466,69
1624,76
1748,81
1497,71
1661,76
1748,81
1748,81
1444,69
1701,79
1570,74
1678,79
1748,81
1719,80
1750,81
1491,71
1748,81
1728,80
1608,76
1663,76
1629,77
1545,71
1715,80
1735,80
1727,80
1653,78
1553,73
1667,77
1534,71
1600,75
1719,79
1594,74
1691,79
1597,76
1748,81
1708,78
1692,79
1748,81
1748,81
1685,78
1721,80
1661,78
1702,79
1748,81
1721,80
1603,73
1748,81
1709,79
1617,76
1691,79
1638,77
1748,81
1638,76
1743,80
1529,72
1756,81
1472,71
1748,81
1532,73
1748,81
1748,81
1398,66
1576,72
1666,78
1683,77
1514,71
1598,75
1668,77
1748,81
1748,81
1580,74
1674,77
1612,76
1656,77
1662,78
1485,70
1407,68
1358,66
1436,69
1519,71
1607,75
1471,71
1748,81
1694,79
1725,80
1588,72
1694,78
1519,71
1665,77
1649,76
1720,79
1748,81
1748,81
1633,77
1650,77
1332,65
1452,71
1574,73
1498,69
1748,81
1683,77
1671,78
1748,81
1360,67
1706,79
1353,66
1661,78
1748,81
1654,77
1516,71
1679,77
1495,71
1388,70
1570,74
1748,81
1663,75
1622,75
1584,75
1732,80
1752,81
1754,81
1748,81
1697,78
1441,69
1675,78
1698,78
1361,67
1491,71
1558,74
1748,81
1432,69
1495,71
1748,81
1508,72
1532,72
1528,73
1672,78
1643,76
1748,81
1575,71
1624,75
1725,80
1574,73
1748,81
1725,80
1541,72
1446,69
1665,77
1672,78
1748,81
1678,76
1494,70
1630,75
1752,81
1584,70
1750,81
1566,74
1676,78
1579,74
1729,80
1418,70
1673,77
1579,74
1681,77
1727,80
1581,75
1623,75
1547,73
1748,81
1517,71
1666,77
1748,81
1729,79
1634,72
1529,72
1548,72
1750,80
1439,69
1721,80
1723,80
1561,74
1526,71
1690,79
1413,67
1654,77
1666,78
1748,81
1676,77
1449,66
1743,80
1666,78
1611,75
1705,79
1748,81
1454,67
1689,78
1322,65
1432,67
1635,76
1576,73
1721,80
1572,74
1688,79
1748,81
1748,81
1659,77
1567,75
1723,79
1748,81
1748,81
1748,81
1695,76
1507,69
1722,80
1546,70
1489,71
1606,72
1329,65
1677,77
1672,77
1719,80
1743,79
1663,78
1748,81
1740,80
1762,81
1479,70
1750,81
1561,73
1599,75
1671,78
1558,72
1608,72
1700,79
1748,81
1563,73
1728,78
1683,79
1645,78
1650,77
1474,71
1681,78
1740,80
1368,67
1733,80
1730,80
1683,78
1690,77
1493,69
1721,80
1472,69
1696,78
1748,81
1623,76
1392,66
1750,81
1466,71
1411,69
1566,72
1622,76
1675,77
1695,79
1564,72
1605,76
1574,73
1411,69
1746,81
1764,79
1497,70
1746,81
1545,73
1659,76
1419,67
1747,81
1713,79
1723,79
1712,79
1748,81
1731,80
1558,73
1746,81
1739,80
1665,78
1580,73
1663,78
1678,77
1505,68
1754,81
1652,76
1692,78
1559,73
1746,81
1730,80
1560,73
1393,66
1748,81
1594,76
1687,78
1748,81
1490,71
1649,77
1504,69
1534,70
1683,78
1752,81
1699,80
1510,71
1562,73
1746,81
1746,81
1696,79
1677,77
1625,76
1756,80
1360,66
1702,79
1736,79
1746,81
1668,79
1517,72
1746,81
1746,81
1430,66
1672,77
1611,76
1672,76
1526,71
1763,81
1542,69
1515,72
1647,77
1534,70
1650,78
1541,72
1746,81
1499,70
1746,81
1532,71
1746,81
1522,70
1667,77
1746,81
1750,81
1656,76
1624,71
1746,81
1559,72
1596,75
1680,78
1746,81
1676,78
1667,77
1692,78
1587,74
1690,78
1688,77
1676,77
1712,79
1746,81
1763,81
1542,72
1724,80
1658,78
1489,70
1520,73
1637,76
1719,80
1614,77
1431,69
1658,77
1713,80
1407,66
1746,81
1699,79
1692,79
1707,79
1455,69
1519,72
1455,68
1711,79
1719,79
1746,81
1703,79
1440,68
1666,76
1757,80
1713,80
1714,79
1702,78
1746,81
1746,81
1748,81
1490,71
1746,81
1765,81
1501,69
1748,81
1366,67
1738,80
1676,78
1705,80
1493,72
1684,77
1746,81
1350,65
1673,78
1483,68
1748,81
1439,70
1625,73
1655,78
1529,73
1746,80
1467,70
1542,70
1529,71
1746,81
1469,70
1713,80
1611,76
1680,78
1509,70
1671,77
1612,74
1764,81
1630,76
1640,77
1553,73
1550,72
1746,81
1552,71
1748,81
1568,72
1698,78
1638,77
1746,81
1520,72
1678,78
1737,80
1645,77
1702,79
1589,74
1572,73
1746,81
1617,73
1711,79
1624,76
1701,79
1377,67
1744,81
1523,70
1744,81
1721,80
1657,76
1499,69
1670,77
1758,81
1452,69
1623,75
1752,81
1566,72
1757,81
1744,81
1646,74
1375,65
1558,70
1563,73
1668,79
1638,78
1708,79
1630,75
1604,75
1755,80
1666,79
1686,75
1644,77
1744,81
1740,80
1715,79
1671,78
1782,81
1764,81
1744,81
1688,77
1443,70
1747,80
1746,81
1495,71
1551,74
1695,79
1598,73
1775,81
1542,71
1744,81
1708,79
1516,71
1777,82
1777,82
1777,82
1548,73
1593,74
1468,71
1691,78
1744,81
1595,74
1513,71
1399,66
1821,82
1503,72
1716,80
1671,78
1777,82
1547,73
1720,79
1686,79
1747,80
1664,77
1753,81
1566,74
1721,79
1669,75
1640,75
1464,69
1731,80
1646,75
1649,76
1537,71
1777,82
1513,68
1781,82
1720,80
1444,69
1741,80
1619,76
1777,82
1666,79
1777,82
1566,74
1677,77
1617,76
1476,70
1596,75
1753,81
1779,82
1533,72
1777,82
1654,78
1777,82
1594,71
1593,74
1598,75
1785,82
1619,75
1703,78
1689,79
1690,79
1777,82
1777,82
1527,69
1634,76
1377,67
1711,80
1757,81
1777,82
1777,82
1593,75
1599,76
1707,77
1596,75
1507,71
1463,70
1459,69
1777,82
1722,80
1714,79
1630,76
1455,70
1438,70
1777,82
1781,82
1688,74
1504,69
1777,82
1702,79
1627,76
1677,78
1777,82
1649,75
1777,82
1759,81
1795,81
1779,82
1647,77
1485,70
1777,82
1500,71
1793,82
1791,82
1556,73
1777,82
1585,75
1631,76
1547,73
1779,82
1560,72
1785,82
1777,82
1777,82
1721,78
1544,70
1743,80
1702,78
1763,81
1699,79
1462,69
1719,80
1717,80
1557,72
1640,75
1641,76
1734,79
1535,73
1426,69
1744,81
1624,76
1809,82
1710,80
1776,81
1660,78
1544,73
1777,82
1781,82
1727,80
1445,67
1777,82
1509,73
1739,79
1526,71
1764,81
1743,80
1781,82
1454,70
1777,82
1419,65
1509,73
1773,81
1777,82
1718,80
1437,68
1633,75
1777,82
1745,81
1713,79
1473,70
1683,79
1777,82
1618,76
1510,73
1765,80
1684,78
1693,77
1644,75
1683,78
1606,73
1719,80
1454,68
1727,79
1777,82
1749,80
1649,75
1777,82
1576,75
1591,72
1708,79
1644,75
1709,78
1721,79
1661,77
1553,74
1777,82
1587,74
1783,82
1684,77
1731,80
1655,75
1708,80
1779,82
1744,81
1777,82
1713,79
1777,82
1575,73
1349,65
1530,70
1655,77
1629,77
1475,71
1777,82
1381,67
1617,76
1410,66
1680,79
1749,81
1439,69
1592,75
1385,68
1747,81
1739,79
1336,64
1427,68
1746,81
1350,65
1717,80
1728,80
1742,80
1708,80
1696,79
1760,81
1571,72
1735,80
1783,82
1668,76
1566,73
1627,75
1407,68
1450,71
1550,74
1317,63
1706,77
1734,79
1777,82
1510,71
1638,76
1777,82
1696,78
1641,75
1669,78
1705,78
1777,82
1608,75
1620,76
1625,73
1484,70
1722,80
1621,78
1449,70
1795,81
1559,72
1621,76
1631,75
1431,68
1777,82
1701,79
1650,77
1668,79
1459,69
1444,70
1632,76
1777,82
1777,82
1641,76
1509,71
1781,82
1777,82
1627,77
1645,76
1567,72
1783,81
1748,81
1582,73
1759,81
1398,66
1527,70
1374,65
1777,82
1599,75
1783,82
1762,81
1639,76
1497,71
1743,81
1513,72
1719,79
1615,75
1629,73
1779,82
1661,77
1601,76
1779,82
1696,78
1740,80
1655,76
1502,71
1773,81
1777,82
1710,80
1705,78
1528,71
1563,74
1680,78
1604,75
1777,82
1583,73
1742,80
1379,67
1597,75
1721,79
1581,75
1462,70
1580,73
1483,69
1727,80
1606,76
1742,81
1717,79
1690,77
1623,76
1719,80
1544,73
1789,82
1762,81
1717,80
1388,66
1748,81
1715,80
1684,78
1559,72
1559,73
1777,82
1760,80
1451,69
1511,72
1531,71
1752,80
1747,81
1717,80
1692,79
1777,82
1442,69
1777,82
1777,82
1777,82
1482,68
1713,79
1651,76
1727,79
1697,78
1777,82
1730,81
1625,75
1666,76
1624,76
1694,78
1500,71
1779,82
1777,82
1558,73
1492,68
1543,73
1777,82
1777,82
1754,81
1655,77
1395,67
1781,82
1641,78
1659,77
1444,66
1789,82
1446,69
1638,76
1745,80
1610,76
1777,82
1777,82
1623,76
1755,81
1721,79
1489,72
1620,74
1777,82
1777,82
1352,67
1657,77
1721,79
1727,80
1652,78
1617,72
1583,74
1716,78
1754,81
1777,82
1501,70
1714,79
1673,77
1577,75
1777,82
1512,72
1598,75
1779,82
1664,76
1562,73
1450,71
1734,79
1777,82
1777,82
1697,79
1648,75
1684,79
1604,76
1775,82
1485,72
1417,69
1422,65
1492,70
1541,71
1761,81
1683,77
1627,75
1551,74
1750,80
1468,67
1775,82
1529,69
1521,73
1638,76
1775,82
1742,81
1520,73
1731,79
1656,78
1736,80
1775,82
1732,80
1529,73
1505,70
1643,77
1725,79
1623,76
1783,82
1491,70
1741,80
1502,71
1717,79
1750,81
1348,66
1238,60
1595,75
1775,82
1775,82
1662,78
1775,82
1547,72
1717,79
1683,78
1546,72
1775,82
1775,82
1605,73
1775,82
1612,76
1673,78
1503,72
1781,82
1564,72
1775,82
1345,65
1733,79
1580,74
1712,80
1683,78
1537,72
1720,79
1403,66
1819,83
1527,73
1750,79
1790,82
1807,82
1613,75
1441,67
1502,71
1732,80
1652,77
1515,71
1801,82
1681,77
1815,82
1489,69
1659,75
1587,74
1757,81
1639,75
1819,83
1777,82
1762,79
1575,73
1819,83
1681,78
1659,77
1678,78
1797,81
1425,66
1819,83
1746,80
1655,77
1485,67
1318,65
1737,80
1633,76
1520,71
1548,73
1615,74
1801,82
1740,80
1726,79
1823,83
1661,77
1717,78
1694,75
1745,80
1819,83
1787,82
1705,79
1819,83
1522,73
1819,83
1777,82
1644,77
1833,82
1493,71
1615,74
1630,77
1819,83
1582,74
1794,82
1568,72
1432,68
1732,80
1819,83
1819,83
1558,72
1532,72
1825,83
1620,78
1742,80
1579,73
1690,78
1819,83
1802,81
1819,83
1411,68
1752,81
1793,82
1682,78
1800,82
1785,82
1723,79
1623,76
1723,78
1464,69
1819,83
1711,80
1556,73
1502,71
1819,83
1819,83
1704,78
1530,71
1607,76
1819,83
1739,79
1819,83
1676,76
1496,70
1713,79
1742,81
1645,77
1658,77
1692,78
1635,74
1612,73
1516,72
1819,83
1819,83
1649,78
1515,73
1752,81
1707,79
1422,68
1819,83
1699,77
1664,77
1773,79
1727,79
1585,73
1738,80
1483,71
1575,75
1559,73
1797,82
1510,73
1753,81
1784,82
1806,82
1819,83
1802,82
1392,68
1565,73
1605,75
1819,83
1625,75
1802,82
1489,71
1639,76
1748,81
1803,81
1372,66
1644,76
1602,73
1835,83
1819,83
1510,72
1639,77
1827,83
1819,83
1652,76
1752,81
1666,75
1499,68
1791,82
1572,74
1819,83
1819,83
1835,83
1675,78
1613,74
1819,83
1605,76
1615,76
1781,82
1647,76
1670,77
1419,68
1627,77
1819,83
1436,68
1611,75
1781,82
1407,68
1819,83
1819,83
1586,74
1702,78
1799,81
1808,83
1838,83
1688,78
1808,83
1752,81
1698,80
1416,68
1452,69
1808,83
1745,81
1739,81
1642,77
1818,82
1641,76
1796,82
1782,82
1728,80
1718,79
1691,78
1808,83
1808,83
1820,82
1726,78
1638,75
1605,74
1808,83
1808,83
1622,75
1685,76
1526,71
1785,82
1706,78
1544,70
1628,75
1595,73
1621,76
1742,79
1570,74
1671,77
1507,69
1512,70
1374,66
1525,69
1446,68
1729,79
1722,79
1770,82
1703,78
1432,68
1552,71
1808,83
1566,75
1519,73
1814,83
1806,83
1780,81
1531,72
1712,77
1806,83
1668,78
1287,64
1439,69
1806,83
1449,70
1405,67
1728,80
1806,83
1753,79
1737,80
1418,65
1785,82
1828,83
1806,83
1806,83
1740,80
1601,73
1806,83
1773,82
1806,83
1766,81
1808,83
1360,67
1817,82
1579,73
1638,77
1664,77
1690,78
1754,77
1628,76
1690,79
1746,80
1804,80
1770,82
1422,66
1706,79
1525,72
1782,82
1645,76
1664,77
1679,78
1806,83
1806,83
1806,83
1525,72
1752,79
1346,66
1812,83
1385,68
1483,71
1803,82
1695,78
1582,72
1672,78
1619,74
1806,83
1721,79
1774,81
1750,81
1808,83
1623,77
1486,71
1711,78
1619,74
1804,80
1806,83
1548,73
1621,76
1794,82
1795,82
1842,83
1760,81
1695,77
1717,79
1727,80
1750,81
1770,82
1774,81
1822,83
1682,79
1669,77
1789,82
1571,73
1526,71
1682,78
1612,76
1471,70
1553,71
1778,79
1631,76
1695,76
1707,80
1772,82
1775,80
1764,82
1415,66
1534,73
1806,83
1806,83
1806,83
1344,67
1555,72
1812,83
1486,70
1414,68
1739,81
1574,74
1486,70
1814,83
1515,71
1792,81
1690,78
1808,83
1760,81
1654,75
1551,73
1806,83
1782,82
1606,75
1806,83
1713,78
1788,82
1703,78
1806,83
1561,72
1582,73
1780,81
1384,66
1806,83
1447,69
1425,68
1808,83
1613,75
1591,76
1673,77
1689,78
1589,74
1806,83
1792,81
1335,65
1621,74
1466,70
1688,78
1730,80
1806,83
1635,76
1660,77
1667,78
1752,80
1760,81
1808,83
1520,72
1806,83
1639,74
1607,74
1636,76
1537,71
1752,81
1447,69
1657,77
1768,81
1529,73
1782,82
1826,83
1756,81
1511,70
1551,72
1782,82
1752,81
1672,78
1782,82
1517,69
1684,78
1779,82
1774,82
1526,71
1838,83
1661,75
1782,82
1731,79
1498,70
1679,77
1630,77
1674,78
1569,73
1538,72
1544,74
1763,81
1806,83
1770,82
1806,83
1435,67
1806,83
1806,83
1806,83
1658,77
1574,73
1653,77
1615,75
1775,82
1809,82
1708,78
1570,74
1470,71
1467,68
1577,72
1428,68
1726,80
1487,70
1565,73
1806,83
1505,71
1612,76
1760,81
1612,76
1770,82
1639,73
1808,83
1611,75
1797,82
1744,79
1808,83
1806,83
1607,73
1691,78
1568,73
1808,83
1616,74
1814,83
1808,83
1723,80
1651,74
1528,73
1738,80
1708,80
1749,80
1555,73
1706,80
1590,73
1763,81
1806,83
1776,82
1473,71
1558,74
1668,78
1483,69
1734,80
1808,83
1716,77
1822,82
1768,81
1814,83
1810,83
1645,78
1565,75
1658,78
1648,76
1436,69
1772,82
1809,81
1746,79
1663,77
1806,83
1691,77
1778,82
1806,83
1690,79
1784,82
1490,72
1821,83
1770,82
1685,78
1818,83
1699,80
1806,83
1701,79
1806,83
1772,82
1816,83
1565,73
1544,72
1587,72
1723,80
1794,82
1692,79
1802,82
1629,77
1806,83
1543,73
1559,71
1825,83
1579,72
1770,82
1590,74
1408,67
1760,81
1635,76
1766,82
1777,81
1783,81
1777,81
1813,83
1585,73
1734,80
1808,83
1682,76
1775,82
1779,81
1745,80
1780,82
1492,71
1692,78
1439,69
1491,69
1723,78
1646,77
1507,72
1750,81
1698,75
1806,83
1777,82
1766,82
1505,72
1722,79
1660,74
1517,70
1708,76
1808,83
1545,73
1816,83
1575,71
1513,73
1818,83
1717,78
1558,72
1539,73
1773,82
1574,74
1834,83
1755,80
1779,82
1820,83
1795,82
1536,72
1783,82
1723,80
1701,78
1806,83
1439,69
1579,75
1806,83
1738,79
1748,81
1834,83
1718,79
1784,82
1781,82
1577,75
1806,83
1597,74
1806,83
1810,83
1729,80
1806,83
1792,82
1801,80
1776,82
1764,81
1806,83
1812,83
1736,80
1770,81
1788,82
1746,81
1806,83
1742,81
1659,75
1822,83
1806,83
1649,76
1529,72
1806,83
1752,81
1816,83
1608,74
1656,77
1489,72
1800,82
1539,71
1805,82
1806,83
1611,76
1512,72
1804,83
1753,80
1773,81
1467,68
1814,83
1729,81
1818,82
1804,83
1736,80
1806,83
1777,82
1702,78
1581,74
1749,81
1653,72
1695,79
1678,78
1731,81
1779,80
1548,72
1761,79
1458,69
1780,82
1738,81
1581,73
1664,77
1756,81
1678,78
1806,83
1727,80
1675,78
1456,69
1804,83
1840,83
1804,83
1742,81
1737,80
1734,80
1658,77
1533,73
1650,77
1571,74
1745,81
1447,70
1572,74
1382,68
1811,82
1687,79
1751,81
1743,81
1785,82
1643,75
1754,81
1773,79
1505,70
1487,71
1534,72
1669,77
1693,77
1764,82
1507,71
1773,82
1815,82
1661,74
1785,82
1703,80
1806,83
1383,66
1574,73
1429,67
1811,83
1489,70
1804,83
1636,74
1577,72
1723,78
1790,82
1786,82
1706,80
1766,82
1804,83
1770,82
1470,70
1663,77
1575,73
1804,83
1580,75
1780,82
1608,73
1648,77
1403,68
1619,75
1810,83
1466,70
1764,80
1777,82
1574,73
1804,83
1655,77
1820,83
1804,83
1701,78
1808,83
1764,82
1810,82
1611,76
1486,71
1816,83
1521,70
1684,79
1804,83
1735,80
1804,83
1663,78
1804,83
1760,81
1804,83
1756,80
1804,83
1419,68
1385,67
1806,83
1618,76
1806,83
1719,80
1669,77
1545,73
1770,82
1567,74
1741,79
1698,79
1737,80
1804,83
1672,75
1533,73
1804,83
1804,83
1693,75
1765,82
1768,81
1727,80
1790,82
1288,63
1593,74
1684,78
1746,80
1734,80
1785,82
1591,74
1773,82
1814,83
1732,80
1487,70
1804,83
1846,83
1769,81
1804,83
1812,83
1791,82
1766,81
1423,67
1740,81
1804,83
1628,72
1776,81
1717,78
1806,83
1818,83
1730,79
1482,71
1678,78
1457,68
1804,83
1748,81
1660,77
1782,82
1685,78
1613,76
1725,79
1773,82
1627,75
1804,83
1806,83
1644,75
1804,83
1804,83
1830,83
1692,78
1756,81
1778,81
1624,76
1632,74
1562,73
1580,74
1616,76
1745,80
1775,82
1603,74
1583,74
1746,81
1469,69
1802,83
1790,82
1321,64
1581,74
1804,83
1680,78
1419,67
1621,75
1802,83
1572,73
1804,83
1653,78
1802,83
1802,83
1460,70
1802,82
1804,83
1788,82
1697,77
1703,80
1548,72
1506,71
1802,83
1802,83
1554,73
1778,82
1802,83
1712,76
1714,77
1666,78
1469,71
1802,83
1802,83
1467,71
1545,72
1802,83
1802,83
1734,81
1838,83
1802,83
1555,72
1653,78
1601,74
1659,75
1437,69
1721,80
1676,76
1802,83
1802,83
1607,76
1802,83
1745,80
1738,81
1802,83
1693,79
1795,82
1581,72
1705,78
1773,81
1812,83
1804,83
1800,82
1608,76
1635,76
1773,81
1523,71
1719,80
1580,74
1638,75
1734,81
1784,82
1802,83
1686,78
1673,78
1632,74
1821,83
1802,83
1698,77
1802,83
1662,76
1734,81
1802,83
1802,83
1630,76
1670,78
1802,83
1773,82
1802,83
1634,77
1700,79
1804,83
1773,82
1788,82
1658,77
1579,75
1619,74
1715,80
1669,77
1810,83
1657,76
1685,76
1759,81
1688,78
1375,67
1571,74
1534,72
1734,81
1802,83
1752,81
1661,78
1763,81
1518,72
1802,83
1669,78
1802,83
1802,83
1766,82
1385,67
1697,77
1700,76
1638,76
1595,71
1700,80
1802,83
1565,75
1599,76
1716,79
1530,72
1652,78
1729,78
1804,83
1654,78
1630,75
1365,65
1766,82
1603,76
1802,83
1802,83
1691,78
1627,76
1498,72
1757,81
1688,79
1533,72
1802,83
1806,82
1602,74
1636,73
1736,80
1586,75
1629,77
1693,78
1738,81
1735,80
1490,74
1773,82
1723,77
1683,80
1802,83
1437,69
1846,84
1509,73
1779,82
1633,77
1611,75
1714,77
1787,82
1575,74
1551,71
1433,68
1846,84
1715,79
1846,84
1760,80
1858,84
1679,77
1697,79
1737,81
1846,84
1714,78
1810,83
1577,73
1846,84
1741,81
1611,76
1716,80
1846,84
1527,71
1639,77
1544,71
1751,81
1783,82
1769,81
1762,81
1343,66
1530,72
1485,71
1728,77
1463,69
1751,81
1767,80
1488,70
1751,81
1846,84
1822,83
1669,77
1689,78
1416,66
1677,78
1608,75
1710,78
1662,75
1576,72
1706,80
1731,80
1846,84
1810,83
1662,77
1644,74
1404,67
1810,83
1641,74
1774,81
1690,78
1846,84
1675,79
1717,79
1539,71
1846,84
1679,78
1846,84
1775,81
1717,78
1561,72
1765,81
1822,83
1801,82
1709,78
1505,72
1846,84
1639,73
1587,73
1680,78
1650,76
1844,84
1844,84
1731,80
1693,78
1686,79
1661,77
1659,77
1770,81
1776,81
1686,78
1731,80
1708,80
1657,77
1678,75
1760,81
1748,80
1788,82
1504,71
1702,79
1706,79
1806,82
1746,81
1824,83
1663,78
1844,84
1814,83
1558,72
1689,77
1749,80
1747,81
1529,72
1844,84
1687,79
1658,75
1557,74
1634,72
1721,79
1844,84
1523,72
1844,84
1680,77
1773,81
1844,84
1717,79
1727,80
1844,84
1639,73
1703,79
1513,69
1715,80
1736,80
1808,83
1716,79
1789,82
1623,76
1487,72
1743,80
1572,74
1674,76
1766,81
1743,81
1844,84
1789,81
1771,82
1789,82
1844,84
1703,79
1785,82
1633,77
1664,78
1830,83
1687,76
1716,80
1844,84
1844,84
1787,80
1573,70
1822,83
1809,83
1577,72
1648,77
1512,69
1722,80
1844,84
1848,84
1697,79
1731,80
1653,75
1730,80
1677,77
1790,82
1809,83
1750,81
1809,83
1696,79
1779,79
1728,79
1844,84
1662,76
1439,69
1544,72
1537,71
1850,84
1730,80
1416,68
1850,84
1800,82
1844,84
1768,81
1743,79
1668,78
1674,78
1766,81
1776,81
1585,72
1611,72
1738,80
1769,81
1771,82
1506,71
1770,80
1770,80
1654,79
1711,79
1844,84
1795,82
1844,84
1777,82
1818,83
1794,81
1705,78
1713,80
1638,77
1703,77
1536,71
1493,72
1730,78
1462,70
1802,82
1474,71
1811,83
1783,82
1528,70
1700,78
1761,81
1772,81
1651,76
1741,80
1545,73
1752,81
1435,70
1844,84
1846,84
1781,79
1578,73
1630,76
1465,69
1844,84
1789,82
1546,72
1844,84
1478,70
1741,81
1844,84
1699,76
1612,75
1808,82
1710,79
1821,83
1754,80
1550,72
1665,75
1824,83
1808,83
1458,70
1844,84
1535,70
1761,80
1573,70
1848,84
1710,78
1750,80
1545,74
1834,83
1724,79
1727,80
1768,81
1608,73
1742,81
1617,77
1773,82
1820,83
1769,81
1512,73
1587,74
1622,74
1699,79
1710,76
1362,66
1564,75
1668,72
1698,79
1481,68
1719,79
1678,78
1690,78
1764,81
1571,73
1666,76
1726,79
1402,66
1844,84
1719,76
1667,78
1490,70
1708,79
1694,79
1844,84
1616,74
1617,76
1844,84
1796,82
1532,73
1698,77
1774,80
1801,82
1491,69
1754,80
1627,74
1844,84
1842,84
1767,81
1816,83
1612,73
1603,74
1676,78
1850,84
1720,78
1793,82
1540,71
1572,72
1758,80
1842,84
1791,82
1808,83
1553,72
1816,83
1546,74
1476,70
1726,79
1601,74
1808,82
1491,71
1842,84
1671,78
1667,77
1714,79
1842,84
1697,79
1733,81
1802,82
1550,73
1745,80
1696,77
1816,83
1756,80
1842,84
1681,76
1407,68
1603,74
1593,72
1772,82
1662,76
1623,75
1641,76
1765,81
1401,68
1570,75
1778,82
1766,81
1824,83
1814,82
1637,75
1467,70
1337,63
1752,80
1713,78
1544,72
1842,84
1517,71
1744,81
1808,82
1612,73
1842,84
1571,74
1508,71
1588,73
1717,77
1844,84
1685,79
1663,76
1478,70
1763,81
1540,71
1749,80
1641,74
1848,84
1711,79
1752,80
1564,73
1685,79
1788,82
1842,84
1842,84
1755,81
1804,82
1797,82
1569,72
1747,81
1509,71
1842,84
1761,81
1668,76
1719,79
1819,83
1736,79
1674,76
1452,69
1501,72
1719,79
1775,79
1778,82
1745,81
1704,78
1675,74
1774,81
1652,77
1688,77
1800,82
1552,74
1842,84
1737,80
1842,84
1740,78
1808,83
1756,80
1776,81
1768,81
1775,82
1776,82
1680,78
1754,80
1299,64
1605,75
1744,80
1606,76
1636,75
1668,76
1834,83
1694,78
1842,84
1844,84
1842,84
1734,81
1593,74
1752,78
1777,82
1681,78
1777,82
1816,82
1674,78
1842,84
1655,77
1756,81
1430,67
1615,74
1812,83
1844,84
1842,84
1531,72
1709,79
1533,70
1848,84
1810,83
1492,72
1842,84
1595,73
1840,84
1483,70
1752,81
1789,82
1524,70
1562,72
1723,79
1633,76
1508,71
1840,84
1412,68
1695,79
1809,82
1450,69
1605,75
1673,76
1699,79
1675,77
1636,72
1719,78
1819,83
1423,68
1589,75
1814,82
1850,83
1846,84
1545,72
1842,84
1753,80
1746,79
1612,75
1760,80
1759,81
1733,80
1773,81
1808,83
1541,71
1774,82
1800,82
1795,82
1840,84
1743,80
1689,75
1840,84
1840,84
1742,80
1752,80
1527,72
1806,83
1769,81
1842,84
1831,83
1780,81
1752,81
1682,79
1732,80
1801,82
1706,79
1762,80
1840,84
1840,84
1804,83
1685,78
1816,80
1544,70
1570,73
1840,84
1792,81
1508,71
1766,81
1658,76
1668,78
1645,76
1746,80
1516,72
1466,70
1623,76
1814,83
1843,83
1828,83
1566,73
1659,77
1846,84
1746,81
1458,68
1694,79
1848,84
1768,80
1814,82
1703,79
1581,73
1768,80
1663,78
1489,69
1671,77
1846,84
1706,79
1512,69
1530,72
1735,80
1599,75
1780,81
1592,75
1840,84
1758,80
1619,75
1822,83
1638,75
1571,73
1571,74
1735,79
1729,79
1670,78
1738,78
1550,75
1630,76
1427,68
1581,75
1548,71
1775,82
1585,72
1822,83
1683,76
1769,80
1764,81
1822,83
1798,81
1581,73
1795,82
1790,81
1840,84
1721,79
1640,75
1760,80
1840,84
1586,74
1767,81
1335,65
1840,84
1798,82
1814,82
1779,82
1671,76
1824,83
1597,76
1812,82
1801,82
1649,77
1639,73
1499,71
1797,82
1731,81
1612,77
1803,82
1798,82
1687,76
1777,82
1808,82
1802,83
1741,80
1717,77
1682,78
1621,75
1642,76
1787,82
1680,78
1806,83
1759,81
1735,80
1439,69
1613,73
1336,65
1770,81
1736,80
1664,77
1618,76
1699,79
1524,69
1865,84
1579,71
1588,75
1459,71
1777,82
1506,71
1655,76
1727,79
1735,79
1786,81
1800,82
1840,84
1532,72
1840,84
1756,80
1808,82
1680,77
1639,78
1842,84
1470,66
1692,78
1806,82
1840,84
1585,75
1542,73
1692,78
1735,80
1797,81
1777,80
1705,80
1840,84
1840,84
1473,68
1752,80
1501,69
1453,68
1611,72
1757,81
1725,79
1462,69
1617,74
1666,78
1727,77
1840,84
1542,71
1750,81
1700,79
1629,76
1633,74
1545,70
1840,84
1693,78
1525,69
1781,82
1840,84
1799,82
1840,84
1412,67
1736,80
1840,84
1724,80
1545,73
1840,84
1712,79
1721,79
1808,83
1660,78
1758,82
1757,80
1653,75
1795,81
1808,83
1642,77
1384,67
1751,81
1840,84
1811,82
1810,83
1832,83
1499,70
1533,70
1561,71
1571,73
1665,78
1697,77
1830,83
1819,83
1461,71
1840,84
1744,80
1803,81
1840,84
1704,75
1793,82
1743,79
1844,84
1808,83
1756,80
1534,72
1696,78
1667,78
1595,73
1661,76
1840,84
1726,77
1810,83
1400,68
1840,84
1806,81
1575,73
1652,77
1840,84
1840,84
1632,74
1768,78
1668,77
1621,75
1469,67
1699,75
1548,71
1615,76
1585,73
1720,79
1687,77
1705,76
1735,79
1533,71
1706,78
1662,77
1687,79
1717,79
1840,84
1820,83
1805,81
1719,78
1795,81
1828,83
1640,73
1788,81
1806,83
1619,75
1674,76
1564,71
1701,79
1528,73
1739,81
1561,72
1767,81
1840,84
1808,83
1417,66
1514,67
1706,78
1810,83
1840,84
1816,83
1801,82
1471,70
1827,83
1632,77
1722,80
1746,81
1793,82
1614,75
1536,72
1647,76
1751,79
1844,84
1536,70
1659,78
1794,82
1709,76
1514,69
1795,82
1761,81
1736,78
1828,83
1702,79
1714,79
1680,77
1738,81
1840,84
1743,80
1840,84
1768,79
1829,83
1573,75
1671,78
1773,81
1705,79
1683,79
1664,78
1781,82
1528,74
1764,80
1840,84
1810,83
1781,82
1840,84
1729,80
1704,76
1749,81
1814,81
1772,81
1738,80
1840,84
1464,71
1562,72
1840,84
1806,82
1714,79
1581,72
1801,82
1576,74
1790,81
1712,77
1707,79
1520,71
1781,82
1514,67
1785,81
1774,81
1644,77
1497,70
1724,80
1630,76
1480,68
1563,73
1795,82
1799,82
1591,73
1749,81
1840,84
1800,82
1771,82
1683,76
1701,79
1737,81
1608,74
1792,81
1630,77
1738,81
1669,75
1825,83
1694,79
1738,80
1726,77
1705,80
1596,74
1632,77
1795,82
1720,80
1725,80
1333,65
1844,84
1752,81
1846,84
1840,84
1840,84
1644,77
1611,75
1608,73
1728,79
1585,75
1781,82
1733,79
1817,82
1840,84
1649,76
1773,78
1551,71
1606,74
1780,82
1693,79
1830,83
1738,80
1470,70
1598,75
1781,82
1840,84
1842,84
1840,84
1804,83
1718,80
1761,78
1611,73
1862,84
1529,71
1625,76
1812,83
1741,80
1738,80
1794,82
1826,83
1729,78
1540,72
1840,84
1652,78
1762,82
1534,70
1814,81
1517,71
1726,78
1762,80
1730,80
1622,74
1661,78
1768,81
1779,82
1657,74
1840,84
1820,83
1749,80
1840,84
1804,83
1601,73
1547,70
1318,66
1552,75
1543,75
1762,81
1685,78
1840,84
1838,83
1730,78
1614,72
1792,82
1741,80
1840,84
1736,81
1767,82
1462,69
1520,72
1717,80
1764,81
1840,84
1808,82
1463,69
1636,78
1578,73
1576,75
1685,78
1840,84
1423,68
1786,82
1596,74
1582,72
1840,84
1685,79
1584,75
1840,84
1774,81
1600,74
1735,81
1840,84
1630,74
1840,84
1621,74
1672,77
1759,81
1514,73
1565,73
1651,76
1840,84
1782,81
1644,77
1802,81
1838,84
1736,81
1720,79
1772,82
1709,78
1840,84
1380,66
1798,82
1856,84
1767,82
1804,82
1776,82
1630,77
1537,72
1659,77
1584,73
1806,83
1717,80
1747,81
1753,80
1599,73
1758,81
1682,77
1800,81
1748,81
1838,84
1595,75
1518,71
1713,79
1557,69
1782,80
1751,81
1725,79
1768,82
1422,69
1808,83
1689,78
1842,84
1708,78
1570,73
1522,72
1687,77
1870,84
1529,73
1673,77
1828,83
1648,77
1623,76
1600,75
1807,82
1710,80
1799,82
1806,82
1807,82
1840,84
1526,70
1695,80
1838,84
1840,84
1612,76
1709,78
1500,73
1797,83
1806,83
1462,69
1782,82
1797,82
1806,83
1808,83
1790,82
1672,75
1619,74
1597,74
1838,84
1637,77
1812,83
1555,71
1651,77
1732,80
1699,77
1804,83
1806,83
1818,83
1852,84
1705,79
1572,73
1707,79
1806,82
1800,82
1657,75
1838,84
1840,84
1535,71
1647,76
1717,79
1576,74
1651,78
1680,76
1744,81
1702,79
1700,79
1745,81
1843,83
1704,79
1774,81
1838,84
1642,75
1549,72
1744,79
1775,82
1661,73
1631,78
1838,84
1846,84
1474,70
1763,80
1560,73
1784,80
1701,79
1739,80
1844,84
1838,84
1740,80
1844,83
1744,80
1677,78
1677,79
1798,83
1611,75
1802,83
1790,81
1438,70
1666,78
1727,80
1716,78
1436,69
1806,83
1619,75
1465,71
1550,73
1744,79
1678,77
1713,80
1838,84
1494,71
1655,76
1838,84
1664,78
1771,82
1804,83
1740,80
1579,75
1804,81
1550,73
1435,70
1771,82
1754,79
1732,80
1686,77
1714,80
1838,84
1835,83
1503,70
1695,74
1812,83
1838,84
1806,83
1624,75
1745,80
1838,84
1803,82
1729,79
1838,84
1502,69
1704,79
1622,74
1747,81
1810,83
1616,75
1810,83
1590,73
1627,75
1691,78
1840,84
1781,80
1712,78
1838,84
1647,74
1826,83
1675,77
1802,83
1693,79
1810,83
1815,81
1820,81
1606,73
1766,80
1838,84
1600,72
1838,84
1776,82
1852,84
1591,74
1565,74
1783,81
1840,84
1570,74
1847,84
1591,75
1551,74
1788,81
1616,76
1550,73
1472,69
1809,83
1670,75
1774,81
1789,82
1774,81
1705,80
1870,84
1657,75
1687,79
1597,76
1751,80
1838,84
1732,79
1587,71
1795,82
1758,81
1544,74
1820,83
1802,82
1847,84
1728,81
1808,83
1712,78
1718,80
1626,76
1838,84
1800,83
1838,84
1808,83
1685,77
1783,81
1565,75
1780,81
1810,83
1813,83
1491,69
1389,68
1345,62
1773,81
1529,73
1645,77
1838,84
1582,74
1698,77
1597,75
1806,83
1706,79
1838,84
1838,84
1667,75
1534,71
1788,81
1761,80
1765,81
1839,83
1780,81
1593,74
1572,72
1838,84
1725,79
1815,83
1784,82
1820,83
1838,84
1838,84
1740,80
1838,84
1840,84
1659,76
1774,81
1798,82
1746,79
1584,69
1749,81
1702,76
1789,82
1673,76
1743,78
1384,67
1501,72
1549,70
1769,82
1838,84
1689,78
1677,79
1772,81
1701,77
1782,81
1852,84
1812,83
1798,83
1838,84
1838,84
1835,83
1749,79
1731,80
1737,80
1808,82
1771,82
1806,83
1467,69
1760,81
1838,84
1809,82
1460,70
1714,79
1838,84
1727,80
1779,82
1838,84
1701,77
1665,77
1786,82
1758,79
1838,84
1600,74
1644,75
1842,84
1838,84
1786,82
1774,82
1597,76
1840,84
1597,76
1675,77
1744,80
1495,70
1551,73
1510,70
1669,75
1838,84
1573,72
1762,81
1762,80
1840,84
1838,84
1799,82
1748,80
1733,80
1609,75
1771,82
1839,83
1546,70
1665,77
1490,70
1838,84
1680,79
1601,75
1703,79
1719,76
1572,75
1706,78
1739,80
1806,83
1657,76
1627,75
1670,77
1684,76
1796,82
1552,73
1481,69
1818,83
1636,76
1810,83
1617,76
1838,84
1806,83
1605,76
1816,82
1844,84
1772,82
1774,81
1635,76
1459,71
1580,73
1840,84
1780,82
1809,83
1838,84
1626,76
1838,84
1580,75
1838,84
1480,70
1788,80
1838,84
1742,79
1810,82
1804,83
1806,82
1802,83
1806,83
1761,81
1694,78
1838,84
1838,84
1458,72
1842,84
1701,77
1555,74
1648,75
1818,83
1816,83
1789,82
1808,82
1654,76
1573,72
1610,75
1743,81
1742,80
1822,82
1842,84
1838,84
1680,78
1737,80
1814,83
1701,79
1838,84
1812,83
1728,79
1844,83
1551,74
1617,76
1730,80
1718,78
1630,76
1838,84
1613,76
1806,83
1812,83
1750,81
1839,83
1803,83
1774,81
1616,76
1838,84
1746,81
1479,69
1709,79
1840,84
1675,76
1453,69
1696,78
1459,68
1747,79
1720,80
1838,84
1611,76
1528,70
1611,76
1838,84
1458,72
1838,84
1755,81
1649,76
1624,75
1669,79
1769,81
1838,84
1777,81
1738,80
1646,78
1615,74
1550,73
1719,79
1719,80
1633,76
1720,80
1838,84
1832,83
1451,71
1770,82
1742,80
1502,71
1748,80
1672,75
1804,83
1815,82
1746,81
1779,82
1515,71
1746,81
1677,79
1760,81
1803,82
1630,77
1570,72
1842,83
1705,79
1605,76
1747,80
1538,72
1757,81
1838,84
1677,77
1778,82
1800,82
1698,77
1577,73
1701,77
1830,83
1774,78
1699,79
1838,84
1838,84
1687,78
1654,77
1797,81
1390,67
1767,81
1587,76
1838,84
1693,78
1812,82
1838,84
1408,67
1710,76
1848,84
1838,84
1464,70
1764,81
1829,83
1838,84
1787,82
1656,76
1838,84
1745,79
1729,80
1809,83
1710,79
1540,72
1769,81
1759,81
1752,78
1747,81
1537,71
1684,79
1838,84
1721,80
1779,82
1740,81
1761,80
1519,71
1467,69
1726,79
1452,69
1771,82
1795,82
1838,84
1696,78
1449,69
1772,82
1758,81
1642,74
1838,84
1840,84
1806,83
1804,83
1838,84
1761,80
1602,76
1792,81
1819,83
1838,84
1705,78
1656,75
1739,81
1746,80
1714,78
1716,76
1795,82
1661,77
1639,76
1840,84
1776,80
1767,80
1761,82
1800,83
1609,73
1707,80
1838,84
1838,84
1774,82
1825,83
1838,84
1561,74
1613,75
1838,84
1763,79
1840,84
1838,84
1634,76
1560,72
1838,84
1804,83
1737,81
1798,83
1838,84
1773,82
1567,74
1840,84
1645,75
1707,79
1684,78
1724,80
1699,80
1730,79
1719,78
1777,81
1658,77
1819,82
1551,74
1838,84
1812,83
1838,84
1765,81
1477,71
1720,80
1720,80
1838,84
1838,84
1554,73
1838,84
1675,76
1674,77
1732,77
1838,84
1625,77
1838,84
1626,75
1572,71
1651,78
1808,82
1669,79
1444,68
1838,84
1724,80
1524,68
1743,81
1796,82
1514,70
1655,75
1520,75
1689,78
1547,71
1673,78
1665,78
1715,79
1647,74
1613,75
1801,83
1575,70
1738,80
1751,81
1838,84
1786,81
1840,84
1754,81
1711,78
1806,83
1768,82
1666,77
1814,83
1817,82
1646,77
1806,83
1767,79
1644,78
1844,84
1774,82
1847,84
1838,84
1842,84
1840,84
1751,81
1518,72
1664,78
1731,80
1824,83
1705,79
1791,83
1800,82
1696,78
1804,82
1838,84
1602,75
1730,78
1849,84
1838,84
1718,78
1741,81
1729,79
1608,75
1838,84
1808,83
1735,80
1534,71
1558,76
1797,81
1737,80
1805,81
1480,71
1599,76
1715,78
1709,79
1737,81
1817,83
1622,77
1851,84
1524,72
1838,84
1838,84
1684,76
1633,76
1673,77
1838,84
1671,77
1764,79
1513,73
1661,75
1515,70
1645,76
1708,79
1523,70
1838,84
1685,77
1838,84
1565,74
1802,82
1634,76
1838,84
1838,84
1715,80
1808,83
1753,80
1681,79
1632,73
1628,76
1765,81
1463,69
1542,72
1684,79
1721,79
1736,79
1810,83
1688,79
1838,84
1768,81
1699,80
1438,69
1775,81
1605,72
1763,81
1540,73
1633,76
1805,81
1824,82
1806,83
1655,74
1836,83
1775,81
1773,82
1659,72
1779,80
1804,83
1739,81
1621,76
1653,76
1818,83
1621,74
1557,73
1799,83
1840,84
1792,82
1647,78
1838,84
1838,84
1612,75
1647,78
1702,77
1836,83
1688,79
1838,84
1775,82
1769,81
1575,73
1710,79
1350,63
1724,80
1633,76
1629,75
1700,80
1813,83
1506,71
1838,84
1810,82
1770,82
1836,83
1736,81
1838,84
1838,84
1726,80
1724,78
1702,79
1795,82
1540,73
1340,65
1544,70
1747,81
1514,72
1838,84
1755,81
1730,81
1614,72
1728,78
1770,82
1686,78
1838,84
1766,80
1779,81
1838,84
1728,80
1731,78
1838,84
1838,84
1698,79
1830,83
1646,76
1445,70
1563,72
1723,80
1666,78
1555,73
1730,81
1707,77
1694,79
1683,80
1474,69
1759,80
1829,83
1648,76
1552,73
1527,71
1814,83
1597,72
1411,69
1588,73
1675,78
1838,84
1838,84
1713,79
1724,80
1559,73
1729,80
1787,82
1651,78
1729,80
1838,84
1808,83
1798,83
1652,75
1802,83
1730,79
1846,82
1782,82
1643,72
1752,80
1844,84
1766,81
1741,81
1749,80
1655,76
1494,69
1566,71
1724,80
1838,84
1775,82
1838,84
1694,79
1630,77
1838,84
1798,83
1721,77
1838,84
1731,80
1622,74
1730,81
1769,80
1646,77
1808,83
1715,78
1648,74
1846,84
1628,74
1698,80
1659,78
1749,81
1759,81
1741,81
1751,80
1747,79
1778,82
1700,76
1618,73
1665,77
1471,69
1550,71
1730,80
1714,77
1779,81
1804,83
1706,78
1610,73
1663,77
1725,80
1808,83
1773,82
1731,80
1806,83
1698,80
1763,81
1840,84
1691,76
1686,79
1693,77
1838,84
1456,68
1844,84
1681,77
1608,75
1672,77
1619,75
1838,84
1661,78
1838,84
1811,82
1739,80
1676,78
1838,84
1725,80
1838,84
1758,81
1775,82
1520,74
1731,81
1678,75
1672,76
1405,67
1729,78
1647,75
1786,80
1522,72
1638,74
1680,76
1612,76
1838,84
1694,78
1737,80
1653,75
1838,84
1674,76
1757,81
1733,80
1838,84
1838,84
1838,84
1647,76
1579,73
1463,69
1814,83
1791,83
1838,84
1649,78
1838,84
1838,84
1603,74
1797,82
1838,84
1840,84
1590,77
1628,74
1838,84
1518,71
1768,77
1640,74
1838,84
1758,79
1806,83
1783,82
1473,72
1631,74
1609,74
1840,84
1724,80
1769,81
1838,84
1838,84
1787,82
1595,74
1684,77
1838,84
1742,81
1671,75
1720,80
1733,79
1838,84
1690,79
1850,84
1838,84
1649,76
1662,75
1585,73
1666,77
1574,72
1746,81
1698,78
1838,84
1806,82
1545,69
1683,77
1704,78
1743,81
1667,76
1774,82
1612,77
1583,73
1748,80
1806,83
1570,70
1491,70
1788,82
1844,84
1747,80
1626,74
1709,79
1536,72
1729,79
1722,80
1547,72
1853,84
1568,73
1620,75
1838,84
1801,82
1833,83
1737,79
1585,72
1770,81
1635,74
1708,77
1838,84
1743,81
1772,81
1702,77
1482,67
1522,69
1640,74
1844,84
1838,84
1516,72
1748,80
1782,82
1695,78
1751,81
1665,77
1692,78
1771,82
1771,82
1777,82
1786,81
1820,83
1720,77
1700,77
1527,73
1740,80
1675,79
1753,80
1818,83
1604,75
1840,84
1719,79
1561,73
1767,82
1732,76
1838,84
1842,84
1713,80
1736,78
1761,81
1838,84
1683,78
1679,79
1812,83
1661,78
1814,82
1574,75
1633,75
1664,78
1838,84
1357,68
1618,75
1689,76
1792,82
1688,79
1838,84
1743,81
1595,73
1637,76
1631,77
1657,77
1768,81
1701,79
1508,69
1838,84
1578,73
1838,84
1608,76
1693,78
1482,70
1767,81
1840,84
1585,73
1774,82
1742,80
1688,79
1684,78
1621,74
1808,83
1818,83
1842,84
1687,78
1790,82
1439,68
1838,84
1813,83
1838,84
1842,84
1838,84
1638,74
1690,79
1586,74
1568,71
1702,79
1771,82
1734,80
1793,81
1855,84
1802,83
1701,79
1804,83
1710,77
1533,73
1649,76
1723,80
1713,79
1842,84
1594,74
1709,79
1635,76
1773,81
1838,84
1525,73
1450,69
1838,84
1838,84
1768,82
1699,79
1680,76
1803,82
1818,83
1733,81
1842,84
1697,79
1492,70
1837,83
1810,83
1428,69
1776,82
1718,80
1810,83
1676,77
1838,84
1838,84
1805,83
1730,79
1840,84
1490,69
1734,77
1790,82
1744,79
1774,79
1618,75
1817,83
1635,77
1676,77
1842,84
1840,84
1789,83
1695,78
1604,77
1501,72
1554,70
1570,70
1835,83
1722,77
1749,80
1838,84
1754,81
1539,72
1615,71
1532,73
1477,69
1804,80
1638,75
1838,84
1647,75
1586,74
1603,74
1675,75
1651,78
1721,80
1707,79
1751,81
1676,79
1838,84
1749,80
1594,76
1771,82
1838,84
1472,69
1811,83
1804,83
1564,72
1743,80
1732,81
1641,77
1734,80
1642,77
1853,84
1838,84
1605,76
1747,81
1767,82
1560,69
1771,82
1715,78
1819,83
1768,80
1639,77
1840,84
1625,77
1734,80
1554,71
1701,79
1838,84
1838,84
1641,77
1633,76
1717,80
1778,81
1838,84
1486,69
1842,84
1838,84
1539,74
1838,84
1473,69
1667,75
1401,68
1838,84
1783,82
1607,76
1750,80
1798,82
1702,78
1513,74
1848,83
1838,84
1780,82
1726,79
1838,84
1838,84
1876,84
1692,79
1497,71
1849,84
1675,73
1648,75
1693,78
1794,81
1694,79
1733,80
1844,84
1530,73
1838,84
1820,83
1838,84
1485,70
1575,73
1621,74
1788,81
1674,78
1701,80
1842,84
1538,75
1769,82
1838,84
1734,80
1791,82
1638,77
1801,82
1838,84
1838,84
1842,84
1512,71
1624,76
1684,78
1798,83
1838,84
1742,79
1528,71
1790,82
1842,84
1668,79
1706,78
1803,83
1839,83
1876,84
1662,79
1804,81
1543,71
1840,84
1840,84
1768,82
1711,79
1426,66
1661,76
1840,84
1675,78
1838,84
1639,77
1606,71
1743,81
1725,79
1665,77
1747,81
1565,71
1596,74
1606,75
1803,83
1787,81
1606,74
1665,77
1407,68
1790,82
1693,78
1605,76
1406,68
1664,76
1777,82
1729,77
1537,70
1770,81
1739,81
1741,81
1838,84
1846,84
1665,77
1649,77
1744,80
1666,78
1766,80
1625,75
1647,77
1727,81
1773,82
1485,70
1578,73
1716,80
1850,84
1818,83
1528,73
1789,83
1811,83
1838,84
1508,71
1755,81
1453,69
1838,84
1688,76
1670,77
1641,75
1576,74
1602,71
1666,74
1629,76
1492,72
1770,82
1693,79
1742,80
1827,83
1848,84
1587,74
1654,77
1772,81
1639,76
1838,84
1681,76
1553,71
1838,84
1669,76
1455,71
1579,73
1838,84
1599,76
1659,77
1483,68
1662,78
1844,84
1838,84
1792,82
1737,80
1838,84
1543,71
1838,84
1808,83
1876,84
1690,79
1838,84
1838,84
1838,84
1827,83
1713,79
1725,80
1620,73
1846,84
1545,73
1467,71
1659,77
1603,73
1713,78
1838,84
1748,81
1416,69
1578,74
1707,80
1649,76
1678,78
1838,84
1706,80
1840,84
1720,80
1856,84
1835,83
1646,77
1789,83
1838,84
1574,75
1838,84
1767,82
1542,73
1440,67
1370,65
1746,80
1515,72
1586,73
1421,69
1569,70
1685,76
1812,83
1729,79
1774,82
1555,73
1775,81
1842,84
1810,83
1503,73
1597,76
1518,72
1838,84
1618,76
1838,84
1590,74
1745,81
1715,79
1713,79
1604,72
1727,79
1780,82
1810,83
1838,84
1838,84
1629,76
1493,71
1798,82
1584,75
1838,84
1757,81
1838,84
1641,76
1801,82
1791,82
1658,77
1745,81
1675,78
1517,71
1711,79
1752,80
1763,79
1695,79
1617,76
1748,79
1780,82
1822,83
1838,84
1773,82
1838,84
1708,78
1753,80
1776,81
1779,81
1838,84
1842,84
1599,73
1646,77
1785,82
1842,84
1693,79
1772,81
1602,73
1693,78
1560,71
1838,84
1787,82
1753,81
1791,82
1838,84
1701,79
1695,75
1788,82
1695,78
1800,82
1463,68
1720,80
1375,66
1777,81
1661,77
1773,82
1725,79
1687,78
1559,70
1492,68
1817,83
1764,81
1844,83
1765,80
1597,74
1645,77
1632,75
1587,72
1783,82
1838,84
1605,73
1814,82
1546,75
1838,84
1551,75
1838,84
1591,76
1605,73
1771,82
1709,79
1758,81
1762,81
1565,72
1838,84
1838,84
1710,80
1583,74
1778,81
1803,82
1698,77
1732,80
1821,83
1838,84
1468,70
1746,81
1699,76
1596,75
1695,76
1652,78
1815,83
1722,78
1715,79
1605,73
1682,79
1611,75
1647,77
1645,75
1729,81
1507,73
1774,82
1812,83
1660,79
1821,83
1773,82
1531,71
1649,76
1770,82
1807,82
1768,81
1801,82
1838,84
1795,82
1728,79
1739,81
1659,77
1742,81
1704,80
1655,77
1838,84
1801,83
1769,82
1838,84
1714,80
1580,75
1640,75
1629,75
1815,83
1713,79
1745,81
1781,82
1548,72
1515,71
1734,80
1587,73
1652,76
1577,75