1526,69
1503,66
1459,69
1293,58
1469,66
1398,65
1389,63
1474,67
1439,64
1383,67
1366,64
1429,68
1441,67
1542,67
1462,67
1346,64
1385,63
1410,65
1533,70
1442,67
1431,68
1584,72
1530,72
1494,71
1458,71
1586,70
1481,69
1569,71
1421,66
1386,67
1352,67
1502,73
1475,70
1532,71
1593,73
1415,67
1404,70
1568,73
1340,65
1456,67
1700,74
1470,69
1567,72
1321,65
1488,67
1612,73
1717,76
1539,72
1532,72
1580,71
1602,71
1594,71
1664,74
1492,70
1586,72
1595,73
1550,71
1469,70
1701,75
1624,72
1615,71
1589,73
1657,74
1588,72
1607,72
1712,74
1542,70
1744,77
1603,74
1458,71
1348,65
1632,73
1627,72
1687,76
1431,70
1567,73
1511,70
1654,72
1494,70
1528,73
1517,71
1511,69
1746,77
1466,69
1477,70
1802,78
1353,67
1549,71
1641,73
1522,68
1542,70
1594,74
1630,73
1517,71
1622,73
1606,73
1498,69
1687,75
1450,67
1542,72
1539,70
1507,70
1498,68
1565,74
1435,65
1573,69
1624,74
1542,70
1671,76
1457,69
1628,74
1489,70
1574,72
1529,71
1524,72
1547,69
1559,71
1281,65
1536,71
1360,66
1581,72
1550,70
1440,69
1644,73
1557,71
1501,70
1785,75
1429,67
1399,66
1619,74
1504,70
1637,73
1708,75
1443,65
1539,69
1587,74
1650,74
1651,73
1559,70
1609,73
1390,67
1590,72
1681,76
1486,71
1642,74
1605,72
1587,71
1632,73
1701,72
1600,73
1634,74
1524,69
1417,69
1512,68
1515,71
1426,67
1465,70
1538,72
1645,73
1710,76
1550,72
1596,73
1577,72
1458,69
1514,70
1460,67
1619,74
1482,68
1584,73
1752,77
1512,68
1702,76
1515,71
1693,76
1429,66
1596,70
1579,71
1543,72
1455,69
1305,64
1505,70
1480,69
1752,78
1563,71
1609,73
1637,73
1506,68
1594,73
1550,70
1493,71
1409,67
1538,71
1645,74
1621,74
1762,79
1518,72
1576,73
1594,73
1629,73
1540,72
1611,71
1474,70
1603,73
1438,70
1483,72
1529,72
1435,70
1439,68
1608,72
1636,74
1728,77
1488,70
1470,70
1724,77
1612,75
1515,71
1546,73
1410,69
1353,66
1471,71
1685,75
1502,72
1466,70
1495,73
1642,76
1644,76
1616,77
1495,71
1346,65
1648,75
1609,76
1574,74
1511,70
1730,75
1583,74
1554,71
1584,75
1649,73
1555,72
1396,67
1689,78
1436,70
1642,75
1425,70
1547,71
1547,71
1459,69
1537,72
1430,69
1541,73
1500,72
1543,71
1648,77
1545,71
1354,67
1286,64
1575,74
1616,74
1577,72
1382,69
1531,71
1473,69
1532,72
1416,67
1547,73
1527,71
1359,66
1458,73
1578,70
1553,71
1518,70
1583,70
1610,75
1517,73
1637,76
1468,68
1477,68
1456,70
1412,70
1467,71
1443,67
1617,74
1658,77
1564,73
1637,74
1407,70
1325,63
1633,75
1572,73
1567,72
1654,77
1480,70
1365,68
1716,77
1484,70
1634,75
1498,73
1448,67
1515,69
1521,73
1337,63
1524,71
1608,74
1701,77
1639,73
1606,74
1632,73
1718,78
1526,71
1628,74
1328,66
1547,72
1543,73
1462,68
1840,78
1513,70
1612,75
1549,73
1486,73
1542,69
1681,76
1544,72
1628,73
1428,70
1498,71
1422,71
1559,73
1520,70
1491,71
1594,72
1567,75
1528,70
1559,72
1511,73
1429,70
1627,74
1407,66
1423,69
1567,73
1616,76
1472,72
1536,73
1452,70
1636,77
1453,69
1442,69
1505,71
1634,73
1561,73
1656,77
1407,69
1474,70
1507,71
1593,73
1527,72
1600,76
1684,75
1484,69
1406,67
1491,70
1589,73
1598,73
1566,76
1625,73
1479,71
1564,72
1534,72
1433,70
1527,73
1531,71
1627,75
1556,73
1358,68
1659,76
1519,70
1643,76
1487,70
1498,69
1629,75
1523,74
1557,74
1300,66
1440,71
1513,74
1692,76
1507,70
1522,72
1538,73
1602,75
1520,71
1696,76
1727,78
1519,73
1458,70
1534,71
1496,71
1665,76
1446,69
1559,74
1554,72
1589,76
1587,77
1616,73
1564,73
1480,70
1562,73
1477,70
1646,73
1486,72
1595,73
1425,70
1625,75
1649,73
1665,74
1560,73
1352,66
1258,62
1564,72
1744,79
1524,75
1536,72
1402,70
1613,74
1592,74
1579,74
1616,76
1722,77
1598,74
1539,73
1372,68
1443,69
1672,76
1554,72
1661,73
1517,72
1618,76
1728,76
1482,71
1596,75
1678,74
1490,70
1473,69
1645,73
1427,67
1563,72
1571,71
1693,77
1670,76
1613,75
1554,71
1666,76
1495,71
1476,71
1523,72
1513,70
1526,70
1501,70
1337,64
1635,73
1310,67
1597,72
1448,68
1520,69
1535,70
1617,75
1605,73
1405,68
1661,74
1479,70
1485,69
1578,73
1696,74
1574,72
1648,74
1672,76
1528,70
1439,69
1606,72
1421,70
1750,78
1539,71
1584,74
1591,73
1605,72
1639,73
1642,74
1541,72
1697,77
1539,70
1656,77
1570,71
1487,70
1619,74
1584,72
1635,77
1682,77
1534,72
1401,69
1669,74
1420,69
1523,71
1625,75
1599,72
1634,73
1380,69
1543,70
1664,75
1541,74
1649,72
1595,72
1555,73
1501,72
1451,71
1670,76
1375,64
1527,70
1563,73
1497,69
1759,78
1601,76
1515,71
1649,73
1729,79
1464,71
1555,74
1524,70
1510,71
1664,77
1589,74
1619,73
1578,76
1581,75
1534,72
1496,71
1599,72
1659,76
1467,70
1686,76
1562,72
1446,70
1592,75
1478,71
1476,70
1560,73
1473,71
1492,71
1667,73
1587,71
1498,71
1341,68
1540,72
1522,74
1430,68
1503,72
1478,72
1609,73
1428,68
1582,73
1533,71
1647,77
1523,74
1435,70
1742,78
1474,70
1568,72
1536,72
1597,74
1558,74
1479,72
1727,79
1613,73
1414,68
1552,71
1667,75
1613,74
1505,73
1560,74
1647,75
1737,78
1666,78
1507,71
1625,74
1495,71
1519,73
1606,75
1612,74
1655,76
1590,73
1593,72
1621,73
1506,71
1666,74
1512,72
1621,75
1468,70
1446,70
1622,73
1623,76
1589,74
1633,75
1571,72
1714,77
1498,72
1658,76
1616,73
1558,72
1616,74
1720,78
1535,74
1609,76
1649,76
1724,76
1496,70
1669,76
1639,76
1545,72
1475,70
1442,70
1533,72
1578,72
1549,72
1484,73
1594,74
1471,72
1632,73
1434,68
1478,70
1627,75
1462,71
1633,75
1539,73
1560,71
1661,75
1483,72
1660,75
1694,78
1647,74
1611,74
1458,68
1660,73
1591,74
1621,75
1368,65
1490,72
1408,68
1678,73
1529,74
1445,69
1477,72
1453,69
1557,72
1531,71
1550,74
1590,74
1480,70
1536,73
1691,78
1637,74
1503,73
1552,71
1647,75
1764,80
1531,72
1513,72
1749,78
1492,72
1538,73
1377,69
1458,71
1579,75
1420,70
1459,72
1588,73
1590,75
1522,71
1608,75
1580,73
1626,75
1527,72
1733,81
1769,79
1801,81
1501,73
1526,73
1521,71
1606,76
1685,77
1613,77
1492,71
1490,74
1672,76
1595,76
1614,77
1608,77
1638,77
1372,70
1468,68
1711,78
1666,76
1793,80
1653,77
1527,73
1700,76
1507,72
1584,74
1524,72
1329,66
1684,77
1610,77
1736,80
1567,72
1729,78
1602,75
1619,76
1468,72
1561,74
1686,79
1620,76
1497,75
1584,74
1491,73
1621,75
1640,76
1722,79
1608,74
1604,75
1607,77
1396,70
1465,71
1548,75
1376,67
1640,76
1627,76
1635,77
1793,80
1366,67
1588,75
1585,74
1573,75
1644,76
1489,72
1503,72
1627,73
1566,74
1620,75
1602,75
1523,73
1582,75
1666,78
1438,71
1667,79
1505,72
1682,79
1598,73
1552,76
1630,75
1388,68
1573,74
1674,77
1532,74
1563,73
1644,78
1571,75
1573,73
1351,68
1522,74
1493,71
1611,77
1668,76
1571,75
1614,75
1557,75
1465,71
1505,70
1635,77
1658,76
1475,71
1535,71
1532,72
1576,74
1513,73
1540,72
1679,78
1654,76
1552,75
1466,73
1588,76
1542,77
1694,79
1558,72
1678,79
1533,72
1681,76
1557,74
1570,76
1612,77
1447,71
1517,72
1685,76
1654,78
1741,81
1682,75
1506,73
1535,75
1670,79
1494,70
1492,72
1498,71
1620,75
1476,71
1450,70
1618,75
1608,75
1496,72
1578,76
1616,78
1528,73
1454,71
1421,69
1590,75
1636,78
1664,77
1628,76
1570,74
1575,75
1569,75
1701,78
1634,77
1500,73
1514,74
1595,76
1544,75
1518,72
1466,71
1501,70
1614,78
1532,74
1475,71
1545,74
1584,76
1550,70
1489,73
1554,75
1524,71
1615,76
1490,73
1574,75
1635,76
1608,75
1668,77
1583,73
1604,77
1532,73
1605,75
1697,77
1602,75
1675,78
1609,76
1648,77
1505,72
1571,75
1601,77
1723,78
1467,70
1559,75
1527,74
1684,76
1635,77
1546,74
1523,71
1551,72
1603,75
1581,75
1519,73
1596,75
1443,70
1494,72
1537,71
1589,73
1570,76
1622,77
1651,75
1564,73
1601,76
1627,78
1558,74
1535,72
1513,71
1503,72
1531,74
1527,73
1657,76
1527,72
1617,75
1696,75
1547,71
1749,80
1545,74
1582,73
1698,80
1647,77
1642,76
1603,77
1547,71
1450,74
1487,73
1720,78
1623,76
1526,71
1727,77
1698,78
1629,78
1574,72
1456,70
1492,74
1555,75
1752,80
1622,74
1625,75
1607,75
1612,76
1605,76
1595,73
1495,71
1488,74
1558,72
1547,74
1674,76
1491,71
1604,77
1574,75
1555,73
1566,76
1572,75
1769,80
1594,76
1561,74
1580,75
1574,75
1434,70
1648,77
1522,73
1471,71
1497,71
1521,74
1657,77
1644,77
1686,76
1498,73
1587,76
1742,79
1528,73
1533,73
1598,76
1693,77
1457,69
1620,74
1631,75
1587,73
1594,75
1535,74
1570,75
1563,74
1577,74
1725,78
1626,78
1513,75
1372,69
1514,69
1672,76
1545,72
1522,73
1651,76
1685,77
1544,74
1600,76
1614,75
1518,72
1689,78
1624,75
1712,79
1457,70
1607,77
1464,72
1699,79
1436,70
1747,80
1663,77
1606,73
1433,69
1593,75
1702,78
1698,79
1393,70
1510,72
1614,77
1567,75
1708,78
1572,72
1540,75
1589,76
1672,77
1604,76
1469,72
1620,78
1600,74
1554,74
1587,75
1562,74
1578,75
1623,77
1664,78
1558,74
1556,73
1553,73
1563,74
1574,75
1534,74
1638,76
1550,75
1620,78
1498,72
1585,75
1553,72
1498,72
1692,75
1587,76
1609,73
1602,75
1577,75
1575,76
1577,75
1579,74
1540,71
1610,75
1670,75
1631,77
1368,66
1585,74
1444,69
1763,78
1561,71
1597,75
1529,73
1609,73
1681,77
1486,71
1551,73
1502,72
1547,74
1512,73
1509,73
1551,74
1429,69
1541,75
1543,75
1606,77
1617,75
1657,76
1582,75
1505,73
1694,79
1665,75
1438,73
1648,77
1565,75
1543,74
1706,78
1539,74
1551,76
1652,77
1645,73
1502,75
1580,73
1664,76
1573,75
1730,81
1596,76
1545,73
1646,77
1601,76
1534,75
1666,78
1606,76
1630,79
1469,72
1617,75
1581,75
1586,73
1591,76
1418,71
1398,70
1381,67
1543,72
1599,75
1574,77
1556,72
1402,69
1507,72
1765,80
1628,78
1504,75
1589,73
1627,77
1581,76
1610,73
1539,74
1669,77
1682,78
1491,74
1472,73
1563,76
1552,74
1382,69
1484,73
1679,77
1667,78
1544,73
1706,77
1566,75
1570,75
1636,76
1626,75
1368,68
1643,77
1380,69
1725,79
1531,72
1469,71
1409,68
1592,75
1565,74
1423,72
1521,75
1495,71
1521,72
1434,69
1590,75
1719,78
1597,73
1561,75
1629,75
1515,72
1555,75
1461,74
1686,77
1575,75
1529,73
1592,76
1569,75
1725,80
1688,77
1617,76
1550,75
1427,70
1543,75
1582,75
1598,75
1663,76
1409,71
1537,72
1531,73
1530,72
1633,80
1671,77
1506,75
1583,75
1589,75
1612,77
1451,71
1547,71
1613,77
1523,75
1621,78
1550,73
1405,70
1814,81
1487,70
1468,70
1439,71
1469,70
1537,72
1597,71
1515,71
1624,77
1536,71
1650,78
1572,74
1496,72
1540,73
1579,75
1501,70
1637,75
1572,73
1596,78
1490,71
1600,77
1428,73
1580,74
1489,74
1574,74
1699,78
1615,77
1545,74
1516,73
1619,76
1503,73
1533,76
1584,77
1642,74
1588,76
1454,73
1634,75
1424,70
1548,73
1554,72
1559,70
1567,77
1575,74
1438,68
1549,76
1557,73
1720,78
1695,75
1576,72
1620,77
1529,74
1365,67
1403,69
1512,72
1571,72
1609,75
1560,75
1635,75
1559,74
1489,70
1522,75
1586,72
1439,69
1521,74
1494,73
1619,77
1687,77
1644,74
1449,71
1706,75
1658,78
1535,74
1493,71
1615,77
1448,72
1468,72
1525,73
1650,75
1604,76
1549,73
1668,74
1581,75
1547,70
1466,72
1547,73
1605,71
1554,74
1628,75
1594,77
1577,74
1599,78
1607,75
1576,74
1413,71
1429,68
1536,73
1459,71
1618,73
1425,71
1449,73
1503,70
1634,74
1515,72
1585,75
1633,74
1546,74
1458,72
1504,73
1726,79
1448,69
1528,72
1552,76
1453,69
1638,77
1621,74
1623,73
1553,71
1606,75
1601,75
1551,73
1551,74
1591,77
1453,71
1477,71
1514,73
1539,73
1488,72
1556,73
1587,78
1499,71
1416,68
1525,72
1572,72
1604,77
1558,74
1573,74
1523,73
1653,78
1523,73
1650,78
1537,73
1588,72
1510,72
1472,67
1627,75
1527,73
1555,75
1626,75
1629,76
1390,70
1655,78
1579,75
1518,74
1571,73
1455,70
1543,71
1508,72
1579,73
1511,73
1513,74
1541,73
1519,74
1713,79
1504,70
1575,73
1490,71
1569,74
1713,79
1745,79
1648,79
1515,72
1794,79
1362,68
1653,76
1671,77
1558,75
1481,74
1496,73
1682,77
1509,74
1563,76
1594,75
1609,74
1455,74
1418,70
1689,77
1528,73
1554,74
1518,70
1828,81
1668,76
1583,75
1680,79
1616,76
1717,80
1531,75
1705,76
1525,73
1412,70
1576,73
1475,74
1473,74
1548,73
1482,72
1524,73
1551,74
1532,74
1480,73
1419,69
1538,72
1723,78
1505,73
1573,74
1517,75
1494,68
1504,70
1461,72
1649,75
1500,72
1661,77
1548,75
1458,69
1616,74
1541,71
1657,75
1717,78
1627,76
1493,74
1499,72
1527,73
1359,67
1582,76
1528,72
1557,77
1629,77
1541,73
1567,76
1648,75
1564,76
1646,78
1582,75
1465,73
1623,76
1544,75
1497,70
1587,75
1479,71
1472,70
1534,74
1658,78
1607,75
1443,68
1659,76
1492,71
1684,77
1377,68
1572,73
1611,76
1541,75
1518,72
1492,72
1430,72
1655,78
1528,74
1457,72
1568,71
1626,74
1520,71
1665,76
1608,75
1662,78
1607,79
1526,70
1495,71
1627,77
1565,73
1532,74
1728,78
1411,70
1471,72
1553,75
1350,66
1592,75
1589,71
1527,73
1639,75
1606,75
1460,69
1695,79
1609,74
1565,74
1636,76
1530,74
1654,77
1650,77
1369,67
1482,71
1561,76
1665,74
1597,74
1375,69
1579,74
1480,72
1480,70
1439,70
1451,68
1489,72
1657,76
1560,71
1528,71
1652,76
1600,75
1581,71
1677,79
1594,75
1505,72
1382,68
1514,72
1466,68
1568,75
1601,76
1504,69
1504,72
1543,74
1698,76
1560,72
1454,72
1544,74
1540,74
1511,72
1542,75
1649,75
1433,71
1647,78
1667,78
1471,74
1604,76
1611,77
1489,69
1670,76
1583,75
1598,75
1429,70
1572,77
1701,78
1591,77
1491,72
1626,78
1592,76
1564,74
1579,72
1557,75
1578,74
1403,70
1453,74
1513,73
1641,75
1377,68
1685,77
1558,73
1552,73
1679,77
1616,74
1476,73
1582,75
1517,71
1527,77
1551,75
1592,75
1584,75
1623,77
1605,75
1602,78
1682,77
1632,75
1609,72
1413,68
1550,75
1475,71
1771,79
1469,71
1499,71
1343,68
1474,73
1500,74
1621,77
1701,79
1507,72
1590,74
1527,73
1475,72
1536,76
1517,73
1617,77
1660,76
1787,79
1729,77
1466,70
1480,72
1566,76
1575,72
1570,75
1474,72
1649,77
1550,73
1503,72
1584,74
1538,72
1540,75
1510,74
1636,74
1592,76
1560,73
1644,78
1524,73
1549,72
1685,78
1515,72
1433,70
1609,75
1604,76
1524,74
1475,72
1608,75
1491,72
1526,74
1618,77
1620,77
1508,74
1509,75
1667,79
1506,70
1624,76
1504,69
1373,71
1545,71
1424,68
1716,80
1615,73
1689,78
1576,75
1458,72
1522,73
1438,69
1680,76
1641,77
1552,75
1554,74
1657,76
1655,76
1417,68
1488,73
1512,70
1396,70
1654,78
1514,73
1714,80
1465,73
1644,78
1628,78
1576,73
1508,72
1487,71
1485,71
1597,74
1479,73
1531,74
1595,75
1610,74
1650,77
1448,72
1494,75
1546,75
1542,73
1598,73
1540,73
1507,72
1661,77
1591,74
1688,80
1470,73
1495,70
1553,73
1472,72
1608,74
1528,74
1573,74
1573,74
1469,71
1232,66
1583,75
1641,80
1350,66
1710,78
1655,80
1498,72
1695,78
1443,70
1640,78
1528,74
1718,79
1413,69
1530,73
1602,76
1428,68
1402,68
1575,76
1480,73
1541,72
1635,76
1584,75
1630,78
1689,79
1679,78
1616,74
1531,72
1595,75
1589,75
1591,76
1513,71
1619,76
1598,73
1497,72
1639,77
1631,76
1594,77
1469,73
1619,77
1721,77
1466,73
1707,78
1558,75
1410,70
1523,73
1620,78
1488,71
1556,74
1506,74
1423,71
1567,73
1491,72
1525,75
1596,76
1531,72
1339,66
1665,78
1641,78
1467,70
1627,75
1462,73
1575,73
1611,75
1568,73
1518,72
1592,76
1534,74
1560,73
1506,74
1661,75
1558,76
1608,74
1615,76
1484,72
1530,73
1642,77
1489,71
1665,78
1499,72
1448,70
1450,69
1507,72
1599,77
1649,73
1575,74
1507,73
1418,71
1606,75
1482,72
1595,75
1568,76
1769,78
1502,73
1549,73
1527,73
1557,75
1514,72
1565,77
1605,78
1559,72
1540,74
1611,77
1338,66
1596,75
1490,71
1700,78
1621,74
1476,72
1495,74
1460,71
1482,70
1724,79
1728,78
1605,77
1670,77
1531,74
1467,72
1697,80
1689,74
1635,77
1300,64
1536,73
1478,70
1504,71
1491,71
1503,72
1409,69
1649,76
1672,74
1620,77
1609,77
1496,74
1644,75
1339,68
1652,77
1525,74
1527,75
1424,70
1641,75
1671,76
1707,78
1656,77
1592,75
1605,75
1514,72
1548,73
1617,77
1501,72
1533,75
1573,76
1417,68
1636,76
1542,71
1680,77
1608,75
1676,76
1363,67
1669,77
1627,76
1624,77
1458,73
1640,76
1578,75
1666,77
1574,75
1499,73
1620,78
1386,68
1471,72
1500,71
1639,78
1535,74
1571,75
1585,75
1537,74
1369,68
1737,79
1507,72
1674,76
1428,71
1673,76
1501,71
1551,72
1541,73
1626,77
1332,68
1610,74
1723,75
1368,68
1720,76
1546,74
1569,75
1497,71
1432,71
1453,71
1554,74
1491,72
1615,73
1666,80
1562,70
1585,75
1510,72
1612,75
1490,71
1569,75
1565,74
1539,72
1622,77
1591,75
1681,79
1597,76
1566,74
1588,75
1630,75
1628,74
1671,78
1681,77
1526,73
1569,73
1497,73
1579,77
1606,78
1660,76
1589,75
1525,72
1619,74
1523,73
1519,71
1410,71
1620,76
1356,69
1588,76
1652,80
1553,72
1519,74
1597,76
1587,73
1437,72
1484,71
1577,74
1698,77
1551,74
1448,73
1523,70
1725,78
1452,71
1686,79
1617,78
1612,77
1533,74
1591,75
1514,72
1573,75
1611,73
1725,78
1661,78
1619,77
1579,75
1567,73
1576,76
1464,73
1701,79
1655,73
1544,76
1472,70
1468,72
1569,76
1656,80
1463,70
1483,73
1661,77
1636,74
1546,75
1535,72
1588,75
1541,74
1543,71
1522,75
1579,74
1586,72
1527,72
1675,78
1510,74
1519,74
1513,71
1529,71
1462,70
1462,69
1510,72
1553,74
1581,74
1617,76
1522,73
1554,74
1597,73
1433,72
1599,75
1640,78
1390,70
1484,70
1656,75
1668,79
1702,76
1559,73
1658,76
1641,78
1544,74
1571,76
1569,75
1512,73
1449,71
1592,71
1452,71
1413,72
1497,74
1416,72
1443,71
1525,74
1441,71
1504,72
1584,73
1428,70
1597,75
1561,77
1554,75
1614,76
1464,71
1497,73
1599,75
1530,73
1430,69
1540,75
1642,76
1620,74
1608,76
1587,73
1567,74
1500,72
1614,74
1544,73
1636,77
1559,76
1584,76
1467,74
1635,74
1618,76
1840,81
1640,77
1529,73
1583,74
1576,75
1527,72
1617,76
1565,75
1627,75
1380,71
1453,71
1656,78
1430,68
1545,75
1632,80
1635,77
1606,76
1542,74
1458,69
1590,78
1486,72
1477,71
1600,76
1482,72
1606,75
1429,71
1572,73
1392,67
1544,73
1565,75
1387,68
1530,72
1502,73
1410,71
1654,77
1525,72
1652,76
1639,75
1582,76
1677,77
1509,71
1578,76
1499,72
1579,75
1482,72
1609,77
1485,73
1424,70
1511,75
1518,71
1413,69
1673,79
1548,74
1596,76
1706,78
1435,72
1604,77
1614,77
1588,72
1500,73
1485,73
1508,73
1617,77
1423,69
1570,74
1510,74
1321,69
1512,71
1739,78
1465,73
1592,76
1653,73
1601,77
1406,68
1688,77
1450,73
1644,75
1505,73
1666,75
1590,76
1549,72
1606,75
1645,74
1600,76
1494,72
1688,77
1583,77
1661,76
1538,70
1486,71
1462,71
1470,72
1347,69
1570,77
1567,74
1496,73
1665,74
1503,70
1627,75
1402,67
1430,70
1566,72
1584,74
1413,69
1652,77
1499,71
1500,74
1473,71
1510,72
1653,77
1498,72
1494,74
1484,72
1347,69
1586,76
1601,75
1626,74
1507,73
1625,76
1645,77
1400,69
1575,74
1616,75
1436,69
1454,70
1469,70
1578,75
1466,71
1677,76
1566,73
1530,73
1483,71
1535,75
1432,71
1503,72
1600,75
1456,71
1569,75
1518,75
1659,79
1554,72
1479,73
1494,73
1577,76
1413,69
1503,74
1563,73
1629,76
1673,78
1448,70
1553,74
1506,73
1575,75
1570,72
1582,77
1515,72
1778,79
1564,74
1744,79
1498,74
1509,71
1390,71
1413,69
1556,71
1645,74
1566,75
1548,75
1529,74
1460,69
1407,68
1530,70
1600,76
1389,71
1459,70
1386,71
1616,75
1545,76
1555,73
1487,69
1397,69
1576,75
1557,73
1533,73
1505,73
1705,78
1476,71
1546,71
1665,78
1554,73
1500,70
1631,77
1493,72
1427,71
1568,77
1611,78
1447,72
1522,74
1598,77
1588,74
1444,69
1605,75
1604,74
1655,75
1546,74
1402,69
1601,78
1507,72
1624,76
1519,74
1407,66
1375,69
1534,73
1512,72
1633,75
1630,78
1556,73
1653,75
1671,78
1668,77
1731,78
1452,72
1694,78
1571,74
1539,72
1549,71
1572,76
1618,75
1490,72
1461,72
1347,66
1632,75
1440,68
1473,70
1445,73
1578,74
1520,73
1716,80
1539,76
1561,72
1500,74
1619,76
1429,71
1551,74
1516,73
1523,74
1561,73
1731,79
1597,73
1555,74
1425,71
1564,75
1570,73
1590,74
1442,70
1414,72
1668,75
1510,73
1592,75
1657,79
1590,74
1539,73
1379,64
1605,75
1603,74
1611,77
1620,75
1595,74
1608,76
1681,79
1521,73
1660,75
1553,75
1508,73
1595,76
1590,77
1424,69
1458,72
1533,72
1571,75
1491,73
1454,69
1613,77
1662,74
1574,72
1463,70
1767,78
1400,70
1423,69
1478,72
1497,73
1563,72
1660,77
1603,75
1752,78
1618,76
1568,75
1660,77
1498,71
1510,74
1587,75
1442,72
1394,72
1675,77
1438,70
1662,77
1575,72
1502,72
1519,75
1451,69
1441,71
1664,78
1499,73
1537,74
1668,75
1667,74
1572,72
1665,77
1504,72
1516,72
1433,70
1675,77
1504,72
1499,70
1433,71
1496,74
1612,77
1445,72
1435,68
1481,74
1586,75
1674,74
1666,74
1699,80
1609,73
1522,73
1693,77
1531,72
1749,81
1533,73
1472,70
1557,74
1528,74
1612,75
1565,74
1569,73
1512,72
1638,77
1620,75
1609,76
1465,71
1626,76
1533,74
1483,72
1630,75
1640,77
1601,76
1443,70
1615,77
1388,67
1697,74
1616,74
1514,74
1639,75
1618,79
1534,74
1603,75
1700,78
1416,69
1491,71
1620,78
1631,76
1438,69
1612,77
1575,75
1409,69
1503,71
1641,74
1675,77
1510,71
1556,73
1485,74
1380,69
1636,77
1801,79
1551,73
1397,70
1628,73
1595,74
1601,76
1579,75
1633,74
1643,77
1582,75
1559,74
1540,74
1466,70
1530,75
1484,69
1740,79
1676,77
1437,70
1540,73
1575,73
1530,73
1541,73
1450,67
1543,74
1580,74
1649,78
1452,72
1509,75
1665,76
1607,75
1361,68
1590,76
1553,73
1656,76
1553,75
1532,76
1631,75
1618,75
1588,71
1740,78
1497,71
1429,70
1680,79
1640,78
1452,70
1587,77
1593,76
1547,75
1510,72
1592,74
1479,72
1654,75
1578,73
1657,77
1528,74
1593,75
1673,77
1568,74
1692,78
1503,72
1662,77
1664,76
1545,72
1515,71
1383,66
1643,77
1601,77
1566,74
1641,76
1741,80
1671,78
1543,73
1468,71
1548,75
1626,78
1540,73
1552,71
1617,76
1502,73
1571,75
1596,76
1552,73
1528,73
1528,73
1591,73
1556,76
1512,69
1791,82
1631,75
1589,73
1719,76
1600,76
1341,67
1571,74
1614,74
1464,71
1500,72
1631,76
1598,75
1622,76
1740,79
1635,76
1552,72
1643,74
1533,75
1497,72
1532,70
1410,67
1544,73
1525,72
1673,75
1385,68
1534,71
1447,69
1639,73
1627,73
1710,76
1447,67
1596,76
1490,70
1508,69
1483,71
1664,77
1434,70
1577,74
1353,68
1693,77
1538,70
1553,73
1620,76
1494,73
1540,73
1758,78
1618,73
1512,74
1480,72
1655,75
1675,77
1613,76
1585,75
1634,77
1488,72
1557,72
1728,78
1532,74
1725,79
1430,70
1516,73
1556,74
1646,75
1478,72
1584,72
1529,73
1580,72
1620,74
1620,75
1755,79
1450,69
1517,73
1553,74
1619,75
1700,74
1525,73
1723,76
1564,70
1653,75
1749,78
1550,74
1562,72
1607,71
1654,77
1646,74
1567,72
1605,76
1593,72
1644,74
1584,72
1594,73
1594,75
1373,71
1540,75
1585,75
1659,76
1753,81
1731,79
1720,77
1565,72
1608,73
1768,80
1582,74
1565,72
1430,69
1590,74
1608,75
1431,71
1665,78
1566,74
1758,79
1513,72
1535,75
1598,71
1636,74
1434,71
1654,75
1762,81
1637,76
1704,77
1484,73
1535,72
1622,76
1728,77
1697,77
1501,71
1603,69
1353,67
1463,72
1548,72
1449,67
1698,78
1688,77
1614,76
1620,73
1510,73
1667,75
1714,75
1660,78
1471,72
1535,74
1454,71
1606,77
1694,77
1445,71
1518,69
1475,70
1650,76
1659,77
1469,69
1646,78
1600,73
1605,73
1486,72
1498,70
1609,75
1706,78
1556,73
1528,73
1623,77
1514,72
1582,73
1507,73
1637,74
1669,74
1636,75
1522,72
1656,77
1669,76
1552,74
1428,70
1556,75
1635,76
1582,74
1701,78
1624,77
1544,74
1601,75
1710,77
1638,76
1573,71
1467,71
1699,77
1628,73
1559,74
1716,78
1470,69
1539,72
1543,72
1345,66
1563,72
1742,79
1700,78
1632,77
1655,73
1412,69
1563,71
1626,75
1683,76
1442,68
1594,74
1602,74
1623,74
1651,76
1537,74
1623,74
1653,77
1601,75
1508,71
1689,77
1527,72
1752,79
1611,74
1734,79
1530,72
1451,72
1433,68
1592,74
1740,79
1554,74
1622,76
1533,70
1331,66
1709,77
1563,71
1581,75
1572,73
1495,72
1633,74
1559,73
1773,79
1679,71
1623,73
1562,73
1630,76
1671,76
1608,75
1539,72
1638,76
1737,79
1505,70
1583,74
1644,74
1713,78
1532,71
1614,74
1688,77
1570,74
1499,74
1542,74
1764,78
1540,75
1554,71
1663,76
1544,71
1656,76
1434,72
1735,78
1657,74
1467,71
1685,77
1676,75
1497,72
1523,72
1482,69
1570,70
1545,73
1586,72
1573,75
1766,79
1689,76
1578,73
1716,77
1657,77
1622,75
1734,80
1472,72
1732,76
1687,77
1540,72
1590,72
1719,76
1483,71
1584,74
1470,69
1461,69
1530,72
1519,70
1679,75
1671,75
1548,71
1410,71
1646,74
1480,72
1700,76
1632,79
1633,74
1392,70
1755,80
1456,71
1713,74
1840,81
1504,72
1546,73
1470,71
1610,76
1751,79
1367,67
1618,73
1617,75
1687,78
1686,78
1532,71
1732,77
1579,70
1492,70
1667,77
1501,71
1534,71
1449,71
1651,73
1608,75
1662,77
1530,74
1486,72
1681,76
1528,72
1696,78
1766,79
1620,75
1708,78
1601,73
1643,76
1367,67
1618,75
1670,75
1668,77
1612,75
1620,75
1410,68
1582,74
1555,74
1575,74
1522,71
1657,76
1606,76
1631,75
1548,72
1735,77
1740,77
1496,69
1363,67
1631,76
1653,75
1616,75
1700,76
1576,73
1653,76
1488,71
1601,72
1732,76
1496,71
1595,74
1451,71
1643,73
1593,75
1764,77
1484,73
1724,77
1626,75
1593,73
1694,76
1624,76
1509,68
1336,69
1611,73
1507,73
1499,68
1712,79
1671,77
1637,75
1578,73
1603,74
1463,72
1521,70
1310,66
1485,69
1699,78
1439,69
1601,74
1548,71
1650,77
1675,77
1506,68
1440,70
1462,72
1798,81
1636,76
1507,72
1609,73
1592,73
1631,74
1692,77
1519,73
1398,69
1571,72
1535,72
1601,75
1526,74
1604,73
1621,75
1594,72
1611,77
1737,76
1567,72
1677,76
1684,76
1637,76
1531,73
1633,73
1505,72
1642,76
1534,72
1663,74
1658,75
1528,72
1672,77
1550,73
1566,72
1536,75
1595,74
1489,70
1553,75
1601,76
1623,76
1633,77
1721,77
1588,75
1627,76
1562,71
1607,75
1690,78
1725,77
1535,73
1738,80
1591,76
1579,74
1474,71
1669,77
1614,76
1769,76
1630,75
1577,69
1602,73
1486,70
1477,69
1637,73
1670,77
1633,76
1645,75
1628,74
1554,73
1741,77
1453,66
1491,73
1549,75
1434,69
1633,75
1536,74
1751,82
1776,80
1673,76
1403,66
1601,75
1555,72
1669,77
1516,69
1552,74
1678,80
1669,77
1603,73
1516,72
1765,79
1575,75
1518,71
1728,80
1614,76
1594,76
1632,74
1630,77
1695,79
1662,77
1653,75
1685,76
1788,81
1587,75
1528,70
1644,75
1801,82
1583,73
1532,74
1629,73
1436,69
1530,72
1625,74
1744,77
1512,71
1571,77
1389,67
1725,80
1758,77
1652,76
1554,73
1614,76
1580,74
1508,73
1512,71
1678,76
1626,77
1640,76
1654,77
1582,75
1385,68
1630,76
1523,72
1519,73
1603,73
1468,71
1523,74
1623,73
1564,72
1627,74
1454,70
1736,80
1647,78
1589,71
1627,78
1569,73
1642,73
1454,70
1710,77
1465,70
1660,75
1550,70
1612,76
1736,80
1741,76
1625,75
1540,74
1409,69
1527,73
1649,78
1535,68
1699,74
1736,78
1705,76
1831,81
1610,74
1536,72
1742,79
1635,76
1467,70
1544,75
1642,77
1499,71
1580,73
1583,73
1693,78
1816,78
1663,77
1610,71
1683,76
1603,75
1632,76
1589,71
1496,73
1630,75
1672,76
1478,70
1558,70
1700,77
1668,76
1689,78
1695,75
1541,71
1633,73
1523,70
1448,69
1472,73
1649,74
1605,73
1732,77
1725,78
1484,72
1710,80
1527,71
1896,83
1779,75
1866,82
1639,76
1490,69
1538,69
1843,80
1721,75
1423,69
1679,75
1745,78
1597,73
1797,79
1760,76
1583,73
1468,70
1682,77
1817,79
1633,73
1672,77
1650,77
1774,78
1716,77
1681,76
1747,79
1732,79
1640,76
1619,75
1576,73
1576,73
1613,72
1646,75
1520,71
1675,77
1831,82
1518,70
1671,76
1464,69
1604,73
1539,72
1554,72
1684,75
1618,77
1421,69
1852,80
1887,81
1674,75
1573,75
1725,77
1780,77
1691,74
1896,80
1635,75
1698,77
1585,73
1813,80
1588,74
1664,77
1638,73
1700,77
1646,75
1598,73
1709,76
1663,74
1633,70
1659,74
1761,80
1543,70
1640,76
1673,77
1656,73
1631,71
1521,72
1661,76
1777,79
1633,74
1543,71
1547,74
1765,77
1695,74
1460,70
1554,72
1643,74
1542,73
1674,75
1586,72
1438,67
1789,81
1844,82
1703,76
1805,81
1791,81
1828,80
1578,74
1600,72
1744,75
1647,72
1587,75
1759,78
1911,82
1823,79
1787,80
1838,81
1506,67
1674,75
1776,78
1620,75
1668,78
1489,69
1746,80
1797,81
1650,74
1617,75
1685,74
1760,75
1699,78
1721,75
1457,68
1579,73
1588,74
1847,80
1573,70
1456,69
1603,71
1750,78
1642,75
1610,76
1525,71
1585,73
1783,81
1647,74
1735,77
1559,74
1491,72
1614,73
1650,74
1578,74
1516,69
1776,77
1426,63
1705,76
1690,78
1617,75
1576,72
1607,73
1775,78
1755,78
1638,73
1871,79
1648,73
1744,77
1686,77
1593,70
1637,73
1631,73
1691,76
1565,70
1796,78
1768,76
1636,76
1719,77
1534,72
1721,78
1631,76
1572,74
1704,77
1769,78
1834,80
1453,70
1677,76
1600,75
1701,75
1740,76
1518,70
1678,75
1686,77
1523,70
1670,78
1671,77
1449,69
1636,75
1774,78
1559,71
1517,70
1517,72
1846,81
1518,73
1636,74
1622,75
1625,74
1678,74
1779,80
1509,73
1591,76
1643,76
1649,75
1708,77
1644,74
1602,72
1641,73
1432,66
1656,77
1752,78
1515,70
1632,73
1565,72
1589,74
1603,71
1829,81
1488,69
1646,71
1620,74
1698,78
1573,73
1715,76
1554,74
1726,77
1656,75
1687,76
1657,75
1789,80
1652,75
1564,73
1544,73
1656,75
1566,68
1620,74
1644,74
1691,78
1873,79
1586,73
1492,71
1798,79
1424,69
1533,71
1701,76
1536,70
1568,72
1675,77
1644,75
1851,81
1543,73
1476,71
1715,77
1554,73
1489,72
1518,71
1524,71
1488,70
1724,75
1641,74
1490,71
1633,75
1702,74
1442,68
1730,78
1801,80
1652,74
1664,77
1829,80
1594,75
1762,78
1797,80
1675,77
1721,78
1579,72
1693,76
1527,70
1535,69
1772,80
1404,66
1601,73
1656,74
1734,77
1826,82
1724,77
1744,77
1591,71
1703,76
1867,81
1746,77
1608,75
1849,81
1742,77
1601,69
1670,76
1705,78
1563,72
1506,72
1572,75
1700,75
1594,73
1567,71
1669,76
1448,66
1680,75
1576,72
1686,76
1584,73
1531,71
1634,74
1718,74
1611,75
1672,71
1669,77
1660,74
1629,75
1752,78
1640,76
1605,73
1850,82
1646,72
1432,69
1719,75
1666,74
1764,77
1706,76
1523,69
1609,76
1651,77
1567,72
1804,76
1631,74
1690,76
1681,77
1659,76
1661,73
1789,80
1694,77
1604,74
1588,71
1750,76
1423,68
1549,73
1594,71
1607,74
1662,75
1676,75
1577,70
1607,74
1642,72
1879,81
1665,72
1863,82
1859,79
1547,69
1654,75
1540,72
1787,78
1560,72
1628,75
1516,71
1783,79
1675,72
1662,74
1555,73
1480,71
1798,79
1528,72
1599,73
1666,74
1453,65
1716,76
1750,76
1668,77
1508,70
1624,74
1786,80
1729,78
1652,75
1774,77
1552,71
1607,74
1498,70
1637,74
1773,78
1659,75
1733,79
1740,79
1579,75
1519,72
1681,75
1649,71
1542,72
1434,69
1707,76
1508,68
1628,74
1808,80
1708,73
1627,70
1734,79
1646,75
1488,70
1423,68
1682,77
1664,74
1601,73
1636,74
1885,82
1632,74
1628,73
1767,77
1439,71
1770,79
1544,73
1725,78
1507,71
1794,79
1794,78
1724,76
1656,75
1577,71
1675,73
1806,78
1766,77
1609,75
1739,79
1602,75
1619,76
1564,71
1509,71
1430,70
1516,71
1577,73
1577,72
1487,70
1703,76
1556,71
1558,70
1640,73
1592,73
1565,70
1782,80
1741,80
1706,78
1727,78
1640,76
1758,75
1699,75
1757,78
1589,73
1552,72
1742,79
1637,75
1622,75
1608,72
1734,78
1504,72
1745,77
1589,74
1591,74
1777,78
1662,75
1611,75
1654,75
1541,71
1727,79
1510,72
1487,68
1621,74
1674,77
1589,73
1489,72
1875,82
1645,74
1492,68
1848,81
1650,76
1787,78
1611,74
1664,76
1648,70
1700,76
1764,79
1504,70
1789,79
1580,73
1821,80
1637,76
1660,75
1672,75
1749,78
1625,73
1716,77
1679,75
1495,69
1720,79
1672,75
1638,74
1656,75
1642,75
1499,72
1684,74
1774,79
1763,77
1474,69
1666,75
1713,75
1573,72
1726,77
1635,74
1770,79
1551,74
1674,75
1810,80
1733,77
1585,72
1468,67
1609,71
1629,73
1708,78
1638,77
1665,72
1589,71
1693,79
1703,73
1552,73
1694,75
1619,73
1567,72
1758,78
1734,77
1761,77
1596,72
1443,68
1798,82
1723,77
1705,77
1540,71
1449,67
1596,73
1829,79
1764,76
1651,73
1584,74
1677,74
1601,75
1545,71
1697,80
1748,76
1646,75
1576,72
1544,70
1707,78
1586,74
1811,80
1731,79
1572,73
1762,79
1729,77
1677,74
1777,80
1489,73
1671,74
1543,70
1740,78
1605,72
1754,77
1698,76
1530,71
1638,74
1829,79
1586,71
1682,76
1659,75
1594,74
1556,72
1587,73
1879,80
1546,70
1626,72
1611,74
1616,75
1748,78
1715,77
1554,74
1807,79
1733,76
1757,79
1746,78
1726,79
1518,70
1618,74
1624,74
1704,75
1710,77
1794,78
1498,69
1650,75
1746,77
1727,79
1783,79
1768,78
1631,72
1591,75
1715,78
1649,76
1692,77
1438,64
1412,66
1686,77
1817,80
1666,77
1658,76
1803,78
1540,72
1537,73
1504,70
1721,76
1586,73
1547,73
1683,78
1661,73
1756,78
1630,74
1447,68
1630,73
1468,68
1691,76
1741,79
1731,78
1791,78
1702,77
1676,75
1677,75
1580,73
1532,73
1603,74
1541,70
1645,75
1690,77
1772,81
1559,73
1713,74
1764,77
1574,73
1785,79
1741,81
1761,78
1621,73
1691,75
1563,73
1699,76
1817,79
1726,77
1830,80
1523,70
1683,78
1663,73
1811,81
1686,78
1848,79
1639,75
1625,74
1758,79
1669,77
1453,69
1637,76
1518,69
1823,83
1675,73
1743,79
1588,72
1628,72
1587,73
1593,76
1766,76
1659,76
1696,79
1572,76
1693,79
1629,77
1742,78
1666,75
1688,78
1548,72
1653,78
1581,73
1703,78
1581,74
1500,68
1656,74
1642,79
1495,72
1677,74
1625,74
1538,72
1540,71
1671,77
1584,74
1761,78
1556,75
1541,71
1698,78
1720,76
1757,79
1694,77
1793,78
1651,74
1564,73
1648,78
1573,72
1730,79
1640,75
1660,76
1645,73
1535,73
1636,75
1596,73
1745,78
1539,71
1691,77
1682,77
1727,80
1783,81
1799,82
1740,77
1782,78
1469,69
1713,76
1576,76
1615,75
1548,72
1537,69
1693,77
1705,77
1533,71
1513,67
1571,73
1544,72
1528,73
1299,66
1522,70
1711,77
1764,79
1788,78
1773,80
1768,76
1600,77
1691,73
1633,74
1653,76
1636,75
1661,74
1647,75
1694,79
1744,76
1655,77
1750,80
1663,77
1770,78
1720,74
1812,81
1481,71
1618,77
1721,79
1699,80
1660,75
1748,81
1751,79
1920,81
1788,81
1716,77
1721,77
1596,72
1693,78
1585,73
1421,66
1509,71
1824,81
1793,81
1846,83
1477,70
1737,76
1643,76
1732,80
1752,79
1647,76
1551,75
1558,73
1807,79
1562,74
1596,74
1715,77
1599,75
1676,75
1664,75
1677,78
1638,72
1479,71
1600,75
1582,73
1582,74
1611,74
1545,70
1725,76
1704,77
1694,77
1650,73
1561,73
1620,72
1730,77
1651,77
1630,75
1420,69
1721,76
1673,78
1822,79
1731,79
1546,71
1639,77
1676,77
1600,73
1477,70
1436,67
1732,75
1641,77
1572,72
1698,74
1899,85
1783,77
1524,71
1536,74
1722,80
1756,78
1555,72
1620,78
1554,73
1745,77
1604,72
1587,72
1703,79
1445,69
1544,69
1566,72
1657,76
1789,82
1637,74
1766,77
1711,78
1592,73
1524,72
1522,74
1745,79
1674,76
1517,70
1787,81
1588,74
1495,70
1578,72
1762,80
1527,71
1657,74
1732,78
1492,71
1822,82
1653,76
1535,70
1762,80
1678,77
1662,77
1855,79
1634,75
1689,80
1569,73
1613,77
1588,71
1801,81
1460,72
1514,69
1769,77
1603,76
1757,77
1709,75
1853,81
1693,76
1766,82
1746,77
1798,79
1607,73
1584,76
1608,74
1658,76
1655,74
1756,78
1523,69
1534,69
1444,70
1733,76
1705,80
1859,83
1703,76
1736,82
1738,75
1738,78
1675,75
1490,74
1749,80
1811,80
1622,73
1720,78
1407,67
1637,73
1494,68
1647,75
1821,80
1774,78
1643,77
1523,72
1554,72
1752,79
1699,78
1791,80
1612,76
1775,77
1646,77
1511,72
1826,81
1623,74
1442,69
1734,79
1686,76
1756,79
1708,77
1642,74
1740,78
1737,76
1608,72
1662,73
1672,75
1724,77
1627,78
1602,73
1810,81
1647,77
1715,78
1521,73
1689,78
1762,77
1680,75
1439,69
1714,76
1408,68
1526,70
1739,77
1827,82
1788,80
1641,77
1643,76
1838,82
1638,74
1728,77
1581,75
1520,73
1648,76
1690,76
1695,78
1607,73
1750,80
1740,77
1546,73
1752,78
1752,76
1652,75
1669,76
1400,69
1414,67
1566,74
1729,80
1681,78
1765,77
1482,69
1683,79
1461,68
1666,78
1648,76
1559,72
1690,78
1621,76
1653,77
1593,76
1680,74
1663,75
1704,79
1738,78
1688,75
1639,75
1684,76
1744,78
1714,75
1602,74
1650,75
1650,75
1651,77
1676,73
1650,74
1591,73
1598,76
1544,74
1656,74
1791,78
1626,72
1661,76
1761,78
1672,77
1774,80
1623,77
1603,74
1615,74
1561,73
1692,79
1679,74
1537,73
1697,75
1713,76
1668,76
1558,72
1680,76
1747,77
1699,76
1783,76
1624,74
1694,76
1665,77
1541,73
1594,74
1487,70
1836,80
1719,77
1483,71
1548,73
1786,80
1620,75
1626,73
1565,75
1759,79
1784,78
1681,76
1628,75
1665,77
1738,78
1766,79
1739,79
1655,77
1601,74
1583,71
1759,79
1739,79
1728,78
1526,76
1689,78
1692,77
1560,73
1552,75
1672,75
1623,75
1754,79
1556,74
1513,74
1637,75
1588,72
1552,71
1675,78
1665,79
1554,74
1616,74
1637,77
1716,78
1703,74
1689,74
1594,76
1828,79
1332,66
1762,82
1562,75
1732,76
1810,83
1638,73
1744,77
1732,77
1654,74
1627,76
1762,78
1664,77
1516,71
1731,78
1576,72
1681,78
1636,76
1745,75
1738,79
1437,72
1547,71
1718,78
1587,73
1667,76
1729,74
1642,76
1690,77
1741,77
1475,69
1817,80
1732,78
1659,76
1588,73
1605,73
1681,75
1564,70
1639,76
1461,69
1805,78
1635,74
1533,75
1531,73
1640,74
1553,73
1780,82
1530,69
1598,74
1699,78
1567,71
1689,75
1650,76
1621,74
1588,73
1653,75
1541,74
1779,82
1572,73
1769,78
1672,75
1683,75
1763,76
1651,76
1527,73
1668,77
1594,73
1602,72
1821,81
1791,78
1698,77
1681,78
1732,77
1578,73
1573,69
1639,76
1668,76
1544,75
1501,71
1562,74
1743,79
1540,72
1482,72
1899,81
1645,76
1644,73
1594,72
1645,75
1748,77
1529,73
1493,69
1829,79
1601,74
1592,73
1495,73
1714,79
1577,71
1588,75
1519,74
1761,77
1603,74
1578,72
1550,71
1623,74
1540,73
1764,79
1732,75
1627,72
1591,72
1734,78
1656,75
1802,78
1801,80
1676,77
1706,75
1563,74
1405,68
1541,71
1372,68
1681,75
1870,78
1577,74
1596,73
1549,72
1722,77
1552,72
1735,80
1495,71
1544,74
1572,72
1603,72
1717,80
1475,71
1564,75
1571,73
1718,78
1671,79
1651,77
1659,75
1620,76
1516,72
1418,68
1698,78
1728,76
1631,75
1595,73
1703,77
1525,71
1831,83
1596,75
1625,75
1646,74
1701,75
1451,69
1677,75
1712,78
1596,75
1642,74
1562,74
1663,75
1643,75
1758,79
1619,75
1594,72
1505,71
1594,74
1786,78
1741,77
1581,73
1725,79
1613,74
1614,74
1826,79
1552,75
1704,77
1805,80
1592,74
1665,78
1653,78
1684,74
1593,73
1796,79
1503,71
1559,72
1517,71
1667,75
1671,73
1454,68
1587,74
1573,73
1759,79
1861,79
1804,79
1723,76
1539,75
1601,75
1703,79
1749,79
1723,78
1672,77
1533,71
1626,73
1667,75
1644,75
1477,68
1615,73
1548,66
1652,76
1575,70
1640,74
1533,73
1605,74
1678,77
1547,73
1509,71
1778,77
1627,76
1710,78
1643,76
1606,72
1651,76
1705,76
1682,76
1562,72
1737,79
1651,76
1561,74
1736,81
1519,74
1681,77
1577,76
1563,72
1715,76
1855,80
1652,77
1608,72
1816,82
1626,73
1525,68
1693,77
1558,74
1705,76
1747,78
1558,71
1601,75
1862,81
1523,72
1585,73
1697,76
1606,74
1648,78
1660,77
1566,71
1604,75
1724,78
1557,73
1707,76
1526,69
1620,73
1569,75
1731,78
1765,78
1561,72
1661,79
1701,78
1676,75
1590,73
1609,74
1544,74
1583,75
1656,76
1708,76
1714,79
1716,77
1635,76
1743,76
1597,76
1609,74
1799,81
1653,76
1553,73
1631,73
1681,77
1608,73
1752,76
1814,81
1683,78
1599,76
1679,73
1820,80
1535,68
1709,77
1541,73
1621,77
1803,81
1822,80
1616,73
1620,71
1676,77
1786,79
1645,75
1463,69
1685,75
1698,77
1476,69
1750,79
1671,74
1684,78
1732,76
1719,76
1549,70
1479,73
1495,71
1757,80
1677,77
1507,70
1573,72
1572,76
1633,75
1512,71
1665,74
1564,73
1772,77
1543,71
1731,77
1564,73
1759,76
1632,73
1440,69
1690,77
1646,75
1685,77
1744,77
1620,74
1508,71
1705,79
1515,73
1770,77
1700,79
1786,81
1554,74
1714,79
1686,78
1534,72
1809,81
1523,73
1859,79
1597,75
1619,74
1635,73
1647,76
1663,78
1671,79
1658,74
1665,77
1817,82
1578,74
1740,78
1836,79
1779,79
1565,73
1535,72
1686,75
1614,75
1741,76
1463,68
1730,78
1717,75
1710,77
1667,75
1581,73
1700,76
1521,71
1743,78
1704,77
1594,74
1892,82
1722,74
1629,74
1790,78
1752,77
1803,79
1714,78
1807,78
1585,75
1755,79
1811,80
1575,72
1803,79
1399,66
1637,75
1604,74
1551,74
1512,73
1677,77
1679,77
1718,75
1600,76
1617,70
1659,74
1635,76
1615,72
1635,76
1644,76
1709,76
1701,79
1759,81
1596,74
1573,69
1635,75
1500,70
1593,70
1642,75
1616,75
1711,77
1643,76
1574,73
1577,73
1588,76
1698,76
1690,76
1696,77
1557,72
1767,78
1586,72
1634,75
1658,74
1741,76
1639,75
1807,80
1834,83
1665,76
1736,77
1689,74
1675,77
1623,73
1587,74
1705,76
1601,75
1698,77
1831,83
1679,75
1889,80
1738,80
1612,73
1409,70
1594,73
1619,73
1500,69
1724,79
1772,79
1686,76
1780,80
1616,75
1528,68
1665,74
1624,74
1572,74
1726,79
1522,72
1685,78
1621,73
1325,68
1565,69
1546,76
1896,82
1537,73
1655,78
1428,65
1579,72
1548,74
1724,75
1784,80
1630,76
1502,72
1617,72
1692,75
1635,77
1764,77
1604,77
1662,76
1582,74
1889,78
1409,61
1568,76
1477,72
1555,72
1625,73
1600,73
1757,78
1555,71
1728,75
1554,75
1532,73
1719,76
1570,74
1661,76
1706,78
1659,75
1661,75
1589,74
1642,77
1626,76
1518,74
1608,73
1655,74
1714,78
1798,82
1624,73
1701,79
1579,73
1704,77
1650,74
1617,71
1793,81
1751,78
1532,69
1679,76
1596,74
1721,78
1579,74
1624,75
1740,77
1567,71
1708,76
1759,78
1736,78
1772,80
1639,75
1617,74
1495,73
1602,74
1687,78
1587,73
1606,74
1649,76
1542,74
1641,76
1629,76
1499,72
1676,78
1770,80
1572,73
1753,79
1554,73
1573,76
1670,75
1484,69
1703,76
1674,73
1543,71
1691,75
1697,76
1717,79
1685,73
1623,74
1860,82
1571,73
1714,80
1630,74
1650,75
1594,75
1472,70
1749,77
1615,73
1665,76
1584,73
1770,78
1652,74
1611,73
1772,80
1702,77
1624,73
1798,79
1736,78
1604,73
1750,80
1469,70
1495,71
1667,76
1701,77
1643,75
1588,75
1590,71
1804,80
1780,78
1751,76
1719,75
1622,76
1777,79
1679,75
1619,73
1543,75
1628,76
1629,76
1575,71
1610,74
1587,75
1651,80
1712,76
1700,80
1720,77
1770,79
1592,72
1794,78
1456,68
1577,72
1683,78
1606,73
1705,77
1672,75
1423,66
1922,83
1493,71
1755,79
1717,79
1677,75
1603,72
1750,79
1605,74
1768,81
1573,73
1797,79
1618,76
1662,73
1885,83
1617,77
1723,77
1596,72
1648,74
1673,74
1685,76
1739,80
1713,75
1631,74
1745,77
1675,74
1746,79
1676,76
1748,79
1567,73
1646,71
1518,72
1593,74
1501,72
1811,79
1664,75
1695,77
1387,64
1560,69
1704,76
1819,79
1672,79
1834,77
1704,76
1720,74
1738,77
1552,73
1692,74
1695,76
1610,74
1683,76
1541,72
1626,78
1825,79
1650,77
1798,81
1477,70
1595,72
1718,77
1646,76
1645,75
1638,76
1559,71
1670,75
1599,72
1486,71
1800,81
1480,69
1729,79
1505,72
1454,69
1590,72
1841,80
1587,74
1675,78
1561,71
1718,78
1737,78
1622,74
1535,71
1685,72
1759,79
1497,71
1708,77
1743,77
1544,73
1479,70
1569,74
1787,81
1637,75
1666,78
1591,74
1404,67
1648,76
1405,67
1621,75
1787,80
1613,75
1613,76
1685,75
1773,78
1702,77
1381,63
1543,72
1418,70
1614,74
1507,71
1576,73
1694,79
1748,80
1747,80
1564,74
1584,72
1619,76
1636,76
1530,72
1636,78
1616,76
1561,71
1696,73
1567,73
1653,75
1782,79
1580,78
1620,74
1557,74
1484,71
1735,80
1839,82
1481,73
1584,73
1508,72
1732,79
1800,78
1529,71
1802,79
1932,84
1736,77
1545,71
1703,77
1676,78
1706,77
1581,76
1783,81
1678,73
1513,67
1773,79
1690,75
1621,76
1629,76
1751,77
1713,80
1679,76
1681,77
1632,75
1718,76
1498,74
1651,76
1645,73
1614,73
1619,76
1628,74
1729,73
1485,68
1498,70
1679,77
1845,83
1794,78
1600,72
1498,70
1506,69
1615,77
1538,73
1609,76
1621,75
1686,77
1593,72
1536,73
1656,77
1660,75
1667,77
1527,74
1734,79
1720,79
1572,72
1602,75
1603,75
1716,77
1640,74
1720,75
1813,81
1575,72
1494,72
1753,79
1789,80
1637,77
1516,72
1906,83
1469,70
1649,74
1592,76
1554,74
1761,81
1401,68
1523,73
1571,71
1556,73
1701,75
1648,75
1420,65
1666,76
1728,80
1617,78
1571,72
1765,77
1458,68
1511,73
1648,76
1709,80
1664,73
1765,79
1485,68
1655,74
1597,77
1563,73
1536,70
1702,78
1718,78
1697,74
1594,72
1586,72
1546,70
1900,85
1605,75
1506,72
1620,73
1678,76
1647,73
1521,70
1814,80
1660,73
1879,80
1780,78
1611,74
1530,73
1592,72
1576,74
1638,76
1534,72
1573,72
1621,75
1888,85
1648,75
1622,74
1467,69
1461,70
1539,70
1825,81
1708,76
1733,79
1726,79
1798,78
1636,76
1769,77
1746,79
1767,79
1479,69
1697,75
1813,81
1593,71
1560,73
1742,79
1788,78
1819,80
1756,77
1664,76
1629,75
1706,74
1653,77
1769,80
1518,70
1725,79
1854,84
1630,74
1636,76
1586,72
1826,79
1634,75
1620,74
1455,67
1546,72
1702,76
1621,76
1692,75
1692,74
1716,75
1554,73
1706,77
1551,73
1633,75
1610,74
1847,82
1709,76
1805,81
1524,74
1677,76
1390,69
1656,74
1527,72
1425,68
1636,72
1492,69
1412,66
1569,73
1575,73
1682,77
1587,74
1587,74
1632,76
1617,76
1801,78
1657,73
1743,78
1682,76
1496,72
1723,79
1508,70
1591,74
1571,75
1502,70
1666,74
1590,76
1620,76
1617,73
1524,70
1735,79
1588,72
1641,73
1753,77
1580,74
1799,79
1563,72
1849,80
1739,76
1526,70
1560,72
1580,74
1722,75
1708,79
1714,76
1636,71
1686,78
1724,78
1597,72
1583,73
1659,74
1530,69
1623,74
1810,82
1471,68
1767,78
1790,78
1854,79
1494,70
1621,76
1619,73
1702,76
1569,71
1554,72
1672,74
1699,78
1751,77
1688,76
1771,81
1690,74
1711,79
1733,76
1615,75
1725,78
1570,74
1831,80
1674,75
1519,72
1674,77
1579,71
1741,75
1734,76
1661,75
1720,77
1606,72
1711,76
1653,73
1961,82
1532,71
1617,74
1895,84
1614,75
1761,80
1647,76
1757,78
1544,74
1761,76
1552,70
1743,78
1656,74
1695,76
1781,77
1790,79
1709,77
1617,75
1770,77
1688,76
1663,74
1629,72
1615,73
1662,76
1666,74
1840,77
1648,76
1649,78
1706,77
1563,73
1670,76
1544,70
1610,73
1667,75
1647,75
1550,72
1555,69
1646,79
1690,76
1674,76
1564,72
1806,80
1651,77
1794,81
1545,71
1598,72
1592,75
1541,73
1677,75
1864,79
1711,75
1527,72
1724,77
1641,77
1711,74
1631,77
1577,72
1827,81
1858,80
1568,71
1721,78
1665,78
1743,77
1655,75
1639,73
1607,73
1607,71
1515,74
1664,72
1582,72
1863,80
1544,72
1570,74
1644,77
1862,79
1664,74
1485,70
1780,81
1785,81
1436,68
1751,79
1714,78
1701,78
1780,78
1753,80
1713,77
1513,70
1369,65
1734,80
1551,71
1530,71
1628,75
1592,73
1619,75
1659,75
1790,81
1751,78
1649,74
1448,67
1773,80
1680,75
1755,77
1685,77
1780,82
1560,72
1613,74
1762,78
1618,72
1770,77
1415,69
1702,76
1741,76
1719,78
1608,73
1775,76
1670,75
1631,75
1696,75
1776,81
1904,82
1611,77
1425,68
1500,72
1574,73
1634,74
1834,80
1758,80
1542,72
1727,76
1678,73
1574,72
1659,77
1714,77
1729,79
1651,76
1658,73
1816,81
1726,77
1907,82
1649,74
1561,71
1495,71
1691,77
1516,71
1602,75
1712,76
1569,75
1403,68
1506,67
1567,75
1606,73
1689,77
1738,79
1645,77
1638,73
1706,76
1662,72
1517,73
1458,71
1820,80
1883,82
1537,73
1855,81
1680,77
1804,81
1584,74
1674,75
1689,77
1604,75
1604,74
1745,78
1633,75
1793,78
1692,75
1551,71
1798,78
1564,74
1674,75
1642,75
1496,70
1651,73
1616,73
1498,72
1487,73
1626,79
1684,78
1488,70
1683,76
1728,75
1686,77
1747,77
1655,76
1767,77
1508,71
1565,75
1732,79
1775,80
1660,75
1619,75
1531,69
1471,68
1547,70
1784,79
1627,71
1653,73
1736,78
1888,81
1528,72
1439,69
1761,80
1374,65
1794,80
1782,78
1696,81
1893,81
1727,77
1691,79
1832,76
1576,74
1627,76
1502,72
1658,76
1644,74
1606,76
1525,71
1680,74
1735,79
1541,71
1744,77
1769,78
1612,73
1582,74
1650,74
1526,71
1766,78
1615,74
1881,83
1771,80
1672,74
1636,73
1685,77
1636,73
1636,76
1580,75
1702,75
1533,72
1620,72
1675,76
1862,78
1568,72
1776,77
1754,77
1569,73
1590,76
1532,74
1643,75
1683,76
1800,77
1527,71
1725,78
1631,73
1503,69
1615,72
1803,82
1596,74
1637,75
1679,75
1676,73
1460,70
1686,78
1738,76
1702,75
1428,70
1635,78
1771,78
1730,79
1662,76
1682,77
1815,78
1582,73
1761,77
1622,74
1601,72
1515,72
1715,79
1625,74
1643,76
1652,75
1573,71
1764,78
1533,70
1687,77
1675,75
1689,77
1485,68
1667,75
1602,75
1681,76
1598,73
1541,71
1684,75
1711,79
1765,80
1602,75
1684,76
1672,76
1749,77
1603,71
1567,72
1633,76
1700,77
1672,76
1509,70
1490,70
1733,76
1695,77
1489,68
1794,79
1713,71
1770,79
1645,75
1481,73
1594,74
1887,85
1477,69
1490,71
1533,69
1484,71
1712,80
1695,76
1536,72
1484,72
1426,66
1552,72
1524,72
1773,80
1677,78
1617,75
1577,73
1514,73
1621,76
1668,76
1737,80
1508,72
1463,69
1546,73
1719,78
1602,74
1627,76
1548,73
1705,77
1783,77
1726,76
1592,72
1498,70
1626,74
1625,72
1673,72
1724,79
1545,72
1651,75
1531,72
1472,67
1489,71
1487,71
1654,78
1684,75
1614,73
1516,73
1584,74
1780,81
1616,73
1652,76
1649,74
1563,74
1563,70
1481,73
1675,73
1607,74
1580,75
1577,73
1564,72
1494,69
1790,78
1626,73
1622,75
1623,74
1681,73
1562,70
1361,66
1786,74
1698,77
1599,74
1560,73
1580,74
1421,69
1492,72
1522,73
1476,70
1612,76
1565,71
1466,71
1859,82
1759,77
1709,78
1552,71
1638,77
1600,76
1659,74
1493,69
1538,72
1762,79
1697,77
1396,67
1762,80
1754,81
1814,83
1797,78
1735,78
1315,60
1495,70
1747,81
1476,69
1756,77
1614,75
1447,67
1781,76
1641,74
1515,74
1760,79
1503,73
1602,75
1565,71
1613,72
1516,71
1615,75
1695,78
1476,68
1714,77
1608,73
1552,70
1730,77
1610,74
1698,79
1628,77
1589,73
1596,73
1573,71
1680,76
1714,80
1575,73
1677,74
1529,69
1590,75
1682,72
1689,78
1637,73
1706,78
1421,66
1664,78
1495,72
1647,74
1436,67
1615,75
1715,77
1542,70
1479,71
1650,74
1637,77
1790,77
1526,70
1617,74
1686,75
1752,80
1663,78
1543,73
1520,71
1645,75
1597,76
1544,72
1511,71
1502,72
1612,75
1471,73
1698,75
1342,68
1464,69
1571,76
1710,77
1421,68
1357,67
1441,68
1626,72
1528,72
1564,73
1609,76
1522,71
1541,72
1466,71
1409,69
1516,69
1407,71
1671,74
1642,73
1593,72
1598,75
1597,74
1502,71
1571,73
1571,72
1720,77
1574,71
1546,73
1597,72
1863,83
1477,67
1469,70
1520,71
1662,76
1778,78
1558,71
1483,71
1616,73
1331,65
1536,75
1567,73
1680,76
1705,75
1615,75
1803,78
1624,73
1540,73
1648,79
1751,76
1619,75
1566,75
1847,81
1731,78
1646,74
1862,83
1464,72
1580,73
1503,74
1592,76
1495,68
1763,77
1456,68
1808,78
1633,74
1554,72
1532,74
1637,77
1609,70
1690,76
1486,72
1728,77
1509,71
1494,73
1688,77
1404,67
1512,70
1500,71
1617,72
1402,66
1598,71
1713,81
1624,74
1735,79
1749,80
1763,78
1618,71
1590,72
1587,71
1428,67
1752,80
1573,75
1561,73
1523,72
1435,68
1616,72
1561,72
1574,72
1527,70
1763,78
1609,72
1618,75
1574,71
1442,68
1689,77
1549,75
1548,69
1691,78
1556,74
1510,74
1733,76
1563,73
1752,80
1573,74
1571,77
1566,74
1637,71
1565,73
1666,78
1681,75
1520,70
1764,76
1558,71
1545,71
1617,75
1476,68
1545,73
1765,78
1645,76
1625,76
1419,68
1614,73
1604,73
1636,74
1678,77
1532,72
1525,74
1605,71
1597,72
1643,73
1666,76
1472,70
1677,77
1624,74
1590,73
1554,73
1431,69
1602,73
1682,76
1601,75
1714,74
1510,71
1596,72
1690,78
1637,72
1605,75
1537,72
1424,67
1563,74
1644,75
1617,76
1672,77
1638,73
1541,73
1477,67
1658,74
1745,77
1605,72
1517,70
1450,70
1636,76
1727,79
1726,78
1694,76
1587,74
1645,77
1657,76
1701,76
1591,74
1776,78
1700,76
1701,79
1760,79
1456,66
1544,71
1562,74
1566,76
1676,76
1754,79
1476,71
1477,69
1565,73
1682,76
1722,76
1538,74
1621,73
1603,75
1613,76
1635,75
1520,70
1546,73
1714,79
1509,69
1625,74
1595,72
1656,76
1663,77
1738,77
1532,70
1603,75
1604,73
1629,73
1655,73
1650,76
1771,77
1601,74
1629,74
1766,79
1648,74
1654,76
1445,70
1815,81
1727,78
1644,73
1576,72
1600,74
1637,76
1663,75
1625,72
1727,77
1601,76
1700,79
1614,77
1666,77
1616,75
1623,73
1670,78
1710,77
1363,67
1647,73
1709,75
1649,79
1658,78
1729,78
1609,76
1465,67
1729,80
1527,71
1680,78
1494,72
1585,74
1414,67
1381,67
1712,75
1640,78
1496,71
1730,77
1622,72
1657,78
1488,74
1478,69
1611,74
1535,77
1560,71
1541,72
1720,78
1523,71
1665,77
1759,82
1513,69
1577,73
1587,74
1408,68
1452,70
1556,72
1632,76
1847,84
1603,73
1483,71
1461,71
1661,75
1629,75
1747,78
1611,73
1768,78
1477,70
1641,73
1586,74
1572,74
1517,71
1533,67
1502,71
1565,75
1664,77
1660,75
1588,71
1716,78
1639,76
1722,78
1516,68
1691,75
1346,66
1722,77
1683,76
1416,67
1799,79
1655,75
1644,73
1640,78
1705,80
1590,75
1490,70
1705,79
1581,75
1532,71
1673,79
1606,74
1709,76
1526,73
1571,75
1574,71
1791,82
1599,75
1663,78
1651,78
1759,80
1676,76
1786,76
1696,75
1508,69
1404,66
1797,81
1593,72
1692,75
1666,76
1621,75
1578,73
1746,76
1704,78
1544,73
1680,75
1537,73
1724,77
1615,71
1785,77
1547,72
1651,76
1593,73
1735,74
1522,70
1552,74
1799,79
1627,77
1711,75
1684,75
1775,79
1533,71
1568,73
1426,67
1734,77
1663,75
1727,76
1511,74
1663,78
1467,71
1690,78
1627,76
1496,69
1444,66
1543,72
1613,76
1666,77
1551,73
1553,70
1684,77
1455,71
1584,75
1598,76
1384,66
1592,71
1662,77
1363,64
1638,73
1641,77
1657,73
1566,73
1517,73
1533,75
1473,68
1585,71
1455,69
1724,76
1610,74
1532,73
1804,79
1552,74
1611,76
1645,76
1661,78
1638,75
1488,71
1632,74
1473,66
1648,72
1599,76
1703,80
1640,76
1490,72
1804,77
1600,76
1477,71
1625,75
1672,77
1768,75
1475,70
1430,69
1736,80
1559,72
1609,74
1608,73
1700,80
1618,76
1702,77
1797,82
1458,73
1667,75
1625,75
1470,72
1753,81
1781,77
1631,76
1776,81
1633,71
1521,71
1738,77
1549,69
1621,72
1601,72
1444,69
1563,73
1594,74
1351,66
1610,73
1654,73
1594,75
1646,77
1577,73
1507,72
1598,73
1444,68
1511,74
1526,72
1731,80
1592,74
1683,78
1641,79
1586,73
1613,73
1653,76
1612,72
1482,64
1587,70
1739,76
1483,72
1558,74
1467,70
1441,68
1471,69
1629,74
1738,75
1488,70
1589,76
1745,77
1513,68
1649,76
1518,69
1547,73
1798,77
1576,73
1626,76
1715,78
1689,80
1773,79
1645,74
1522,71
1395,66
1600,75
1563,69
1740,80
1778,79
1623,75
1727,79
1645,78
1583,73
1465,72
1598,74
1703,79
1620,72
1464,68
1627,76
1464,71
1586,77
1646,73
1729,80
1566,73
1840,83
1828,81
1685,76
1597,76
1504,72
1708,76
1550,69
1496,69
1771,81
1717,78
1456,70
1519,70
1483,69
1519,72
1812,78
1573,73
1553,67
1512,67
1701,76
1722,76
1718,74
1530,71
1446,69
1704,75
1613,72
1633,71
1634,77
1484,70
1513,68
1635,74
1681,75
1573,70
1479,69
1416,68
1452,68
1501,70
1560,72
1639,75
1712,75
1723,78
1521,71
1584,72
1750,81
1620,75
1523,74
1812,81
1653,75
1625,76
1587,73
1692,74
1740,79
1684,74
1620,76
1512,71
1533,71
1674,78
1556,71
1648,76
1417,65
1528,71
1359,66
1585,74
1553,70
1567,72
1540,74
1860,82
1543,75
1580,72
1525,67
1706,75
1630,74
1412,67
1508,72
1720,78
1713,76
1521,72
1641,77
1501,72
1559,75
1605,72
1654,75
1684,78
1723,76
1662,76
1682,76
1621,74
1563,76
1559,74
1672,76
1597,71
1696,78
1487,70
1644,75
1634,72
1542,74
1725,79
1367,65
1436,70
1875,80
1566,73
1666,76
1592,75
1616,73
1623,76
1705,74
1697,76
1534,72
1520,71
1755,80
1413,66
1620,74
1641,78
1722,78
1669,75
1592,74
1496,71
1727,77
1480,73
1621,72
1633,69
1578,75
1579,71
1594,72
1697,78
1595,73
1592,75
1677,74
1678,75
1596,73
1535,74
1581,76
1387,67
1693,76
1592,70
1570,75
1476,69
1569,72
1561,73
1793,81
1571,74
1594,74
1524,69
1532,72
1630,75
1863,83
1488,70
1797,79
1579,73
1587,73
1546,69
1726,78
1479,68
1488,71
1682,74
1821,82
1752,78
1351,65
1654,78
1607,74
1478,70
1747,77
1648,73
1554,72
1696,74
1737,79
1470,70
1567,74
1654,74
1814,80
1435,70
1610,76
1609,75
1709,77
1553,70
1501,74
1648,72
1695,77
1666,75
1774,78
1740,75
1508,69
1486,70
1681,76
1597,70
1470,70
1613,75
1559,74
1490,73
1415,68
1698,77
1692,77
1670,76
1518,71
1503,71
1601,72
1633,78
1527,74
1716,76
1353,63
1684,79
1457,68
1715,75
1508,71
1666,76
1657,75
1568,74
1485,70
1680,77
1564,71
1782,80
1636,74
1639,74
1594,71
1592,77
1559,75
1614,77
1509,71
1442,69
1754,79
1571,72
1447,68
1586,74
1575,73
1732,78
1704,73
1641,77
1779,78
1741,78
1635,76
1585,71
1610,76
1635,75
1637,72
1482,70
1566,73
1538,69
1679,78
1481,71
1604,76
1679,74
1701,75
1434,66
1773,80
1754,75
1763,79
1706,79
1631,74
1620,74
1654,71
1522,71
1699,75
1804,80
1763,78
1631,73
1779,78
1521,72
1640,78
1529,73
1595,73
1495,70
1500,69
1720,79
1360,65
1690,76
1606,70
1623,74
1437,68
1641,75
1636,74
1641,74
1740,78
1646,72
1455,69
1779,81
1744,77
1691,77
1591,75
1744,78
1480,71
1796,79
1754,81
1626,74
1637,77
1659,76
1727,77
1560,72
1511,73
1562,71
1412,68
1615,76
1721,78
1738,74
1673,73
1615,72
1630,75
1666,77
1726,78
1518,71
1634,76
1528,73
1717,81
1623,76
1661,76
1650,76
1557,70
1329,66
1464,71
1529,71
1581,75
1610,72
1677,73
1565,68
1635,75
1638,76
1681,74
1448,67
1677,74
1633,78
1673,78
1565,72
1390,71
1666,78
1761,78
1630,75
1648,74
1638,73
1617,75
1788,80
1714,74
1511,70
1552,73
1602,72
1363,69
1487,71
1572,71
1694,76
1720,80
1741,79
1555,73
1771,78
1516,70
1840,82
1739,78
1626,74
1729,80
1492,69
1640,75
1559,73
1558,73
1706,76
1358,65
1701,79
1505,72
1569,73
1615,75
1638,78
1700,77
1613,75
1580,70
1729,78
1623,73
1531,69
1472,70
1622,76
1619,73
1647,75
1564,73
1501,70
1605,73
1555,72
1597,76
1636,75
1465,68
1641,76
1435,68
1605,76
1681,75
1701,77
1811,81
1720,79
1620,74
1529,74
1512,69
1742,79
1629,74
1612,74
1588,73
1524,70
1742,78
1527,73
1534,73
1601,74
1743,80
1633,72
1632,75
1562,73
1696,76
1641,74
1581,73
1696,79
1555,74
1712,78
1401,68
1766,78
1667,77
1745,73
1469,70
1710,75
1653,77
1778,81
1563,71
1757,75
1623,75
1517,70
1634,72
1713,77
1551,73
1631,75
1450,69
1617,73
1778,75
1741,78
1882,82
1504,69
1750,80
1677,75
1628,75
1756,80
1456,68
1700,78
1721,76
1606,75
1557,73
1553,73
1663,77
1702,76
1709,74
1581,73
1571,70
1646,73
1739,76
1661,74
1588,71
1727,76
1593,74
1700,78
1418,66
1648,76
1631,75
1714,79
1581,73
1459,69
1701,77
1679,76
1519,75
1683,75
1724,77
1625,77
1596,72
1683,74
1666,77
1631,74
1626,75
1711,78
1539,71
1487,71
1651,75
1478,72
1665,74
1822,83
1716,75
1727,79
1465,70
1672,75
1459,66
1465,70
1633,75
1628,76
1576,74
1587,73
1711,79
1601,77
1662,74
1558,72
1656,71
1651,78
1614,76
1603,77
1704,77
1635,72
1702,76
1560,71
1528,72
1445,69
1610,72
1633,75
1630,73
1752,78
1537,72
1359,64
1629,75
1557,72
1606,74
1781,80
1553,72
1676,75
1466,70
1552,72
1459,69
1695,76
1530,69
1586,74
1684,75
1834,83
1549,73
1775,81
1500,69
1779,79
1492,70
1445,66
1588,72
1704,76
1621,76
1627,73
1438,69
1494,70
1759,82
1917,81
1794,76
1518,74
1678,74
1498,69
1626,76
1757,76
1685,75
1680,76
1686,74
1734,74
1554,74
1416,69
1692,76
1604,74
1643,76
1716,80
1681,74
1613,77
1466,70
1687,77
1753,83
1680,78
1560,70
1661,77
1506,69
1624,75
1753,77
1619,73
1634,73
1507,69
1652,76
1496,71
1539,72
1610,73
1536,73
1761,77
1811,79
1383,68
1724,75
1661,79
1672,76
1731,78
1685,76
1791,83
1608,73
1627,76
1508,72
1749,77
1679,76
1559,69
1601,74
1655,76
1668,77
1748,76
1296,68
1472,72
1759,78
1623,73
1785,78
1629,74
1649,74
1574,72
1535,73
1731,75
1764,80
1568,73
1638,76
1421,71
1463,72
1664,78
1603,74
1701,77
1517,70
1610,74
1635,75
1662,76
1891,83
1674,75
1671,75
1693,75
1458,70
1556,73
1614,77
1589,71
1594,70
1636,75
1634,78
1576,75
1727,78
1606,75
1795,80
1585,76
1652,75
1521,68
1670,74
1719,78
1418,65
1568,72
1681,78
1526,70
1539,71
1624,74
1632,75
1656,76
1625,75
1511,71
1610,77
1447,68
1611,75
1570,72
1464,67
1618,75
1711,78
1888,83
1616,73
1696,77
1652,75
1412,68
1637,75
1560,73
1390,69
1539,69
1613,72
1754,77
1697,75
1514,67
1653,77
1624,74
1705,78
1657,74
1493,71
1635,77
1841,83
1583,73
1697,80
1630,74
1511,70
1500,72
1635,74
1507,71
1742,74
1655,73
1578,74
1372,68
1600,74
1776,77
1643,75
1650,76
1412,68
1448,68
1565,70
1795,79
1796,80
1800,81
1784,74
1515,72
1746,79
1539,73
1690,76
1654,78
1601,70
1510,72
1669,77
1692,76
1714,80
1393,66
1513,69
1633,74
1826,78
1585,72
1530,69
1600,76
1677,79
1604,77
1615,73
1530,70
1732,77
1586,72
1715,77
1809,80
1851,82
1682,77
1632,78
1593,73
1493,70
1506,72
1713,76
1574,74
1624,72
1683,76
1380,66
1805,80
1499,68
1688,75
1638,73
1688,74
1498,72
1679,77
1420,70
1615,73
1686,77
1506,74
1679,76
1780,81
1658,73
1482,66
1635,77
1630,74
1644,74
1502,70
1509,73
1471,71
1500,70
1728,76
1699,80
1684,77
1688,75
1612,74
1583,74
1564,73
1732,79
1912,82
1628,74
1497,70
1500,70
1496,70
1458,66
1541,73
1754,78
1687,77
1315,65
1677,78
1518,71
1581,74
1597,72
1577,72
1517,71
1603,73
1852,84
1712,77
1683,77
1767,79
1555,72
1561,74
1446,68
1598,72
1640,76
1537,73
1705,76
1689,74
1587,72
1779,77
1551,70
1548,74
1583,73
1544,72
1453,70
1565,71
1355,64
1808,80
1753,79
1646,76
1631,71
1544,74
1578,73
1791,79
1492,69
1790,79
1685,75
1633,77
1757,78
1523,71
1585,72
1623,72
1562,73
1633,74
1667,77
1632,76
1693,78
1491,69
1695,75
1574,72
1720,79
1525,71
1671,75
1537,72
1646,73
1591,72
1781,81
1627,74
1706,81
1547,73
1712,77
1602,71
1623,75
1522,70
1682,79
1567,70
1540,70
1728,77
1610,73
1527,69
1487,71
1495,72
1695,79
1410,65
1636,74
1671,76
1609,75
1878,83
1562,71
1428,67
1658,78
1490,73
1759,77
1489,68
1600,74
1574,73
1566,72
1699,78
1573,74
1534,72
1633,76
1578,72
1601,72
1402,65
1573,72
1636,75
1455,71
1777,79
1506,72
1714,79
1551,71
1617,74
1447,65
1851,81
1517,70
1502,71
1699,78
1565,75
1709,78
1491,71
1726,76
1721,74
1701,78
1688,76
1796,79
1570,73
1763,78
1617,75
1696,76
1661,78
1473,67
1630,73
1594,75
1712,77
1631,76
1570,74
1678,78
1530,70
1723,78
1620,77
1561,72
1689,75
1524,72
1668,76
1605,71
1718,76
1527,71
1535,72
1676,78
1543,69
1580,75
1634,75
1625,73
1447,70
1654,77
1544,73
1738,78
1522,70
1503,67
1677,77
1656,76
1618,74
1605,74
1813,79
1489,68
1701,78
1437,69
1597,73
1719,77
1715,75
1536,72
1596,76
1638,74
1641,77
1555,74
1691,72
1649,73
1585,74
1738,76
1459,68
1559,70
1707,76
1651,75
1797,80
1595,74
1498,70
1661,75
1610,74
1648,78
1497,73
1302,63
1664,73
1779,76
1527,72
1689,76
1657,75
1541,70
1612,73
1621,75
1482,68
1650,75
1596,75
1671,79
1745,79
1563,72
1646,76
1733,78
1440,67
1690,79
1623,73
1709,75
1645,75
1586,73
1677,79
1673,77
1465,69
1373,71
1543,71
1732,78
1656,75
1585,74
1403,68
1473,67
1628,76
1556,73
1538,73
1785,77
1663,76
1733,78
1714,79
1631,76
1574,72
1673,75
1634,70
1541,71
1627,72
1727,74
1693,78
1624,72
1409,69
1591,72
1553,72
1670,77
1685,77
1543,72
1574,76
1754,76
1654,75
1758,80
1609,75
1457,67
1518,74
1729,78
1652,75
1511,74
1555,73
1645,76
1578,73
1511,70
1719,76
1618,76
1576,73
1529,74
1591,74
1468,70
1616,75
1572,73
1530,70
1649,75
1704,77
1541,69
1534,71
1650,77
1620,73
1738,80
1626,74
1521,69
1766,79
1540,68
1739,76
1678,74
1704,79
1686,75
1562,75
1707,78
1592,73
1746,79
1631,72
1497,70
1791,81
1596,74
1546,70
1798,82
1598,73
1768,80
1720,79
1397,66
1443,68
1582,73
1530,70
1682,75
1646,74
1631,74
1554,75
1570,73
1712,76
1689,77
1694,77
1611,73
1709,77
1650,76
1499,71
1672,77
1760,79
1521,72
1679,71
1628,78
1529,71
1751,77
1756,77
1624,77
1590,76
1631,76
1567,73
1508,71
1638,74
1635,77
1651,74
1575,72
1701,79
1628,75
1678,74
1504,69
1660,78
1491,70
1651,73
1741,78
1601,72
1643,77
1594,72
1516,72
1766,77
1791,80
1520,71
1543,72
1475,70
1618,75
1503,70
1711,79
1517,68
1561,70
1651,73
1626,75
1548,74
1698,80
1651,76
1493,72
1515,72
1603,76
1600,73
1711,79
1607,72
1706,76
1606,70
1605,76
1547,73
1523,71
1480,70
1762,77
1554,73
1582,73
1468,66
1655,75
1549,73
1685,75
1502,69
1534,71
1368,69
1716,78
1622,73
1774,77
1555,71
1540,74
1656,76
1644,73
1820,80
1666,77
1687,78
1440,69
1735,79
1641,76
1614,75
1537,72
1586,72
1625,74
1648,72
1760,80
1550,72
1527,69
1567,73
1644,75
1656,74
1686,77
1573,76
1608,72
1699,79
1506,71
1722,76
1676,76
1545,74
1696,74
1719,77
1544,69
1827,82
1731,76
1572,71
1569,74
1559,72
1557,71
1643,74
1537,74
1697,77
1648,73
1719,79
1525,71
1639,75
1465,70
1604,73
1664,75
1622,74
1610,75
1717,77
1704,78
1403,71
1715,77
1623,79
1667,72
1548,72
1811,80
1720,80
1586,74
1748,80
1770,79
1629,74
1497,73
1644,76
1608,74
1570,72
1636,73
1561,73
1691,79
1559,70
1607,72
1525,69
1510,69
1643,73
1719,79
1519,69
1705,75
1762,79
1774,82
1469,71
1550,75
1784,76
1701,77
1653,77
1469,68
1623,71
1753,79
1743,76
1633,75
1668,74
1601,76
1602,72
1555,73
1540,71
1506,72
1743,76
1735,75
1621,76
1565,73
1867,82
1722,76
1586,75
1578,73
1643,74
1593,75
1632,76
1533,70
1514,72
1797,79
1712,79
1755,80
1633,75
1630,74
1622,73
1669,75
1640,74
1616,70
1671,75
1688,75
1705,77
1670,77
1543,71
1621,76
1474,71
1565,71
1722,79
1631,73
1524,72
1670,75
1541,71
1512,71
1695,76
1526,74
1701,78
1506,73
1572,71
1420,70
1658,74
1782,75
1746,80
1736,78
1652,76
1765,77
1563,74
1442,71
1555,71
1708,77
1965,85
1648,77
1572,76
1585,72
1625,74
1603,75
1501,70
1549,72
1606,76
1784,78
1659,75
1715,76
1620,76
1493,70
1749,81
1470,70
1668,77
1622,78
1722,77
1808,83
1610,74
1805,79
1535,72
1626,74
1678,76
1560,72
1725,77
1474,69
1704,76
1476,69
1722,76
1583,70
1616,73
1583,70
1497,69
1781,81
1434,70
1520,72
1739,76
1696,77
1721,78
1510,72
1815,81
1707,78
1538,71
1637,75
1589,70
1595,75
1793,78
1670,78
1817,79
1570,72
1464,71
1671,79
1627,71
1695,76
1655,77
1657,77
1671,77
1586,71
1672,76
1684,78
1794,80
1501,68
1545,74
1555,75
1901,81
1315,64
1481,72
1465,70
1548,69
1580,75
1540,72
1483,67
1703,76
1582,73
1435,69
1561,69
1578,74
1576,71
1640,77
1662,75
1423,67
1565,71
1662,75
1730,78
1554,74
1607,76
1552,71
1692,77
1538,72
1613,75
1743,78
1646,74
1686,77
1805,80
1553,72
1638,75
1799,79
1584,75
1645,75
1722,79
1573,76
1514,69
1625,75
1572,73
1496,72
1694,77
1541,72
1711,78
1734,80
1659,77
1625,75
1727,79
1471,69
1661,73
1782,78
1419,72
1517,70
1575,74
1518,70
1691,76
1548,74
1664,77
1573,74
1636,74
1623,74
1427,67
1663,74
1669,75
1517,73
1548,70
1577,73
1441,67
1692,76
1713,79
1594,72
1664,79
1772,78
1828,80
1612,75
1615,73
1625,74
1663,77
1552,70
1772,78
1689,78
1555,69
1606,71
1615,76
1732,79
1731,78
1741,80
1556,73
1495,68
1573,74
1635,73
1587,71
1606,71
1558,72
1790,78
1541,72
1547,73
1437,71
1596,74
1555,69
1601,74
1686,77
1561,71
1729,78
1538,72
1780,80
1541,70
1493,67
1541,70
1668,78
1613,76
1671,76
1425,69
1472,70
1640,75
1692,72
1422,70
1741,75
1640,78
1539,69
1608,73
1565,73
1566,71
1393,67
1610,71
1433,68
1707,76
1661,74
1611,73
1692,80
1674,74
1562,72
1697,75
1654,77
1750,79
1547,71
1494,69
1810,83
1684,77
1730,77
1450,70
1395,67
1614,72
1462,70
1546,71
1447,71
1612,72
1676,73
1710,78
1628,74
1592,74
1532,73
1811,81
1485,69
1702,78
1564,72
1649,77
1688,75
1566,71
1689,74
1490,69
1718,78
1806,82
1719,77
1571,69
1505,73
1445,70
1745,75
1653,74
1518,71
1773,81
1618,76
1590,72
1505,70
1431,70
1622,75
1649,75
1688,76
1655,77
1564,76
1433,67
1691,74
1572,75
1670,77
1695,77
1609,74
1715,74
1753,76
1686,78
1573,73
1555,74
1476,69
1608,74
1596,71
1676,74
1612,72
1593,74
1675,74
1657,74
1473,69
1592,73
1513,71
1635,78
1686,78
1579,71
1682,77
1528,72
1624,74
1807,82
1681,76
1747,81
1655,77
1556,70
1522,70
1658,74
1743,77
1561,72
1499,70
1612,74
1603,73
1727,78
1661,74
1613,74
1639,76
1586,74
1728,78
1614,73
1542,72
1589,74
1608,75
1719,79
1643,76
1717,77
1638,75
1501,73
1563,75
1737,78
1583,72
1502,70
1555,73
1602,73
1676,75
1534,73
1449,68
1611,77
1547,71
1630,74
1615,74
1637,75
1645,76
1573,72
1771,79
1628,73
1482,72
1619,73
1749,79
1518,69
1633,75
1655,75
1805,77
1558,71
1685,76
1756,79
1571,74
1684,79
1602,72
1379,68
1524,71
1673,75
1614,72
1495,70
1500,68
1540,71
1534,70
1564,76
1597,74
1719,76
1570,74
1663,76
1590,72
1748,79
1531,72
1764,80
1560,71
1734,77
1592,72
1589,74
1717,76
1750,76
1620,75
1765,79
1681,74
1523,71
1633,76
1732,77
1480,71
1591,71
1737,79
1553,73
1422,71
1528,70
1722,78
1697,79
1666,75
1618,73
1580,72
1660,77
1537,72
1768,80
1512,71
1674,77
1737,77
1613,75
1554,74
1695,75
1768,80
1463,66
1745,79
1612,73
1625,75
1621,75
1696,78
1688,78
1574,71
1571,73
1597,73
1635,78
1591,71
1509,73
1763,76
1721,77
1483,72
1713,78
1543,72
1602,73
1635,76
1652,75
1626,75
1627,76
1476,70
1597,71
1608,75
1656,77
1643,76
1664,78
1585,74
1566,72
1480,70
1582,69
1667,75
1568,73
1676,77
1740,77
1633,74
1660,76
1589,72
1609,74
1469,71
1647,75
1550,72
1612,74
1639,74
1786,75
1663,76
1670,77
1591,75
1454,71
1660,75
1510,70
1549,73
1632,75
1643,74
1696,77
1698,73
1673,77
1658,78
1424,68
1725,79
1550,72
1606,76
1648,76
1621,75
1573,74
1574,75
1777,78
1522,70
1750,79
1619,71
1355,63
1770,81
1671,71
1503,71
1769,78
1560,75
1525,72
1748,77
1748,78
1580,74
1684,75
1798,78
1517,69
1684,77
1740,79
1648,74
1568,74
1703,78
1585,74
1659,76
1598,71
1643,77
1807,80
1595,72
1514,73
1591,74
1470,70
1428,70
1658,75
1748,78
1612,74
1771,78
1516,71
1607,73
1712,78
1812,79
1660,74
1691,74
1615,75
1441,72
1706,79
1578,71
1744,78
1731,76
1624,74
1678,78
1756,79
1662,74
1744,77
1746,80
1526,72
1605,74
1637,75
1589,74
1652,74
1564,73
1670,76
1703,77
1679,77
1512,70
1256,62
1704,76
1713,77
1606,73
1548,74
1828,80
1584,75
1567,74
1505,71
1264,62
1562,72
1505,72
1697,75
1671,77
1565,76
1680,77
1758,77
1697,78
1668,75
1453,68
1525,71
1647,75
1781,81
1387,70
1627,73
1641,74
1651,75
1861,81
1655,74
1633,73
1639,76
1685,76
1595,73
1758,78
1584,76
1650,78
1439,70
1676,77
1649,73
1671,79
1457,70
1620,76
1688,76
1649,76
1590,75
1768,80
1487,73
1672,77
1738,76
1526,72
1566,75
1741,79
1728,79
1668,76
1738,78
1661,76
1582,74
1635,75
1539,72
1680,75
1756,76
1626,74
1624,76
1738,78
1760,77
1430,70
1475,69
1450,68
1697,76
1691,75
1594,74
1720,76
1807,79
1534,73
1645,75
1462,71
1700,77
1620,70
1612,76
1621,75
1701,78
1471,68
1750,79
1604,75
1570,74
1598,73
1538,73
1633,76
1697,76
1527,72
1667,76
1487,70
1567,75
1587,72
1664,77
1640,75
1738,78
1473,70
1661,74
1606,77
1642,75
1641,73
1538,70
1641,75
1542,73
1457,72
1481,69
1750,80
1641,75
1608,73
1664,74
1625,77
1683,77
1651,74
1531,72
1518,73
1562,70
1700,78
1705,76
1582,74
1792,78
1546,68
1590,72
1767,77
1472,72
1575,74
1713,78
1632,76
1724,78
1358,64
1678,79
1566,72
1624,75
1859,81
1655,78
1728,79
1628,74
1573,73
1577,74
1608,72
1612,75
1624,71
1538,72
1632,77
1585,73
1500,70
1583,73
1647,75
1698,77
1484,67
1626,74
1765,80
1624,77
1738,73
1581,75
1644,75
1743,77
1521,73
1641,74
1619,74
1546,72
1411,63
1654,73
1509,71
1719,78
1626,72
1664,76
1627,73
1525,73
1658,76
1597,72
1586,72
1659,77
1640,77
1676,74
1662,79
1646,75
1522,71
1640,74
1708,76
1780,78
1610,71
1679,77
1645,75
1554,73
1656,76
1653,77
1593,75
1616,73
1452,68
1638,75
1597,74
1442,71
1762,81
1573,74
1597,70
1554,72
1682,75
1603,75
1509,70
1564,77
1527,70
1780,81
1642,75
1699,78
1497,73
1584,73
1551,71
1676,79
1746,78
1628,75
1721,77
1582,75
1623,78
1677,76
1603,75
1640,75
1573,72
1525,71
1732,76
1771,79
1654,73
1789,78
1513,71
1592,75
1667,76
1595,74
1664,76
1497,70
1581,73
1766,79
1615,75
1487,71
1685,77
1581,78
1592,74
1688,77
1567,71
1719,78
1582,73
1688,76
1687,78
1473,68
1758,80
1627,75
1698,77
1723,77
1685,78
1629,77
1536,69
1554,74
1624,77
1566,73
1695,76
1648,76
1637,76
1613,74
1495,70
1531,74
1499,69
1512,72
1563,70
1775,79
1675,74
1604,75
1888,82
1782,79
1568,74
1734,79
1562,74
1818,79
1583,72
1573,75
1668,76
1674,76
1564,73
1520,72
1587,72
1690,76
1454,65
1616,73
1694,79
1653,76
1764,81
1559,74
1587,75
1469,68
1435,71
1621,75
1651,76
1472,69
1630,76
1571,73
1787,82
1638,74
1686,76
1782,80
1677,79
1419,70
1494,66
1631,74
1628,75
1651,79
1774,77
1738,79
1655,74
1629,76
1596,74
1584,77
1745,79
1369,65
1659,73
1617,72
1656,77
1688,73
1680,78
1461,73
1934,82
1651,75
1655,74
1635,77
1596,76
1593,74
1679,78
1680,78
1499,73
1453,69
1671,74
1517,72
1517,71
1645,75
1531,73
1697,76
1560,72
1524,68
1621,75
1576,72
1547,72
1751,78
1672,75
1621,73
1653,72
1662,76
1747,80
1735,76
1602,73
1679,74
1672,79
1574,73
1640,72
1706,76
1567,74
1449,70
1444,68
1736,79
1748,82
1596,74
1591,74
1702,76
1645,77
1675,77
1669,75
1650,75
1614,74
1440,69
1809,82
1740,77
1672,78
1488,69
1734,77
1647,74
1597,75
1777,78
1440,68
1701,79
1521,73
1408,69
1750,79
1634,73
1544,73
1672,77
1572,73
1454,67
1353,67
1558,71
1625,77
1918,85
1690,79
1681,77
1570,71
1706,76
1646,75
1339,64
1711,79
1521,70
1468,69
1836,80
1511,69
1674,73
1575,73
1610,73
1702,76
1474,70
1659,77
1549,75
1714,78
1378,67
1577,75
1572,72
1706,75
1679,75
1649,78
1711,77
1545,70
1632,75
1738,79
1812,83
1735,78
1657,72
1498,72
1699,76
1661,76
1536,72
1694,73
1427,68
1614,71
1457,72
1581,73
1487,71
1740,77
1627,76
1696,76
1385,69
1864,82
1513,72
1668,75
1615,72
1559,71
1678,76
1846,81
1313,66
1675,75
1692,76
1687,76
1667,75
1432,69
1663,77
1579,75
1681,77
1769,80
1542,72
1611,76
1720,77
1611,75
1706,78
1552,74
1494,72
1662,76
1722,78
1653,76
1747,76
1483,69
1604,72
1514,71
1477,72
1536,68
1551,75
1383,65
1520,70
1667,79
1675,73
1369,64
1564,76
1617,73
1538,71
1622,71
1506,68
1677,77
1804,77
1503,74
1590,74
1686,78
1690,74
1537,72
1599,71
1617,75
1671,73
1584,78
1479,68
1621,75
1558,73
1652,78
1750,79
1671,76
1563,71
1556,71
1709,76
1724,75
1636,75
1686,76
1481,71
1511,70
1670,74
1546,73
1635,73
1755,80
1555,71
1603,73
1629,73
1632,72
1646,75
1546,72
1806,81
1462,69
1741,78
1582,74
1469,67
1544,69
1671,77
1746,77
1587,72
1549,72
1564,70
1674,75
1561,70
1546,71
1564,73
1549,71
1620,73
1781,78
1648,76
1506,72
1670,77
1731,77
1733,75
1670,75
1699,78
1765,79
1635,75
1782,78
1515,72
1635,76
1606,72
1653,76
1743,75
1510,70
1682,79
1540,71
1659,76
1687,76
1564,72
1546,73
1631,76
1749,78
1602,73
1747,78
1599,70
1573,75
1494,70
1582,74
1633,76
1612,72
1633,77
1647,75
1634,76
1742,76
1569,71
1396,68
1638,73
1604,76
1666,72
1751,77
1683,79
1512,71
1635,74
1566,72
1656,76
1579,74
1548,72
1592,72
1611,73
1590,73
1518,73
1620,74
1754,78
1677,78
1426,68
1623,75
1736,78
1696,77
1585,74
1549,70
1443,68
1667,77
1664,76
1474,67
1365,65
1640,72
1593,72
1651,77
1671,76
1806,80
1484,72
1606,71
1577,75
1764,80
1548,70
1477,70
1480,70
1610,74
1561,71
1610,74
1836,79
1530,73
1643,73
1651,76
1615,72
1591,73
1536,70
1731,80
1503,70
1530,73
1737,80
1685,72
1618,74
1623,73
1557,71
1515,73
1681,78
1521,68
1546,73
1484,70
1410,67
1708,75
1657,76
1667,75
1664,76
1666,75
1595,73
1827,78
1466,71
1609,76
1487,72
1680,79
1522,68
1710,78
1664,78
1614,73
1643,76
1691,76
1705,80
1615,75
1552,69
1629,75
1494,70
1744,79
1526,72
1796,79
1650,73
1539,71
1634,76
1459,67
1653,76
1547,74
1593,74
1735,80
1634,73
1649,74
1714,77
1646,76
1542,74
1636,75
1435,68
1587,74
1465,70
1755,78
1656,74
1717,79
1659,76
1652,73
1601,74
1587,74
1609,75
1909,81
1394,70
1522,71
1570,73
1701,76
1711,78
1646,77
1573,74
1476,71
1459,70
1591,74
1654,76
1698,76
1762,78
1576,71
1566,70
1691,75
1579,71
1510,71
1868,82
1508,73
1557,72
1695,77
1501,69
1587,74
1488,72
1723,78
1492,70
1523,71
1609,77
1452,68
1384,65
1672,77
1626,73
1689,77
1640,78
1537,73
1645,74
1694,73
1544,72
1350,68
1656,77
1609,76
1603,71
1542,74
1583,75
1706,79
1599,75
1539,69
1566,73
1460,69
1926,84
1341,65
1766,80
1612,76
1702,76
1545,74
1747,79
1637,76
1615,76
1447,71
1650,75
1498,71
1431,70
1764,78
1725,80
1854,82
1655,73
1410,66
1736,77
1578,73
1695,78
1633,74
1595,73
1572,75
1578,73
1801,82
1490,71
1649,75
1383,63
1629,75
1543,72
1659,79
1618,74
1528,72
1487,66
1536,76
1650,75
1784,77
1584,73
1680,80
1667,76
1772,81
1648,74
1571,74
1782,81
1527,73
1585,74
1650,71
1419,64
1652,75
1483,68
1653,75
1567,73
1712,75
1544,72
1658,73
1520,70
1499,71
1712,77
1493,70
1564,74
1651,75
1709,74
1644,75
1496,71
1571,70
1557,71
1636,73
1597,73
1698,78
1568,75
1546,72
1521,69
1571,73
1642,75
1741,79
1377,69
1557,74
1691,77
1473,70
1627,73
1612,75
1595,73
1696,78
1606,71
1494,69
1737,77
1531,73
1567,75
1433,70
1631,74
1623,74
1656,74
1709,76
1602,78
1538,75
1398,65
1716,77
1491,67
1690,75
1667,78
1674,77
1632,74
1643,75
1289,65
1544,71
1663,79
1549,71
1562,74
1511,74
1451,66
1616,74
1739,77
1581,76
1626,74
1619,75
1523,71
1611,75
1456,70
1627,72
1493,71
1627,73
1724,77
1470,72
1613,75
1734,76
1566,73
1785,81
1678,74
1632,75
1596,73
1698,78
1653,74
1599,70
1518,71
1624,73
1724,75
1833,81
1723,81
1560,76
1452,71
1697,76
1646,74
1500,70
1771,79
1445,70
1631,76
1630,71
1511,69
1724,78
1683,79
1651,76
1485,72
1472,71
1647,75
1669,77
1745,79
1792,76
1512,71
1666,77
1721,75
1659,73
1671,78
1812,83
1520,74
1484,74
1741,79
1504,71
1622,74
1379,67
1641,72
1713,75
1467,68
1693,78
1529,73
1631,74
1780,78
1477,71
1545,73
1638,76
1557,72
1459,71
1654,76
1639,77
1727,80
1658,76
1697,78
1576,70
1535,72
1582,74
1659,74
1611,75
1667,72
1689,76
1552,74
1646,77
1728,78
1613,75
1595,74
1590,73
1743,79
1390,66
1361,64
1687,78
1526,72
1652,75
1562,73
1545,75
1605,71
1588,73
1424,69
1590,71
1701,75
1799,79
1638,77
1558,68
1518,72
1584,76
1674,77
1649,76
1551,74
1694,78
1479,69
1573,75
1481,66
1707,79
1740,79
1457,66
1702,78
1473,69
1638,73
1532,73
1676,75
1672,77
1638,77
1690,77
1634,74
1658,75
1607,75
1613,75
1733,77
1631,73
1399,70
1638,71
1506,72
1654,77
1482,68
1577,73
1688,76
1630,72
1664,74
1546,71
1653,75
1739,77
1604,73
1707,76
1600,70
1500,67
1544,71
1558,71
1721,76
1438,68
1559,75
1627,75
1707,76
1631,78
1661,74
1694,74
1455,70
1541,74
1514,72
1511,71
1554,72
1544,75
1631,74
1670,75
1553,72
1666,75
1794,80
1610,75
1672,78
1730,79
1416,68
1657,76
1709,80
1708,76
1509,70
1686,77
1570,74
1606,76
1490,73
1576,74
1615,75
1722,79
1672,78
1524,72
1424,67
1470,71
1786,81
1590,75
1603,74
1595,77
1661,76
1798,81
1567,70
1726,77
1745,77
1617,74
1454,67
1716,76
1472,69
1477,73
1517,71
1804,78
1610,73
1746,78
1531,73
1799,74
1675,74
1533,72
1720,77
1571,74
1621,73
1627,76
1841,81
1509,69
1775,81
1688,75
1755,79
1451,69
1695,77
1743,76
1714,79
1638,73
1739,78
1836,82
1706,77
1599,76
1527,70
1518,74
1592,72
1784,78
1704,80
1650,76
1687,76
1681,79
1785,78
1759,82
1747,79
1640,78
1512,72
1439,67
1696,73
1580,72
1844,82
1508,70
1677,75
1655,77
1531,71
1652,77
1633,73
1508,71
1634,75
1383,66
1629,75
1722,79
1504,71
1660,75
1470,71
1645,74
1567,73
1651,78
1678,73
1714,75
1737,78
1626,75
1621,74
1688,78
1586,74
1715,78
1580,74
1619,74
1647,76
1723,77
1370,65
1690,75
1811,82
1633,73
1530,71
1649,72
1630,74
1689,76
1570,70
1493,70
1737,75
1607,73
1605,72
1647,76
1538,74
1629,73
1697,77
1779,76
1650,74
1713,77
1841,82
1413,71
1495,72
1426,70
1659,77
1690,76
1625,76
1760,77
1663,79
1685,78
1511,70
1629,74
1726,78
1637,75
1554,71
1572,70
1637,75
1659,73
1675,76
1545,74
1543,74
1596,73
1654,75
1669,76
1447,70
1609,75
1617,73
1664,76
1622,77
1723,76
1680,78
1625,74
1626,76
1782,82
1631,77
1705,76
1658,74
1887,81
1719,75
1681,76
1542,70
1632,71
1374,69
1509,71
1625,72
1648,77
1704,80
1612,74
1718,78
1901,84
1682,76
1439,67
1564,70
1569,73
1635,76
1586,73
1918,81
1660,77
1613,73
1727,78
1668,74
1556,74
1455,68
1712,75
1616,77
1695,80
1712,78
1725,75
1577,73
1697,75
1645,76
1498,70
1636,74
1638,75
1514,71
1853,80
1564,75
1520,71
1411,65
1408,68
1634,73
1675,77
1570,72
1695,76
1579,73
1723,78
1538,71
1668,75
1623,75
1685,76
1519,72
1567,77
1599,72
1588,74
1733,76
1672,77
1402,67
1602,73
1519,71
1603,76
1711,79
1562,73
1559,71
1588,75
1614,71
1726,78
1528,73
1449,64
1539,73
1732,77
1591,69
1597,74
1786,82
1631,77
1588,70
1413,66
1628,77
1636,73
1591,76
1725,77
1705,74
1720,77
1566,73
1646,74
1468,69
1492,69
1757,78
1601,75
1555,74
1693,77
1678,76
1558,72
1492,71
1831,81
1603,76
1713,78
1645,75
1655,72
1530,71
1519,67
1482,72
1611,72
1620,74
1671,77
1629,77
1797,82
1809,81
1632,74
1640,71
1601,75
1499,72
1667,76
1710,80
1655,76
1582,74
1491,72
1555,69
1677,75
1685,77
1501,71
1575,73
1615,74
1763,79
1784,77
1616,72
1573,72
1457,68
1497,74
1535,73
1562,70
1652,76
1680,75
1712,77
1648,75
1492,70
1555,70
1684,78
1607,75
1525,72
1695,73
1387,65
1528,71
1588,73
1636,77
1574,74
1676,74
1709,77
1740,79
1576,71
1682,77
1580,70
1592,75
1695,77
1532,72
1765,78
1727,76
1650,73
1488,68
1648,73
1880,82
1659,79
1469,71
1658,76
1583,74
1560,72
1824,82
1537,71
1639,74
1612,74
1474,72
1554,75
1573,75
1585,72
1545,72
1597,72
1582,72
1617,74
1702,77
1534,74
1758,77
1533,73
1678,74
1405,69
1641,73
1611,74
1682,77
1674,78
1591,75
1657,77
1525,72
1695,77
1576,75
1575,72
1727,78
1371,65
1510,68
1562,71
1637,76
1464,71
1750,76
1586,73
1569,71
1546,72
1575,72
1582,73
1791,78
1647,76
1771,81
1547,73
1533,71
1524,71
1573,71
1781,79
1919,84
1708,76
1474,73
1564,72
1485,69
1772,79
1724,79
1772,79
1706,77
1384,68
1531,69
1599,73
1603,73
1665,77
1795,81
1637,77
1799,79
1487,71
1679,74
1548,73
1488,72
1510,72
1611,73
1692,77
1553,73
1558,71
1678,77
1583,72
1464,69
1602,71
1648,74
1745,78
1646,73
1545,68
1679,74
1471,70
1627,74
1739,80
1622,73
1712,76
1713,78
1779,79
1549,70
1713,78
1623,75
1745,77
1716,75
1460,70
1562,75
1722,73
1602,76
1534,73
1619,72
1636,75
1701,75
1630,73
1570,71
1608,73
1555,71
1582,72
1622,77
1556,71
1559,74
1555,74
1522,72
1564,70
1822,79
1698,78
1707,79
1570,75
1627,72
1460,71
1634,75
1727,76
1547,71
1628,77
1796,81
1785,79
1536,72
1865,82
1576,71
1575,73
1765,77
1840,81
1374,67
1612,75
1579,74
1538,70
1456,72
1561,71
1843,83
1520,69
1612,76
1650,72
1521,71
1550,74
1557,73
1509,70
1670,78
1653,74
1543,72
1593,73
1638,73
1508,72
1483,71
1555,74
1608,75
1476,70
1682,77
1519,73
1684,78
1685,76
1892,82
1594,72
1609,78
1726,76
1564,72
1444,70
1694,76
1712,77
1875,83
1639,78
1489,71
1679,77
1659,75
1634,76
1412,70
1648,75
1659,75
1759,79
1507,68
1618,73
1461,68
1850,82
1614,76
1708,79
1561,73
1881,82
1651,78
1507,68
1761,79
1568,69
1608,78
1708,80
1543,73
1759,80
1521,71
1707,78
1743,79
1680,79
1524,69
1576,73
1731,80
1625,76
1671,75
1493,68
1501,70
1673,74
1726,78
1471,71
1697,78
1499,71
1649,77
1685,77
1756,77
1662,76
1681,76
1564,74
1743,76
1632,74
1684,76
1563,70
1665,77
1677,74
1525,73
1729,77
1708,79
1397,67
1624,75
1806,82
1731,78
1423,72
1647,73
1683,74
1602,76
1564,71
1660,77
1788,78
1643,78
1555,71
1599,77
1603,75
1459,66
1707,78
1808,81
1626,75
1716,77
1516,69
1494,70
1495,71
1609,74
1549,72
1441,70
1720,79
1533,70
1516,74
1512,72
1763,79
1631,75
1578,73
1619,75
1583,74
1506,72
1615,73
1562,71
1582,73
1589,72
1506,72
1526,74
1526,73
1379,68
1546,73
1618,73
1438,67
1519,71
1681,75
1681,73
1677,73
1602,71
1751,76
1677,78
1648,75
1699,75
1828,81
1601,75
1681,78
1597,73
1591,76
1528,72
1768,79
1580,72
1642,74
1817,81
1726,79
1606,74
1727,79
1451,67
1570,73
1432,68
1585,74
1797,80
1590,77
1639,76
1668,77
1731,79
1593,74
1508,72
1523,68
1681,79
1639,75
1646,75
1559,75
1527,71
1435,69
1705,75
1568,70
1609,77
1760,78
1502,73
1475,68
1645,74
1571,75
1614,76
1493,73
1676,79
1526,69
1531,71
1510,71
1611,75
1690,78
1532,69
1722,79
1634,75
1537,74
1512,73
1693,76
1447,67
1471,71
1544,73
1770,79
1624,74
1848,81
1516,70
1492,72
1415,71
1544,74
1651,76
1398,68
1653,77
1714,78
1709,80
1653,74
1686,76
1433,66
1655,73
1513,72
1657,74
1456,66
1616,76
1612,75
1476,71
1600,77
1497,70
1574,76
1638,73
1605,71
1807,81
1622,77
1722,76
1692,78
1608,76
1469,68
1595,76
1542,74
1497,70
1531,72
1541,71
1512,70
1701,74
1761,79
1745,77
1852,83
1779,76
1624,74
1629,73
1436,64
1620,74
1786,81
1530,72
1677,78
1593,75
1659,75
1422,68
1756,81
1741,80
1751,79
1749,78
1738,77
1494,71
1638,74
1666,77
1582,73
1557,73
1709,75
1673,77
1629,76
1568,73
1734,79
1514,72
1649,74
1704,78
1627,75
1356,66
1626,73
1725,75
1720,79
1618,74
1649,75
1795,78
1524,74
1677,77
1831,82
1618,73
1528,72
1572,70
1566,70
1613,73
1398,67
1723,79
1563,72
1570,74
1473,72
1553,69
1598,73
1481,71
1686,77
1852,84
1586,72
1568,73
1524,73
1621,71
1780,80
1755,78
1726,77
1498,67
1695,75
1645,74
1605,76
1624,76
1683,77
1544,71
1537,73
1673,77
1666,79
1729,75
1811,82
1683,78
1628,77
1656,76
1748,76
1610,71
1611,75
1561,76
1550,71
1663,78
1661,74
1488,72
1711,75
1703,77
1679,80
1521,70
1690,75
1619,74
1700,76
1626,72
1723,78
1622,72
1663,73
1600,72
1594,74
1715,77
1688,77
1611,74
1657,75
1670,75
1577,71
1490,70
1726,79
1691,75
1482,72
1513,73
1784,79
1712,75
1692,79
1476,72
1604,74
1646,74
1734,76
1690,75
1757,80
1570,77
1730,79
1610,76
1676,75
1668,77
1593,74
1452,66
1674,75
1614,74
1532,69
1516,68
1741,80
1719,76
1501,73
1666,75
1613,74
1406,70
1602,74
1542,70
1592,76
1687,80
1584,70
1508,70
1561,74
1435,70
1692,78
1490,66
1478,69
1616,74
1535,74
1464,67
1605,75
1602,76
1603,73
1563,70
1810,80
1700,77
1509,70
1624,76
1646,76
1634,76
1585,76
1636,74
1720,78
1649,77
1552,73
1747,78
1505,73
1602,72
1427,67
1684,76
1786,77
1656,76
1751,75
1600,73
1644,74
1532,70
1611,77
1593,73
1605,74
1639,72
1761,82
1557,71
1702,80
1552,74
1587,72
1635,75
1787,78
1677,76
1547,73
1603,76
1575,73
1626,74
1646,74
1745,75
1676,75
1368,67
1788,78
1566,70
1581,73
1670,73
1650,73
1531,74
1609,71
1665,76
1771,81
1623,74
1537,73
1667,75
1548,70
1697,77
1561,71
1780,79
1605,76
1703,74
1787,78
1695,78
1754,81
1547,75
1694,74
1739,78
1425,68
1574,77
1478,73
1497,72
1447,70
1534,73
1648,74
1719,76
1458,68
1636,76
1707,75
1568,72
1675,73
1780,78
1763,82
1698,78
1453,68
1660,78
1804,82
1631,75
1571,73
1605,73
1684,76
1746,75
1527,70
1565,69
1643,76
1783,79
1768,78
1807,81
1736,75
1563,73
1567,73
1587,75
1476,69
1661,74
1729,76
1764,78
1574,73
1428,67
1469,72
1523,69
1532,72
1587,74
1724,78
1769,77
1817,81
1535,70
1863,82
1653,77
1656,73
1547,72
1586,74
1557,72
1666,78
1734,76
1598,73
1615,74
1667,76
1659,75
1644,75
1557,72
1632,74
1581,70
1541,74
1722,79
1715,80
1662,76
1621,75
1436,68
1619,73
1517,71
1614,74
1706,79
1653,77
1588,76
1706,77
1659,75
1518,73
1593,74
1559,75
1537,71
1657,73
1675,77
1577,72
1622,75
1691,77
1577,70
1521,71
1701,77
1646,77
1655,75
1469,71
1609,72
1714,79
1632,77
1611,74
1676,79
1771,77
1481,70
1684,76
1646,75
1565,78
1580,74
1548,71
1527,71
1431,70
1817,80
1829,80
1673,77
1378,64
1610,73
1734,80
1645,77
1625,75
1762,81
1576,72
1600,76
1636,76
1645,76
1694,77
1854,80
1600,75
1471,70
1589,73