1303,59
1362,60
1383,61
1264,57
1271,57
1379,58
1433,61
1439,63
1488,65
1292,59
1302,59
1488,65
1356,61
1488,65
1441,64
1499,62
1485,64
1358,59
1409,61
1488,65
1451,64
1271,58
1496,65
1380,61
1466,65
1388,59
1431,63
1310,61
1460,64
1466,65
1197,56
1468,65
1466,65
1352,61
1287,58
1407,61
1466,65
1345,59
1464,65
1464,65
1226,55
1316,59
1464,65
1362,62
1426,64
1414,62
1364,61
1285,59
1359,60
1368,61
1352,61
1464,65
1337,60
1400,60
1436,64
1424,64
1320,59
1487,65
1483,63
1464,65
1465,64
1407,62
1464,65
1391,62
1493,64
1435,64
1466,65
1435,64
1361,59
1428,64
1323,59
1364,61
1332,59
1257,57
1446,64
1234,57
1464,65
1429,60
1236,57
1376,60
1433,64
1597,68
1488,64
1610,67
1569,67
1471,63
1443,63
1595,68
1459,65
1363,61
1497,64
1610,69
1488,66
1488,65
1523,67
1402,62
1402,62
1456,64
1610,69
1559,67
1610,69
1479,66
1399,62
1418,63
1459,64
1404,62
1468,65
1411,63
1443,63
1530,67
1531,67
1486,66
1357,62
1671,70
1670,70
1701,68
1688,70
1390,60
1580,68
1670,70
1454,64
1484,62
1646,69
1592,68
1670,70
1635,69
1574,67
1453,63
1478,64
1618,68
1633,69
1616,68
1535,66
1586,68
1629,69
1381,60
1670,70
1568,65
1596,68
1490,65
1579,67
1670,70
1668,70
1548,65
1375,59
1444,62
1637,69
1668,70
1508,65
1531,65
1620,68
1375,61
1394,61
1481,64
1666,69
1668,70
1666,68
1629,67
1651,69
1537,66
1596,66
1670,70
1444,62
1463,64
1618,69
1503,65
1547,67
1438,61
1670,70
1626,68
1342,60
1584,65
1325,60
1552,65
1508,64
1668,70
1567,67
1502,64
1513,64
1622,68
1584,67
1566,65
1562,66
1533,65
1586,67
1668,70
1559,67
1505,64
1578,68
1600,68
1650,69
1469,63
1637,68
1578,67
1537,66
1458,65
1538,66
1405,62
1647,68
1646,68
1542,67
1668,70
1572,67
1608,69
1537,65
1601,68
1575,67
1670,70
1485,64
1618,68
1651,69
1574,67
1581,66
1475,63
1539,65
1639,69
1668,70
1578,67
1653,69
1630,69
1443,62
1509,64
1554,67
1510,63
1478,65
1647,68
1445,62
1534,65
1577,67
1323,61
1454,63
1510,64
1618,69
1453,63
1599,67
1668,70
1451,63
1341,61
1515,65
1668,70
1505,65
1564,65
1622,68
1668,70
1617,67
1480,62
1400,61
1480,63
1672,70
1339,58
1672,70
1615,68
1470,63
1646,68
1672,70
1453,60
1553,65
1369,60
1653,69
1570,65
1419,61
1531,65
1568,66
1408,60
1668,70
1448,63
1564,66
1650,69
1389,61
1493,64
1466,62
1442,63
1475,62
1558,65
1635,68
1567,66
1519,66
1621,69
1668,70
1661,68
1573,67
1576,65
1602,68
1668,70
1430,61
1395,61
1466,64
1643,69
1415,61
1611,68
1666,70
1401,62
1666,70
1335,58
1614,67
1379,60
1577,66
1247,56
1649,69
1573,66
1670,70
1420,61
1556,67
1320,56
1564,66
1606,66
1623,68
1467,62
1666,70
1366,60
1468,62
1574,67
1670,69
1483,63
1394,60
1523,66
1513,65
1598,67
1499,64
1435,61
1668,70
1670,70
1666,70
1666,70
1672,70
1644,69
1671,67
1560,65
1424,60
1610,68
1544,67
1579,65
1637,69
1550,67
1385,60
1412,62
1641,68
1577,68
1632,69
1657,70
1648,68
1533,64
1624,69
1653,70
1543,64
1653,70
1573,68
1484,63
1441,61
1625,68
1663,70
1597,68
1585,66
1214,54
1653,70
1580,67
1592,67
1514,65
1656,70
1464,64
1653,70
1510,66
1629,69
1342,60
1552,67
1495,64
1560,66
1565,67
1653,70
1431,63
1511,65
1453,63
1538,67
1614,68
1581,68
1637,68
1407,62
1270,56
1566,68
1661,70
1595,66
1663,71
1618,69
1583,67
1497,66
1579,67
1599,69
1422,64
1651,71
1655,71
1332,60
1581,68
1651,71
1629,70
1587,67
1651,71
1649,71
1578,66
1631,70
1612,70
1593,68
1653,71
1599,67
1594,68
1680,72
1635,70
1579,70
1670,71
1495,64
1648,70
1412,61
1666,71
1484,63
1630,70
1268,57
1540,67
1622,69
1661,71
1680,72
1674,71
1696,72
1388,60
1640,67
1483,63
1608,70
1643,71
1411,61
1510,66
1580,68
1482,64
1565,65
1569,69
1686,72
1415,62
1680,72
1401,61
1522,66
1680,72
1438,63
1517,65
1572,66
1648,69
1624,68
1680,72
1593,69
1598,67
1535,67
1538,65
1598,69
1464,63
1405,58
1656,71
1435,64
1287,57
1547,67
1659,71
1477,64
1582,67
1631,70
1322,59
1477,64
1543,66
1418,61
1606,68
1501,67
1676,72
1600,67
1598,69
1514,67
1474,63
1655,71
1417,59
1603,67
1438,63
1555,68
1499,65
1676,72
1599,68
1549,65
1591,68
1645,70
1639,71
1676,72
1473,63
1674,72
1649,70
1459,66
1574,66
1459,64
1520,67
1431,63
1659,71
1570,69
1674,72
1507,65
1489,64
1577,70
1541,63
1574,68
1593,68
1408,63
1452,63
1652,71
1386,59
1669,72
1671,72
1530,67
1626,68
1500,65
1669,72
1669,72
1521,65
1621,68
1512,67
1667,72
1696,72
1382,61
1445,62
1182,55
1667,72
1650,71
1639,71
1624,69
1492,63
1508,66
1673,72
1667,72
1693,72
1561,65
1667,72
1574,68
1573,67
1516,64
1643,71
1643,71
1569,68
1611,70
1325,58
1563,67
1559,65
1466,62
1605,68
1323,58
1513,66
1667,72
1667,72
1540,66
1684,72
1665,69
1555,67
1633,69
1688,72
1176,54
1667,72
1594,69
1660,71
1667,72
1669,72
1572,69
1402,62
1584,68
1310,59
1667,72
1681,71
1686,72
1568,68
1223,58
1667,72
1407,61
1682,70
1629,69
1381,61
1456,64
1259,56
1667,72
1292,58
1469,63
1576,68
1321,59
1325,59
1605,69
1626,70
1656,71
1539,68
1642,71
1709,73
1551,67
1727,72
1590,70
1443,61
1459,64
1606,68
1568,68
1364,60
1403,62
1623,67
1534,66
1627,71
1634,69
1650,70
1596,67
1445,63
1709,73
1587,69
1607,68
1570,68
1709,73
1695,71
1375,59
1375,59
1350,59
1384,59
1669,71
1454,62
1709,73
1513,66
1585,65
1701,70
1472,62
1369,62
1602,69
1642,69
1554,67
1709,73
1651,70
1538,65
1597,68
1652,71
1594,69
1651,69
1641,71
1692,72
1654,69
1709,73
1513,66
1720,72
1427,62
1712,71
1704,72
1361,59
1711,73
1440,63
1617,69
1552,66
1241,56
1531,67
1678,71
1680,71
1681,72
1596,68
1590,68
1565,69
1554,67
1544,66
1626,69
1655,69
1612,67
1450,63
1575,67
1567,67
1549,64
1480,63
1629,70
1527,68
1621,67
1464,61
1567,66
1644,71
1616,68
1711,73
1757,73
1709,73
1495,64
1413,60
1707,73
1623,70
1655,70
1440,62
1734,73
1619,68
1351,60
1711,73
1631,69
1575,67
1707,73
1498,65
1687,72
1586,69
1648,69
1433,61
1671,69
1707,73
1707,73
1635,71
1707,73
1678,71
1426,62
1667,71
1627,70
1569,66
1528,68
1446,64
1762,74
1724,72
1762,74
1525,64
1745,73
1658,70
1641,70
1651,69
1721,73
1294,58
1749,73
1725,73
1602,67
1289,57
1574,68
1739,72
1346,59
1581,65
1753,73
1643,69
1692,71
1762,74
1762,74
1764,74
1539,64
1449,63
1546,67
1762,74
1762,74
1649,69
1374,60
1630,69
1441,63
1511,65
1652,70
1497,63
1413,63
1586,66
1541,68
1762,74
1644,68
1266,57
1762,74
1517,66
1360,59
1667,71
1748,73
1670,71
1718,73
1697,71
1794,74
1560,65
1553,67
1676,71
1594,67
1513,65
1587,69
1560,67
1770,74
1671,71
1717,72
1614,70
1607,68
1458,63
1566,67
1592,69
1326,59
1589,68
1573,67
1667,71
1766,74
1640,68
1512,64
1677,70
1729,73
1539,67
1774,74
1632,69
1735,73
1575,66
1714,71
1457,61
1346,58
1572,68
1703,71
1654,70
1715,72
1714,71
1762,74
1732,73
1762,74
1522,65
1664,70
1739,73
1762,74
1737,73
1547,65
1652,70
1762,74
1639,70
1666,71
1358,57
1706,72
1481,64
1464,63
1620,67
1707,72
1675,71
1762,74
1762,74
1354,59
1762,74
1676,70
1762,74
1749,73
1778,74
1424,60
1719,72
1579,68
1741,72
1598,68
1567,67
1545,65
1470,62
1647,68
1575,65
1764,74
1686,71
1698,71
1355,59
1742,73
1676,71
1741,73
1762,74
1578,68
1268,56
1556,67
1614,67
1329,57
1745,73
1577,68
1564,69
1579,65
1745,73
1514,63
1760,74
1434,61
1291,58
1356,58
1311,59
1626,69
1560,69
1532,66
1693,70
1557,67
1540,65
1634,70
1476,64
1760,74
1683,71
1737,73
1621,69
1579,68
1575,67
1744,73
1760,74
1482,65
1706,70
1643,69
1731,73
1715,70
1592,69
1641,70
1442,62
1551,65
1570,67
1637,69
1698,71
1598,70
1775,74
1760,74
1692,72
1560,67
1378,60
1700,72
1573,66
1760,74
1659,70
1649,68
1726,73
1744,73
1665,70
1643,71
1567,67
1380,59
1287,57
1594,69
1760,74
1570,67
1441,63
1589,69
1486,62
1422,63
1610,68
1672,71
1770,74
1567,67
1734,73
1760,74
1733,72
1520,66
1703,71
1695,71
1525,63
1644,69
1760,74
1442,64
1719,72
1678,71
1470,62
1674,71
1442,64
1566,67
1483,62
1752,73
1354,60
1742,73
1678,71
1326,58
1739,73
1539,66
1558,65
1350,60
1573,66
1369,59
1641,69
1756,74
1471,64
1741,73
1484,64
1602,69
1668,71
1611,69
1768,74
1752,73
1689,70
1740,73
1526,66
1383,60
1665,71
1756,74
1567,67
1631,68
1396,61
1756,74
1564,67
1711,72
1754,74
1655,70
1714,73
1754,74
1754,74
1754,74
1603,68
1479,65
1568,65
1754,74
1738,73
1752,74
1651,71
1406,61
1726,73
1518,66
1365,58
1532,65
1556,67
1656,71
1756,74
1467,64
1408,63
1653,70
1724,73
1752,74
1752,74
1711,72
1754,74
1752,74
1752,74
1399,60
1540,64
1356,60
1595,67
1436,62
1712,71
1485,64
1724,73
1492,65
1359,58
1752,74
1754,74
1614,69
1636,71
1665,71
1758,74
1476,64
1429,64
1633,70
1625,69
1673,69
1659,72
1460,64
1496,64
1697,72
1750,74
1426,62
1710,70
1530,67
1452,64
1597,69
1594,67
1646,70
1499,65
1406,62
1731,73
1506,64
1589,68
1648,70
1750,74
1394,61
1482,65
1750,74
1695,72
1500,65
1667,70
1724,73
1746,74
1630,68
1484,65
1345,60
1444,63
1726,73
1748,74
1499,66
1393,62
1606,68
1746,74
1660,70
1546,67
1539,66
1748,74
1495,64
1382,60
1422,62
1586,67
1521,66
1477,64
1700,72
1474,65
1731,73
1519,67
1746,74
1567,66
1721,72
1476,65
1761,74
1343,60
1621,69
1464,64
1635,69
1473,63
1695,73
1695,72
1392,61
1645,70
1780,73
1504,67
1723,73
1670,70
1521,66
1539,65
1746,74
1675,70
1236,55
1371,60
1750,74
1754,74
1632,71
1601,69
1487,64
1531,65
1540,65
1505,65
1582,69
1544,65
1720,73
1746,74
1726,73
1352,60
1554,67
1713,71
1628,70
1674,72
1578,68
1668,69
1473,63
1437,62
1410,62
1737,72
1629,69
1746,74
1630,71
1611,68
1605,68
1708,72
1742,73
1702,73
1670,70
1471,64
1746,74
1665,69
1609,68
1564,68
1526,66
1757,73
1746,74
1571,67
1560,67
1548,68
1453,63
1616,69
1627,68
1483,63
1746,74
1577,67
1589,68
1742,73
1451,65
1526,65
1486,62
1579,69
1746,74
1748,74
1450,63
1453,63
1462,64
1690,73
1593,68
1611,69
1576,69
1746,74
1746,74
1746,74
1560,64
1556,67
1576,66
1746,74
1690,70
1496,64
1594,68
1686,72
1746,74
1630,70
1567,68
1724,73
1345,61
1483,64
1685,72
1709,72
1699,69
1754,74
1504,65
1691,72
1694,72
1543,66
1758,74
1601,70
1500,64
1706,72
1597,69
1497,64
1746,74
1748,74
1756,74
1746,74
1656,71
1729,73
1710,73
1721,72
1746,74
1472,64
1709,72
1563,66
1774,73
1750,74
1746,74
1746,74
1746,74
1480,64
1541,67
1301,58
1629,69
1489,66
1575,66
1566,67
1721,72
1725,71
1492,64
1746,74
1654,71
1524,66
1684,70
1672,71
1586,69
1546,67
1685,72
1712,73
1632,69
1740,73
1600,69
1733,73
1726,73
1419,61
1555,67
1646,68
1744,72
1701,72
1562,68
1457,63
1325,59
1514,66
1487,65
1748,74
1666,72
1601,69
1746,74
1639,71
1746,74
1411,62
1488,65
1746,74
1567,67
1659,68
1729,73
1733,73
1637,69
1748,74
1598,66
1439,64
1746,74
1648,71
1748,74
1387,62
1535,65
1445,60
1553,66
1566,68
1748,74
1746,74
1508,64
1746,74
1674,72
1557,67
1598,68
1576,67
1559,67
1476,63
1685,72
1748,74
1629,70
1782,73
1724,73
1380,60
1640,70
1735,73
1748,74
1343,59
1746,74
1704,70
1746,74
1493,64
1536,66
1746,74
1746,74
1746,74
1541,66
1739,73
1517,63
1394,62
1668,71
1750,74
1543,65
1645,71
1454,63
1540,65
1674,72
1485,64
1533,66
1385,61
1716,73
1592,68
1647,70
1656,70
1405,62
1756,74
1578,70
1651,71
1692,69
1661,70
1524,63
1754,74
1587,68
1746,74
1670,71
1504,64
1694,72
1576,67
1511,64
1402,62
1585,66
1488,65
1725,73
1746,74
1558,66
1746,74
1539,66
1396,60
1487,64
1748,74
1746,74
1752,74
1739,73
1469,64
1654,71
1516,64
1602,69
1486,63
1419,59
1503,64
1468,62
1746,74
1725,72
1544,64
1593,68
1676,72
1732,73
1736,74
1407,63
1732,74
1611,70
1522,65
1699,73
1370,61
1518,65
1624,70
1553,68
1488,65
1732,74
1653,70
1544,68
1605,68
1732,74
1455,65
1577,68
1672,69
1356,60
1711,73
1550,66
1732,74
1467,64
1514,65
1732,74
1523,67
1530,64
1732,74
1534,64
1732,74
1573,67
1436,63
1386,62
1464,65
1624,69
1732,74
1728,74
1492,65
1481,65
1596,69
1492,65
1679,72
1397,60
1730,74
1552,66
1480,66
1545,67
1728,74
1417,63
1730,74
1614,70
1643,70
1728,74
1659,71
1717,73
1358,60
1514,65
1507,66
1673,71
1656,71
1641,70
1586,68
1660,68
1557,67
1627,70
1554,65
1489,65
1675,72
1461,65
1728,74
1664,71
1495,65
1618,69
1694,73
1661,72
1711,73
1413,62
1604,69
1493,65
1604,68
1727,74
1641,71
1626,69
1727,74
1727,74
1373,62
1725,74
1628,71
1725,74
1725,74
1378,60
1695,72
1713,72
1720,73
1719,73
1552,68
1693,72
1725,74
1576,68
1674,72
1520,65
1595,68
1725,74
1725,74
1555,67
1714,73
1685,71
1577,69
1522,65
1710,73
1682,72
1653,69
1388,61
1636,71
1549,66
1485,64
1605,68
1725,74
1623,70
1542,65
1686,72
1725,74
1662,72
1725,74
1634,71
1725,74
1696,73
1599,69
1698,73
1725,74
1682,71
1619,67
1613,69
1551,67
1669,70
1725,74
1587,69
1725,74
1674,72
1651,71
1452,63
1647,71
1725,74
1617,69
1558,68
1635,70
1534,65
1630,70
1548,67
1708,73
1693,73
1725,74
1540,66
1437,63
1396,61
1634,69
1540,66
1570,66
1725,74
1725,74
1735,73
1657,69
1706,73
1563,69
1678,72
1725,74
1617,69
1534,65
1691,73
1578,68
1743,72
1657,71
1725,74
1687,71
1554,66
1539,65
1677,71
1567,66
1530,67
1529,65
1586,68
1582,69
1680,72
1550,68
1544,66
1725,74
1725,74
1695,73
1607,67
1617,69
1627,69
1725,74
1676,72
1582,67
1725,74
1541,67
1725,74
1681,72
1593,69
1621,67
1662,71
1452,63
1725,74
1629,70
1413,61
1637,70
1600,67
1670,70
1725,74
1708,73
1497,66
1708,73
1628,66
1725,74
1567,70
1538,66
1653,71
1682,71
1612,70
1465,63
1674,72
1464,62
1664,71
1708,73
1615,69
1725,74
1601,69
1708,73
1714,73
1714,73
1469,64
1551,66
1725,74
1529,65
1428,62
1555,66
1603,67
1502,66
1577,69
1486,64
1454,65
1639,68
1383,59
1639,71
1664,71
1672,72
1452,62
1519,65
1733,74
1677,72
1655,71
1659,71
1688,72
1657,71
1573,69
1725,74
1599,67
1564,68
1540,67
1387,61
1567,67
1725,74
1677,72
1624,69
1680,69
1725,74
1449,63
1725,74
1489,65
1649,71
1630,70
1694,72
1513,64
1580,68
1727,74
1537,65
1725,74
1543,63
1566,68
1483,63
1673,70
1645,71
1535,65
1660,70
1562,69
1417,60
1672,71
1611,67
1671,72
1725,74
1709,72
1629,69
1655,71
1491,65
1693,72
1691,73
1551,66
1527,68
1706,72
1580,68
1686,72
1487,64
1472,64
1563,67
1549,67
1709,72
1506,64
1390,60
1589,69
1471,61
1669,70
1749,74
1683,72
1590,69
1725,74
1635,67
1612,68
1725,74
1685,70
1569,67
1727,74
1634,68
1653,71
1571,68
1662,71
1613,70
1701,73
1533,66
1712,73
1596,69
1668,72
1571,68
1670,72
1657,71
1725,74
1556,65
1610,68
1669,71
1425,61
1729,74
1561,67
1641,71
1549,65
1699,71
1636,71
1532,64
1729,74
1689,73
1725,74
1725,74
1615,67
1684,72
1590,67
1714,73
1593,67
1647,69
1482,63
1725,74
1397,62
1657,71
1542,65
1668,71
1515,68
1301,58
1694,72
1725,74
1668,71
1633,70
1653,71
1569,66
1714,74
1604,69
1636,70
1656,70
1714,74
1530,68
1582,69
1608,70
1653,71
1574,68
1518,67
1677,71
1628,70
1649,70
1511,67
1697,73
1612,70
1704,72
1420,62
1511,66
1671,72
1714,74
1714,74
1657,72
1716,74
1583,67
1551,68
1675,72
1714,74
1673,71
1714,73
1633,71
1693,73
1566,68
1438,63
1538,68
1510,64
1643,71
1637,71
1275,57
1582,70
1492,67
1592,69
1656,72
1596,69
1636,71
1690,72
1502,64
1635,71
1359,61
1636,70
1701,71
1432,65
1714,74
1504,65
1629,71
1573,65
1634,71
1521,64
1461,65
1697,73
1492,65
1714,74
1618,70
1712,74
1594,68
1663,72
1519,69
1518,66
1712,74
1624,66
1706,74
1619,71
1697,73
1618,70
1593,69
1559,68
1539,67
1672,73
1532,68
1683,72
1595,68
1688,72
1500,65
1525,66
1491,66
1706,74
1472,65
1575,69
1706,74
1706,74
1665,72
1409,65
1568,68
1602,69
1574,67
1646,71
1576,68
1706,74
1582,68
1624,70
1674,71
1706,74
1547,68
1693,73
1477,66
1583,68
1678,73
1706,74
1658,71
1644,70
1712,73
1706,74
1534,67
1573,67
1647,72
1717,73
1669,72
1706,74
1409,63
1712,74
1706,74
1567,69
1633,72
1649,71
1661,71
1525,67
1706,74
1371,63
1549,67
1634,71
1669,72
1502,66
1520,67
1702,73
1613,71
1434,64
1633,72
1667,72
1539,67
1569,67
1587,68
1689,73
1573,67
1541,68
1426,64
1704,74
1561,67
1638,70
1704,74
1639,70
1610,71
1614,70
1521,65
1524,65
1652,72
1704,74
1595,69
1590,70
1521,66
1704,74
1729,74
1643,72
1704,74
1543,66
1569,68
1687,70
1422,62
1576,69
1594,68
1642,70
1627,69
1643,71
1716,73
1668,72
1367,61
1704,74
1664,73
1549,68
1473,63
1550,66
1499,64
1629,69
1505,66
1706,74
1658,70
1708,73
1632,71
1589,70
1700,74
1647,70
1578,69
1606,69
1598,67
1650,70
1426,63
1558,68
1615,70
1662,71
1569,68
1557,67
1435,62
1573,70
1700,74
1577,68
1316,60
1700,74
1639,72
1698,73
1641,71
1350,62
1674,73
1646,69
1630,70
1584,70
1571,69
1648,70
1648,68
1692,72
1655,71
1614,70
1639,71
1640,71
1552,69
1702,74
1695,73
1483,65
1467,65
1670,72
1639,69
1673,73
1618,70
1562,66
1647,71
1593,69
1700,74
1476,65
1552,68
1626,71
1597,70
1523,68
1597,68
1663,70
1673,73
1649,72
1569,69
1673,73
1700,74
1700,74
1529,69
1677,73
1700,74
1700,74
1558,67
1670,73
1521,67
1608,71
1514,67
1590,70
1467,63
1700,74
1578,69
1644,70
1573,71
1522,66
1645,72
1619,69
1643,72
1649,72
1588,69
1634,71
1645,72
1473,65
1524,67
1700,74
1483,66
1480,63
1661,73
1631,69
1653,73
1571,68
1657,70
1659,73
1677,73
1643,70
1700,74
1538,67
1644,71
1615,70
1712,74
1529,66
1489,65
1683,73
1702,74
1700,74
1700,74
1691,72
1735,74
1526,68
1515,67
1666,73
1517,65
1700,74
1663,73
1556,67
1646,72
1520,67
1527,66
1440,64
1498,66
1513,63
1555,68
1674,73
1561,68
1650,72
1637,71
1645,72
1532,65
1615,71
1674,73
1617,71
1545,68
1644,71
1706,74
1461,66
1401,61
1653,72
1402,62
1707,74
1671,73
1673,73
1588,69
1548,68
1536,67
1572,69
1578,69
1605,70
1606,69
1668,73
1632,70
1602,67
1628,71
1654,72
1456,66
1700,74
1628,71
1538,67
1700,74
1454,64
1700,74
1671,73
1560,70
1596,71
1718,74
1636,72
1643,72
1713,72
1700,74
1677,72
1604,70
1509,67
1461,62
1571,70
1626,70
1511,67
1534,64
1646,72
1569,69
1694,73
1656,71
1632,72
1624,71
1526,67
1653,72
1653,72
1571,70
1700,74
1557,70
1505,67
1555,65
1563,67
1700,74
1702,74
1525,67
1527,67
1449,65
1463,63
1649,72
1700,74
1490,64
1579,68
1406,61
1700,74
1539,68
1625,70
1669,72
1641,72
1536,65
1448,65
1657,72
1611,70
1641,71
1700,74
1700,74
1652,71
1429,63
1479,65
1506,66
1700,74
1608,71
1658,71
1571,69
1586,68
1638,70
1633,71
1367,60
1597,69
1606,70
1561,66
1557,69
1599,70
1603,70
1700,74
1677,73
1675,73
1464,65
1700,74
1537,66
1700,74
1486,66
1611,69
1526,68
1593,71
1399,62
1700,74
1639,70
1644,69
1559,67
1595,71
1646,71
1708,74
1603,67
1677,73
1647,72
1649,72
1603,71
1693,72
1598,70
1698,74
1500,66
1556,68
1645,72
1700,74
1700,74
1329,58
1566,68
1589,69
1639,71
1653,72
1530,67
1622,71
1630,72
1470,67
1668,73
1493,67
1606,71
1437,62
1698,74
1698,74
1673,73
1576,69
1706,74
1633,72
1679,73
1698,74
1702,74
1523,66
1570,68
1684,73
1700,74
1662,73
1698,74
1433,62
1510,65
1668,73
1602,69
1638,71
1638,71
1628,71
1704,74
1642,70
1515,67
1533,68
1698,74
1618,71
1638,70
1627,69
1553,69
1559,67
1443,62
1603,70
1698,74
1572,68
1698,74
1639,71
1652,72
1487,63
1698,74
1656,72
1431,64
1698,74
1412,62
1698,74
1609,71
1619,70
1570,69
1550,69
1452,63
1623,70
1601,71
1692,73
1626,71
1698,74
1576,68
1581,67
1621,70
1668,73
1715,73
1624,70
1667,73
1617,68
1702,74
1416,65
1565,66
1525,65
1644,67
1567,69
1673,73
1475,63
1450,63
1663,72
1459,62
1593,69
1678,73
1596,69
1598,70
1531,65
1654,70
1696,74
1368,63
1696,74
1425,62
1548,67
1381,63
1452,65
1600,69
1528,67
1696,74
1661,72
1567,67
1562,68
1413,62
1645,72
1669,73
1610,71
1595,70
1593,69
1610,71
1535,64
1700,74
1696,74
1592,70
1555,68
1694,74
1645,72
1652,73
1625,71
1665,73
1618,71
1616,69
1637,72
1645,71
1564,68
1516,67
1504,65
1696,74
1596,71
1613,70
1614,71
1649,72
1497,65
1510,65
1435,64
1654,71
1641,72
1501,67
1694,74
1617,70
1609,71
1544,67
1558,67
1619,70
1516,67
1594,69
1547,68
1545,66
1603,70
1487,65
1629,71
1608,71
1513,65
1570,66
1660,71
1529,67
1454,63
1652,72
1698,74
1694,74
1404,63
1518,68
1505,66
1696,74
1622,70
1679,73
1681,73
1622,69
1694,74
1599,69
1487,65
1700,74
1518,66
1550,68
1556,67
1642,72
1544,69
1597,69
1431,64
1657,72
1641,72
1515,67
1616,68
1661,72
1488,65
1470,67
1484,64
1700,74
1566,67
1652,73
1469,64
1635,72
1637,71
1654,72
1572,69
1688,73
1508,68
1630,71
1512,68
1679,73
1620,71
1485,65
1641,72
1669,73
1572,69
1522,68
1596,68
1511,66
1694,74
1640,71
1571,69
1616,71
1368,60
1612,69
1554,68
1652,73
1453,62
1527,67
1694,74
1694,74
1608,71
1641,72
1601,69
1607,66
1694,74
1641,72
1467,66
1436,64
1630,71
1724,72
1566,68
1400,62
1694,74
1550,68
1608,71
1624,71
1453,65
1694,74
1532,67
1477,63
1673,72
1555,69
1689,73
1682,73
1659,72
1604,68
1566,69
1661,72
1578,69
1714,74
1552,68
1446,64
1527,67
1696,74
1534,68
1698,74
1636,72
1694,74
1580,69
1489,63
1676,73
1543,68
1593,68
1623,70
1606,71
1511,65
1646,71
1656,72
1656,72
1573,67
1700,73
1694,74
1606,71
1565,70
1650,71
1664,73
1580,68
1678,73
1543,67
1549,68
1598,69
1554,68
1646,72
1675,73
1617,69
1507,68
1700,74
1646,71
1591,68
1630,70
1612,70
1582,70
1663,73
1571,67
1661,72
1568,67
1436,63
1511,66
1574,68
1694,74
1660,72
1503,68
1506,67
1668,72
1694,74
1637,72
1673,73
1601,70
1492,66
1600,68
1601,69
1505,65
1628,70
1663,72
1552,69
1581,70
1452,65
1605,69
1558,67
1584,69
1673,72
1550,66
1459,64
1702,74
1610,71
1624,71
1694,74
1660,71
1493,65
1717,73
1488,66
1648,72
1436,61
1452,63
1605,67
1662,73
1528,67
1694,74
1533,67
1531,68
1575,67
1694,74
1589,70
1459,63
1702,74
1694,74
1623,70
1624,71
1639,71
1610,71
1512,68
1694,74
1690,74
1620,72
1505,65
1551,68
1536,66
1482,63
1704,73
1696,74
1488,66
1449,64
1492,65
1690,74
1667,71
1528,66
1664,73
1601,71
1690,74
1593,70
1651,71
1654,72
1593,71
1491,66
1561,68
1570,68
1711,74
1657,72
1660,72
1514,67
1556,67
1658,72
1538,68
1517,68
1549,68
1549,66
1696,74
1690,74
1449,64
1661,73
1584,69
1565,68
1595,68
1662,73
1560,69
1690,74
1622,70
1620,67
1647,71
1671,72
1690,74
1571,67
1514,64
1563,69
1620,69
1481,65
1690,74
1566,68
1641,72
1552,67
1538,68
1456,63
1488,65
1633,70
1572,68
1593,69
1690,74
1633,71
1690,74
1494,64
1646,72
1690,74
1602,69
1672,73
1570,68
1464,63
1692,74
1640,71
1573,68
1589,68
1609,70
1592,68
1451,64
1690,74
1470,64
1630,68
1426,65
1690,74
1686,71
1690,74
1627,72
1520,68
1663,71
1440,62
1457,65
1675,73
1690,74
1570,69
1587,70
1690,74
1616,69
1552,68
1670,73
1559,68
1616,70
1532,67
1420,64
1620,70
1534,65
1603,71
1614,70
1643,72
1551,68
1642,72
1343,59
1634,71
1393,60
1498,66
1582,68
1623,71
1674,72
1611,71
1552,68
1500,68
1527,67
1560,66
1532,68
1469,65
1696,74
1621,67
1651,72
1585,67
1556,68
1399,60
1575,68
1690,74
1595,69
1651,72
1531,68
1482,66
1690,74
1498,66
1662,71
1566,68
1639,70
1515,66
1691,73
1543,65
1609,70
1641,71
1577,68
1588,71
1690,74
1641,73
1602,70
1545,69
1635,70
1587,69
1466,65
1501,65
1485,66
1664,73
1694,74
1596,69
1552,66
1553,68
1623,71
1631,71
1622,70
1443,65
1600,71
1534,67
1690,74
1500,65
1499,66
1640,71
1648,73
1451,63
1641,73
1509,68
1639,72
1690,74
1664,71
1560,69
1440,62
1696,74
1606,70
1625,69
1485,66
1519,65
1633,72
1690,74
1688,74
1588,69
1432,63
1605,66
1527,66
1577,68
1586,70
1519,68
1688,74
1516,66
1654,70
1660,73
1658,73
1692,74
1757,74
1492,65
1558,68
1644,72
1657,72
1688,74
1503,64
1545,69
1388,62
1539,66
1688,73
1446,65
1585,69
1480,64
1690,74
1544,68
1433,62
1660,73
1688,74
1611,71
1573,71
1545,68
1660,73
1720,74
1593,70
1602,70
1700,74
1500,68
1556,67
1585,69
1495,68
1644,71
1664,73
1642,71
1525,67
1688,74
1627,70
1602,70
1692,74
1627,72
1554,70
1675,71
1640,71
1648,70
1692,74
1598,68
1610,68
1597,69
1688,74
1682,73
1448,62
1503,67
1648,72
1520,67
1508,65
1688,74
1392,61
1449,64
1612,70
1588,69
1627,71
1594,67
1688,74
1650,72
1688,74
1460,62
1435,64
1666,73
1631,71
1606,68
1690,74
1608,68
1485,66
1688,74
1611,71
1688,74
1578,65
1496,63
1661,73
1591,68
1666,72
1614,71
1458,64
1696,74
1484,65
1543,67
1466,64
1660,73
1478,66
1688,74
1602,71
1690,74
1563,69
1605,71
1457,67
1668,73
1572,69
1535,67
1600,71
1664,70
1586,70
1661,73
1629,72
1602,68
1644,72
1458,64
1675,73
1688,74
1561,67
1644,71
1642,72
1520,66
1668,73
1559,69
1567,68
1654,70
1439,63
1713,73
1627,72
1540,66
1659,72
1653,72
1551,66
1638,68
1598,70
1397,62
1515,66
1554,69
1432,62
1558,68
1688,74
1682,73
1671,73
1688,74
1347,61
1501,68
1498,66
1500,66
1583,68
1688,74
1688,74
1614,71
1602,71
1491,64
1615,71
1607,71
1682,73
1563,70
1671,73
1616,71
1645,71
1631,72
1688,74
1562,70
1688,74
1597,71
1579,69
1466,62
1631,72
1517,68
1555,70
1673,73
1552,69
1668,73
1472,66
1614,71
1688,74
1652,73
1506,68
1615,71
1677,73
1679,73
1459,65
1617,70
1461,65
1658,72
1628,71
1622,68
1518,68
1583,68
1655,73
1667,72
1462,62
1617,70
1476,65
1593,69
1647,72
1698,74
1627,70
1459,62
1688,74
1676,73
1530,67
1505,65
1688,74
1571,67
1481,65
1559,68
1462,63
1634,70
1647,72
1600,66
1591,71
1636,70
1688,74
1525,64
1615,71
1609,70
1617,67
1657,72
1562,69
1668,73
1627,70
1504,67
1630,70
1688,74
1580,68
1634,71
1660,73
1523,65
1696,74
1455,64
1659,70
1596,68
1653,72
1625,72
1697,73
1635,72
1658,73
1690,74
1701,73
1498,67
1595,69
1625,71
1370,63
1548,68
1517,67
1609,70
1508,67
1607,71
1688,74
1562,67
1471,65
1540,68
1655,73
1443,65
1610,69
1609,70
1570,69
1676,73
1622,71
1688,74
1635,72
1602,69
1596,71
1418,62
1692,74
1534,66
1647,72
1619,71
1688,74
1508,67
1570,68
1443,63
1690,74
1551,65
1543,70
1549,68
1500,66
1630,71
1661,73
1590,69
1637,73
1684,73
1541,66
1699,74
1637,73
1690,74
1637,71
1424,62
1382,62
1589,68
1655,73
1518,66
1442,62
1657,72
1568,68
1509,67
1622,71
1394,62
1400,62
1600,67
1567,68
1694,74
1692,74
1508,65
1532,67
1604,72
1692,74
1408,62
1574,68
1557,69
1468,66
1465,66
1690,74
1627,70
1668,73
1707,74
1603,70
1631,72
1659,73
1602,71
1562,68
1704,72
1623,71
1458,65
1673,73
1467,65
1655,71
1558,69
1588,69
1501,67
1551,66
1558,66
1666,72
1570,68
1652,72
1621,70
1500,67
1684,71
1596,69
1545,70
1664,73
1563,67
1688,74
1606,71
1561,69
1469,65
1660,72
1555,67
1624,70
1680,72
1688,74
1688,74
1524,67
1570,67
1540,66
1645,72
1654,73
1688,74
1580,69
1565,67
1688,74
1490,65
1688,74
1655,73
1600,68
1656,73
1607,70
1507,65
1564,67
1615,70
1660,73
1465,63
1662,73
1445,64
1475,65
1688,74
1690,74
1636,71
1513,67
1462,64
1675,73
1581,68
1542,68
1579,68
1489,67
1688,74
1352,60
1489,66
1579,68
1653,72
1579,69
1670,72
1378,62
1505,67
1561,67
1611,71
1494,66
1657,72
1318,58
1521,67
1464,64
1429,63
1538,68
1690,74
1560,70
1580,70
1590,70
1587,69
1456,62
1602,68
1591,71
1666,73
1598,71
1618,70
1688,74
1517,67
1706,73
1497,67
1574,69
1594,71
1631,72
1556,66
1660,72
1548,69
1640,71
1584,70
1628,70
1661,73
1617,71
1527,67
1559,68
1631,72
1449,62
1543,68
1569,68
1496,65
1437,63
1611,71
1688,74
1577,70
1546,68
1633,72
1637,72
1688,74
1531,68
1638,72
1688,74
1542,67
1620,71
1688,74
1634,71
1579,69
1618,72
1522,69
1538,68
1505,67
1370,62
1542,66
1564,67
1640,71
1557,69
1643,72
1376,61
1531,67
1559,69
1557,70
1560,70
1330,59
1568,69
1681,72
1576,70
1649,72
1643,73
1603,70
1643,72
1528,68
1464,64
1601,70
1646,71
1688,74
1694,74
1527,66
1623,70
1569,68
1700,73
1438,65
1575,69
1631,72
1555,70
1688,74
1611,71
1688,74
1534,68
1458,65
1416,62
1416,62
1547,68
1668,73
1400,61
1601,70
1650,72
1688,74
1665,72
1688,74
1526,67
1688,74
1560,67
1551,66
1688,74
1634,70
1688,74
1660,73
1406,61
1635,72
1538,66
1696,71
1495,67
1517,66
1515,67
1543,68
1540,67
1457,63
1688,74
1629,72
1531,68
1485,67
1575,68
1688,74
1622,71
1503,65
1647,72
1667,73
1662,72
1688,74
1662,73
1550,67
1722,74
1639,72
1631,72
1532,69
1564,67
1696,74
1447,63
1440,63
1545,68
1688,74
1699,74
1688,74
1653,72
1690,74
1606,71
1623,71
1640,70
1481,65
1376,62
1582,70
1586,68
1547,68
1570,68
1546,68
1556,68
1543,69
1430,62
1667,72
1346,60
1604,72
1381,61
1481,65
1422,63
1690,74
1665,73
1633,72
1576,68
1547,68
1630,70
1603,70
1688,74
1395,63
1648,72
1626,71
1646,72
1470,64
1462,65
1246,57
1688,74
1578,70
1690,74
1620,70
1674,72
1447,63
1579,69
1539,68
1482,66
1614,69
1551,67
1558,67
1479,66
1660,71
1545,68
1506,68
1570,70
1547,67
1526,65
1486,67
1664,72
1626,71
1688,74
1668,73
1692,74
1581,70
1583,68
1485,66
1631,72
1476,65
1631,72
1551,68
1660,72
1591,69
1413,65
1518,68
1478,66
1630,70
1455,63
1452,64
1468,65
1690,74
1600,69
1632,70
1607,71
1504,68
1627,70
1500,68
1440,64
1511,65
1631,72
1688,74
1668,73
1399,63
1570,69
1520,66
1688,74
1639,72
1568,69
1587,70
1576,69
1663,70
1581,68
1602,71
1446,62
1688,74
1599,68
1581,69
1583,71
1622,69
1694,74
1611,70
1600,69
1619,68
1623,69
1610,71
1668,72
1669,72
1601,69
1577,70
1688,74
1648,72
1632,71
1557,68
1518,68
1352,60
1688,74
1564,69
1576,70
1502,65
1455,63
1575,68
1598,68
1477,64
1628,69
1690,74
1522,68
1502,63
1610,70
1696,74
1500,65
1526,68
1355,62
1641,71
1555,68
1336,61
1537,69
1470,65
1585,71
1644,72
1618,69
1688,74
1700,74
1501,66
1604,69
1705,73
1638,72
1683,72
1547,67
1362,58
1474,64
1597,70
1546,69
1506,64
1394,62
1652,72
1310,60
1633,72
1587,70
1630,69
1616,71
1688,74
1697,73
1526,68
1532,65
1459,64
1690,74
1380,62
1557,69
1640,71
1492,67
1685,73
1462,65
1661,73
1490,66
1692,74
1692,74
1630,69
1606,71
1620,71
1382,62
1619,72
1538,68
1553,68
1536,66
1617,70
1615,70
1560,69
1563,67
1644,72
1380,63
1549,67
1541,68
1504,63
1406,64
1572,69
1693,73
1542,67
1658,71
1688,74
1690,74
1521,65
1676,73
1463,64
1692,74
1576,68
1575,69
1538,68
1688,74
1648,72
1637,70
1582,68
1643,70
1660,71
1481,67
1538,66
1523,65
1674,72
1626,71
1571,71
1627,72
1683,73
1610,68
1608,71
1627,70
1620,68
1662,73
1469,66
1638,70
1342,59
1638,72
1612,70
1600,69
1527,66
1599,69
1683,72
1692,74
1616,68
1615,70
1362,60
1660,73
1436,61
1648,71
1469,66
1667,73
1564,69
1688,74
1570,69
1571,68
1688,74
1469,64
1541,67
1571,69
1662,73
1521,66
1660,71
1548,66
1688,74
1652,72
1549,67
1584,71
1443,63
1661,73
1545,66
1653,72
1553,68
1563,69
1451,64
1483,63
1499,66
1568,69
1652,73
1631,72
1586,68
1543,67
1524,65
1519,65
1688,74
1472,65
1565,68
1621,71
1600,69
1605,69
1577,70
1618,72
1604,68
1584,69
1688,74
1429,64
1372,61
1652,72
1499,66
1681,73
1408,63
1674,73
1590,68
1349,59
1615,71
1535,68
1690,74
1373,59
1548,69
1616,69
1584,71
1463,64
1496,66
1678,73
1688,74
1592,70
1403,62
1653,72
1395,61
1640,71
1565,69
1483,66
1430,64
1663,73
1485,66
1454,62
1577,70
1655,72
1637,69
1688,74
1571,69
1696,74
1540,68
1583,70
1487,66
1621,70
1688,74
1415,64
1692,74
1518,66
1519,65
1667,73
1482,65
1692,74
1607,71
1587,68
1664,73
1499,66
1480,65
1688,74
1655,73
1654,73
1673,73
1699,74
1569,69
1604,71
1427,64
1688,74
1560,68
1698,74
1692,74
1480,66
1531,68
1561,69
1468,65
1596,70
1498,66
1462,64
1600,70
1513,67
1477,64
1554,68
1634,72
1649,72
1663,73
1438,64
1657,73
1620,69
1395,64
1471,65
1561,68
1666,72
1494,64
1690,74
1565,69
1688,74
1550,68
1534,68
1614,70
1457,64
1497,67
1566,70
1533,66
1671,73
1504,67
1636,70
1688,74
1444,64
1549,69
1563,69
1672,73
1513,66
1498,63
1626,72
1647,73
1627,72
1577,68
1523,67
1553,70
1558,68
1696,73
1288,58
1539,68
1620,70
1439,63
1347,58
1606,70
1479,66
1302,58
1659,73
1460,66
1688,74
1638,72
1629,71
1509,66
1522,67
1692,74
1668,73
1561,70
1568,68
1688,74
1524,67
1638,72
1580,70
1698,74
1573,69
1522,67
1565,69
1629,70
1687,72
1560,68
1564,69
1509,67
1520,67
1684,71
1438,65
1655,73
1432,64
1524,66
1545,70
1619,71
1529,69
1648,72
1346,59
1632,72
1668,73
1608,69
1671,73
1626,71
1562,68
1611,70
1690,74
1487,64
1592,69
1685,73
1457,64
1655,73
1497,67
1555,70
1688,74
1627,72
1681,73
1688,74
1584,68
1495,67
1625,70
1367,62
1492,64
1584,69
1688,74
1562,68
1659,72
1700,74
1560,68
1671,73
1700,74
1308,61
1692,74
1538,67
1536,69
1607,70
1588,69
1566,68
1438,65
1663,73
1432,64
1606,70
1627,72
1563,69
1631,72
1688,74
1478,65
1530,67
1614,71
1546,69
1688,74
1696,74
1533,65
1479,66
1591,71
1470,66
1638,72
1652,72
1672,73
1673,73
1541,68
1489,67
1589,68
1640,71
1488,68
1688,74
1371,60
1588,70
1322,61
1576,68
1599,71
1303,59
1491,66
1526,66
1690,74
1688,74
1576,69
1688,74
1519,65
1655,73
1580,68
1468,65
1503,67
1511,66
1568,70
1692,74
1573,70
1510,66
1688,74
1581,70
1652,72
1611,70
1579,70
1580,69
1544,67
1474,65
1509,67
1326,59
1494,63
1688,74
1495,63
1599,71
1495,66
1640,72
1628,71
1259,57
1596,69
1692,74
1492,66
1512,67
1677,73
1511,67
1607,69
1478,65
1633,72
1584,71
1659,73
1288,56
1690,74
1692,74
1465,64
1444,62
1376,59
1268,56
1653,73
1460,63
1519,67
1529,67
1649,71
1635,72
1516,66
1688,74
1508,64
1688,74
1580,67
1582,69
1567,70
1255,56
1493,67
1437,64
1398,62
1647,72
1389,62
1638,72
1585,70
1654,73
1509,67
1561,70
1667,72
1485,66
1564,68
1552,69
1498,63
1688,74
1575,70
1688,74
1444,63
1501,66
1442,64
1597,69
1486,66
1663,73
1677,73
1676,72
1656,73
1688,74
1384,62
1573,66
1493,67
1524,68
1687,73
1662,73
1579,67
1555,69
1529,66
1688,74
1732,75
1736,75
1732,75
1537,67
1624,71
1603,70
1596,70
1649,72
1732,75
1732,75
1486,64
1606,69
1630,72
1732,75
1600,69
1711,74
1499,64
1705,74
1656,73
1522,67
1732,75
1681,73
1688,74
1732,75
1536,69
1466,65
1723,74
1547,67
1732,75
1703,74
1557,67
1460,65
1732,75
1396,61
1432,61
1732,75
1400,62
1525,67
1452,65
1400,61
1633,72
1534,67
1577,69
1487,67
1580,70
1614,68
1702,74
1732,75
1732,75
1577,69
1460,63
1570,70
1653,72
1566,68
1565,69
1722,70
1652,71
1501,66
1598,70
1496,66
1732,75
1619,69
1732,75
1634,71
1574,68
1656,72
1423,63
1677,73
1558,69
1576,67
1517,68
1652,72
1603,70
1571,70
1583,68
1590,68
1410,64
1488,64
1584,68
1643,71
1703,74
1673,71
1609,70
1568,68
1730,75
1673,71
1625,71
1386,62
1521,69
1665,72
1650,71
1478,66
1726,74
1695,74
1675,73
1602,69
1646,73
1613,71
1395,64
1430,65
1757,75
1602,69
1544,67
1472,64
1730,75
1730,75
1393,62
1565,69
1428,63
1409,62
1489,65
1698,74
1629,71
1662,72
1605,71
1553,68
1615,70
1734,75
1439,64
1605,71
1730,75
1410,62
1730,75
1730,75
1576,70
1551,66
1650,73
1475,66
1734,75
1651,71
1496,66
1683,73
1553,67
1717,74
1468,65
1724,74
1574,69
1429,64
1639,71
1601,68
1594,70
1603,71
1617,70
1362,60
1375,62
1641,71
1539,68
1731,75
1700,74
1464,64
1480,66
1592,70
1582,70
1710,74
1730,75
1452,66
1515,66
1548,66
1611,69
1730,75
1482,66
1504,67
1705,74
1730,75
1607,70
1613,72
1643,70
1535,68
1719,74
1475,66
1422,64
1637,71
1544,68
1552,67
1738,74
1701,74
1446,64
1489,67
1610,71
1668,72
1586,69
1521,66
1652,73
1579,68
1605,69
1521,68
1526,67
1637,70
1730,75
1730,75
1531,65
1526,69
1431,62
1597,71
1529,69
1675,73
1582,68
1531,68
1390,64
1571,69
1484,66
1654,71
1721,74
1590,69
1670,72
1610,68
1674,72
1730,75
1702,74
1528,67
1704,71
1514,67
1499,67
1476,67
1604,69
1540,67
1556,67
1480,65
1667,73
1657,72
1548,67
1452,65
1577,69
1388,62
1633,71
1408,62
1594,69
1525,67
1611,71
1730,75
1720,73
1558,67
1730,75
1463,65
1730,75
1534,69
1730,75
1643,72
1616,70
1598,70
1665,72
1680,72
1730,75
1542,69
1734,75
1619,71
1677,73
1476,65
1730,75
1679,73
1625,71
1468,66
1415,65
1428,65
1687,73
1548,69
1694,74
1619,71
1589,70
1479,64
1634,67
1665,73
1734,75
1550,68
1454,62
1713,74
1688,72
1498,66
1730,75
1477,65
1598,67
1554,69
1730,75
1518,67
1732,75
1730,75
1581,70
1731,75
1534,67
1468,66
1696,74
1643,72
1484,64
1653,71
1730,75
1393,65
1647,72
1668,73
1453,66
1605,71
1730,75
1579,68
1477,65
1691,73
1730,75
1522,66
1443,64
1571,69
1730,75
1685,73
1595,71
1732,75
1673,73
1498,66
1667,72
1572,68
1615,71
1530,69
1565,67
1681,70
1730,75
1487,65
1616,72
1592,70
1698,73
1431,63
1581,70
1614,70
1506,66
1507,65
1569,69
1713,74
1425,65
1669,73
1730,75
1627,71
1444,63
1641,70
1593,70
1491,67
1694,73
1497,67
1581,69
1740,75
1528,68
1479,66
1639,72
1730,75
1730,75
1734,75
1730,75
1382,60
1648,72
1467,66
1619,71
1634,72
1554,67
1428,61
1552,68
1504,66
1627,71
1732,74
1730,75
1560,67
1672,73
1551,69
1529,68
1700,74
1516,67
1730,75
1446,65
1730,75
1714,74
1491,66
1574,69
1570,68
1640,71
1533,67
1672,73
1730,75
1493,66
1679,72
1688,73
1645,71
1679,73
1730,75
1504,66
1374,62
1673,73
1572,68
1730,75
1464,65
1513,67
1558,69
1563,70
1698,74
1453,65
1466,66
1616,69
1581,69
1449,65
1708,74
1487,65
1734,74
1701,74
1635,71
1732,75
1684,72
1723,74
1523,66
1734,75
1717,74
1556,68
1358,59
1730,75
1730,75
1556,68
1581,70
1730,75
1670,73
1507,67
1610,71
1730,75
1414,65
1598,71
1730,75
1576,70
1730,75
1621,71
1448,63
1584,70
1522,66
1567,69
1480,65
1730,75
1577,69
1650,73
1734,75
1660,72
1623,71
1342,60
1542,66
1534,68
1684,73
1675,73
1616,70
1607,71
1667,72
1514,66
1519,66
1426,64
1609,68
1730,75
1453,66
1692,73
1697,74
1521,67
1564,68
1558,67
1533,68
1614,70
1704,74
1614,71
1572,68
1420,61
1585,70
1432,63
1648,71
1649,70
1602,69
1519,65
1603,69
1488,66
1704,74
1730,75
1492,67
1730,75
1673,73
1637,72
1549,67
1600,68
1604,70
1492,66
1750,75
1648,72
1624,71
1625,72
1597,69
1462,64
1686,73
1520,68
1730,75
1556,69
1497,66
1730,75
1620,69
1488,66
1704,74
1734,75
1603,69
1600,70
1566,69
1714,74
1596,68
1405,64
1730,75
1734,75
1632,70
1629,71
1643,72
1617,71
1657,72
1706,74
1663,72
1534,66
1381,61
1458,66
1635,71
1677,73
1492,67
1490,66
1603,68
1732,75
1555,68
1484,64
1508,67
1654,72
1513,67
1414,63
1547,68
1717,74
1543,67
1517,66
1412,62
1734,75
1730,75
1627,71
1433,63
1730,75
1561,69
1672,73
1441,66
1535,68
1730,75
1610,71
1669,73
1430,61
1538,68
1561,67
1620,71
1356,57
1624,71
1418,62
1648,72
1730,75
1674,73
1571,68
1626,71
1412,65
1730,75
1583,70
1519,66
1542,66
1423,63
1509,65
1538,66
1522,68
1650,73
1495,68
1730,75
1486,65
1730,75
1507,67
1690,74
1602,71
1730,75
1619,71
1734,75
1524,68
1668,73
1730,75
1681,74
1316,60
1479,67
1667,72
1668,73
1668,73
1730,75
1418,62
1553,68
1566,69
1539,68
1506,66
1676,73
1732,75
1427,63
1709,74
1627,71
1580,70
1589,69
1523,67
1730,75
1543,68
1567,68
1731,74
1536,66
1701,74
1620,70
1730,75
1574,69
1663,72
1505,64
1717,74
1347,59
1524,69
1610,71
1345,59
1601,69
1528,68
1596,68
1448,63
1740,75
1730,75
1340,60
1456,63
1730,75
1554,68
1544,69
1706,71
1601,70
1738,75
1730,75
1444,63
1574,68
1740,75
1462,67
1696,74
1596,70
1701,74
1551,67
1514,66
1607,70
1526,68
1659,72
1572,69
1730,75
1571,69
1604,70
1730,75
1639,72
1730,75
1412,61
1717,74
1460,66
1443,64
1615,71
1523,66
1591,71
1554,68
1624,71
1603,68
1386,61
1556,68
1730,75
1505,66
1730,75
1730,75
1668,73
1473,68
1535,68
1334,60
1562,68
1632,70
1479,66
1677,73
1568,67
1520,66
1556,68
1677,73
1353,60
1721,74
1533,68
1606,68
1607,71
1558,68
1732,75
1553,68
1495,67
1600,70
1401,62
1375,63
1633,71
1585,68
1502,66
1580,67
1552,68
1647,72
1730,75
1596,70
1494,65
1570,68
1487,67
1642,70
1486,65
1593,70
1730,75
1730,75
1667,72
1535,67
1615,70
1540,69
1460,65
1521,67
1502,66
1602,70
1589,69
1730,75
1516,65
1533,68
1519,67
1546,69
1477,66
1612,70
1585,69
1503,68
1519,66
1634,70
1505,64
1579,69
1462,67
1619,71
1740,75
1600,70
1704,74
1448,62
1683,73
1704,74
1562,68
1542,68
1628,71
1586,68
1603,70
1523,66
1730,75
1742,75
1559,67
1632,71
1406,62
1511,67
1679,73
1730,75
1730,75
1730,75
1630,71
1730,75
1616,72
1663,73
1343,60
1398,63
1732,75
1625,71
1573,69
1596,70
1494,66
1596,71
1617,70
1470,66
1697,73
1630,69
1625,71
1515,67
1559,68
1610,71
1609,72
1475,65
1668,73
1571,68
1730,75
1730,75
1609,69
1723,74
1659,72
1698,74
1480,65
1470,65
1540,67
1573,69
1599,70
1730,75
1477,67
1730,75
1598,69
1538,68
1730,75
1730,75
1650,73
1640,71
1673,73
1677,72
1673,73
1717,74
1573,69
1661,72
1577,70
1466,66
1583,69
1530,67
1679,73
1591,69
1694,74
1581,69
1564,68
1693,73
1571,69
1565,69
1663,72
1489,67
1544,68
1495,65
1512,66
1640,71
1578,68
1547,68
1529,64
1614,71
1627,71
1471,67
1468,64
1596,71
1730,75
1459,62
1715,74
1442,64
1601,68
1709,74
1611,70
1730,75
1631,68
1656,72
1736,75
1673,73
1639,71
1572,69
1457,65
1519,68
1466,66
1361,60
1728,75
1632,71
1575,69
1491,67
1675,73
1602,69
1584,69
1701,73
1487,66
1566,70
1520,67
1498,67
1617,70
1732,75
1442,64
1564,69
1652,72
1581,69
1732,75
1526,67
1506,66
1459,62
1569,70
1568,69
1485,66
1621,70
1498,66
1676,73
1655,72
1607,71
1649,68
1515,68
1417,63
1634,72
1638,71
1728,75
1309,59
1671,73
1615,69
1587,68
1480,66
1523,68
1575,70
1615,70
1539,67
1690,73
1567,68
1592,71
1446,65
1700,74
1728,75
1599,67
1599,69
1648,71
1493,66
1685,73
1723,74
1728,75
1539,66
1400,63
1528,67
1401,63
1581,68
1552,69
1627,72
1730,75
1728,75
1642,70
1667,73
1728,75
1464,66
1732,75
1667,73
1728,75
1576,68
1541,68
1646,71
1454,63
1728,75
1415,63
1658,72
1727,74
1662,72
1504,66
1621,71
1383,61
1728,75
1728,75
1633,70
1566,69
1509,64
1574,69
1703,73
1732,75
1728,75
1581,69
1736,75
1497,68
1592,70
1728,75
1700,74
1705,74
1615,71
1648,72
1613,70
1577,69
1446,65
1592,70
1509,66
1550,68
1535,66
1503,65
1500,66
1614,71
1728,75
1459,63
1510,68
1562,70
1513,67
1728,75
1512,66
1468,62
1578,69
1578,68
1552,68
1512,66
1480,66
1516,68
1734,75
1378,60
1669,72
1476,65
1603,69
1715,74
1321,59
1643,71
1551,68
1528,66
1573,69
1732,75
1688,70
1592,70
1381,62
1470,67
1522,67
1609,70
1564,70
1668,72
1539,67
1482,66
1478,65
1592,68
1666,72
1657,71
1592,70
1656,72
1637,70
1727,74
1688,70
1642,71
1669,73
1573,69
1481,64
1642,71
1690,73
1723,75
1536,70
1467,67
1430,63
1686,73
1586,70
1721,75
1654,72
1637,72
1604,71
1635,72
1553,70
1435,63
1527,67
1655,72
1693,73
1723,75
1721,75
1684,73
1698,74
1604,71
1427,63
1517,67
1382,62
1567,69
1721,75
1696,74
1653,72
1592,70
1574,68
1472,64
1658,71
1694,73
1476,64
1668,73
1554,69
1509,68
1417,64
1582,70
1703,74
1695,74
1651,72
1599,69
1413,61
1314,60
1560,70
1461,67
1610,70
1696,74
1381,62
1691,74
1472,64
1619,72
1562,70
1687,74
1666,72
1721,75
1614,72
1547,69
1668,73
1550,68
1615,69
1573,69
1571,69
1612,71
1645,73
1541,69
1667,73
1594,71
1723,75
1671,73
1687,73
1692,74
1555,68
1721,75
1577,70
1719,75
1553,69
1723,75
1723,74
1414,65
1615,71
1608,70
1719,75
1536,68
1501,67
1421,64
1666,73
1555,69
1665,73
1381,65
1719,75
1624,71
1719,75
1482,64
1416,63
1633,72
1610,69
1432,65
1560,67
1664,72
1631,72
1719,75
1584,70
1580,70
1631,70
1554,68
1465,65
1457,66
1613,71
1432,65
1650,73
1735,75
1652,72
1706,74
1564,68
1533,69
1592,69
1436,63
1551,68
1719,75
1662,71
1324,60
1719,75
1572,68
1576,69
1727,75
1650,70
1520,66
1646,72
1719,75
1560,67
1649,71
1669,73
1652,72
1714,74
1590,69
1719,75
1658,72
1458,64
1667,73
1384,60
1719,75
1629,70
1668,72
1719,75
1681,74
1606,70
1547,68
1683,73
1638,71
1529,67
1555,67
1646,70
1624,69
1610,70
1397,65
1533,69
1590,70
1673,70
1580,69
1634,71
1700,74
1544,66
1640,70
1636,72
1333,60
1582,71
1719,75
1611,71
1480,66
1634,72
1652,72
1487,68
1606,70
1619,71
1538,69
1508,67
1583,69
1482,67
1518,67
1378,62
1608,69
1719,75
1621,71
1588,69
1463,65
1616,71
1414,64
1585,71
1633,71
1595,70
1612,71
1450,65
1580,69
1383,63
1719,75
1715,72
1721,75
1638,71
1560,69
1692,73
1622,71
1652,70
1543,67
1576,69
1554,70
1551,68
1560,70
1590,70
1627,70
1447,64
1589,70
1659,73
1604,70
1511,68
1592,68
1661,71
1443,63
1703,73
1642,72
1693,74
1719,75
1719,75
1501,66
1539,67
1700,74
1674,72
1617,71
1416,61
1582,71
1642,70
1589,68
1725,75
1609,71
1524,68
1717,75
1634,71
1666,71
1419,62
1516,66
1513,69
1618,71
1358,61
1398,61
1698,74
1626,71
1387,63
1656,73
1549,68
1545,69
1655,73
1479,67
1518,69
1602,71
1692,74
1694,73
1556,69
1717,75
1527,68
1717,75
1717,75
1648,73
1561,70
1717,75
1717,75
1344,60
1607,70
1349,61
1605,72
1631,72
1687,74
1676,74
1717,75
1717,75
1603,71
1683,73
1612,70
1689,74
1648,72
1550,69
1717,75
1489,66
1664,73
1533,69
1561,68
1661,73
1565,70
1535,68
1641,73
1535,67
1717,75
1625,71
1669,74
1631,73
1494,65
1717,75
1487,66
1639,73
1677,74
1717,75
1464,64
1621,70
1582,68
1704,74
1660,73
1690,74
1519,68
1438,65
1586,70
1676,73
1464,64
1546,69
1717,75
1663,72
1576,68
1717,75
1570,67
1667,71
1650,72
1515,66
1700,74
1462,64
1549,68
1486,67
1717,75
1603,70
1537,67
1701,73
1717,75
1693,74
1594,71
1504,68
1583,70
1715,75
1703,74
1693,73
1590,71
1603,71
1715,75
1700,74
1517,68
1685,74
1526,68
1547,69
1715,75
1537,69
1581,69
1690,73
1715,75
1471,68
1660,70
1541,68
1631,71
1325,61
1715,75
1696,74
1644,72
1638,72
1695,73
1571,68
1715,75
1424,64
1634,72
1497,67
1715,75
1715,75
1578,71
1717,75
1514,65
1727,75
1535,69
1725,75
1697,74
1597,70
1631,71
1619,72
1717,75
1591,72
1721,75
1646,70
1686,74
1660,74
1584,69
1650,72
1639,73
1657,73
1715,75
1691,74
1646,73
1602,71
1715,75
1463,63
1686,74
1594,70
1704,74
1534,67
1586,71
1695,74
1571,68
1550,69
1588,70
1715,75
1631,71
1515,67
1715,75
1690,71
1684,74
1597,69
1615,69
1677,74
1545,68
1495,67
1615,69
1668,73
1602,71
1514,66
1441,65
1642,72
1652,73
1593,68
1715,75
1566,70
1507,68
1552,69
1458,65
1694,74
1524,68
1557,68
1715,75
1715,75
1560,70
1590,70
1578,67
1715,75
1697,72
1476,67
1582,71
1536,68
1636,68
1594,70
1540,66
1721,75
1586,70
1681,73
1630,72
1719,75
1715,75
1707,74
1539,69
1528,65
1599,72
1607,69
1715,75
1411,62
1715,75
1542,70
1603,71
1542,69
1603,70
1597,71
1635,73
1464,66
1684,74
1719,75
1567,70
1466,64
1693,73
1646,70
1679,72
1464,66
1649,72
1305,60
1497,67
1503,66
1559,70
1650,71
1435,65
1602,71
1673,73
1692,74
1715,75
1715,75
1715,75
1715,75
1603,71
1582,70
1429,62
1518,68
1567,70
1558,69
1715,75
1515,65
1687,73
1489,69
1715,75
1606,72
1624,71
1681,74
1415,64
1690,74
1715,75
1562,68
1672,74
1656,70
1646,72
1717,75
1715,75
1691,74
1582,71
1632,71
1628,69
1718,73
1476,66
1578,71
1594,70
1608,71
1504,69
1633,71
1676,74
1551,69
1527,68
1715,75
1715,75
1627,72
1671,73
1564,70
1581,71
1715,75
1468,64
1715,75
1483,66
1550,69
1627,72
1654,73
1690,72
1401,65
1556,70
1498,68
1622,71
1478,66
1479,65
1509,65
1548,68
1593,69
1623,71
1535,69
1715,75
1582,70
1684,74
1531,69
1644,72
1644,73
1452,65
1553,70
1617,71
1469,66
1715,75
1566,68
1615,71
1597,71
1506,69
1681,73
1662,73
1629,71
1545,69
1461,64
1498,68
1725,75
1661,73
1602,71
1527,68
1601,72
1637,72
1694,73
1565,69
1616,73
1658,72
1657,73
1635,73
1591,69
1468,67
1414,66
1662,73
1684,74
1374,63
1715,75
1501,69
1570,69
1662,73
1721,75
1662,73
1705,75
1533,68
1709,75
1682,73
1652,72
1623,72
1705,75
1721,75
1711,75
1693,74
1660,73
1637,73
1598,72
1703,74
1456,66
1705,75
1705,75
1735,75
1705,75
1588,70
1598,71
1585,70
1721,75
1373,63
1611,71
1472,65
1588,70
1671,73
1677,72
1526,68
1705,75
1675,73
1661,73
1627,72
1526,70
1495,68
1705,75
1660,72
1588,70
1692,74
1557,68
1538,69
1651,71
1593,70
1705,75
1597,71
1690,74
1582,70
1611,72
1615,72
1682,73
1635,72
1519,68
1635,72
1411,63
1566,70
1684,73
1369,63
1721,74
1561,67
1480,65
1694,74
1673,74
1570,70
1705,75
1653,72
1496,66
1539,68
1633,72
1677,74
1341,62
1570,68
1623,72
1523,66
1431,65
1513,69
1597,70
1500,67
1707,75
1642,70
1557,69
1677,73
1588,70
1581,70
1639,72
1631,70
1617,72
1705,75
1705,75
1513,68
1690,73
1726,75
1569,69
1462,66
1661,72
1636,72
1667,73
1628,72
1673,73
1718,73
1475,66
1707,75
1646,72
1644,71
1617,71
1634,71
1705,75
1676,73
1587,71
1567,70
1665,73
1674,73
1668,72
1609,70
1640,73
1571,67
1537,69
1720,74
1412,64
1614,72
1630,72
1705,75
1705,75
1643,72
1522,69
1669,73
1567,70
1664,73
1561,69
1529,67
1510,67
1705,75
1662,74
1717,75
1527,67
1429,65
1612,70
1661,73
1727,74
1627,72
1471,65
1705,75
1681,74
1717,73
1621,72
1694,74
1559,68
1622,71
1614,72
1705,75
1635,72
1555,70
1547,67
1554,69
1595,70
1696,74
1687,74
1562,71
1639,72
1469,65
1462,64
1652,72
1688,74
1581,70
1542,67
1584,71
1653,73
1437,63
1578,70
1616,71
1608,71
1677,73
1696,73
1681,74
1658,72
1711,75
1550,67
1721,75
1661,73
1537,67
1705,75
1418,65
1503,66
1659,71
1458,67
1661,72
1645,70
1645,73
1674,73
1696,74
1701,74
1515,68
1618,72
1667,73
1397,62
1673,73
1655,73
1629,72
1630,70
1583,71
1469,65
1556,70
1615,70
1627,69
1629,72
1707,75
1558,70
1707,73
1602,70
1525,66
1699,73
1732,74
1512,67
1701,74
1658,74
1705,75
1572,69
1665,74
1551,70
1626,72
1636,72
1582,70
1551,69
1522,68
1703,75
1622,71
1590,71
1572,70
1581,69
1593,70
1723,74
1674,73
1703,75
1707,75
1697,74
1705,75
1711,75
1570,68
1633,73
1565,69
1483,64
1668,73
1659,73
1527,66
1707,75
1560,69
1510,67
1622,71
1494,66
1561,70
1548,67
1671,74
1707,75
1608,69
1465,64
1539,68
1699,75
1684,74
1695,71
1587,71
1625,72
1592,70
1653,72
1574,68
1657,71
1682,74
1553,69
1699,75
1659,72
1637,71
1675,74
1608,70
1621,71
1559,71
1683,74
1656,72
1483,67
1697,75
1558,68
1681,73
1414,65
1621,71
1660,72
1677,73
1715,75
1727,73
1604,70
1602,71
1705,75
1473,66
1682,74
1642,71
1664,71
1685,74
1671,73
1426,64
1610,69
1608,72
1581,67
1575,70
1697,75
1692,74
1454,64
1509,67
1672,74
1571,69
1697,75
1650,73
1361,61
1467,65
1530,69
1496,67
1587,69
1673,74
1657,74
1624,72
1665,73
1561,70
1655,74
1499,67
1512,67
1637,72
1677,73
1600,70
1627,72
1684,73
1593,69
1719,73
1726,75
1557,68
1581,69
1613,71
1623,70
1556,68
1697,75
1682,73
1690,74
1682,72
1631,71
1729,75
1701,75
1564,69
1631,72
1699,75
1422,63
1631,73
1691,74
1428,65
1539,68
1678,74
1503,66
1359,61
1713,75
1628,72
1505,66
1478,66
1699,75
1649,73
1646,73
1600,70
1697,75
1501,66
1715,73
1546,68
1298,59
1574,71
1547,68
1592,70
1636,72
1583,70
1591,71
1699,75
1683,74
1705,75
1682,74
1705,75
1697,75
1716,73
1682,72
1516,68
1691,74
1622,72
1608,72
1697,75
1559,69
1697,75
1723,75
1551,70
1587,70
1697,75
1488,67
1632,71
1464,62
1463,64
1658,73
1636,71
1675,74
1445,66
1660,74
1382,62
1629,72
1391,62
1645,71
1686,74
1673,74
1696,74
1697,75
1697,75
1614,69
1691,74
1501,67
1677,73
1644,72
1669,72
1697,75
1499,69
1523,67
1703,74
1639,73
1442,67
1545,68
1610,71
1547,69
1552,69
1302,59
1590,71
1551,70
1741,75
1703,73
1652,71
1682,74
1543,66
1522,67
1577,70
1516,66
1646,73
1697,75
1507,67
1711,75
1694,74
1684,74
1625,72
1600,71
1456,65
1688,74
1650,72
1655,72
1480,65
1638,69
1672,73
1522,67
1588,70
1637,72
1422,65
1697,75
1683,73
1618,71
1622,71
1682,74
1662,73
1435,64
1670,74
1608,72
1677,72
1522,67
1579,70
1707,75
1586,70
1585,70
1685,74
1626,72
1697,75
1675,73
1640,72
1520,68
1686,74
1677,74
1677,72
1697,75
1517,65
1560,68
1648,72
1581,70
1486,65
1496,67
1567,70
1472,66
1699,75
1553,69
1656,73
1519,68
1665,73
1586,68
1697,75
1655,72
1598,72
1593,71
1581,69
1631,70
1676,74
1470,66
1697,75
1652,72
1599,71
1700,73
1627,71
1697,75
1679,74
1699,75
1610,71
1654,73
1530,68
1605,72
1417,65
1437,65
1501,67
1697,75
1623,72
1682,74
1705,75
1530,67
1661,72
1576,71
1675,74
1518,69
1666,73
1666,74
1711,75
1495,65
1437,63
1532,69
1511,68
1451,64
1697,75
1642,72
1673,74
1604,70
1628,71
1697,75
1546,69
1475,64
1423,65
1654,72
1701,75
1699,75
1699,75
1669,73
1611,71
1563,68
1507,67
1661,73
1516,67
1565,70
1697,75
1697,75
1688,74
1440,64
1697,75
1685,74
1645,73
1627,72
1613,71
1504,68
1571,70
1705,75
1622,71
1506,67
1593,70
1490,65
1627,72
1561,69
1684,74
1611,71
1682,74
1676,74
1595,72
1699,75
1707,75
1557,68
1606,69
1451,65
1669,74
1697,75
1697,75
1590,69
1499,69
1697,75
1517,67
1622,72
1705,75
1733,75
1303,58
1593,71
1699,75
1661,73
1687,73
1665,73
1697,75
1665,73
1481,67
1532,69
1547,70
1617,70
1682,74
1696,74
1610,71
1684,74
1697,75
1711,75
1687,73
1652,73
1620,72
1539,69
1637,72
1610,71
1705,75
1401,64
1522,67
1627,72
1586,71
1626,71
1697,75
1412,63
1697,75
1456,65
1605,71
1683,74
1610,71
1697,75
1515,68
1548,67
1661,72
1624,70
1699,75
1582,71
1628,71
1628,72
1520,68
1690,74
1699,75
1626,72
1607,70
1560,69
1595,70
1697,75
1608,72
1627,72
1699,75
1638,72
1671,73
1545,69
1607,70
1504,67
1684,74
1630,71
1651,73
1560,70
1387,63
1697,75
1677,73
1478,66
1697,75
1686,74
1514,67
1697,75
1697,75
1643,72
1671,74
1530,69
1595,71
1719,75
1501,67
1515,68
1660,72
1713,75
1661,73
1622,70
1697,73
1731,74
1661,73
1731,74
1650,73
1614,72
1671,73
1517,65
1414,64
1523,68
1696,70
1591,70
1715,75
1697,75
1705,75
1597,71
1697,75
1685,72
1608,71
1699,75
1642,72
1588,69
1697,75
1703,75
1540,68
1623,72
1541,68
1384,62
1389,61
1697,75
1681,73
1562,69
1699,74
1624,72
1707,75
1578,68
1650,73
1471,65
1701,75
1478,67
1513,66
1664,71
1576,71
1561,70
1578,70
1605,71
1701,75
1686,74
1588,71
1572,71
1546,69
1565,72
1608,70
1680,74
1608,72
1705,75
1641,73
1661,73
1367,60
1731,73
1676,74
1610,72
1683,74
1697,75
1697,75
1490,66
1640,72
1701,75
1665,74
1701,75
1624,72
1697,75
1678,74
1631,70
1592,69
1697,75
1437,65
1701,75
1483,67
1526,68
1678,74
1511,67
1548,68
1654,73
1489,66
1550,67
1607,71
1697,75
1506,66
1563,69
1498,67
1584,70
1650,73
1458,65
1407,64
1650,73
1644,72
1697,75
1650,72
1656,72
1640,73
1682,74
1568,69
1610,68
1493,65
1697,75
1621,71
1701,75
1595,71
1535,68
1705,75
1416,63
1604,70
1387,62
1697,75
1568,69
1435,65
1629,72
1658,73
1534,69
1679,73
1619,72
1625,71
1697,75
1721,75
1639,73
1602,71
1486,68
1666,74
1351,62
1674,74
1446,64
1665,73
1429,65
1604,71
1705,74
1709,75
1565,71
1452,65
1697,75
1510,68
1687,74
1580,70
1461,63
1697,75
1703,75
1617,71
1449,65
1549,70
1520,67
1654,73
1652,72
1427,65
1701,75
1471,66
1639,71
1697,75
1697,75
1547,69
1550,70
1641,73
1697,75
1568,69
1686,74
1697,75
1697,75
1537,69
1386,63
1607,71
1538,67
1557,69
1445,66
1650,73
1697,75
1708,74
1697,75
1697,75
1697,75
1697,75
1650,73
1502,68
1542,68
1518,68
1617,72
1615,72
1589,70
1653,73
1585,70
1461,65
1516,68
1685,74
1507,67
1671,73
1561,69
1595,70
1589,70
1698,74
1658,73
1632,72
1622,70
1655,73
1699,75
1576,69
1697,75
1430,64
1632,72
1684,74
1472,66
1684,73
1587,69
1631,72
1655,74
1540,69
1536,69
1674,73
1617,71
1629,72
1705,75
1645,73
1683,74
1697,75
1592,71
1667,74
1563,68
1615,73
1697,75
1634,71
1494,66
1385,61
1697,75
1649,73
1697,75
1642,72
1677,73
1697,75
1626,73
1406,63
1609,71
1669,74
1629,72
1527,68
1684,74
1537,68
1591,71
1503,68
1594,71
1668,72
1691,73
1697,75
1575,70
1620,73
1665,74
1677,74
1641,72
1697,75
1582,67
1608,72
1658,74
1536,68
1603,72
1664,74
1649,72
1683,74
1571,68
1635,72
1631,73
1672,73
1670,74
1320,58
1524,67
1599,70
1479,68
1518,67
1612,72
1663,72
1550,69
1606,72
1708,74
1451,65
1697,75
1533,68
1616,69
1518,67
1442,63
1639,73
1295,59
1697,75
1697,75
1687,74
1562,70
1616,73
1595,71
1674,74
1559,66
1506,68
1614,69
1523,67
1411,63
1565,69
1624,71
1577,70
1544,68
1665,74
1437,66
1697,75
1562,69
1697,75
1682,74
1578,71
1673,74
1435,64
1621,70
1457,67
1608,71
1686,74
1468,65
1586,69
1445,65
1562,69
1711,75
1537,69
1697,75
1623,71
1612,70
1582,70
1358,63
1557,70
1683,74
1604,72
1371,63
1688,74
1413,63
1642,72
1701,75
1604,71
1697,75
1644,73
1690,74
1622,73
1547,68
1682,74
1622,72
1677,74
1541,68
1685,74
1652,72
1697,75
1420,65
1572,70
1697,75
1517,66
1688,74
1612,72
1664,72
1699,75
1661,73
1703,75
1497,66
1480,68
1697,75
1649,73
1346,61
1578,70
1705,75
1561,67
1699,74
1671,74
1590,70
1546,70
1664,74
1423,64
1577,72
1695,74
1638,73
1603,71
1534,69
1609,71
1490,65
1532,68
1697,75
1499,68
1655,72
1635,73
1697,75
1551,68
1533,69
1677,74
1599,69
1679,74
1550,70
1697,75
1643,73
1483,66
1561,70
1655,73
1664,73
1711,74
1637,71
1697,75
1585,71
1697,75
1641,73
1269,59
1571,68
1614,72
1614,71
1697,75
1697,75
1715,74
1456,65
1476,67
1565,69
1625,70
1630,72
1695,74
1555,68
1705,75
1699,74
1622,72
1656,73
1667,74
1646,69
1652,73
1453,64
1673,74
1431,65
1671,73
1664,72
1505,68
1697,75
1632,71
1562,70
1622,72
1697,75
1565,69
1387,63
1655,74
1707,75
1612,72
1540,69
1690,74
1430,65
1471,64
1571,70
1632,70
1643,73
1638,73
1541,68
1419,63
1629,72
1619,72
1618,72
1463,65
1692,74
1697,75
1702,74
1659,72
1667,74
1653,72
1631,72
1611,71
1642,74
1569,69
1454,65
1506,67
1580,70
1588,71
1697,75
1611,73
1697,75
1683,74
1681,73
1697,75
1622,71
1697,75
1668,74
1639,73
1443,66
1597,71
1587,70
1594,70
1569,70
1580,70
1280,58
1690,74
1701,74
1516,67
1602,71
1666,74
1629,72
1416,64
1602,70
1593,70
1444,65
1697,75
1620,72
1697,75
1664,74
1608,72
1514,67
1528,67
1507,67
1672,74
1634,70
1681,73
1580,69
1721,75
1353,61
1668,74
1697,75
1491,65
1622,71
1582,70
1506,66
1529,67
1541,70
1436,64
1667,74
1649,72
1707,75
1613,72
1555,69
1465,65
1697,75
1508,68
1465,65
1606,71
1475,66
1697,75
1604,71
1553,68
1701,75
1584,69
1622,71
1528,67
1697,75
1619,72
1701,75
1551,70
1637,73
1624,73
1558,69
1574,70
1579,70
1666,74
1590,70
1637,72
1516,68
1596,72
1571,69
1445,63
1538,68
1697,75
1585,71
1542,69
1697,75
1697,75
1589,70
1707,75
1697,75
1546,67
1701,75
1698,74
1697,75
1667,74
1503,67
1532,69
1612,71
1697,75
1697,75
1461,67
1697,75
1698,74
1683,74
1637,73
1575,69
1662,74
1550,69
1679,73
1635,71
1606,71
1697,75
1697,75
1497,66
1629,72
1598,71
1674,74
1656,73
1545,67
1643,73
1419,64
1482,65
1552,69
1579,69
1540,70
1667,74
1522,67
1577,69
1688,74
1614,71
1697,75
1678,74
1609,71
1512,67
1684,72
1569,70
1531,68
1539,69
1699,75
1641,73
1461,63
1573,69
1694,73
1563,70
1683,74
1482,65
1561,69
1660,73
1513,66
1514,67
1648,74
1672,74
1568,68
1697,75
1635,72
1575,71
1608,72
1533,68
1644,74
1624,72
1478,66
1651,73
1555,69
1611,70
1622,71
1697,75
1591,70
1637,73
1555,69
1608,72
1598,72
1490,67
1458,65
1444,65
1664,74
1489,68
1535,68
1641,73
1540,70
1721,75
1662,74
1671,74
1565,70
1697,75
1412,63
1598,70
1568,70
1339,60
1639,73
1578,71
1536,67
1613,71
1697,75
1705,74
1560,70
1640,73
1600,71
1690,74
1576,70
1664,74
1661,73
1697,75
1549,69
1527,69
1433,65
1474,66
1592,69
1697,75
1533,68
1549,68
1526,68
1568,69
1447,64
1697,75
1697,75
1561,69
1697,75
1408,63
1586,70
1632,71
1509,68
1578,70
1649,73
1520,67
1701,75
1476,67
1669,74
1621,71
1478,66
1589,70
1598,72
1630,70
1697,75
1593,71
1528,68
1497,67
1446,66
1607,71
1439,66
1653,73
1564,69
1575,69
1435,66
1309,61
1642,71
1662,72
1664,74
1533,67
1432,66
1602,71
1697,75
1535,68
1539,68
1569,69
1697,75
1479,65
1697,75
1467,68
1578,69
1600,72
1539,67
1605,71
1484,67
1630,70
1536,67
1676,74
1614,71
1590,69
1622,72
1608,70
1504,68
1460,65
1697,75
1616,72
1697,75
1595,71
1526,67
1600,71
1697,75
1493,65
1537,70
1581,70
1568,68
1699,75
1713,75
1635,72
1697,75
1655,73
1646,74
1699,75
1669,74
1525,68
1682,74
1431,64
1565,70
1641,73
1588,71
1487,67
1666,74
1697,75
1623,72
1421,65
1658,74
1433,64
1553,69
1588,70
1555,70
1518,68
1697,75
1688,74
1697,75
1681,74
1654,73
1609,72
1537,68
1688,74
1661,73
1528,69
1709,75
1439,64
1582,71
1640,71
1527,68
1671,74
1517,67
1535,68
1512,67
1697,75
1614,71
1405,64
1610,72
1612,72
1510,68
1647,73
1492,68
1707,75
1595,71
1624,72
1426,64
1682,74
1490,67
1621,71
1694,74
1528,69
1532,69
1715,75
1684,74
1679,74
1669,73
1697,75
1634,72
1613,69
1461,65
1558,70
1426,65
1342,60
1516,68
1694,74
1631,71
1697,75
1673,74
1705,75
1620,72
1616,72
1689,74
1703,75
1697,75
1697,75
1555,69
1697,75
1643,73
1503,68
1707,75
1574,69
1631,72
1533,68
1684,74
1656,73
1611,71
1669,73
1587,70
1682,74
1697,75
1684,74
1428,66
1539,68
1575,70
1530,69
1629,71
1505,67
1674,74
1494,66
1567,68
1408,63
1691,74
1448,67
1524,69
1606,71
1583,70
1622,73
1481,66
1508,67
1642,71
1658,73
1407,62
1524,69
1697,75
1697,75
1619,72
1433,66
1608,71
1402,62
1487,68
1697,75
1530,68
1562,69
1687,74
1602,71
1697,75
1711,75
1563,70
1538,68
1671,74
1577,68
1697,75
1697,75
1537,66
1620,71
1697,75
1576,71
1697,75
1333,61
1579,70
1553,68
1608,73
1711,75
1697,75
1394,64
1377,61
1633,72
1624,72
1586,70
1615,73
1679,74
1727,75
1628,72
1497,68
1551,69
1599,71
1498,68
1648,74
1483,65
1579,70
1654,73
1638,73
1545,69
1644,74
1727,75
1561,69
1587,71
1649,72
1522,67
1407,64
1697,75
1697,75
1705,75
1641,73
1519,68
1641,73
1388,60
1636,72
1553,67
1403,62
1619,72
1705,75
1565,70
1420,65
1697,75
1617,72
1657,72
1392,63
1585,70
1616,73
1557,70
1707,75
1561,68
1585,71
1624,71
1507,67
1697,75
1467,65
1631,72
1585,70
1315,61
1703,75
1629,73
1601,71
1674,74
1515,68
1590,71
1677,73
1561,69
1421,66
1620,72
1563,69
1679,74
1545,70
1697,75
1545,68
1509,65
1703,75
1666,74
1389,63
1657,73
1531,69
1581,68
1599,71
1680,74
1527,68
1467,66
1697,75
1628,71
1517,68
1697,75
1701,75
1638,71
1703,75
1426,63
1697,75
1697,75
1645,72
1562,68
1461,66
1671,74
1694,74
1721,75
1455,64
1388,62
1493,66
1548,67
1621,70
1703,75
1703,75
1613,72
1506,66
1604,71
1694,74
1620,72
1643,73
1551,69
1557,69
1660,73
1491,67
1596,69
1611,71
1656,74
1697,75
1705,75
1509,65
1612,72
1547,68
1697,75
1529,68
1472,67
1572,70
1610,72
1647,73
1692,74
1550,68
1589,70
1575,69
1707,75
1691,74
1634,72
1453,66
1560,69
1397,65
1608,71
1561,69
1697,75
1669,74
1501,68
1687,74
1523,67
1544,69
1466,66
1677,74
1697,75
1697,75
1430,65
1626,70
1186,54
1353,61
1562,68
1666,74
1672,74
1697,75
1369,61
1360,61
1665,73
1659,72
1466,66
1360,61
1353,61
1591,70
1611,71
1683,74
1618,71
1697,75
1538,69
1643,73
1674,74
1540,70
1561,67
1588,70
1521,68
1573,70
1583,70
1368,63
1705,75
1536,69
1664,74
1633,73
1410,63
1405,65
1461,64
1614,72
1697,75
1413,63
1677,73
1650,73
1681,73
1590,70
1394,63
1285,58
1591,70
1531,68
1697,75
1582,70
1697,75
1627,73
1335,61
1488,67
1552,68
1697,75
1475,64
1594,71
1539,67
1329,62
1682,74
1573,70
1697,75
1455,65
1611,71
1669,74
1697,75
1597,71
1676,74
1642,72
1667,73
1525,68
1670,74
1420,63
1501,67
1688,74
1401,63
1386,63
1631,72
1604,69
1576,70
1647,73
1606,72
1427,64
1390,63
1670,74
1481,68
1477,67
1543,69
1699,75
1534,67
1678,74
1697,75
1351,61
1592,70
1685,73
1684,74
1714,74
1615,73
1699,75
1604,70
1697,75
1607,71
1558,70
1635,72
1705,75
1532,67
1666,74
1636,71
1500,67
1610,72
1613,70
1591,70
1627,71
1647,73
1466,65
1705,75
1539,68
1372,62
1717,75
1338,61
1513,67
1628,72
1697,75
1421,65
1642,73
1613,71
1490,67
1697,75
1375,62
1566,69
1660,74
1585,70
1591,70
1440,65
1555,70
1551,69
1449,65
1622,71
1714,74
1598,69
1391,64
1421,63
1648,72
1686,74
1633,73
1338,61
1687,73
1515,67
1442,63
1404,61
1387,64
1529,67
1653,73
1561,70
1628,70
1663,73
1505,65
1632,73
1416,65
1602,71
1363,61
1542,69
1409,62
1644,72
1598,71
1636,73
1531,66
1723,75
1591,71
1599,71
1676,74
1515,66
1697,75
1677,73
1697,75
1585,71
1527,68
1450,66
1703,75
1691,75
1666,74
1483,66
1601,70
1691,75
1697,75
1409,64
1640,73
1589,70
1677,74
1483,65
1650,72
1411,64
1713,75
1540,69
1678,74
1542,68
1594,70
1385,64
1528,69
1574,69
1632,70
1452,65
1691,75
1411,64
1673,73
1689,75
1382,63
1627,71
1666,74
1476,67
1689,75
1689,75
1651,73
1666,74
1671,73
1689,75
1689,75
1689,75
1674,74
1662,73
1534,69
1565,71
1566,68
1533,70
1527,68
1564,69
1581,68
1601,71
1561,69
1492,66
1652,73
1640,73
1530,67
1562,69
1689,75
1399,61
1689,75
1685,74
1689,75
1689,75
1691,75
1646,72
1692,74
1496,66
1614,71
1689,75
1670,74
1661,73
1380,63
1689,75
1478,67
1689,75
1607,71
1701,75
1668,73
1689,75
1610,72
1509,66
1676,74
1518,67
1689,75
1612,70
1592,70
1652,73
1646,72
1689,75
1701,75
1508,66
1691,75
1519,68
1637,72
1564,70
1537,68
1682,74
1479,66
1661,74
1439,65
1667,73
1640,70
1691,75
1494,66
1603,70
1424,64
1713,75
1535,68
1557,68
1669,74
1669,73
1655,74
1617,71
1584,71
1381,64
1562,69
1599,70
1669,74
1671,74
1689,75
1582,70
1662,73
1473,66
1707,75
1628,71
1701,75
1651,73
1398,63
1540,68
1656,74
1394,62
1605,71
1394,62
1419,66
1655,74
1689,75
1625,71
1320,61
1590,72
1528,68
1419,66
1584,71
1457,64
1621,71
1614,72
1689,75
1599,71
1600,72
1655,74
1630,73
1637,73
1527,67
1689,75
1558,69
1689,75
1642,73
1644,74
1689,75
1602,72
1555,68
1488,65
1419,64
1620,72
1689,75
1513,67
1471,65
1689,75
1625,71
1689,75
1610,71
1505,68
1668,74
1689,75
1467,66
1480,66
1664,74
1558,71
1655,74
1689,75
1629,72
1689,75
1602,71
1675,73
1520,68
1488,65
1648,74
1547,69
1520,67
1522,70
1624,71
1473,66
1453,65
1689,75
1564,70
1664,74
1638,73
1633,71
1689,75
1554,69
1584,71
1671,74
1546,69
1595,70
1589,71
1697,75
1524,67
1673,74
1410,62
1632,73
1670,74
1689,75
1291,59
1689,75
1648,73
1629,73
1480,67
1609,71
1564,70
1477,66
1556,71
1476,66
1682,74
1682,74
1488,67
1703,75
1691,75
1703,75
1620,72
1651,73
1590,71
1557,69
1482,66
1350,61
1565,68
1689,75
1640,72
1542,69
1600,71
1666,72
1578,68
1381,61
1655,72
1403,64
1437,65
1672,73
1583,69
1564,70
1507,67
1655,73
1689,75
1655,74
1613,72
1548,69
1674,74
1534,69
1319,60
1607,72
1680,74
1660,73
1538,68
1497,67
1529,68
1581,70
1629,72
1654,74
1350,62
1694,74
1633,73
1593,70
1508,65
1654,74
1515,67
1689,75
1532,70
1654,72
1599,71
1689,75
1610,70
1529,68
1436,65
1689,75
1452,65
1529,68
1597,69
1517,66
1612,73
1640,72
1554,69
1482,66
1626,72
1689,75
1544,70
1623,72
1640,72
1582,69
1689,75
1612,72
1689,75
1470,65
1472,66
1689,75
1631,72
1485,65
1614,70
1433,64
1554,71
1605,70
1680,74
1678,74
1572,70
1607,69
1689,75
1529,67
1561,70
1521,68
1655,74
1616,73
1509,67
1500,66
1641,71
1382,61
1613,71
1674,74
1611,71
1622,72
1633,72
1526,69
1669,73
1486,66
1640,73
1640,72
1422,66
1595,70
1559,67
1642,73
1701,75
1689,75
1610,71
1614,71
1693,75
1689,75
1611,72
1665,73
1659,74
1689,75
1656,72
1673,73
1544,68
1453,64
1597,71
1673,74
1471,66
1514,67
1503,67
1595,71
1672,73
1689,75
1659,73
1462,64
1654,73
1283,58
1647,74
1461,64
1644,73
1498,64
1623,71
1309,59
1542,69
1588,70
1499,68
1704,74
1689,75
1536,70
1707,75
1672,73
1454,65
1601,71
1477,68
1620,72
1309,60
1657,72
1689,75
1675,73
1711,75
1539,68
1651,73
1445,65
1597,70
1636,71
1689,75
1620,73
1503,67
1380,62
1504,64
1711,75
1602,69
1534,67
1519,69
1530,68
1669,73
1507,67
1334,63
1407,63
1693,75
1689,75
1698,74
1689,75
1662,73
1638,72
1511,68
1487,68
1456,66
1600,71
1656,72
1501,67
1711,75
1519,69
1668,72
1701,75
1689,75
1663,74
1500,68
1321,60
1528,69
1567,69
1397,63
1464,65
1566,69
1591,70
1661,73
1540,67
1537,68
1647,73
1610,70
1436,64
1450,66
1384,62
1710,74
1492,67
1668,74
1629,72
1322,60
1612,72
1448,66
1621,70
1616,73
1689,75
1495,68
1539,68
1594,71
1593,70
1621,70
1651,73
1542,69
1392,63
1437,63
1646,72
1542,69
1454,66
1353,61
1620,69
1689,75
1655,74
1585,72
1603,70
1648,73
1695,75
1612,72
1621,70
1640,74
1449,65
1524,68
1695,75
1698,74
1623,72
1689,75
1567,72
1643,72
1351,62
1600,72
1689,75
1715,75
1561,70
1494,67
1596,70
1665,73
1593,70
1689,75
1367,63
1448,64
1541,66
1689,75
1416,63
1588,71
1714,74
1549,68
1608,70
1648,72
1676,74
1672,73
1689,75
1474,66
1675,74
1719,75
1498,66
1689,75
1448,64
1660,72
1689,75
1347,62
1413,62
1689,75
1377,62
1520,66
1641,73
1523,68
1689,75
1627,72
1691,75
1512,68
1689,75
1695,75
1632,70
1689,75
1429,64
1689,75
1640,74
1689,75
1548,69
1542,69
1701,75
1689,75
1548,68
1693,75
1666,73
1707,75
1682,72
1611,70
1612,72
1689,75
1637,72
1523,66
1642,72
1681,74
1689,75
1650,71
1464,66
1666,74
1695,75
1536,67
1433,64
1421,65
1608,70
1614,71
1655,74
1649,73
1573,69
1387,62
1572,69
1678,74
1711,75
1685,73
1601,71
1424,64
1466,66
1675,74
1715,75
1535,69
1689,75
1357,63
1431,64
1521,68
1689,75
1697,74
1409,64
1632,71
1640,72
1663,73
1437,65
1596,70
1570,70
1673,74
1505,68
1604,71
1640,73
1617,73
1673,74
1689,75
1645,72
1489,66
1610,73
1689,75
1520,68
1516,68
1522,68
1707,75
1428,64
1689,75
1685,74
1566,69
1441,65
1689,75
1465,65
1657,74
1690,74
1496,67
1607,71
1717,74
1640,73
1702,74
1496,66
1686,74
1580,68
1359,63
1672,73
1532,68
1646,74
1612,72
1497,66
1413,64
1689,75
1705,74
1684,74
1546,68
1406,61
1586,71
1553,67
1688,73
1456,66
1332,60
1689,75
1657,73
1664,73
1566,68
1595,71
1689,74
1617,73
1636,71
1672,74
1672,73
1689,75
1675,74
1459,65
1669,74
1555,68
1689,75
1558,69
1429,64
1710,74
1473,66
1532,69
1671,73
1689,75
1618,71
1683,74
1499,68
1571,70
1635,72
1695,75
1592,69
1544,69
1593,71
1591,70
1630,72
1711,75
1571,70
1418,63
1658,74
1689,75
1591,70
1394,63
1615,71
1689,75
1690,74
1689,75
1659,72
1445,65
1611,70
1653,73
1662,74
1544,69
1640,73
1689,75
1546,69
1439,64
1452,65
1276,56
1695,75
1671,73
1562,69
1459,66
1695,75
1640,73
1689,75
1579,70
1689,75
1537,69
1614,72
1649,73
1673,74
1565,69
1689,75
1685,73
1711,75
1698,74
1446,65
1473,67
1587,70
1535,68
1473,64
1512,68
1641,73
1541,67
1610,71
1611,71
1445,65
1674,73
1521,67
1558,70
1689,75
1512,67
1389,63
1517,67
1697,75
1485,68
1506,67
1432,65
1498,67
1689,75
1597,71
1498,68
1711,75
1599,69
1386,62
1447,63
1545,68
1640,74
1655,74
1689,75
1665,73
1595,71
1443,65
1522,67
1468,63
1610,73
1689,75
1516,68
1603,71
1511,69
1669,74
1516,68
1548,68
1689,75
1610,71
1516,68
1513,66
1562,69
1678,74
1646,73
1602,71
1633,70
1583,70
1565,70
1646,74
1377,60
1587,70
1711,75
1659,74
1593,70
1549,67
1640,73
1606,71
1695,75
1496,67
1656,73
1689,75
1501,68
1545,69
1535,69
1651,72
1447,63
1540,67
1621,71
1612,71
1359,61
1542,68
1689,75
1448,65
1406,64
1474,66
1380,60
1689,75
1589,70
1534,67
1552,67
1689,75
1593,68
1645,72
1548,68
1466,64
1659,73
1586,72
1701,75
1698,74
1586,69
1554,69
1643,72
1466,65
1609,71
1455,66
1659,74
1689,75
1689,75
1674,74
1453,65
1629,71
1581,69
1668,74
1694,74
1481,66
1625,72
1649,72
1682,74
1424,66
1585,71
1675,74
1352,62
1584,71
1689,75
1450,66
1715,75
1698,74
1554,69
1630,73
1443,67
1558,69
1414,64
1516,68
1332,61
1448,65
1507,68
1566,69
1607,72
1583,70
1518,66
1291,59
1522,69
1522,68
1408,64
1685,73
1640,73
1697,75
1653,73
1617,71
1498,66
1689,75
1436,65
1600,72
1321,58
1419,64
1446,64
1524,67
1545,68
1391,63
1667,74
1358,62
1453,66
1648,73
1415,65
1607,70
1689,75
1548,69
1437,66
1681,74
1640,74
1637,73
1706,74
1492,67
1689,75
1711,75
1689,75
1459,66
1579,70
1556,69
1430,64
1701,75
1645,72
1626,71
1486,67
1492,66
1696,74
1542,68
1651,72
1464,63
1461,64
1444,66
1516,68
1697,75
1689,75
1487,66
1585,71
1625,71
1576,69
1689,75
1600,71
1544,69
1575,68
1451,64
1689,75
1451,66
1616,71
1542,70
1416,63
1429,63
1649,72
1366,61
1647,71
1544,69
1691,75
1466,66
1578,72
1689,75
1632,71
1649,72
1715,75
1647,72
1691,75
1689,75
1689,75
1516,68
1612,72
1459,65
1519,68
1659,73
1379,62
1459,66
1340,60
1659,73
1564,70
1643,72
1689,75
1689,75
1689,75
1547,69
1689,75
1375,62
1649,74
1627,70
1689,75
1569,70
1456,65
1561,70
1689,75
1698,74
1679,74
1662,73
1387,63
1689,75
1450,67
1585,71
1662,74
1572,69
1536,68
1543,68
1510,70
1689,74
1562,69
1696,74
1667,71
1689,75
1689,75
1625,72
1438,63
1654,74
1437,64
1663,74
1495,66
1620,71
1602,70
1475,66
1555,68
1659,73
1645,73
1689,75
1561,70
1689,75
1481,67
1691,75
1423,64
1459,65
1618,71
1643,73
1481,67
1635,72
1654,73
1709,75
1580,70
1635,72
1655,74
1601,72
1454,64
1666,74
1512,67
1721,74
1671,74
1558,68
1492,67
1617,72
1519,67
1655,74
1568,69
1521,68
1641,73
1446,64
1695,75
1689,75
1553,68
1387,62
1581,68
1623,72
1678,74
1599,69
1511,67
1658,73
1689,75
1689,75
1655,73
1358,61
1474,65
1474,65
1715,75
1655,74
1480,64
1467,65
1352,60
1675,74
1688,74
1436,65
1668,73
1586,70
1424,63
1638,73
1638,72
1534,66
1450,66
1620,72
1573,69
1689,75
1657,73
1531,68
1619,71
1448,65
1618,71
1520,69
1441,65
1456,64
1555,68
1593,72
1445,65
1589,71
1661,74
1554,68
1392,63
1598,72
1587,69
1652,74
1485,67
1645,72
1647,72
1598,71
1622,73
1410,63
1629,73
1580,69
1681,73
1494,66
1557,69
1625,72
1616,71
1496,66
1467,66
1510,70
1348,60
1689,75
1516,67
1633,73
1689,75
1610,71
1429,65
1653,72
1689,75
1466,65
1494,66
1429,65
1352,62
1588,68
1598,72
1559,68
1691,75
1705,75
1531,69
1636,73
1549,69
1592,71
1689,75
1445,64
1555,68
1607,70
1689,75
1620,71
1689,75
1591,70
1680,74
1691,75
1489,67
1675,74
1679,73
1689,75
1418,63
1675,74
1686,74
1679,73
1689,75
1689,75
1653,71
1630,72
1524,68
1590,69
1669,73
1689,75
1597,69
1689,75
1653,73
1466,66
1583,70
1660,72
1689,75
1269,58
1693,75
1701,75
1583,70
1369,64
1603,72
1526,68
1471,65
1523,67
1610,71
1386,63
1665,73
1613,71
1540,68
1641,74
1689,75
1539,68
1675,74
1552,70
1614,71
1673,73
1497,66
1365,62
1694,72
1608,71
1474,65
1691,75
1542,66
1387,64
1430,64
1689,75
1591,70
1388,63
1663,73
1570,70
1622,71
1593,70
1689,75
1541,69
1693,75
1587,70
1610,71
1549,70
1549,67
1689,75
1689,75
1627,70
1670,73
1591,70
1566,69
1689,75
1619,73
1593,71
1600,72
1674,74
1646,72
1622,72
1529,67
1680,73
1557,69
1363,62
1705,75
1689,75
1627,72
1672,74
1632,73
1396,64
1486,66
1414,63
1540,69
1689,75
1378,62
1638,72
1330,62
1679,74
1510,68
1557,69
1550,69
1657,73
1689,75
1699,75
1540,68
1478,65
1508,68
1698,74
1536,70
1689,75
1535,68
1665,73
1663,74
1518,66
1679,74
1644,71
1638,73
1466,65
1530,70
1561,68
1689,75
1501,66
1650,72
1610,71
1622,72
1495,67
1692,74
1500,67
1609,70
1286,58
1638,73
1595,70
1622,73
1648,73
1540,67
1689,75
1689,75
1630,72
1490,66
1585,72
1668,73
1507,68
1480,66
1607,71
1435,66
1689,75
1661,74
1511,68
1657,73
1693,75
1394,63
1628,71
1538,66
1424,64
1369,64
1655,74
1488,66
1689,75
1544,69
1581,70
1572,69
1488,68
1618,71
1636,72
1689,75
1568,69
1689,75
1619,71
1474,68
1595,70
1494,66
1600,72
1604,70
1498,66
1675,74
1452,65
1604,71
1689,75
1620,72
1504,66
1664,74
1466,65
1604,71
1668,72
1697,75
1554,68
1524,68
1689,75
1689,75
1633,72
1689,75
1623,72
1564,70
1615,70
1684,74
1585,71
1644,73
1494,67
1592,71
1600,72
1689,75
1456,64
1633,71
1691,75
1699,75
1405,64
1368,62
1589,70
1689,75
1345,63
1493,67
1689,75
1653,72
1661,74
1627,72
1665,73
1518,69
1655,73
1674,74
1578,72
1707,75
1528,69
1613,72
1691,75
1289,60
1431,64
1454,65
1422,65
1671,73
1396,62
1595,70
1508,69
1527,68
1607,71
1620,73
1496,67
1689,75
1582,70
1711,75
1570,69
1625,72
1664,74
1689,75
1622,73
1483,66
1689,75
1564,70
1476,66
1572,69
1668,73
1664,73
1587,70
1537,68
1539,68
1666,74
1672,74
1574,70
1546,70
1618,72
1426,64
1459,64
1479,65
1635,72
1481,67
1336,61
1649,71
1697,75
1649,72
1632,73
1677,74
1422,65
1569,69
1623,72
1661,73
1621,71
1608,70
1505,67
1389,64
1697,75
1536,68
1689,75
1619,71
1701,75
1666,74
1618,73
1661,73
1689,75
1602,71
1612,70
1633,72
1667,74
1689,75
1336,60
1636,72
1672,74
1628,73
1419,64
1593,70
1698,74
1339,61
1608,72
1413,62
1684,74
1678,72
1372,62
1348,62
1439,65
1647,72
1540,68
1346,61
1664,73
1641,73
1379,63
1568,68
1695,75
1689,75
1689,75
1689,75
1712,74
1631,72
1534,68
1632,71
1689,75
1689,75
1687,74
1605,71
1421,64
1655,74
1518,66
1449,65
1546,69
1445,65
1603,70
1689,75
1695,75
1565,70
1689,75
1648,71
1437,64
1541,68
1597,69
1648,71
1608,71
1618,73
1639,73
1449,66
1494,67
1529,68
1528,67
1632,71
1582,70
1689,75
1534,68
1670,74
1547,68
1614,71
1587,69
1476,66
1689,75
1455,66
1540,70
1485,65
1689,75
1467,65
1628,72
1689,75
1567,68
1550,69
1689,75
1593,71
1515,67
1689,75
1667,74
1648,74
1487,67
1678,74
1425,65
1543,69
1599,72
1636,73
1675,74
1641,73
1574,70
1689,75
1392,63
1620,73
1508,67
1648,73
1561,70
1329,59
1686,74
1637,72
1506,65
1665,74
1504,69
1605,70
1605,70
1478,67
1363,63
1639,73
1689,75
1596,70
1689,75
1691,75
1689,75
1539,68
1405,65
1399,63
1676,74
1689,75
1559,69
1648,74
1574,70
1496,66
1637,73
1689,75
1499,67
1516,67
1489,66
1559,68
1615,72
1398,63
1528,69
1693,75
1619,72
1618,72
1545,70
1591,70
1602,71
1547,69
1381,63
1659,74
1697,75
1676,74
1689,75
1584,71
1693,75
1543,69
1689,75
1696,74
1487,67
1686,74
1392,62
1683,74
1689,75
1421,63
1584,70
1640,74
1580,70
1613,72
1678,74
1678,74
1429,65
1457,65
1594,72
1689,75
1596,72
1527,67
1617,73
1611,72
1476,68
1499,68
1391,63
1486,66
1644,72
1591,70
1675,74
1587,71
1577,70
1610,71
1621,72
1523,68
1431,64
1689,75
1695,75
1609,72
1506,67
1691,75
1557,71
1563,68
1653,73
1653,73
1689,75
1689,75
1593,71
1665,73
1498,66
1540,68
1483,68
1596,71
1646,74
1530,69
1565,69
1608,71
1539,68
1668,74
1661,73
1670,74
1689,75
1586,69
1643,72
1642,73
1641,72
1555,70
1689,75
1689,75
1689,75
1583,70
1462,66
1689,75
1689,75
1521,67
1697,75
1651,72
1542,67
1436,64
1659,74
1386,63
1668,73
1474,66
1642,73
1656,74
1422,65
1672,74
1450,66
1689,75
1700,74
1342,62
1559,70
1551,68
1454,63
1570,70
1461,65
1545,68
1481,65
1689,75
1520,68
1626,71
1481,67
1625,72
1612,71
1689,75
1620,72
1689,75
1564,69
1665,74
1676,74
1584,71
1699,75
1570,70
1512,67
1620,73
1652,73
1463,66
1520,68
1689,75
1490,68
1414,64
1652,73
1601,71
1638,73
1389,64
1520,66
1691,75
1645,73
1495,67
1657,74
1602,71
1433,66
1670,73
1618,71
1588,71
1544,69
1602,72
1546,67
1512,67
1601,72
1620,72
1689,75
1657,73
1617,72
1460,63
1445,66
1633,73
1398,65
1697,75
1689,75
1581,70
1624,71
1689,75
1689,75
1366,63
1678,74
1629,73
1698,74
1689,75
1494,68
1406,64
1582,69
1689,75
1678,74
1489,66
1588,71
1513,67
1550,69
1645,72
1650,73
1582,71
1628,72
1531,68
1444,64
1662,74
1618,73
1547,69
1651,72
1430,64
1545,70
1468,66
1689,75
1535,68
1652,72
1665,74
1597,70
1619,70
1490,68
1656,73
1654,73
1494,68
1689,75
1586,70
1463,66
1510,66
1596,70
1678,74
1643,73
1660,72
1646,73
1689,75
1446,65
1393,63
1505,66
1459,65
1432,64
1572,70
1449,65
1643,72
1458,65
1452,66
1709,75
1599,72
1697,75
1689,75
1557,69
1689,75
1674,74
1689,75
1372,61
1496,66
1550,70
1673,74
1597,71
1629,72
1689,75
1457,65
1689,75
1711,75
1681,74
1373,63
1373,62
1468,67
1699,75
1400,63
1661,74
1605,71
1452,64
1659,73
1404,63
1510,66
1670,74
1558,69
1520,68
1523,68
1514,66
1679,72
1397,63
1684,74
1667,73
1473,67
1665,74
1433,63
1550,69
1689,75
1667,73
1703,75
1552,69
1655,72
1656,73
1689,75
1689,75
1667,74
1539,68
1695,75
1535,67
1554,70
1689,74
1689,75
1390,63
1627,72
1580,70
1632,72
1594,70
1480,66
1440,65
1490,66
1689,75
1588,71
1402,63
1689,75
1604,71
1640,74
1510,68
1595,71
1630,72
1413,64
1490,68
1670,73
1539,68
1689,75
1580,70
1640,74
1535,68
1498,65
1655,74
1610,71
1569,69
1689,75
1693,75
1634,71
1532,68
1689,75
1705,75
1418,64
1463,66
1598,71
1504,67
1405,62
1423,65
1629,73
1535,67
1341,61
1461,66
1543,67
1583,70
1565,70
1538,68
1670,73
1479,65
1550,68
1691,75
1646,71
1630,72
1511,68
1626,71
1373,62
1390,64
1695,75
1517,67
1435,65
1479,65
1658,72
1595,71
1689,75
1689,75
1531,68
1552,68
1366,61
1547,68
1666,74
1650,71
1467,66
1689,75
1600,69
1477,66
1689,75
1701,75
1491,67
1672,72
1440,64
1426,64
1660,74
1676,74
1620,72
1689,75
1644,74
1548,68
1620,72
1642,72
1689,75
1629,73
1441,66
1603,71
1540,69
1611,73
1563,69
1555,69
1673,72
1436,64
1689,75
1689,75
1649,72
1570,68
1456,66
1693,75
1695,75
1508,68
1494,66
1673,74
1689,75
1558,69
1689,75
1468,67
1633,70
1609,72
1510,67
1687,75
1392,62
1676,74
1626,70
1589,71
1577,69
1535,68
1582,71
1453,66
1646,74
1687,75
1687,75
1462,67
1630,71
1706,74
1687,75
1505,69
1593,71
1672,74
1687,75
1485,66
1590,69
1462,65
1612,72
1700,74
1503,68
1518,67
1590,72
1566,68
1522,68
1687,75
1618,71
1440,62
1669,74
1687,75
1517,67
1687,75
1687,75
1539,69
1653,73
1462,66
1385,62
1556,70
1528,69
1629,73
1534,68
1312,62
1366,60
1455,66
1566,70
1519,67
1436,64
1300,59
1682,74
1620,70
1629,73
1570,69
1687,75
1713,75
1526,69
1408,63
1683,74
1529,67
1592,72
1704,74
1591,72
1687,75
1576,69
1549,70
1411,64
1491,65
1603,71
1650,74
1478,67
1597,69
1644,72
1669,72
1385,60
1608,71
1364,62
1508,68
1687,75
1488,66
1632,73
1659,74
1577,69
1610,72
1466,65
1542,68
1689,75
1610,71
1419,63
1517,68
1413,65
1488,67
1687,75
1601,72
1437,63
1367,63
1687,75
1540,69
1583,72
1687,75
1687,75
1478,66
1564,69
1430,63
1561,70
1538,69
1562,70
1687,75
1559,70
1527,67
1687,75
1649,73
1652,73
1689,75
1536,69
1483,68
1548,69
1659,72
1559,69
1607,72
1687,75
1670,74
1422,63
1326,61
1585,70
1709,75
1687,74
1612,72
1617,71
1471,67
1550,69
1267,59
1687,75
1659,73
1679,73
1609,72
1641,71
1339,61
1469,65
1568,68
1687,75
1598,71
1438,63
1592,70
1612,70
1662,72
1548,68
1687,75
1687,75
1686,74
1653,73
1689,74
1458,66
1551,70
1466,66
1614,70
1569,70
1621,72
1536,69
1691,75
1639,73
1653,73
1687,75
1508,68
1439,63
1668,74
1575,71
1687,75
1550,68
1607,71
1417,64
1628,72
1640,74
1621,72
1603,70
1687,75
1523,67
1628,72
1576,68
1639,73
1639,73
1655,73
1616,72
1642,74
1666,73
1652,72
1608,73
1471,66
1591,70
1687,75
1490,68
1532,67
1662,74
1687,75
1604,71
1687,75
1476,66
1629,71
1618,71
1452,65
1593,72
1605,71
1453,65
1610,72
1687,75
1449,64
1283,58
1687,75
1502,67
1451,66
1667,73
1519,67
1512,68
1526,68
1687,75
1570,69
1611,71
1687,75
1526,68
1637,73
1437,65
1347,59
1507,68
1687,75
1626,72
1490,68
1635,73
1442,65
1647,72
1584,69
1587,70
1667,74
1576,70
1521,68
1515,67
1646,74
1471,66
1588,71
1657,73
1586,70
1701,74
1687,75
1654,71
1586,71
1676,74
1524,68
1497,66
1553,70
1488,67
1676,73
1562,70
1431,63
1582,69
1687,75
1538,69
1355,60
1649,73
1420,63
1536,67
1687,75
1670,73
1601,71
1637,73
1605,72
1498,67
1373,61
1636,73
1606,71
1648,73
1628,73
1687,75
1687,75
1547,68
1574,68
1687,75
1383,63
1636,74
1641,72
1657,74
1668,73
1611,69
1604,70
1285,61
1583,70
1665,74
1456,67
1637,73
1584,69
1539,69
1697,75
1687,75
1537,68
1697,75
1454,65
1687,75
1561,69
1687,75
1564,68
1667,74
1626,72
1652,74
1389,61
1423,62
1658,72
1540,69
1504,66
1581,71
1396,63
1616,70
1531,69
1216,55
1601,72
1646,73
1687,75
1681,73
1440,62
1432,62
1671,74
1687,75
1687,75
1621,71
1687,75
1687,75
1491,65
1444,67
1416,62
1516,65
1543,68
1687,75
1693,75
1688,74
1643,72
1686,74
1476,63
1461,66
1419,64
1699,75
1656,73
1691,73
1687,75
1407,64
1645,72
1403,64
1421,63
1508,67
1625,71
1576,70
1687,75
1436,65
1668,73
1696,74
1620,73
1666,71
1670,73
1367,63
1607,71
1590,71
1634,73
1595,71
1693,75
1376,62
1642,73
1448,65
1681,72
1540,68
1502,66
1542,68
1687,75
1485,67
1689,75
1495,65
1385,61
1678,74
1638,71
1663,73
1687,75
1551,69
1361,62
1547,68
1617,69
1699,75
1697,73
1560,68
1638,71
1520,69
1463,67
1514,68
1602,70
1504,67
1627,72
1691,73
1668,73
1697,75
1667,73
1683,75
1691,75
1683,75
1635,71
1546,69
1683,75
1439,64
1422,64
1598,72
1651,73
1384,63
1532,68
1683,75
1636,73
1375,61
1455,65
1640,74
1514,67
1581,72
1524,66
1552,68
1547,68
1687,73
1526,69
1418,65
1359,60
1400,62
1641,73
1516,68
1683,75
1647,73
1567,70
1683,75
1627,72
1526,66
1462,65
1693,75
1683,75
1378,63
1683,75
1563,69
1442,63
1587,70
1623,72
1550,69
1520,68
1606,69
1664,74
1551,69
1496,66
1424,65
1614,72
1632,72
1525,68
1567,70
1670,74
1683,75
1683,75
1586,71
1512,69
1683,75
1327,62
1529,66
1687,75
1663,74
1523,68
1580,69
1584,71
1709,75
1495,66
1595,72
1518,69
1303,59
1632,73
1558,69
1570,70
1591,70
1490,68
1414,65
1479,66
1637,73
1569,69
1422,64
1530,68
1509,65
1685,75
1657,74
1539,68
1526,67
1511,67
1465,66
1638,73
1536,69
1595,70
1550,69
1695,75
1600,71
1556,69
1447,65
1420,65
1521,68
1603,72
1652,71
1683,75
1631,73
1488,67
1401,64
1642,72
1401,65
1683,75
1530,69
1500,67
1707,75
1563,71
1510,66
1556,69
1660,74
1496,67
1626,73
1572,70
1683,75
1685,75
1571,70
1443,65
1472,65
1663,73
1621,73
1676,74
1683,75
1667,74
1546,69
1677,74
1569,69
1291,60
1683,74
1410,63
1683,75
1668,74
1401,64
1620,73
1663,73
1683,75
1356,61
1591,71
1471,66
1485,65
1412,63
1649,74
1427,65
1407,64
1557,68
1638,73
1683,75
1494,64
1496,67
1473,66
1668,74
1400,64
1518,68
1533,68
1666,73
1683,75
1529,68
1660,74
1563,70
1695,75
1582,71
1661,73
1683,75
1683,75
1582,71
1637,72
1661,74
1573,70
1649,73
1683,75
1512,68
1644,74
1573,71
1664,74
1519,68
1691,75
1611,72
1637,71
1558,69
1534,67
1546,70
1593,69
1508,69
1420,65
1658,74
1402,62
1426,64
1400,62
1653,73
1523,68
1487,66
1683,75
1580,69
1683,75
1556,69
1477,66
1316,58
1442,66
1581,69
1308,59
1558,69
1545,68
1649,72
1373,61
1683,75
1629,72
1683,75
1683,75
1615,73
1652,74
1653,74
1303,59
1674,74
1522,67
1414,63
1543,70
1502,67
1571,70
1693,75
1490,65
1577,71
1683,75
1370,61
1693,75
1708,74
1448,66
1542,68
1639,73
1567,70
1666,74
1518,69
1512,68
1507,68
1480,66
1436,65
1538,67
1697,75
1657,73
1533,68
1541,68
1620,72
1454,65
1658,74
1540,66
1459,64
1592,72
1383,63
1448,66
1683,75