1468,66
1384,60
1337,63
1350,62
1459,67
1458,67
1412,64
1397,64
1412,63
1417,64
1425,66
1459,64
1504,68
1307,61
1367,65
1383,62
1545,68
1469,66
1355,61
1374,63
1429,65
1348,64
1432,67
1441,65
1405,64
1371,63
1425,67
1405,66
1558,69
1472,67
1499,67
1433,64
1461,66
1375,61
1426,64
1528,67
1484,66
1368,65
1586,69
1560,71
1540,69
1430,64
1482,65
1462,68
1334,62
1240,61
1482,63
1532,68
1304,63
1287,62
1369,63
1420,63
1319,60
1291,61
1588,71
1378,63
1422,65
1337,61
1343,63
1465,65
1314,60
1300,60
1499,66
1526,67
1249,62
1354,64
1392,62
1409,63
1483,67
1378,62
1501,64
1363,63
1421,64
1404,64
1456,64
1330,59
1328,62
1521,69
1414,62
1322,64
1363,66
1413,65
1411,61
1493,70
1411,65
1297,63
1489,69
1433,63
1374,63
1379,60
1444,68
1220,57
1372,61
1316,64
1514,67
1288,61
1578,69
1221,59
1323,61
1346,59
1411,62
1404,66
1559,73
1471,65
1296,62
1401,63
1436,64
1480,62
1448,64
1343,63
1507,71
1518,68
1512,67
1468,66
1515,68
1539,69
1454,70
1342,60
1496,70
1513,68
1581,71
1310,62
1387,64
1542,68
1362,64
1472,68
1440,68
1546,71
1409,66
1481,68
1462,64
1469,67
1404,64
1412,66
1503,67
1526,67
1566,72
1525,69
1441,65
1581,73
1469,68
1341,64
1385,64
1549,70
1364,62
1388,64
1363,62
1496,69
1522,70
1518,70
1501,70
1309,62
1390,67
1372,63
1397,65
1280,61
1393,66
1378,62
1394,65
1485,67
1383,65
1420,64
1463,68
1580,72
1392,64
1569,69
1518,69
1329,64
1348,64
1516,67
1458,66
1391,66
1398,64
1440,69
1393,62
1518,71
1465,63
1534,71
1456,64
1493,66
1616,72
1494,71
1428,66
1397,65
1376,64
1502,65
1390,64
1465,67
1516,72
1512,66
1515,65
1507,68
1435,66
1483,66
1463,67
1522,71
1366,63
1448,66
1392,63
1492,67
1395,64
1492,72
1375,61
1479,67
1531,69
1386,66
1454,63
1543,70
1398,64
1412,67
1344,64
1540,67
1483,65
1433,65
1537,69
1480,68
1549,70
1445,65
1360,63
1413,65
1377,65
1523,68
1562,68
1414,66
1294,61
1367,65
1340,62
1554,70
1508,68
1514,70
1432,65
1596,70
1466,66
1386,63
1591,70
1365,64
1280,61
1426,67
1380,62
1536,70
1481,66
1404,63
1456,66
1428,64
1513,68
1392,59
1478,64
1443,65
1417,66
1332,62
1443,66
1459,68
1427,65
1430,67
1589,72
1298,61
1484,71
1312,63
1467,66
1381,63
1395,68
1427,65
1433,67
1433,67
1474,70
1475,68
1348,63
1427,67
1363,61
1449,68
1366,63
1472,66
1319,61
1527,70
1531,66
1500,70
1326,62
1513,68
1429,62
1423,65
1451,65
1501,71
1369,63
1350,62
1423,65
1294,64
1369,65
1493,67
1390,64
1428,67
1250,59
1478,65
1339,62
1530,71
1333,64
1555,71
1546,72
1514,67
1364,63
1526,71
1474,67
1453,67
1482,68
1400,64
1432,64
1438,66
1453,68
1413,68
1373,62
1323,63
1370,64
1295,60
1510,68
1486,69
1322,61
1402,64
1545,68
1442,67
1489,67
1491,67
1396,65
1629,69
1531,70
1402,65
1274,57
1413,65
1462,67
1515,67
1406,65
1433,66
1458,62
1323,63
1504,67
1345,64
1478,68
1540,69
1526,70
1464,66
1431,65
1360,64
1335,63
1476,68
1292,60
1390,64
1488,69
1493,68
1480,68
1380,66
1371,64
1322,61
1526,69
1362,65
1416,65
1470,65
1412,65
1428,69
1381,63
1382,63
1476,66
1459,67
1376,67
1605,72
1406,65
1462,67
1350,63
1362,63
1264,63
1379,66
1538,71
1485,69
1373,64
1459,64
1381,63
1531,70
1441,67
1383,63
1539,69
1439,64
1545,67
1392,64
1422,67
1333,60
1363,64
1532,70
1460,68
1487,68
1530,68
1494,68
1413,65
1469,65
1449,63
1653,76
1410,65
1513,70
1382,63
1580,69
1398,66
1639,72
1226,58
1441,67
1537,71
1406,66
1541,70
1464,68
1447,69
1517,69
1456,65
1471,64
1529,70
1546,69
1376,64
1614,72
1476,71
1625,71
1584,73
1688,74
1528,70
1397,65
1369,62
1427,67
1423,67
1484,70
1438,66
1323,65
1478,67
1539,72
1467,67
1523,72
1498,69
1406,64
1401,68
1268,62
1491,69
1463,69
1551,69
1567,67
1565,70
1512,69
1628,71
1520,69
1642,72
1427,66
1342,60
1568,72
1596,69
1507,67
1439,66
1662,74
1434,66
1507,67
1492,66
1400,63
1394,63
1483,67
1453,64
1525,70
1420,67
1379,64
1360,67
1448,66
1372,63
1578,68
1541,69
1510,68
1541,71
1535,67
1435,70
1336,64
1445,66
1456,65
1587,71
1522,69
1422,66
1542,68
1532,70
1391,64
1446,69
1406,67
1412,68
1603,72
1477,67
1413,68
1477,69
1459,68
1335,61
1464,67
1610,72
1551,75
1554,69
1473,69
1573,72
1378,62
1483,69
1418,66
1624,75
1388,67
1473,70
1489,68
1389,66
1541,70
1392,66
1543,69
1487,70
1403,67
1342,62
1484,70
1551,71
1528,69
1360,63
1628,73
1415,65
1526,70
1516,68
1578,72
1488,68
1328,59
1488,68
1400,65
1627,72
1532,71
1498,70
1411,66
1481,69
1427,67
1430,68
1499,70
1497,71
1462,66
1321,61
1428,68
1417,66
1459,67
1409,68
1534,72
1432,63
1434,63
1477,69
1561,71
1542,70
1373,66
1501,70
1583,71
1439,67
1336,64
1551,68
1448,68
1504,64
1369,63
1453,69
1433,66
1686,73
1574,73
1577,71
1532,73
1310,61
1283,62
1340,64
1360,66
1516,67
1428,68
1325,65
1670,75
1533,70
1405,66
1439,65
1434,65
1477,72
1449,64
1417,68
1492,70
1459,69
1251,61
1537,69
1612,72
1677,75
1563,69
1558,70
1480,65
1361,60
1631,71
1598,68
1524,69
1522,66
1438,67
1493,69
1480,67
1470,66
1312,62
1454,66
1348,64
1401,66
1462,68
1665,72
1550,71
1491,67
1546,69
1304,62
1427,67
1546,72
1499,71
1349,64
1369,64
1421,67
1361,64
1517,71
1599,71
1558,71
1515,71
1473,69
1507,69
1301,60
1665,72
1547,70
1278,64
1509,71
1380,66
1435,67
1561,71
1519,72
1594,70
1682,75
1626,72
1399,66
1557,68
1482,70
1337,64
1546,71
1596,71
1524,69
1622,72
1544,71
1442,69
1422,65
1556,70
1606,73
1575,70
1514,70
1403,64
1577,71
1452,67
1525,70
1396,69
1493,69
1464,69
1525,68
1631,73
1457,70
1532,72
1266,60
1395,63
1580,70
1554,69
1478,65
1442,64
1547,70
1522,69
1406,65
1454,67
1522,70
1410,63
1480,67
1303,63
1545,69
1434,66
1474,68
1560,70
1590,73
1436,68
1395,63
1418,68
1383,64
1538,72
1651,76
1395,65
1511,69
1624,71
1645,76
1554,70
1583,72
1467,65
1523,71
1425,66
1499,70
1441,67
1572,70
1400,65
1483,69
1495,69
1545,72
1267,61
1505,69
1514,68
1587,74
1533,70
1533,69
1579,72
1428,65
1513,68
1477,69
1582,72
1607,74
1486,67
1486,67
1487,69
1388,62
1592,71
1510,69
1596,73
1595,72
1634,72
1543,68
1468,67
1458,68
1478,70
1508,68
1515,70
1431,67
1442,66
1411,65
1405,67
1356,65
1452,68
1272,60
1416,65
1487,71
1505,66
1369,64
1411,64
1381,66
1555,73
1499,69
1408,65
1426,68
1486,72
1510,68
1451,67
1635,74
1358,63
1381,64
1459,67
1627,71
1526,69
1421,69
1381,64
1415,68
1502,69
1604,70
1519,70
1578,70
1538,69
1317,66
1474,68
1620,73
1595,72
1578,72
1506,68
1593,75
1577,72
1364,64
1397,64
1513,73
1467,65
1494,70
1327,64
1459,68
1483,70
1541,68
1424,64
1513,71
1473,69
1438,68
1453,67
1448,67
1442,68
1532,71
1519,69
1511,69
1454,66
1544,67
1638,76
1463,67
1585,74
1467,67
1497,67
1393,66
1471,68
1655,73
1660,72
1340,63
1336,66
1410,67
1501,73
1615,73
1500,70
1488,69
1501,70
1483,68
1585,69
1547,70
1533,67
1476,69
1281,61
1419,67
1345,64
1507,65
1350,66
1487,66
1603,72
1250,60
1494,69
1714,74
1505,70
1307,62
1507,70
1692,75
1398,63
1526,71
1445,67
1477,66
1480,68
1576,68
1572,66
1412,66
1511,70
1666,72
1542,71
1484,72
1448,68
1438,68
1429,62
1371,65
1307,66
1484,71
1639,69
1517,68
1319,63
1469,70
1291,66
1397,66
1650,72
1520,68
1534,72
1451,67
1372,65
1497,68
1528,68
1594,71
1596,71
1658,74
1449,67
1597,72
1549,71
1471,70
1558,70
1495,69
1548,71
1543,73
1445,67
1512,70
1470,69
1625,74
1341,64
1554,71
1373,65
1521,67
1592,73
1467,66
1511,68
1659,76
1555,69
1485,69
1295,61
1452,66
1461,66
1469,68
1395,62
1394,67
1636,72
1534,68
1479,69
1497,70
1446,67
1610,73
1430,67
1493,68
1464,66
1445,66
1214,59
1466,68
1473,68
1474,67
1574,69
1333,65
1391,67
1613,72
1306,63
1364,63
1428,64
1546,71
1629,73
1481,66
1419,63
1496,70
1352,62
1466,68
1412,64
1604,72
1447,66
1603,72
1465,67
1494,68
1560,68
1349,63
1289,62
1465,68
1470,67
1542,73
1640,75
1545,71
1575,72
1355,66
1499,67
1648,75
1494,69
1479,69
1497,67
1421,65
1419,67
1523,70
1387,64
1739,77
1531,68
1456,69
1404,65
1688,76
1536,67
1467,64
1491,66
1547,70
1441,66
1533,68
1411,66
1589,70
1551,69
1568,69
1612,72
1427,65
1583,72
1510,69
1452,66
1443,65
1540,73
1513,69
1524,68
1378,64
1545,68
1552,68
1426,66
1551,72
1745,77
1520,69
1446,67
1512,70
1451,67
1445,66
1534,69
1408,65
1700,74
1514,67
1608,73
1544,70
1588,73
1610,70
1537,68
1537,71
1548,72
1604,70
1583,71
1572,73
1363,65
1457,67
1452,69
1599,72
1421,65
1656,74
1532,67
1404,62
1458,68
1515,69
1626,73
1520,67
1430,65
1422,66
1394,64
1425,65
1588,70
1582,74
1661,73
1510,67
1527,68
1627,73
1372,63
1504,71
1442,64
1468,68
1573,71
1621,71
1485,67
1607,71
1571,69
1546,69
1402,64
1398,63
1525,67
1581,72
1373,64
1406,65
1486,68
1442,65
1460,66
1570,70
1704,76
1603,72
1564,74
1569,71
1725,75
1572,71
1516,70
1481,64
1473,68
1417,62
1607,74
1536,69
1519,68
1445,64
1621,73
1508,68
1533,69
1595,69
1681,73
1398,67
1424,64
1427,67
1484,67
1426,66
1524,71
1516,67
1520,68
1416,67
1629,72
1529,68
1513,68
1656,73
1524,72
1312,64
1545,70
1535,70
1434,66
1637,73
1546,69
1632,72
1686,74
1393,68
1514,67
1573,68
1706,73
1505,67
1586,72
1485,68
1405,65
1622,73
1589,70
1659,71
1586,69
1417,63
1555,68
1570,70
1440,65
1503,67
1611,73
1494,70
1445,65
1595,67
1361,63
1704,75
1553,70
1608,70
1691,72
1698,74
1299,60
1448,70
1645,72
1535,71
1553,72
1631,74
1532,69
1510,71
1649,75
1640,72
1595,71
1605,72
1576,71
1515,67
1504,70
1500,66
1549,70
1546,68
1691,75
1432,67
1525,68
1583,70
1507,69
1471,66
1495,69
1411,66
1357,61
1636,72
1586,70
1569,72
1608,73
1582,71
1422,63
1369,62
1487,66
1503,68
1515,70
1501,68
1514,69
1556,70
1490,67
1398,65
1588,72
1591,69
1560,69
1721,71
1413,65
1392,64
1499,68
1640,72
1522,67
1608,68
1549,70
1618,73
1440,68
1457,69
1486,67
1682,75
1639,74
1287,64
1652,75
1564,72
1402,65
1340,66
1571,69
1385,64
1486,65
1598,69
1568,70
1414,65
1354,65
1445,67
1523,72
1544,68
1490,69
1645,73
1559,68
1493,68
1391,64
1370,66
1416,67
1621,71
1553,70
1496,68
1589,69
1478,68
1517,67
1574,70
1508,67
1550,68
1662,72
1479,67
1471,65
1461,65
1405,63
1639,70
1475,64
1521,70
1733,75
1417,65
1570,73
1612,72
1572,70
1576,71
1714,75
1518,69
1551,70
1583,69
1492,68
1632,74
1550,68
1488,69
1494,70
1325,63
1428,65
1457,68
1349,65
1377,63
1571,70
1502,68
1472,67
1475,67
1623,72
1498,67
1414,67
1512,70
1544,69
1566,69
1571,70
1339,62
1549,71
1629,70
1532,70
1510,68
1423,66
1546,69
1505,68
1441,66
1463,65
1463,68
1557,69
1459,64
1584,71
1467,65
1460,68
1578,68
1370,63
1634,72
1382,64
1498,68
1517,67
1586,71
1504,70
1567,70
1406,65
1465,66
1627,69
1371,65
1649,72
1463,64
1508,70
1473,69
1583,72
1376,63
1417,67
1573,70
1431,64
1522,68
1496,69
1355,63
1374,64
1613,73
1496,67
1448,64
1583,69
1225,60
1525,68
1531,69
1593,68
1510,66
1549,70
1588,72
1393,64
1685,74
1612,66
1495,67
1627,69
1374,64
1407,64
1485,65
1551,69
1459,66
1609,71
1513,67
1542,65
1584,72
1582,70
1585,68
1540,67
1540,69
1478,67
1455,68
1615,73
1362,63
1443,65
1380,65
1461,65
1519,69
1519,70
1639,74
1392,66
1543,68
1306,64
1456,66
1747,76
1446,67
1460,64
1419,63
1462,62
1561,71
1525,69
1699,73
1617,74
1532,68
1270,61
1642,72
1525,70
1670,73
1446,66
1706,76
1485,66
1667,71
1491,68
1580,71
1308,61
1510,69
1486,68
1344,62
1559,66
1420,63
1583,70
1324,64
1501,68
1376,65
1518,70
1657,72
1494,67
1517,67
1565,70
1445,67
1507,70
1442,65
1539,70
1562,68
1476,67
1591,71
1662,70
1661,74
1512,69
1597,71
1480,66
1332,62
1686,75
1404,65
1503,67
1550,69
1386,64
1656,72
1569,71
1560,68
1622,73
1542,70
1473,69
1497,68
1547,69
1597,70
1414,64
1647,75
1502,69
1582,72
1503,66
1499,67
1492,67
1406,66
1597,70
1194,62
1538,69
1400,67
1532,69
1385,62
1639,71
1443,65
1511,67
1484,65
1465,66
1612,73
1546,69
1551,72
1491,71
1574,72
1412,64
1442,68
1607,71
1351,64
1442,67
1652,74
1676,73
1672,71
1636,74
1546,68
1434,64
1445,63
1495,67
1646,72
1653,73
1451,65
1413,66
1490,67
1562,70
1329,63
1505,69
1525,71
1412,67
1544,70
1577,69
1522,66
1477,65
1410,64
1568,71
1695,75
1546,67
1397,66
1519,67
1335,62
1644,71
1525,69
1302,61
1422,63
1554,72
1489,71
1450,69
1549,71
1498,69
1317,62
1589,69
1435,63
1522,68
1656,74
1637,73
1493,67
1587,69
1428,64
1456,67
1392,63
1533,67
1541,68
1468,68
1374,64
1606,70
1507,69
1492,67
1538,70
1624,70
1527,68
1526,66
1624,70
1455,66
1428,65
1357,63
1360,62
1422,66
1534,71
1503,66
1490,68
1394,65
1357,63
1559,68
1557,71
1439,64
1588,69
1493,68
1450,66
1594,70
1535,66
1577,71
1246,63
1538,68
1594,68
1584,72
1585,70
1493,67
1480,66
1308,62
1463,66
1586,68
1493,68
1468,68
1559,72
1681,74
1582,72
1502,68
1499,72
1511,67
1521,68
1478,69
1474,67
1516,70
1516,68
1399,64
1593,73
1514,67
1667,70
1560,68
1540,71
1484,68
1453,68
1465,67
1555,72
1581,72
1556,67
1422,64
1566,71
1499,70
1424,63
1562,70
1393,64
1681,72
1643,71
1404,64
1527,70
1475,67
1633,73
1561,68
1486,67
1415,64
1544,70
1447,66
1498,66
1417,65
1336,63
1424,64
1552,69
1522,68
1587,71
1510,69
1595,68
1562,72
1360,61
1573,69
1411,65
1675,76
1412,64
1631,72
1538,69
1448,65
1585,73
1455,66
1630,71
1526,73
1554,72
1415,66
1453,66
1537,68
1567,71
1552,66
1579,68
1611,71
1468,66
1548,70
1375,64
1482,69
1478,69
1629,72
1389,62
1528,70
1483,70
1454,66
1315,63
1660,73
1402,67
1295,59
1644,75
1516,68
1479,69
1509,69
1543,71
1576,70
1414,63
1526,67
1361,63
1633,74
1502,65
1348,66
1518,71
1731,75
1566,69
1490,68
1466,68
1559,68
1690,74
1642,74
1624,71
1342,63
1563,72
1515,69
1575,72
1547,68
1498,65
1657,73
1383,65
1573,71
1608,72
1355,62
1537,68
1409,66
1391,64
1620,70
1588,70
1493,68
1488,68
1444,68
1367,65
1504,67
1436,67
1613,74
1350,63
1615,73
1543,70
1410,62
1429,67
1431,68
1481,67
1594,70
1350,63
1421,67
1528,67
1513,70
1632,72
1477,67
1461,69
1588,69
1558,71
1362,65
1494,67
1445,66
1488,70
1358,63
1406,65
1343,63
1497,70
1432,65
1540,68
1411,63
1451,64
1318,63
1741,75
1535,72
1208,57
1620,71
1371,64
1377,65
1539,70
1615,71
1440,66
1594,70
1455,65
1550,69
1462,66
1567,70
1563,67
1544,68
1488,65
1355,65
1487,66
1538,69
1536,65
1678,71
1574,73
1462,67
1417,67
1655,72
1566,67
1585,69
1529,70
1459,65
1663,75
1438,65
1409,66
1476,69
1686,74
1534,69
1477,66
1712,77
1508,69
1336,63
1679,70
1535,68
1498,67
1524,70
1483,70
1419,68
1425,63
1525,68
1475,68
1514,69
1706,72
1515,70
1468,65
1535,70
1507,71
1499,70
1484,66
1366,61
1450,66
1472,70
1549,68
1625,72
1511,70
1505,70
1610,72
1544,71
1531,70
1443,67
1546,70
1472,65
1433,68
1495,66
1477,68
1444,68
1469,67
1386,67
1491,69
1509,67
1506,69
1603,71
1616,70
1476,66
1519,68
1460,67
1464,66
1453,67
1504,68
1455,69
1495,66
1742,73
1578,70
1681,77
1457,67
1589,73
1433,66
1386,66
1370,64
1447,66
1292,62
1402,66
1477,66
1475,69
1342,63
1352,65
1314,63
1452,67
1419,65
1449,65
1468,65
1470,68
1607,70
1409,66
1547,70
1408,64
1438,67
1370,67
1426,70
1583,72
1530,70
1541,70
1466,70
1419,66
1488,69
1563,70
1419,66
1419,67
1445,66
1347,63
1493,69
1414,66
1494,70
1472,67
1598,72
1484,67
1627,72
1483,68
1492,66
1383,67
1524,70
1528,71
1403,64
1509,70
1507,67
1441,67
1583,72
1481,68
1580,68
1436,67
1307,61
1510,67
1526,70
1369,66
1417,65
1480,69
1400,63
1389,63
1588,70
1480,68
1305,61
1562,71
1462,66
1418,64
1333,64
1440,69
1409,64
1453,69
1456,66
1294,61
1483,65
1279,63
1504,70
1617,72
1306,63
1620,72
1388,66
1504,69
1462,68
1558,69
1532,69
1344,62
1545,72
1465,68
1421,64
1489,65
1484,67
1386,65
1400,67
1534,70
1612,73
1575,72
1566,70
1518,72
1471,68
1561,71
1422,67
1408,67
1615,73
1504,67
1422,66
1564,70
1491,69
1503,67
1530,70
1315,62
1377,65
1478,66
1489,67
1376,63
1590,72
1333,64
1535,71
1546,70
1381,66
1573,73
1478,68
1354,63
1413,68
1561,68
1560,68
1443,67
1400,64
1399,65
1306,61
1414,64
1494,69
1441,66
1277,62
1361,65
1432,67
1496,68
1588,72
1422,68
1509,69
1492,67
1615,71
1469,68
1659,74
1591,71
1409,66
1540,68
1346,64
1522,69
1392,65
1416,65
1363,63
1547,71
1313,62
1511,69
1312,64
1377,65
1580,70
1455,68
1430,66
1589,67
1712,75
1485,69
1504,68
1421,65
1669,75
1501,70
1611,73
1579,72
1443,68
1456,67
1485,69
1478,66
1469,67
1531,70
1274,62
1409,67
1611,71
1470,69
1376,66
1460,68
1316,64
1615,74
1467,68
1504,69
1618,72
1477,67
1387,66
1384,63
1505,70
1438,68
1577,69
1449,64
1569,69
1567,69
1531,66
1505,69
1548,71
1469,66
1476,69
1382,63
1706,77
1543,67
1433,67
1443,66
1364,63
1458,69
1508,69
1431,66
1396,66
1573,68
1448,68
1447,66
1502,69
1477,67
1492,65
1560,71
1418,64
1408,64
1442,65
1238,60
1566,70
1269,60
1579,72
1543,69
1510,68
1554,71
1575,70
1478,68
1588,71
1445,66
1547,69
1517,69
1400,64
1607,75
1610,72
1423,65
1415,67
1365,62
1494,70
1422,65
1424,67
1520,69
1500,69
1427,67
1496,67
1463,69
1423,68
1622,73
1353,64
1421,67
1277,62
1564,72
1557,69
1332,63
1398,66
1528,70
1598,67
1461,67
1474,68
1495,69
1297,62
1403,64
1496,69
1475,69
1400,65
1412,66
1384,65
1396,67
1452,64
1434,66
1564,70
1687,76
1390,66
1501,68
1370,64
1368,67
1499,71
1541,69
1453,70
1364,65
1540,70
1571,69
1390,64
1560,71
1483,68
1389,66
1451,68
1464,66
1351,66
1409,68
1521,71
1588,71
1471,66
1525,67
1513,68
1685,73
1324,61
1615,72
1314,62
1508,69
1507,72
1527,70
1460,67
1475,63
1406,66
1427,66
1464,67
1436,66
1508,69
1532,67
1475,69
1393,66
1620,73
1463,66
1398,64
1518,70
1518,68
1630,72
1545,72
1390,64
1559,70
1492,66
1557,70
1494,69
1432,65
1389,63
1684,71
1455,70
1509,68
1478,68
1459,70
1481,69
1519,67
1358,65
1497,68
1361,64
1278,64
1429,64
1429,66
1482,70
1447,65
1421,68
1493,69
1395,67
1462,66
1536,67
1526,69
1450,68
1443,66
1609,72
1584,71
1399,66
1461,66
1543,69
1533,68
1340,65
1418,67
1300,63
1463,65
1530,69
1448,67
1597,71
1513,68
1291,63
1425,65
1458,68
1463,68
1518,68
1364,64
1327,63
1462,66
1484,66
1433,68
1523,69
1350,62
1490,69
1441,70
1542,69
1421,66
1543,70
1625,73
1512,68
1347,65
1524,68
1543,71
1471,66
1617,73
1462,66
1505,70
1447,68
1608,73
1579,73
1569,72
1546,72
1421,65
1490,65
1320,62
1374,67
1478,66
1624,72
1487,69
1431,66
1569,72
1392,63
1317,61
1501,64
1474,67
1406,67
1436,64
1494,69
1473,67
1404,67
1448,66
1416,68
1412,67
1517,70
1387,62
1595,71
1391,65
1380,64
1553,70
1535,72
1550,71
1408,64
1607,74
1492,68
1455,68
1517,69
1556,69
1458,66
1510,69
1545,72
1425,66
1321,66
1526,73
1586,70
1524,66
1388,63
1685,73
1476,65
1511,66
1567,71
1493,70
1585,72
1614,72
1436,66
1505,70
1421,66
1372,65
1382,64
1310,63
1490,70
1448,67
1460,67
1459,69
1590,71
1474,67
1445,66
1410,65
1548,68
1395,65
1573,70
1527,70
1449,64
1408,67
1398,65
1219,61
1600,71
1487,69
1465,67
1516,69
1477,67
1472,67
1432,67
1543,69
1442,66
1399,65
1575,70
1471,69
1416,67
1533,70
1436,70
1504,69
1409,68
1615,73
1508,69
1505,69
1527,72
1551,70
1554,71
1725,75
1464,66
1395,63
1408,66
1427,66
1508,69
1486,69
1513,70
1569,70
1409,66
1579,70
1469,69
1530,69
1517,67
1399,65
1444,67
1523,66
1441,68
1567,68
1512,68
1419,62
1445,65
1460,68
1482,68
1386,66
1478,70
1576,70
1307,63
1477,68
1378,65
1624,73
1410,65
1507,69
1489,68
1667,76
1475,66
1342,63
1423,69
1492,67
1376,64
1513,67
1351,61
1620,73
1386,65
1496,67
1311,61
1540,71
1397,68
1281,60
1452,66
1330,65
1383,65
1396,67
1468,70
1411,63
1437,66
1467,68
1538,67
1548,74
1500,69
1506,68
1459,67
1500,67
1576,69
1498,67
1530,70
1370,64
1363,65
1563,72
1588,72
1517,68
1374,66
1507,71
1389,62
1520,70
1324,62
1226,60
1480,67
1361,62
1425,66
1526,69
1576,68
1349,65
1451,68
1393,64
1491,68
1433,66
1386,64
1610,70
1490,69
1430,66
1254,59
1467,67
1527,69
1303,61
1588,72
1475,66
1370,66
1330,63
1453,68
1435,66
1640,73
1369,64
1512,69
1425,66
1593,69
1401,66
1577,71
1491,68
1520,69
1499,69
1508,67
1512,68
1401,66
1440,67
1484,73
1601,73
1508,66
1377,66
1602,71
1503,69
1388,63
1513,71
1349,64
1322,65
1464,66
1427,66
1527,69
1490,68
1520,67
1399,66
1578,73
1515,68
1441,63
1541,67
1548,73
1450,65
1385,64
1547,71
1529,68
1500,71
1577,70
1468,68
1457,71
1326,62
1413,68
1470,66
1620,73
1612,72
1579,72
1454,68
1495,67
1510,70
1497,68
1484,69
1356,66
1478,67
1566,73
1441,65
1620,72
1518,66
1561,70
1476,67
1596,72
1449,68
1720,74
1512,71
1285,63
1533,72
1499,71
1290,64
1417,65
1424,65
1713,71
1553,71
1515,69
1455,70
1447,68
1472,65
1537,68
1367,63
1464,69
1658,75
1479,68
1476,68
1454,67
1569,69
1295,64
1466,67
1466,64
1426,68
1474,69
1405,66
1473,69
1442,67
1420,66
1433,66
1704,77
1563,70
1510,66
1580,70
1583,72
1305,63
1414,68
1553,70
1489,68
1589,70
1387,67
1515,71
1426,66
1427,65
1470,69
1558,71
1500,72
1343,67
1404,66
1518,67
1356,65
1297,61
1642,74
1334,64
1571,72
1514,70
1445,70
1461,66
1420,65
1529,69
1380,64
1456,65
1418,66
1372,64
1375,65
1535,67
1475,68
1345,66
1683,77
1538,69
1639,72
1566,71
1566,72
1480,65
1347,65
1495,68
1359,61
1455,65
1379,63
1291,64
1623,74
1339,63
1498,68
1444,65
1481,69
1545,69
1460,67
1497,66
1405,67
1540,73
1342,65
1553,72
1427,66
1484,68
1593,73
1480,67
1328,65
1486,68
1519,72
1380,66
1507,68
1344,66
1467,67
1496,68
1389,65
1582,69
1503,70
1489,68
1498,67
1641,72
1447,71
1416,67
1439,66
1345,64
1565,71
1438,68
1463,68
1395,64
1469,66
1678,71
1548,73
1641,71
1470,68
1417,66
1427,66
1527,69
1549,68
1475,67
1353,61
1427,67
1496,69
1350,64
1499,69
1497,69
1544,67
1566,71
1491,69
1356,63
1441,68
1426,66
1621,73
1288,61
1411,66
1732,75
1377,63
1758,76
1491,69
1407,65
1398,64
1480,67
1542,71
1561,72
1611,72
1467,69
1615,71
1315,65
1587,72
1470,64
1460,65
1483,68
1630,74
1248,62
1407,66
1477,66
1301,61
1457,65
1498,69
1397,63
1632,71
1459,67
1513,70
1477,65
1450,70
1520,67
1565,71
1496,64
1555,69
1401,66
1394,64
1532,67
1460,69
1466,65
1409,67
1455,68
1438,65
1537,68
1442,68
1477,70
1570,72
1527,66
1451,68
1529,72
1538,67
1352,67
1613,71
1450,63
1415,68
1544,69
1517,68
1479,68
1399,65
1606,72
1386,63
1410,68
1502,65
1391,64
1403,66
1363,66
1514,70
1540,66
1452,68
1503,69
1430,65
1422,64
1587,70
1398,66
1417,62
1464,67
1342,61
1544,67
1379,66
1491,68
1455,67
1628,70
1489,70
1487,67
1450,66
1416,65
1430,66
1647,74
1426,65
1471,68
1376,65
1349,64
1450,65
1571,71
1459,70
1571,71
1576,70
1190,61
1605,74
1390,66
1560,69
1478,68
1635,70
1586,75
1382,67
1489,68
1481,68
1626,71
1459,66
1509,66
1464,69
1353,65
1384,66
1585,73
1429,65
1498,70
1457,67
1437,66
1454,65
1604,70
1433,66
1450,66
1330,65
1537,69
1478,69
1326,62
1513,70
1554,69
1361,62
1486,67
1349,64
1453,68
1444,69
1449,66
1518,69
1426,64
1572,71
1346,62
1427,68
1639,76
1527,70
1571,70
1352,60
1460,66
1399,64
1485,69
1455,68
1337,63
1545,68
1410,65
1412,67
1312,64
1346,67
1388,67
1460,70
1434,64
1430,63
1417,68
1380,63
1649,73
1337,65
1419,65
1494,68
1513,71
1438,66
1500,69
1466,67
1565,70
1485,68
1361,63
1376,64
1554,69
1475,69
1416,66
1517,69
1473,70
1553,72
1636,74
1338,65
1467,69
1523,73
1416,66
1485,68
1477,69
1521,68
1620,72
1427,66
1366,65
1450,67
1456,69
1501,67
1490,67
1378,65
1595,71
1461,67
1412,67
1551,69
1369,64
1516,69
1452,65
1367,64
1438,67
1440,67
1389,66
1454,66
1450,68
1337,64
1491,69
1524,69
1455,68
1622,72
1444,69
1301,64
1431,66
1468,68
1515,66
1547,70
1478,68
1495,67
1412,68
1555,69
1347,63
1595,69
1496,69
1525,71
1446,66
1487,67
1406,65
1367,66
1422,67
1306,64
1616,69
1500,68
1571,72
1576,72
1414,66
1208,56
1418,68
1507,69
1408,66
1685,74
1489,68
1456,66
1342,62
1480,69
1409,66
1525,71
1398,66
1301,63
1433,67
1623,71
1579,72
1561,73
1589,70
1565,70
1520,70
1471,66
1452,66
1469,68
1501,68
1606,74
1551,68
1671,71
1435,63
1383,64
1603,72
1517,68
1502,68
1552,70
1421,68
1554,71
1435,65
1499,69
1435,66
1471,68
1403,66
1530,71
1493,69
1518,69
1611,69
1592,70
1468,69
1403,69
1451,66
1618,74
1545,72
1404,64
1451,68
1559,70
1366,64
1441,66
1483,68
1676,75
1550,71
1621,71
1462,65
1421,67
1543,72
1574,69
1407,63
1394,63
1393,64
1468,68
1508,68
1353,65
1424,68
1551,69
1405,66
1582,69
1528,66
1445,69
1363,63
1359,66
1417,67
1525,70
1372,66
1567,71
1610,71
1466,70
1397,65
1419,66
1459,65
1332,63
1354,65
1569,70
1436,68
1487,71
1426,69
1506,68
1550,71
1529,70
1533,70
1381,66
1428,67
1365,64
1327,65
1416,66
1547,71
1509,71
1432,67
1554,70
1473,69
1455,65
1430,66
1542,70
1565,70
1486,67
1477,66
1372,64
1486,69
1543,70
1444,66
1622,70
1505,69
1369,64
1444,67
1446,66
1413,66
1496,69
1616,74
1417,65
1508,66
1575,70
1455,66
1445,67
1403,65
1475,69
1380,65
1337,62
1516,67
1443,65
1594,72
1471,68
1571,69
1493,68
1487,66
1508,68
1545,69
1546,70
1583,72
1468,67
1416,65
1419,65
1441,68
1507,71
1510,67
1473,66
1207,60
1415,65
1462,67
1487,68
1354,66
1501,68
1370,66
1593,72
1516,70
1453,67
1533,71
1514,69
1478,68
1480,68
1352,64
1392,67
1361,64
1422,67
1548,67
1582,71
1422,67
1501,67
1305,59
1445,67
1438,68
1529,69
1395,63
1467,67
1361,63
1485,70
1388,66
1451,62
1410,66
1456,68
1505,67
1612,73
1573,69
1523,69
1428,66
1632,75
1436,67
1460,67
1231,60
1319,61
1518,67
1276,61
1337,63
1514,68
1685,75
1459,69
1566,68
1480,67
1367,64
1496,69
1612,71
1525,68
1430,63
1488,67
1287,65
1593,70
1564,69
1591,69
1297,62
1397,67
1469,69
1443,67
1359,65
1484,69
1457,65
1444,66
1408,66
1415,66
1549,70
1509,68
1375,64
1590,73
1546,71
1361,63
1552,71
1433,68
1498,69
1497,70
1513,67
1449,68
1499,69
1430,64
1526,69
1493,68
1318,65
1487,68
1504,70
1365,65
1321,63
1511,70
1404,64
1523,68
1469,67
1433,68
1472,69
1346,63
1236,62
1411,63
1302,63
1425,66
1487,67
1559,67
1399,67
1506,69
1611,73
1467,68
1443,65
1375,65
1445,66
1373,64
1506,69
1423,64
1543,69
1409,65
1433,66
1514,70
1525,67
1629,73
1433,65
1546,71
1504,72
1492,69
1622,72
1306,60
1432,64
1399,67
1499,66
1575,71
1447,67
1413,65
1422,67
1567,72
1605,70
1232,62
1543,69
1503,66
1446,69
1496,67
1454,68
1344,62
1387,67
1522,70
1426,62
1516,70
1487,69
1496,71
1479,67
1511,68
1369,66
1336,65
1504,69
1533,65
1465,70
1481,69
1672,73
1590,71
1469,67
1478,70
1384,63
1618,73
1347,65
1626,73
1250,60
1683,77
1461,66
1496,69
1440,67
1509,69
1564,67
1405,67
1501,70
1539,70
1350,67
1531,69
1357,63
1498,68
1618,71
1585,72
1455,66
1488,67
1347,65
1525,68
1467,69
1614,72
1444,65
1557,69
1339,67
1298,63
1620,71
1563,71
1431,63
1326,63
1367,63
1285,62
1458,67
1421,66
1425,65
1603,71
1515,71
1556,70
1436,67
1447,65
1396,67
1460,64
1425,66
1557,69
1525,71
1531,68
1509,68
1414,67
1368,64
1465,68
1484,70
1586,70
1309,63
1352,63
1423,67
1491,69
1570,72
1370,67
1525,70
1467,69
1622,71
1401,67
1467,70
1574,73
1386,67
1496,66
1609,72
1560,67
1496,69
1491,68
1513,72
1505,69
1445,67
1456,66
1469,67
1496,67
1297,63
1507,69
1424,67
1640,72
1547,71
1617,72
1423,67
1480,67
1488,67
1552,68
1517,71
1420,65
1513,67
1414,66
1475,66
1620,71
1506,67
1342,64
1487,70
1598,72
1513,67
1699,76
1454,70
1453,67
1458,70
1699,71
1354,65
1421,66
1396,66
1362,66
1426,68
1467,68
1471,68
1512,69
1365,66
1264,65
1355,67
1387,65
1307,63
1461,69
1613,72
1487,68
1440,67
1529,71
1344,62
1382,65
1617,70
1511,68
1628,73
1526,69
1334,64
1473,67
1254,60
1364,62
1327,59
1438,67
1497,66
1559,69
1409,65
1309,63
1429,66
1553,71
1449,70
1421,67
1541,70
1483,69
1669,72
1475,66
1489,69
1427,65
1502,67
1515,68
1627,72
1457,65
1453,67
1413,69
1410,65
1449,67
1423,66
1321,65
1345,65
1613,72
1569,72
1523,70
1427,67
1312,60
1409,63
1411,67
1458,64
1397,67
1517,69
1589,73
1336,63
1372,66
1393,67
1416,66
1434,66
1298,64
1477,68
1478,68
1576,71
1356,65
1593,69
1474,67
1475,68
1371,67
1428,66
1351,64
1546,67
1498,70
1385,65
1451,65
1506,67
1413,64
1609,71
1590,70
1530,68
1426,68
1440,66
1350,64
1493,67
1478,69
1553,70
1363,64
1534,71
1511,68
1450,64
1510,68
1439,69
1673,76
1216,60
1567,69
1359,65
1542,68
1564,72
1484,71
1446,65
1446,69
1494,68
1449,66
1464,69
1356,64
1473,66
1449,67
1463,69
1311,63
1375,67
1486,68
1360,63
1404,66
1386,65
1310,63
1539,68
1371,63
1352,67
1579,72
1393,66
1499,69
1487,68
1364,65
1516,68
1420,65
1490,66
1546,69
1402,67
1519,71
1423,69
1602,72
1603,69
1617,72
1539,70
1390,67
1628,72
1422,67
1474,67
1403,64
1433,67
1529,72
1511,72
1457,67
1398,65
1513,69
1452,67
1382,67
1422,68
1487,69
1482,68
1519,68
1609,70
1346,65
1414,66
1550,68
1606,71
1394,68
1523,70
1457,67
1449,67
1348,62
1361,64
1467,67
1569,69
1455,66
1476,68
1539,68
1496,67
1512,69
1457,69
1570,69
1597,71
1461,64
1472,69
1356,64
1330,61
1501,67
1449,65
1449,66
1389,67
1397,64
1461,66
1630,75
1391,66
1417,65
1528,70
1369,64
1586,70
1666,72
1371,63
1411,66
1532,68
1316,61
1565,70
1406,63
1429,66
1373,65
1438,66
1453,69
1550,71
1423,66
1398,64
1520,69
1507,68
1547,71
1533,70
1548,69
1456,67
1628,70
1525,69
1456,68
1545,71
1468,66
1527,68
1566,70
1403,63
1597,70
1514,67
1480,69
1466,65
1348,60
1461,67
1428,66
1408,66
1531,66
1476,67
1530,70
1517,66
1577,72
1656,72
1565,72
1506,69
1437,69
1355,63
1442,67
1590,73
1422,66
1395,64
1453,68
1521,66
1702,74
1392,66
1517,69
1650,72
1457,67
1577,69
1460,66
1515,69
1323,64
1444,69
1506,71
1674,73
1539,72
1568,68
1373,63
1595,68
1414,64
1490,64
1408,64
1611,70
1512,72
1541,69
1608,71
1559,70
1510,69
1371,65
1609,71
1489,67
1436,66
1396,67
1383,64
1442,67
1422,68
1322,63
1340,64
1389,65
1566,67
1683,76
1412,67
1382,67
1637,73
1378,65
1369,65
1526,71
1394,66
1493,69
1462,67
1468,64
1405,68
1563,69
1454,66
1477,69
1436,63
1326,62
1286,63
1428,67
1424,65
1513,66
1471,65
1344,60
1486,66
1287,61
1457,64
1419,65
1469,67
1481,68
1440,67
1496,69
1396,64
1404,66
1510,69
1437,66
1514,69
1416,66
1505,67
1370,62
1475,69
1530,70
1662,76
1406,64
1534,70
1480,64
1545,68
1389,65
1463,65
1504,71
1461,69
1309,64
1528,69
1514,68
1394,66
1441,65
1398,67
1564,70
1604,70
1440,68
1598,72
1406,67
1291,62
1602,70
1471,69
1546,69
1398,68
1572,67
1581,70
1489,68
1506,65
1427,68
1563,73
1373,67
1447,68
1556,71
1608,69
1583,71
1477,68
1604,74
1429,66
1547,71
1621,70
1540,67
1555,71
1403,61
1491,68
1415,68
1501,69
1499,69
1461,68
1326,62
1579,69
1422,65
1405,68
1413,62
1568,72
1395,65
1514,68
1483,65
1466,66
1493,70
1407,67
1471,68
1479,67
1626,73
1508,69
1431,65
1345,66
1423,66
1528,67
1594,73
1551,71
1440,67
1512,65
1436,66
1517,67
1269,62
1472,65
1491,67
1537,69
1497,67
1629,73
1391,64
1431,66
1475,67
1551,68
1465,68
1371,67
1476,67
1531,69
1528,68
1510,72
1546,69
1367,64
1477,69
1413,68
1405,67
1554,71
1335,65
1365,66
1507,69
1529,69
1471,66
1592,71
1374,65
1361,66
1521,68
1469,67
1460,68
1385,68
1232,63
1423,67
1441,66
1583,69
1614,74
1428,66
1411,66
1467,68
1602,69
1516,68
1339,62
1379,63
1359,64
1502,67
1585,69
1581,70
1532,70
1528,70
1526,69
1430,67
1438,69
1527,69
1398,63
1458,65
1458,68
1444,66
1567,73
1521,67
1581,71
1542,68
1536,67
1453,66
1488,69
1413,67
1540,71
1486,69
1504,68
1529,69
1537,66
1547,70
1374,66
1565,70
1538,66
1390,64
1370,65
1536,68
1432,68
1438,65
1553,69
1529,69
1594,71
1466,68
1465,68
1673,73
1311,62
1303,63
1588,71
1376,64
1450,68
1509,70
1417,63
1404,67
1314,64
1418,64
1555,70
1640,72
1621,72
1525,69
1428,65
1391,65
1378,63
1645,75
1440,67
1560,71
1470,68
1483,67
1369,63
1434,66
1486,67
1545,67
1385,65
1244,61
1590,71
1297,62
1426,66
1486,68
1472,66
1434,67
1380,65
1579,69
1530,70
1553,69
1681,74
1515,69
1502,70
1625,73
1359,65
1355,65
1373,65
1451,64
1449,66
1526,71
1467,66
1318,63
1561,70
1457,67
1379,66
1364,64
1441,69
1559,71
1463,69
1237,61
1512,71
1328,62
1535,72
1556,73
1467,69
1387,64
1584,73
1511,71
1552,72
1470,68
1351,64
1417,66
1638,75
1404,66
1593,73
1647,74
1504,72
1600,69
1400,67
1378,64
1497,69
1456,65
1644,74
1500,70
1628,73
1427,67
1538,70
1480,69
1589,71
1422,64
1437,67
1365,66
1453,68
1677,74
1370,66
1568,70
1487,70
1460,66
1394,65
1431,67
1536,69
1520,71
1671,73
1407,64
1314,66
1581,69
1432,66
1583,69
1437,66
1325,64
1472,70
1328,63
1452,67
1647,73
1280,64
1450,67
1434,67
1504,69
1430,67
1474,67
1424,65
1410,65
1609,74
1481,67
1532,72
1492,70
1403,64
1686,73
1501,67
1418,68
1389,62
1414,67
1415,65
1488,67
1403,65
1470,66
1473,68
1333,63
1393,64
1459,69
1463,70
1607,73
1513,71
1368,66
1427,66
1522,70
1436,65
1399,64
1392,64
1519,67
1455,66
1657,70
1567,72
1470,67
1663,72
1356,61
1493,71
1207,60
1542,67
1345,64
1547,70
1414,67
1489,70
1470,67
1532,70
1600,72
1555,71
1518,70
1593,71
1458,66
1495,67
1497,69
1525,70
1417,68
1318,63
1425,66
1383,65
1535,69
1373,65
1505,69
1271,60
1445,66
1569,71
1424,67
1664,75
1343,63
1394,65
1410,65
1565,69
1467,69
1458,67
1553,70
1388,66
1590,70
1666,76
1395,62
1393,66
1488,68
1355,63
1339,62
1475,67
1551,69
1594,68
1476,67
1462,68
1455,66
1604,72
1508,66
1424,66
1465,66
1390,68
1468,66
1692,73
1414,65
1444,69
1441,65
1448,65
1567,69
1363,63
1676,74
1414,65
1448,69
1274,64
1402,66
1582,70
1479,63
1567,73
1362,63
1451,68
1304,65
1456,68
1644,75
1502,68
1424,63
1371,66
1396,67
1414,67
1555,68
1314,65
1336,62
1453,67
1571,69
1441,67
1392,68
1452,68
1429,64
1477,69
1522,69
1529,69
1375,66
1591,74
1535,70
1407,67
1457,68
1477,67
1470,70
1411,68
1578,71
1609,73
1519,65
1421,65
1490,69
1399,63
1482,68
1288,63
1414,66
1563,69
1458,66
1393,64
1623,75
1455,68
1525,72
1575,69
1367,66
1406,65
1415,67
1470,71
1398,63
1546,67
1368,64
1294,65
1595,74
1401,64
1338,63
1334,66
1362,65
1539,71
1417,64
1444,69
1434,65
1464,66
1600,69
1422,66
1517,69
1408,66
1443,67
1501,69
1512,66
1375,63
1520,69
1612,72
1467,65
1398,64
1471,70
1490,70
1361,61
1471,68
1515,68
1449,67
1681,74
1402,65
1575,68
1500,66
1594,68
1592,73
1555,72
1460,63
1625,71
1422,64
1530,69
1514,68
1576,69
1529,69
1380,65
1510,69
1528,69
1581,72
1510,68
1562,69
1425,68
1539,71
1499,67
1291,65
1637,76
1407,65
1549,71
1573,71
1497,69
1371,68
1524,70
1517,68
1328,64
1485,69
1359,64
1394,66
1304,62
1473,66
1401,66
1510,68
1504,70
1375,67
1520,69
1417,65
1300,60
1510,71
1361,64
1695,73
1382,66
1550,69
1510,69
1598,68
1505,69
1531,69
1428,67
1327,67
1637,72
1503,68
1356,61
1333,65
1528,69
1363,63
1354,65
1401,66
1473,67
1594,68
1422,65
1439,69
1521,70
1575,66
1634,72
1566,72
1541,72
1547,70
1486,67
1472,67
1441,67
1476,67
1404,67
1406,64
1500,70
1470,68
1350,64
1499,69
1571,72
1474,69
1495,66
1338,63
1559,72
1538,70
1338,61
1582,70
1354,63
1510,70
1585,74
1511,69
1530,67
1432,67
1520,71
1438,68
1571,72
1366,63
1594,70
1426,68
1517,71
1510,66
1268,63
1500,67
1456,68
1449,65
1516,72
1589,72
1432,65
1553,72
1485,66
1489,68
1550,70
1367,64
1564,73
1450,69
1495,66
1408,66
1463,67
1350,63
1489,69
1494,67
1441,68
1386,63
1519,68
1438,69
1647,71
1471,69
1598,70
1514,70
1588,73
1542,71
1460,66
1462,66
1427,67
1375,64
1462,69
1379,65
1640,72
1335,63
1508,66
1328,63
1468,70
1522,69
1455,64
1443,65
1486,69
1566,66
1438,65
1329,63
1499,68
1477,69
1367,65
1445,68
1311,63
1348,66
1571,72
1499,69
1510,71
1606,73
1495,69
1535,71
1642,75
1583,73
1539,68
1452,65
1346,64
1359,65
1552,71
1501,69
1505,68
1560,70
1433,67
1513,68
1435,65
1506,69
1565,69
1624,71
1388,64
1391,67
1530,70
1430,63
1352,65
1382,64
1381,66
1343,62
1641,75
1520,71
1434,63
1481,68
1586,72
1393,62
1665,73
1486,67
1403,66
1198,61
1418,69
1526,70
1509,68
1277,63
1323,63
1487,67
1362,65
1424,69
1455,66
1513,69
1486,65
1454,68
1397,68
1458,67
1504,68
1472,68
1622,71
1454,66
1374,65
1306,64
1471,65
1436,66
1407,63
1488,70
1456,69
1578,71
1574,68
1382,64
1605,69
1437,66
1581,70
1722,72
1452,68
1647,72
1530,70
1511,69
1495,66
1457,67
1583,71
1397,67
1584,71
1469,69
1447,67
1428,66
1304,61
1480,69
1456,67
1521,69
1314,62
1476,67
1528,70
1495,69
1401,65
1504,67
1412,66
1510,68
1457,65
1530,69
1510,71
1546,70
1592,71
1317,65
1533,70
1402,68
1423,66
1519,69
1560,71
1375,65
1508,68
1440,65
1449,66
1402,65
1410,65
1533,70
1292,62
1401,67
1512,69
1343,65
1439,67
1377,65
1444,68
1449,69
1423,64
1591,70
1387,64
1592,70
1499,70
1579,70
1398,68
1484,67
1493,68
1292,60
1539,68
1466,67
1491,68
1547,71
1537,69
1443,67
1449,67
1526,69
1538,67
1322,63
1385,64
1475,66
1447,68
1549,70
1311,63
1359,64
1321,61
1375,63
1519,69
1619,71
1393,67
1496,69
1430,65
1436,66
1477,67
1470,67
1665,74
1550,70
1460,68
1495,65
1590,70
1447,69
1532,68
1322,63
1486,69
1431,65
1522,67
1465,68
1522,68
1352,63
1541,68
1558,71
1504,69
1493,67
1424,67
1452,66
1482,70
1580,70
1482,66
1479,67
1547,72
1514,69
1407,68
1572,69
1535,71
1515,67
1497,71
1346,64
1514,71
1420,65
1370,65
1484,68
1302,63
1444,66
1678,69
1457,67
1592,74
1343,62
1536,68
1569,70
1407,67
1464,69
1449,68
1516,69
1550,68
1578,71
1689,74
1533,69
1540,69
1449,68
1545,70
1623,70
1551,71
1538,70
1445,68
1365,65
1483,68
1332,63
1588,70
1535,68
1392,66
1495,67
1308,63
1444,67
1560,70
1491,68
1403,66
1544,68
1417,64
1403,66
1437,66
1454,69
1605,70
1477,69
1487,67
1497,70
1325,61
1557,69
1580,73
1402,64
1424,63
1524,68
1482,67
1490,65
1430,66
1478,71
1480,68
1542,68
1471,67
1456,66
1572,71
1433,67
1490,70
1569,70
1496,67
1364,64
1391,62
1536,71
1458,67
1487,69
1413,68
1490,68
1481,67
1629,73
1663,76
1613,72
1553,68
1542,71
1502,66
1218,60
1429,66
1543,69
1424,65
1575,71
1516,69
1526,67
1489,66
1575,70
1534,70
1483,68
1454,69
1595,73
1445,66
1578,71
1348,62
1549,72
1558,70
1554,69
1643,74
1440,65
1539,72
1415,68
1519,71
1356,65
1546,69
1519,71
1518,71
1613,72
1438,67
1401,66
1569,68
1403,65
1403,63
1542,71
1500,68
1433,67
1318,63
1391,68
1493,70
1528,70
1548,70
1381,66
1475,67
1367,66
1524,67
1640,72
1661,72
1442,66
1514,65
1533,71
1346,63
1424,65
1399,66
1565,71
1510,68
1502,67
1365,63
1484,71
1463,67
1491,67
1455,67
1306,63
1157,60
1521,69
1481,67
1507,69
1373,64
1517,67
1457,71
1501,67
1347,65
1393,64
1401,66
1398,67
1575,70
1558,71
1381,63
1516,69
1436,66
1416,67
1433,67
1524,67
1358,63
1310,62
1346,64
1464,67
1429,64
1482,69
1543,71
1353,66
1567,69
1484,68
1410,66
1383,65
1546,73
1493,67
1547,69
1416,66
1462,68
1581,70
1314,64
1453,68
1542,73
1298,64
1434,68
1520,70
1556,70
1528,67
1302,61
1501,68
1452,70
1494,68
1410,68
1405,64
1343,65
1447,67
1484,66
1590,70
1475,67
1525,71
1625,70
1597,69
1490,69
1637,73
1719,73
1501,66
1379,67
1502,69
1395,67
1488,67
1544,65
1439,65
1467,70
1615,72
1454,68
1466,71
1447,65
1349,65
1658,75
1336,64
1638,71
1382,62
1554,68
1519,70
1600,72
1446,66
1439,67
1440,65
1378,64
1465,69
1354,64
1463,67
1305,64
1474,69
1523,67
1524,67
1514,68
1550,71
1502,69
1396,63
1380,66
1355,64
1614,73
1419,64
1556,68
1428,67
1440,68
1453,67
1468,67
1585,71
1347,64
1536,71
1706,75
1514,68
1564,70
1427,67
1371,64
1561,70
1469,68
1393,67
1506,68
1579,71
1385,65
1463,67
1526,67
1366,63
1484,68
1411,65
1396,66
1428,65
1466,70
1327,62
1520,67
1403,64
1385,63
1487,68
1422,65
1482,66
1334,61
1586,71
1480,68
1449,67
1351,63
1487,68
1303,66
1460,66
1386,67
1580,70
1573,71
1391,65
1495,69
1463,67
1487,66
1424,66
1442,67
1468,67
1525,69
1619,71
1420,67
1385,65
1545,70
1327,63
1523,69
1328,63
1446,66
1590,71
1394,64
1437,67
1346,66
1414,68
1532,69
1364,66
1594,72
1585,69
1505,70
1494,70
1383,66
1427,65
1353,65
1566,69
1532,70
1469,68
1464,67
1414,62
1546,71
1451,67
1657,75
1605,71
1386,65
1499,68
1548,68
1437,67
1411,63
1618,72
1461,67
1436,66
1555,68
1492,69
1483,67
1419,65
1545,72
1364,65
1456,67
1496,70
1447,64
1536,69
1523,68
1559,72
1434,67
1638,74
1466,67
1451,66
1529,70
1481,68
1470,68
1569,71
1600,70
1526,69
1310,62
1369,64
1480,68
1325,64
1405,65
1295,62
1585,72
1448,67
1440,67
1443,65
1588,71
1384,63
1511,69
1332,65
1493,69
1432,65
1457,67
1551,70
1451,67
1575,69
1451,68
1340,63
1222,59
1590,68
1364,66
1545,68
1479,68
1669,72
1385,65
1343,65
1454,66
1511,67
1413,67
1598,74
1663,74
1492,70
1304,62
1473,65
1492,68
1533,70
1432,65
1363,64
1482,68
1363,64
1325,65
1454,68
1504,68
1419,71
1427,67
1422,67
1414,67
1478,69
1412,65
1574,70
1442,67
1596,72
1466,66
1429,66
1493,71
1466,67
1627,69
1416,64
1457,69
1381,67
1437,69
1524,70
1503,70
1481,66
1558,68
1370,61
1501,70
1494,70
1409,66
1564,69
1464,67
1380,67
1409,65
1599,70
1700,76
1435,67
1594,69
1439,66
1636,74
1472,67
1544,71
1347,64
1419,68
1388,63
1541,69
1356,62
1544,74
1481,70
1340,65
1338,64
1498,68
1362,66
1476,67
1347,64
1271,60
1510,67
1632,72
1466,67
1430,66
1584,67
1518,69
1504,68
1577,70
1433,66
1454,67
1384,67
1592,72
1616,71
1499,68
1526,70
1700,73
1553,70
1419,67
1386,66
1354,63
1452,68
1507,68
1493,66
1702,75
1566,73
1509,69
1384,66
1461,69
1471,68
1379,67
1531,71
1365,66
1471,69
1359,63
1383,65
1432,66
1501,70
1377,66
1541,68
1331,64
1363,65
1450,65
1318,61
1418,65
1434,66
1408,68
1383,64
1624,70
1346,62
1425,68
1349,63
1375,64
1431,67
1348,60
1400,66
1538,69
1250,61
1642,72
1575,70
1365,62
1472,68
1575,70
1627,73
1463,66
1624,73
1486,69
1494,69
1513,72
1500,69
1336,65
1483,69
1573,70
1460,67
1413,65
1400,65
1366,65
1498,69
1604,73
1535,70
1439,68
1395,66
1465,67
1466,66
1583,70
1509,67
1380,65
1410,64
1311,64
1559,70
1333,62
1369,66
1503,69
1367,62
1297,60
1490,70
1403,67
1558,72
1536,70
1572,68
1541,69
1487,70
1681,74
1397,64
1473,68
1612,70
1529,73
1433,65
1452,68
1545,68
1416,67
1520,68
1380,65
1541,68
1295,61
1409,68
1434,63
1396,66
1374,65
1473,65
1462,68
1626,73
1493,69
1520,70
1470,65
1625,72
1352,64
1434,66
1374,67
1405,65
1615,72
1594,70
1492,68
1531,71
1530,70
1549,70
1581,72
1417,66
1327,65
1492,67
1493,70
1595,70
1559,69
1450,68
1486,69
1523,68
1429,67
1401,67
1398,64
1421,66
1328,62
1545,69
1492,69
1508,70
1356,66
1406,65
1412,67
1524,68
1515,66
1441,66
1289,63
1344,62
1516,68
1607,71
1519,70
1566,72
1432,69
1428,68
1447,67
1376,65
1528,71
1499,71
1495,68
1452,67
1497,67
1390,65
1430,65
1419,67
1509,70
1383,66
1633,74
1260,63
1497,67
1381,64
1489,69
1553,71
1524,69
1387,64
1572,68
1427,66
1406,65
1572,70
1343,63
1497,68
1530,69
1448,68
1533,71
1651,72
1479,67
1708,76
1474,69
1603,71
1517,68
1568,71
1372,62
1438,64
1459,68
1448,67
1457,65
1439,69
1555,70
1428,65
1531,70
1462,67
1402,66
1447,67
1493,65
1426,66
1484,68
1478,68
1448,67
1534,69
1413,65
1494,66
1369,64
1439,69
1319,63
1415,65
1444,66
1408,66
1500,69
1508,67
1427,65
1446,67
1447,69
1382,66
1533,71
1413,65
1456,68
1427,65
1367,65
1331,63
1390,66
1493,68
1503,69
1441,68
1417,66
1437,66
1536,71
1453,67
1423,63
1579,72
1650,73
1519,68
1359,64
1339,62
1580,71
1482,67
1540,68
1497,65
1460,65
1563,71
1428,67
1522,69
1501,68
1330,63
1548,67
1287,60
1415,67
1357,64
1431,67
1622,74
1364,67
1646,70
1499,68
1534,70
1444,64
1557,71
1528,72
1304,63
1606,72
1445,65
1461,66
1511,69
1393,63
1612,73
1372,62
1428,66
1580,72
1535,69
1456,69
1391,62
1509,68
1503,68
1326,66
1556,69
1390,65
1617,74
1511,71
1514,68
1450,64
1496,70
1515,69
1641,73
1371,61
1586,72
1447,66
1471,68
1473,67
1498,68
1445,67
1427,66
1465,67
1483,67
1554,71
1480,67
1460,68
1544,68
1512,69
1525,69
1509,68
1563,71
1412,65
1462,66
1466,68
1413,65
1438,69
1327,64
1496,68
1454,67
1508,70
1462,67
1359,64
1403,65
1305,63
1625,72
1476,67
1538,67
1441,67
1660,71
1539,68
1411,64
1260,62
1403,68
1496,69
1480,68
1462,69
1285,61
1551,68
1500,70
1266,62
1490,69
1480,66
1543,72
1370,67
1370,66
1402,65
1540,68
1458,66
1309,63
1409,63
1429,68
1385,63
1693,74
1506,67
1524,67
1506,70
1577,72
1562,68
1626,73
1415,67
1489,65
1373,64
1560,73
1519,70
1535,69
1590,68
1627,71
1535,69
1460,67
1383,63
1585,73
1359,64
1436,66
1415,63
1459,68
1385,67
1470,66
1510,70
1593,71
1481,68
1439,66
1448,67
1642,75
1552,72
1466,67
1397,65
1518,66
1426,67
1505,67
1521,72
1477,66
1549,71
1608,71
1413,64
1418,68
1646,72
1558,69
1524,69
1481,67
1544,69
1373,65
1330,64
1420,68
1458,69
1570,70
1534,69
1466,67
1597,72
1541,71
1624,70
1422,65
1425,64
1573,69
1445,64
1442,67
1509,71
1442,68
1528,68
1292,63
1472,68
1520,65
1374,64
1482,68
1612,71
1580,71
1492,67
1479,65
1475,68
1396,66
1447,69
1370,66
1419,63
1518,67
1420,66
1688,77
1430,68
1269,62
1429,68
1550,71
1490,68
1475,68
1446,66
1363,65
1349,65
1507,70
1699,77
1568,72
1640,71
1461,68
1538,69
1401,66
1413,66
1584,71
1395,64
1468,67
1551,69
1471,68
1559,68
1296,62
1466,67
1487,68
1478,67
1500,69
1386,66
1338,64
1397,68
1293,61
1421,61
1493,71
1527,68
1496,67
1467,67
1462,67
1503,66
1424,64
1492,65
1465,70
1391,67
1370,64
1343,65
1434,67
1361,64
1322,63
1383,66
1404,64
1486,67
1388,69
1425,65
1379,67
1527,71
1433,67
1544,68
1321,61
1432,66
1443,65
1529,69
1499,68
1316,63
1549,71
1431,67
1501,71
1593,69
1510,69
1471,64
1474,66
1491,67
1322,64
1607,70
1607,71
1485,68
1530,69
1347,64
1483,66
1401,66
1371,66
1542,68
1516,68
1508,68
1458,67
1400,66
1635,72
1426,64
1706,75
1629,72
1484,68
1586,71
1564,71
1429,67
1567,69
1526,69
1410,65
1685,74
1349,64
1434,68
1363,64
1632,69
1686,74
1613,74
1422,67
1415,67
1638,70
1328,64
1492,69
1408,67
1227,62
1504,69
1526,68
1437,65
1578,71
1435,66
1516,69
1367,66
1372,64
1481,67
1418,65
1550,68
1461,67
1566,73
1413,65
1518,71
1477,68
1592,69
1407,63
1456,68
1459,68
1527,69
1321,63
1597,73
1592,73
1493,67
1495,70
1471,65
1299,63
1417,67
1434,67
1353,62
1454,68
1513,66
1623,73
1445,66
1442,67
1457,68
1636,73
1431,66
1593,72
1361,65
1569,71
1356,63
1573,70
1432,65
1568,67
1501,66
1517,69
1216,62
1477,68
1371,63
1584,70
1519,68
1333,62
1409,62
1314,62
1372,66
1226,60
1619,71
1400,67
1475,66
1374,65
1519,70
1586,71
1469,67
1541,71
1448,66
1558,71
1408,66
1423,67
1600,72
1526,69
1595,74
1437,67
1479,69
1426,67
1381,65
1447,68
1483,68
1420,63
1437,67
1505,69
1297,63
1455,67
1526,67
1524,70
1423,66
1546,70
1409,65
1412,65
1531,70
1465,66
1432,65
1466,69
1508,68
1400,66
1325,65
1319,62
1390,67
1568,67
1699,74
1359,66
1545,71
1373,61
1492,67
1395,66
1475,69
1523,69
1421,65
1334,65
1429,66
1565,73
1448,67
1439,67
1479,68
1481,67
1513,69
1436,67
1205,57
1558,69
1434,64
1400,66
1415,64
1436,65
1580,72
1432,66
1543,72
1581,69
1580,70
1577,74
1375,64
1411,66
1595,70
1694,73
1620,71
1448,64
1502,70
1638,73
1434,66
1656,72
1628,70
1443,70
1420,67
1284,60
1508,69
1497,68
1268,63
1510,70
1407,66
1522,70
1567,73
1420,65
1674,73
1439,69
1414,67
1449,65
1651,72
1535,73
1435,66
1397,67
1499,69
1492,69
1533,69
1424,66
1501,71
1490,67
1447,67
1644,72
1530,70
1540,69
1468,69
1282,59
1432,68
1319,63
1454,66
1514,71
1437,67
1575,68
1405,66
1514,68
1513,69
1401,65
1601,69
1505,67
1508,66
1429,65
1426,66
1473,69
1506,71
1479,69
1421,67
1523,70
1541,72
1468,65
1365,62
1449,65
1458,68
1417,61
1422,67
1356,64
1584,70
1507,70
1564,71
1451,68
1552,68
1620,72
1516,69
1527,69
1459,67
1406,65
1464,67
1411,67
1307,61
1449,68
1396,65
1518,68
1448,67
1546,71
1452,66
1320,64
1470,68
1479,66
1424,67
1320,63
1386,67
1481,69
1588,67
1554,72
1437,66
1552,71
1529,70
1505,69
1394,67
1530,69
1349,62
1482,70
1350,65
1424,65
1448,67
1335,64
1404,66
1509,69
1426,64
1555,72
1471,67
1624,72
1547,69
1458,68
1605,70
1423,66
1403,65
1376,65
1530,71
1569,70
1474,68
1396,67
1562,71
1520,70
1456,68
1556,70
1494,69
1534,70
1602,73
1429,68
1482,66
1472,69
1577,69
1434,66
1404,63
1438,70
1452,68
1381,65
1447,67
1497,67
1537,69
1437,67
1539,68
1413,68
1324,62
1418,68
1617,73
1425,66
1420,68
1503,68
1421,69
1566,73
1325,61
1413,66
1431,68
1559,70
1634,73
1353,65
1632,69
1486,69
1367,66
1340,62
1399,66
1553,72
1363,65
1469,66
1561,72
1364,63
1501,68
1534,73
1366,64
1446,65
1374,65
1459,64
1405,66
1454,68
1399,67
1468,69
1420,65
1295,62
1547,70
1650,74
1510,67
1439,68
1656,71
1429,67
1414,65
1401,65
1664,76
1556,70
1552,69
1431,65
1450,67
1575,69
1625,73
1392,65
1296,62
1513,70
1406,65
1513,68
1448,65
1448,67
1416,65
1478,69
1446,66
1377,66
1443,65
1445,69
1445,68
1429,65
1426,67
1500,69
1404,68
1430,65
1511,69
1484,66
1425,64
1520,69
1546,70
1626,70
1501,71
1479,69
1586,70
1530,71
1405,65
1396,68
1413,66
1446,69
1360,65
1535,70
1486,67
1625,72
1439,65
1634,70
1483,70
1446,68
1306,62
1473,66
1470,68
1403,65
1321,65
1417,65
1432,67
1391,63
1372,65
1543,72
1315,60
1465,69
1323,61
1555,71
1497,71
1435,67
1463,70
1458,68
1471,64
1370,65
1364,63
1427,66
1490,68
1415,68
1444,69
1437,68
1383,65
1436,68
1353,64
1469,67
1499,69
1503,69
1554,70
1339,65
1499,69
1600,71
1454,69
1426,68
1401,65
1517,71
1433,65
1488,70
1479,65
1443,67
1378,62
1637,69
1487,69
1426,64
1575,71
1520,69
1446,66
1511,69
1395,66
1635,72
1340,63
1582,70
1535,70
1682,73
1449,66
1312,65
1407,68
1464,66
1462,67
1440,69
1494,69
1418,65
1442,68
1492,70
1441,67
1514,71
1451,66
1524,67
1650,76
1254,62
1507,68
1545,68
1435,66
1537,70
1493,68
1561,69
1469,63
1436,66
1376,66
1614,70
1444,65
1414,66
1318,64
1503,69
1517,70
1395,64
1528,68
1468,67
1486,71
1521,68
1521,70
1419,68
1469,68
1568,71
1497,68
1546,70
1411,66
1455,67
1466,68
1495,69
1548,70
1527,69
1511,70
1440,67
1409,65
1417,66
1395,65
1526,68
1593,73
1678,76
1524,69
1536,69
1529,68
1394,67
1551,71
1508,69
1353,67
1441,64
1417,68
1421,65
1391,65
1397,65
1187,58
1521,67
1420,67
1383,67
1392,68
1589,69
1495,68
1440,67
1436,69
1418,69
1455,67
1602,69
1474,68
1444,67
1521,69
1358,65
1392,67
1380,64
1556,68
1426,66
1342,65
1495,69
1582,68
1445,68
1611,71
1404,66
1440,68
1403,68
1410,64
1537,68
1507,69
1508,68
1483,68
1417,65
1534,68
1533,68
1365,63
1569,74
1328,65
1463,67
1379,66
1501,70
1395,67
1546,68
1456,65
1434,68
1453,65
1464,68
1452,68
1484,68
1330,64
1476,68
1483,65
1497,69
1578,68
1588,70
1558,67
1326,62
1527,68
1637,72
1413,67
1524,71
1440,65
1531,71
1480,71
1634,72
1448,65
1457,68
1683,72
1490,67
1473,69
1341,66
1370,65
1299,63
1328,65
1585,72
1396,65
1438,66
1416,67
1727,76
1668,70
1436,68
1393,65
1490,70
1437,66
1453,67
1291,64
1546,71
1485,65
1524,69
1544,70
1313,65
1375,65
1406,67
1519,68
1588,72
1467,66
1350,66
1497,69
1514,67
1476,67
1434,67
1477,68
1358,65
1441,66
1480,70
1620,73
1495,66
1619,72
1482,69
1435,63
1345,67
1455,67
1537,69
1494,68
1579,69
1568,72
1510,70
1355,63
1448,65
1624,70
1544,71
1429,67
1507,71
1603,70
1495,66
1358,63
1461,67
1567,71
1441,67
1587,72
1611,74
1589,69
1461,67
1585,71
1489,69
1470,65
1352,63
1353,67
1267,62
1378,65
1606,71
1392,65
1572,73
1519,66
1484,67
1550,71
1471,69
1308,64
1568,71
1383,63
1584,70
1415,65
1414,66
1467,66
1526,66
1555,70
1507,70
1516,69
1365,64
1553,71
1450,66
1563,72
1479,72
1451,68
1493,69
1575,69
1463,68
1396,66
1658,74
1573,68
1446,68
1470,70
1433,65
1577,74
1506,66
1444,62
1536,69
1321,65
1428,66
1601,75
1635,72
1453,66
1340,65
1554,70
1331,62
1664,74
1448,70
1453,67
1621,70
1521,68
1504,70
1474,68
1572,68
1517,70
1310,63
1616,72
1449,67
1516,71
1512,68
1429,65
1442,66
1400,66
1560,70
1554,69
1490,68
1408,64
1489,64
1438,66
1500,73
1605,73
1443,68
1435,68
1390,63
1498,66
1411,66
1413,65
1506,65
1526,71
1516,67
1557,73
1502,68
1470,70
1418,64
1497,65
1509,70
1404,65
1284,63
1313,62
1477,68
1495,68
1367,64
1466,66
1464,66
1288,62
1355,63
1408,65
1484,67
1399,65
1419,67
1596,71
1423,63
1440,63
1378,67
1346,65
1436,69
1404,64
1400,66
1471,68
1382,65
1595,70
1537,71
1574,70
1480,69
1475,66
1554,71
1447,68
1484,68
1438,68
1398,66
1450,66
1399,66
1287,62
1540,71
1515,71
1530,68
1463,67
1423,67
1493,71
1530,71
1420,67
1415,66
1493,66
1379,66
1337,64
1347,64
1501,69
1398,66
1614,71
1574,69
1538,72
1439,64
1639,74
1460,66
1291,64
1477,66
1605,73
1562,70
1506,68
1262,61
1507,67
1431,67
1504,68
1301,63
1500,69
1620,72
1488,65
1619,72
1481,71
1374,63
1493,67
1455,67
1642,71
1557,70
1558,69
1464,67
1448,64
1289,63
1635,72
1441,67
1505,67
1592,71
1461,65
1354,62
1597,70
1480,67
1465,69
1475,67
1455,69
1462,68
1447,69
1313,64
1445,66
1463,68
1517,67
1586,71
1514,69
1445,69
1510,71
1419,65
1443,69
1622,70
1418,62
1477,69
1542,68
1474,65
1596,69
1330,64
1368,65
1507,67
1461,65
1396,66
1724,77
1458,68
1530,72
1436,65
1321,66
1440,67
1389,65
1382,65
1508,70
1551,69
1331,61
1616,70
1434,67
1432,67
1487,68
1468,69
1375,66
1416,68
1466,68
1463,66
1405,66
1491,68
1388,66
1561,73
1607,72
1240,60
1390,67
1411,66
1377,64
1509,67
1390,64
1487,68
1591,69
1335,66
1366,62
1470,67
1438,67
1462,66
1522,69
1412,67
1533,72
1464,67
1447,68
1573,71
1373,65
1534,72
1413,67
1505,69
1439,67
1332,65
1466,68
1493,69
1406,63
1590,71
1485,68
1299,64
1456,64
1336,64
1391,65
1661,73
1414,66
1505,70
1404,62
1422,69
1459,68
1469,66
1401,62
1438,65
1363,66
1619,72
1464,65
1326,64
1397,65
1398,65
1435,67
1468,68
1495,70
1465,66
1353,65
1359,64
1346,66
1554,71
1533,72
1571,70
1483,68
1535,66
1613,71
1364,67
1409,68
1529,68
1465,68
1532,69
1549,71
1625,71
1366,65
1585,69
1408,67
1429,65
1388,64
1501,69
1514,68
1419,65
1373,65
1543,69
1560,70
1564,69
1445,66
1434,64
1439,67
1411,65
1624,70
1400,66
1529,71
1552,71
1547,70
1518,71
1422,64
1497,70
1562,69
1570,74
1289,62
1537,69
1425,65
1472,67
1535,68
1539,71
1491,67
1348,66
1460,66
1496,68
1363,60
1387,64
1473,66
1373,64
1603,72
1485,67
1440,67
1538,68
1518,66
1375,66
1510,66
1348,62
1339,66
1420,67
1522,70
1492,71
1466,65
1529,68
1441,68
1419,68
1603,73
1383,66
1539,70
1425,65
1410,64
1440,67
1476,67
1690,73
1461,67
1558,71
1484,67
1479,67
1432,68
1417,64
1450,66
1586,72
1518,68
1567,72
1472,66
1440,68
1547,70
1478,66
1586,70
1545,67
1483,68
1566,69
1616,74
1581,71
1363,64
1616,73
1497,69
1667,72
1313,62
1445,69
1381,64
1458,67
1470,69
1569,68
1324,64
1389,65
1441,66
1388,65
1643,73
1406,67
1338,63
1606,74
1515,68
1649,72
1383,65
1499,65
1530,70
1416,64
1424,65
1410,67
1379,64
1719,76
1497,68
1501,66
1492,69
1366,64
1423,66
1388,66
1486,66
1446,67
1436,69
1502,69
1618,71
1492,68
1515,69
1392,67
1462,69
1419,66
1394,63
1561,70
1404,66
1523,70
1404,67
1332,63
1527,70
1459,66
1516,66
1560,72
1596,71
1710,74
1488,69
1450,66
1442,67
1281,63
1472,69
1541,70
1531,67
1348,61
1611,72
1464,66
1506,70
1330,65
1433,67
1489,67
1566,70
1481,66
1447,67
1476,67
1403,63
1306,63
1493,69
1583,72
1464,68
1344,64
1547,70
1580,74
1403,65
1539,68
1448,67
1511,69
1403,67
1427,66
1403,66
1434,68
1484,69
1330,64
1389,66
1521,65
1444,64
1375,69
1562,72
1557,69
1498,69
1531,69
1418,65
1462,65
1460,70
1567,67
1454,66
1406,64
1607,70
1430,68
1642,74
1443,68
1496,68
1393,63
1329,62
1382,64
1463,68
1573,69
1521,69
1454,65
1309,62
1569,73
1430,67
1416,65
1336,63
1449,67
1431,69
1354,61
1316,62
1488,70
1439,64
1511,70
1436,66
1234,59
1510,70
1353,64
1432,68
1422,66
1530,67
1601,72
1417,66
1542,71
1506,69
1600,75
1517,69
1435,66
1285,63
1228,59
1449,67
1327,64
1508,68
1570,70
1532,70
1346,64
1437,68
1374,64
1451,67
1590,72
1570,71
1431,66
1457,69
1444,67
1635,72
1512,67
1607,75
1511,67
1458,66
1482,69
1443,66
1513,70
1484,70
1584,70
1547,67
1393,64
1537,69
1456,64
1652,70
1574,71
1518,70
1361,66
1458,66
1513,70
1469,69
1522,68
1477,65
1707,77
1447,65
1484,68
1544,70
1458,69
1511,70
1590,70
1400,66
1427,68
1410,67
1556,70
1603,71
1519,65
1688,74
1571,71
1531,67
1476,67
1455,63
1466,66
1584,72
1649,71
1433,67
1555,70
1420,68
1626,73
1547,69
1390,67
1511,70
1517,70
1451,65
1472,67
1576,70
1406,69
1410,65
1492,70
1408,67
1357,64
1442,68
1517,67
1508,69
1498,68
1390,64
1467,68
1482,67
1426,66
1412,66
1487,69
1519,74
1495,69
1273,62
1369,65
1644,73
1444,68
1262,64
1515,68
1460,68
1430,66
1534,69
1603,73
1501,70
1603,70
1577,74
1388,64
1430,66
1469,68
1502,66
1492,69
1479,67
1340,66
1547,70
1429,66
1629,72
1473,67
1453,66
1447,68
1308,60
1286,59
1444,68
1480,68
1482,68
1604,68
1323,63
1238,60
1231,59
1436,69
1602,71
1371,64
1413,65
1457,67
1390,65
1381,63
1501,65
1565,70
1516,70
1616,72
1360,67
1455,67
1513,70
1505,68
1531,70
1479,68
1403,67
1479,68
1367,66
1389,63
1441,68
1481,65
1555,71
1566,73
1536,70
1551,71
1549,70
1496,68
1566,71
1405,65
1460,67
1480,68
1485,69
1506,66
1471,66
1382,65
1428,67
1459,67
1581,69
1442,68
1388,66
1404,63
1379,64
1537,71
1511,70
1510,68
1629,74
1544,71
1483,69
1532,69
1499,67
1445,68
1512,68
1553,71
1407,66
1334,64
1482,69
1476,68
1424,66
1482,68
1464,66
1406,64
1577,70
1564,74
1507,67
1324,63
1552,69
1479,65
1341,59
1557,71
1474,65
1358,66
1455,68
1419,64
1570,70
1599,65
1459,67
1456,66
1548,70
1447,65
1458,68
1592,68
1493,67
1240,59
1556,68
1485,69
1609,74
1531,68
1595,71
1517,67
1517,69
1408,65
1339,65
1467,67
1370,65
1447,66
1377,65
1348,65
1466,67
1612,72
1447,65
1514,70
1470,67
1414,66
1405,65
1441,67
1505,69
1478,70
1485,69
1529,69
1237,59
1561,70
1633,71
1542,69
1394,66
1489,69
1562,73
1455,65
1405,64
1606,71
1413,64
1557,68
1373,64
1572,71
1437,65
1428,67
1591,67
1516,68
1423,64
1376,66
1574,70
1459,68
1375,64
1364,66
1430,67
1360,65
1393,65
1553,71
1544,71
1399,65
1455,66
1373,65
1409,65
1383,67
1562,67
1398,66
1405,67
1468,68
1370,63
1521,70
1458,65
1517,68
1383,64
1604,73
1571,68
1437,69
1498,70
1592,70
1421,67
1555,70
1400,67
1405,65
1429,65
1455,69
1378,65
1457,66
1555,70
1360,65
1522,71
1415,67
1543,72
1453,67
1522,71
1717,76
1533,68
1533,68
1450,67
1506,69
1459,68
1350,62
1355,63
1567,70
1432,67
1477,67
1434,64
1336,65
1538,68
1419,66
1392,65
1390,66
1397,66
1491,67
1388,68
1473,64
1512,70
1513,70
1479,68
1661,74
1431,68
1561,69
1539,69
1455,66
1504,69
1549,68
1432,69
1392,65
1403,67
1593,72
1468,67
1418,68
1438,63
1531,68
1508,69
1661,74
1327,64
1420,66
1428,66
1526,68
1289,63
1496,70
1427,68
1485,69
1549,69
1592,71
1454,66
1474,69
1626,74
1465,68
1395,66
1510,68
1468,69
1461,68
1448,64
1401,64
1470,69
1541,70
1582,71
1459,69
1570,72
1597,68
1345,65
1367,64
1405,67
1573,72
1552,71
1387,63
1265,61
1497,69
1559,69
1292,61
1517,70
1378,65
1399,63
1469,68
1441,64
1483,68
1468,69
1405,67
1535,69
1406,64
1518,70
1496,69
1475,69
1324,66
1534,70
1412,66
1451,69
1358,61
1604,72
1496,68
1521,69
1443,65
1372,66
1467,67
1332,64
1448,68
1509,70
1399,67
1547,70
1578,68
1609,72
1637,74
1529,69
1532,68
1575,70
1488,69
1609,71
1644,74
1597,69
1539,69
1477,69
1339,65
1419,65
1376,63
1516,70
1456,66
1629,71
1566,71
1495,69
1415,64
1569,72
1380,65
1615,72
1254,61
1516,70
1497,70
1474,71
1450,67
1251,61
1597,70
1613,71
1521,69
1434,67
1367,65
1575,71
1480,67
1430,68
1446,68
1489,69
1277,62
1412,65
1418,63
1545,69
1350,66
1352,66
1379,67
1479,68
1411,64
1417,68
1482,68
1460,69
1624,71
1418,66
1514,70
1508,70
1619,74
1539,68
1438,68
1546,69
1415,65
1543,72
1441,67
1635,74
1484,69
1477,68
1527,70
1548,72
1262,62
1478,66
1421,66
1551,71
1536,69
1449,66
1586,72
1295,61
1639,72
1383,64
1422,66
1682,75
1397,64
1455,70
1344,66
1395,68
1687,74
1461,63
1316,62
1636,74
1515,69
1464,65
1507,69
1681,73
1416,64
1373,64
1294,65
1366,63
1463,67
1463,66
1453,69
1487,67
1597,73
1417,66
1527,68
1403,64
1630,72
1470,69
1335,64
1528,71
1491,66
1624,73
1568,70
1462,65
1426,66
1484,69
1591,69
1400,66
1492,70
1482,71
1497,71
1520,69
1362,66
1398,65
1400,67
1503,67
1322,61
1503,67
1547,70
1510,70
1614,74
1579,73
1446,67
1451,67
1622,71
1408,66
1494,65
1521,70
1618,70
1504,70
1507,69
1373,65
1424,67
1512,69
1467,68
1678,75
1450,72
1567,71
1624,73
1524,70
1483,69
1569,71
1468,66
1454,66
1386,66
1680,73
1471,68
1486,68
1417,66
1393,65
1373,64
1532,69
1604,69
1330,64
1351,64
1533,69
1563,69
1333,62
1433,68
1677,72
1328,64
1453,69
1518,68
1613,69
1435,65
1645,72
1520,70
1467,68
1424,66
1427,67
1438,65
1501,70
1539,69
1481,69
1441,68
1441,66
1416,66
1406,67
1526,71
1514,68
1433,68
1579,73
1570,69
1579,73
1435,68
1427,64
1298,66
1349,64
1449,67
1453,66
1464,69
1500,69
1447,67
1525,70
1671,74
1567,69
1407,63
1339,63
1348,65
1502,69
1458,69
1469,69
1330,65
1475,65
1483,68
1484,69
1424,67
1552,71
1572,71
1483,65
1410,65
1497,69
1596,71
1555,71
1681,72
1542,71
1482,67
1656,75
1364,66
1506,70
1481,70
1480,68
1605,70
1473,70
1497,67
1465,67
1420,67
1441,66
1518,68
1539,70
1570,69
1444,65
1531,68
1548,67
1435,66
1381,65
1503,69
1566,70
1375,65
1528,67
1309,63
1535,67
1484,66
1439,69
1361,63
1456,68
1510,68
1414,67
1365,63
1389,65
1422,67
1460,69
1543,70
1424,65
1333,63
1467,67
1495,66
1520,71
1526,71
1441,68
1681,76
1524,70
1485,67
1597,73
1471,69
1478,66
1548,71
1585,71
1433,64
1437,67
1601,72
1356,61
1410,66
1488,66
1344,64
1408,65
1698,76
1312,60
1329,65
1581,70
1390,64
1598,71
1489,70
1530,66
1436,68
1412,68
1591,72
1467,68
1509,67
1404,63
1461,69
1465,67
1437,68
1435,68
1435,67
1563,72
1452,67
1410,67
1511,69
1402,66
1529,71
1400,62
1411,66
1417,66
1428,65
1370,65
1326,63
1472,68
1581,72
1412,65
1356,67
1474,69
1355,62
1559,70
1506,69
1524,71
1565,69
1377,63
1503,68
1434,67
1437,67
1509,69
1479,67
1417,66
1474,65
1470,65
1482,67
1554,71
1370,66
1466,66
1450,68
1551,71
1307,64
1350,63
1493,69
1287,63
1300,63
1626,75
1485,69
1338,63
1510,70
1551,69
1469,66
1612,70
1478,67
1376,63
1404,64
1399,68
1531,69
1501,69
1616,70
1475,69
1458,66
1402,66
1669,70
1378,65
1487,68
1452,67
1619,71
1500,68
1421,67
1610,71
1398,64
1595,73
1486,68
1529,67
1387,63
1614,75
1617,70
1347,65
1342,64
1398,67
1463,67
1461,65
1455,68
1514,68
1410,66
1488,67
1478,69
1615,70
1285,62
1381,64
1437,66
1342,62
1546,69
1557,71
1439,66
1414,66
1610,71
1476,66
1442,67
1457,68
1439,67
1481,68
1415,69
1387,63
1412,65
1524,70
1355,65
1599,72
1467,66
1570,71
1492,68
1364,66
1528,67
1451,66
1472,70
1367,66
1432,67
1424,66
1571,74
1469,67
1432,67
1508,72
1469,68
1622,72
1261,61
1442,67
1507,70
1488,67
1466,65
1464,68
1491,67
1485,69
1355,62
1356,63
1497,67
1434,66
1470,67
1451,67
1539,71
1393,67
1357,66
1533,69
1585,71
1581,68
1374,63
1497,65
1490,68
1518,69
1400,64
1497,68
1360,65
1479,70
1339,66
1406,66
1557,71
1338,65
1596,72
1478,69
1550,72
1494,68
1501,68
1501,68
1609,75
1541,69
1481,67
1445,67
1616,73
1531,65
1399,67
1564,69
1366,64
1345,62
1432,66
1439,67
1435,67
1453,67
1443,65
1492,67
1598,73
1374,65
1337,61
1412,67
1351,65
1527,66
1444,66
1384,65
1497,66
1372,63
1412,66
1441,66
1398,64
1424,67
1351,63
1518,71
1443,68
1441,66
1559,71
1401,67
1621,71
1546,71
1432,69
1387,65
1501,71
1443,67
1578,72
1435,66
1439,68
1466,70
1429,65
1511,69
1461,64
1412,68
1442,65
1551,70
1336,65
1386,66
1544,69
1409,66
1393,65
1598,74
1565,71
1556,71
1382,63
1443,68
1436,65
1483,66
1491,68
1595,73
1579,71
1271,60
1473,63
1551,71
1487,69
1528,66
1436,66
1476,68
1340,64
1572,72
1501,69
1415,66
1368,64
1530,70
1680,71
1547,69
1466,64
1460,69
1338,62
1367,68
1279,61
1489,70
1574,70
1391,65
1611,73
1361,63
1544,67
1465,67
1578,68
1306,63
1618,73
1491,67
1345,64
1553,70
1452,66
1652,71
1354,64
1433,65
1723,76
1455,67
1342,65
1349,65
1515,69
1466,67
1357,65
1482,68
1596,73
1296,62
1294,61
1445,66
1406,61
1474,66
1505,70
1520,69
1385,63
1453,68
1393,67
1548,69
1529,71
1415,68
1534,69
1334,65
1560,71
1400,65
1471,68
1335,63
1469,69
1406,66
1487,68
1560,69
1378,66
1326,63
1461,68
1417,65
1352,65
1331,63
1399,64
1470,66
1527,68
1547,73
1408,65
1485,70
1389,63
1333,61
1546,68
1346,63
1422,68
1390,66
1480,67
1525,66
1435,64
1533,70
1447,67
1324,64
1522,71
1458,70
1516,69
1384,63
1427,67
1504,70
1566,69
1422,66
1553,68
1643,74
1479,69
1429,64
1324,65
1464,70
1493,69
1635,72
1635,75
1338,63
1472,68
1417,63
1419,67
1547,71
1392,66
1438,68
1553,72
1452,66
1533,70
1797,74
1453,67
1524,69
1553,70
1534,68
1582,71
1332,64
1311,61
1215,62
1430,65
1359,64
1459,68
1359,64
1547,69
1534,70
1568,73
1471,69
1586,72
1401,69
1696,74
1482,65
1610,70
1522,71
1555,70
1291,63
1558,71
1420,67
1602,72
1443,65
1470,68
1396,63
1539,69
1504,69
1384,63
1599,70
1376,65
1543,70
1420,69
1403,66
1315,62
1395,65
1522,67
1599,72
1549,71
1626,73
1517,68
1353,66
1590,71
1522,69
1493,66
1439,66
1373,63
1553,70
1516,70
1389,66
1506,69
1564,70
1636,75
1432,69
1474,67
1597,72
1429,68
1445,64
1496,68
1526,70
1503,68
1429,67
1582,70
1485,69
1486,68
1483,68
1455,70
1322,62
1374,65
1429,68
1595,74
1418,64
1566,71
1571,71
1474,66
1459,68
1455,69
1612,70
1577,71
1327,64
1392,66
1426,68
1440,66
1451,65
1423,64
1397,67
1603,72
1539,68
1476,65
1571,69
1354,65
1470,69
1483,68
1288,60
1513,67
1458,67
1535,68
1350,68
1571,73
1481,66
1448,68
1360,62
1390,67
1476,66
1616,72
1426,65
1197,62
1558,72
1447,64
1474,71
1564,71
1490,66
1479,68
1468,69
1450,67
1577,70
1475,67
1511,67
1524,68
1419,66
1596,71
1492,70
1529,68
1514,69
1579,70
1382,65
1417,64
1637,71
1439,66
1480,70
1586,71
1431,66
1661,73
1468,64
1435,67
1523,69
1443,70
1553,69
1524,67
1448,68
1513,71
1414,68
1560,69
1514,69
1402,67
1460,68
1457,67
1431,65
1325,64
1571,70
1465,68
1388,65
1741,76
1484,69
1429,67
1592,70
1566,70
1367,61
1479,67
1646,73
1552,72
1533,68
1361,64
1501,71
1442,67
1565,69
1612,72
1301,64
1670,72
1473,68
1403,64
1444,67
1469,68
1540,66
1647,71
1496,69
1388,63
1458,66
1415,66
1411,66
1433,66
1511,66
1523,69
1460,69
1478,69
1596,72
1320,63
1557,69
1356,65
1432,68
1406,67
1499,70
1509,68
1417,62
1594,70
1459,67
1485,66
1487,67
1384,66
1443,69
1488,67
1457,65
1418,65
1610,72
1549,70
1511,68
1484,69
1458,67
1473,68
1366,64
1351,66
1506,68
1468,68
1288,60
1584,71
1448,68
1552,69
1416,65
1636,71
1465,68
1584,70
1514,69
1528,67
1596,75
1524,71
1346,59
1376,62
1246,61
1414,69
1499,68
1409,67
1578,69
1542,70
1237,63
1446,65
1326,63
1348,65
1610,68
1526,70
1460,65
1556,69
1438,68
1529,68
1577,68
1414,67
1401,65
1548,67
1610,70
1480,68
1691,74
1578,70
1354,66
1524,67
1564,70
1537,70
1402,65
1383,63
1476,68
1294,61
1635,72
1546,70
1476,64
1408,66
1470,69
1533,70
1429,68
1437,65
1346,66
1371,67
1442,67
1567,69
1389,63
1437,66
1504,68
1446,66
1338,64
1419,64
1482,69
1436,64
1517,68
1506,67
1379,64
1515,68
1549,68
1412,65
1356,64
1524,70
1483,68
1482,66
1421,62
1483,68
1392,66
1480,67
1451,69
1326,64
1528,69
1415,66
1513,69
1474,66
1459,68
1478,68
1504,68
1479,68
1322,65
1445,68
1384,65
1533,70
1356,65
1430,67
1371,61
1395,66
1372,65
1683,72
1434,67
1439,68
1536,71
1618,74
1556,69
1418,70
1634,70
1405,66
1556,73
1505,69
1399,66
1497,68
1649,72
1363,64
1393,65
1424,67
1242,60
1571,71
1367,64
1450,68
1371,66
1433,65
1372,63
1562,73
1644,71
1453,67
1544,70
1412,64
1486,69
1560,71
1376,64
1245,57
1344,67
1435,68
1521,67
1439,68
1605,70
1624,72
1397,64
1434,66
1533,68
1463,67
1386,65
1453,66
1436,68
1483,66
1433,64
1469,68
1382,66
1374,64
1458,64
1677,74
1425,67
1483,66
1420,64
1567,71
1536,69
1424,62
1450,67
1496,69
1378,66
1516,67
1445,69
1304,62
1531,72
1458,69
1468,63
1440,69
1526,70
1461,65
1511,68
1553,68
1363,63
1453,65
1365,63
1463,67
1395,66
1490,66
1545,69
1630,73
1405,65
1578,69
1333,63
1482,66
1468,67
1467,67
1419,65
1553,70
1579,70
1558,71
1477,67
1462,66
1443,67
1446,65
1442,66
1419,66
1398,67
1533,67
1386,65
1401,66
1485,66
1490,67
1497,68
1338,65
1546,72
1272,62
1507,70
1475,65
1485,68
1422,67
1667,73
1449,66
1434,65
1211,58
1479,66
1585,73
1333,65
1594,70
1576,71
1449,65
1482,66
1296,62
1488,68
1467,67
1416,66
1464,67
1449,70
1437,66
1512,69
1596,73
1516,70
1471,66
1552,70
1573,71
1451,68
1406,67
1532,68
1407,67
1538,71
1681,77
1484,66
1498,66
1357,64
1327,65
1517,73
1387,66
1567,71
1352,65
1482,69
1475,68
1520,68
1517,68
1600,72
1407,66
1486,68
1281,62
1539,71
1551,73
1451,68
1449,66
1361,67
1503,67
1584,70
1532,71
1620,75
1512,69
1504,69
1411,68
1484,70
1373,64
1396,66
1394,65
1517,67
1460,69
1390,66
1313,63
1458,68
1342,64
1457,68
1419,67
1583,72
1422,63
1347,64
1494,71
1464,66
1679,77
1447,67
1333,63
1516,69
1362,67
1568,71
1571,71
1380,65
1511,67
1591,70
1376,66
1401,64
1421,67
1415,68
1357,64
1524,68
1459,69
1491,68
1396,67
1458,68
1476,65
1514,67
1501,69
1381,66
1457,67
1376,64
1620,71
1500,70
1438,67
1352,66
1416,66
1456,67
1576,72
1500,69
1486,69
1554,69
1528,71
1372,65
1428,69
1642,74
1412,67
1482,71
1544,70
1524,70
1540,67
1406,64
1330,64
1471,66
1485,69
1381,63
1475,66
1524,69
1525,70
1451,67
1433,64
1320,62
1413,66
1499,68
1526,70
1340,62
1463,64
1362,64
1451,68
1513,68
1468,69
1566,71
1336,66
1484,67
1401,64
1428,68
1456,67
1562,73
1489,68
1450,67
1474,69
1421,65
1357,66
1345,66
1319,63
1499,68
1350,64
1379,64
1468,68
1410,66
1340,64
1427,65
1389,62
1517,71
1474,69
1398,66
1485,69
1345,60
1476,68
1370,65
1488,69
1372,64
1597,72
1406,68
1596,71
1424,65
1541,71
1402,65
1465,67
1606,72
1374,67
1322,64
1547,72
1398,65
1482,69
1444,69
1453,67
1491,66
1542,72
1556,71
1453,69
1228,60
1487,69
1436,67
1357,66
1492,68
1542,71
1474,69
1543,70
1426,69
1517,70
1395,66
1428,68
1484,68
1438,68
1427,63
1516,70
1469,68
1531,70
1493,67
1562,71
1353,64
1420,63
1593,70
1524,69
1426,64
1505,70
1544,71
1463,66
1390,66
1435,64
1515,68
1334,64
1442,64
1412,68
1431,66
1539,72
1625,74
1611,73
1420,66
1468,67
1583,71
1411,65
1314,62
1551,71
1442,66
1512,68
1469,67
1327,65
1445,66
1582,73
1358,65
1533,69
1518,71
1427,69
1520,73
1569,69
1481,70
1485,68
1436,65
1420,68
1445,67
1436,67
1571,72
1432,65
1353,63
1515,69
1536,70
1529,68
1447,69
1397,67
1398,68
1270,60
1555,71
1408,63
1287,62
1567,69
1337,65
1279,60
1466,69
1470,68
1339,63
1515,67
1505,69
1337,64
1539,71
1528,73
1409,65
1369,64
1473,68
1483,69
1483,67
1361,65
1482,65
1502,68
1431,66
1410,65
1477,69
1562,72
1439,64
1326,65
1410,65
1584,73
1345,64
1394,64
1468,68
1591,70
1475,65
1410,66
1314,62
1375,63
1424,66
1489,68
1377,63
1389,65
1395,65
1461,69
1576,72
1516,70
1671,72
1412,66
1456,67
1483,66
1489,71
1337,61
1474,67
1599,71
1442,67
1480,70
1474,68
1549,71
1356,62
1584,73
1444,66
1399,65
1673,74
1550,70
1405,66
1390,62
1367,66
1631,72
1499,70
1566,70
1590,70
1384,68
1369,64
1510,68
1367,66
1479,67
1523,68
1593,74
1391,66
1586,70
1564,72
1484,70
1339,65
1514,67
1479,68
1436,67
1395,66
1522,70
1358,67
1541,73
1550,69
1538,71
1447,68
1369,64
1430,64
1456,68
1571,73
1473,67
1449,68
1616,73
1551,72
1424,66
1503,69
1236,60
1440,66
1446,65
1576,71
1305,60
1440,66
1330,66
1456,66
1417,65
1555,71
1297,62
1500,67
1300,63
1576,72
1548,70
1302,65
1402,67
1405,70
1477,68
1453,69
1386,66
1484,66
1428,66
1508,68
1549,71
1442,69
1563,71
1263,64
1525,70
1482,67
1461,67
1464,69
1467,69
1603,74
1559,71
1540,70
1427,67
1507,70
1501,70
1384,65
1496,69
1421,67
1576,73
1422,67
1401,67
1310,61
1504,69
1579,74
1563,73
1266,61
1468,67
1583,73
1659,75
1542,69
1615,71
1574,70
1494,68
1442,64
1359,66
1578,70
1513,67
1352,63
1552,70
1618,73
1579,71
1491,71
1566,72
1390,67
1471,67
1513,69
1443,69
1461,65
1447,69
1358,67
1515,70
1525,68
1583,71
1442,66
1481,66
1411,68
1407,66
1546,73
1278,62
1533,71
1418,67
1516,70
1535,70
1404,64
1511,70
1507,69
1541,71
1344,63
1381,65
1503,70
1523,69
1581,69
1444,66
1359,65
1286,60
1592,68
1472,69
1618,72
1449,66
1560,68
1473,68
1493,69
1402,68
1491,70
1524,71
1371,66
1451,67
1372,65
1499,70
1347,66
1425,64
1441,68
1327,64
1352,62
1353,65
1400,64
1238,62
1493,70
1510,71
1380,66
1502,70
1454,67
1510,67
1488,70
1391,63
1440,68
1436,67
1290,64
1393,68
1360,66
1449,68
1458,68
1512,71
1344,63
1411,67
1584,70
1349,65
1434,67
1487,70
1455,68
1500,71
1514,69
1528,69
1457,70
1643,70
1518,69
1508,71
1454,66
1492,68
1454,68
1468,67
1512,70
1487,67
1452,69
1499,68
1461,67
1540,68
1515,67
1530,68
1390,64
1422,67
1536,70
1465,65
1471,69
1512,69
1583,72
1470,66
1526,70
1429,67
1486,67
1427,66
1430,66
1416,66
1516,68
1371,60
1469,68
1478,70
1511,68
1585,71
1363,63
1607,68
1477,70
1454,66
1481,68
1476,67
1779,76
1380,65
1429,69
1629,74
1381,65
1447,70
1500,69
1474,67
1388,65
1437,68
1598,73
1394,65
1441,67
1440,67
1553,70
1468,68
1591,73
1430,68
1674,77
1446,67
1500,69
1514,66
1356,63
1598,72
1526,70
1544,71
1400,68
1444,67
1392,66
1474,68
1419,66
1570,69
1498,70
1632,72
1485,68
1423,68
1600,75
1519,71
1576,72
1496,69
1618,72
1406,66
1533,70
1379,64
1517,72
1590,75
1462,67
1341,65
1485,68
1403,63
1498,68
1491,70
1472,68
1347,61
1496,73
1405,67
1365,65
1506,68
1362,64
1329,66
1537,69
1529,68
1598,72
1412,66
1468,68
1412,66
1374,65
1568,71
1384,66
1576,73
1416,63
1471,69
1476,70
1477,69
1548,70
1428,66
1408,67
1563,70
1462,69
1376,65
1431,66
1371,66
1617,73
1288,62
1503,70
1461,67
1458,65
1568,69
1572,71
1486,68
1481,70
1527,72
1548,70
1311,62
1436,64
1615,72
1486,69
1450,67
1498,70
1449,66
1483,68
1420,66
1356,63
1411,66
1439,65
1413,67
1540,72
1432,66
1455,69
1453,65
1416,66
1385,67
1485,69
1372,66
1419,68
1572,71
1615,71
1530,69
1602,74
1469,69
1573,73
1476,70
1474,70
1650,74
1478,68
1495,70
1541,70
1618,74
1512,69
1399,68
1482,69
1661,72
1658,72
1592,70
1655,74
1535,69
1559,72
1426,70
1505,69
1694,74
1532,65
1444,66
1471,66
1546,69
1455,70
1453,69
1398,66
1516,71
1433,64
1485,67
1574,71
1431,66
1522,68
1587,72
1479,68
1432,67
1400,67
1535,72
1613,73
1402,66
1372,65
1502,68
1523,71
1500,70
1561,69
1310,63
1500,71
1520,72
1465,69
1431,66
1360,63
1572,70
1427,65
1448,68
1477,69
1489,68
1501,68
1426,68
1523,72
1451,66
1410,64
1598,74
1420,65
1583,71
1338,63
1445,65
1506,70
1374,65
1491,68
1437,67
1377,64
1481,68
1534,68
1478,65
1647,72
1410,64
1526,70
1609,73
1442,67
1641,73
1727,75
1568,70
1442,66
1448,69
1444,69
1404,64
1541,67
1494,67
1449,70
1545,71
1498,68
1576,70
1608,72
1436,64
1548,71
1431,67
1550,71
1578,70
1487,67
1612,73
1440,69
1469,69
1522,71
1421,67
1471,69
1510,73
1464,69
1467,67
1562,71
1453,68
1606,71
1480,68
1232,60
1497,72
1396,65
1518,66
1638,74
1345,65
1303,63
1546,69
1501,69
1422,66
1466,68
1326,62
1331,62
1530,69
1464,67
1499,68
1429,67
1673,75
1584,73
1384,65
1476,68
1477,69
1576,71
1439,66
1588,69
1552,70
1548,69
1503,68
1469,70
1464,68
1518,70
1424,69
1509,67
1399,67
1534,69
1486,67
1399,67
1658,73
1573,73
1462,68
1557,72
1599,69
1374,66
1393,67
1376,66
1470,67
1490,67
1462,68
1591,71
1508,69
1433,66
1413,67
1503,67
1567,70
1525,66
1403,63
1582,69
1521,68
1471,69
1491,66
1363,64
1545,70
1484,67
1386,66
1554,72
1418,67
1413,68
1407,66
1461,67
1459,65
1260,61
1521,70
1421,68
1427,67
1546,71
1447,66
1439,63
1624,73
1522,70
1518,71
1527,71
1549,71
1432,68
1565,71
1480,68
1382,63
1385,64
1435,67
1537,69
1298,62
1605,74
1544,68
1685,73
1517,70
1429,69
1561,73
1507,66
1361,65
1395,65
1414,65
1534,68
1618,70
1357,63
1583,71
1528,72
1576,68
1519,69
1572,70
1442,66
1603,72
1471,66
1549,69
1338,63
1259,61
1446,65
1570,70
1265,63
1498,68
1667,74
1589,71
1392,65
1548,72
1456,66
1507,70
1518,70
1547,70
1349,63
1531,71
1380,65
1454,67
1493,69
1508,68
1368,65
1475,68
1552,71
1341,63
1342,64
1474,70
1493,68
1480,68
1509,69
1505,71
1502,66
1414,67
1485,70
1348,62
1403,66
1314,63
1550,71
1332,63
1475,67
1594,70
1550,71
1375,66
1529,70
1495,66
1600,73
1458,68
1511,70
1640,71
1570,71
1525,69
1411,66
1491,68
1465,71
1533,70
1550,71
1307,64
1451,65
1412,66
1565,72
1297,65
1532,68
1507,71
1374,65
1546,70
1507,71
1545,72
1543,69
1495,69
1484,70
1496,67
1592,75
1592,70
1546,70
1614,73
1514,69
1661,74
1379,65
1464,69
1526,69
1250,61
1514,70
1321,65
1409,69
1451,68
1478,68
1404,64
1669,71
1474,69
1388,66
1687,76
1500,67
1567,71
1506,67
1505,71
1426,66
1438,66
1581,71
1414,65
1327,63
1636,73
1537,71
1656,73
1577,70
1315,63
1478,70
1591,69
1476,69
1382,66
1501,67
1480,68
1513,68
1517,67
1477,70
1450,69
1475,69
1461,69
1475,66
1419,65
1504,67
1581,71
1457,67
1527,71
1458,71
1466,68
1414,68
1450,66
1504,68
1412,67
1678,76
1570,70
1516,70
1387,66
1576,73
1585,70
1363,63
1474,69
1512,70
1413,65
1612,74
1416,66
1464,68
1590,74
1448,69
1579,68
1613,73
1352,66
1389,61
1564,71
1377,65
1594,72
1443,63
1570,71
1630,74
1489,69
1599,73
1454,69
1458,68
1452,70
1592,72
1464,67
1333,66
1544,71
1439,69
1425,66
1616,71
1413,65
1524,71
1607,71
1532,70
1235,62
1556,72
1430,68
1440,67
1520,70
1623,73
1411,65
1505,68
1430,68
1408,64
1340,65
1528,71
1561,70
1510,69
1446,68
1392,65
1319,65
1487,66
1565,71
1565,73
1479,67
1550,68
1345,65
1419,65
1376,68
1565,72
1342,64
1355,62
1368,66
1293,63
1420,69
1379,64
1385,66
1582,71
1491,68
1461,69
1526,67
1404,66
1490,68
1549,69
1418,69
1678,73
1521,68
1579,72
1467,69
1427,66
1488,67
1514,71
1450,68
1445,64
1598,70
1549,69
1374,67
1542,71
1426,64
1518,70
1483,69
1606,73
1461,68
1467,69
1465,69
1239,60
1350,66
1515,70
1454,69
1544,72
1473,70
1354,64
1375,63
1454,68
1497,71
1482,70
1555,69
1389,67
1507,68
1473,69
1499,70
1441,68
1497,71
1427,66
1653,75
1359,66
1557,73
1317,62
1615,75
1508,67
1423,67
1558,73
1391,67
1566,71
1512,68
1582,69
1622,72
1563,70
1606,73
1540,70
1451,65
1533,70
1485,67
1433,68
1554,71
1405,66
1423,65
1422,66
1491,69
1536,71
1493,69
1423,67
1458,70
1512,69
1379,66
1580,70
1347,65
1329,64
1442,68
1519,70
1397,62
1521,70
1319,62
1498,67
1481,68
1400,65
1360,64
1319,65
1488,70
1407,66
1411,65
1648,73
1516,71
1493,67
1443,67
1433,67
1573,74
1373,67
1309,62
1425,67
1430,68
1500,68
1215,58
1537,69
1611,72
1483,68
1632,73
1412,69
1541,67
1477,68
1567,69
1316,65
1520,71
1467,71
1458,66
1507,70
1498,70
1521,70
1281,62
1576,71
1256,62
1521,70
1466,69
1618,72
1578,70
1544,71
1315,63
1511,70
1528,69
1579,72
1551,70
1658,74
1528,72
1534,68
1375,65
1454,67
1435,66
1402,65
1634,72
1575,72
1437,66
1494,68
1458,68
1394,61
1542,70
1450,66
1517,70
1495,69
1328,65
1432,68
1550,70
1618,71
1522,72
1614,75
1410,67
1447,68
1545,73
1487,67
1384,64
1506,68
1512,70
1451,66
1468,69
1443,67
1332,61
1465,67
1648,70
1586,73
1450,68
1542,71
1457,68
1417,65
1383,64
1588,69
1465,69
1569,72
1497,70
1389,65
1615,74
1513,70
1625,72
1453,68
1522,70
1565,70
1484,69
1353,63
1417,66
1482,68
1417,66
1640,73
1489,68
1417,68
1513,71
1457,65
1565,70
1411,69
1504,68
1499,68
1388,63
1529,69
1292,61
1630,72
1607,74
1397,67
1415,67
1261,61
1327,64
1421,67
1511,71
1443,66
1462,67
1495,70
1628,74
1531,69
1538,68
1466,68
1313,65
1455,67
1559,69
1467,68
1457,70
1424,66
1641,76
1457,65
1578,72
1454,67
1492,71
1629,75
1367,64
1567,71
1439,67
1386,68
1512,70
1352,64
1579,69
1442,69
1498,69
1555,71
1636,74
1331,63
1524,71
1523,69
1403,66
1565,72
1483,69
1401,63
1494,69
1493,66
1360,65
1504,69
1455,67
1564,70
1634,74
1550,71
1500,70
1400,66
1497,69
1414,68
1409,66
1625,72
1366,66
1411,66
1433,69
1556,73
1357,67
1382,67
1442,68
1583,73
1472,69
1450,67
1470,71
1477,69
1548,70
1569,71
1572,71
1564,70
1437,69
1440,69
1432,69
1557,72
1510,70
1540,70
1556,70
1507,69
1480,66
1349,64
1424,65
1381,65
1390,66
1430,67
1467,66
1350,64
1462,67
1431,69
1435,67
1453,68
1414,65
1336,64
1540,69
1640,73
1365,63
1576,72
1474,66
1581,71
1453,68
1626,72
1650,75
1467,68
1621,73
1489,69
1652,71
1406,67
1517,70
1512,68
1331,65
1348,68
1504,69
1408,66
1476,66
1552,70
1496,69
1436,66
1511,69
1487,68
1542,70
1295,64
1529,69
1441,68
1475,70
1598,71
1441,69
1318,64
1508,68
1569,66
1420,67
1399,64
1464,68
1420,68
1627,73
1532,70
1533,69
1524,72
1495,70
1476,69
1599,75
1331,66
1516,70
1617,72
1547,71
1512,70
1595,72
1374,65
1395,66
1661,72
1422,67
1563,67
1567,72
1504,68
1493,70
1460,69
1589,69
1594,72
1522,72
1520,70
1573,72
1487,67
1344,67
1345,66
1305,63
1553,68
1451,68
1355,67
1410,67
1498,72
1603,69
1462,69
1504,71
1379,66
1498,68
1390,64
1304,60
1418,67
1542,70
1553,69
1332,63
1337,62
1328,62
1442,69
1434,67
1495,73
1398,65
1542,70
1546,73
1592,72
1486,67
1480,67
1541,73
1477,68
1447,66
1357,65
1458,67
1575,74
1573,73
1449,70
1557,69
1421,67
1516,67
1519,70
1447,68
1304,63
1505,70
1487,70
1463,68
1512,68
1488,71
1447,65
1575,71
1426,66
1410,68
1470,69
1431,69
1254,64
1510,69
1445,67
1411,68
1411,66
1547,70
1505,69
1604,73
1594,71
1487,70
1532,72
1504,68
1569,69
1512,70
1524,70
1372,67
1429,69
1438,69
1487,65
1596,73
1499,69
1604,69
1431,67
1443,67
1203,59
1305,61
1579,73
1562,74
1570,70
1547,67
1406,66
1443,65
1454,66
1384,67
1486,71
1469,67
1420,67
1450,67
1482,70
1463,67
1494,69
1440,68
1643,73
1567,72
1472,68
1469,69
1643,75
1550,73
1446,67
1543,68
1532,71
1361,65
1524,70
1617,71
1273,60
1453,68
1500,70
1303,67
1536,69
1557,71
1374,63
1548,69
1454,68
1377,65
1584,73
1561,71
1332,66
1546,70
1576,73
1464,67
1651,70
1486,70
1328,62
1468,67
1613,74
1490,68
1473,69
1533,70
1465,68
1539,68
1474,69
1518,69
1444,67
1517,72
1438,66
1417,65
1482,71
1536,68
1455,69
1458,70
1495,72
1476,70
1597,70
1435,66
1429,67
1492,71
1527,70
1460,68
1588,72
1620,73
1567,74
1499,69
1447,68
1527,69
1409,65
1389,63
1587,72
1589,70
1450,68
1328,63
1401,67
1489,69
1483,70
1501,70
1697,74
1415,67
1533,69
1523,69
1497,68
1483,69
1441,67
1365,66
1487,69
1419,68
1427,65
1408,69
1571,71
1402,65
1394,65
1434,66
1423,67
1555,70
1554,70
1415,66
1352,66
1493,70
1503,68
1503,70
1388,65
1405,68
1332,65
1527,68
1378,66
1527,69
1352,64
1486,66
1550,72
1473,69
1538,69
1444,69
1341,65
1463,67
1470,67
1461,65
1488,68
1376,67
1580,72
1528,70
1417,67
1455,66
1409,66
1397,66
1485,69
1373,66
1441,67
1356,68
1495,69
1540,70
1521,69
1254,62
1543,69
1574,71
1459,67
1532,69
1463,68
1497,71
1552,74
1472,68
1408,65
1388,65
1384,62
1271,61
1714,75
1559,71
1399,67
1452,67
1333,63
1456,66
1567,70
1505,67
1465,68
1373,64
1470,66
1297,64
1527,71
1570,72
1429,63
1533,70
1418,68
1486,70
1496,69
1444,68
1438,65
1493,71
1301,64
1536,70
1420,67
1527,71
1481,68
1483,67
1609,72
1510,70
1497,71
1585,70
1401,66
1433,68
1467,65
1571,73
1584,73
1539,71
1553,72
1451,67
1519,69
1506,69
1457,70
1681,74
1476,67
1440,64
1469,67
1499,69
1399,67
1502,68
1473,68
1625,74
1658,74
1341,65
1523,69
1566,69
1420,65
1514,71
1452,67
1548,72
1537,70
1503,69
1507,71
1491,69
1534,70
1519,69
1481,69
1636,71
1582,74
1378,65
1542,70
1444,67
1556,69
1480,67
1536,72
1478,69
1547,71
1526,69
1537,68
1492,66
1427,68
1590,71
1450,69
1578,71
1272,59
1324,63
1646,73
1525,69
1556,71
1455,66
1632,72
1377,67
1454,66
1372,67
1377,64
1595,72
1424,68
1660,70
1542,71
1384,67
1480,70
1472,69
1563,73
1540,67
1398,67
1523,69
1638,74
1498,68
1514,70
1461,69
1296,62
1364,62
1502,68
1421,65
1312,66
1342,64
1467,66
1381,65
1572,68
1575,70
1525,70
1545,71
1376,66
1524,69
1480,70
1542,67
1348,66
1616,71
1434,65
1573,70
1395,65
1398,67
1443,69
1376,64
1399,67
1487,71
1462,71
1525,68
1591,73
1446,67
1364,65
1485,68
1433,64
1493,69
1368,63
1465,69
1646,72
1445,68
1557,70
1527,69
1525,69
1431,67
1445,68
1424,66
1542,71
1452,68
1343,65
1483,67
1364,63
1441,68
1571,69
1414,65
1535,69
1401,69
1347,66
1345,66
1504,70
1433,69
1535,73
1573,71
1417,65
1492,69
1439,66
1503,67
1543,70
1611,70
1424,65
1492,70
1506,69
1448,69
1470,70
1416,64
1412,65
1403,64
1513,70
1441,68
1577,71
1510,71
1472,69
1411,67
1429,66
1480,68
1539,69
1446,63
1606,71
1511,68
1461,69
1571,71
1491,68
1459,66
1480,69
1595,71
1533,71
1431,66
1424,66
1346,66
1389,68
1402,65
1471,66
1420,67
1588,72
1567,72
1497,69
1496,69
1508,69
1474,70
1498,69
1379,65
1388,64
1478,68
1403,66
1550,69
1377,63
1515,67
1393,66
1532,69
1386,64
1469,69
1333,65
1666,76
1539,69
1554,68
1482,69
1325,64
1577,72
1400,64
1401,64
1352,66
1526,71
1532,72
1380,69
1405,68
1429,64
1637,73
1500,68
1576,71
1611,71
1546,73
1566,71
1423,66
1524,71
1413,67
1388,68
1420,66
1399,66
1315,63
1503,68
1570,70
1475,69
1410,66
1513,68
1449,65
1454,68
1451,69
1583,72
1445,68
1378,64
1522,69
1447,68
1452,66
1435,65
1615,72
1515,72
1549,71
1425,66
1490,70
1416,68
1341,63
1495,71
1585,73
1682,77
1378,66
1513,69
1485,65
1578,69
1375,65
1526,72
1527,71
1447,68
1481,69
1477,67
1501,69
1485,69
1437,68
1476,67
1426,66
1445,62
1530,72
1491,70