1167,53
1288,56
1267,54
1275,56
1253,54
1279,56
1322,58
1322,58
1385,60
1385,60
1385,60
1384,62
1413,61
1378,62
1381,61
1378,62
1374,62
1364,60
1374,62
1364,58
1302,59
1303,59
1293,57
1374,62
1409,62
1395,61
1343,61
1382,60
1483,63
1479,63
1490,63
1477,63
1394,60
1410,61
1512,65
1509,65
1491,63
1553,66
1544,64
1349,59
1553,66
1441,60
1472,64
1588,68
1547,67
1561,67
1489,65
1371,61
1588,68
1529,66
1334,58
1368,61
1509,64
1557,67
1563,67
1598,68
1316,58
1535,66
1570,68
1382,59
1516,67
1476,65
1490,65
1577,68
1562,68
1489,64
1490,65
1517,66
1395,61
1529,67
1559,67
1562,68
1517,66
1500,65
1570,68
1375,61
1541,66
1562,68
1429,63
1476,65
1579,69
1393,61
1606,69
1568,68
1265,57
1570,68
1536,66
1408,62
1530,67
1575,69
1529,67
1575,69
1577,69
1581,69
1548,68
1399,64
1545,68
1411,63
1499,65
1575,69
1416,63
1529,68
1488,65
1579,69
1474,66
1571,69
1575,69
1571,69
1496,66
1584,69
1567,69
1377,61
1486,66
1565,69
1566,69
1556,68
1462,64
1428,62
1565,69
1557,69
1479,66
1501,65
1559,69
1536,68
1513,66
1567,69
1529,67
1389,62
1558,69
1559,69
1291,57
1500,66
1501,66
1394,61
1437,65
1536,66
1557,69
1557,69
1486,66
1565,69
1540,68
1510,67
1291,58
1561,69
1510,67
1454,65
1380,62
1587,69
1557,69
1545,68
1551,68
1532,68
1510,65
1575,69
1473,64
1549,66
1422,63
1558,68
1475,64
1500,66
1567,69
1557,69
1486,66
1559,68
1561,69
1478,66
1442,65
1529,67
1557,69
1559,69
1448,64
1557,69
1559,69
1557,69
1525,67
1555,68
1443,65
1557,69
1420,64
1380,62
1459,65
1557,69
1570,69
1562,69
1429,62
1557,69
1596,69
1557,69
1349,60
1530,65
1360,60
1557,69
1606,69
1353,61
1476,65
1539,67
1515,67
1604,69
1557,69
1480,65
1538,69
1538,69
1538,69
1369,60
1342,59
1516,68
1383,63
1474,67
1439,64
1533,68
1255,59
1426,63
1542,69
1521,67
1493,66
1322,60
1288,59
1541,69
1538,69
1513,68
1589,68
1538,69
1538,69
1474,66
1538,69
1521,66
1504,67
1550,69
1458,66
1483,67
1430,63
1544,69
1372,60
1540,69
1495,65
1367,58
1538,69
1492,67
1434,63
1530,69
1526,67
1423,63
1530,69
1511,67
1539,67
1493,67
1532,69
1366,62
1412,63
1439,65
1401,63
1530,69
1480,67
1530,69
1435,63
1557,69
1530,69
1436,62
1530,69
1485,67
1477,67
1538,69
1472,67
1530,69
1511,68
1530,69
1534,69
1451,64
1469,60
1390,62
1548,69
1501,68
1530,69
1530,69
1538,67
1256,58
1540,69
1536,69
1530,69
1540,69
1532,69
1442,65
1446,65
1530,69
1315,60
1449,65
1586,70
1538,69
1543,69
1598,68
1587,68
1497,67
1588,70
1584,70
1592,70
1513,68
1333,60
1459,63
1417,63
1594,70
1343,61
1566,69
1425,62
1552,68
1526,68
1586,70
1449,64
1464,67
1583,68
1596,70
1481,65
1533,67
1320,59
1308,58
1544,66
1492,66
1395,62
1387,63
1491,67
1425,62
1576,69
1430,65
1584,70
1559,69
1403,60
1442,65
1584,70
1489,63
1454,66
1586,70
1547,69
1586,70
1471,66
1441,64
1576,69
1523,68
1520,66
1592,70
1498,68
1560,68
1507,68
1586,70
1492,66
1560,68
1440,65
1592,70
1584,70
1533,68
1588,69
1607,70
1521,68
1521,66
1432,62
1551,69
1375,63
1421,62
1415,63
1377,62
1586,70
1582,70
1523,67
1545,68
1424,64
1485,63
1582,70
1582,70
1371,62
1457,64
1571,68
1582,70
1617,70
1536,68
1561,69
1582,70
1403,62
1593,69
1516,67
1579,70
1330,62
1368,61
1259,59
1579,70
1446,66
1453,65
1432,63
1321,61
1573,69
1585,70
1504,67
1359,62
1439,63
1552,68
1376,62
1579,70
1608,70
1337,61
1565,69
1579,70
1463,65
1360,60
1440,64
1553,68
1455,64
1579,70
1596,69
1531,65
1568,69
1493,68
1301,58
1614,70
1527,67
1459,65
1538,69
1568,69
1516,67
1546,69
1544,68
1488,66
1499,64
1481,66
1405,62
1587,70
1558,68
1583,70
1531,69
1575,70
1571,69
1462,65
1577,70
1673,70
1575,70
1409,64
1555,69
1340,60
1608,71
1430,64
1608,71
1608,71
1604,70
1509,67
1527,68
1503,66
1494,66
1401,62
1599,70
1612,71
1507,66
1343,58
1573,70
1602,71
1577,70
1531,66
1514,68
1519,67
1585,70
1555,69
1392,63
1476,67
1608,71
1602,71
1602,71
1602,71
1581,70
1396,63
1561,70
1502,65
1598,70
1566,70
1610,71
1604,71
1510,67
1583,69
1602,71
1441,66
1542,68
1494,66
1329,60
1514,63
1596,71
1557,70
1596,71
1570,69
1561,70
1488,65
1596,71
1596,71
1600,71
1651,70
1596,71
1598,71
1455,65
1579,69
1569,70
1582,71
1588,71
1557,70
1326,58
1508,64
1492,68
1529,69
1617,68
1582,71
1417,62
1486,68
1385,63
1515,65
1539,69
1406,62
1507,63
1582,71
1515,68
1431,62
1582,71
1590,71
1503,66
1498,68
1521,68
1568,69
1395,63
1346,60
1606,70
1598,71
1582,71
1560,70
1520,67
1582,71
1470,66
1582,71
1582,71
1582,71
1584,71
1574,71
1525,69
1445,66
1574,71
1560,70
1564,68
1493,68
1496,68
1510,66
1600,71
1574,71
1564,69
1351,62
1574,71
1482,65
1543,70
1552,70
1574,71
1605,71
1532,68
1542,69
1444,65
1582,71
1585,71
1474,67
1511,67
1574,71
1494,67
1417,65
1477,68
1462,65
1531,69
1559,70
1580,71
1547,70
1564,70
1572,70
1305,60
1407,62
1560,70
1325,59
1476,68
1423,64
1542,68
1480,67
1574,71
1423,64
1536,69
1557,69
1500,67
1525,69
1574,71
1594,71
1528,69
1582,69
1574,71
1507,67
1521,69
1570,71
1508,67
1570,71
1325,62
1374,62
1452,64
1431,65
1497,64
1409,66
1387,61
1548,70
1568,70
1508,67
1513,69
1502,68
1386,63
1569,70
1287,61
1410,64
1513,69
1476,64
1573,71
1367,61
1494,64
1570,71
1316,62
1554,70
1462,66
1570,71
1434,62
1564,70
1389,64
1354,62
1566,71
1396,61
1232,57
1538,70
1505,69
1383,63
1570,71
1570,71
1472,68
1364,61
1527,69
1307,60
1468,65
1538,69
1514,68
1553,70
1564,70
1479,67
1413,65
1507,64
1566,71
1440,64
1566,71
1571,68
1570,71
1503,67
1466,65
1568,71
1566,71
1566,71
1337,59
1496,67
1478,66
1366,62
1412,65
1583,70
1566,71
1385,61
1570,71
1527,70
1500,65
1489,68
1439,67
1535,70
1503,69
1573,67
1568,71
1402,63
1523,70
1521,68
1511,67
1411,64
1517,68
1494,69
1504,66
1572,71
1566,71
1393,66
1572,71
1544,70
1378,62
1566,71
1390,63
1542,66
1539,68
1418,63
1499,68
1471,66
1540,70
1574,71
1569,70
1398,63
1376,63
1505,68
1359,60
1564,70
1574,71
1507,67
1566,71
1492,67
1535,65
1439,66
1568,71
1482,64
1348,60
1472,68
1550,70
1503,69
1453,63
1361,63
1525,70
1512,68
1587,69
1538,70
1552,69
1574,71
1534,66
1494,68
1572,71
1558,70
1355,62
1505,69
1513,67
1538,70
1524,69
1564,71
1495,65
1495,65
1549,70
1564,71
1531,70
1498,69
1550,70
1419,64
1546,69
1495,67
1564,71
1572,69
1351,62
1494,69
1434,64
1496,68
1546,70
1568,71
1428,63
1378,61
1564,71
1336,62
1550,70
1513,66
1546,70
1282,60
1419,61
1484,67
1561,70
1588,69
1480,66
1531,70
1572,71
1269,59
1576,71
1493,67
1303,61
1578,71
1425,62
1398,61
1387,64
1564,71
1564,71
1580,71
1330,60
1564,71
1564,71
1564,71
1457,64
1413,64
1537,68
1381,59
1519,69
1373,59
1528,69
1429,66
1351,60
1564,71
1517,68
1492,67
1502,67
1483,69
1529,69
1503,68
1331,61
1500,68
1581,70
1572,71
1363,63
1505,67
1413,61
1449,65
1374,64
1364,63
1570,70
1536,69
1371,62
1564,71
1550,70
1519,68
1364,62
1497,69
1380,64
1368,60
1496,68
1452,68
1457,68
1483,67
1582,71
1450,64
1564,71
1373,59
1550,70
1570,71
1542,70
1489,67
1411,63
1500,68
1527,69
1479,66
1527,67
1416,64
1526,70
1348,62
1499,68
1450,67
1503,68
1566,71
1465,66
1564,71
1432,67
1344,61
1301,60
1458,63
1564,71
1409,63
1327,59
1559,68
1302,61
1501,68
1586,71
1539,70
1582,71
1443,66
1539,69
1574,71
1366,61
1563,70
1568,71
1564,71
1625,67
1564,71
1448,66
1488,68
1433,64
1428,64
1443,65
1564,71
1564,71
1399,62
1406,66
1511,68
1385,63
1572,68
1434,66
1404,64
1468,67
1452,67
1538,69
1413,65
1544,69
1564,71
1396,62
1550,66
1511,68
1564,71
1326,62
1516,69
1375,63
1520,67
1332,63
1423,65
1370,63
1578,71
1357,63
1502,69
1386,63
1434,67
1477,63
1436,64
1501,68
1300,62
1529,70
1413,64
1570,71
1341,63
1517,68
1528,67
1527,69
1501,68
1454,66
1557,70
1470,65
1478,66
1554,69
1568,71
1464,67
1380,63
1452,64
1513,69
1465,64
1483,66
1564,71
1408,63
1566,71
1564,71
1452,67
1564,71
1534,70
1525,68
1384,64
1404,64
1448,65
1444,66
1566,71
1568,71
1465,65
1517,67
1402,62
1442,66
1550,70
1494,68
1560,67
1550,70
1517,68
1497,67
1547,69
1467,67
1564,71
1551,69
1564,71
1463,67
1454,67
1564,71
1517,67
1558,69
1564,71
1570,71
1488,65
1570,71
1301,60
1410,65
1566,71
1342,63
1266,60
1556,68
1491,68
1502,69
1570,71
1473,67
1536,70
1407,66
1539,69
1503,69
1441,65
1450,65
1535,67
1543,70
1513,68
1560,70
1487,68
1339,63
1564,71
1491,66
1543,67
1363,62
1564,71
1501,68
1542,68
1566,71
1442,67
1527,69
1444,67
1564,71
1455,65
1482,68
1366,62
1451,67
1568,71
1554,70
1462,64
1444,67
1491,68
1537,70
1356,62
1566,71
1469,67
1431,66
1541,70
1502,68
1519,69
1482,67
1566,71
1310,61
1533,70
1523,70
1564,71
1486,68
1467,67
1481,66
1450,65
1564,71
1568,71
1564,71
1470,67
1491,66
1542,70
1458,67
1491,68
1432,67
1404,65
1401,62
1526,70
1382,64
1576,71
1342,61
1560,71
1350,62
1450,64
1564,71
1410,66
1507,66
1432,67
1481,69
1544,70
1509,68
1508,67
1432,65
1511,69
1488,67
1560,71
1535,70
1535,70
1448,66
1507,66
1436,66
1562,71
1369,63
1508,68
1568,71
1475,68
1525,69
1503,69
1501,69
1466,65
1546,70
1369,63
1531,70
1560,71
1460,66
1506,69
1532,70
1521,69
1382,64
1419,66
1456,66
1481,68
1465,66
1495,67
1499,68
1583,71
1355,64
1574,70
1560,71
1560,71
1469,66
1443,67
1530,70
1383,64
1435,66
1426,66
1560,71
1560,71
1482,68
1560,71
1340,63
1568,71
1470,66
1495,68
1493,68
1344,62
1576,71
1435,65
1560,71
1424,67
1560,71
1560,71
1508,69
1448,68
1551,70
1476,64
1478,68
1465,67
1520,67
1451,66
1407,66
1538,69
1530,70
1560,71
1487,67
1564,71
1515,67
1562,71
1536,70
1560,71
1562,71
1464,67
1376,61
1509,68
1564,71
1537,70
1527,69
1562,71
1546,70
1560,71
1405,65
1560,71
1450,67
1509,66
1328,62
1343,64
1380,64
1470,66
1560,71
1495,68
1552,70
1513,68
1451,67
1562,71
1560,71
1380,63
1560,71
1540,70
1503,69
1392,63
1495,68
1537,69
1516,69
1532,70
1509,69
1537,69
1566,71
1562,71
1519,70
1544,69
1576,71
1551,70
1439,66
1528,70
1560,71
1560,71
1330,61
1560,71
1540,70
1367,62
1315,62
1421,63
1560,71
1431,63
1341,64
1560,71
1490,66
1576,71
1398,63
1466,66
1460,68
1566,67
1456,66
1404,64
1533,70
1449,65
1536,68
1481,68
1380,65
1330,62
1440,67
1517,68
1562,71
1484,66
1526,70
1558,70
1273,60
1538,70
1380,63
1514,67
1407,65
1569,69
1530,68
1397,63
1364,63
1560,71
1477,67
1560,71
1512,69
1488,67
1560,71
1558,71
1453,65
1505,69
1275,57
1278,59
1564,69
1505,67
1525,70
1558,71
1378,64
1524,69
1337,63
1547,69
1352,63
1363,61
1403,64
1476,66
1516,67
1411,62
1449,68
1456,68
1517,69
1558,71
1533,70
1558,71
1558,71
1494,69
1522,70
1297,61
1532,69
1392,65
1535,70
1518,68
1445,67
1570,68
1512,69
1558,71
1500,67
1447,65
1489,67
1526,70
1388,62
1558,71
1530,69
1486,68
1503,67
1558,71
1544,70
1350,62
1396,65
1536,69
1507,68
1477,67
1550,70
1407,65
1558,71
1572,71
1409,66
1463,67
1514,69
1411,63
1306,62
1344,64
1407,66
1566,71
1457,66
1558,71
1520,69
1400,65
1519,69
1513,69
1512,68
1558,71
1443,65
1397,64
1570,71
1519,67
1521,67
1340,61
1471,67
1471,68
1542,70
1475,65
1508,67
1444,66
1562,71
1407,64
1558,71
1478,68
1468,67
1558,71
1458,67
1538,70
1454,67
1534,69
1488,68
1530,70
1533,70
1389,65
1572,71
1558,71
1465,67
1542,70
1558,70
1432,64
1558,71
1393,65
1540,69
1558,71
1530,67
1496,67
1326,60
1298,63
1530,70
1469,65
1384,61
1370,62
1558,71
1510,68
1325,62
1491,68
1456,68
1510,69
1364,62
1538,70
1558,71
1370,63
1385,63
1511,68
1513,69
1432,65
1448,68
1499,69
1491,67
1531,69
1420,66
1530,70
1430,65
1459,66
1558,71
1554,70
1558,71
1410,66
1558,71
1503,69
1236,60
1537,70
1218,59
1515,68
1558,71
1470,67
1407,65
1388,60
1477,68
1473,67
1527,69
1531,70
1378,65
1497,68
1558,71
1551,69
1539,67
1485,67
1277,60
1322,62
1499,69
1499,68
1426,66
1320,63
1558,71
1523,68
1566,71
1447,65
1533,70
1320,63
1363,63
1342,62
1564,71
1619,71
1450,66
1367,63
1501,68
1616,71
1515,69
1558,71
1518,69
1328,62
1343,62
1558,71
1560,71
1570,70
1560,71
1538,70
1382,62
1533,70
1493,67
1547,69
1560,71
1530,70
1442,67
1364,62
1544,69
1479,67
1333,63
1453,65
1507,68
1467,66
1443,65
1512,65
1550,69
1564,71
1428,65
1402,65
1544,70
1448,66
1399,65
1540,70
1412,63
1478,66
1526,68
1574,68
1360,64
1491,67
1294,61
1522,69
1467,68
1465,68
1530,70
1564,71
1536,70
1351,62
1512,65
1479,68
1543,68
1398,63
1461,67
1552,69
1371,63
1558,71
1510,66
1534,70
1527,68
1542,70
1580,71
1507,68
1472,68
1444,67
1399,65
1546,69
1544,70
1542,70
1558,71
1558,71
1504,69
1317,61
1515,68
1362,64
1474,67
1576,71
1533,70
1527,68
1558,71
1564,71
1479,65
1317,61
1540,70
1414,63
1482,67
1301,61
1481,68
1517,68
1536,70
1558,71
1351,61
1438,65
1436,65
1272,58
1568,71
1550,70
1464,67
1369,63
1502,68
1493,68
1468,67
1457,64
1468,66
1535,68
1332,60
1493,67
1345,64
1565,70
1558,71
1558,71
1451,66
1552,70
1558,71
1558,71
1527,69
1411,66
1503,66
1498,67
1311,61
1558,71
1531,69
1443,67
1429,64
1562,71
1527,69
1540,70
1486,66
1445,64
1370,62
1466,68
1311,63
1658,70
1586,71
1394,65
1570,70
1550,70
1463,67
1538,70
1552,70
1448,66
1509,69
1461,66
1560,71
1552,70
1540,70
1434,66
1535,68
1361,63
1527,67
1524,69
1502,68
1558,71
1377,62
1482,68
1558,71
1633,69
1541,70
1517,69
1520,67
1550,70
1544,70
1502,69
1558,71
1524,66
1511,66
1503,68
1438,63
1564,71
1448,65
1444,66
1558,71
1558,71
1531,70
1546,69
1428,65
1558,71
1574,71
1534,70
1517,69
1558,71
1511,68
1420,64
1558,71
1388,64
1365,62
1558,71
1469,67
1521,69
1558,71
1292,60
1510,69
1498,63
1444,66
1343,61
1320,63
1417,65
1483,67
1444,66
1564,71
1267,60
1555,70
1558,71
1555,70
1538,70
1405,62
1527,67
1409,62
1480,68
1558,71
1587,71
1505,69
1558,71
1494,68
1394,65
1488,68
1489,67
1524,69
1444,67
1548,70
1442,67
1558,71
1491,66
1507,68
1511,68
1558,71
1459,65
1444,65
1491,67
1558,71
1403,65
1550,70
1517,69
1385,64
1442,66
1352,63
1466,68
1522,69
1558,71
1489,69
1491,67
1564,71
1558,71
1534,68
1554,70
1466,68
1508,69
1389,65
1558,71
1356,63
1560,71
1507,68
1360,64
1314,61
1558,71
1577,71
1572,71
1591,71
1402,65
1558,71
1558,71
1470,67
1498,67
1269,57
1441,67
1499,69
1556,71
1453,65
1387,64
1438,65
1433,66
1570,71
1556,71
1457,67
1451,67
1556,71
1545,68
1503,68
1536,70
1540,70
1390,65
1556,71
1527,69
1509,68
1351,64
1548,70
1502,68
1556,71
1405,65
1470,68
1511,68
1411,65
1390,64
1518,66
1474,67
1558,71
1653,73
1591,71
1539,70
1593,68
1653,73
1653,73
1592,71
1493,65
1490,67
1488,67
1521,67
1653,73
1343,61
1496,67
1591,71
1653,73
1639,72
1520,69
1616,72
1653,73
1462,67
1561,69
1477,68
1652,72
1699,74
1631,72
1541,69
1557,69
1486,66
1660,73
1501,68
1699,74
1699,74
1699,74
1699,74
1390,62
1695,74
1438,67
1465,66
1645,72
1589,70
1658,73
1492,67
1695,73
1464,66
1647,72
1679,73
1561,69
1625,71
1463,66
1701,74
1521,68
1705,74
1431,63
1695,74
1664,73
1545,70
1697,74
1356,62
1621,71
1619,69
1693,74
1457,65
1626,72
1554,70
1588,71
1465,67
1685,74
1683,74
1632,71
1683,74
1361,62
1515,67
1683,74
1683,74
1615,72
1657,73
1508,68
1458,66
1683,74
1564,68
1697,74
1683,74
1491,67
1410,64
1639,73
1685,74
1655,73
1623,72
1683,74
1522,66
1666,71
1683,74
1410,61
1476,65
1446,65
1683,74
1620,72
1579,71
1520,67
1683,74
1652,70
1548,69
1595,68
1586,69
1608,69
1578,70
1666,71
1683,74
1615,70
1614,72
1428,64
1613,72
1446,66
1652,72
1683,74
1402,63
1491,63
1588,71
1691,74
1653,71
1501,68
1639,71
1657,73
1570,70
1683,74
1669,73
1602,69
1601,69
1687,74
1632,71
1548,70
1683,74
1426,63
1683,74
1653,73
1416,64
1641,73
1513,67
1509,70
1541,66
1563,69
1651,72
1683,74
1689,73
1466,66
1442,66
1683,74
1722,72
1346,61
1587,69
1475,66
1681,74
1643,73
1701,74
1522,68
1616,72
1650,73
1510,67
1681,74
1560,70
1681,74
1616,71
1657,72
1579,69
1646,72
1681,74
1390,64
1644,73
1549,70
1395,63
1560,66
1535,68
1697,74
1577,70
1650,73
1501,66
1544,68
1531,67
1562,70
1487,65
1441,64
1468,66
1494,66
1679,74
1585,69
1398,63
1535,69
1450,67
1542,68
1683,74
1681,74
1504,66
1413,66
1448,65
1454,63
1604,69
1589,70
1679,74
1679,74
1639,73
1624,72
1367,64
1681,74
1616,71
1506,66
1679,74
1421,64
1622,69
1679,74
1673,72
1620,71
1366,64
1497,68
1553,69
1647,72
1589,71
1579,69
1613,71
1529,69
1681,74
1619,69
1530,68
1548,67
1576,68
1530,69
1504,68
1582,69
1560,69
1621,71
1679,74
1496,68
1476,67
1657,73
1463,66
1587,71
1679,74
1379,62
1529,69
1544,69
1314,61
1508,68
1491,67
1513,67
1487,68
1403,63
1522,68
1625,72
1403,65
1626,72
1540,67
1666,73
1552,69
1629,72
1673,72
1679,74
1510,66
1635,72
1564,69
1362,63
1608,69
1353,61
1592,70
1479,66
1656,73
1687,72
1681,74
1679,74
1536,67
1509,69
1503,69
1580,69
1679,74
1466,64
1683,74
1363,62
1509,67
1623,72
1587,70
1460,65
1612,72
1615,72
1621,70
1629,72
1559,68
1621,71
1679,74
1663,72
1493,67
1571,70
1582,71
1701,73
1359,64
1589,71
1456,65
1252,59
1534,70
1623,72
1679,74
1433,65
1519,67
1544,69
1647,73
1639,73
1556,69
1523,69
1410,62
1557,69
1646,73
1585,71
1566,71
1434,64
1568,70
1460,67
1629,71
1487,67
1679,74
1632,71
1639,73
1593,70
1493,68
1460,66
1318,60
1540,68
1503,67
1592,70
1529,69
1572,70
1343,63
1618,72
1543,68
1629,71
1622,71
1623,72
1482,66
1659,71
1456,65
1432,64
1619,71
1510,67
1721,74
1396,63
1618,72
1679,74
1679,74
1622,72
1565,69
1625,71
1637,72
1654,73
1580,70
1626,71
1471,66
1679,74
1581,71
1537,69
1650,73
1462,64
1618,72
1497,68
1607,72
1679,74
1619,72
1589,70
1618,71
1510,69
1681,74
1581,69
1435,64
1681,74
1587,71
1571,70
1560,66
1679,74
1633,72
1437,65
1643,73
1571,70
1655,73
1501,68
1679,74
1616,72
1627,72
1459,65
1563,69
1654,72
1593,70
1453,64
1462,65
1620,72
1457,68
1493,65
1643,73
1703,73
1667,73
1625,72
1654,72
1423,65
1592,71
1713,74
1554,67
1546,70
1616,71
1590,71
1551,66
1527,67
1656,71
1581,69
1375,64
1632,72
1619,72
1633,72
1610,70
1441,65
1679,74
1396,61
1649,73
1620,72
1312,63
1708,74
1431,66
1592,70
1679,74
1679,74
1627,71
1512,67
1569,69
1526,68
1605,71
1587,71
1620,72
1667,73
1540,68
1411,64
1624,72
1613,72
1496,68
1679,74
1647,73
1609,71
1627,72
1679,74
1436,66
1651,73
1594,68
1631,72
1592,71
1612,69
1335,63
1689,74
1679,74
1531,67
1517,67
1467,65
1582,70
1679,74
1503,66
1481,66
1679,74
1431,64
1662,72
1679,74
1535,70
1679,74
1679,74
1397,65
1577,69
1587,71
1431,64
1349,62
1533,68
1612,71
1578,70
1641,73
1499,68
1559,69
1488,66
1366,63
1713,74
1661,73
1459,66
1403,64
1638,72
1668,72
1521,69
1550,69
1528,67
1547,70
1679,74
1679,74
1530,67
1462,67
1586,71
1469,66
1588,71
1551,68
1390,64
1427,65
1509,67
1504,68
1554,71
1661,72
1537,68
1679,74
1654,73
1568,70
1653,73
1586,68
1679,74
1679,74
1509,68
1472,66
1477,67
1552,69
1440,64
1679,74
1494,67
1620,72
1639,73
1578,71
1462,65
1540,69
1543,68
1519,66
1679,74
1499,67
1421,65
1645,73
1595,70
1630,72
1679,74
1533,68
1375,64
1611,71
1621,69
1685,74
1679,74
1482,66
1624,72
1623,71
1640,73
1589,68
1648,73
1530,69
1648,73
1325,61
1476,66
1631,71
1627,71
1581,69
1564,70
1657,73
1679,74
1524,69
1549,69
1415,65
1631,70
1578,67
1593,71
1491,67
1580,70
1581,70
1679,74
1561,70
1586,70
1611,70
1658,73
1457,65
1554,68
1598,69
1679,74
1552,70
1601,70
1506,68
1625,70
1679,74
1592,70
1585,70
1465,66
1451,66
1427,65
1532,68
1536,68
1620,72
1641,73
1324,60
1679,74
1639,73
1606,72
1425,64
1670,73
1509,67
1461,65
1362,60
1618,72
1614,72
1679,74
1689,73
1508,68
1656,73
1498,65
1679,74
1679,74
1662,73
1658,73
1506,68
1432,64
1591,70
1546,69
1650,73
1651,73
1457,66
1268,60
1342,63
1639,72
1449,65
1642,73
1679,74
1652,73
1585,70
1493,66
1587,71
1384,65
1654,73
1679,74
1537,67
1683,74
1429,66
1405,63
1679,74
1526,69
1679,74
1606,71
1476,66
1666,73
1588,70
1598,70
1622,71
1417,66
1459,67
1401,63
1559,70
1405,64
1679,74
1575,70
1658,73
1455,65
1631,73
1590,69
1540,69
1704,74
1505,69
1406,64
1481,68
1426,64
1628,72
1476,66
1545,70
1685,74
1679,74
1687,74
1587,71
1461,66
1632,72
1574,69
1619,72
1543,69
1710,74
1510,68
1506,68
1648,73
1606,72
1650,73
1600,71
1516,69
1526,67
1509,68
1689,74
1521,68
1679,74
1609,72
1578,69
1534,70
1666,73
1399,63
1596,70
1568,67
1578,69
1480,67
1507,68
1648,73
1617,72
1679,74
1335,62
1564,70
1575,71
1581,71
1618,72
1452,65
1397,64
1482,66
1679,74
1441,63
1621,71
1654,73
1679,73
1625,69
1498,66
1547,70
1589,71
1579,68
1675,74
1646,72
1675,74
1559,69
1625,72
1638,73
1585,71
1656,73
1646,72
1679,74
1387,64
1608,69
1649,73
1502,68
1503,68
1675,74
1677,74
1487,68
1547,68
1637,73
1529,68
1550,68
1504,68
1683,74
1606,71
1589,71
1510,67
1494,68
1706,74
1585,71
1679,74
1552,69
1703,74
1648,72
1675,74
1500,69
1468,66
1350,65
1617,72
1648,73
1461,65
1540,68
1569,68
1682,74
1457,65
1469,66
1491,66
1421,63
1403,63
1675,74
1614,71
1625,72
1637,73
1615,71
1491,67
1611,72
1657,73
1492,66
1645,73
1490,68
1463,67
1454,65
1675,74
1622,72
1518,69
1584,71
1637,73
1630,72
1335,63
1675,74
1675,74
1675,74
1677,74
1515,68
1679,74
1675,74
1675,74
1583,70
1642,73
1670,73
1404,64
1675,74
1642,73
1737,74
1584,71
1560,68
1642,71
1325,62
1500,66
1637,72
1675,74
1352,63
1675,74
1511,68
1604,72
1673,73
1677,73
1560,70
1597,71
1675,74
1496,68
1687,73
1525,67
1624,72
1668,73
1568,67
1648,73
1549,68
1615,72
1675,74
1675,74
1675,74
1435,65
1479,66
1492,67
1675,74
1551,70
1679,74
1493,69
1557,70
1545,69
1536,68
1601,72
1623,72
1675,74
1461,63
1675,72
1577,69
1591,68
1408,64
1679,74
1624,72
1557,69
1645,72
1459,66
1516,68
1666,73
1515,68
1662,73
1551,69
1656,73
1520,66
1496,68
1449,64
1430,65
1549,70
1575,69
1638,71
1562,69
1486,65
1518,67
1526,69
1558,70
1603,70
1638,71
1639,73
1573,69
1675,74
1557,68
1526,67
1490,68
1675,74
1552,68
1658,72
1677,74
1523,66
1565,70
1540,68
1647,72
1371,65
1584,70
1615,72
1485,68
1376,64
1575,67
1679,74
1607,71
1491,67
1591,71
1501,67
1640,72
1551,69
1381,61
1592,71
1612,72
1635,73
1458,66
1510,68
1615,72
1634,72
1606,72
1607,70
1577,71
1675,74
1675,74
1675,74
1541,69
1584,71
1546,69
1651,73
1581,70
1685,74
1555,70
1622,72
1448,63
1479,67
1580,71
1682,72
1656,72
1315,62
1588,71
1524,68
1604,71
1416,63
1638,73
1595,71
1490,68
1579,67
1675,74
1717,74
1540,70
1545,67
1482,67
1429,63
1639,71
1639,71
1527,67
1511,68
1465,65
1590,69
1414,61
1538,69
1606,72
1646,73
1661,73
1636,73
1544,69
1568,70
1636,73
1556,69
1478,67
1612,72
1675,74
1580,71
1310,59
1483,68
1667,73
1583,70
1438,65
1579,70
1637,73
1527,69
1608,70
1675,74
1438,66
1552,69
1644,73
1675,74
1585,70
1677,74
1527,67
1532,67
1650,73
1585,70
1675,74
1529,68
1599,68
1582,70
1656,73
1675,74
1675,74
1505,65
1643,72
1361,61
1431,64
1549,70
1339,62
1495,67
1675,74
1625,71
1440,64
1679,74
1618,71
1667,71
1431,64
1534,69
1562,70
1638,72
1642,72
1675,74
1582,71
1464,66
1403,64
1679,74
1528,67
1639,73
1675,74
1516,69
1375,63
1640,73
1693,74
1677,74
1490,67
1341,62
1675,74
1484,68
1475,67
1593,71
1434,63
1475,67
1556,69
1449,66
1640,73
1588,71
1675,74
1633,73
1640,73
1550,70
1649,72
1610,72
1654,73
1511,68
1496,64
1675,74
1675,74
1675,74
1716,74
1421,63
1409,64
1606,71
1675,74
1411,66
1497,66
1568,68
1519,67
1546,69
1582,71
1607,72
1675,74
1675,74
1675,74
1546,70
1611,72
1485,67
1570,69
1670,71
1528,67
1500,68
1539,69
1675,74
1570,68
1692,74
1633,72
1535,69
1613,72
1636,73
1662,73
1607,71
1563,69
1694,74
1593,70
1381,62
1675,74
1675,74
1524,66
1675,74
1675,74
1672,73
1551,70
1675,74
1367,62
1604,71
1595,71
1531,69
1677,74
1675,74
1609,71
1584,71
1613,72
1409,63
1557,70
1624,72
1644,73
1675,74
1675,74
1379,65
1437,65
1593,71
1656,73
1681,74
1410,64
1531,67
1360,62
1623,72
1675,74
1622,72
1544,69
1695,74
1564,70
1670,73
1436,65
1565,70
1679,74
1638,73
1621,72
1647,73
1506,66
1646,72
1582,71
1606,70
1552,70
1675,74
1360,63
1620,71
1551,64
1474,67
1494,68
1476,64
1499,67
1627,71
1696,73
1679,74
1494,67
1530,68
1553,69
1677,74
1355,64
1497,66
1644,73
1587,70
1513,68
1677,74
1483,67
1607,71
1675,74
1551,68
1472,65
1435,64
1598,69
1647,72
1466,67
1535,69
1675,74
1677,74
1579,70
1601,72
1568,67
1490,66
1639,72
1621,72
1613,72
1478,65
1629,71
1553,69
1675,74
1619,71
1526,68
1677,73
1677,74
1563,69
1556,70
1512,66
1587,71
1675,74
1689,73
1538,68
1675,74
1687,73
1603,70
1579,69
1631,73
1578,70
1675,74
1604,71
1646,73
1406,62
1539,69
1573,67
1492,67
1613,72
1510,64
1675,74
1425,64
1712,73
1675,74
1626,71
1511,68
1449,64
1584,70
1650,72
1472,67
1534,68
1671,72
1566,69
1472,66
1693,73
1587,69
1687,74
1521,68
1675,74
1675,74
1700,73
1642,73
1546,69
1627,72
1658,72
1675,74
1654,72
1670,72
1611,70
1677,73
1532,66
1473,67
1677,74
1557,70
1675,74
1675,74
1631,73
1675,74
1675,74
1373,63
1515,67
1557,69
1503,65
1331,61
1675,74
1675,74
1596,71
1675,74
1494,68
1577,69
1576,71
1471,66
1675,74
1517,67
1576,68
1675,74
1491,67
1613,68
1453,66
1514,68
1416,65
1589,71
1480,66
1624,71
1411,63
1448,63
1675,74
1509,67
1437,62
1502,65
1595,67
1677,74
1592,68
1597,71
1609,70
1540,69
1643,70
1519,69
1631,71
1666,72
1488,65
1581,70
1617,71
1555,68
1407,65
1482,64
1623,72
1648,73
1495,69
1605,72
1572,68
1582,70
1549,68
1353,62
1472,64
1575,69
1599,70
1604,70
1612,72
1382,63
1677,74
1613,72
1360,62
1545,70
1448,67
1562,69
1606,72
1654,72
1607,71
1627,71
1549,68
1396,63
1646,73
1613,72
1617,71
1515,67
1675,74
1612,71
1549,69
1592,71
1493,68
1408,63
1644,72
1645,73
1633,71
1650,72
1641,71
1515,67
1661,72
1644,73
1687,73
1675,74
1470,64
1620,72
1654,72
1640,73
1584,70
1621,71
1457,66
1507,69
1395,63
1700,73
1656,73
1576,70
1668,72
1563,68
1605,70
1352,63
1471,65
1675,74
1675,74
1675,74
1626,72
1595,69
1675,74
1620,72
1582,71
1587,69
1461,65
1480,64
1578,69
1675,74
1675,74
1585,70
1613,72
1304,61
1334,61
1675,74
1603,70
1438,67
1675,74
1595,67
1679,74
1623,71
1516,64
1599,71
1443,62
1541,69
1675,74
1493,65
1516,68
1508,68
1532,67
1675,74
1675,74
1675,74
1534,68
1600,71
1435,64
1481,68
1516,64
1453,64
1500,66
1556,68
1555,69
1651,73
1569,70
1452,66
1675,74
1398,63
1484,66
1698,73
1648,72
1673,74
1644,73
1461,67
1667,73
1575,69
1460,65
1673,74
1555,69
1681,74
1410,65
1592,71
1673,74
1426,64
1436,64
1640,72
1560,68
1581,71
1673,74
1472,67
1588,71
1656,71
1433,65
1602,72
1633,71
1632,70
1492,67
1673,74
1363,62
1689,73
1397,64
1673,74
1535,68
1589,68
1551,69
1673,74
1661,69
1464,66
1596,70
1468,66
1562,67
1673,74
1575,70
1369,63
1628,72
1673,74
1642,73
1457,67
1635,69
1314,62
1683,74
1363,62
1627,73
1588,70
1617,71
1589,68
1675,74
1675,74
1592,69
1642,73
1608,71
1675,74
1649,71
1551,68
1636,73
1596,71
1476,67
1565,70
1616,72
1677,74
1620,72
1620,72
1673,74
1503,67
1399,65
1571,70
1586,68
1639,71
1538,70
1399,65
1625,70
1667,74
1536,68
1645,72
1345,62
1667,74
1667,74
1667,73
1611,72
1559,67
1639,72
1691,73
1545,67
1399,64
1667,74
1669,74
1496,65
1574,71
1646,70
1677,74
1580,71
1606,71
1506,67
1503,66
1469,64
1640,73
1602,71
1604,71
1669,74
1436,66
1396,64
1456,66
1627,72
1595,71
1706,71
1477,67
1604,71
1669,74
1675,74
1667,74
1609,71
1357,64
1275,60
1468,68
1633,73
1507,69
1619,72
1398,63
1397,64
1667,74
1636,73
1647,73
1443,66
1614,71
1553,71
1503,67
1598,72
1515,69
1683,74
1667,74
1576,70
1509,69
1631,73
1480,67
1632,73
1506,68
1667,74
1474,68
1457,65
1650,73
1604,71
1656,73
1579,71
1667,74
1401,64
1607,71
1433,65
1478,67
1632,73
1629,73
1573,69
1671,74
1479,67
1669,73
1559,69
1667,74
1513,68
1513,67
1564,69
1461,67
1634,73
1669,74
1623,72
1364,61
1464,66
1395,64
1541,69
1677,74
1523,68
1624,72
1508,68
1451,66
1564,70
1601,72
1555,68
1609,71
1451,66
1609,71
1594,72
1576,69
1563,69
1369,64
1578,70
1383,63
1522,68
1656,73
1647,72
1667,74
1684,73
1564,71
1639,73
1594,70
1526,69
1633,72
1557,70
1354,63
1429,63
1667,74
1651,73
1600,70
1682,70
1585,68
1445,66
1531,68
1679,74
1644,73
1627,69
1466,67
1536,68
1365,63
1526,66
1663,71
1646,73
1503,69
1493,68
1678,73
1592,71
1545,70
1342,61
1611,72
1543,70
1673,74
1637,73
1615,71
1562,71
1611,72
1675,74
1434,64
1688,74
1537,69
1658,72
1562,69
1553,70
1635,72
1591,70
1601,72
1586,71
1636,73
1671,74
1462,67
1578,69
1667,73
1638,73
1591,70
1579,71
1671,74
1463,66
1498,69
1705,73
1594,71
1535,67
1625,70
1531,68
1549,70
1632,73
1516,69
1649,73
1687,74
1549,69
1562,70
1602,70
1681,74
1643,72
1630,73
1386,63
1578,70
1461,66
1562,69
1646,73
1493,67
1669,74
1589,70
1554,69
1557,67
1596,70
1667,74
1667,74
1583,68
1666,72
1560,71
1649,72
1461,66
1438,65
1651,73
1656,72
1448,67
1479,66
1349,62
1510,66
1667,74
1528,68
1634,73
1611,72
1562,69
1667,74
1646,72
1667,74
1669,74
1301,60
1470,67
1564,68
1673,72
1651,73
1632,70
1667,74
1638,73
1618,71
1587,71
1447,66
1576,71
1589,70
1503,67
1609,72
1632,73
1417,66
1621,72
1673,72
1547,70
1608,71
1678,74
1603,71
1632,73
1459,66
1497,66
1517,66
1559,67
1502,67
1673,73
1673,74
1673,74
1598,70
1260,58
1598,70
1477,66
1671,74
1492,68
1618,70
1639,70
1626,72
1406,65
1611,71
1640,73
1637,71
1667,73
1638,73
1545,68
1437,67
1656,72
1687,74
1667,74
1675,74
1445,65
1539,68
1592,70
1535,68
1596,71
1389,63
1639,73
1564,68
1355,63
1673,74
1653,73
1525,68
1517,70
1518,68
1667,74
1645,71
1683,74
1594,70
1689,74
1576,66
1645,73
1667,74
1491,66
1400,63
1527,70
1652,73
1512,68
1635,72
1675,74
1567,70
1437,65
1590,71
1667,74
1685,74
1667,74
1636,73
1662,72
1583,69
1478,67
1480,66
1555,71
1681,74
1514,66
1606,72
1401,65
1667,74
1465,65
1561,69
1213,57
1583,69
1617,70
1686,74
1563,70
1713,75
1627,71
1520,66
1713,75
1681,74
1615,72
1663,73
1395,64
1571,70
1569,70
1707,73
1559,70
1576,69
1530,67
1713,75
1548,69
1518,68
1677,74
1648,73
1643,72
1700,74
1687,74
1630,72
1361,64
1578,69
1555,70
1651,73
1627,71
1541,69
1645,73
1582,69
1585,72
1562,69
1633,72
1617,70
1507,68
1570,69
1585,70
1331,64
1640,72
1681,74
1596,69
1713,75
1684,74
1515,66
1355,61
1707,73
1713,75
1669,73
1604,70
1589,69
1713,75
1618,70
1567,71
1713,75
1678,72
1447,66
1590,69
1557,70
1698,74
1597,71
1658,72
1717,75
1636,72
1715,75
1639,72
1574,71
1647,72
1600,70
1713,75
1413,65
1711,75
1690,73
1711,75
1690,74
1595,70
1713,75
1494,67
1578,69
1651,71
1606,71
1406,64
1575,70
1649,73
1721,75
1592,71
1707,75
1644,73
1418,65
1717,75
1662,72
1498,68
1467,67
1650,73
1717,75
1654,72
1525,67
1389,62
1654,73
1578,71
1587,71
1541,69
1686,74
1630,73
1636,72
1653,70
1685,73
1676,73
1709,75
1707,75
1707,75
1667,74
1711,73
1464,66
1520,70
1707,75
1562,67
1715,75
1528,68
1646,72
1676,74
1440,64
1711,74
1563,71
1639,73
1707,75
1709,75
1555,69
1688,74
1473,67
1397,65
1678,74
1711,75
1533,69
1519,67
1612,71
1618,72
1639,72
1563,70
1719,75
1688,74
1526,69
1391,65
1652,72
1599,71
1567,70
1612,71
1670,72
1578,70
1616,71
1719,74
1668,73
1672,74
1633,73
1639,72
1681,71
1671,73
1577,71
1707,75
1674,72
1669,74
1678,74
1678,73
1530,68
1669,74
1682,74
1551,69
1608,71
1598,69
1672,73
1504,67
1707,75
1611,72
1621,72
1626,72
1715,75
1677,73
1578,71
1380,65
1499,69
1711,75
1528,70
1655,72
1415,64
1608,71
1707,75
1595,71
1653,73
1709,75
1533,70
1591,69
1483,68
1707,75
1391,64
1586,71
1707,75
1672,74
1707,75
1427,66
1678,74
1711,75
1441,63
1635,72
1716,73
1693,74
1491,66
1488,69
1567,71
1677,74
1527,69
1645,72
1653,73
1547,68
1576,70
1456,65
1502,68
1659,73
1494,68
1670,74
1213,58
1538,69
1562,70
1472,67
1614,71
1615,72
1545,70
1457,67
1673,74
1565,68
1682,74
1421,65
1502,68
1621,72
1586,71
1567,69
1686,74
1532,67
1626,69
1495,69
1600,69
1382,65
1707,75
1723,75
1661,74
1626,72
1255,60
1591,71
1456,68
1710,74
1566,69
1507,67
1645,72
1650,71
1723,75
1425,64
1681,73
1648,72
1645,73
1652,73
1724,75
1356,63
1657,73
1625,73
1281,62
1705,75
1482,67
1670,73
1566,70
1698,73
1705,75
1674,71
1705,74
1609,72
1707,75
1705,75
1367,64
1672,74
1709,75
1705,75
1556,68
1677,74
1607,72
1681,73
1539,69
1667,74
1659,73
1689,73
1667,70
1448,64
1662,74
1348,61
1678,74
1608,72
1715,75
1705,75
1670,74
1677,73
1627,72
1614,71
1605,69
1705,75
1711,75
1618,72
1614,72
1707,75
1631,72
1438,65
1501,69
1705,75
1631,72
1713,75
1681,73
1405,65
1705,75
1635,72
1556,69
1628,69
1257,59
1667,74
1582,69
1618,71
1552,70
1705,75
1520,67
1560,70
1524,68
1596,71
1621,71
1705,75
1435,64
1389,65
1705,75
1601,72
1589,71
1569,70
1606,72
1624,71
1517,67
1617,72
1510,67
1584,71
1621,71
1364,62
1612,72
1585,71
1619,73
1668,74
1529,67
1705,75
1620,72
1659,72
1705,75
1563,70
1468,66
1525,70
1556,66
1606,71
1595,72
1562,71
1565,70
1655,73
1503,68
1652,73
1674,74
1678,74
1696,74
1705,75
1666,73
1540,70
1405,66
1605,71
1602,69
1705,75
1578,71
1511,68
1647,72
1485,68
1476,65
1584,69
1572,71
1705,75
1671,74
1610,72
1590,72
1635,73
1635,73
1707,75
1380,63
1257,59
1469,65
1705,75
1615,72
1709,75
1566,69
1624,71
1709,75
1544,70
1543,68
1659,73
1705,75
1377,66
1294,62
1413,65
1705,75
1711,75
1434,64
1467,67
1638,73
1641,73
1635,72
1676,71
1484,68
1547,70
1360,64
1674,74
1671,74
1677,74
1560,70
1705,75
1741,75
1615,73
1601,72
1677,73
1643,73
1621,72
1480,68
1528,69
1642,71
1463,67
1601,71
1529,68
1702,74
1689,73
1514,68
1705,75
1602,71
1522,69
1472,65
1586,70
1569,71
1533,68
1615,71
1637,73
1617,72
1587,72
1374,64
1611,72
1548,70
1619,72
1705,75
1609,71
1701,75
1514,68
1672,74
1415,66
1705,75
1617,72
1672,74
1705,75
1486,69
1621,72
1633,73
1523,66
1658,73
1672,73
1669,74
1655,73
1703,75
1508,67
1647,72
1701,75
1448,64
1597,71
1556,67
1676,74
1565,71
1622,73
1701,75
1478,65
1634,71
1617,72
1596,72
1522,67
1600,72
1572,70
1629,70
1661,74
1505,68
1448,66
1415,66
1525,70
1609,72
1562,70
1703,75
1700,74
1592,71
1529,69
1730,75
1701,75
1505,67
1676,74
1589,71
1640,72
1427,63
1701,75
1707,75
1654,73
1604,69
1661,74
1571,70
1701,75
1608,71
1688,74
1610,71
1701,75
1427,66
1718,74
1482,67
1701,75
1703,75
1594,70
1498,66
1598,72
1598,72
1599,68
1621,72
1606,72
1705,75
1566,67
1247,58
1639,73
1539,70
1703,75
1646,73
1663,74
1577,69
1573,71
1597,72
1591,72
1701,75
1633,72
1508,68
1676,74
1676,74
1701,75
1665,73
1704,74
1549,67
1701,75
1711,75
1559,71
1520,67
1559,70
1666,73
1644,72
1735,75
1471,65
1705,75
1484,67
1219,59
1547,70
1517,69
1422,64
1565,71
1703,75
1707,75
1699,75
1541,68
1649,73
1529,67
1699,75
1473,66
1209,58
1699,75
1632,70
1525,67
1492,65
1649,73
1709,75
1673,74
1605,72
1690,74
1668,73
1615,70
1348,61
1642,72
1703,75
1633,69
1509,67
1595,70
1699,75
1508,69
1510,68
1703,75
1534,67
1699,75
1699,75
1680,74
1653,73
1501,69
1249,58
1626,73
1705,75
1553,69
1679,74
1554,69
1665,74
1484,66
1372,64
1699,75
1536,70
1440,66
1476,66
1567,71
1434,64
1701,75
1568,69
1674,74
1707,75
1722,75
1454,66
1645,72
1469,66
1380,64
1699,75
1681,74
1674,71
1582,71
1572,70
1705,74
1715,75
1646,73
1425,66
1568,69
1699,75
1705,75
1701,75
1699,75
1668,73
1719,75
1660,73
1629,71
1672,70
1525,66
1624,69
1593,71
1497,65
1661,74
1582,70
1699,75
1610,72
1553,71
1699,75
1483,67
1600,71
1671,73
1641,72
1465,67
1671,73
1568,70
1617,72
1544,70
1631,72
1605,69
1638,71
1625,72
1596,72
1629,72
1658,73
1549,69
1500,66
1565,69
1705,75
1438,66
1642,72
1644,71
1695,75
1549,70
1657,73
1683,73
1634,73
1683,74
1673,74
1695,75
1626,73
1468,65
1658,73
1695,75
1339,62
1503,68
1662,73
1695,75
1615,70
1709,75
1580,71
1651,73
1695,75
1695,75
1521,69
1571,69
1562,67
1620,70
1601,72
1633,73
1467,65
1629,70
1638,72
1697,75
1692,73
1695,75
1557,68
1695,75
1634,73
1490,68
1660,72
1454,66
1498,67
1699,75
1705,74
1683,74
1472,66
1695,75
1624,70
1690,74
1474,66
1703,75
1718,75
1695,75
1698,74
1631,71
1699,75
1695,75
1585,70
1575,70
1623,72
1670,74
1442,66
1685,74
1713,75
1699,75
1562,71
1642,72
1475,67
1704,74
1695,75
1401,63
1659,73
1678,73
1676,74
1569,71
1521,66
1695,75
1461,67
1722,75
1523,69
1699,75
1664,72
1638,72
1699,75
1695,75
1695,75
1665,73
1429,67
1695,75
1560,69
1602,71
1573,70
1627,73
1699,75
1605,71
1599,70
1614,71
1670,74
1618,72
1572,69
1466,67
1633,72
1429,64
1669,74
1695,75
1699,75
1707,75
1631,73
1527,69
1659,74
1329,61
1519,70
1627,71
1531,69
1634,71
1672,74
1454,64
1675,71
1623,72
1637,73
1617,72
1670,74
1572,71
1645,73
1638,72
1482,67
1703,75
1547,70
1695,75
1646,73
1670,74
1627,71
1595,71
1546,69
1562,70
1585,70
1451,66
1668,70
1697,74
1699,75
1695,75
1649,73
1529,69
1658,73
1466,67
1697,75
1508,69
1692,74
1615,72
1482,66
1699,75
1695,75
1638,72
1541,67
1522,68
1551,68
1695,75
1680,74
1608,72
1626,72
1415,66
1710,74
1578,69
1701,75
1647,72
1602,72
1563,70
1695,75
1519,67
1580,71
1636,69
1591,71
1521,69
1695,75
1701,75
1680,74
1602,70
1693,74
1688,69
1695,75
1677,73
1600,70
1626,71
1682,72
1637,73
1666,74
1612,72
1597,72
1554,67
1708,74
1695,75
1669,74
1565,70
1506,65
1703,75
1644,72
1365,63
1697,75
1604,71
1550,68
1663,74
1318,61
1593,72
1660,73
1683,73
1695,75
1580,71
1425,64
1634,73
1608,72
1695,75
1562,71
1722,75
1711,75
1638,72
1703,75
1668,70
1562,71
1638,71
1644,72
1575,69
1674,74
1662,73
1580,71
1573,70
1668,74
1666,74
1576,70
1412,65
1695,75
1410,67
1612,72
1688,74
1664,70
1695,75
1538,69
1695,75
1685,74
1521,69
1589,70
1464,66
1547,66
1662,69
1549,69
1585,72
1467,65
1695,75
1599,69
1632,71
1672,72
1685,74
1463,66
1649,73
1695,75
1464,67
1480,67
1635,73
1652,72
1491,66
1737,75
1579,70
1695,75
1552,70
1419,66
1629,73
1705,75
1556,67
1695,75
1680,74
1662,72
1579,70
1663,73
1603,72
1623,72
1620,72
1516,69
1695,75
1678,73
1703,75
1632,71
1714,74
1607,70
1528,65
1644,72
1691,74
1686,73
1655,74
1699,74
1610,72
1599,71
1645,72
1457,65
1695,75
1452,65
1671,74
1707,75
1566,67
1294,60
1610,72
1663,73
1639,71
1657,74
1612,71
1710,74
1695,75
1697,75
1630,72
1540,67
1592,70
1659,73
1685,74
1538,67
1707,71
1612,72
1635,72
1429,66
1618,69
1615,72
1687,74
1699,75
1453,65
1615,72
1479,65
1695,75
1432,66
1530,67
1610,69
1639,73
1725,74
1471,66
1639,73
1400,65
1707,71
1590,72
1654,68
1695,75
1695,75
1607,71
1674,74
1701,75
1651,73
1502,66
1544,69
1488,68
1642,72
1678,73
1565,68
1651,73
1681,74
1577,69
1589,71
1695,75
1695,75
1641,72
1632,73
1606,71
1659,73
1679,74
1487,66
1661,72
1724,75
1598,71
1382,63
1473,66
1558,71
1575,70
1654,72
1488,64
1600,71
1591,70
1520,67
1683,74
1695,75
1590,71
1642,71
1695,75
1695,75
1701,75
1708,73
1719,75
1695,75
1662,73
1526,67
1695,75
1607,70
1533,66
1618,71
1629,72
1662,72
1691,74
1648,72
1695,75
1649,73
1695,75
1589,68
1701,75
1600,72
1695,75
1595,71
1715,74
1463,65
1695,75
1559,71
1675,74
1725,74
1664,73
1713,74
1581,71
1540,69
1557,67
1691,75
1691,75
1510,67
1550,70
1550,66
1705,75
1590,70
1652,73
1398,63
1693,75
1537,68
1639,73
1567,68
1532,67
1599,71
1496,65
1592,71
1686,73
1628,72
1668,73
1305,60
1691,75
1377,65
1577,70
1653,73
1618,73
1691,75
1547,69
1703,75
1642,73
1644,70
1539,68
1691,75
1641,73
1691,75
1584,69
1563,68
1523,69
1707,74
1615,71
1622,72
1602,71
1537,68
1510,68
1523,68
1640,71
1550,69
1527,68
1686,74
1497,66
1691,75
1633,71
1322,61
1518,70
1709,75
1666,74
1274,61
1594,72
1655,72
1689,75
1671,74
1619,72
1630,73
1689,75
1557,71
1695,74
1651,73
1641,73
1613,71
1661,73
1480,66
1468,67
1449,67
1583,71
1624,73
1630,67
1682,74
1591,70
1612,71
1697,75
1631,72
1656,73
1566,68
1468,64
1489,66
1665,74
1640,71
1489,64
1627,71
1547,68
1622,71
1565,68
1584,70
1645,69
1689,75
1689,75
1695,73
1589,69
1671,74
1596,71
1701,75
1679,73
1544,67
1697,75
1448,65
1609,72
1487,67
1675,74
1698,72
1689,75
1563,70
1675,73
1636,71
1646,73
1718,75
1686,73
1613,73
1614,67
1574,68
1632,73
1691,75
1537,67
1349,62
1579,71
1507,66
1691,75
1647,73
1585,71
1689,75
1659,72
1690,74
1674,74
1682,74
1527,68
1590,71
1538,69
1616,70
1442,65
1627,72
1582,71
1459,66
1649,73
1719,75
1574,68
1533,69
1642,70
1462,65
1689,75
1531,67
1550,67
1645,72
1647,71
1660,73
1651,74
1461,66
1661,71
1695,75
1689,75
1597,71
1625,72
1533,69
1659,72
1438,63
1547,68
1656,73
1689,75
1658,73
1557,71
1667,73
1475,65
1697,75
1674,73
1340,61
1663,73
1439,65
1714,75
1590,71
1657,71
1675,74
1599,69
1689,75
1617,72
1609,72
1605,70
1668,74
1554,69
1641,74
1610,70
1488,67
1607,72
1666,73
1462,66
1703,74
1675,74
1535,69
1707,74
1603,68
1580,70
1689,75
1630,69
1703,75
1630,71
1685,72
1527,67
1656,73
1630,69
1701,75
1625,73
1693,74
1518,65
1580,70
1625,70
1647,74
1581,69
1689,75
1476,67
1623,72
1601,70
1638,72
1638,73
1594,71
1545,69
1519,65
1635,72
1594,71
1579,70
1530,69
1627,72
1533,69
1615,70
1629,72
1591,71
1675,74
1651,74
1689,75
1715,75
1654,73
1431,63
1707,75
1601,70
1642,70
1671,73
1715,75
1697,75
1531,69
1674,74
1665,74
1689,75
1501,65
1689,75
1648,72
1724,75
1554,69
1556,70
1551,66
1560,69
1629,72
1534,70
1529,69
1550,66
1616,68
1549,70
1497,66
1580,69
1550,67
1536,67
1558,70
1567,70
1571,70
1550,68
1723,75
1580,71
1695,75
1703,75
1651,71
1697,75
1463,65
1689,75
1667,74
1638,72
1659,73
1709,75
1580,68
1601,72
1551,66
1615,72
1686,73
1676,74
1689,75
1529,68
1632,72
1619,70
1650,73
1642,72
1544,69
1619,70
1633,72
1536,67
1705,73
1565,67
1648,73
1689,75
1561,68
1672,74
1618,71
1609,72
1562,69
1689,75
1495,68
1666,73
1548,70
1619,72
1332,62
1655,73
1510,68
1456,65
1611,72
1707,75
1568,70
1484,68
1515,69
1620,71
1514,66
1603,72
1529,68
1676,73
1689,75
1677,72
1467,66
1577,70
1601,70
1608,69
1689,75
1717,74
1479,66
1619,71
1600,69
1556,67
1543,69
1688,73
1689,75
1693,75
1695,75
1368,62
1637,73
1639,73
1649,72
1727,72
1693,75
1544,67
1591,70
1646,73
1689,75
1614,70
1638,72
1647,74
1660,74
1665,71
1678,74
1385,63
1395,64
1606,69
1385,62
1450,65
1580,70
1659,73
1649,71
1531,66
1709,74
1689,75
1569,69
1635,73
1701,75
1679,74
1600,72
1701,75
1586,71
1634,72
1620,71
1490,66
1705,74
1576,70
1475,65
1689,75
1691,75
1607,70
1579,68
1563,69
1648,72
1664,73
1415,64
1558,68
1689,75
1536,69
1604,71
1693,74
1687,74
1649,73
1694,74
1689,75
1689,75
1689,75
1601,72
1689,75
1446,66
1601,72
1550,67
1542,67
1693,74
1618,72
1648,73
1585,69
1638,72
1689,75
1639,73
1604,71
1520,68
1593,71
1672,73
1535,69
1682,74
1689,75
1539,70
1602,70
1500,65
1704,74
1689,75
1689,75
1689,75
1571,71
1388,63
1686,73
1654,73
1605,71
1647,74
1650,73
1656,72
1691,75
1560,69
1600,71
1559,69
1531,68
1624,73
1689,75
1691,75
1689,75
1524,69
1651,72
1707,74
1641,72
1715,75
1592,68
1689,75
1695,75
1616,73
1689,75
1539,67
1689,75
1638,73
1586,70
1589,71
1441,65
1673,74
1666,73
1611,71
1689,75
1667,74
1484,68
1659,74
1691,75
1707,75
1438,65
1669,74
1518,68
1689,75
1627,73
1673,74
1689,75
1402,65
1569,67
1689,75
1693,75
1664,71
1672,74
1629,72
1609,70
1695,75
1555,68
1689,75
1689,75
1686,74
1611,73
1623,73
1600,70
1689,75
1643,70
1634,72
1532,69
1664,74
1689,75
1689,75
1397,61
1627,72
1677,74
1703,75
1619,72
1673,74
1542,69
1609,72
1491,68
1377,63
1294,61
1563,70
1603,72
1678,74
1605,71
1532,68
1668,74
1536,69
1437,64
1694,73
1602,69
1526,67
1689,75
1598,72
1689,75
1623,73
1528,69
1409,65
1650,70
1494,67
1635,72
1539,69
1473,66
1293,60
1689,75
1614,72
1669,74
1574,70
1681,74
1673,74
1577,70
1613,73
1304,61
1703,75
1599,70
1689,75
1634,72
1608,71
1581,71
1697,75
1639,70
1647,72
1593,71
1647,74
1551,68
1659,74
1625,73
1598,70
1553,69
1689,75
1529,69
1667,73
1665,71
1438,65
1566,68
1536,69
1689,75
1664,74
1600,71
1575,67
1600,70
1645,72
1609,71
1585,71
1601,70
1509,68
1689,75
1598,70
1691,75
1608,70
1689,75
1354,62
1639,71
1498,68
1689,75
1691,75
1608,70
1691,75
1647,71
1660,74
1571,70
1569,70
1666,74
1666,74
1468,65
1689,75
1670,74
1582,72
1498,68
1670,71
1651,74
1689,75
1689,75
1513,67
1397,63
1566,71
1608,70
1459,66
1594,71
1595,71
1618,72
1541,67
1525,68
1661,74
1593,72
1522,69
1689,75
1618,72
1642,73
1412,63
1529,69
1576,70
1540,71
1636,71
1670,73
1485,69
1711,75
1673,74
1723,75
1691,75
1543,69
1517,67
1581,70
1472,64
1344,61
1374,63
1639,73
1639,73
1564,70
1631,71
1689,75
1665,74
1598,71
1689,75
1507,67
1393,63
1695,75
1689,75
1491,66
1552,67
1504,69
1496,66
1689,75
1693,75
1689,75
1648,73
1539,68
1477,68
1691,75
1445,65
1689,75
1619,73
1581,68
1689,75
1573,68
1689,75
1596,72
1615,71
1536,69
1499,68
1577,71
1472,65
1357,63
1635,72
1576,71
1566,70
1666,74
1447,65
1638,72
1471,67
1382,64
1574,70
1605,71
1689,75
1526,67
1695,75
1484,68
1661,71
1583,71
1638,73
1467,65
1586,72
1667,73
1695,75
1604,69
1537,69
1485,68
1574,71
1603,72
1662,74
1633,73
1697,75
1706,74
1646,73
1663,74
1470,67
1485,66
1617,71
1695,75
1629,73
1606,68
1596,70
1475,65
1639,72
1661,74
1661,74
1665,73
1689,75
1640,72
1689,75
1703,75
1689,75
1689,75
1669,74
1641,73
1674,71
1578,69
1627,72
1691,75
1705,75
1364,61
1646,73
1689,75
1701,75
1695,75
1586,70
1388,63
1664,74
1486,67
1383,64
1493,66
1689,75
1651,72
1689,75
1590,69
1489,67
1673,73
1625,73
1689,75
1689,75
1638,72
1703,75
1697,75
1428,64
1689,75
1607,72
1574,70
1737,75
1527,68
1661,74
1562,69
1588,70
1623,71
1294,61
1689,75
1594,72
1617,68
1465,64
1557,70
1536,68
1497,67
1679,73
1609,72
1689,75
1689,75
1691,75
1478,67
1503,67
1518,65
1689,75
1641,72
1512,66
1545,69
1445,65
1648,73
1667,73
1631,72
1635,72
1553,67
1691,75
1575,70
1562,70
1689,75
1576,70
1689,75
1576,70
1643,73
1516,68
1709,75
1671,72
1689,75
1482,68
1595,72
1599,71
1385,64
1678,73
1689,75
1498,65
1689,75
1691,74
1655,73
1564,70
1616,69
1660,74
1612,71
1689,75
1350,63
1713,75
1692,73
1689,75
1689,75
1689,75
1691,75
1695,75
1691,75
1583,70
1535,69
1695,75
1543,71
1689,75
1689,75
1641,73
1563,70
1689,75
1691,75
1545,68
1699,75
1654,71
1565,70
1635,73
1544,67
1718,75
1610,68
1660,73
1665,74
1623,70
1695,75
1518,65
1650,73
1697,75
1689,75
1719,74
1618,72
1689,75
1665,74
1683,73
1678,74
1632,72
1683,74
1669,73
1455,67
1523,69
1516,68
1544,68
1593,70
1494,67
1674,74
1349,63
1609,72
1670,74
1546,69
1667,70
1606,71
1606,71
1580,70
1689,75
1624,71
1494,65
1668,74
1632,71
1703,75
1689,75
1689,75
1747,75
1486,67
1593,71
1427,65
1607,72
1632,72
1604,70
1678,71
1689,75
1691,75
1554,69
1607,71
1470,65
1577,69
1461,63
1568,69
1590,71
1645,73
1689,75
1427,65
1634,73
1697,75
1691,75
1689,75
1663,73
1534,70
1591,71
1629,73
1512,69
1657,72
1689,75
1303,62
1604,72
1501,67
1470,68
1524,70
1303,62
1643,73
1693,75
1581,70
1689,75
1672,74
1670,74
1602,71
1661,74
1477,66
1632,73
1676,74
1431,65
1576,68
1689,75
1660,74
1619,72
1605,71
1675,74
1670,74
1591,72
1680,74
1599,70
1578,72
1530,66
1689,75
1529,69
1574,70
1506,67
1652,73
1701,75
1579,70
1584,72
1689,75
1602,70
1671,74
1693,75
1673,72
1583,70
1601,71
1689,75
1623,73
1689,75
1640,72
1648,72
1581,70
1622,71
1651,73
1713,74
1572,69
1653,72
1591,71
1691,75
1499,66
1633,73
1482,67
1389,64
1560,70
1620,73
1504,69
1623,72
1661,73
1468,68
1484,69
1661,71
1482,68
1550,66
1562,68
1441,65
1664,72
1636,72
1588,72
1671,70
1553,68
1644,73
1524,70
1631,73
1659,74
1661,73
1548,69
1305,62
1589,72
1672,74
1559,69
1689,75
1624,72
1595,72
1578,71
1371,64
1546,69
1458,64
1693,75
1661,74
1597,70
1529,67
1689,75
1580,70
1528,70
1442,66
1689,75
1676,73
1693,75
1738,75
1611,71
1661,73
1609,72
1695,75
1693,75
1446,65
1688,74
1691,75
1704,73
1597,70
1644,72
1626,72
1689,75
1440,64
1689,75
1689,75
1522,70
1628,72
1643,73
1609,72
1667,74
1610,69
1502,68
1533,69
1672,73
1585,71
1689,75
1689,75
1545,67
1695,75
1561,68
1667,74
1437,66
1618,72
1640,71
1607,72
1267,62
1566,70
1518,66
1571,68
1632,72
1692,74
1590,70
1719,73
1689,75
1549,68
1670,74
1527,69
1677,73
1593,72
1689,75
1615,71
1681,74
1608,71
1660,73
1736,76
1429,66
1595,71
1693,75
1701,75
1652,73
1719,75
1709,75
1700,74
1675,74
1740,76
1679,74
1734,76
1718,75
1696,75
1561,69
1637,74
1734,76
1709,75
1734,76
1700,75
1536,70
1734,76
1667,74
1569,70
1728,76
1711,75
1668,74
1622,72
1375,65
1677,74
1366,63
1436,68
1728,76
1666,74
1346,64
1574,69
1728,76
1728,76
1644,73
1696,75
1638,74
1483,66
1728,76
1695,72
1700,75
1553,70
1584,70
1707,75
1673,74
1740,76
1499,68
1591,70
1615,72
1655,73
1728,76
1617,71
1730,76
1732,76
1678,75
1736,76
1591,71
1704,75
1718,75
1730,76
1728,76
1593,71
1728,76
1510,68
1655,74
1702,75
1728,76
1590,71
1671,74
1538,70
1707,75
1734,76
1728,76
1674,75
1730,76
1584,71
1569,71
1697,75
1642,73
1526,68
1728,76
1610,71
1525,69
1676,74
1728,76
1547,70
1728,76
1658,73
1728,76
1613,71
1627,73
1578,71
1707,74
1652,71
1617,72
1634,73
1724,75
1673,74
1709,75
1728,76
1627,73
1623,72
1509,67
1728,76
1700,75
1512,68
1571,70
1546,69
1649,73
1703,73
1604,71
1600,70
1678,74
1562,69
1382,65
1729,74
1728,76
1361,63
1711,74
1433,66
1653,74
1665,74
1679,74
1658,73
1577,71
1719,75
1704,73
1694,75
1732,76
1622,73
1638,73
1708,75
1668,74
1698,74
1659,73
1719,75
1650,72
1624,73
1382,62
1610,70
1503,67
1728,76
1392,63
1728,76
1620,71
1468,67
1693,74
1653,73
1724,76
1681,74
1728,76
1626,74
1629,73
1686,74
1662,73
1635,74
1652,73
1710,75
1738,76
1672,74
1689,75
1728,76
1611,70
1736,76
1728,76
1630,71
1434,64
1613,72
1732,76
1726,76
1636,73
1684,74
1697,74
1392,65
1620,72
1562,69
1722,76
1722,76
1722,76
1596,71
1488,68
1674,74
1675,74
1698,75
1640,73
1726,76
1689,74
1474,68
1744,76
1647,74
1531,70
1679,74
1579,71
1643,74
1722,76
1630,74
1722,76
1625,73
1720,76
1720,76
1696,75
1637,73
1701,74
1597,73
1687,75
1624,72
1557,70
1701,75
1546,70
1545,70
1725,74
1623,73
1720,76
1726,76
1707,75
1542,68
1636,74
1627,73
1475,65
1636,73
1667,74
1615,72
1636,73
1699,75
1484,67
1666,73
1687,75
1649,73
1709,75
1724,76
1703,75
1676,74
1752,76
1595,71
1673,74
1720,76
1629,73
1612,71
1667,73
1695,75
1639,73
1676,74
1704,75
1720,76
1722,76
1462,66
1722,76
1633,72
1651,74
1726,76
1341,63
1720,76
1421,67
1610,72
1605,71
1658,72
1591,72
1459,67
1670,75
1720,76
1672,73
1551,70
1591,71
1635,72
1696,75
1624,73
1660,73
1720,76
1526,69
1722,76
1532,69
1429,67
1638,73
1607,72
1722,76
1660,74
1641,73
1707,75
1630,74
1667,73
1714,76
1604,72
1682,74
1647,73
1544,69
1688,75
1660,72
1478,68
1607,70
1714,76
1714,76
1621,72
1507,69
1732,74
1726,76
1628,73
1680,73
1647,72
1714,76
1701,75
1618,72
1665,74
1639,73
1553,70
1657,74
1714,76
1646,74
1507,69
1645,74
1538,69
1552,70
1619,71
1718,76
1718,76
1655,73
1695,75
1684,74
1701,75
1502,68
1613,72
1714,76
1700,75
1615,73
1593,70
1625,73
1583,72
1714,76
1714,76
1526,68
1724,76
1504,68
1660,74
1614,72
1605,71
1738,76
1694,75
1586,72
1554,71
1700,75
1716,76
1615,73
1450,67
1517,70
1618,73
1596,69
1542,69
1586,72
1544,71
1429,66
1611,73
1714,76
1407,65
1712,76
1643,72
1695,75
1623,73
1712,76
1701,75
1627,73
1616,73
1594,72
1649,74
1631,73
1651,74
1598,72
1602,72
1739,74
1673,74
1528,69
1683,75
1703,75
1549,69
1700,75
1592,70
1575,72
1687,75
1688,75
1642,74
1633,73
1689,75
1670,74
1241,59
1689,75
1726,76
1712,76
1643,73
1673,75
1643,72
1697,75
1642,73
1447,64
1462,66
1601,71
1651,74
1594,72
1682,75
1435,64
1515,66
1611,71
1712,76
1693,75
1714,76
1706,76
1624,71
1579,70
1662,75
1640,74
1625,71
1625,71
1485,68
1603,72
1572,71
1561,71
1706,76
1666,71
1682,75
1706,76
1691,75
1611,72
1509,69
1677,75
1612,72
1679,75
1633,73
1592,72
1660,74
1710,76
1574,72
1553,71
1633,72
1710,76
1572,72
1643,74
1702,75
1631,73
1706,76
1603,73
1407,66
1655,74
1553,70
1685,75
1722,74
1706,76
1555,68
1710,76
1573,71
1637,74
1586,69
1706,76
1549,71
1679,75
1631,73
1581,72
1706,76
1706,76
1706,76
1652,74
1647,74
1484,67
1695,73
1694,75
1706,76
1615,72
1629,73
1718,76
1535,69
1589,72
1541,69
1553,70
1706,76
1456,68
1701,75
1710,76
1710,76
1565,69
1462,67
1637,73
1672,75
1445,65
1724,75
1671,75
1706,74
1644,73
1565,70
1524,67
1650,72
1734,75
1565,69
1639,73
1608,72
1672,75
1642,74
1697,75
1580,71
1624,72
1633,73
1674,73
1714,76
1616,73
1560,71
1537,71
1716,76
1464,66
1567,71
1654,72
1653,74
1710,76
1718,75
1687,75
1710,76
1715,73
1656,74
1696,74
1580,70
1648,71
1596,72
1706,76
1657,74
1502,68
1461,66
1623,72
1579,70
1379,64
1706,76
1601,72
1734,76
1652,74
1419,67
1706,76
1596,70
1604,73
1672,74
1631,73
1449,65
1710,76
1687,75
1671,75
1706,76
1560,71
1607,72
1447,67
1703,74
1636,73
1515,69
1612,73
1580,72
1706,76
1706,76
1451,64
1649,74
1695,72
1577,71
1494,67
1627,73
1704,76
1634,72
1664,74
1685,75
1704,76
1633,73
1694,72
1516,70
1495,67
1371,63
1666,74
1536,70
1670,75
1680,75
1672,75
1743,75
1642,74
1544,70
1716,76
1502,69
1658,74
1564,71
1718,76
1360,63
1559,71
1645,73
1669,74
1610,73
1704,76
1728,76
1687,75
1740,74
1704,76
1682,75
1706,76
1503,69
1555,69
1580,72
1707,75
1669,75
1675,75
1528,71
1687,74
1670,74
1614,70
1490,68
1704,76
1671,72
1635,73
1535,69
1577,71
1655,74
1601,71
1651,74
1704,76
1682,75
1714,76
1656,74
1735,76
1659,74
1595,72
1574,70
1559,69
1656,73
1659,74
1704,76
1646,74
1444,67
1612,72
1629,73
1679,75
1710,76
1716,76
1685,75
1558,71
1718,76
1675,74
1706,76
1652,73
1644,74
1641,73
1692,75
1423,67
1460,68
1696,75
1445,66
1656,73
1634,71
1595,71
1487,68
1645,73
1489,69
1622,72
1712,76
1735,76
1554,71
1586,71
1712,76
1511,69
1714,76
1673,73
1657,72
1593,72
1588,72
1604,72
1649,74
1604,73
1501,69
1644,74
1670,75
1384,65
1724,76
1687,75
1714,76
1612,72
1446,67
1638,74
1662,74
1646,74
1658,73
1627,73
1704,76
1605,72
1657,74
1704,76
1704,76
1711,75
1483,68
1603,72
1575,71
1688,75
1665,74
1704,76
1664,74
1679,75
1665,72
1628,73
1630,73
1331,61
1704,76
1529,69
1680,74
1654,74
1681,75
1608,73
1706,75
1580,72
1683,75
1481,67
1641,74
1554,71
1708,76
1537,70
1704,76
1331,61
1636,74
1498,69
1698,76
1698,76
1698,76
1635,73
1550,69
1542,69
1668,75
1531,70
1698,76
1684,75
1706,76
1408,66
1698,76
1664,73
1486,68
1698,76
1675,75
1615,72
1524,69
1573,70
1698,76
1611,73
1484,67
1682,74
1708,76
1626,73
1662,74
1475,68
1685,75
1585,71
1637,73
1693,73
1619,73
1614,72
1705,74
1408,66
1521,70
1510,66
1597,71
1610,72
1675,75
1607,72
1698,76
1638,74
1525,69
1288,62
1592,71
1516,69
1650,74
1576,72
1557,71
1620,72
1696,76
1405,64
1643,74
1666,75
1623,72
1698,76
1648,74
1639,73
1648,74
1589,71
1720,76
1477,67
1650,74
1693,75
1572,69
1481,67
1564,70
1696,76
1700,76
1696,76
1527,70
1696,76
1445,65
1638,73
1632,74
1671,75
1492,65
1532,68
1654,74
1696,76
1591,69
1647,73
1696,76
1665,75
1545,71
1396,65
1551,69
1592,72
1436,68
1696,76
1664,72
1544,70
1581,69
1570,71
1664,74
1551,71
1694,76
1581,71
1590,72
1634,74
1626,73
1706,76
1676,75
1621,73
1484,66
1565,69
1465,66
1501,69
1624,72
1677,75
1659,75
1521,69
1646,74
1598,72
1694,76
1694,76
1694,76
1489,67
1475,67
1544,70
1539,70
1567,68
1629,71
1694,76
1491,67
1607,72
1685,72
1640,73
1661,75
1474,67
1530,69
1694,76
1665,75
1672,74
1676,75
1533,70
1694,76
1704,76
1557,71
1634,74
1643,74
1398,63
1638,74
1590,71
1607,73
1585,72
1694,76
1399,65
1399,64
1287,61
1609,71
1673,75
1694,76
1586,72
1669,74
1685,73
1487,68
1571,71
1658,72
1706,76
1606,73
1694,76
1576,71
1604,73
1657,75
1619,73
1632,72
1568,72
1505,67
1433,66
1634,74
1450,65
1459,68
1626,74
1646,74
1542,71
1698,76
1595,73
1694,76
1667,74
1694,76
1694,76
1661,75
1563,70
1668,75
1571,71
1544,69
1632,74
1665,74
1437,66
1567,70
1580,72
1644,72
1549,70
1614,73
1488,69
1700,76
1607,73
1669,75
1538,69
1660,75
1518,70
1576,71
1682,75
1669,75
1692,75
1523,69
1694,76
1765,76
1620,73
1670,75
1671,75
1694,76
1685,75
1694,76
1701,73
1694,76
1551,69
1605,73
1661,74
1573,70
1543,71
1698,76
1474,69
1665,73
1696,76
1518,67
1633,74
1666,75
1660,75
1630,74
1645,74
1696,76
1654,75
1694,76
1621,73
1568,71
1616,73
1431,66
1694,76
1694,76
1609,73
1665,75
1671,75
1537,68
1700,76
1667,75
1611,72
1437,67
1611,71
1491,68
1608,73
1570,70
1666,75
1636,74
1476,66
1657,74
1694,76
1439,66
1739,75
1549,70
1670,75
1638,74
1626,73
1634,74
1576,72
1645,73
1467,68
1432,64
1623,73
1589,72
1618,72
1646,72
1659,75
1694,76
1694,76
1475,67
1557,70
1618,73
1694,76
1696,76
1483,67
1726,76
1641,73
1612,73
1610,73
1564,71
1683,75
1476,66
1694,76
1692,75
1461,64
1767,76
1773,76
1654,75
1679,75
1529,70
1498,67
1634,73
1475,64
1503,67
1541,68
1669,75
1655,74
1635,74
1470,66
1640,74
1665,75
1441,66
1678,75
1694,76
1674,75
1617,73
1640,74
1694,76
1504,66
1627,73
1696,76
1679,75
1694,76
1641,73
1609,73
1674,73
1694,76
1397,65
1501,67
1618,73
1632,74
1632,71
1694,76
1656,71
1651,71
1549,70
1508,67
1617,72
1694,76
1700,76
1551,71
1516,66
1486,67
1665,75
1696,76
1375,64
1686,73
1617,73
1457,67
1710,76
1520,69
1643,73
1619,72
1609,73
1636,73
1710,76
1504,68
1694,76
1592,71
1608,73
1694,76
1695,75
1497,68
1666,75
1627,72
1694,76
1604,72
1432,66
1694,76
1621,72
1669,75
1700,76
1584,70
1432,66
1430,66
1671,74
1466,67
1694,75
1728,76
1602,73
1621,72
1572,68
1598,72
1671,75
1481,67
1700,76
1383,63
1591,70
1561,70
1634,74
1724,76
1700,76
1508,67
1389,64
1567,71
1565,70
1694,76
1511,67
1481,68
1586,72
1528,70
1708,75
1633,74
1683,75
1654,74
1661,75
1672,74
1644,73
1530,69
1613,73
1630,71
1531,66
1608,73
1675,75
1501,68
1665,75
1708,76
1400,65
1608,73
1547,68
1724,76
1618,73
1638,73
1503,68
1740,75
1565,70
1669,73
1675,75
1669,75
1608,69
1621,72
1654,74
1569,70
1596,72
1407,63
1503,68
1671,74
1545,71
1660,74
1582,70
1694,76
1666,75
1564,70
1632,74
1606,73
1573,72
1670,75
1694,76
1644,74
1545,70
1580,71
1643,73
1592,72
1672,72
1520,68
1530,70
1637,73
1557,71
1696,76
1694,76
1559,71
1634,73
1542,70
1643,73
1522,68
1665,75
1556,71
1566,71
1549,70
1660,73
1531,69
1688,73
1497,68
1467,66
1604,72
1504,68
1474,68
1537,70
1703,73
1694,76
1639,74
1556,70
1481,67
1700,76
1694,76
1529,71
1419,65
1620,72
1577,71
1505,66
1547,69
1589,71
1636,74
1571,71
1526,69
1694,76
1618,72
1554,71
1495,68
1599,72
1694,76
1673,75
1608,73
1609,71
1694,76
1607,72
1537,68
1553,71
1488,65
1740,75
1595,71
1502,68
1665,75
1607,73
1718,76
1633,72
1593,70
1694,76
1694,76
1641,73
1593,71
1693,73
1694,76
1746,76
1655,74
1512,69
1503,69
1438,66
1675,73
1696,76
1523,69
1490,67
1649,74
1694,76
1674,75
1584,71
1570,72
1694,76
1683,75
1696,76
1666,74
1609,71
1508,67
1583,72
1589,70
1727,74
1453,67
1606,72
1674,75
1572,69
1623,72
1596,72
1615,73
1527,69
1492,66
1702,76
1514,66
1524,70
1647,74
1649,74
1564,70
1593,73
1632,74
1643,73
1616,72
1615,72
1694,76
1583,70
1516,68
1507,68
1603,72
1577,72
1644,74
1513,67
1686,75
1694,76
1698,76
1694,76
1425,64
1628,73
1511,69
1567,71
1694,76
1675,75
1587,70
1704,76
1521,69
1548,68
1694,76
1526,68
1339,62
1541,70
1648,74
1633,73
1694,76
1661,73
1633,74
1704,76
1557,70
1539,70
1643,73
1698,76
1584,71
1484,69
1518,67
1633,74
1541,68
1613,72
1600,72
1564,70
1628,74
1621,73
1587,70
1647,73
1698,76
1650,73
1613,71
1593,71
1588,69
1706,76
1654,75
1653,74
1532,68
1519,69
1667,75
1659,75
1549,70
1607,71
1571,70
1611,72
1511,69
1688,75
1537,68
1449,64
1651,73
1652,74
1483,67
1423,65
1694,76
1618,72
1694,76
1647,74
1637,72
1694,76
1618,70
1692,75
1582,72
1400,65
1540,69
1329,61
1714,76
1710,76
1694,76
1630,74
1694,76
1640,74
1660,72
1646,72
1694,76
1629,73
1622,71
1575,71
1606,73
1589,71
1587,70
1660,74
1657,74
1694,76
1698,76
1397,65
1694,76
1510,69
1517,69
1571,70
1690,74
1637,73
1700,76
1452,67
1491,68
1684,72
1620,72
1595,71
1694,76
1457,69
1609,72
1698,76
1708,76
1572,72
1566,70
1577,71
1526,68
1700,76
1657,74
1512,69
1649,73
1533,69
1571,71
1601,73
1542,69
1675,74
1694,76
1506,68
1679,75
1368,63
1502,69
1687,75
1471,68
1521,68
1643,72
1650,75
1607,73
1694,76
1620,73
1729,73
1633,73
1598,72
1503,68
1632,74
1633,73
1677,74
1694,76
1684,75
1356,63
1492,66
1516,69
1577,69
1567,72
1663,74
1647,74
1376,63
1573,71
1463,67
1628,72
1593,71
1698,74
1694,76
1694,76
1627,74
1632,74
1661,75
1602,73
1694,76
1632,73
1613,71
1611,73
1462,65
1641,74
1527,70
1595,71
1694,76
1570,72
1696,76
1605,72
1603,73
1630,74
1485,67
1690,75
1659,75
1644,74
1488,68
1515,69
1600,72
1551,71
1473,68
1563,72
1574,71
1694,76
1634,72
1694,76
1710,76
1581,71
1613,73
1642,74
1613,72
1583,72
1534,68
1274,60
1627,74
1660,74
1553,70
1382,67
1667,74
1689,75
1552,70
1550,70
1613,73
1551,70
1415,66
1565,71
1698,76
1502,67
1671,75
1642,74
1587,72
1625,73
1306,62
1504,68
1500,67
1587,71
1602,71
1460,66
1722,74
1508,68
1694,76
1642,73
1694,76
1607,73
1550,70
1674,75
1557,71
1713,75
1425,66
1694,76
1694,76
1569,71
1544,71
1668,74
1485,66
1553,71
1500,67
1574,71
1689,75
1592,70
1637,73
1557,71
1694,76
1661,75
1567,69
1545,70
1609,71
1575,72
1608,71
1694,76
1523,66
1661,75
1562,68
1498,68
1632,74
1518,68
1657,73
1682,75
1613,70
1489,68
1631,71
1636,74
1684,75
1694,76
1684,72
1606,71
1546,68
1558,72
1668,75
1709,74
1559,70
1597,72
1601,73
1620,72
1627,72
1636,72
1601,73
1593,72
1639,74
1487,69
1702,76
1430,66
1684,75
1494,68
1677,75
1609,72
1610,72
1718,76
1535,70
1517,66
1683,75
1526,69
1644,74
1698,76
1460,66
1549,69
1393,64
1694,76
1694,76
1595,73
1560,71
1700,75
1592,71
1604,72
1580,70
1694,76
1567,71
1696,75
1526,68
1638,73
1674,75
1538,68
1694,76
1496,67
1544,71
1458,67
1489,66
1467,67
1513,68
1520,67
1494,68
1703,74
1454,65
1452,67
1667,75
1537,70
1587,72
1601,73
1451,66
1700,76
1700,76
1698,76
1588,73
1465,66
1371,61
1607,72
1684,74
1575,71
1532,67
1543,70
1628,74
1458,67
1694,76
1694,76
1629,73
1556,70
1600,72
1448,64
1552,71
1601,73
1601,73
1569,70
1389,65
1479,68
1601,72
1529,69
1565,70
1665,75
1432,66
1581,71
1599,72
1501,66
1694,76
1493,67
1661,75
1705,74
1679,74
1315,62
1608,71
1389,62
1694,76
1612,73
1565,71
1501,69
1694,76
1676,75
1696,76
1610,73
1578,72
1659,75
1516,67
1572,70
1515,68
1694,76
1538,70
1694,76
1594,70
1509,67
1468,66
1700,76
1577,71
1689,75
1535,70
1714,76
1603,72
1536,69
1442,66
1584,71
1694,76
1524,70
1696,76
1694,76
1601,73
1536,69
1434,69
1710,76
1611,73
1644,73
1694,76
1447,67
1657,75
1526,70
1551,70
1575,71
1623,73
1554,68
1694,76
1519,69
1645,71
1487,68
1675,74
1546,69
1459,66
1521,69
1531,70
1696,76
1572,71
1591,71
1698,76
1564,71
1660,74
1518,70
1526,70
1587,72
1485,67
1666,75
1588,71
1410,65
1601,70
1634,73
1605,71
1667,75
1461,68
1622,73
1638,74
1657,75
1663,74
1676,75
1396,63
1694,76
1524,69
1652,74
1574,71
1421,66
1739,75
1685,75
1657,75
1602,73
1414,66
1534,69
1598,72
1694,76
1563,70
1600,70
1639,74
1592,71
1595,72
1667,75
1617,72
1673,71
1725,75
1611,73
1524,70
1381,65
1448,67
1646,74
1533,69
1451,64
1665,72
1632,74
1694,76
1609,72
1674,75
1564,68
1659,75
1602,71
1656,71
1688,75
1531,69
1532,70
1704,76
1678,75
1637,74
1650,74
1467,65
1667,75
1671,75
1569,71
1560,68
1687,74
1719,76
1518,69
1598,72
1652,74
1685,74
1658,74
1694,76
1666,75
1645,73
1426,65
1591,72
1619,73
1403,63
1538,69
1580,71
1698,76
1694,76
1578,71
1608,73
1464,66
1545,70
1710,76
1668,75
1573,71
1490,67
1671,74
1581,71
1710,76
1511,69
1674,73
1645,73
1556,70
1573,68
1519,67
1566,71
1579,69
1667,75
1542,69
1534,68
1569,71
1694,76
1683,75
1689,74
1694,76
1571,71
1536,69
1573,71
1308,61
1621,73
1502,70
1629,73
1696,76
1679,75
1569,71
1644,74
1639,72
1579,69
1657,74
1642,74
1581,71
1456,66
1575,71
1667,75
1694,76
1580,72
1613,74
1566,71
1633,72
1665,75
1542,71
1635,72
1629,72
1471,69
1681,74
1591,72
1618,72
1649,74
1641,74
1449,66
1675,75
1498,67
1510,69
1483,68
1554,70
1542,68
1641,74
1469,68
1694,76
1694,76
1595,72
1638,74
1694,76
1584,73
1505,68
1456,68
1549,70
1669,75
1553,70
1694,76
1640,74
1601,71
1621,72
1287,62
1552,71
1694,76
1681,75
1555,70
1706,76
1590,72
1694,76
1630,71
1510,69
1647,74
1696,76
1644,74
1694,76
1609,72
1640,72
1591,72
1580,71
1673,75
1594,72
1578,71
1566,71
1694,76
1720,76
1698,76
1634,74
1621,73
1609,72
1531,68
1663,73
1534,69
1630,70
1667,75
1561,71
1704,76
1637,74
1669,75
1563,71
1628,74
1694,76
1563,71
1360,61
1439,65
1662,75
1696,76
1570,70
1670,75
1645,74
1773,76
1673,75
1694,76
1549,70
1529,68
1601,72
1585,72
1560,69
1694,76
1716,76
1523,70
1635,73
1642,73
1378,64
1548,69
1640,74
1673,74
1659,75
1592,73
1541,69
1676,73
1584,71
1640,74
1606,72
1485,69
1578,70
1603,71
1566,70
1459,66
1694,76
1677,75
1580,72
1664,72
1649,72
1509,69
1659,75
1498,68
1627,74
1663,72
1663,74
1694,76
1403,66
1709,75
1617,72
1668,73
1694,76
1659,75
1524,69
1696,76
1673,75
1551,67
1623,74
1676,73
1562,71
1622,73
1545,70
1633,74
1698,76
1659,75
1601,72
1500,68
1720,76
1706,76
1443,67
1657,74
1667,75
1663,72
1436,66
1440,67
1694,76
1675,75
1456,67
1698,76
1496,68
1612,73
1559,71
1424,67
1734,76
1688,75
1587,72
1431,66
1589,71
1694,76
1694,76
1320,62
1576,69
1688,75
1660,73
1413,66
1694,76
1592,73
1597,72
1667,75
1610,72
1453,67
1473,67
1600,72
1549,70
1604,73
1625,73
1673,75
1625,72
1694,76
1720,76
1591,72
1541,71
1581,72
1536,69
1574,72
1392,65
1545,70
1642,74
1671,75
1704,75
1627,70
1546,69
1501,68
1495,67
1644,71
1633,72
1544,71
1611,73
1556,70
1665,75
1470,68
1688,75
1529,66
1586,71
1534,68
1540,70
1385,64
1392,63
1700,76
1694,76
1539,69
1694,76
1514,67
1601,71
1442,67
1521,70
1700,76
1607,72
1611,72
1345,63
1502,67
1568,71
1576,71
1650,74
1482,68
1597,72
1558,71
1394,66
1448,65
1642,73
1608,72
1675,75
1613,73
1600,72
1494,68
1550,70
1674,74
1646,73
1454,67
1651,74
1563,71
1694,76
1536,70
1624,73
1675,75
1544,70
1440,67
1571,71
1708,76
1505,70
1575,72
1451,66
1700,76
1704,76
1633,72
1601,72
1328,61
1645,74
1636,73
1694,76
1582,72
1473,67
1523,68
1722,74
1658,74
1612,72
1590,72
1661,75
1694,76
1659,75
1483,69
1612,72
1459,66
1399,65
1694,76
1490,67
1667,75
1659,75
1659,73
1551,71
1694,76
1625,72
1600,72
1464,67
1549,70
1480,67
1598,73
1546,70
1694,76
1483,66
1654,74
1642,74
1657,74
1688,75
1682,75
1624,73
1478,67
1575,72
1603,72
1645,74
1692,74
1435,65
1694,76
1667,75
1551,70
1526,69
1694,76
1484,68
1592,73
1578,70
1686,73
1394,66
1617,73
1704,76
1589,72
1551,69
1536,71
1682,72
1577,72
1624,73
1662,74
1484,68
1708,76
1702,76
1519,70
1595,71
1661,75
1511,68
1694,76
1694,76
1561,72
1611,73
1700,76
1541,67
1508,69
1546,70
1655,74
1658,74
1585,72
1694,76
1694,76
1568,71
1675,75
1694,76
1613,72
1491,66
1564,71
1572,71
1625,73
1601,73
1621,73
1384,64
1589,72
1535,71
1621,73
1642,74
1483,67
1690,74
1642,74
1596,71
1601,72
1482,67
1412,64
1687,74
1441,66
1556,69
1680,75
1564,70
1579,72
1566,70
1629,70
1377,64
1526,69
1706,76
1586,71
1694,76
1595,71
1694,76
1697,75
1472,66
1643,71
1423,65
1694,76
1578,72
1660,74
1593,71
1658,74
1495,67
1573,71
1698,76
1640,74
1700,75
1694,76
1696,76
1527,68
1662,75
1575,71
1506,70
1539,70
1710,76
1571,71
1573,71
1595,72
1388,67
1634,74
1553,71
1543,71
1657,74
1654,74
1644,74
1615,73
1570,71
1594,71
1694,76
1626,73
1671,75
1651,74
1430,65
1716,76
1661,75
1624,73
1623,70
1582,69
1694,76
1624,74
1694,76
1634,74
1423,66
1556,68
1667,75
1633,72
1535,70
1694,76
1679,75
1655,74
1611,73
1694,76
1472,67
1622,73
1387,64
1507,70
1497,69
1675,75
1630,72
1696,76
1623,72
1678,74
1641,72
1694,76
1657,74
1556,71
1484,67
1645,74
1435,67
1639,74
1483,68
1597,73
1706,76
1635,73
1651,73
1518,69
1638,73
1452,67
1694,76
1694,76
1572,70
1520,69
1554,69
1385,64
1502,68
1682,75
1592,72
1523,69
1644,73
1538,68
1479,68
1613,72
1578,71
1615,73
1459,67
1559,70
1650,74
1567,71
1549,70
1504,68
1598,72
1682,74
1576,71
1597,72
1639,72
1641,73
1616,73
1667,75
1698,76
1673,72
1524,70
1700,76
1534,70
1628,74
1577,72
1485,68
1681,75
1623,73
1694,76
1583,69
1671,75
1673,75
1642,73
1633,72
1588,73
1724,76
1599,71
1591,72
1581,72
1700,76
1594,71
1549,70
1647,73
1526,68
1673,75
1567,68
1394,63
1696,76
1673,75
1506,69
1604,73
1694,76
1635,73
1454,68
1586,71
1704,76
1702,76
1333,62
1556,70
1538,71
1589,72
1646,74
1506,68
1678,72
1651,74
1368,63
1484,68
1626,73
1472,68
1601,72
1687,74
1694,76
1712,75
1480,67
1694,76
1555,68
1694,76
1694,72
1694,76
1362,64
1631,74
1547,69
1559,70
1671,75
1694,76
1580,71
1609,72
1673,74
1615,73
1667,75
1515,70
1694,76
1656,74
1598,72
1485,67
1696,76
1632,74
1694,75
1706,76
1624,73
1545,69
1615,73
1565,72
1477,67
1527,69
1660,75
1647,74
1643,74
1694,76
1655,74
1642,73
1694,76
1569,71
1485,66
1674,75
1607,72
1607,69
1634,73
1475,67
1702,76
1563,69
1605,71
1630,74
1422,67
1618,72
1676,75
1669,75
1667,75
1537,68
1377,64
1646,74
1369,63
1581,71
1694,76
1673,75
1644,74
1492,68
1549,70
1628,72
1694,76
1568,70
1498,67
1483,68
1566,70
1698,76
1696,76
1635,72
1568,70
1593,72
1595,72
1588,73
1706,75
1694,76
1546,69
1624,73
1579,71
1440,67
1685,74
1372,65
1716,76
1693,75
1503,69
1519,67
1501,68
1472,67
1664,75
1686,75
1649,74
1549,70
1429,66
1702,76
1604,68
1651,74
1611,72
1666,75
1608,74
1677,75
1653,74
1601,72
1513,68
1665,75
1613,71
1594,71
1579,73
1594,70
1555,70
1634,73
1642,73
1575,71
1484,68
1552,70
1531,69
1488,68
1600,73
1694,76
1605,70
1694,76
1467,67
1501,68
1606,72
1685,75
1694,76
1540,69
1696,76
1422,66
1537,68
1675,74
1615,73
1595,72
1474,67
1549,70
1648,73
1630,74
1698,76
1674,75
1708,76
1703,74
1532,70
1666,75
1662,75
1537,71
1704,76
1642,74
1605,72
1438,67
1664,75
1509,69
1622,72
1598,72
1675,75
1553,70
1588,73
1547,71
1694,76
1694,76
1641,74
1586,72
1428,65
1555,71
1550,70
1685,75
1676,75
1584,72
1706,76
1694,76
1648,74
1532,69
1616,73
1532,69
1517,69
1694,76
1598,72
1603,72
1581,71
1694,76
1571,71
1675,75
1704,76
1505,68
1589,72
1627,73
1652,74
1652,74
1585,71
1449,66
1570,70
1602,73
1694,76
1597,72
1468,66
1694,76
1532,69
1465,68
1482,68
1696,76
1649,74
1685,74
1694,76
1586,72
1573,71
1527,70
1669,75
1645,74
1603,72
1694,76
1555,70
1633,73
1681,75
1694,76
1665,75
1619,72
1660,75
1585,72
1595,72
1662,75
1418,64
1598,73
1671,75
1665,75
1708,76
1676,75
1694,76
1710,76
1582,72
1652,73
1539,69
1462,66
1639,74
1539,70
1596,72
1694,76
1576,71
1633,74
1643,74
1431,67
1700,76
1447,66
1694,76
1497,69
1608,72
1536,70
1381,64
1671,75
1640,73
1455,67
1635,74
1625,73
1422,66
1604,73
1579,72
1492,69
1548,70
1650,74
1593,70
1475,67
1706,76
1657,73
1558,69
1663,75
1672,73
1589,70
1525,68
1554,71
1696,76
1534,70
1620,73
1565,70
1680,75
1307,62
1661,75
1700,76
1596,71
1620,73
1704,76
1683,74
1694,76
1636,74
1549,71
1449,67
1679,75
1637,73
1554,70
1673,75
1629,74
1460,67
1469,68
1746,76
1569,71
1619,73
1619,72
1644,72
1510,68
1491,68
1474,69
1540,68
1650,74
1665,75
1582,72
1671,75
1570,71
1581,73
1612,73
1673,75
1694,76
1694,76
1565,71
1623,72
1420,66
1547,69
1639,74
1573,72
1619,73
1609,72
1633,71
1652,75
1469,68
1674,75
1689,75
1690,75
1575,72
1694,76
1587,72
1619,72
1501,67
1548,69
1661,75
1579,73
1519,70
1410,66
1416,66
1579,71
1636,73
1540,68
1671,75
1588,72
1638,73
1647,74
1585,72
1623,72
1576,71
1526,70
1607,72
1575,71
1710,76
1638,74
1623,72
1511,69
1479,68
1589,72
1513,69
1657,75
1759,76
1443,66
1594,73
1470,68
1579,72
1573,68
1531,70
1635,72
1579,73
1548,69
1560,70
1507,68
1504,69
1676,75
1449,67
1514,68
1592,71
1613,73
1609,72
1498,68
1628,73
1694,76
1617,73
1636,73
1696,76
1593,72
1596,73
1635,73
1569,70
1694,76
1698,76
1666,73
1579,70
1544,69
1696,76
1486,68
1693,74
1644,74
1484,67
1643,73
1632,73
1495,68
1694,76
1656,74
1694,76
1503,66
1662,75
1534,70
1671,75
1708,76
1552,70
1657,75
1662,74
1588,72
1559,70
1582,71
1651,74
1618,73
1630,73
1700,76
1579,71
1694,76
1700,76
1644,74
1535,68
1477,69
1634,74
1616,72
1462,67
1686,74
1611,73
1586,68
1549,69
1662,75
1566,71
1668,72
1528,68
1610,73
1524,70
1431,66
1519,69
1629,73
1708,76
1647,74
1780,77
1507,66
1655,72
1712,74
1760,75
1542,68
1782,77
1730,75
1720,74
1700,74
1718,74
1670,74
1673,72
1585,71
1466,66
1782,77
1584,70
1751,75
1514,68
1558,69
1748,76
1732,75
1689,72
1576,70
1780,77
1544,68
1614,71
1812,77
1438,67
1572,70
1673,73
1550,69
1465,66
1640,72
1720,74
1582,70
1426,66
1550,67
1485,67
1673,73
1525,67
1671,74
1642,71
1780,77
1753,76
1745,76
1729,75
1594,70
1790,77
1476,66
1780,77
1694,74
1699,74
1717,74
1594,70
1555,69
1780,77
1582,69
1780,77
1636,71
1780,77
1745,76
1661,74
1601,70
1384,63
1780,77
1593,70
1702,73
1587,69
1782,77
1614,71
1701,73
1678,73
1780,77
1659,72
1707,75
1755,76
1786,77
1683,74
1657,73
1697,73
1780,77
1780,77
1514,67
1751,76
1532,68
1544,68
1716,73
1621,71
1632,73
1734,75
1572,69
1689,75
1568,69
1637,73
1796,77
1647,73
1612,69
1753,76
1713,72
1709,74
1790,77
1443,66
1751,76
1742,75
1728,75
1745,76
1679,72
1675,72
1720,74
1648,72
1757,76
1782,77
1474,67
1707,75
1540,68
1800,77
1802,77
1780,77
1691,74
1652,73
1694,74
1616,71
1780,77
1768,76
1747,75
1564,69
1749,76
1674,73
1619,70
1780,77
1532,69
1686,72
1747,76
1722,74
1682,73
1593,72
1728,74
1564,69
1800,77
1710,75
1780,77
1567,70
1810,77
1726,74
1707,74
1780,77
1758,76
1627,71
1588,70
1718,75
1780,77
1735,74
1718,75
1522,69
1561,69
1636,71
1666,72
1697,74
1780,77
1694,73
1707,73
1747,76
1500,67
1796,77
1763,75
1640,72
1790,77
1715,75
1755,76
1530,69
1526,69
1630,73
1780,77
1534,68
1771,76
1452,65
1591,69
1697,74
1763,75
1742,75
1712,74
1684,73
1780,77
1653,73
1615,71
1479,65
1571,71
1784,77
1790,77
1714,74
1618,72
1504,67
1336,61
1655,72
1623,72
1784,77
1687,73
1740,75
1794,77
1566,71
1628,72
1761,75
1780,77
1664,74
1746,75
1751,75
1534,68
1687,73
1736,75
1705,75
1804,77
1618,71
1729,74
1683,73
1782,77
1572,70
1647,72
1794,77
1760,77
1760,77
1712,75
1728,76
1462,67
1764,77
1602,72
1766,76
1516,68
1646,71
1655,72
1636,73
1507,68
1516,68
1762,77
1687,74
1574,70
1673,74
1524,69
1760,77
1648,72
1760,77
1556,69
1748,76
1764,77
1560,69
1578,71
1583,72
1533,65
1720,75
1718,74
1728,76
1565,71
1768,77
1618,73
1713,75
1716,73
1591,71
1668,73
1499,65
1645,73
1766,77
1645,73
1651,72
1718,74
1706,75
1760,77
1760,77
1784,77
1704,74
1696,75
1693,75
1680,73
1787,77
1666,73
1644,72
1721,75
1722,76
1566,69
1491,67
1721,76
1721,75
1689,74
1710,75
1640,72
1684,74
1560,69
1554,69
1611,69
1721,76
1802,77
1522,66
1708,74
1507,67
1539,69
1760,77
1424,65
1618,71
1760,77
1768,77
1780,77
1707,75
1681,73
1474,66
1768,77
1760,77
1712,75
1760,77
1589,71
1592,70
1664,72
1729,74
1700,74
1647,73
1596,72
1726,75
1652,72
1802,77
1478,65
1564,69
1683,74
1615,72
1760,77
1760,77
1647,71
1704,74
1621,72
1489,67
1796,77
1491,67
1760,77
1789,76
1770,77
1707,75
1367,64
1711,74
1718,74
1705,74
1452,65
1696,73
1598,69
1516,67
1648,71
1672,74
1687,75
1733,75
1677,74
1652,72
1760,77
1733,75
1760,77
1660,73
1636,70
1760,77
1639,74
1483,68
1751,74
1747,76
1771,76
1721,75
1578,70
1695,74
1758,77
1785,75
1758,77
1726,76
1758,77
1713,76
1710,75
1758,77
1706,76
1740,76
1758,77
1576,71
1646,73
1758,77
1622,72
1758,77
1780,77
1758,77
1503,67
1664,72
1689,74
1472,67
1689,74
1739,74
1687,74
1731,76
1758,77
1560,69
1655,72
1544,66
1758,77
1665,73
1758,77
1757,76
1754,77
1794,77
1756,77
1679,75
1699,75
1669,72
1467,67
1660,73
1644,73
1755,76
1670,74
1701,75
1663,73
1678,73
1680,72
1695,74
1754,77
1523,67
1659,73
1756,77
1754,77
1675,74
1699,74
1756,76
1722,73
1669,74
1753,76
1727,76
1758,77
1670,74
1691,74
1601,73
1754,77
1788,77
1705,75
1721,75
1503,68
1629,74
1746,75
1735,76
1690,74
1572,67
1581,70
1519,67
1716,73
1788,77
1798,77
1643,73
1754,77
1684,74
1623,72
1577,70
1663,73
1705,76
1754,77
1678,74
1754,75
1543,68
1616,71
1754,77
1510,65
1689,75
1639,72
1639,74
1754,77
1631,72
1754,77
1731,76
1754,77
1788,77
1652,73
1735,76
1739,76
1683,74
1783,77
1735,76
1685,74
1576,69
1591,71
1689,74
1685,72
1671,74
1561,69
1533,69
1671,74
1608,71
1666,74
1631,73
1735,75
1717,75
1592,70
1764,77
1548,70
1754,77
1718,76
1706,74
1598,72
1754,77
1754,77
1754,77
1702,74
1681,75
1582,70
1675,74
1671,73
1677,74
1687,74
1609,71
1734,76
1778,77
1727,74
1690,72
1733,76
1615,72
1578,68
1560,70
1756,77
1717,75
1647,72
1654,72
1667,72
1591,71
1766,76
1520,67
1764,77
1687,73
1508,67
1636,72
1685,74
1574,71
1689,75
1580,70
1814,77
1641,72
1673,74
1707,74
1798,77
1670,73
1568,69
1715,75
1453,68
1726,76
1712,72
1756,77
1723,76
1747,74
1590,70
1555,70
1692,75
1735,76
1754,77
1671,74
1564,70
1585,70
1563,70
1650,73
1654,72
1790,76
1633,72
1671,74
1739,75
1762,77
1755,75
1695,73
1754,77
1673,73
1754,77
1770,77
1706,75
1565,70
1672,73
1730,76
1533,68
1534,68
1573,67
1679,73
1665,72
1654,72
1717,75
1562,69
1667,73
1704,74
1577,69
1754,77
1555,69
1762,75
1662,74
1715,76
1754,77
1754,77
1660,73
1480,67
1679,71
1600,73
1768,77
1652,73
1730,76
1760,77
1754,77
1406,65
1652,73
1683,74
1668,73
1591,70
1754,77
1661,73
1591,70
1583,71
1715,76
1720,76
1804,75
1682,73
1743,76
1769,76
1754,77
1685,74
1563,69
1669,74
1601,70
1633,72
1644,71
1756,77
1709,74
1605,70
1620,71
1641,71
1671,74
1759,75
1772,77
1558,69
1666,73
1766,77
1713,76
1685,74
1737,76
1754,77
1766,75
1466,68
1579,70
1689,74
1708,73
1710,75
1695,74
1606,69
1609,71
1653,72
1771,77
1693,74
1669,74
1647,73
1754,77
1537,69
1590,70
1777,76
1600,72
1665,72
1642,72
1599,70
1756,77
1674,74
1673,75
1459,65
1724,75
1768,77
1678,73
1561,70
1754,77
1688,75
1570,70
1646,71
1673,73
1600,71
1794,77
1718,74
1408,66
1754,77
1730,76
1729,76
1628,73
1796,76
1761,76
1610,72
1754,77
1734,75
1766,76
1706,76
1652,71
1733,76
1754,77
1600,71
1679,75
1543,67
1587,70
1621,72
1567,69
1754,77
1499,68
1651,73
1758,77
1688,75
1755,74
1734,75
1756,77
1754,77
1561,69
1765,75
1751,76
1701,73
1760,77
1794,77
1521,69
1671,74
1594,70
1634,72
1708,75
1688,74
1459,65
1763,76
1730,76
1636,71
1753,77
1682,73
1571,70
1734,76
1738,77
1595,72
1649,73
1738,77
1738,77
1682,75
1708,75
1597,71
1568,70
1511,68
1645,72
1796,78
1511,67
1593,72
1792,78
1782,75
1725,74
1737,76
1790,78
1738,76
1790,78
1615,72
1790,78
1764,77
1760,77
1739,75
1790,78
1790,78
1790,78
1762,77
1659,73
1661,72
1775,77
1763,77
1790,78
1641,72
1810,78
1701,74
1628,70
1746,76
1804,78
1717,74
1555,69
1697,75
1608,72
1731,75
1790,78
1561,69
1771,77
1369,64
1677,73
1790,78
1695,73
1810,78
1790,78
1792,78
1715,75
1661,72
1687,74
1680,73
1769,77
1790,78
1494,68
1808,78
1683,75
1812,78
1781,77
1767,77
1738,76
1657,73
1620,72
1753,75
1751,76
1620,72
1513,67
1663,73
1685,74
1810,78
1804,78
1772,77
1632,72
1759,77
1790,78
1727,74
1689,74
1634,71
1798,78
1493,69
1786,78
1767,77
1777,77
1582,69
1656,72
1743,76
1786,78
1731,75
1786,78
1681,75
1535,67
1773,75
1607,71
1780,76
1640,72
1738,75
1587,70
1479,66
1786,78
1755,76
1709,75
1726,76
1763,77
1680,73
1796,78
1622,72
1786,78
1786,78
1786,78
1529,69
1411,65
1673,73
1782,78
1607,72
1782,78
1734,75
1734,75
1782,78
1575,70
1693,75
1625,71
1721,75
1786,77
1672,74
1619,72
1741,74
1752,75
1525,69
1794,78
1726,74
1653,72
1801,76
1681,72
1628,72
1617,72
1525,69
1743,75
1763,77
1702,74
1669,72
1671,74
1782,78
1549,69
1802,78
1761,77
1735,74
1558,71
1662,73
1620,71
1685,74
1765,77
1738,77
1759,77
1755,77
1780,78
1504,68
1791,77
1579,72
1747,77
1717,76
1746,77
1723,76
1784,78
1732,77
1565,69
1645,71
1686,72
1478,68
1624,70
1809,78
1671,72
1748,74
1733,75
1682,72
1635,70
1673,73
1567,70
1582,71
1767,77
1729,77
1573,69
1728,74
1784,78
1786,78
1742,77
1649,72
1779,77
1724,76
1780,77
1758,77
1756,77
1724,76
1729,76
1519,68
1784,78
1755,75
1700,75
1756,77
1755,76
1634,73
1755,76
1639,72
1743,76
1708,75
1780,78
1491,67
1796,78
1734,75
1691,75
1761,77
1724,76
1788,78
1637,73
1714,76
1780,78
1607,72
1763,75
1724,75
1714,76
1669,75
1645,73
1545,68
1757,77
1684,74
1780,78
1778,77
1760,75
1780,78
1782,78
1714,76
1782,78
1665,74
1477,67
1677,72
1780,78
1780,78
1653,73
1666,74
1691,72
1607,71
1701,74
1780,78
1738,76
1498,69
1678,74
1744,76
1688,74
1701,75
1650,73
1761,76
1656,73
1710,76
1780,78
1597,71
1630,72
1597,72
1767,77
1672,73
1674,74
1585,69
1817,78
1716,76
1740,76
1644,73
1788,78
1745,76
1755,76
1562,68
1565,68
1637,73
1631,71
1778,78
1686,74
1727,77
1676,73
1780,78
1637,73
1712,76
1684,75
1725,76
1658,73
1758,77
1664,73
1671,74
1761,77
1585,71
1684,75
1642,72
1510,68
1653,73
1713,74
1643,70
1778,78
1739,76
1632,71
1629,72
1634,71
1722,76
1760,77
1778,78
1482,67
1624,73
1789,77
1502,69
1685,74
1690,73
1668,73
1778,78
1678,74
1750,77
1778,78
1726,76
1539,68
1637,72
1780,78
1482,65
1711,75
1682,74
1581,69
1727,77
1739,76
1778,78
1693,75
1430,67
1713,75
1778,78
1507,68
1761,77
1452,67
1712,76
1676,73
1778,78
1704,74
1730,76
1549,68
1742,75
1639,72
1707,74
1705,75
1778,78
1584,70
1643,73
1737,76
1642,73
1609,71
1714,73
1537,67
1736,75
1688,74
1575,71
1787,77
1735,76
1527,67
1784,77
1663,74
1778,78
1680,74
1585,70
1778,78
1504,67
1756,76
1524,69
1538,67
1693,75
1745,76
1752,77
1631,72
1739,77
1661,72
1745,76
1590,71
1740,76
1734,76
1530,67
1678,73
1782,78
1761,77
1707,73
1663,74
1738,75
1778,78
1607,71
1666,72
1652,73
1489,68
1642,71
1421,63
1780,78
1627,72
1789,76
1575,68
1640,73
1639,72
1778,78
1681,73
1743,75
1793,78
1649,73
1631,71
1705,75
1778,78
1715,76
1739,77
1752,77
1773,75
1698,74
1778,78
1549,70
1341,62
1739,77
1735,75
1778,78
1751,76
1676,74
1640,73
1625,72
1706,75
1502,66
1705,74
1761,77
1786,78
1765,76
1662,73
1751,77
1730,75
1778,78
1745,77
1674,71
1396,64
1651,72
1778,78
1715,75
1431,64
1778,78
1778,78
1473,67
1765,77
1797,78
1571,68
1643,72
1543,69
1505,66
1611,72
1702,76
1644,71
1440,65
1756,77
1778,78
1682,74
1489,68
1657,73
1736,77
1570,71
1694,75
1698,74
1694,74
1687,75
1646,73
1778,78
1749,76
1672,73
1661,73
1526,69
1693,75
1590,71
1649,73
1778,78
1618,71
1661,73
1474,66
1691,74
1671,74
1689,75
1716,74
1687,74
1603,69
1745,76
1646,73
1594,71
1678,73
1747,75
1684,73
1761,76
1745,77
1627,72
1709,76
1730,75
1523,69
1753,77
1736,76
1676,73
1741,75
1771,77
1778,78
1796,77
1689,74
1745,77
1689,75
1727,74
1483,66
1728,76
1562,71
1693,75
1698,74
1555,70
1807,78
1708,75
1805,78
1607,71
1524,69
1676,72
1739,77
1424,65
1680,73
1648,73
1716,76
1689,75
1582,70
1778,77
1678,73
1598,71
1771,77
1522,69
1778,78
1778,78
1779,77
1778,78
1652,72
1652,73
1733,76
1721,75
1652,73
1573,69
1540,67
1723,76
1707,75
1775,76
1703,74
1667,74
1709,75
1538,70
1712,74
1665,73
1631,73
1489,68
1778,78
1778,78
1698,76
1774,77
1776,78
1651,73
1675,73
1690,73
1722,75
1641,72
1743,77
1626,72
1515,68
1776,78
1667,72
1727,76
1737,77
1743,74
1736,75
1522,68
1776,77
1772,76
1728,74
1554,69
1657,73
1496,67
1615,72
1794,78
1587,70
1776,78
1599,70
1692,74
1784,78
1611,71
1660,73
1659,73
1689,75
1590,70
1519,68
1675,74
1711,75
1690,74
1774,78
1668,73
1646,72
1774,78
1635,72
1545,69
1637,72
1794,75
1754,76
1786,78
1741,77
1632,71
1735,76
1774,78
1795,78
1726,76
1724,76
1543,70
1780,77
1812,78
1740,74
1630,71
1693,75
1746,77
1696,74
1623,71
1741,76
1454,64
1747,76
1632,72
1587,70
1591,69
1778,78
1774,78
1672,74
1774,78
1545,69
1715,74
1692,75
1625,73
1723,76
1721,75
1657,73
1746,77
1657,73
1455,66
1774,78
1782,77
1591,71
1701,75
1579,70
1717,75
1688,73
1669,73
1735,76
1751,77
1619,70
1799,78
1566,69
1776,77
1726,75
1505,69
1526,69
1751,76
1723,76
1782,78
1486,67
1761,76
1655,71
1557,70
1784,78
1641,73
1664,74
1774,78
1568,70
1663,73
1693,74
1750,77
1774,78
1693,75
1677,74
1774,78
1633,72
1724,75
1623,70
1774,78
1717,76
1795,78
1817,78
1680,73
1670,73
1774,78
1686,74
1740,75
1774,78
1774,78
1629,72
1754,75
1692,75
1681,73
1774,78
1692,74
1796,77
1526,68
1501,67
1774,78
1431,66
1675,73
1751,77
1484,67
1446,68
1795,78
1718,74
1772,77
1774,78
1651,72
1559,70
1774,77
1377,64
1746,76
1794,77
1774,78
1774,78
1786,77
1772,78
1770,78
1715,76
1703,75
1729,76
1726,75
1705,76
1729,77
1706,74
1772,78
1770,78
1529,70
1770,78
1613,71
1631,73
1719,75
1572,73
1770,78
1772,78
1566,70
1696,74
1691,75
1746,77
1311,63
1706,76
1758,77
1527,68
1695,73
1772,78
1627,73
1695,75
1694,75
1799,78
1711,75
1465,68
1621,70
1444,67