60,1426
59,1446
58,1362
59,1434
61,1460
58,1309
57,1314
62,1446
59,1444
59,1409
58,1441
61,1467
59,1417
63,1453
56,1313
62,1439
58,1392
60,1419
63,1501
59,1400
62,1443
55,1284
62,1475
59,1422
56,1282
57,1369
59,1391
60,1429
58,1315
63,1529
-,-,-,-
59,1389
60,1432
60,1424
63,1519
58,1368
59,1358
60,1434
59,1449
59,1429
57,1398
58,1389
58,1362
59,1420
56,1278
61,1472
59,1434
58,1390
59,1435
57,1304
57,1318
56,1276
58,1305
60,1468
58,1374
53,1276
58,1424
58,1330
61,1427
52,1214
63,1427
59,1366
55,1360
64,1518
62,1456
63,1424
54,1336
61,1455
60,1474
62,1440
60,1480
57,1367
60,1454
56,1353
58,1361
-,-,-,-
63,1501
64,1518
63,1492
64,1518
64,1518
65,1574
63,1492
57,1300
63,1432
63,1429
62,1424
62,1452
62,1443
63,1427
63,1453
63,1453
63,1517
63,1519
63,1529
57,1378
60,1367
59,1347
59,1361
61,1406
61,1424
58,1367
61,1491
61,1394
58,1313
61,1515
54,1278
60,1488
59,1389
57,1315
58,1259
57,1379
61,1454
59,1474
56,1306
63,1466
66,1631
56,1238
53,1244
53,1215
-,-,-,-
66,1631
63,1535
60,1435
62,1523
66,1631
66,1627
64,1546
60,1396
63,1484
63,1526
62,1455
62,1389
61,1383
63,1396
60,1328
60,1368
64,1474
60,1385
62,1421
63,1466
59,1356
57,1330
53,1199
62,1502
55,1206
61,1493
59,1335
57,1324
55,1261
62,1420
64,1570
61,1406
59,1384
55,1288
57,1410
59,1362
59,1396
62,1434
62,1468
53,1272
62,1426
56,1335
57,1328
59,1470
-,-,-,-
65,1581
58,1400
61,1512
66,1624
66,1627
66,1627
66,1609
65,1574
65,1595
63,1518
64,1556
64,1474
62,1478
62,1409
60,1461
65,1602
63,1409
65,1478
63,1427
63,1440
61,1374
55,1278
57,1373
61,1474
61,1363
60,1370
59,1388
62,1413
56,1314
58,1288
58,1390
57,1248
60,1412
57,1350
57,1374
63,1479
59,1381
54,1314
58,1363
57,1279
59,1472
56,1363
55,1246
55,1278
-,-,-,-
64,1610
66,1609
63,1581
63,1541
65,1575
66,1609
66,1634
63,1451
65,1480
62,1398
61,1373
66,1602
61,1503
63,1496
65,1586
64,1553
64,1474
60,1390
62,1419
58,1358
65,1545
61,1458
64,1505
60,1417
54,1208
57,1390
59,1346
62,1405
57,1302
62,1427
56,1305
61,1475
62,1449
57,1271
62,1448
57,1413
61,1475
52,1195
61,1454
50,1173
60,1502
58,1370
57,1315
58,1289
-,-,-,-
62,1456
67,1646
65,1584
66,1602
66,1590
66,1602
66,1604
66,1609
66,1609
63,1508
65,1595
65,1477
65,1480
64,1467
66,1582
64,1534
65,1596
64,1551
58,1314
61,1404
59,1400
60,1346
60,1406
60,1442
65,1482
63,1455
61,1401
59,1390
61,1459
56,1285
58,1260
58,1253
60,1486
60,1377
60,1435
61,1514
61,1458
60,1500
59,1446
58,1410
59,1332
58,1353
58,1385
57,1356
-,-,-,-
64,1497
64,1454
66,1616
66,1632
67,1628
66,1584
61,1435
65,1530
65,1544
66,1582
64,1505
64,1513
66,1599
61,1488
60,1329
63,1434
64,1475
61,1342
63,1527
65,1586
60,1383
56,1316
60,1398
60,1369
61,1404
60,1368
63,1458
56,1297
62,1412
57,1327
62,1441
64,1536
62,1423
63,1519
57,1396
60,1492
56,1226
63,1525
59,1379
57,1367
59,1400
60,1468
60,1408
57,1291
-,-,-,-
67,1630
67,1626
64,1546
67,1623
67,1622
67,1646
63,1568
62,1403
66,1582
65,1548
62,1458
62,1484
64,1533
65,1549
63,1457
65,1472
62,1412
60,1336
64,1563
66,1589
60,1352
61,1430
60,1377
62,1414
59,1297
61,1500
59,1448
58,1400
61,1503
64,1495
61,1435
62,1409
56,1268
62,1418
64,1525
56,1315
60,1451
59,1373
55,1226
56,1354
57,1352
52,1222
59,1308
51,1215
-,-,-,-
66,1604
67,1624
67,1618
64,1542
64,1538
67,1626
63,1511
65,1500
66,1582
63,1490
65,1553
65,1547
66,1591
62,1471
59,1419
62,1496
63,1398
60,1322
63,1488
64,1460
65,1518
62,1432
60,1445
64,1476
66,1480
58,1354
60,1356
59,1395
62,1480
62,1342
61,1457
57,1266
60,1360
55,1277
59,1359
57,1392
53,1268
59,1440
55,1296
59,1406
57,1317
59,1413
61,1354
53,1214
-,-,-,-
67,1618
67,1618
67,1618
67,1618
68,1683
65,1563
66,1602
65,1493
66,1480
66,1490
66,1480
66,1582
65,1553
64,1568
59,1410
65,1559
65,1552
66,1599
64,1428
65,1475
60,1380
61,1435
63,1358
62,1507
61,1399
62,1452
61,1398
62,1531
63,1475
61,1388
58,1362
60,1413
59,1366
60,1362
54,1284
58,1365
60,1469
60,1452
59,1371
57,1326
60,1422
59,1416
57,1288
55,1226
-,-,-,-
68,1656
67,1618
62,1460
68,1666
69,1742
62,1425
65,1596
65,1476
64,1423
62,1421
66,1480
66,1584
65,1524
60,1419
66,1579
66,1589
65,1550
66,1599
65,1470
63,1418
59,1393
61,1451
60,1371
59,1427
62,1379
61,1404
60,1379
60,1332
61,1456
58,1351
66,1564
63,1475
59,1317
59,1430
59,1338
61,1341
57,1338
60,1473
61,1449
57,1306
61,1352
61,1461
54,1202
57,1285
-,-,-,-
67,1623
64,1588
69,1736
60,1468
68,1702
70,1744
69,1742
66,1480
65,1490
66,1480
65,1428
65,1522
64,1557
61,1422
61,1388
66,1579
64,1512
66,1586
67,1635
61,1523
61,1422
63,1368
61,1368
61,1404
58,1369
62,1478
64,1485
63,1488
55,1297
63,1540
59,1371
61,1372
58,1292
63,1471
59,1407
57,1293
59,1323
61,1471
60,1352
58,1388
58,1411
54,1253
58,1410
57,1273
-,-,-,-
69,1746
65,1539
67,1674
67,1658
70,1727
69,1771
65,1544
61,1524
58,1342
67,1632
65,1557
66,1480
63,1393
65,1464
66,1564
66,1564
61,1493
63,1496
65,1548
60,1403
58,1352
57,1316
57,1342
63,1519
64,1539
57,1285
63,1539
61,1483
56,1330
63,1508
62,1506
63,1477
60,1318
63,1446
60,1373
55,1138
55,1244
64,1512
62,1465
61,1427
58,1459
54,1265
56,1376
57,1302
-,-,-,-
59,1442
62,1519
58,1354
61,1503
67,1670
72,1798
67,1700
66,1597
66,1579
65,1552
62,1482
66,1480
64,1482
66,1480
65,1544
67,1581
65,1547
65,1538
64,1502
65,1545
56,1325
61,1421
61,1429
60,1386
62,1455
58,1362
59,1315
64,1516
58,1307
59,1278
61,1420
60,1362
62,1469
64,1512
62,1435
57,1326
58,1432
58,1326
58,1430
61,1456
55,1304
56,1279
58,1433
64,1520
-,-,-,-
72,1802
72,1821
71,1762
68,1656
67,1655
66,1627
70,1763
65,1563
63,1447
64,1482
67,1579
60,1434
59,1451
60,1499
65,1478
63,1412
59,1392
66,1618
61,1460
63,1477
58,1284
63,1448
58,1467
63,1477
57,1298
62,1496
55,1296
57,1404
64,1483
66,1587
57,1347
57,1287
64,1563
57,1393
57,1344
61,1430
57,1250
58,1430
63,1397
56,1241
62,1498
57,1392
58,1352
58,1423
-,-,-,-
63,1577
67,1652
70,1707
64,1566
71,1741
68,1675
66,1629
67,1579
63,1465
59,1405
67,1573
64,1564
67,1630
64,1536
63,1440
66,1480
66,1579
66,1575
66,1582
68,1612
65,1565
63,1403
62,1377
61,1394
60,1405
67,1672
59,1314
59,1432
52,1180
59,1281
65,1532
58,1355
59,1304
61,1473
60,1337
65,1508
57,1294
60,1347
55,1263
61,1454
58,1314
56,1320
59,1390
56,1260
-,-,-,-
73,1823
70,1761
68,1602
71,1790
72,1821
70,1750
67,1650
62,1440
68,1612
63,1475
67,1639
67,1571
66,1584
67,1575
60,1485
67,1641
65,1614
67,1605
66,1480
59,1262
64,1576
65,1532
60,1406
59,1277
65,1529
62,1459
64,1429
66,1453
57,1342
58,1387
58,1348
60,1416
65,1464
60,1373
60,1382
60,1411
61,1363
60,1353
60,1430
64,1506
60,1341
55,1312
56,1251
56,1338
-,-,-,-
73,1823
69,1747
68,1661
69,1685
63,1540
73,1821
73,1808
64,1570
64,1554
68,1614
62,1416
67,1571
66,1537
67,1569
67,1605
59,1459
67,1630
61,1475
66,1481
66,1453
57,1264
62,1510
61,1497
64,1475
59,1413
57,1317
63,1508
60,1361
62,1529
60,1368
64,1519
60,1343
63,1483
61,1338
63,1484
61,1372
61,1318
57,1356
65,1481
58,1307
58,1294
59,1379
58,1333
60,1431
-,-,-,-
71,1766
70,1697
66,1634
65,1605
71,1757
73,1804
71,1731
67,1591
64,1529
67,1583
68,1612
64,1488
68,1611
63,1468
66,1578
68,1620
62,1565
60,1464
65,1485
56,1171
60,1322
65,1560
63,1492
64,1443
61,1423
64,1550
60,1377
62,1442
61,1341
61,1457
62,1468
57,1334
62,1499
61,1468
60,1432
59,1322
59,1342
61,1405
60,1390
60,1391
62,1549
59,1408
54,1269
56,1346
-,-,-,-
70,1700
62,1465
72,1786
69,1705
73,1804
73,1816
73,1804
67,1532
60,1409
65,1536
68,1569
67,1556
66,1579
66,1571
68,1622
66,1619
64,1527
61,1448
63,1402
66,1455
64,1386
62,1464
61,1437
62,1382
58,1340
59,1359
57,1269
61,1404
62,1420
64,1492
63,1490
61,1466
61,1470
61,1391
58,1420
61,1361
61,1418
64,1520
60,1415
59,1401
56,1313
61,1444
57,1249
59,1373
-,-,-,-
71,1768
70,1720
72,1776
70,1676
71,1743
73,1794
68,1695
67,1564
60,1364
68,1571
64,1460
61,1400
60,1460
64,1446
66,1576
62,1434
67,1630
66,1608
64,1413
65,1428
61,1372
57,1340
63,1482
65,1450
62,1502
55,1302
63,1455
63,1435
62,1469
60,1388
60,1425
57,1301
59,1407
64,1571
58,1368
57,1379
59,1335
62,1482
64,1458
57,1419
59,1356
58,1392
59,1429
57,1315
-,-,-,-
69,1698
67,1613
70,1747
73,1796
65,1546
70,1700
70,1712
64,1491
66,1548
67,1527
64,1501
67,1647
62,1454
68,1612
68,1620
68,1620
65,1601
63,1504
67,1512
63,1423
62,1336
60,1443
60,1451
62,1357
58,1292
60,1372
65,1566
58,1452
60,1471
58,1313
59,1344
59,1370
63,1531
58,1340
61,1422
61,1396
60,1432
59,1291
61,1441
59,1415
60,1379
56,1399
61,1411
60,1396
-,-,-,-
71,1723
67,1638
67,1661
72,1774
69,1716
73,1818
70,1736
63,1407
67,1525
67,1550
62,1436
67,1583
67,1591
63,1473
66,1650
70,1709
65,1447
67,1548
67,1633
64,1563
64,1496
57,1279
63,1521
59,1339
57,1372
61,1347
62,1429
58,1367
66,1551
57,1307
63,1466
64,1482
63,1490
61,1405
62,1483
63,1494
50,1170
59,1301
66,1559
57,1359
60,1425
61,1406
60,1464
56,1330
-,-,-,-
66,1601
70,1707
73,1794
67,1614
69,1722
69,1693
69,1636
67,1641
64,1487
70,1709
70,1737
68,1569
66,1503
68,1569
62,1491
62,1431
67,1512
60,1390
66,1604
64,1524
64,1448
65,1494
59,1383
63,1513
59,1462
63,1466
63,1437
63,1471
57,1250
61,1478
63,1464
64,1451
67,1586
56,1277
64,1493
60,1414
63,1426
63,1390
52,1244
58,1406
56,1334
60,1323
60,1506
59,1424
-,-,-,-
72,1774
72,1782
66,1578
73,1794
69,1655
71,1722
73,1794
63,1463
64,1599
64,1486
68,1635
63,1502
68,1572
62,1477
61,1412
64,1565
67,1516
67,1523
60,1420
67,1586
58,1432
65,1443
63,1436
64,1504
56,1300
66,1570
63,1444
63,1450
64,1469
68,1598
65,1499
61,1374
60,1316
66,1576
55,1320
59,1391
61,1522
63,1435
61,1419
57,1381
60,1422
58,1268
57,1354
61,1399
-,-,-,-
72,1788
69,1701
61,1458
63,1557
73,1794
73,1794
65,1589
67,1639
70,1711
69,1651
68,1669
61,1384
66,1542
70,1619
63,1448
68,1602
66,1578
67,1587
67,1512
66,1524
65,1525
57,1361
63,1461
62,1439
64,1433
63,1501
61,1436
58,1355
61,1368
63,1462
65,1495
63,1529
61,1343
62,1422
61,1484
62,1471
58,1342
57,1326
61,1410
60,1425
55,1254
56,1267
59,1291
51,1196
-,-,-,-
70,1700
70,1711
73,1798
67,1658
68,1624
70,1698
62,1461
59,1386
69,1619
66,1534
65,1535
69,1676
70,1745
59,1349
67,1514
68,1598
68,1612
62,1484
63,1399
65,1470
63,1520
60,1426
63,1453
60,1359
62,1435
60,1350
59,1383
66,1569
62,1359
58,1276
59,1388
64,1465
62,1405
61,1386
56,1248
62,1475
59,1349
55,1248
61,1394
62,1470
59,1370
61,1479
54,1205
59,1473
-,-,-,-
73,1794
69,1710
71,1747
72,1746
73,1796
67,1583
70,1735
67,1551
67,1553
70,1619
64,1507
66,1617
64,1558
64,1516
68,1598
60,1341
68,1614
68,1612
66,1512
67,1509
61,1455
55,1421
62,1509
65,1545
64,1524
63,1520
62,1460
61,1490
59,1310
62,1449
62,1479
62,1524
59,1439
62,1467
58,1397
61,1434
53,1180
61,1397
58,1265
57,1327
61,1438
59,1359
56,1240
55,1343
-,-,-,-
73,1798
64,1573
72,1764
60,1447
68,1623
72,1774
72,1786
68,1566
62,1444
65,1521
64,1475
60,1408
68,1655
68,1642
68,1598
58,1291
64,1504
68,1643
66,1483
64,1526
60,1425
63,1446
64,1405
63,1414
60,1343
65,1600
63,1457
65,1536
56,1258
57,1319
65,1504
61,1437
55,1288
61,1388
60,1408
59,1410
62,1439
62,1450
59,1316
60,1329
56,1274
61,1479
60,1407
60,1461
-,-,-,-
67,1677
71,1751
68,1658
72,1772
61,1467
71,1762
67,1640
70,1621
66,1552
63,1444
70,1619
68,1632
69,1720
64,1523
66,1546
60,1318
63,1452
67,1652
62,1489
65,1458
65,1529
55,1337
66,1467
65,1482
61,1383
64,1485
65,1508
63,1434
60,1403
61,1348
62,1424
60,1425
57,1321
61,1376
62,1486
57,1353
62,1432
55,1210
62,1365
57,1345
61,1428
56,1345
54,1155
57,1350
-,-,-,-
62,1505
69,1711
64,1559
70,1674
62,1514
69,1687
69,1695
67,1551
70,1625
66,1548
68,1574
67,1574
67,1612
68,1642
60,1362
68,1596
65,1525
64,1520
67,1509
68,1589
64,1517
57,1318
63,1440
63,1393
57,1323
64,1518
62,1475
56,1348
60,1361
60,1374
58,1355
57,1367
61,1419
57,1277
60,1432
63,1520
64,1513
58,1362
58,1315
60,1468
58,1376
62,1408
58,1300
55,1331
-,-,-,-
73,1794
65,1571
73,1812
72,1777
69,1636
69,1682
72,1778
67,1553
70,1621
60,1440
63,1512
69,1668
68,1671
65,1506
65,1469
68,1589
66,1538
62,1389
60,1385
63,1528
61,1425
59,1455
64,1381
59,1421
61,1459
66,1665
59,1341
62,1509
62,1443
57,1288
63,1513
57,1239
62,1404
67,1554
60,1417
58,1347
62,1436
59,1361
58,1279
64,1534
59,1425
62,1515
63,1422
55,1316
-,-,-,-
67,1588
71,1739
69,1628
70,1663
70,1726
67,1649
72,1758
65,1448
65,1521
64,1465
70,1619
68,1639
70,1678
64,1552
67,1585
66,1529
64,1477
68,1596
68,1612
68,1614
61,1350
63,1468
59,1425
61,1349
61,1368
67,1579
65,1560
62,1454
67,1584
60,1302
58,1429
62,1486
64,1486
62,1463
58,1315
63,1494
59,1395
59,1383
62,1372
54,1227
60,1368
57,1343
62,1542
55,1337
-,-,-,-
72,1778
70,1683
68,1676
71,1739
73,1817
73,1794
62,1505
70,1623
69,1584
63,1471
65,1485
70,1694
68,1642
65,1575
63,1485
66,1534
66,1545
59,1301
68,1612
64,1545
64,1465
63,1459
58,1421
66,1554
59,1478
64,1434
60,1393
60,1349
63,1551
64,1358
59,1337
60,1452
64,1512
62,1399
59,1379
61,1463
62,1554
60,1377
60,1346
59,1374
61,1341
57,1398
59,1409
63,1452
-,-,-,-
70,1689
66,1606
65,1591
73,1794
73,1794
66,1579
71,1729
69,1591
70,1619
70,1645
63,1468
68,1604
65,1520
64,1501
65,1538
68,1589
67,1568
65,1467
58,1332
65,1499
62,1436
66,1583
60,1439
66,1511
55,1300
65,1548
62,1385
59,1367
63,1483
62,1394
61,1359
62,1439
62,1471
62,1394
62,1496
65,1572
65,1463
57,1310
59,1345
61,1433
59,1259
56,1327
59,1424
59,1460
-,-,-,-
71,1746
66,1646
65,1522
72,1774
73,1796
68,1667
69,1730
68,1574
70,1619
61,1489
67,1572
67,1609
63,1462
68,1636
68,1589
67,1565
59,1305
66,1547
68,1612
62,1424
62,1401
65,1509
62,1484
58,1352
56,1245
62,1351
55,1254
62,1547
59,1413
63,1397
63,1516
62,1433
60,1391
61,1440
61,1418
66,1652
62,1431
59,1310
61,1450
61,1345
57,1217
56,1310
60,1389
56,1303
-,-,-,-
63,1513
73,1794
69,1698
73,1794
67,1585
67,1640
69,1696
67,1531
62,1430
62,1477
68,1594
64,1472
65,1495
68,1643
66,1564
65,1507
64,1503
63,1460
65,1577
67,1591
62,1386
58,1385
57,1349
58,1365
63,1480
62,1393
59,1343
61,1511
63,1430
63,1479
61,1364
58,1291
60,1324
64,1559
61,1473
62,1436
58,1326
62,1459
61,1400
61,1336
63,1452
59,1438
52,1233
56,1337
-,-,-,-
72,1798
67,1596
67,1637
73,1794
63,1522
66,1645
63,1492
65,1566
68,1638
69,1620
69,1610
66,1594
67,1588
70,1678
62,1395
61,1414
64,1467
65,1526
68,1612
67,1585
61,1360
63,1499
59,1338
59,1329
63,1511
67,1526
66,1583
63,1527
65,1528
62,1491
62,1364
61,1292
60,1362
58,1383
61,1408
62,1437
56,1256
59,1370
60,1335
62,1408
57,1305
54,1332
57,1333
60,1396
-,-,-,-
69,1654
73,1794
70,1660
71,1779
69,1733
65,1570
73,1794
70,1619
67,1541
66,1559
70,1619
62,1465
64,1540
57,1326
67,1550
67,1564
65,1503
62,1408
63,1456
67,1593
59,1333
60,1369
66,1610
61,1450
59,1385
60,1434
61,1358
58,1371
62,1429
60,1452
63,1424
63,1499
59,1354
60,1396
66,1584
62,1467
56,1285
59,1241
63,1451
58,1273
56,1261
59,1378
58,1363
62,1500
-,-,-,-
70,1744
69,1720
67,1655
68,1678
69,1696
68,1636
68,1666
70,1619
67,1534
67,1541
70,1663
70,1676
67,1616
70,1690
67,1558
66,1536
68,1598
64,1453
68,1612
68,1610
61,1387
61,1403
64,1475
59,1420
64,1427
58,1384
55,1234
60,1421
64,1432
66,1573
62,1548
62,1443
63,1449
64,1427
63,1454
59,1375
60,1439
59,1350
62,1417
61,1360
59,1307
60,1398
57,1389
61,1448
-,-,-,-
73,1794
68,1636
71,1741
71,1773
73,1794
71,1746
64,1555
69,1598
69,1605
63,1501
62,1436
70,1676
69,1624
66,1543
67,1531
64,1449
66,1526
68,1599
66,1542
61,1427
59,1266
62,1487
64,1459
62,1492
65,1566
60,1389
63,1446
65,1564
63,1508
58,1310
67,1609
60,1390
56,1240
63,1443
61,1406
61,1484
62,1495
56,1313
61,1414
59,1281
59,1337
52,1386
62,1437
61,1459
-,-,-,-
69,1664
72,1777
68,1674
68,1697
58,1368
69,1706
65,1595
70,1639
70,1619
70,1619
69,1582
67,1586
65,1565
66,1569
67,1583
65,1512
66,1529
68,1594
68,1610
63,1469
63,1363
61,1442
59,1337
59,1408
62,1425
63,1528
61,1390
61,1389
58,1406
63,1498
61,1462
68,1562
63,1516
61,1420
60,1386
66,1512
55,1244
61,1380
56,1274
56,1210
57,1328
59,1400
60,1391
63,1514
-,-,-,-
72,1798
71,1727
71,1736
71,1741
71,1730
72,1778
65,1576
69,1597
70,1619
65,1496
70,1619
70,1676
70,1676
68,1629
67,1547
67,1526
68,1589
68,1610
63,1430
67,1572
57,1266
65,1469
64,1467
67,1572
61,1451
64,1501
62,1485
59,1373
63,1412
63,1492
57,1338
58,1342
58,1349
59,1379
65,1493
64,1458
59,1311
62,1406
57,1355
63,1494
62,1450
56,1377
60,1385
62,1448
-,-,-,-
70,1738
69,1666
73,1796
69,1690
73,1794
63,1531
73,1794
67,1562
65,1490
67,1588
68,1566
60,1371
68,1615
69,1658
68,1562
67,1562
61,1329
65,1552
64,1453
67,1567
61,1476
63,1369
59,1274
58,1332
58,1357
68,1558
62,1433
59,1439
62,1457
58,1326
65,1547
57,1308
61,1478
60,1376
63,1465
56,1253
57,1320
59,1370
59,1382
60,1435
62,1422
59,1415
62,1569
59,1346
-,-,-,-
73,1792
73,1794
61,1438
62,1429
69,1694
68,1643
73,1790
70,1621
67,1544
67,1556
70,1634
63,1516
68,1643
69,1651
65,1492
67,1529
66,1526
68,1532
64,1471
68,1571
62,1422
66,1509
63,1451
62,1360
65,1500
62,1470
63,1511
56,1341
65,1502
63,1560
62,1465
62,1406
59,1340
58,1279
56,1249
61,1452
63,1473
54,1206
64,1499
64,1449
57,1244
62,1520
65,1523
62,1444
-,-,-,-
68,1663
64,1521
73,1794
70,1726
66,1609
68,1697
72,1779
64,1469
64,1521
69,1620
62,1481
70,1672
68,1603
59,1419
68,1547
68,1541
66,1495
67,1525
68,1571
67,1550
61,1398
59,1362
63,1396
65,1449
58,1378
58,1347
65,1538
62,1481
63,1475
64,1547
62,1501
64,1555
63,1447
63,1438
63,1462
61,1471
57,1314
61,1383
59,1379
64,1500
62,1389
59,1314
56,1407
60,1409
-,-,-,-
73,1790
73,1790
70,1724
66,1631
70,1738
73,1790
66,1607
66,1499
68,1577
70,1619
65,1534
67,1646
69,1656
68,1609
66,1487
65,1462
64,1485
67,1552
66,1536
65,1533
59,1376
62,1467
62,1445
65,1521
63,1458
57,1304
59,1434
59,1385
61,1450
64,1508
61,1465
60,1445
58,1387
60,1359
64,1464
59,1395
60,1366
63,1442
56,1271
58,1342
58,1378
60,1347
57,1408
57,1440
-,-,-,-
73,1790
67,1661
66,1651
62,1554
71,1723
73,1790
65,1570
68,1600
69,1617
64,1495
68,1566
69,1671
69,1689
65,1555
70,1604
68,1536
63,1431
68,1558
68,1571
68,1571
57,1277
62,1470
61,1364
62,1453
64,1486
64,1473
60,1476
57,1382
64,1481
61,1420
60,1441
65,1559
63,1469
60,1407
60,1305
61,1363
58,1353
66,1507
56,1340
62,1456
57,1329
62,1417
59,1387
64,1506
-,-,-,-
73,1808
65,1586
70,1721
73,1790
70,1694
68,1660
67,1602
68,1554
59,1343
67,1531
66,1437
69,1591
65,1506
61,1408
70,1672
68,1612
68,1577
67,1579
68,1565
68,1573
58,1329
67,1563
66,1520
65,1515
64,1488
63,1484
61,1440
60,1514
61,1379
59,1385
62,1454
59,1410
60,1430
59,1379
57,1351
56,1271
62,1426
63,1393
68,1630
58,1384
65,1515
60,1420
59,1329
57,1407
-,-,-,-
71,1699
72,1753
70,1663
72,1776
72,1786
72,1757
61,1451
70,1606
70,1604
70,1598
70,1604
70,1619
70,1619
68,1558
69,1632
64,1519
66,1513
66,1524
65,1484
62,1473
63,1489
58,1366
58,1366
63,1459
59,1346
64,1487
54,1313
61,1415
61,1390
61,1440
58,1371
64,1538
61,1405
63,1518
61,1483
65,1468
58,1324
62,1506
61,1421
60,1397
63,1490
59,1349
57,1372
61,1454
-,-,-,-
72,1788
69,1729
64,1485
73,1790
66,1562
66,1564
71,1757
70,1622
67,1483
69,1573
70,1613
70,1619
70,1619
70,1619
70,1688
70,1688
66,1506
62,1428
64,1496
62,1404
64,1449
62,1495
58,1344
60,1373
63,1463
64,1512
61,1516
62,1524
54,1259
60,1385
61,1441
62,1452
64,1500
62,1471
63,1487
58,1380
61,1350
57,1348
54,1269
60,1502
58,1331
54,1199
59,1347
59,1476
-,-,-,-
72,1779
72,1780
68,1639
70,1718
68,1626
72,1778
69,1687
68,1522
69,1598
69,1564
68,1565
70,1650
66,1534
58,1360
69,1638
69,1614
67,1536
63,1410
67,1558
67,1564
64,1481
61,1397
63,1503
61,1344
63,1423
62,1397
62,1447
59,1387
62,1490
59,1402
63,1406
62,1415
60,1443
64,1485
59,1366
59,1313
67,1523
63,1453
62,1502
58,1303
58,1370
59,1368
61,1398
61,1484
-,-,-,-
69,1659
72,1754
72,1765
71,1733
69,1697
65,1590
66,1599
69,1566
69,1587
69,1599
70,1604
70,1621
65,1498
64,1494
69,1656
68,1638
67,1570
63,1386
67,1603
67,1592
62,1439
57,1332
59,1403
64,1538
61,1373
62,1433
65,1511
65,1616
61,1464
56,1311
59,1318
61,1449
61,1429
70,1733
64,1481
60,1343
60,1419
60,1325
58,1360
62,1424
59,1330
57,1325
64,1447
55,1294
-,-,-,-
69,1649
71,1736
69,1677
61,1427
69,1723
72,1749
70,1674
70,1578
70,1598
68,1550
70,1598
69,1612
69,1589
69,1592
70,1672
70,1672
67,1657
69,1679
67,1568
67,1547
57,1340
58,1315
60,1423
61,1423
61,1346
61,1347
62,1409
62,1434
61,1450
60,1383
60,1495
61,1404
60,1441
55,1366
55,1229
63,1429
61,1424
54,1232
59,1418
65,1489
64,1478
61,1424
60,1314
57,1368
-,-,-,-
66,1593
64,1515
68,1616
68,1667
62,1509
69,1661
73,1790
69,1584
70,1578
69,1564
68,1515
69,1595
70,1619
67,1572
66,1547
70,1672
63,1528
64,1503
68,1558
61,1388
66,1533
64,1462
64,1610
65,1566
63,1435
64,1464
65,1538
62,1449
61,1461
59,1438
59,1415
64,1457
55,1258
64,1462
59,1325
56,1317
60,1294
58,1323
60,1343
61,1424
65,1577
60,1409
56,1276
55,1330
-,-,-,-
65,1589
68,1682
72,1754
65,1575
69,1643
64,1530
71,1721
70,1578
67,1479
70,1583
68,1570
69,1599
67,1564
61,1403
70,1672
70,1672
69,1715
63,1504
65,1449
67,1511
67,1581
61,1367
59,1322
65,1490
57,1280
59,1372
61,1372
61,1392
60,1407
61,1446
54,1267
62,1454
62,1424
61,1389
64,1558
61,1383
61,1342
59,1414
55,1257
62,1440
57,1292
59,1342
57,1327
56,1450
-,-,-,-
69,1675
73,1790
73,1790
70,1710
69,1697
70,1711
71,1736
70,1578
70,1594
64,1417
63,1341
59,1468
67,1562
62,1447
69,1645
62,1400
70,1733
70,1737
66,1498
65,1504
65,1570
54,1185
67,1567
60,1395
61,1430
63,1373
64,1427
65,1473
61,1406
60,1404
60,1459
57,1289
61,1355
64,1507
66,1602
60,1386
56,1342
60,1346
64,1437
59,1380
60,1453
60,1384
59,1382
58,1492
-,-,-,-
72,1765
68,1625
73,1790
70,1746
65,1519
72,1782
68,1700
68,1538
68,1517
69,1564
70,1583
63,1467
63,1463
62,1487
68,1657
70,1672
67,1618
68,1672
67,1514
67,1529
60,1337
61,1389
64,1523
57,1354
64,1435
69,1611
59,1403
57,1375
56,1306
63,1518
60,1430
62,1397
61,1493
59,1366
66,1524
61,1486
61,1332
61,1427
64,1453
61,1388
62,1420
66,1557
61,1348
61,1487
-,-,-,-
63,1575
72,1748
72,1746
72,1765
72,1784
71,1699
71,1758
68,1529
69,1565
70,1578
69,1583
60,1402
69,1599
70,1623
65,1496
70,1672
67,1643
67,1632
69,1611
65,1515
60,1434
65,1488
64,1521
63,1416
60,1380
63,1375
62,1395
66,1528
65,1590
63,1521
58,1384
63,1457
62,1422
58,1295
65,1521
57,1328
60,1441
58,1325
61,1396
61,1420
62,1506
60,1385
58,1341
58,1393
-,-,-,-
61,1426
63,1493
67,1646
63,1508
73,1790
73,1794
66,1599
68,1546
64,1425
69,1563
70,1598
70,1621
70,1637
70,1619
67,1607
59,1362
67,1612
68,1688
61,1383
67,1529
62,1395
66,1570
60,1366
59,1381
64,1444
62,1361
60,1348
58,1282
62,1501
64,1545
61,1473
62,1420
60,1412
62,1452
63,1468
68,1594
61,1420
62,1424
60,1375
63,1405
66,1519
56,1257
61,1390
55,1328
-,-,-,-
70,1742
72,1749
66,1612
69,1666
73,1790
59,1452
68,1689
70,1597
62,1401
70,1578
65,1443
64,1480
68,1566
70,1617
63,1436
67,1593
65,1592
66,1672
69,1603
64,1459
60,1449
62,1448
62,1450
62,1431
65,1587
64,1491
58,1269
61,1381
63,1463
61,1471
61,1460
62,1502
61,1379
65,1479
65,1484
58,1396
62,1478
59,1419
64,1508
59,1376
58,1268
59,1384
58,1279
57,1380
-,-,-,-
69,1643
72,1780
65,1599
64,1555
70,1711
70,1723
70,1724
68,1538
70,1578
69,1584
68,1522
70,1611
69,1583
60,1415
70,1672
68,1615
61,1393
67,1659
68,1576
68,1608
61,1389
61,1424
57,1311
54,1269
67,1599
64,1603
60,1331
59,1275
67,1618
59,1360
61,1489
58,1370
58,1360
62,1439
61,1453
55,1288
62,1455
57,1358
63,1432
58,1325
62,1388
61,1462
59,1352
62,1443
-,-,-,-
73,1792
69,1668
70,1723
71,1713
66,1537
70,1740
67,1621
69,1583
70,1616
68,1522
70,1578
70,1611
68,1536
68,1549
61,1483
58,1351
66,1642
66,1627
69,1605
68,1598
58,1368
58,1359
58,1335
62,1467
61,1393
61,1470
60,1343
65,1447
64,1577
59,1465
54,1326
60,1432
62,1455
65,1506
62,1480
63,1522
63,1435
57,1351
63,1429
60,1426
64,1551
58,1364
60,1405
58,1403
-,-,-,-
66,1595
73,1790
71,1740
66,1566
68,1679
72,1779
73,1790
71,1631
67,1503
64,1479
68,1533
64,1480
61,1404
66,1537
61,1453
70,1670
67,1599
70,1731
69,1603
62,1429
67,1560
63,1429
56,1264
65,1493
69,1689
60,1401
58,1339
65,1424
65,1535
64,1518
66,1620
61,1471
59,1350
61,1402
62,1393
57,1346
57,1354
58,1316
61,1437
60,1415
65,1497
63,1515
63,1511
63,1551
-,-,-,-
71,1715
73,1790
72,1776
67,1684
66,1573
72,1750
65,1566
71,1633
65,1421
69,1593
71,1631
68,1565
62,1425
66,1537
65,1510
68,1610
70,1733
67,1614
68,1572
69,1607
60,1395
63,1443
63,1540
55,1258
62,1431
56,1216
65,1472
60,1407
63,1484
60,1409
61,1450
65,1541
63,1462
59,1363
60,1442
61,1392
58,1306
62,1470
58,1389
60,1396
64,1532
55,1215
62,1431
60,1492
-,-,-,-
73,1786
67,1593
72,1754
70,1662
67,1663
68,1619
67,1641
68,1502
69,1555
68,1553
70,1604
68,1598
64,1471
69,1596
67,1586
65,1508
66,1603
70,1731
69,1603
68,1591
63,1487
61,1413
64,1456
56,1259
65,1501
65,1499
63,1475
63,1422
63,1484
57,1245
65,1496
59,1400
58,1300
61,1418
62,1411
60,1382
64,1513
57,1288
60,1399
64,1452
63,1481
58,1307
61,1425
58,1394
-,-,-,-
71,1752
68,1656
66,1543
71,1756
69,1714
73,1786
72,1774
70,1619
71,1628
71,1631
69,1583
63,1467
68,1585
69,1589
70,1670
70,1670
69,1697
70,1731
69,1603
67,1535
53,1253
61,1389
64,1477
61,1436
59,1442
58,1411
60,1411
61,1378
65,1490
57,1362
62,1451
62,1414
57,1307
62,1407
62,1529
59,1341
64,1450
66,1527
58,1300
60,1444
64,1460
58,1404
58,1317
57,1394
-,-,-,-
72,1782
72,1780
67,1681
73,1792
71,1774
72,1756
68,1659
71,1628
70,1615
70,1592
71,1630
61,1412
70,1620
68,1638
65,1489
69,1637
66,1634
64,1568
69,1600
68,1597
57,1340
58,1292
66,1549
62,1433
61,1374
62,1503
65,1534
67,1525
63,1474
56,1280
67,1636
56,1299
59,1485
63,1405
62,1408
57,1252
58,1295
61,1442
59,1342
61,1420
57,1301
63,1467
61,1457
58,1390
-,-,-,-
72,1774
70,1728
64,1533
73,1786
70,1696
70,1665
64,1584
72,1648
71,1628
69,1631
71,1628
69,1596
70,1611
66,1506
70,1670
66,1598
62,1411
61,1426
66,1547
65,1465
62,1425
65,1580
62,1470
59,1388
60,1323
60,1353
55,1223
63,1440
65,1507
60,1409
62,1521
66,1586
62,1411
62,1397
63,1444
64,1484
62,1415
59,1361
61,1422
63,1429
60,1420
62,1400
56,1262
60,1416
-,-,-,-
71,1719
71,1742
69,1663
70,1725
60,1430
71,1727
64,1528
72,1648
69,1566
70,1597
72,1648
70,1611
60,1428
67,1606
69,1641
68,1609
64,1575
64,1595
67,1562
68,1563
60,1429
62,1417
65,1456
60,1309
65,1458
61,1497
55,1213
63,1343
63,1498
62,1458
61,1475
59,1392
65,1491
63,1411
61,1420
61,1454
63,1479
60,1414
60,1425
63,1455
64,1464
63,1447
61,1320
60,1440
-,-,-,-
69,1674
66,1591
66,1506
63,1490
72,1776
69,1650
69,1692
72,1642
70,1583
69,1580
71,1598
69,1579
64,1465
67,1528
70,1670
67,1594
62,1463
63,1535
66,1530
67,1550
59,1384
65,1476
66,1511
61,1412
65,1517
65,1515
62,1395
61,1352
65,1583
58,1360
65,1561
62,1486
62,1359
64,1439
63,1466
59,1470
61,1406
59,1307
61,1349
58,1275
59,1405
64,1490
57,1378
60,1393
-,-,-,-
72,1755
63,1529
65,1569
68,1644
73,1792
69,1710
73,1786
70,1598
65,1445
71,1641
71,1627
66,1532
62,1453
67,1579
69,1663
69,1659
70,1744
70,1731
63,1459
64,1460
64,1496
62,1388
53,1296
62,1449
66,1593
58,1337
60,1354
61,1353
65,1548
58,1310
65,1600
62,1478
62,1431
57,1322
61,1419
59,1402
61,1404
62,1430
61,1389
62,1435
62,1413
59,1397
63,1458
60,1408
-,-,-,-
71,1729
65,1582
66,1598
72,1771
66,1543
68,1659
66,1580
71,1603
72,1640
67,1483
62,1370
67,1582
67,1535
60,1365
63,1463
69,1634
62,1478
66,1631
69,1600
67,1553
62,1394
61,1414
60,1390
56,1287
67,1609
61,1449
63,1469
61,1373
64,1496
64,1500
59,1374
60,1472
62,1433
63,1443
62,1462
63,1441
64,1452
64,1475
62,1472
61,1435
63,1408
62,1417
60,1430
60,1449
-,-,-,-
66,1631
70,1708
70,1727
71,1752
68,1672
70,1720
65,1597
67,1485
67,1456
72,1642
70,1582
64,1493
67,1542
68,1566
70,1670
66,1597
66,1566
67,1657
62,1400
65,1408
60,1435
60,1406
62,1388
56,1251
70,1640
58,1302
61,1403
60,1361
61,1413
60,1437
57,1369
61,1490
63,1448
57,1299
63,1423
63,1466
62,1420
63,1457
61,1365
61,1435
58,1404
59,1379
58,1311
63,1501
-,-,-,-
70,1701
63,1450
72,1750
64,1614
63,1464
71,1733
65,1619
72,1644
72,1640
69,1582
72,1640
70,1657
59,1352
63,1447
70,1640
70,1652
70,1670
69,1647
70,1731
65,1583
58,1288
62,1436
62,1359
61,1432
61,1410
57,1301
62,1376
63,1419
64,1511
64,1567
64,1549
63,1529
62,1409
65,1512
61,1443
58,1311
61,1401
62,1470
62,1433
60,1421
64,1530
62,1426
58,1341
59,1442
-,-,-,-
64,1489
62,1465
71,1754
64,1562
72,1740
66,1609
73,1786
72,1640
72,1626
72,1640
69,1582
68,1566
67,1629
68,1568
70,1640
70,1649
67,1597
63,1434
67,1632
66,1547
63,1364
58,1330
62,1395
60,1351
62,1387
61,1414
63,1427
63,1386
60,1473
57,1273
58,1293
59,1420
59,1356
60,1387
61,1407
63,1468
64,1479
57,1344
59,1329
61,1482
65,1433
56,1311
60,1367
56,1452
-,-,-,-
61,1451
64,1572
65,1551
70,1728
70,1683
66,1640
73,1786
72,1630
70,1569
68,1498
72,1627
69,1587
63,1430
59,1340
70,1640
70,1644
70,1670
69,1639
68,1670
70,1731
62,1382
63,1520
63,1470
58,1315
59,1353
61,1412
56,1219
60,1369
64,1489
58,1336
65,1633
57,1356
63,1427
65,1534
65,1537
59,1433
62,1399
60,1366
63,1535
57,1301
63,1437
59,1387
62,1414
59,1425
-,-,-,-
63,1512
66,1616
70,1755
70,1755
72,1752
73,1786
73,1786
64,1420
69,1581
71,1587
72,1630
67,1572
65,1515
70,1611
70,1644
71,1682
68,1636
69,1653
67,1603
67,1666
64,1464
69,1667
59,1473
59,1373
65,1492
59,1369
60,1423
61,1403
66,1603
60,1329
61,1415
62,1488
58,1327
59,1415
66,1548
58,1394
59,1324
67,1609
63,1454
59,1309
63,1507
61,1423
59,1318
58,1341
-,-,-,-
70,1660
73,1786
70,1722
70,1723
68,1678
66,1594
66,1605
72,1626
64,1448
72,1626
70,1607
69,1592
64,1487
71,1696
61,1365
69,1586
70,1672
69,1620
67,1577
69,1699
62,1405
60,1397
64,1645
64,1508
56,1229
58,1372
60,1369
60,1356
61,1463
56,1320
61,1422
63,1441
56,1308
63,1457
63,1510
62,1471
58,1334
61,1464
61,1413
62,1417
59,1308
58,1317
56,1316
55,1317
-,-,-,-
66,1629
67,1615
71,1736
69,1691
69,1687
72,1756
62,1519
70,1608
66,1542
70,1572
71,1604
67,1583
70,1650
66,1606
70,1611
70,1623
70,1680
68,1646
68,1606
63,1520
69,1613
61,1412
59,1325
61,1394
65,1503
61,1377
62,1350
64,1503
61,1435
59,1420
61,1421
59,1330
60,1461
61,1427
59,1364
61,1486
60,1340
64,1543
60,1354
67,1557
61,1394
60,1416
58,1314
59,1428
-,-,-,-
73,1788
71,1747
63,1600
65,1557
67,1587
67,1615
71,1746
69,1540
68,1500
72,1626
72,1620
70,1673
67,1579
71,1682
67,1538
63,1420
64,1533
65,1551
69,1714
66,1604
61,1347
61,1458
62,1472
62,1513
62,1449
61,1408
55,1289
65,1475
63,1463
64,1524
58,1349
66,1589
67,1439
64,1581
65,1440
60,1377
61,1419
56,1292
63,1466
59,1419
59,1412
61,1375
59,1298
59,1383
-,-,-,-
66,1626
71,1781
72,1752
73,1786
71,1716
66,1654
72,1758
72,1624
72,1624
68,1542
66,1479
71,1682
70,1657
61,1395
68,1597
69,1587
70,1670
69,1637
69,1716
70,1731
62,1419
66,1569
65,1550
60,1314
59,1279
60,1414
64,1497
64,1449
59,1405
68,1634
64,1488
64,1529
63,1491
61,1502
60,1412
63,1465
59,1384
59,1385
62,1404
60,1385
65,1569
57,1336
61,1413
60,1467
-,-,-,-
68,1658
72,1750
71,1742
73,1786
69,1712
72,1752
65,1586
64,1446
66,1442
72,1620
72,1620
71,1682
67,1608
71,1682
67,1515
69,1580
66,1585
66,1521
70,1731
66,1588
63,1445
68,1625
62,1467
59,1359
60,1346
60,1395
58,1340
62,1391
60,1443
61,1384
65,1565
61,1486
61,1408
62,1521
62,1487
60,1383
60,1347
57,1318
57,1281
57,1266
56,1268
60,1385
58,1300
57,1329
-,-,-,-
72,1768
61,1482
69,1717
73,1786
73,1786
71,1710
71,1746
71,1568
72,1617
72,1620
72,1620
70,1658
68,1581
70,1693
70,1607
68,1578
64,1525
69,1652
68,1669
65,1558
67,1547
68,1629
62,1418
64,1510
63,1426
58,1326
63,1399
67,1553
58,1302
61,1414
62,1428
62,1465
55,1349
60,1492
57,1325
57,1277
59,1358
52,1238
60,1349
61,1330
60,1374
56,1308
64,1463
62,1456
-,-,-,-
73,1786
70,1706
69,1620
68,1683
71,1758
66,1577
62,1529
72,1617
64,1423
69,1520
65,1462
71,1709
69,1618
69,1622
61,1459
58,1349
64,1518
70,1670
69,1702
67,1637
62,1404
58,1313
64,1524
65,1611
64,1470
58,1325
60,1472
63,1419
62,1386
65,1486
67,1575
57,1255
64,1507
59,1431
59,1329
60,1433
63,1470
64,1481
63,1374
62,1478
60,1402
56,1250
62,1463
55,1358
-,-,-,-
73,1786
62,1481
64,1521
64,1525
68,1609
73,1786
68,1685
68,1529
72,1635
70,1609
73,1659
69,1625
69,1607
63,1491
60,1399
67,1540
68,1595
69,1637
64,1499
70,1729
63,1442
61,1403
61,1361
65,1495
62,1429
60,1457
66,1568
64,1451
57,1281
62,1437
63,1437
59,1414
61,1490
57,1375
60,1388
61,1389
62,1521
60,1357
61,1424
61,1477
62,1477
61,1456
62,1342
60,1438
-,-,-,-
67,1497
67,1457
73,1657
72,1638
65,1415
67,1530
72,1649
62,1463
61,1427
73,1786
62,1456
71,1684
71,1682
70,1649
70,1607
67,1522
68,1615
64,1459
70,1745
70,1729
64,1552
66,1623
62,1385
69,1683
57,1258
58,1331
58,1364
58,1298
63,1407
62,1411
63,1451
61,1485
60,1424
61,1499
60,1433
59,1408
66,1527
58,1337
68,1649
62,1387
55,1289
61,1390
60,1345
62,1499
-,-,-,-
63,1350
70,1541
65,1458
73,1667
71,1599
71,1619
73,1642
71,1688
70,1715
71,1739
68,1673
71,1682
68,1636
71,1680
70,1607
63,1426
67,1670
69,1636
66,1648
64,1504
61,1348
66,1517
60,1445
64,1450
59,1300
62,1428
62,1461
61,1423
63,1415
61,1411
60,1373
64,1448
59,1313
66,1577
62,1453
61,1478
64,1466
59,1370
58,1386
60,1439
60,1370
63,1476
64,1466
57,1376
-,-,-,-
69,1523
66,1482
65,1499
66,1530
71,1553
73,1644
70,1574
66,1640
66,1612
71,1752
71,1728
70,1657
70,1653
71,1680
70,1607
63,1424
65,1546
63,1472
64,1627
63,1527
65,1494
62,1487
64,1489
61,1412
61,1379
60,1414
63,1510
61,1378
64,1470
59,1327
61,1315
65,1488
63,1487
60,1428
62,1579
58,1340
64,1439
61,1402
59,1335
55,1222
62,1430
61,1360
62,1423
62,1500
-,-,-,-
68,1470
69,1498
69,1507
73,1646
73,1642
73,1642
70,1556
70,1739
68,1667
64,1540
67,1587
58,1384
70,1646
68,1593
70,1607
70,1607
66,1559
66,1589
60,1427
68,1679
63,1492
59,1419
65,1594
64,1445
59,1337
61,1409
63,1416
61,1353
63,1527
59,1371
61,1361
64,1564
59,1427
58,1389
60,1381
60,1393
63,1430
61,1477
61,1349
62,1445
63,1430
58,1299
61,1340
58,1454
-,-,-,-
67,1451
67,1499
73,1638
71,1610
71,1593
69,1568
70,1550
64,1520
68,1656
70,1728
66,1640
69,1619
66,1537
71,1680
65,1525
62,1395
70,1674
70,1670
64,1512
66,1625
60,1356
61,1429
64,1578
58,1371
60,1330
62,1486
60,1381
65,1448
63,1437
67,1565
63,1453
62,1438
55,1218
63,1545
62,1481
62,1424
58,1388
63,1435
58,1383
63,1492
62,1482
58,1344
56,1311
56,1353
-,-,-,-
71,1576
73,1638
66,1481
71,1589
71,1579
72,1621
70,1576
66,1583
72,1756
73,1790
70,1702
65,1432
66,1541
67,1583
64,1503
66,1528
67,1599
61,1413
68,1677
66,1642
60,1362
62,1478
59,1353
55,1290
62,1413
61,1516
63,1463
64,1472
65,1522
60,1378
60,1326
66,1507
60,1377
59,1312
57,1416
63,1414
59,1331
60,1326
59,1348
66,1530
62,1401
58,1266
61,1366
58,1402
-,-,-,-
72,1617
73,1658
69,1556
73,1638
73,1640
73,1638
66,1481
72,1771
73,1790
72,1755
70,1744
71,1680
69,1605
64,1460
67,1546
61,1417
69,1669
66,1538
65,1610
66,1575
64,1468
63,1475
61,1454
62,1406
65,1482
63,1481
60,1453
63,1438
63,1404
61,1450
60,1409
66,1576
65,1554
62,1484
54,1289
64,1497
64,1505
65,1556
59,1339
56,1294
64,1480
57,1369
60,1348
56,1309
-,-,-,-
68,1502
73,1640
66,1476
73,1638
73,1661
73,1638
71,1587
68,1707
72,1769
66,1556
73,1786
63,1471
67,1567
70,1649
65,1453
68,1578
70,1670
69,1643
65,1596
67,1626
63,1480
60,1398
59,1387
60,1426
61,1389
63,1503
62,1441
64,1496
62,1421
63,1468
65,1461
66,1558
60,1348
67,1604
57,1302
56,1297
62,1420
64,1448
57,1308
62,1339
60,1423
62,1420
62,1371
59,1446
-,-,-,-
67,1527
68,1525
72,1617
70,1573
68,1538
69,1544
70,1556
62,1512
68,1634
64,1529
71,1787
58,1415
62,1500
71,1680
69,1589
63,1422
66,1545
68,1653
65,1578
68,1674
65,1522
67,1579
65,1478
64,1481
63,1401
59,1422
57,1383
65,1514
59,1320
63,1413
62,1324
67,1572
61,1469
61,1471
59,1432
61,1400
62,1430
61,1492
62,1453
64,1451
64,1560
61,1340
62,1432
56,1315
-,-,-,-
64,1398
67,1545
68,1511
71,1584
67,1526
66,1478
68,1502
72,1748
64,1528
68,1669
71,1781
65,1529
69,1633
71,1682
62,1394
61,1429
70,1688
58,1302
70,1731
68,1671
64,1465
62,1441
59,1402
64,1565
63,1464
61,1395
65,1582
62,1434
59,1318
60,1378
64,1489
63,1437
57,1310
63,1423
62,1488
60,1420
64,1487
59,1327
61,1375
60,1345
64,1489
59,1341
65,1478
64,1536
-,-,-,-
73,1638
69,1578
65,1483
73,1638
73,1638
73,1644
73,1638
71,1713
66,1594
73,1786
64,1539
64,1465
69,1595
69,1609
70,1607
70,1607
66,1649
62,1515
66,1626
67,1595
62,1400
67,1607
61,1546
65,1502
62,1453
63,1517
61,1378
62,1364
61,1394
62,1455
65,1520
61,1479
55,1223
63,1439
56,1317
59,1341
60,1420
56,1214
56,1315
65,1460
60,1374
61,1445
62,1433
64,1568
-,-,-,-
73,1636
73,1638
73,1638
73,1640
69,1522
67,1439
69,1508
62,1430
68,1644
63,1462
71,1769
68,1661
69,1627
68,1595
68,1526
68,1564
70,1666
68,1637
64,1556
66,1620
64,1502
60,1402
65,1536
62,1447
61,1405
63,1466
61,1394
63,1483
65,1449
61,1400
63,1478
63,1523
58,1331
64,1481
60,1513
61,1325
64,1482
61,1444
60,1424
60,1357
61,1401
61,1439
61,1369
58,1420
-,-,-,-
73,1638
73,1655
73,1636
64,1430
72,1621
70,1592
72,1624
73,1786
70,1673
68,1648
71,1752
65,1544
69,1663
66,1541
69,1583
70,1607
64,1540
67,1576
70,1729
66,1630
62,1348
60,1381
64,1469
62,1417
60,1390
61,1428
65,1509
61,1363
58,1330
58,1366
65,1536
63,1452
62,1443
61,1413
62,1456
60,1382
62,1444
61,1407
61,1394
63,1394
63,1468
59,1323
60,1402
61,1508
-,-,-,-
70,1534
72,1647
73,1673
69,1510
69,1558
70,1567
74,1710
70,1681
66,1593
69,1717
64,1561
62,1420
68,1601
66,1556
68,1562
58,1350
61,1436
70,1676
69,1704
66,1615
64,1533
58,1372
60,1464
58,1297
61,1412
59,1362
61,1434
55,1196
64,1476
64,1495
63,1460
59,1435
60,1375
61,1446
58,1456
61,1452
64,1449
63,1440
58,1334
61,1402
61,1406
62,1411
61,1357
60,1495
-,-,-,-
74,1710
63,1441
74,1710
71,1594
64,1421
70,1582
65,1420
69,1686
68,1656
70,1679
73,1786
61,1425
68,1564
68,1576
70,1629
65,1548
65,1518
67,1593
66,1635
70,1721
64,1483
68,1618
60,1402
61,1370
65,1529
60,1295
65,1479
59,1363
65,1484
61,1417
64,1454
59,1358
60,1414
63,1487
60,1489
63,1438
63,1459
61,1409
64,1523
58,1332
63,1447
62,1423
61,1418
62,1410
-,-,-,-
72,1622
74,1716
73,1682
72,1637
64,1409
72,1636
74,1710
69,1678
73,1786
73,1786
68,1650
68,1633
70,1652
70,1620
60,1356
66,1538
70,1666
69,1637
67,1632
65,1587
60,1365
63,1390
65,1581
61,1400
62,1484
62,1429
64,1567
64,1530
65,1491
61,1396
56,1279
64,1507
61,1437
58,1393
59,1367
65,1483
62,1493
58,1322
62,1497
56,1308
65,1493
58,1355
61,1378
61,1505
-,-,-,-
66,1483
72,1666
66,1473
71,1589
74,1710
74,1696
65,1445
68,1697
73,1786
71,1746
69,1620
70,1649
70,1678
71,1672
70,1631
70,1607
64,1501
70,1647
69,1669
66,1623
61,1414
61,1392
65,1490
61,1429
60,1380
67,1567
67,1559
62,1432
68,1526
56,1300
61,1401
60,1352
58,1301
61,1350
64,1510
63,1434
64,1505
58,1287
64,1511
57,1291
64,1485
60,1402
57,1371
59,1356
-,-,-,-
73,1646
70,1601
69,1599
73,1684
71,1622
73,1699
71,1649
68,1610
68,1671
66,1636
70,1703
70,1662
70,1647
71,1672
69,1585
69,1558
68,1589
68,1602
63,1524
67,1583
63,1494
67,1613
67,1552
62,1424
65,1523
60,1413
58,1401
62,1437
62,1351
62,1388
63,1384
65,1487
63,1474
61,1440
57,1356
62,1395
56,1217
61,1445
60,1371
61,1416
64,1438
61,1439
60,1394
61,1442
-,-,-,-
72,1653
66,1504
74,1708
72,1651
69,1565
74,1706
70,1570
73,1788
73,1786
69,1702
73,1786
71,1672
68,1584
68,1601
67,1513
65,1565
67,1565
65,1460
64,1549
71,1764
59,1309
59,1384
64,1511
61,1448
61,1399
60,1343
57,1341
60,1364
64,1540
61,1346
65,1491
65,1477
58,1401
67,1546
61,1433
63,1458
60,1422
62,1459
62,1400
59,1349
62,1418
60,1409
59,1311
63,1520
-,-,-,-
69,1520
74,1704
74,1696
67,1516
74,1698
71,1624
70,1613
69,1664
67,1659
67,1594
73,1786
68,1579
68,1625
60,1426
71,1764
72,1801
60,1353
69,1592
70,1649
69,1607
64,1434
64,1571
65,1522
63,1500
60,1410
60,1338
63,1474
64,1452
62,1480
58,1386
65,1526
64,1493
63,1499
64,1465
64,1544
60,1348
65,1459
60,1345
60,1319
60,1400
63,1439
61,1441
60,1453
62,1438
-,-,-,-
71,1590
73,1668
73,1691
74,1700
74,1700
72,1618
74,1700
70,1704
68,1633
68,1607
73,1786
65,1541
71,1762
71,1784
71,1672
71,1672
65,1483
69,1602
71,1707
70,1698
62,1479
62,1419
65,1529
67,1610
68,1627
56,1213
57,1267
61,1419
62,1447
62,1441
61,1405
66,1588
67,1528
61,1435
61,1476
63,1435
57,1287
63,1380
60,1369
62,1401
57,1319
61,1395
57,1305
55,1336
-,-,-,-
71,1694
74,1720
73,1698
74,1696
74,1698
67,1477
74,1696
73,1786
73,1794
72,1776
71,1732
64,1525
71,1767
71,1771
64,1560
71,1672
70,1678
64,1502
70,1607
68,1537
61,1479
62,1445
63,1566
58,1300
60,1360
59,1302
63,1423
66,1564
63,1461
63,1428
65,1541
67,1632
65,1493
63,1486
56,1392
64,1432
63,1451
62,1437
61,1421
62,1414
67,1578
65,1483
62,1415
60,1451
-,-,-,-
68,1582
71,1595
74,1738
71,1617
67,1513
72,1621
73,1706
69,1691
71,1740
69,1691
73,1786
70,1718
66,1563
66,1574
66,1532
61,1430
70,1682
61,1414
68,1567
69,1588
61,1407
65,1556
61,1415
66,1488
61,1402
66,1483
58,1396
59,1390
63,1471
61,1423
64,1418
59,1311
64,1473
64,1427
57,1411
61,1535
61,1360
58,1307
61,1331
58,1302
58,1339
65,1490
57,1342
59,1457
-,-,-,-
71,1624
74,1696
61,1407
70,1588
74,1696
67,1493
71,1579
71,1736
66,1609
71,1772
71,1738
72,1805
71,1804
70,1698
66,1489
69,1615
69,1621
65,1479
62,1379
70,1603
62,1412
62,1425
63,1438
64,1411
62,1444
63,1435
63,1467
65,1570
63,1408
62,1452
63,1401
63,1419
60,1363
65,1484
63,1542
57,1374
61,1377
64,1500
62,1472
58,1348
62,1420
62,1466
58,1280
57,1366
-,-,-,-
69,1610
71,1588
72,1673
71,1582
69,1568
70,1602
72,1625
67,1606
73,1786
66,1594
70,1688
63,1500
72,1807
69,1681
70,1638
69,1599
71,1713
68,1621
60,1379
67,1564
59,1429
60,1321
61,1490
60,1289
58,1338
64,1417
62,1500
65,1545
59,1408
63,1433
65,1494
67,1529
59,1365
65,1454
64,1564
58,1422
58,1314
59,1347
62,1460
60,1349
60,1359
60,1381
60,1366
60,1453
-,-,-,-
74,1712
72,1642
73,1672
67,1489
64,1416
71,1625
69,1558
63,1538
67,1668
64,1591
71,1692
69,1681
72,1799
70,1726
71,1672
69,1612
64,1449
70,1668
70,1611
68,1607
68,1607
56,1277
59,1370
59,1344
61,1418
63,1410
62,1513
58,1380
64,1484
63,1421
59,1290
62,1441
61,1410
61,1377
64,1507
62,1464
59,1347
65,1524
62,1472
63,1456
59,1346
59,1413
59,1333
57,1352
-,-,-,-
73,1668
70,1575
64,1481
69,1571
74,1696
71,1590
70,1585
72,1754
64,1539
73,1786
71,1725
64,1568
60,1472
72,1782
70,1651
63,1454
66,1543
69,1670
65,1464
69,1593
56,1266
64,1445
62,1493
62,1398
61,1427
58,1265
62,1450
58,1369
62,1412
60,1375
63,1421
64,1515
67,1621
66,1580
63,1468
64,1522
60,1339
66,1574
62,1457
57,1266
65,1487
58,1312
61,1420
55,1316
-,-,-,-
74,1696
69,1591
70,1563
63,1375
67,1540
74,1696
72,1656
72,1777
70,1718
71,1729
71,1729
68,1682
72,1780
67,1584
69,1618
70,1688
69,1620
61,1410
60,1367
68,1558
62,1461
61,1392
61,1433
66,1544
60,1433
60,1311
62,1430
61,1488
68,1583
58,1373
65,1510
64,1533
65,1503
61,1406
58,1367
61,1457
63,1439
66,1563
57,1327
59,1373
60,1363
59,1383
62,1396
61,1455
-,-,-,-
67,1494
69,1560
69,1536
65,1442
74,1708
74,1726
69,1592
73,1786
65,1557
73,1794
71,1732
70,1705
70,1715
68,1596
60,1416
66,1596
58,1373
68,1629
69,1594
63,1424
66,1544
64,1510
59,1479
63,1429
65,1533
63,1455
58,1315
61,1397
60,1369
61,1365
61,1369
67,1564
65,1563
56,1273
59,1386
56,1306
67,1568
60,1483
56,1336
59,1357
59,1438
58,1421
57,1348
61,1455
-,-,-,-
71,1613
74,1706
73,1710
62,1390
73,1679
69,1542
66,1476
66,1587
70,1697
72,1730
68,1687
72,1776
72,1774
72,1782
70,1640
63,1457
67,1552
70,1682
66,1499
67,1577
64,1493
61,1457
65,1600
65,1530
64,1510
57,1289
62,1406
61,1398
59,1398
61,1349
64,1416
61,1428
62,1489
62,1371
63,1421
63,1465
58,1382
61,1447
63,1472
57,1347
61,1424
65,1508
60,1388
60,1390
-,-,-,-
68,1501
72,1661
74,1696
72,1603
66,1483
74,1702
64,1437
72,1761
70,1726
64,1581
73,1786
71,1758
69,1751
68,1614
69,1617
70,1635
71,1707
71,1715
70,1603
67,1553
68,1595
56,1292
65,1528
62,1420
64,1449
67,1605
65,1499
60,1380
61,1423
60,1311
64,1414
62,1381
62,1439
61,1399
61,1396
60,1364
61,1471
62,1430
60,1396
60,1365
59,1381
54,1182
60,1400
61,1528
-,-,-,-
74,1696
74,1720
71,1630
71,1650
67,1509
71,1632
67,1505
73,1788
72,1747
67,1641
73,1788
71,1724
71,1749
69,1685
67,1502
67,1623
68,1617
67,1647
64,1457
60,1400
64,1518
62,1451
68,1592
65,1466
66,1501
63,1422
59,1324
60,1469
65,1614
63,1529
62,1407
64,1496
63,1477
63,1417
61,1354
66,1488
62,1475
61,1396
62,1461
60,1411
62,1479
62,1533
60,1366
62,1489
-,-,-,-
70,1607
73,1677
65,1463
74,1696
70,1585
72,1676
73,1671
66,1530
68,1670
69,1693
69,1688
70,1686
71,1754
71,1752
69,1631
68,1564
65,1591
71,1701
70,1603
63,1471
66,1533
64,1563
66,1554
60,1291
61,1434
61,1462
62,1387
64,1520
59,1413
58,1343
62,1473
66,1485
70,1607
64,1464
63,1419
57,1311
63,1493
60,1335
62,1429
59,1441
60,1377
59,1362
63,1506
59,1448
-,-,-,-
74,1702
74,1722
64,1394
66,1464
74,1700
69,1506
69,1587
70,1726
70,1703
73,1788
65,1620
69,1617
70,1705
69,1613
71,1672
66,1515
63,1455
71,1697
68,1555
69,1575
58,1298
59,1362
61,1480
67,1617
64,1507
66,1559
60,1349
64,1467
64,1496
60,1389
59,1408
67,1547
68,1597
60,1396
59,1274
58,1346
59,1396
60,1360
57,1313
62,1414
62,1437
56,1280
61,1409
63,1524
-,-,-,-
71,1582
72,1607
67,1523
68,1518
74,1696
74,1696
74,1696
67,1604
73,1786
67,1590
72,1759
71,1737
71,1708
69,1690
66,1536
71,1672
68,1602
71,1709
66,1513
69,1582
63,1439
63,1486
61,1436
65,1537
61,1296
66,1528
61,1375
65,1544
63,1477
62,1427
63,1548
59,1367
65,1471
58,1324
66,1516
59,1367
61,1542
58,1358
61,1404
53,1200
61,1435
61,1416
59,1441
58,1412
-,-,-,-
71,1623
73,1666
74,1702
72,1634
71,1604
72,1651
68,1526
70,1685
71,1701
69,1692
69,1633
72,1774
69,1676
65,1550
71,1686
70,1647
69,1673
71,1697
67,1548
70,1603
63,1484
70,1674
55,1268
63,1476
61,1369
57,1332
61,1395
60,1356
64,1481
60,1374
60,1375
65,1523
63,1494
67,1514
67,1573
57,1259
59,1393
57,1343
59,1355
52,1204
56,1326
58,1333
64,1484
62,1491
-,-,-,-
71,1628
74,1696
61,1390
74,1712
72,1623
73,1674
70,1627
62,1519
69,1662
69,1687
73,1788
72,1774
72,1780
72,1743
60,1465
70,1633
62,1466
71,1697
71,1651
60,1365
61,1396
63,1476
61,1513
64,1481
64,1438
61,1401
61,1415
61,1403
66,1501
56,1247
56,1306
60,1382
55,1300
64,1432
60,1387
64,1596
62,1519
58,1293
57,1326
60,1403
62,1462
59,1359
60,1361
61,1476
-,-,-,-
74,1696
73,1644
69,1513
74,1696
70,1612
71,1590
68,1582
73,1790
64,1521
70,1734
64,1494
69,1636
63,1489
68,1656
67,1553
61,1405
71,1680
70,1655
66,1542
69,1617
63,1522
64,1450
63,1364
62,1511
60,1361
66,1466
63,1439
64,1488
68,1621
60,1428
69,1617
62,1406
55,1299
65,1511
60,1289
57,1318
61,1514
66,1565
59,1408
61,1388
62,1402
54,1231
59,1430
58,1444
-,-,-,-
72,1665
73,1659
71,1624
71,1656
74,1696
71,1611
69,1592
71,1757
70,1701
72,1774
72,1774
67,1607
66,1617
68,1582
70,1648
70,1634
67,1558
63,1469
72,1731
67,1585
67,1610
62,1465
64,1496
62,1374
66,1545
68,1623
65,1459
64,1513
66,1557
65,1568
60,1420
62,1417
59,1390
59,1260
58,1316
65,1504
59,1465
68,1547
65,1513
63,1449
61,1374
61,1401
57,1252
63,1534
-,-,-,-
74,1704
68,1521
73,1662
74,1716
69,1555
73,1677
71,1609
71,1725
71,1770
70,1688
69,1694
61,1505
62,1453
72,1731
63,1502
72,1743
67,1553
57,1338
68,1583
71,1666
66,1539
66,1575
63,1458
63,1404
67,1606
62,1383
61,1413
67,1582
58,1389
63,1430
69,1649
61,1427
59,1313
66,1509
63,1401
64,1484
62,1515
57,1465
64,1524
57,1345
61,1376
61,1426
65,1553
61,1492
-,-,-,-
74,1708
65,1524
68,1556
71,1604
69,1591
74,1708
64,1378
72,1750
72,1772
67,1621
70,1707
68,1622
71,1746
66,1510
72,1743
69,1666
67,1568
65,1502
69,1641
68,1596
62,1395
60,1297
62,1329
68,1635
63,1559
63,1457
63,1500
57,1379
59,1377
58,1312
62,1478
60,1492
65,1460
67,1515
66,1460
62,1418
62,1486
60,1447
54,1282
59,1297
62,1450
57,1395
62,1478
63,1512
-,-,-,-
67,1536
66,1467
67,1480
69,1557
71,1591
69,1612
64,1428
73,1786
72,1763
73,1800
71,1716
68,1595
69,1654
63,1486
72,1743
69,1680
62,1442
65,1551
68,1577
63,1484
59,1264
63,1472
61,1466
65,1563
68,1586
64,1533
64,1414
57,1317
60,1367
60,1467
63,1442
56,1249
58,1294
61,1413
59,1286
65,1444
62,1442
64,1530
63,1500
59,1411
61,1349
60,1402
63,1426
64,1511
-,-,-,-
72,1650
67,1555
72,1635
74,1700
74,1700
64,1415
74,1700
64,1554
73,1786
73,1786
73,1792
64,1401
72,1731
67,1566
64,1518
65,1525
66,1549
71,1649
68,1595
71,1666
60,1305
59,1343
67,1624
61,1381
64,1508
63,1496
66,1544
59,1381
66,1457
56,1256
62,1399
58,1340
64,1492
61,1363
61,1375
59,1349
58,1334
61,1385
60,1391
59,1355
58,1316
63,1456
60,1330
63,1514
-,-,-,-
73,1672
74,1698
73,1672
64,1392
73,1668
73,1672
71,1586
73,1786
71,1723
71,1770
64,1569
70,1593
72,1731
69,1640
72,1743
68,1671
71,1651
71,1651
63,1466
68,1647
67,1601
55,1227
67,1564
63,1530
62,1402
66,1592
66,1559
64,1484
63,1484
61,1413
62,1392
63,1460
62,1446
58,1288
60,1375
62,1438
63,1548
61,1438
61,1399
65,1535
60,1359
60,1416
62,1451
57,1320
-,-,-,-
73,1701
74,1696
75,1743
74,1720
70,1577
74,1696
67,1541
68,1628
73,1786
73,1786
72,1748
72,1731
69,1624
70,1674
65,1538
72,1743
70,1686
71,1649
71,1666
70,1632
66,1508
62,1373
64,1507
67,1542
63,1441
65,1562
59,1368
61,1358
60,1435
68,1640
60,1357
60,1412
57,1314
62,1418
61,1335
61,1318
61,1466
63,1497
65,1486
61,1420
62,1471
60,1387
57,1337
66,1652
-,-,-,-
69,1575
75,1745
66,1443
68,1591
69,1594
70,1615
75,1743
71,1758
70,1703
71,1718
65,1574
65,1544
72,1731
72,1731
69,1660
66,1541
70,1621
69,1658
68,1601
67,1523
69,1566
63,1427
57,1336
66,1597
70,1640
63,1503
64,1498
63,1459
64,1468
59,1298
59,1368
62,1505
60,1364
60,1397
65,1467
60,1377
60,1434
62,1465
65,1526
60,1363
62,1470
58,1353
61,1365
55,1228
-,-,-,-
75,1743
74,1732
75,1743
70,1604
69,1569
74,1718
71,1601
71,1759
67,1677
68,1690
63,1513
72,1716
72,1731
66,1522
64,1482
70,1678
63,1484
71,1649
69,1597
69,1603
64,1495
61,1379
64,1450
65,1567
63,1404
62,1461
63,1481
65,1563
58,1346
59,1334
60,1372
64,1513
59,1376
64,1449
63,1437
62,1401
56,1393
62,1454
59,1423
64,1457
64,1409
61,1447
63,1448
61,1369
-,-,-,-
73,1681
73,1691
66,1462
65,1444
67,1529
74,1746
73,1669
68,1645
72,1740
73,1788
73,1800
61,1433
72,1716
64,1533
71,1706
65,1542
70,1625
61,1422
67,1631
70,1636
66,1547
62,1466
59,1307
64,1573
60,1349
62,1469
63,1382
66,1494
68,1571
63,1481
58,1328
59,1413
65,1458
61,1365
63,1403
62,1445
58,1312
59,1345
60,1374
58,1325
61,1401
63,1500
63,1467
61,1451
-,-,-,-
75,1743
75,1747
70,1519
74,1722
71,1592
74,1738
66,1479
71,1759
63,1569
60,1407
73,1786
71,1698
70,1655
70,1694
67,1617
72,1743
71,1649
65,1530
71,1666
64,1533
65,1510
63,1515
65,1561
65,1491
60,1377
62,1495
70,1653
61,1352
63,1435
61,1426
59,1361
62,1383
65,1480
68,1575
64,1405
60,1357
57,1329
59,1381
60,1413
56,1286
62,1449
60,1395
63,1510
61,1426
-,-,-,-
75,1753
71,1671
73,1700
75,1751
72,1689
70,1619
69,1556
72,1778
68,1660
70,1721
68,1659
71,1693
69,1612
62,1368
66,1586
71,1757
66,1529
62,1512
69,1630
65,1523
61,1486
60,1379
59,1378
62,1350
60,1432
64,1457
63,1512
63,1464
59,1393
59,1373
66,1511
59,1258
57,1336
62,1398
65,1518
58,1249
61,1444
65,1547
60,1371
64,1496
60,1400
64,1537
62,1385
60,1392
-,-,-,-
75,1753
63,1427
72,1654
74,1724
61,1308
75,1745
68,1554
66,1640
71,1710
63,1542
64,1561
72,1736
61,1405
70,1677
70,1688
72,1743
60,1388
71,1649
69,1603
71,1668
58,1280
60,1410
59,1296
61,1332
63,1509
62,1447
63,1450
59,1396
61,1398
66,1525
63,1432
58,1256
59,1393
64,1504
63,1443
60,1429
62,1502
60,1437
66,1516
61,1413
56,1253
57,1393
59,1389
63,1480
-,-,-,-
74,1726
67,1509
68,1505
75,1741
69,1553
72,1642
62,1378
72,1771
73,1786
73,1786
67,1638
66,1548
63,1435
68,1620
71,1689
72,1743
65,1509
70,1623
70,1657
61,1430
63,1442
65,1568
64,1532
60,1336
65,1535
68,1571
58,1426
60,1335
64,1492
61,1403
65,1575
61,1335
57,1361
65,1493
63,1430
62,1469
58,1424
62,1491
60,1424
60,1441
63,1479
63,1535
57,1323
63,1515
-,-,-,-
75,1741
71,1643
67,1538
75,1741
68,1549
69,1570
74,1725
66,1594
70,1671
70,1703
71,1748
69,1661
66,1602
61,1317
71,1729
70,1688
66,1525
66,1549
70,1658
69,1621
68,1605
65,1535
60,1393
63,1410
62,1485
62,1360
63,1424
61,1433
66,1460
64,1458
61,1426
63,1463
55,1273
64,1517
62,1335
65,1497
59,1401
58,1425
60,1391
61,1367
61,1414
66,1555
57,1308
62,1451
-,-,-,-
64,1439
72,1675
72,1678
75,1741
75,1741
74,1709
74,1717
66,1544
71,1773
73,1786
64,1549
63,1471
72,1718
61,1393
67,1592
65,1584
64,1481
70,1659
70,1650
67,1565
59,1302
66,1580
64,1434
63,1447
61,1390
62,1472
65,1445
61,1433
60,1413
62,1392
68,1569
62,1390
58,1320
62,1406
67,1539
62,1431
65,1548
59,1463
60,1445
63,1496
61,1375
66,1595
60,1362
58,1324
-,-,-,-
70,1604
75,1741
75,1741
74,1701
75,1741
72,1677
73,1729
72,1768
72,1774
70,1672
67,1549
72,1716
69,1644
70,1639
71,1728
73,1785
65,1556
65,1556
69,1615
70,1626
64,1497
64,1398
68,1531
62,1408
60,1375
68,1630
60,1460
62,1442
61,1386
65,1518
64,1446
61,1419
61,1448
66,1559
63,1376
62,1422
57,1349
64,1536
63,1501
56,1298
60,1359
62,1423
60,1396
61,1495
-,-,-,-
72,1658
72,1639
66,1535
75,1743
70,1579
72,1686
75,1741
72,1748
73,1785
70,1728
73,1785
63,1532
70,1671
71,1745
68,1638
72,1716
65,1546
69,1587
69,1581
70,1650
70,1652
64,1481
67,1495
60,1350
60,1289
61,1378
65,1493
64,1513
60,1405
61,1460
61,1376
63,1465
62,1471
64,1543
62,1403
64,1470
59,1411
57,1378
63,1444
59,1387
61,1336
56,1363
60,1473
60,1348
-,-,-,-
70,1583
73,1681
74,1722
67,1538
72,1643
65,1470
75,1739
71,1726
73,1781
67,1670
69,1674
70,1727
73,1786
65,1587
72,1724
71,1709
69,1586
71,1649
71,1666
67,1554
61,1324
62,1430
66,1531
63,1476
60,1406
62,1409
62,1469
64,1482
65,1485
63,1485
59,1384
63,1410
62,1466
69,1575
61,1297
63,1443
59,1343
58,1402
55,1242
62,1434
61,1324
61,1481
61,1376
60,1321
-,-,-,-
70,1628
75,1739
73,1675
75,1739
72,1645
73,1688
70,1626
62,1446
72,1735
66,1499
69,1692
67,1632
73,1786
70,1745
70,1655
64,1428
64,1444
65,1431
69,1643
67,1557
64,1546
64,1530
61,1396
66,1597
61,1385
61,1459
62,1389
63,1566
59,1369
65,1443
62,1487
61,1397
62,1367
59,1399
64,1543
62,1352
61,1449
62,1477
63,1472
60,1320
61,1358
61,1465
64,1550
60,1363
-,-,-,-
69,1573
73,1708
74,1714
63,1429
67,1524
65,1457
73,1688
73,1781
73,1806
70,1658
70,1731
64,1530
73,1786
71,1754
66,1534
70,1659
67,1561
64,1478
67,1556
69,1625
64,1555
61,1398
66,1473
61,1392
63,1422
58,1296
68,1642
67,1565
62,1423
63,1509
59,1323
64,1465
62,1406
62,1454
63,1392
60,1339
61,1462
57,1432
61,1417
61,1371
60,1393
64,1598
60,1420
60,1370
-,-,-,-
69,1578
75,1741
71,1650
69,1578
70,1643
74,1722
74,1711
71,1720
71,1741
60,1410
65,1513
69,1688
73,1786
70,1671
68,1595
71,1687
68,1558
68,1565
65,1566
69,1609
65,1494
64,1510
60,1331
56,1253
67,1517
57,1281
63,1462
65,1623
67,1543
62,1442
62,1450
60,1392
57,1308
60,1447
66,1470
62,1491
59,1418
63,1509
55,1221
63,1521
57,1348
62,1547
62,1533
60,1352
-,-,-,-
74,1707
75,1741
69,1588
70,1630
74,1740
75,1735
75,1771
71,1690
67,1607
68,1636
73,1781
73,1786
73,1784
66,1558
66,1568
65,1549
66,1531
71,1647
71,1674
62,1467
59,1392
70,1618
62,1479
65,1597
61,1407
59,1382
60,1368
64,1511
61,1448
63,1456
59,1366
60,1376
64,1474
58,1290
64,1473
60,1329
65,1616
55,1309
61,1300
60,1328
60,1372
59,1362
64,1412
65,1512
-,-,-,-
73,1677
67,1482
73,1698
70,1620
69,1558
69,1576
69,1514
65,1515
73,1779
68,1674
70,1673
65,1553
69,1690
63,1490
65,1529
72,1716
63,1487
71,1643
71,1666
68,1580
62,1435
60,1361
59,1180
60,1331
60,1317
63,1404
64,1513
66,1545
64,1504
68,1547
66,1578
60,1442
59,1349
62,1427
61,1446
61,1347
63,1614
59,1413
60,1347
56,1316
62,1475
66,1589
62,1402
59,1363
-,-,-,-
69,1552
65,1471
74,1691
72,1688
75,1737
70,1587
75,1745
71,1695
67,1648
69,1720
67,1675
73,1784
68,1626
61,1472
67,1573
64,1477
71,1645
58,1342
67,1631
68,1586
60,1395
63,1417
63,1439
69,1653
61,1405
64,1543
63,1407
65,1547
62,1472
61,1392
58,1378
62,1403
57,1272
61,1443
61,1423
58,1362
62,1425
62,1500
61,1444
62,1432
60,1423
63,1520
60,1425
60,1413
-,-,-,-
72,1685
75,1735
73,1682
67,1498
69,1582
73,1668
75,1735
65,1554
73,1777
64,1460
63,1461
66,1596
73,1784
67,1598
72,1716
71,1678
65,1490
71,1643
66,1541
71,1674
61,1381
65,1535
65,1447
61,1356
61,1311
63,1471
65,1544
60,1375
61,1393
64,1458
66,1569
67,1501
62,1386
59,1403
63,1413
60,1330
68,1601
62,1486
65,1556
61,1458
61,1487
64,1485
64,1526
63,1460
-,-,-,-
64,1506
75,1735
73,1690
74,1714
65,1476
63,1435
71,1617
73,1779
67,1632
72,1787
71,1727
63,1534
71,1768
68,1627
70,1652
72,1720
70,1615
59,1404
66,1545
70,1610
59,1417
60,1390
61,1332
62,1435
60,1319
63,1503
68,1633
59,1366
60,1345
62,1345
62,1486
66,1509
65,1487
61,1442
59,1390
61,1392
59,1334
60,1476
62,1377
59,1319
66,1542
60,1463
55,1280
59,1388
-,-,-,-
75,1735
63,1377
67,1512
74,1722
75,1735
73,1674
66,1523
73,1779
73,1810
69,1669
72,1734
71,1757
62,1465
73,1792
69,1616
72,1705
66,1539
71,1643
64,1512
69,1627
67,1593
61,1361
64,1477
62,1338
59,1395
62,1443
65,1464
68,1565
62,1438
69,1605
63,1470
62,1415
65,1419
58,1403
55,1219
64,1426
64,1429
55,1345
60,1417
57,1292
63,1427
58,1352
60,1347
63,1457
-,-,-,-
66,1494
65,1405
75,1735
72,1660
74,1681
75,1735
74,1711
72,1736
65,1539
73,1777
72,1827
68,1688
73,1784
65,1617
61,1426
60,1450
69,1607
69,1587
68,1582
69,1632
64,1487
64,1552
63,1492
63,1519
62,1342
64,1481
65,1513
66,1485
64,1464
64,1484
60,1470
63,1492
55,1252
63,1482
62,1486
64,1435
61,1434
56,1292
61,1342
60,1409
60,1423
66,1621
65,1499
61,1486
-,-,-,-
72,1626
73,1677
68,1495
74,1712
64,1451
66,1485
68,1557
72,1727
73,1796
68,1672
70,1691
70,1713
72,1772
73,1784
68,1532
64,1503
70,1624
66,1510
68,1574
61,1517
63,1458
62,1470
65,1467
62,1416
64,1409
61,1413
61,1397
64,1528
63,1532
64,1499
65,1557
60,1366
58,1304
61,1420
57,1295
63,1459
61,1325
61,1437
64,1475
60,1400
61,1372
64,1448
59,1432
60,1401
-,-,-,-
67,1524
68,1558
66,1452
75,1735
74,1716
73,1704
69,1596
68,1606
72,1733
67,1596
70,1683
73,1786
71,1710
65,1571
61,1349
72,1716
65,1549
65,1482
63,1498
67,1522
64,1451
67,1658
65,1487
60,1410
63,1438
59,1357
64,1445
68,1588
61,1477
61,1354
63,1425
63,1494
60,1422
58,1333
61,1408
63,1414
67,1588
63,1529
62,1423
55,1302
61,1417
58,1412
61,1426
63,1477
-,-,-,-
74,1712
75,1737
71,1635
75,1735
72,1675
68,1540
71,1635
69,1652
66,1628
68,1595
73,1777
72,1774
73,1784
66,1628
63,1477
69,1646
65,1531
64,1523
61,1467
69,1629
62,1350
65,1498
63,1469
60,1340
67,1546
62,1491
57,1292
63,1446
64,1511
66,1535
59,1380
56,1244
58,1309
66,1554
66,1553
64,1428
62,1455
60,1487
56,1243
63,1464
60,1300
57,1384
60,1387
62,1469
-,-,-,-
71,1637
65,1474
75,1735
71,1610
75,1739
69,1564
71,1598
69,1645
65,1534
73,1771
73,1775
73,1784
72,1735
72,1714
63,1489
69,1593
64,1515
68,1569
68,1592
71,1664
65,1507
61,1465
65,1507
63,1465
63,1419
66,1536
58,1278
67,1562
60,1351
65,1526
61,1443
64,1406
63,1479
59,1354
62,1473
63,1447
62,1485
60,1397
64,1483
60,1338
61,1395
59,1395
61,1418
62,1449
-,-,-,-
73,1686
68,1552
71,1599
74,1722
75,1739
71,1637
71,1610
67,1566
71,1761
68,1603
66,1528
72,1743
73,1784
73,1784
70,1652
72,1705
70,1609
60,1447
62,1402
67,1596
60,1452
66,1550
66,1504
60,1349
65,1481
67,1574
62,1431
61,1412
63,1490
64,1504
60,1391
57,1314
61,1395
58,1348
62,1467
63,1468
60,1366
60,1518
60,1424
60,1385
63,1411
63,1463
59,1344
67,1559
-,-,-,-
75,1735
67,1495
68,1511
75,1737
71,1671
75,1737
74,1750
73,1773
66,1528
69,1649
70,1684
70,1721
69,1654
72,1780
66,1617
68,1554
64,1497
69,1636
70,1594
70,1634
64,1569
60,1464
67,1593
66,1589
58,1267
65,1494
64,1561
63,1411
63,1487
60,1397
60,1347
67,1549
61,1329
57,1365
62,1413
60,1414
65,1514
62,1422
62,1502
62,1511
61,1408
62,1380
60,1437
63,1473
-,-,-,-
71,1634
74,1730
75,1735
70,1574
67,1539
73,1673
65,1478
67,1578
65,1567
73,1769
73,1771
71,1687
68,1593
73,1786
71,1687
71,1691
65,1510
68,1615
67,1558
70,1631
65,1480
58,1305
65,1509
63,1509
66,1531
64,1512
61,1428
65,1518
62,1483
59,1390
61,1463
62,1444
63,1441
62,1500
64,1442
64,1498
59,1323
65,1501
59,1441
63,1472
54,1237
65,1494
65,1492
60,1359
-,-,-,-
71,1648
68,1563
75,1737
71,1628
67,1507
70,1620
69,1548
67,1555
69,1705
72,1727
73,1769
71,1731
73,1786
71,1723
64,1475
67,1556
68,1592
66,1557
65,1483
71,1670
60,1338
60,1474
72,1647
67,1579
61,1429
62,1456
67,1605
66,1519
58,1473
61,1414
65,1494
62,1466
57,1347
61,1446
63,1509
59,1350
65,1516
59,1368
63,1534
65,1490
56,1281
63,1405
60,1439
59,1385
-,-,-,-
66,1455
73,1690
71,1593
73,1679
70,1605
74,1696
73,1695
73,1802
71,1729
72,1780
73,1769
73,1784
70,1648
65,1496
72,1673
60,1284
71,1665
62,1347
68,1571
71,1643
61,1393
65,1555
64,1513
62,1436
62,1358
62,1366
64,1445
68,1572
63,1454
57,1344
63,1547
65,1467
59,1311
59,1357
59,1358
68,1632
61,1393
63,1463
60,1511
65,1528
60,1407
64,1519
63,1485
56,1252
-,-,-,-
73,1684
71,1636
70,1589
75,1741
67,1524
60,1384
74,1753
72,1736
67,1591
72,1760
73,1769
71,1713
65,1650
70,1705
69,1545
69,1563
71,1670
67,1571
68,1571
71,1681
65,1555
67,1504
60,1341
59,1319
61,1437
61,1474
58,1381
62,1406
62,1542
61,1405
63,1447
65,1486
58,1317
61,1436
61,1388
59,1383
62,1360
59,1402
61,1449
59,1312
59,1385
62,1417
58,1444
60,1414
-,-,-,-
75,1735
71,1671
72,1687
68,1536
71,1578
72,1665
73,1677
73,1769
71,1692
69,1701
68,1565
69,1668
73,1784
64,1483
72,1655
72,1647
60,1394
70,1674
65,1501
66,1537
69,1596
62,1442
68,1589
63,1471
64,1423
63,1500
64,1503
62,1459
63,1458
62,1466
65,1512
59,1326
62,1426
61,1447
60,1375
66,1543
63,1442
64,1464
57,1340
61,1405
60,1376
60,1361
63,1446
62,1472
-,-,-,-
69,1562
75,1739
72,1659
68,1560
68,1551
69,1611
71,1600
69,1643
73,1769
67,1644
69,1673
60,1360
71,1750
69,1645
69,1612
72,1654
60,1366
72,1708
67,1566
71,1643
66,1618
66,1591
66,1541
67,1574
58,1293
64,1525
59,1373
62,1468
63,1476
56,1252
61,1457
63,1502
62,1422
60,1384
65,1554
61,1434
60,1448
66,1541
61,1397
60,1441
65,1483
58,1278
62,1464
63,1475
-,-,-,-
66,1527
74,1704
73,1698
73,1697
72,1685
75,1735
72,1613
68,1634
63,1456
73,1771
64,1542
68,1688
70,1656
73,1784
71,1616
66,1465
64,1479
70,1647
64,1496
71,1645
64,1502
62,1363
61,1453
58,1280
62,1382
69,1620
60,1324
67,1612
60,1426
65,1499
58,1330
62,1428
64,1508
64,1485
58,1307
63,1451
60,1366
61,1381
56,1376
61,1450
57,1325
61,1425
61,1413
63,1464
-,-,-,-
75,1731
75,1737
69,1593
73,1695
74,1687
75,1739
66,1527
69,1657
67,1615
73,1769
65,1578
72,1779
69,1675
68,1642
69,1601
70,1557
68,1575
71,1665
67,1586
71,1647
66,1553
57,1333
57,1350
60,1400
61,1344
67,1575
66,1496
66,1555
61,1403
65,1473
64,1523
63,1404
68,1579
63,1510
58,1339
66,1521
53,1300
58,1309
62,1523
63,1479
61,1410
59,1392
63,1472
63,1414
-,-,-,-
68,1575
73,1688
69,1593
73,1665
69,1579
75,1731
68,1503
68,1609
72,1743
67,1609
69,1701
72,1745
73,1784
66,1600
70,1625
69,1545
71,1670
65,1542
70,1621
65,1467
64,1487
60,1381
59,1332
63,1415
64,1436
64,1558
61,1395
62,1433
62,1470
59,1385
62,1422
62,1449
64,1434
59,1310
60,1369
63,1481
58,1319
63,1416
58,1432
59,1411
66,1536
60,1396
63,1513
61,1417
-,-,-,-
75,1731
60,1285
73,1688
73,1665
66,1468
72,1675
75,1725
69,1657
70,1704
72,1772
66,1504
72,1732
72,1755
73,1784
71,1623
70,1598
67,1577
70,1680
71,1667
71,1643
69,1537
64,1491
65,1587
64,1522
66,1486
54,1173
64,1534
62,1397
64,1519
65,1537
64,1531
65,1446
62,1371
61,1418
57,1327
63,1464
61,1385
61,1395
56,1371
59,1391
60,1476
63,1429
60,1423
61,1369
-,-,-,-
75,1733
75,1727
74,1693
74,1719
72,1685
75,1735
74,1692
73,1769
70,1732
68,1619
68,1583
61,1385
71,1731
72,1775
64,1418
70,1605
72,1701
72,1704
64,1467
70,1620
66,1613
62,1476
63,1432
65,1509
64,1457
61,1414
64,1512
66,1519
63,1434
59,1449
56,1309
62,1383
60,1349
62,1469
61,1401
60,1447
64,1513
62,1430
60,1469
62,1385
61,1402
66,1546
59,1358
58,1384
-,-,-,-
75,1731
73,1665
75,1725
75,1729
75,1725
68,1553
72,1668
73,1767
71,1786
73,1773
63,1532
70,1713
72,1776
70,1713
63,1365
70,1629
72,1723
64,1539
62,1485
71,1643
62,1474
64,1452
68,1640
57,1295
63,1382
62,1467
55,1292
65,1511
61,1477
66,1492
59,1377
60,1424
64,1464
64,1513
63,1491
64,1502
66,1494
59,1338
56,1337
61,1360
62,1396
64,1468
66,1586
62,1523
-,-,-,-
75,1729
75,1735
73,1681
71,1603
72,1659
70,1619
73,1675
70,1672
66,1573
73,1767
70,1672
71,1694
70,1676
71,1761
65,1424
66,1525
64,1525
67,1645
71,1671
66,1564
61,1393
62,1418
64,1449
62,1457
63,1435
63,1431
66,1510
63,1486
63,1522
60,1397
63,1467
58,1356
63,1394
58,1345
62,1425
66,1506
62,1443
68,1615
65,1623
61,1475
62,1438
63,1424
62,1448
63,1418
-,-,-,-
74,1719
67,1574
72,1645
65,1509
72,1639
72,1624
72,1612
65,1567
73,1784
72,1734
72,1760
71,1723
71,1753
71,1751
66,1508
72,1647
72,1701
72,1705
71,1643
65,1515
65,1501
60,1381
65,1511
62,1439
63,1451
65,1433
57,1299
63,1483
65,1568
58,1364
59,1383
59,1325
63,1446
58,1428
63,1505
62,1426
63,1432
62,1418
57,1316
63,1426
56,1271
65,1444
64,1572
62,1492
-,-,-,-
71,1649
73,1703
72,1664
68,1542
74,1719
70,1551
62,1371
68,1654
65,1498
69,1721
66,1581
65,1497
73,1782
67,1598
70,1603
72,1645
72,1709
67,1533
69,1594
70,1632
64,1453
62,1417
56,1351
59,1425
62,1426
66,1469
61,1422
64,1460
62,1428
62,1432
61,1469
62,1485
66,1532
59,1364
61,1366
59,1419
61,1439
58,1310
59,1461
63,1460
62,1452
64,1474
52,1257
62,1407
-,-,-,-
64,1431
74,1718
71,1615
71,1592
73,1681
62,1467
75,1725
73,1806
72,1778
71,1698
71,1694
72,1778
66,1641
72,1750
67,1516
67,1565
66,1574
71,1686
63,1411
65,1526
62,1483
66,1511
60,1380
60,1412
63,1407
63,1411
61,1371
66,1539
60,1446
59,1386
66,1565
61,1381
59,1313
58,1330
58,1370
60,1452
66,1547
62,1416
57,1419
58,1399
60,1371
66,1578
64,1548
59,1322
-,-,-,-
70,1613
75,1725
71,1663
75,1733
74,1703
69,1560
65,1478
69,1618
67,1578
69,1691
64,1486
67,1644
73,1782
60,1360
69,1561
71,1612
70,1653
69,1628
69,1643
70,1662
59,1458
62,1379
62,1398
61,1390
66,1524
63,1520
57,1393
65,1491
63,1528
66,1560
66,1537
63,1413
70,1588
62,1465
66,1558
59,1322
61,1409
58,1402
60,1422
61,1459
56,1202
60,1402
60,1369
59,1374
-,-,-,-
66,1487
71,1604
74,1703
75,1725
74,1715
68,1523
73,1688
71,1746
74,1805
73,1767
65,1485
68,1644
72,1790
70,1669
72,1645
64,1445
71,1667
70,1654
65,1532
70,1654
62,1402
63,1384
65,1486
64,1502
66,1510
65,1453
66,1540
59,1363
61,1422
61,1494
62,1397
60,1401
59,1416
55,1250
61,1402
61,1426
65,1481
61,1393
61,1513
64,1456
62,1414
61,1444
62,1441
59,1376
-,-,-,-
71,1630
74,1716
75,1725
71,1620
70,1622
75,1742
70,1664
72,1743
71,1683
74,1805
69,1655
68,1678
73,1782
73,1786
63,1403
72,1645
72,1701
72,1701
66,1497
61,1411
64,1445
63,1416
65,1499
61,1391
62,1378
64,1446
67,1550
66,1624
65,1491
63,1489
59,1299
62,1426
65,1466
54,1234
60,1412
62,1424
63,1397
57,1319
57,1329
64,1439
66,1505
63,1482
58,1357
57,1314
-,-,-,-
67,1538
74,1681
67,1542
68,1560
74,1701
73,1681
73,1692
64,1541
74,1803
66,1558
74,1807
65,1563
73,1771
63,1552
72,1627
72,1645
63,1416
72,1701
71,1649
68,1643
68,1515
67,1533
61,1414
57,1331
62,1465
60,1365
64,1447
64,1500
66,1572
65,1462
60,1351
60,1320
65,1444
59,1375
64,1478
58,1482
66,1582
58,1274
62,1547
62,1432
59,1355
65,1605
62,1441
60,1343
-,-,-,-
75,1729
61,1376
69,1592
74,1709
73,1680
67,1512
75,1729
68,1585
72,1764
68,1649
69,1702
65,1589
68,1644
70,1664
69,1556
68,1525
72,1705
69,1668
56,1291
66,1557
67,1676
63,1388
64,1519
63,1483
61,1366
62,1397
63,1421
66,1511
67,1543
61,1466
60,1431
59,1399
66,1502
59,1362
68,1544
62,1452
59,1364
62,1483
61,1439
63,1455
65,1456
59,1425
63,1519
61,1452
-,-,-,-
75,1725
75,1725
75,1727
73,1681
75,1725
73,1666
68,1546
67,1545
67,1631
66,1549
73,1784
73,1771
62,1486
71,1751
66,1458
72,1627
67,1584
71,1679
69,1587
62,1435
62,1387
60,1339
63,1451
63,1442
66,1472
64,1410
67,1612
64,1576
64,1515
62,1474
63,1380
65,1465
63,1473
60,1459
61,1412
58,1336
64,1478
66,1561
62,1415
57,1325
63,1437
61,1462
64,1490
60,1456
-,-,-,-
75,1725
68,1569
73,1682
67,1521
72,1659
75,1731
69,1565
69,1729
74,1803
64,1480
68,1592
71,1685
71,1728
68,1693
72,1627
67,1529
67,1574
65,1499
72,1690
58,1350
66,1607
61,1417
63,1470
62,1459
59,1321
59,1288
62,1419
59,1372
63,1428
66,1608
60,1271
66,1498
67,1585
63,1445
58,1342
62,1417
65,1540
60,1397
59,1417
59,1306
65,1484
64,1509
62,1405
59,1420
-,-,-,-
74,1700
75,1725
73,1671
66,1494
72,1652
73,1680
67,1491
67,1665
70,1653
69,1650
74,1803
72,1778
70,1683
66,1584
66,1399
72,1629
67,1564
71,1683
66,1567
72,1708
66,1570
60,1397
65,1570
62,1412
65,1528
68,1551
67,1580
62,1461
63,1407
66,1532
61,1364
65,1537
58,1384
66,1529
58,1305
60,1361
64,1490
58,1380
61,1476
61,1362
65,1524
64,1438
63,1557
62,1479
-,-,-,-
75,1725
67,1542
72,1661
72,1675
67,1538
72,1639
75,1727
74,1823
64,1485
67,1533
74,1813
68,1672
71,1737
71,1737
72,1604
65,1469
67,1584
72,1690
72,1701
72,1705
63,1451
67,1524
61,1408
59,1388
63,1438
64,1495
65,1556
60,1386
63,1476
65,1514
61,1384
62,1427
63,1474
60,1367
57,1338
60,1333
64,1515
59,1350
61,1496
58,1322
64,1524
62,1458
58,1310
61,1352
-,-,-,-
71,1633
74,1743
74,1700
75,1727
75,1727
73,1699
68,1603
73,1808
67,1656
70,1713
66,1535
60,1441
72,1769
68,1679
71,1594
71,1621
67,1557
65,1522
69,1604
70,1658
60,1399
66,1459
61,1453
60,1381
61,1354
62,1386
65,1499
59,1386
62,1461
61,1466
63,1394
66,1494
59,1330
63,1434
58,1314
59,1411
65,1549
58,1349
63,1495
55,1255
63,1438
64,1439
58,1411
60,1421
-,-,-,-
72,1687
73,1695
71,1627
75,1725
75,1725
74,1708
68,1550
74,1809
65,1546
74,1801
69,1664
62,1444
68,1665
62,1473
69,1533
67,1555
71,1657
72,1690
72,1707
69,1631
66,1507
66,1463
62,1413
59,1401
64,1530
65,1513
64,1524
63,1474
66,1598
62,1552
64,1457
64,1544
62,1384
62,1423
55,1283
64,1475
62,1403
66,1511
59,1420
60,1361
64,1565
61,1395
59,1432
62,1508
-,-,-,-
75,1755
75,1729
73,1680
75,1727
67,1574
73,1661
73,1671
68,1621
67,1571
74,1801
73,1780
66,1559
67,1582
72,1755
65,1461
72,1604
72,1690
70,1652
66,1471
66,1535
62,1457
67,1509
61,1371
63,1477
64,1515
66,1519
70,1614
67,1616
64,1453
59,1405
61,1392
58,1304
61,1377
58,1264
62,1456
59,1312
60,1444
63,1450
58,1351
60,1444
65,1510
66,1549
63,1484
61,1393
-,-,-,-
69,1572
75,1723
75,1725
70,1609
75,1735
73,1654
69,1592
67,1630
68,1670
63,1450
70,1679
64,1541
68,1648
66,1589
70,1623
71,1606
66,1541
72,1690
71,1695
62,1464
61,1410
63,1435
67,1501
68,1574
61,1465
63,1512
64,1370
62,1454
64,1455
63,1504
63,1431
55,1230
59,1361
61,1403
59,1324
59,1384
69,1631
61,1438
62,1463
61,1465
65,1572
60,1388
60,1404
61,1436
-,-,-,-
70,1585
71,1621
69,1572
73,1682
66,1557
75,1725
71,1604
68,1625
70,1653
67,1631
66,1519
73,1771
69,1674
68,1623
70,1573
72,1610
70,1637
70,1631
72,1701
63,1467
63,1443
62,1386
60,1418
67,1596
64,1559
63,1416
64,1508
66,1511
62,1393
62,1340
63,1528
64,1478
62,1474
64,1552
61,1371
53,1287
65,1505
58,1312
57,1432
60,1360
61,1367
59,1325
63,1487
58,1338
-,-,-,-
72,1696
65,1477
74,1707
74,1708
75,1723
74,1710
75,1723
69,1663
68,1607
70,1739
65,1511
68,1659
71,1722
62,1488
72,1604
64,1471
72,1690
70,1655
72,1701
71,1690
63,1452
65,1455
63,1515
67,1557
61,1424
61,1410
64,1408
61,1436
62,1424
59,1322
61,1467
60,1288
65,1519
58,1336
63,1415
57,1333
62,1476
61,1442
63,1502
60,1387
60,1404
60,1295
63,1471
60,1349
-,-,-,-
74,1698
68,1571
67,1516
74,1692
75,1723
75,1729
70,1622
74,1803
73,1773
73,1775
63,1443
71,1761
73,1771
71,1733
69,1581
69,1543
71,1685
72,1692
70,1631
72,1713
63,1441
59,1307
61,1372
61,1381
62,1399
65,1436
61,1340
64,1519
58,1314
69,1632
64,1547
65,1467
61,1460
63,1461
65,1456
57,1359
64,1546
62,1406
59,1442
60,1356
64,1511
64,1501
56,1342
62,1434
-,-,-,-
72,1644
73,1692
69,1595
75,1723
68,1531
67,1527
75,1737
74,1803
65,1471
70,1653
71,1688
68,1634
70,1691
71,1719
72,1604
71,1573
60,1425
72,1686
68,1600
65,1522
67,1539
64,1363
63,1447
58,1236
63,1438
64,1464
65,1487
64,1540
59,1333
64,1515
70,1686
67,1532
61,1438
58,1413
66,1513
65,1532
62,1500
60,1402
57,1356
59,1376
57,1292
61,1398
62,1466
60,1462
-,-,-,-
68,1560
70,1673
73,1661
75,1723
62,1442
65,1455
75,1723
69,1662
67,1586
74,1801
69,1702
70,1682
70,1660
71,1728
72,1607
71,1581
61,1450
67,1547
69,1654
67,1612
67,1622
60,1356
63,1521
64,1539
65,1498
59,1393
66,1529
65,1450
65,1507
60,1411
65,1581
61,1310
57,1376
61,1350
64,1466
57,1329
58,1404
61,1401
62,1447
61,1378
61,1442
61,1405
62,1529
61,1407
-,-,-,-
67,1475
75,1723
75,1723
75,1723
70,1630
75,1723
68,1581
72,1783
69,1705
68,1600
67,1598
69,1639
69,1672
60,1441
65,1484
70,1624
68,1573
72,1686
68,1575
65,1448
70,1662
67,1526
62,1323
62,1423
64,1431
64,1453
58,1373
68,1617
62,1422
64,1564
61,1422
60,1373
64,1457
58,1361
62,1424
66,1555
61,1365
63,1424
60,1443
60,1345
64,1477
59,1356
61,1353
57,1336
-,-,-,-
64,1446
72,1655
73,1708
73,1649
74,1706
73,1686
75,1725
68,1670
72,1739
69,1639
74,1801
68,1598
66,1559
62,1545
71,1616
70,1539
72,1686
72,1686
70,1667
66,1552
66,1516
64,1458
66,1468
67,1535
59,1361
62,1417
60,1367
66,1496
64,1497
63,1448
65,1526
65,1487
57,1278
59,1353
61,1400
60,1378
57,1332
63,1491
53,1289
60,1403
57,1365
65,1506
58,1419
63,1487
-,-,-,-
74,1694
71,1632
69,1583
69,1578
75,1723
68,1535
71,1609
74,1801
68,1605
74,1819
73,1802
73,1793
67,1659
71,1722
71,1597
73,1686
68,1538
67,1627
69,1604
72,1701
65,1493
64,1380
59,1395
65,1522
59,1350
65,1568
66,1530
68,1620
63,1415
61,1421
59,1351
65,1487
63,1490
60,1389
65,1490
56,1314
65,1515
59,1391
58,1422
65,1515
57,1256
61,1375
64,1567
56,1357
-,-,-,-
69,1604
71,1669
72,1633
74,1694
72,1629
64,1446
75,1723
67,1607
73,1806
68,1628
71,1670
70,1577
64,1471
69,1580
73,1771
65,1551
59,1405
61,1415
60,1415
68,1593
63,1501
60,1365
58,1350
65,1469
69,1580
67,1533
58,1308
63,1456
65,1544
63,1455
66,1571
58,1336
59,1293
59,1358
63,1454
59,1403
56,1276
62,1395
53,1236
61,1415
62,1432
62,1440
61,1412
61,1389
-,-,-,-
75,1727
71,1642
75,1729
67,1532
70,1562
74,1710
74,1712
69,1680
72,1744
67,1582
71,1686
70,1600
73,1686
68,1512
72,1767
67,1644
72,1686
70,1636
70,1644
70,1625
64,1543
66,1527
60,1388
66,1537
61,1418
61,1372
60,1404
61,1436
61,1412
64,1431
67,1589
62,1390
62,1453
62,1444
66,1487
59,1414
61,1484
60,1402
59,1446
62,1456
62,1467
64,1515
61,1394
59,1332
-,-,-,-
75,1723
71,1583
74,1714
73,1693
69,1604
73,1688
72,1669
73,1776
74,1811
64,1548
73,1777
73,1684
72,1652
62,1369
71,1677
69,1652
72,1686
67,1532
71,1687
72,1710
61,1466
65,1445
63,1479
62,1392
61,1373
59,1370
63,1467
65,1471
65,1577
64,1522
64,1506
66,1530
68,1540
65,1515
64,1521
57,1338
59,1420
61,1373
63,1477
59,1295
65,1461
61,1423
64,1575
61,1434
-,-,-,-
75,1723
75,1723
74,1698
73,1694
74,1706
74,1695
75,1716
71,1755
63,1431
67,1595
68,1635
70,1599
64,1496
70,1609
70,1682
73,1810
72,1686
65,1512
63,1456
72,1700
65,1534
64,1453
62,1349
60,1263
61,1461
66,1563
62,1435
59,1348
66,1548
65,1460
60,1461
61,1353
60,1329
65,1496
58,1346
64,1521
60,1362
63,1457
59,1392
62,1389
57,1315
62,1449
59,1346
55,1285
-,-,-,-
63,1509
70,1629
72,1629
69,1581
75,1718
70,1622
73,1677
70,1665
72,1744
74,1829
66,1591
73,1698
65,1431
73,1680
73,1805
66,1616
72,1688
67,1605
71,1691
67,1574
62,1452
63,1509
61,1440
61,1384
57,1327
60,1293
64,1512
63,1415
61,1424
63,1402
61,1366
58,1423
67,1552
63,1469
62,1425
62,1495
59,1411
64,1508
56,1334
64,1465
63,1406
60,1449
64,1567
59,1340
-,-,-,-
73,1671
74,1689
72,1661
73,1667
73,1644
75,1716
73,1663
74,1801
69,1650
65,1602
72,1746
69,1586
72,1675
73,1675
71,1749
67,1676
68,1571
66,1574
72,1700
63,1486
69,1652
63,1403
61,1385
66,1610
60,1345
64,1461
59,1452
64,1390
59,1401
66,1500
61,1383
67,1515
61,1356
61,1485
58,1387
64,1591
56,1318
61,1315
60,1544
60,1367
65,1475
63,1449
60,1399
67,1589
-,-,-,-
74,1690
69,1556
75,1718
74,1697
70,1602
75,1716
73,1660
69,1600
73,1788
74,1803
57,1302
73,1675
72,1665
64,1434
61,1457
73,1796
69,1625
72,1665
72,1700
70,1640
62,1529
66,1537
64,1439
66,1537
66,1499
66,1539
64,1508
62,1363
62,1415
59,1308
61,1412
65,1422
65,1395
63,1582
61,1344
62,1413
60,1431
65,1510
64,1491
59,1390
62,1505
61,1472
62,1404
65,1555
-,-,-,-
69,1560
68,1576
70,1594
74,1695
69,1581
75,1716
74,1697
71,1725
68,1621
73,1759
70,1680
73,1679
63,1417
69,1525
67,1611
68,1618
65,1454
72,1685
68,1607
67,1608
65,1484
61,1393
63,1460
64,1491
64,1491
61,1504
64,1512
64,1439
64,1527
66,1532
58,1375
64,1503
62,1350
64,1498
58,1293
59,1330
60,1363
64,1457
65,1478
59,1350
61,1396
61,1392
59,1300
68,1615
-,-,-,-
70,1583
75,1722
70,1578
74,1695
71,1589
72,1651
74,1686
65,1538
67,1631
72,1725
67,1555
69,1535
73,1675
71,1626
70,1692
70,1693
59,1342
69,1590
71,1692
71,1688
60,1426
64,1400
62,1480
63,1429
61,1364
59,1327
60,1451
61,1363
61,1483
66,1490
60,1443
62,1417
58,1309
63,1563
60,1359
60,1364
59,1356
59,1341
60,1371
60,1400
61,1503
59,1386
61,1414
60,1366
-,-,-,-
75,1728
67,1547
73,1663
62,1426
69,1592
71,1622
72,1653
72,1741
74,1801
71,1686
70,1737
73,1675
69,1609
72,1644
70,1722
72,1760
71,1638
68,1619
72,1712
70,1643
65,1507
62,1329
58,1315
60,1375
60,1367
64,1535
67,1590
65,1501
59,1376
64,1468
55,1312
60,1404
64,1487
62,1421
65,1529
58,1362
62,1490
60,1404
64,1491
64,1536
61,1460
55,1219
64,1513
63,1439
-,-,-,-
68,1557
69,1587
70,1617
74,1682
69,1544
72,1661
73,1671
73,1781
71,1688
73,1757
72,1717
70,1551
65,1484
72,1632
68,1578
65,1528
67,1534
72,1663
67,1580
70,1655
67,1585
63,1403
67,1614
63,1480
63,1465
58,1336
67,1635
68,1579
60,1417
63,1437
67,1556
63,1479
70,1593
67,1583
64,1514
61,1373
64,1502
60,1448
57,1337
67,1551
58,1375
65,1490
64,1489
62,1366
-,-,-,-
75,1716
71,1642
75,1718
72,1660
75,1716
71,1580
62,1453
71,1732
62,1533
69,1625
74,1801
67,1520
73,1675
73,1705
70,1722
67,1584
62,1440
66,1489
58,1438
68,1583
63,1475
58,1262
66,1466
59,1424
68,1621
62,1397
62,1426
64,1468
61,1348
65,1515
65,1529
64,1519
66,1529
63,1506
63,1450
57,1274
61,1400
56,1287
65,1514
61,1386
58,1411
60,1356
58,1362
60,1374
-,-,-,-
71,1600
73,1676
74,1686
66,1494
74,1686
75,1716
68,1575
68,1683
67,1626
74,1803
73,1780
73,1675
70,1590
72,1615
71,1722
66,1588
70,1620
65,1475
68,1597
70,1678
62,1374
65,1487
67,1518
66,1523
64,1429
61,1427
61,1423
60,1414
64,1461
60,1395
60,1367
62,1485
65,1451
58,1275
63,1418
60,1377
63,1489
58,1348
64,1451
57,1303
60,1374
60,1427
62,1394
62,1420
-,-,-,-
71,1602
75,1718
69,1619
74,1705
74,1699
69,1577
73,1687
68,1629
72,1765
74,1807
74,1829
64,1434
70,1634
62,1367
73,1771
73,1808
72,1667
71,1646
70,1676
71,1679
66,1467
65,1447
59,1297
65,1545
61,1321
62,1503
61,1360
61,1435
61,1433
54,1272
61,1379
65,1497
61,1404
65,1517
64,1472
62,1507
60,1394
59,1401
66,1621
53,1251
63,1512
63,1456
58,1347
58,1309
-,-,-,-
68,1504
75,1716
73,1658
69,1566
75,1718
75,1714
73,1678
64,1550
69,1618
73,1777
70,1713
60,1326
68,1604
67,1487
64,1549
67,1584
69,1580
68,1570
71,1678
69,1640
62,1463
65,1465
62,1445
66,1507
64,1494
62,1442
60,1394
60,1426
63,1481
58,1339
62,1464
64,1476
62,1464
62,1421
64,1446
63,1509
62,1471
62,1463
66,1566
61,1421
60,1460
58,1314
63,1415
64,1477
-,-,-,-
73,1638
65,1478
74,1683
63,1448
65,1455
68,1593
74,1693
72,1783
67,1614
71,1709
69,1635
68,1559
72,1657
69,1536
72,1785
70,1711
69,1585
61,1381
70,1663
72,1680
66,1470
62,1367
62,1347
62,1464
62,1432
59,1317
63,1410
60,1416
63,1379
62,1429
67,1581
65,1548
63,1407
61,1499
61,1414
57,1281
65,1552
61,1436
61,1454
60,1399
58,1409
63,1456
66,1460
60,1394
-,-,-,-
75,1724
73,1647
67,1504
73,1676
73,1658
74,1691
65,1445
73,1784
68,1617
74,1801
65,1585
73,1677
72,1666
73,1675
71,1701
71,1749
69,1580
69,1574
63,1524
61,1411
63,1468
61,1345
63,1458
64,1489
58,1308
65,1573
57,1294
64,1624
60,1345
67,1550
65,1464
63,1559
65,1475
59,1385
62,1465
59,1348
62,1413
56,1316
62,1508
63,1419
60,1498
67,1529
63,1502
63,1391
-,-,-,-
72,1651
65,1546
70,1624
69,1568
68,1537
74,1684
74,1689
74,1801
65,1585
67,1590
67,1597
71,1631
71,1593
65,1432
72,1726
66,1595
63,1428
68,1561
67,1546
61,1409
69,1635
65,1437
66,1453
65,1524
69,1589
61,1418
58,1320
57,1262
66,1443
61,1396
63,1414
63,1469
66,1520
67,1585
62,1422
59,1365
59,1383
60,1347
62,1415
59,1412
61,1410
60,1503
58,1407
64,1495
-,-,-,-
71,1605
69,1588
73,1654
75,1716
72,1675
75,1714
74,1695
70,1771
67,1637
66,1547
74,1815
68,1531
70,1602
73,1675
61,1398
70,1678
65,1471
72,1663
71,1650
67,1565
63,1415
58,1365
66,1467
64,1469
60,1397
60,1369
56,1346
63,1489
60,1347
60,1347
56,1289
63,1452
66,1545
63,1443
64,1440
60,1409
60,1373
62,1461
60,1366
62,1492
61,1459
58,1391
60,1393
57,1240
-,-,-,-
70,1561
67,1533
68,1559
69,1601
74,1691
65,1496
67,1480
66,1601
74,1805
68,1669
71,1723
66,1456
65,1501
73,1687
71,1716
73,1771
71,1654
72,1663
67,1587
67,1591
60,1405
66,1522
60,1351
64,1518
63,1395
58,1371
63,1494
61,1409
67,1511
60,1422
60,1422
60,1353
64,1396
59,1334
62,1357
58,1319
63,1522
61,1454
65,1473
67,1616
61,1407
60,1479
60,1461
62,1440
-,-,-,-
66,1497
67,1519
61,1443
70,1541
73,1676
67,1500
66,1492
70,1716
63,1469
71,1745
66,1573
69,1570
72,1627
67,1523
71,1736
69,1670
66,1543
72,1663
70,1661
71,1665
64,1458
63,1464
63,1421
67,1605
63,1460
65,1465
64,1491
65,1586
61,1381
61,1446
60,1341
61,1416
66,1501
68,1638
61,1320
62,1547
64,1521
58,1319
63,1473
60,1426
62,1460
67,1642
61,1419
62,1437
-,-,-,-
63,1444
73,1634
75,1714
73,1679
68,1549
71,1581
68,1581
73,1776
66,1610
69,1690
74,1801
72,1679
71,1597
72,1645
69,1662
69,1669
71,1636
67,1566
72,1682
72,1680
70,1708
68,1563
58,1314
63,1449
64,1573
57,1332
63,1424
62,1464
60,1355
63,1403
61,1399
65,1538
67,1499
59,1364
59,1349
58,1355
60,1431
56,1361
64,1490
67,1529
65,1471
61,1514
58,1369
63,1417
-,-,-,-
69,1602
72,1646
74,1691
75,1716
68,1534
65,1545
70,1577
69,1677
71,1707
74,1805
72,1784
69,1529
72,1676
71,1633
73,1771
73,1764
72,1665
67,1561
72,1698
72,1700
66,1538
62,1380
62,1385
64,1484
67,1633
67,1529
62,1390
64,1471
60,1332
64,1445
59,1373
64,1522
66,1510
64,1529
63,1391
64,1476
62,1455
63,1438
65,1479
67,1562
59,1311
59,1463
59,1389
62,1425
-,-,-,-
71,1633
71,1600
72,1648
70,1607
74,1695
75,1739
73,1658
73,1758
62,1492
74,1801
67,1516
66,1545
64,1444
64,1424
71,1738
67,1645
70,1612
61,1368
69,1610
72,1680
67,1508
63,1421
65,1429
62,1468
62,1434
64,1482
62,1355
61,1445
62,1350
64,1542
61,1350
63,1464
65,1526
57,1282
59,1398
62,1483
65,1541
62,1416
61,1412
66,1554
62,1424
56,1354
65,1573
59,1348
-,-,-,-
73,1663
65,1496
72,1646
71,1615
75,1712
74,1694
75,1716
69,1634
73,1773
69,1607
61,1395
70,1591
71,1648
65,1471
70,1729
67,1615
69,1638
64,1443
62,1477
60,1403
64,1558
64,1528
67,1513
61,1480
64,1454
65,1399
62,1450
54,1265
59,1316
63,1514
61,1362
66,1593
63,1436
63,1457
58,1342
63,1524
65,1516
66,1612
59,1381
64,1484
62,1452
55,1327
60,1310
62,1419
-,-,-,-
74,1691
74,1682
68,1534
74,1695
72,1653
74,1688
70,1574
69,1649
74,1805
73,1776
63,1483
72,1628
67,1502
66,1480
73,1764
68,1611
63,1473
64,1460
69,1629
70,1661
62,1437
62,1456
59,1287
67,1546
61,1376
63,1488
64,1505
58,1325
62,1445
62,1437
63,1431
66,1561
63,1415
62,1495
62,1430
56,1324
64,1565
57,1322
62,1434
64,1438
60,1356
61,1518
62,1433
65,1535
-,-,-,-
71,1631
72,1660
75,1724
73,1652
75,1714
62,1430
75,1712
67,1610
73,1799
62,1484
73,1816
73,1677
71,1622
69,1538
67,1600
68,1624
71,1635
71,1636
63,1462
63,1466
60,1437
65,1446
61,1369
62,1351
63,1436
63,1509
60,1397
60,1474
63,1514
55,1323
62,1448
63,1447
63,1408
60,1408
65,1461
60,1404
62,1449
64,1518
63,1435
69,1566
61,1411
58,1387
61,1371
61,1438
-,-,-,-
73,1655
72,1648
75,1733
75,1724
71,1590
72,1655
72,1655
72,1768
74,1801
74,1801
73,1773
71,1604
73,1673
71,1628
68,1561
69,1694
69,1613
68,1614
72,1676
63,1439
63,1549
63,1379
65,1469
61,1437
64,1501
64,1538
59,1364
62,1444
59,1327
61,1339
59,1333
63,1422
67,1526
59,1344
62,1472
64,1485
59,1394
65,1522
61,1429
66,1605
63,1447
61,1471
64,1448
59,1301
-,-,-,-
72,1661
70,1545
65,1477
75,1712
65,1445
72,1628
75,1712
63,1431
74,1801
73,1759
66,1609
73,1671
73,1689
73,1673
71,1710
73,1777
69,1605
56,1230
70,1651
68,1552
66,1547
63,1372
66,1502
64,1487
65,1466
58,1312
64,1538
58,1400
66,1539
62,1418
66,1515
64,1469
63,1493
62,1463
60,1411
61,1407
56,1322
61,1443
57,1296
61,1397
60,1381
56,1345
60,1413
65,1461
-,-,-,-
71,1609
72,1649
73,1653
65,1465
64,1428
72,1653
66,1507
74,1801
67,1586
74,1801
69,1625
73,1671
69,1587
72,1621
69,1661
67,1560
67,1545
66,1536
72,1676
71,1663
58,1421
61,1366
63,1424
63,1472
64,1485
62,1406
60,1430
61,1445
66,1536
65,1449
64,1477
60,1433
65,1544
61,1430
64,1535
61,1453
59,1359
58,1344
58,1400
66,1562
57,1239
60,1465
61,1450
60,1420
-,-,-,-
74,1689
71,1595
75,1712
65,1526
67,1520
72,1639
75,1712
73,1800
74,1801
66,1517
74,1803
72,1673
73,1671
70,1605
68,1698
70,1703
72,1663
59,1382
70,1633
71,1640
68,1603
63,1423
61,1353
65,1499
62,1408
61,1333
58,1310
63,1492
60,1347
64,1388
61,1407
68,1584
59,1387
60,1317
57,1397
60,1306
59,1371
62,1472
61,1441
64,1493
63,1477
60,1446
62,1431
61,1450
-,-,-,-