1362,64
1302,61
1279,58
1230,62
1399,62
1341,60
1373,66
1420,67
1328,63
1328,64
1329,64
1437,68
1411,66
1513,68
1424,66
1365,67
1432,67
1368,64
1355,63
1463,70
1538,71
1393,66
1410,66
1470,66
1279,62
1481,70
1407,64
1508,68
1371,64
1377,68
1423,69
1460,69
1502,67
1405,67
1348,63
1365,65
1407,67
1342,61
1397,65
1475,67
1599,67
1432,66
1432,66
1544,67
1599,69
1319,61
1528,68
1471,66
1336,65
1433,67
1535,69
1344,62
1396,67
1443,67
1473,67
1282,60
1440,66
1441,65
1300,63
1338,64
1545,71
1531,70
1338,59
1490,68
1420,65
1423,65
1415,65
1367,63
1443,67
1430,64
1474,66
1434,67
1370,66
1319,62
1400,67
1359,62
1378,64
1493,65
1441,67
1376,65
1603,69
1433,64
1390,63
1445,68
1141,56
1368,64
1417,67
1391,66
1339,63
1442,68
1421,70
1452,69
1363,65
1380,63
1304,64
1434,67
1330,61
1426,69
1555,72
1494,66
1473,65
1346,65
1549,71
1495,69
1398,65
1504,68
1497,70
1411,66
1521,67
1468,68
1543,69
1456,67
1379,64
1273,62
1578,72
1455,66
1262,62
1499,71
1538,70
1442,67
1601,71
1322,65
1633,73
1488,68
1545,71
1417,66
1440,63
1511,69
1509,70
1597,74
1449,66
1506,67
1458,65
1569,72
1487,63
1403,67
1534,65
1555,71
1433,65
1395,64
1425,66
1493,66
1316,62
1471,69
1503,71
1357,63
1380,65
1524,68
1436,60
1529,71
1558,69
1374,64
1412,65
1499,66
1532,72
1558,71
1448,67
1562,69
1462,66
1349,64
1433,62
1443,67
1501,67
1275,60
1589,71
1518,71
1398,67
1668,72
1414,64
1476,69
1525,68
1592,68
1405,64
1475,66
1432,65
1323,58
1544,69
1494,69
1393,65
1371,63
1437,66
1313,63
1482,68
1415,65
1403,65
1571,73
1314,62
1548,70
1528,70
1368,62
1476,65
1524,68
1485,66
1479,68
1355,62
1521,71
1472,72
1480,67
1376,63
1520,70
1476,68
1449,65
1538,67
1452,68
1487,67
1541,66
1477,67
1425,68
1418,64
1371,63
1367,64
1527,66
1432,64
1482,65
1389,66
1418,66
1452,65
1377,63
1505,68
1508,69
1311,60
1475,69
1321,61
1312,62
1601,71
1502,70
1534,72
1510,70
1457,65
1257,62
1291,61
1429,66
1484,64
1621,73
1584,70
1352,62
1396,65
1428,64
1362,66
1390,62
1608,70
1402,63
1449,67
1467,64
1427,68
1454,68
1417,64
1432,63
1614,70
1430,67
1493,67
1472,69
1419,65
1372,63
1297,62
1576,71
1391,65
1668,73
1461,66
1482,68
1471,69
1489,65
1435,65
1375,64
1402,66
1407,64
1466,66
1404,66
1475,69
1366,61
1526,70
1502,67
1398,65
1393,62
1548,67
1386,65
1499,68
1408,66
1523,70
1405,63
1503,70
1467,64
1471,66
1436,65
1525,65
1504,66
1307,63
1489,66
1322,64
1476,66
1515,67
1421,67
1494,69
1382,68
1530,68
1552,69
1482,66
1438,65
1547,71
1370,64
1497,68
1484,68
1488,70
1228,60
1464,66
1480,68
1393,67
1345,63
1524,68
1338,63
1490,69
1484,69
1542,72
1547,68
1411,67
1516,68
1460,65
1486,66
1429,65
1546,67
1489,67
1327,61
1400,66
1644,73
1467,67
1484,67
1428,69
1578,70
1299,60
1577,70
1330,65
1396,64
1386,63
1475,66
1346,61
1506,67
1483,70
1526,69
1569,68
1479,65
1529,68
1454,67
1441,64
1467,69
1367,66
1405,66
1361,61
1527,68
1426,62
1298,60
1446,67
1401,67
1558,70
1246,59
1500,70
1464,69
1400,66
1418,65
1448,65
1386,62
1449,67
1530,71
1511,69
1342,65
1367,64
1430,66
1532,71
1609,71
1428,67
1586,72
1406,66
1499,68
1484,69
1397,65
1513,69
1349,63
1304,62
1525,66
1361,65
1522,67
1355,65
1426,63
1542,69
1425,66
1517,70
1498,66
1230,59
1418,68
1517,68
1471,68
1361,63
1341,64
1365,64
1402,62
1461,68
1409,64
1417,67
1547,71
1505,68
1518,70
1478,66
1437,65
1477,66
1371,63
1343,63
1554,66
1433,65
1446,64
1503,67
1465,70
1422,65
1468,66
1436,67
1485,69
1568,71
1553,71
1395,67
1291,63
1201,59
1705,71
1299,63
1407,66
1615,72
1351,66
1410,64
1460,64
1415,65
1619,71
1344,64
1480,67
1501,68
1376,66
1430,66
1388,62
1421,65
1480,66
1449,68
1334,62
1519,72
1526,69
1473,64
1550,69
1586,70
1381,66
1470,64
1461,67
1557,68
1562,70
1333,65
1406,63
1463,65
1407,65
1331,63
1416,66
1340,65
1394,67
1477,66
1424,65
1544,72
1452,65
1534,71
1446,66
1411,64
1428,66
1563,70
1509,64
1445,68
1484,68
1506,67
1311,60
1382,61
1502,68
1512,70
1400,65
1460,64
1541,69
1420,64
1519,71
1486,68
1458,64
1566,70
1411,65
1510,71
1575,71
1461,64
1349,66
1520,67
1265,62
1439,65
1567,67
1377,59
1476,69
1382,65
1317,63
1402,64
1462,69
1478,67
1541,68
1475,70
1327,63
1445,65
1531,69
1489,68
1591,70
1424,67
1290,61
1550,71
1426,63
1415,67
1415,69
1427,66
1369,64
1466,67
1438,67
1366,62
1417,66
1300,64
1398,66
1459,63
1277,57
1451,69
1431,67
1452,66
1423,60
1369,69
1416,66
1340,64
1510,71
1489,68
1447,66
1422,67
1452,67
1408,66
1453,66
1668,72
1547,68
1539,65
1448,66
1368,64
1398,64
1362,65
1426,65
1401,63
1418,68
1377,63
1419,66
1315,65
1529,71
1487,68
1465,66
1532,67
1422,65
1419,64
1505,68
1352,64
1446,67
1430,69
1578,72
1487,70
1550,72
1419,62
1517,68
1495,66
1495,67
1444,65
1479,65
1611,72
1426,65
1483,67
1441,67
1439,66
1397,69
1384,66
1497,69
1423,65
1420,64
1400,66
1369,63
1529,68
1476,65
1426,67
1414,66
1621,73
1476,68
1492,66
1486,69
1401,63
1390,67
1471,65
1390,62
1524,70
1589,72
1516,69
1468,68
1430,64
1512,72
1476,63
1457,66
1493,67
1506,66
1375,62
1490,67
1468,69
1394,65
1388,65
1375,65
1585,70
1543,72
1427,65
1419,66
1435,65
1458,66
1354,61
1545,71
1368,64
1403,66
1442,64
1452,65
1514,67
1316,64
1493,66
1367,66
1559,69
1424,67
1431,66
1484,66
1381,65
1478,64
1395,64
1468,66
1510,70
1599,73
1504,67
1519,71
1479,68
1390,66
1462,68
1452,67
1478,67
1398,65
1453,66
1493,68
1393,66
1599,70
1531,68
1320,63
1402,66
1555,70
1487,68
1503,70
1394,67
1366,64
1456,68
1419,63
1455,68
1453,67
1477,68
1467,65
1513,70
1406,67
1343,66
1549,70
1461,68
1585,71
1430,67
1307,62
1332,61
1373,60
1535,68
1316,65
1532,69
1461,65
1602,70
1270,61
1445,67
1495,69
1515,67
1338,61
1511,66
1469,67
1395,64
1393,65
1531,71
1351,65
1341,62
1518,68
1329,65
1490,67
1658,71
1546,71
1530,67
1346,62
1493,68
1393,63
1454,67
1441,67
1566,70
1369,61
1427,66
1484,68
1335,59
1314,62
1468,68
1455,68
1458,68
1409,66
1302,62
1386,62
1539,71
1508,67
1481,71
1525,71
1443,67
1546,69
1543,70
1460,66
1443,67
1489,67
1413,66
1445,66
1558,66
1423,67
1488,68
1302,62
1464,68
1365,61
1406,63
1425,65
1419,64
1513,66
1537,69
1491,68
1454,68
1326,60
1549,68
1444,67
1664,74
1428,69
1365,64
1433,64
1403,65
1440,66
1452,69
1501,67
1346,64
1466,70
1459,65
1518,69
1450,68
1610,70
1463,68
1439,67
1431,62
1413,63
1521,67
1463,67
1552,72
1456,68
1475,68
1424,65
1465,66
1443,66
1251,60
1614,70
1251,61
1474,67
1595,70
1396,65
1507,70
1415,62
1423,64
1335,65
1439,68
1529,69
1496,69
1442,69
1465,66
1438,65
1483,68
1458,66
1450,66
1367,65
1297,64
1562,67
1390,63
1575,70
1385,62
1472,67
1358,64
1419,67
1522,68
1559,67
1366,64
1459,67
1508,69
1574,73
1484,71
1455,69
1461,66
1413,66
1385,65
1467,65
1479,66
1547,70
1540,72
1573,71
1507,71
1478,67
1572,70
1404,64
1452,67
1444,64
1493,69
1391,65
1460,67
1366,61
1421,62
1452,69
1433,67
1370,67
1521,70
1456,67
1400,65
1592,72
1494,69
1431,66
1351,63
1463,67
1471,66
1610,74
1472,68
1499,69
1503,69
1568,72
1574,70
1451,69
1488,66
1409,65
1346,60
1507,67
1453,67
1502,66
1347,64
1438,65
1430,66
1502,66
1355,67
1376,64
1446,65
1369,67
1412,62
1392,64
1367,61
1425,68
1521,69
1525,70
1473,65
1539,70
1463,66
1507,70
1418,65
1450,66
1384,64
1421,64
1470,66
1464,65
1493,66
1491,70
1442,67
1382,64
1527,69
1372,66
1442,66
1477,69
1404,64
1380,63
1469,67
1416,65
1479,69
1342,63
1374,63
1572,70
1583,72
1486,67
1372,65
1400,64
1427,65
1418,63
1348,62
1391,63
1445,69
1452,64
1474,68
1358,62
1470,65
1332,63
1448,65
1506,70
1408,64
1302,64
1579,71
1371,65
1490,70
1364,63
1408,65
1559,69
1410,64
1430,67
1571,69
1477,66
1491,69
1429,66
1451,70
1529,68
1530,70
1540,71
1434,67
1391,66
1511,68
1372,63
1448,68
1419,64
1578,71
1453,67
1485,70
1218,60
1358,64
1464,68
1509,69
1438,66
1396,65
1403,62
1497,68
1553,68
1490,70
1571,71
1544,69
1313,65
1382,65
1317,62
1454,68
1471,66
1506,69
1229,60
1475,69
1454,69
1419,65
1335,63
1494,64
1252,61
1371,63
1465,65
1461,67
1545,68
1364,62
1449,68
1402,64
1556,70
1410,64
1536,68
1371,65
1329,65
1471,63
1455,67
1527,68
1524,69
1542,68
1466,65
1341,62
1435,66
1507,65
1503,70
1530,68
1370,64
1390,65
1502,69
1398,64
1488,65
1477,68
1477,68
1423,66
1366,61
1503,67
1521,69
1436,65
1420,63
1360,61
1474,67
1428,64
1506,69
1531,68
1491,68
1370,67
1478,65
1573,72
1426,64
1415,64
1428,67
1496,68
1495,66
1493,68
1404,65
1600,69
1362,64
1589,70
1460,62
1404,63
1504,64
1438,65
1411,65
1560,70
1504,69
1426,67
1519,69
1445,66
1501,67
1269,62
1577,72
1594,70
1535,68
1368,62
1406,65
1397,68
1444,65
1361,63
1369,62
1606,73
1421,68
1447,65
1478,69
1454,67
1441,68
1330,63
1356,61
1475,67
1494,68
1386,63
1404,65
1511,70
1561,70
1440,66
1429,66
1592,73
1497,68
1493,67
1386,62
1567,69
1374,64
1465,65
1479,70
1520,69
1394,63
1511,68
1419,65
1344,61
1377,64
1499,66
1284,63
1333,64
1485,69
1500,67
1588,72
1452,66
1409,67
1603,69
1573,72
1595,70
1436,64
1440,66
1468,64
1345,64
1415,65
1333,61
1508,68
1478,69
1533,67
1514,68
1527,69
1477,67
1477,68
1462,67
1375,65
1461,67
1541,68
1290,60
1466,65
1449,68
1445,65
1364,62
1584,73
1448,68
1327,63
1479,65
1445,63
1352,62
1379,65
1497,69
1487,65
1473,65
1433,65
1440,65
1458,69
1360,66
1516,69
1379,63
1408,65
1526,72
1518,69
1466,66
1436,64
1449,65
1621,72
1362,64
1457,66
1420,67
1610,74
1454,68
1446,65
1380,62
1405,65
1387,64
1552,65
1350,66
1347,64
1458,62
1507,67
1552,68
1398,66
1475,67
1459,65
1436,68
1522,70
1364,63
1419,66
1468,68
1502,66
1423,64
1407,64
1452,69
1531,68
1441,68
1222,62
1515,67
1482,66
1354,64
1457,66
1477,65
1408,65
1493,65
1529,69
1304,62
1500,67
1402,63
1629,71
1474,65
1604,71
1435,66
1489,68
1527,70
1334,62
1463,67
1512,68
1562,70
1409,67
1332,60
1449,65
1286,63
1316,63
1471,66
1421,64
1560,70
1322,62
1353,63
1410,64
1393,64
1597,72
1420,65
1492,69
1377,63
1446,65
1347,66
1431,66
1633,71
1462,68
1418,62
1423,66
1391,63
1468,68
1345,64
1373,63
1435,67
1518,68
1494,68
1479,66
1535,71
1468,67
1391,65
1500,69
1421,66
1414,65
1345,65
1379,63
1437,68
1570,70
1406,66
1477,66
1458,64
1560,69
1321,61
1430,67
1352,65
1447,67
1596,70
1483,67
1380,65
1523,68
1511,71
1401,64
1495,68
1334,60
1320,62
1456,67
1432,68
1580,68
1421,66
1515,67
1502,67
1422,63
1418,63
1392,65
1581,72
1461,67
1524,69
1467,64
1370,67
1547,68
1387,64
1475,68
1438,67
1432,67
1250,61
1460,68
1446,67
1478,65
1372,64
1525,69
1578,69
1403,64
1542,69
1390,66
1495,67
1361,65
1376,66
1389,66
1549,67
1315,63
1343,63
1516,68
1462,65
1478,68
1365,63
1430,67
1511,65
1427,68
1355,64
1451,65
1326,61
1411,62
1452,67
1562,72
1523,69
1455,67
1469,65
1437,67
1335,61
1532,71
1288,62
1513,66
1466,68
1364,63
1394,63
1550,70
1443,68
1398,64
1505,67
1410,64
1564,72
1550,69
1460,65
1481,66
1460,67
1397,66
1634,69
1398,65
1465,66
1449,67
1390,65
1481,66
1424,66
1556,69
1288,60
1435,66
1269,57
1484,68
1487,67
1442,66
1403,66
1432,68
1688,73
1379,62
1486,66
1382,65
1618,71
1519,72
1392,66
1457,68
1501,69
1526,69
1409,65
1547,72
1410,68
1486,69
1453,66
1385,61
1357,61
1534,67
1477,69
1327,61
1412,64
1380,65
1555,72
1444,67
1478,65
1343,64
1329,62
1425,67
1368,62
1463,65
1380,60
1470,65
1581,72
1561,72
1417,65
1429,67
1429,67
1502,67
1432,64
1447,68
1412,62
1490,67
1612,70
1542,70
1523,71
1579,70
1453,67
1342,63
1492,67
1456,66
1393,65
1404,64
1499,66
1590,70
1422,68
1337,61
1571,69
1339,65
1461,67
1434,63
1468,66
1597,70
1294,61
1428,66
1411,67
1429,65
1394,62
1469,64
1438,66
1543,70
1574,71
1457,69
1402,65
1526,69
1495,70
1458,67
1442,64
1395,64
1548,70
1584,70
1516,70
1483,67
1387,66
1525,71
1352,62
1489,67
1383,67
1304,62
1441,68
1437,66
1465,67
1479,66
1563,72
1412,65
1322,62
1448,63
1436,68
1456,67
1453,68
1401,67
1415,67
1489,68
1310,62
1496,67
1519,70
1405,67
1481,64
1362,65
1385,64
1496,67
1378,66
1584,67
1412,63
1470,68
1451,64
1546,70
1426,66
1343,63
1372,63
1303,61
1436,69
1343,62
1470,67
1464,66
1453,67
1502,69
1528,68
1475,67
1406,69
1535,65
1504,66
1417,63
1393,64
1474,68
1564,70
1298,64
1475,67
1443,70
1547,75
1385,64
1391,67
1402,67
1353,66
1441,69
1563,69
1535,69
1312,62
1374,65
1363,67
1342,65
1418,69
1241,62
1419,69
1322,66
1394,67
1400,64
1522,73
1351,66
1515,70
1521,71
1531,73
1472,69
1410,65
1427,66
1421,66
1363,67
1392,67
1354,66
1417,69
1263,63
1304,64
1269,65
1502,69
1421,68
1417,69
1508,67
1525,68
1361,66
1387,68
1549,69
1426,67
1445,68
1593,72
1201,63
1519,69
1317,61
1477,70
1352,66
1355,65
1363,65
1396,67
1581,69
1433,67
1395,66
1451,67
1518,72
1405,67
1341,65
1415,66
1453,70
1453,68
1480,72
1434,64
1472,68
1344,66
1351,63
1458,63
1363,65
1300,65
1587,70
1540,72
1575,72
1527,71
1513,67
1360,66
1288,65
1364,64
1472,71
1507,73
1353,66
1459,68
1314,62
1468,69
1405,68
1391,69
1397,67
1433,67
1402,66
1457,70
1387,67
1459,69
1432,66
1325,64
1437,68
1473,68
1542,73
1456,64
1593,74
1451,69
1403,67
1392,68
1398,68
1375,66
1422,65
1460,72
1422,69
1536,73
1288,64
1397,68
1384,69
1359,67
1502,70
1499,70
1365,65
1414,67
1451,68
1491,70
1406,68
1506,69
1263,62
1399,67
1413,65
1458,67
1325,64
1442,68
1354,63
1346,64
1437,68
1372,67
1543,72
1468,70
1392,66
1559,72
1531,73
1397,67
1432,67
1437,70
1584,75
1411,67
1363,66
1372,63
1377,68
1327,63
1267,62
1439,68
1449,67
1368,67
1422,66
1412,65
1381,66
1580,74
1377,68
1296,62
1396,68
1423,69
1363,65
1339,66
1400,65
1421,70
1381,64
1438,68
1413,68
1432,70
1380,64
1409,68
1446,68
1391,68
1392,69
1365,66
1478,68
1329,67
1556,70
1435,67
1409,71
1480,72
1552,72
1304,62
1423,66
1348,62
1452,70
1502,70
1465,69
1428,67
1419,66
1532,72
1486,66
1491,71
1579,71
1428,68
1477,69
1477,70
1419,65
1458,66
1370,67
1460,68
1393,65
1518,67
1333,65
1421,69
1441,69
1374,67
1439,68
1419,67
1444,68
1396,67
1426,71
1400,67
1549,73
1499,66
1477,69
1341,65
1441,70
1406,69
1488,70
1514,72
1312,64
1534,71
1368,67
1347,65
1533,72
1365,66
1181,62
1400,67
1335,64
1221,61
1498,71
1520,70
1312,63
1338,66
1281,62
1335,64
1318,65
1505,72
1523,74
1348,64
1373,66
1476,69
1445,69
1382,68
1499,73
1316,63
1518,72
1315,65
1454,66
1454,71
1423,66
1559,71
1441,68
1382,66
1393,65
1368,67
1391,67
1501,68
1455,69
1326,67
1448,68
1474,69
1465,69
1356,64
1544,68
1269,63
1260,64
1428,65
1398,66
1422,68
1354,63
1438,69
1346,67
1517,71
1385,68
1421,69
1484,69
1441,69
1513,68
1375,67
1350,68
1418,71
1466,70
1437,70
1335,63
1379,64
1415,68
1413,65
1385,66
1394,67
1362,67
1292,63
1461,67
1325,63
1489,69
1335,67
1433,68
1423,68
1407,66
1425,70
1460,66
1412,68
1386,67
1486,67
1345,65
1501,69
1528,70
1455,71
1592,73
1447,69
1433,65
1407,67
1284,65
1435,63
1414,63
1400,68
1411,68
1532,72
1409,68
1393,66
1403,68
1421,70
1380,66
1502,71
1574,72
1443,70
1325,65
1347,65
1425,67
1373,68
1640,72
1447,67
1467,70
1395,70
1527,74
1430,71
1389,67
1550,71
1495,67
1395,67
1387,70
1443,70
1427,67
1456,69
1514,71
1394,64
1445,66
1561,72
1459,65
1344,63
1315,62
1542,71
1465,68
1366,67
1406,67
1330,66
1377,63
1291,65
1629,72
1423,65
1400,68
1453,68
1446,70
1350,64
1339,66
1435,71
1394,67
1412,69
1463,70
1448,68
1275,60
1465,69
1308,67
1516,71
1423,68
1478,66
1415,66
1353,64
1426,69
1509,70
1439,67
1484,72
1360,66
1438,69
1484,70
1436,70
1336,63
1488,70
1403,68
1344,66
1259,60
1567,69
1405,65
1264,64
1406,66
1467,68
1388,65
1522,73
1432,68
1488,68
1581,73
1404,65
1489,72
1327,65
1351,67
1400,66
1508,73
1436,69
1389,66
1415,68
1362,66
1420,66
1425,65
1372,68
1490,68
1329,64
1387,66
1437,68
1344,64
1314,65
1489,67
1245,61
1489,71
1377,66
1445,70
1486,72
1566,70
1260,63
1452,69
1395,65
1477,71
1492,71
1460,69
1544,70
1274,64
1291,64
1599,70
1461,71
1407,66
1400,67
1504,67
1415,68
1527,68
1411,68
1604,74
1578,72
1428,70
1451,70
1307,62
1491,73
1536,69
1408,69
1357,68
1465,68
1458,68
1339,67
1501,67
1323,63
1485,71
1438,66
1385,68
1317,63
1576,73
1523,69
1431,70
1453,68
1387,66
1437,67
1524,73
1398,70
1512,68
1273,63
1300,61
1435,67
1434,71
1420,68
1475,70
1496,71
1291,63
1443,69
1414,68
1425,68
1419,66
1437,70
1424,68
1351,65
1275,64
1335,64
1532,71
1459,68
1435,69
1427,64
1550,71
1576,74
1421,71
1423,70
1311,64
1497,72
1603,71
1373,65
1526,69
1542,71
1417,66
1339,65
1406,68
1380,67
1512,67
1455,71
1307,67
1500,69
1419,69
1364,62
1391,68
1390,68
1434,69
1535,72
1342,65
1487,70
1526,73
1470,70
1316,67
1429,70
1466,70
1394,70
1513,72
1420,68
1408,68
1441,69
1350,68
1431,67
1571,74
1403,69
1450,67
1386,67
1526,72
1540,73
1644,76
1424,67
1495,68
1323,64
1551,72
1428,69
1311,62
1373,64
1493,71
1452,69
1476,70
1315,66
1429,67
1493,69
1457,68
1425,68
1521,70
1468,67
1507,72
1520,69
1315,61
1413,67
1499,71
1512,73
1509,72
1426,64
1341,65
1527,72
1409,66
1340,63
1341,66
1486,69
1331,66
1372,68
1470,70
1438,70
1507,69
1482,68
1500,70
1495,69
1304,64
1451,67
1418,63
1262,63
1445,68
1437,70
1457,69
1457,68
1562,70
1531,69
1492,70
1377,67
1584,73
1424,67
1440,69
1326,66
1418,66
1311,63
1549,71
1344,65
1491,68
1579,70
1366,65
1235,60
1387,65
1456,69
1320,64
1441,68
1506,71
1455,68
1397,63
1456,69
1581,75
1428,65
1359,67
1349,64
1352,65
1346,66
1349,65
1414,68
1431,70
1546,71
1308,66
1329,68
1386,65
1444,66
1435,66
1570,70
1437,68
1558,71
1432,67
1390,68
1376,67
1540,71
1401,66
1435,66
1368,64
1427,71
1450,68
1296,63
1605,75
1472,64
1346,62
1482,69
1524,71
1540,70
1372,65
1485,66
1657,75
1432,67
1569,70
1291,64
1316,66
1440,68
1411,68
1520,71
1434,69
1497,70
1468,70
1386,67
1332,63
1374,66
1590,74
1371,67
1378,68
1492,70
1507,70
1406,65
1411,70
1396,66
1477,70
1533,72
1539,73
1410,67
1358,66
1447,66
1438,67
1502,74
1384,64
1454,69
1453,69
1589,74
1245,59
1409,68
1416,67
1396,66
1405,68
1391,67
1504,70
1442,67
1374,67
1506,72
1544,70
1568,73
1427,67
1456,68
1389,66
1371,66
1503,70
1532,73
1348,65
1519,73
1381,69
1573,72
1567,72
1530,69
1415,68
1361,67
1442,69
1437,69
1531,73
1478,70
1413,66
1552,72
1438,66
1294,65
1424,68
1374,67
1475,70
1448,70
1505,71
1483,71
1333,63
1382,67
1463,68
1392,67
1540,71
1712,76
1460,69
1501,70
1394,63
1393,66
1391,66
1410,69
1453,66
1499,68
1557,74
1483,68
1342,66
1297,62
1436,68
1565,75
1387,66
1497,73
1543,72
1437,69
1277,62
1376,68
1342,65
1477,68
1493,70
1468,71
1479,67
1555,71
1403,66
1530,72
1426,70
1497,69
1492,68
1367,66
1474,69
1313,62
1514,71
1672,75
1404,69
1435,68
1384,65
1601,74
1322,65
1435,68
1376,68
1526,70
1448,68
1427,68
1459,68
1425,69
1409,65
1414,67
1545,72
1494,73
1488,71
1377,68
1458,72
1267,66
1612,72
1393,67
1627,70
1503,71
1490,68
1399,67
1508,70
1500,69
1263,61
1573,72
1445,67
1404,65
1478,72
1351,66
1312,67
1503,71
1531,70
1461,68
1479,70
1351,63
1574,71
1394,66
1382,67
1369,66
1471,68
1418,64
1378,68
1565,70
1443,69
1330,63
1386,67
1361,64
1460,69
1596,75
1278,63
1455,66
1590,73
1405,69
1467,69
1318,61
1479,72
1387,66
1491,67
1494,71
1381,66
1387,68
1442,68
1443,65
1383,67
1379,66
1363,66
1512,71
1513,70
1448,68
1381,65
1369,68
1382,68
1332,64
1521,70
1496,69
1432,69
1553,73
1476,71
1357,67
1539,70
1714,79
1521,68
1371,65
1314,64
1455,68
1608,74
1366,68
1609,73
1417,67
1391,69
1410,68
1473,72
1411,64
1368,67
1297,62
1508,71
1590,71
1309,66
1460,71
1376,63
1398,67
1395,66
1417,66
1592,74
1677,76
1486,68
1415,67
1527,70
1459,70
1497,68
1454,70
1324,66
1489,70
1495,71
1502,71
1584,71
1559,72
1456,71
1385,65
1464,69
1488,68
1606,74
1548,71
1459,71
1469,69
1476,67
1460,67
1498,68
1662,73
1517,70
1548,71
1487,69
1426,68
1605,72
1420,67
1554,72
1452,66
1518,69
1401,62
1432,69
1376,66
1404,69
1430,68
1454,67
1292,63
1446,70
1542,73
1633,75
1744,78
1428,67
1362,63
1536,71
1585,72
1505,69
1585,73
1573,73
1463,71
1453,69
1597,71
1558,72
1442,65
1474,69
1328,63
1469,68
1566,69
1561,69
1438,66
1393,67
1571,74
1403,67
1461,68
1580,74
1364,66
1562,68
1457,66
1440,69
1529,70
1483,67
1567,73
1484,69
1407,66
1567,72
1404,67
1704,76
1374,64
1523,73
1506,70
1366,64
1544,73
1538,72
1437,71
1570,73
1518,71
1462,69
1521,69
1480,67
1485,68
1450,70
1395,68
1406,68
1434,67
1424,68
1487,71
1466,68
1485,72
1508,71
1470,70
1409,66
1561,71
1465,68
1586,72
1377,67
1492,71
1588,73
1506,69
1421,69
1551,72
1587,72
1451,68
1471,68
1650,76
1403,66
1441,70
1525,66
1472,69
1639,75
1564,73
1400,65
1477,69
1465,71
1521,69
1500,69
1394,66
1535,70
1476,67
1447,70
1429,69
1450,67
1604,72
1474,68
1520,71
1526,72
1587,74
1422,64
1538,70
1497,70
1457,68
1489,69
1463,66
1677,78
1538,69
1513,72
1443,70
1469,68
1466,70
1684,74
1530,70
1635,75
1626,74
1537,73
1449,67
1538,71
1556,72
1487,69
1498,70
1409,69
1375,67
1386,67
1497,70
1262,60
1403,68
1468,70
1342,69
1453,70
1394,68
1435,69
1534,73
1404,69
1471,65
1393,67
1521,74
1567,73
1449,66
1327,65
1495,71
1426,68
1492,69
1434,67
1394,65
1547,71
1626,75
1369,66
1378,67
1462,69
1396,68
1692,74
1414,66
1338,67
1601,73
1529,72
1425,68
1563,72
1355,67
1407,68
1533,71
1454,69
1534,70
1280,64
1446,68
1433,64
1482,68
1628,73
1452,68
1565,74
1393,65
1530,67
1474,70
1410,67
1397,68
1486,69
1513,69
1447,69
1540,72
1370,64
1509,74
1580,75
1522,72
1422,68
1331,65
1480,67
1559,73
1558,73
1458,71
1475,71
1530,69
1443,67
1481,70
1403,67
1601,73
1560,73
1422,67
1607,71
1600,75
1477,69
1345,67
1453,69
1414,66
1524,69
1487,69
1564,72
1325,64
1552,70
1452,68
1441,67
1417,67
1604,74
1414,70
1406,68
1412,66
1615,75
1292,65
1679,74
1383,67
1526,72
1423,65
1489,70
1504,71
1416,70
1406,66
1347,65
1634,76
1524,71
1501,72
1500,70
1646,74
1499,70
1505,73
1496,69
1587,72
1418,68
1489,70
1544,73
1336,66
1676,75
1439,69
1507,70
1425,67
1482,70
1625,75
1522,72
1438,69
1632,73
1502,69
1378,66
1419,68
1415,65
1449,66
1396,67
1370,66
1458,70
1544,71
1482,69
1437,70
1438,66
1409,68
1372,67
1428,68
1519,69
1518,70
1534,71
1504,71
1334,62
1391,65
1284,64
1338,62
1419,68
1418,68
1584,74
1491,66
1379,66
1638,75
1590,74
1375,62
1398,67
1352,65
1548,74
1508,68
1463,68
1527,70
1444,67
1499,69
1431,67
1453,69
1418,67
1387,66
1541,70
1403,69
1492,69
1488,71
1564,71
1445,70
1437,68
1358,64
1361,66
1423,65
1729,79
1374,69
1338,67
1396,69
1520,68
1622,77
1394,68
1440,68
1411,70
1393,65
1445,71
1469,72
1504,72
1683,79
1508,70
1459,67
1382,67
1534,68
1476,73
1442,68
1515,72
1341,64
1533,69
1368,63
1473,70
1329,64
1569,75
1356,65
1462,68
1438,69
1499,71
1455,71
1524,72
1437,69
1545,70
1634,76
1403,65
1307,64
1540,71
1315,65
1485,70
1410,66
1390,67
1494,69
1353,66
1396,67
1480,70
1550,71
1506,72
1450,66
1392,64
1479,70
1403,67
1437,68
1423,68
1518,69
1618,73
1377,65
1451,66
1447,69
1411,67
1333,63
1427,67
1639,76
1637,74
1456,69
1460,67
1452,68
1425,70
1437,69
1467,72
1422,70
1340,65
1502,71
1418,69
1577,71
1470,68
1439,69
1502,69
1602,75
1545,71
1378,68
1428,68
1378,67
1413,67
1694,77
1413,67
1410,67
1525,72
1519,70
1426,67
1403,70
1435,69
1369,67
1451,69
1404,68
1423,70
1415,68
1423,68
1369,67
1388,69
1492,67
1454,67
1461,66
1301,62
1521,68
1439,67
1571,72
1513,70
1475,69
1344,67
1443,68
1390,65
1534,73
1548,72
1486,71
1616,76
1570,72
1546,72
1489,70
1488,70
1485,68
1403,68
1502,72
1545,73
1382,66
1393,64
1522,72
1444,68
1299,63
1435,68
1514,71
1512,70
1404,65
1475,71
1528,70
1409,67
1397,65
1361,68
1534,72
1571,71
1493,69
1372,65
1326,67
1463,71
1362,65
1362,65
1506,70
1513,71
1572,70
1464,67
1377,64
1635,72
1501,72
1472,69
1365,65
1417,65
1439,69
1515,70
1566,72
1473,66
1542,70
1435,68
1479,71
1503,72
1514,70
1386,63
1289,65
1334,66
1397,69
1527,71
1451,68
1389,67
1355,66
1463,69
1459,70
1641,71
1578,73
1442,71
1455,68
1436,67
1411,66
1506,67
1447,70
1470,72
1339,64
1341,67
1303,62
1489,70
1449,69
1387,64
1515,67
1325,66
1486,71
1616,73
1440,66
1644,74
1510,68
1407,68
1537,71
1529,71
1572,71
1444,68
1439,70
1424,66
1638,76
1449,67
1531,69
1549,71
1416,67
1375,67
1415,66
1615,75
1534,73
1333,65
1519,72
1468,67
1486,70
1481,69
1617,74
1397,64
1484,71
1319,67
1422,67
1523,68
1512,71
1579,70
1419,69
1515,71
1502,68
1521,71
1459,68
1339,66
1457,64
1554,72
1399,67
1330,63
1744,78
1442,69
1413,67
1352,66
1577,74
1507,70
1371,63
1661,78
1417,68
1573,70
1490,68
1441,66
1474,70
1511,68
1446,71
1590,71
1517,71
1356,63
1509,71
1559,74
1449,66
1348,65
1473,68
1501,69
1307,60
1406,63
1528,71
1527,70
1436,69
1419,68
1440,68
1538,71
1434,69
1417,67
1494,69
1559,72
1243,62
1385,63
1554,71
1589,72
1445,69
1450,67
1565,70
1504,73
1463,68
1446,70
1553,73
1455,67
1493,71
1489,73
1439,68
1410,67
1456,70
1627,75
1458,69
1379,67
1387,65
1477,66
1319,65
1447,69
1392,66
1561,73
1561,73
1347,62
1410,67
1425,69
1455,66
1473,70
1554,73
1261,64
1438,71
1447,67
1417,68
1509,70
1541,72
1448,65
1398,64
1498,71
1455,66
1475,67
1598,73
1479,68
1584,74
1437,65
1507,70
1424,67
1541,72
1535,69
1548,71
1622,75
1487,68
1399,67
1573,74
1332,64
1528,70
1428,67
1444,66
1568,72
1476,69
1374,64
1433,66
1394,64
1445,69
1470,68
1512,68
1356,64
1456,69
1435,66
1449,68
1595,72
1417,65
1494,69
1435,67
1493,69
1407,68
1572,70
1544,73
1487,69
1384,68
1351,65
1389,66
1457,67
1427,68
1518,71
1521,73
1465,71
1388,70
1595,71
1427,66
1534,72
1446,70
1384,68
1587,74
1453,72
1376,68
1486,69
1535,69
1460,69
1429,64
1428,68
1483,69
1366,66
1314,63
1405,66
1531,73
1447,69
1332,64
1394,68
1301,62
1333,65
1372,66
1468,70
1542,73
1406,66
1395,67
1400,67
1423,68
1393,66
1411,67
1399,67
1321,62
1600,71
1345,64
1455,71
1419,68
1469,70
1375,68
1385,67
1402,67
1395,66
1538,71
1559,71
1503,70
1493,69
1394,63
1434,70
1292,65
1607,74
1607,74
1379,68
1506,67
1424,66
1545,71
1508,71
1523,69
1514,72
1489,70
1383,64
1519,70
1486,71
1383,67
1540,72
1573,71
1335,65
1596,69
1390,64
1392,65
1530,68
1428,67
1480,69
1383,67
1545,71
1444,68
1489,69
1342,64
1502,67
1385,65
1551,74
1647,75
1410,66
1652,76
1415,66
1338,67
1463,70
1551,73
1561,70
1496,69
1370,65
1392,68
1484,69
1513,70
1437,69
1456,70
1482,71
1444,68
1496,70
1507,70
1340,63
1340,64
1524,67
1344,64
1418,64
1503,72
1445,68
1354,63
1500,70
1483,68
1502,70
1498,70
1432,66
1526,68
1487,69
1472,67
1410,66
1367,63
1592,74
1383,67
1545,73
1704,77
1493,72
1487,71
1636,75
1531,71
1402,66
1413,65
1466,72
1485,72
1406,66
1602,74
1512,71
1470,70
1515,72
1475,69
1681,74
1343,65
1454,71
1325,63
1470,68
1504,66
1436,68
1522,72
1450,67
1368,66
1616,75
1511,68
1536,69
1356,65
1386,67
1438,68
1617,72
1375,65
1561,71
1366,63
1407,64
1513,70
1469,67
1447,68
1384,66
1504,71
1523,70
1586,72
1412,63
1221,60
1491,70
1451,66
1508,69
1515,67
1347,65
1313,63
1417,66
1560,73
1494,69
1323,64
1444,69
1532,69
1528,67
1504,69
1432,69
1484,67
1466,70
1360,64
1434,66
1375,66
1285,61
1375,64
1314,64
1622,74
1335,65
1344,65
1575,74
1452,68
1391,67
1490,70
1400,66
1345,63
1569,74
1514,71
1514,71
1579,71
1387,67
1514,71
1480,69
1427,63
1415,65
1535,71
1400,67
1459,71
1578,71
1531,72
1531,69
1429,67
1431,66
1440,70
1291,62
1555,71
1510,70
1279,62
1381,64
1521,70
1423,69
1435,67
1607,70
1444,68
1545,72
1434,69
1389,68
1276,61
1489,69
1576,70
1684,77
1522,73
1384,68
1397,68
1369,64
1387,65
1450,67
1437,68
1570,75
1483,71
1450,69
1470,71
1561,71
1538,72
1462,67
1534,71
1461,69
1455,72
1565,73
1440,69
1499,67
1547,72
1493,71
1392,63
1540,72
1471,69
1497,73
1323,62
1412,68
1531,68
1457,70
1603,71
1363,68
1512,72
1397,66
1444,70
1499,68
1447,72
1501,65
1541,70
1288,61
1623,74
1443,69
1601,74
1463,67
1440,67
1340,62
1588,75
1388,66
1429,66
1378,66
1436,66
1522,73
1384,65
1578,71
1588,72
1508,69
1427,67
1549,72
1491,70
1469,68
1467,67
1457,67
1477,65
1677,74
1377,67
1497,68
1521,70
1582,75
1410,68
1613,75
1419,67
1364,66
1407,65
1506,69
1510,68
1538,68
1501,68
1481,66
1422,69
1286,64
1481,70
1384,66
1318,63
1454,67
1641,76
1391,66
1363,67
1515,69
1544,74
1499,69
1473,71
1445,68
1492,70
1410,67
1518,73
1462,70
1450,68
1273,65
1240,61
1439,69
1607,73
1474,69
1527,73
1457,69
1606,73
1556,73
1513,69
1466,71
1646,73
1446,64
1375,67
1360,64
1391,67
1428,65
1528,71
1393,71
1403,63
1450,66
1383,69
1412,68
1698,75
1349,66
1352,65
1476,71
1431,66
1463,69
1555,72
1344,62
1306,64
1430,67
1488,69
1446,72
1555,72
1513,73
1523,73
1559,71
1311,64
1440,67
1335,63
1511,72
1455,69
1576,74
1398,65
1663,76
1500,70
1526,69
1673,73
1477,68
1564,73
1603,75
1590,72
1453,66
1407,67
1537,70
1442,68
1472,69
1550,72
1415,66
1575,69
1542,72
1285,62
1348,65
1401,68
1552,70
1367,64
1393,66
1357,64
1508,71
1440,66
1367,67
1385,65
1375,67
1530,67
1396,67
1391,67
1342,65
1423,67
1537,70
1429,68
1485,67
1374,70
1398,66
1509,70
1579,73
1599,73
1414,66
1467,71
1363,64
1382,69
1602,73
1385,63
1570,71
1453,66
1479,70
1415,65
1467,67
1289,65
1388,65
1607,75
1505,67
1404,65
1431,71
1521,68
1302,63
1508,72
1480,70
1474,67
1407,68
1441,68
1472,70
1558,70
1470,67
1450,66
1489,66
1435,67
1602,73
1522,68
1440,68
1588,72
1474,70
1260,60
1346,63
1377,67
1408,68
1466,69
1403,66
1443,69
1445,68
1341,64
1422,67
1561,74
1418,69
1486,70
1405,66
1421,67
1584,71
1399,67
1445,69
1460,68
1485,69
1533,70
1560,69
1436,68
1402,67
1645,73
1477,68
1443,67
1504,70
1600,74
1464,66
1432,69
1370,68
1536,71
1527,74
1425,70
1437,68
1468,71
1395,65
1513,73
1500,71
1405,66
1510,73
1467,71
1474,71
1389,64
1464,69
1459,67
1583,75
1350,66
1428,69
1420,62
1353,66
1564,70
1436,67
1389,65
1513,65
1450,68
1586,74
1277,63
1445,68
1504,72
1307,61
1617,73
1435,70
1543,74
1477,69
1510,67
1618,75
1636,72
1439,67
1433,68
1310,65
1470,67
1555,71
1490,70
1464,69
1457,70
1636,75
1569,71
1345,65
1493,70
1510,70
1443,66
1386,64
1507,69
1343,63
1495,69
1361,63
1444,68
1326,67
1281,60
1435,68
1561,71
1590,73
1453,69
1548,75
1635,75
1617,74
1431,68
1542,70
1489,71
1541,70
1436,66
1578,73
1397,69
1438,69
1446,66
1447,66
1458,70
1336,62
1357,62
1419,68
1508,67
1455,69
1485,70
1439,69
1510,69
1425,67
1506,68
1561,75
1463,68
1359,64
1270,63
1355,63
1356,63
1353,63
1424,69
1340,67
1525,70
1500,69
1397,68
1478,69
1611,75
1560,74
1422,68
1442,68
1497,71
1458,69
1396,67
1551,70
1601,74
1450,69
1439,67
1533,67
1522,68
1473,66
1548,71
1611,72
1332,66
1526,72
1362,66
1465,68
1551,73
1435,67
1517,68
1542,71
1451,67
1481,70
1482,69
1530,71
1561,72
1554,72
1598,70
1458,68
1568,74
1356,67
1539,73
1450,66
1494,69
1427,69
1685,79
1424,69
1368,67
1529,69
1381,67
1531,71
1297,61
1447,66
1476,69
1322,63
1548,74
1454,67
1577,74
1459,71
1345,66
1462,72
1381,63
1548,69
1615,74
1423,67
1459,71
1449,68
1474,68
1471,70
1365,64
1375,65
1604,74
1575,70
1608,75
1589,73
1530,67
1530,71
1371,64
1387,64
1341,63
1488,65
1526,70
1391,66
1636,76
1460,67
1406,66
1528,70
1527,71
1379,64
1419,66
1355,65
1478,70
1466,70
1438,67
1461,69
1406,67
1350,67
1308,65
1513,68
1365,65
1365,66
1360,67
1535,72
1462,70
1625,72
1556,75
1548,69
1365,66
1391,68
1494,69
1575,74
1438,69
1362,65
1457,68
1393,66
1555,73
1534,68
1459,69
1391,65
1394,67
1416,64
1404,67
1372,65
1382,65
1445,71
1403,67
1365,66
1553,71
1546,72
1500,70
1264,63
1478,70
1690,75
1472,70
1440,69
1441,67
1386,65
1463,69
1475,71
1492,67
1353,65
1372,64
1526,70
1508,68
1468,68
1517,68
1543,71
1533,72
1513,69
1635,76
1459,71
1499,67
1333,65
1352,60
1585,73
1493,73
1429,66
1318,65
1347,63
1503,70
1414,68
1428,67
1515,66
1478,71
1543,71
1474,67
1433,68
1468,68
1419,67
1543,71
1417,65
1458,71
1501,70
1464,69
1439,67
1356,67
1588,75
1444,67
1581,73
1473,68
1514,70
1310,61
1469,67
1487,71
1269,61
1615,76
1443,67
1545,74
1505,69
1469,67
1425,67
1337,64
1395,64
1430,68
1578,73
1350,69
1464,69
1390,68
1522,69
1437,68
1509,72
1655,74
1466,70
1447,66
1472,69
1427,67
1491,68
1366,64
1271,64
1461,69
1439,67
1311,64
1475,70
1614,74
1578,73
1379,69
1536,70
1285,64
1519,73
1346,65
1358,64
1490,70
1477,69
1450,68
1539,70
1311,63
1514,68
1653,76
1473,71
1404,68
1586,72
1471,67
1469,68
1450,70
1289,64
1432,68
1331,63
1490,69
1529,69
1520,70
1570,72
1378,64
1441,68
1469,70
1437,66
1423,68
1517,72
1514,71
1509,68
1431,70
1509,71
1536,74
1419,66
1599,73
1589,68
1522,70
1544,70
1558,72
1422,69
1525,71
1583,73
1503,68
1451,71
1455,69
1547,70
1534,74
1384,64
1546,71
1515,70
1447,71
1306,64
1642,75
1491,70
1542,72
1421,68
1520,73
1343,65
1553,71
1413,67
1376,66
1454,67
1412,68
1457,70
1411,67
1489,71
1421,68
1370,65
1239,62
1389,65
1541,71
1349,66
1453,71
1455,71
1476,66
1611,72
1261,61
1517,71
1320,66
1373,65
1545,75
1444,70
1474,70
1483,66
1426,67
1620,75
1427,68
1664,73
1597,73
1519,72
1451,69
1436,68
1432,67
1326,67
1505,70
1451,69
1383,66
1352,64
1662,76
1294,63
1488,70
1395,65
1519,68
1454,71
1421,66
1542,69
1414,66
1332,62
1442,66
1539,70
1601,73
1581,74
1378,67
1421,65
1291,65
1560,74
1558,72
1316,61
1472,70
1589,76
1483,69
1539,73
1503,69
1425,67
1470,70
1464,67
1384,67
1629,76
1389,62
1473,69
1455,67
1450,69
1452,69
1475,69
1300,61
1395,66
1532,73
1437,67
1654,76
1540,66
1336,61
1551,73
1537,71
1488,71
1477,66
1425,68
1510,69
1418,67
1461,70
1436,68
1448,66
1357,65
1537,74
1411,66
1453,67
1550,72
1492,71
1514,70
1479,68
1516,72
1367,65
1616,73
1608,77
1641,73
1462,68
1537,71
1462,65
1381,66
1564,74
1491,69
1423,63
1367,64
1438,66
1541,70
1503,69
1464,70
1601,72
1266,62
1407,66
1451,68
1422,70
1558,74
1495,69
1669,78
1427,64
1504,71
1510,71
1558,70
1554,73
1445,68
1443,68
1372,65
1509,72
1583,74
1401,67
1511,71
1462,68
1628,73
1450,68
1377,66
1463,71
1452,67
1450,69
1547,73
1435,69
1599,72
1460,71
1553,70
1418,67
1383,66
1623,73
1503,71
1468,69
1490,71
1410,67
1478,69
1502,68
1484,71
1344,65
1512,73
1531,74
1548,70
1299,63
1490,69
1454,70
1515,69
1478,66
1304,63
1522,69
1370,66
1558,71
1641,71
1542,74
1463,70
1528,70
1391,65
1409,71
1465,69
1518,71
1521,70
1238,59
1346,68
1426,65
1505,70
1530,72
1485,69
1403,71
1407,68
1362,64
1326,65
1548,71
1494,70
1457,67
1405,68
1388,68
1409,66
1498,69
1507,70
1410,67
1379,66
1489,70
1484,70
1419,68
1496,66
1237,62
1405,69
1320,64
1298,63
1437,68
1693,76
1452,70
1381,66
1559,72
1536,69
1466,68
1609,74
1426,68
1447,68
1421,67
1633,76
1384,65
1404,63
1337,66
1491,69
1653,77
1385,67
1503,71
1318,65
1396,67
1454,66
1399,67
1438,67
1594,71
1404,68
1465,69
1509,72
1544,68
1394,63
1313,63
1380,67
1466,67
1582,71
1604,76
1616,72
1424,67
1394,67
1459,71
1437,66
1384,65
1487,70
1564,72
1470,71
1620,73
1233,64
1533,70
1410,70
1464,68
1370,66
1566,71
1461,65
1368,69
1611,74
1446,68
1501,70
1372,66
1563,72
1385,62
1445,67
1488,66
1482,71
1408,67
1407,66
1545,70
1500,70
1480,71
1646,73
1465,70
1467,65
1487,67
1608,73
1442,69
1574,72
1569,73
1495,70
1353,65
1546,71
1336,65
1508,70
1621,74
1377,66
1532,70
1425,67
1509,70
1546,72
1557,72
1473,72
1409,67
1462,70
1446,68
1628,72
1528,72
1542,73
1520,71
1457,68
1507,70
1515,71
1509,73
1431,71
1399,65
1486,69
1498,70
1472,70
1524,69
1522,69
1587,73
1495,68
1379,67
1530,71
1370,67
1486,66
1551,72
1604,76
1358,66
1544,72
1417,65
1375,64
1498,69
1354,67
1450,69
1346,60
1580,74
1511,69
1607,72
1473,69
1370,64
1427,67
1403,63
1459,70
1449,68
1616,76
1355,63
1320,62
1481,71
1398,67
1334,66
1432,68
1344,66
1398,68
1516,71
1497,69
1514,72
1414,69
1449,69
1498,71
1336,60
1640,73
1353,68
1575,72
1392,66
1511,70
1413,69
1573,70
1436,70
1487,69
1631,76
1380,67
1494,70
1404,68
1428,68
1413,66
1446,70
1550,72
1588,72
1432,68
1426,66
1484,68
1402,67
1448,68
1525,71
1487,72
1309,63
1545,70
1373,64
1550,70
1430,68
1412,68
1553,75
1372,65
1463,67
1600,74
1551,72
1406,66
1464,69
1524,72
1486,69
1315,63
1477,69
1587,74
1485,69
1414,66
1439,69
1489,68
1277,64
1500,72
1528,67
1373,66
1488,69
1453,69
1615,73
1407,68
1483,71
1478,69
1324,64
1367,66
1396,62
1481,66
1457,66
1526,69
1327,66
1371,65
1504,70
1460,69
1445,68
1439,69
1570,73
1408,69
1491,70
1583,73
1509,69
1459,70
1308,64
1370,64
1499,68
1467,67
1629,74
1370,64
1401,68
1570,74
1474,69
1417,68
1488,71
1478,69
1450,66
1450,71
1238,59
1567,72
1481,68
1523,69
1544,71
1514,70
1522,72
1437,68
1417,67
1546,74
1540,71
1263,61
1390,65
1423,67
1537,71
1577,69
1542,72
1380,64
1439,64
1407,65
1407,69
1538,71
1477,66
1411,67
1365,64
1540,70
1422,70
1444,67
1654,72
1417,66
1598,72
1552,73
1572,73
1502,70
1523,71
1320,66
1412,68
1371,66
1371,64
1597,71
1465,72
1339,62
1521,71
1574,71
1369,66
1552,73
1497,68
1434,66
1335,64
1452,67
1342,65
1512,68
1513,67
1389,69
1479,69
1320,64
1441,66
1476,67
1384,65
1572,70
1489,72
1418,67
1434,69
1490,69
1450,65
1418,68
1410,65
1410,66
1448,67
1434,70
1432,67
1438,68
1409,64
1544,72
1463,71
1414,67
1396,68
1351,65
1428,68
1466,66
1442,68
1409,67
1385,65
1300,63
1300,62
1640,76
1334,65
1309,63
1574,72
1465,67
1364,64
1473,69
1475,71
1415,67
1473,68
1375,66
1576,74
1460,68
1458,69
1447,69
1402,68
1602,71
1570,72
1419,66
1410,66
1467,68
1513,73
1454,69
1516,68
1480,70
1398,64
1395,67
1294,62
1533,72
1561,72
1440,68
1536,71
1359,67
1414,65
1595,75
1506,73
1366,65
1552,73
1397,66
1401,66
1445,68
1483,68
1475,69
1539,69
1338,67
1354,66
1613,73
1490,70
1377,65
1432,70
1569,71
1293,63
1485,69
1509,69
1510,71
1444,69
1608,74
1295,64
1353,66
1419,67
1486,69
1531,71
1367,66
1370,63
1492,69
1411,68
1466,71
1378,64
1282,62
1352,64
1459,69
1363,64
1490,71
1429,67
1489,67
1620,75
1366,67
1347,62
1513,72
1465,67
1486,69
1408,67
1485,71
1537,71
1466,70
1590,75
1473,68
1509,69
1501,71
1557,72
1478,68
1627,74
1420,66
1416,65
1460,68
1471,69
1317,65
1334,64
1577,72
1270,62
1511,72
1340,66
1362,63
1639,77
1448,68
1387,68
1594,75
1459,65
1513,69
1554,72
1495,69
1527,68
1553,71
1378,66
1466,69
1544,71
1491,70
1424,68
1372,67
1481,68
1584,76
1465,69
1505,68
1564,71
1611,74
1641,76
1478,69
1481,71
1467,68
1443,67
1429,67
1455,69
1470,69
1479,71
1480,66
1561,72
1449,69
1494,70
1307,63
1285,63
1370,62
1523,68
1481,71
1438,68
1528,70
1468,69
1464,68
1476,68
1406,67
1330,64
1386,67
1557,72
1477,67
1350,63
1386,67
1489,68
1484,70
1629,75
1376,66
1458,68
1379,66
1487,71
1588,72
1457,67
1406,67
1446,66
1281,62
1690,75
1644,75
1516,72
1440,66
1519,72
1401,68
1367,65
1489,70
1468,70
1528,73
1573,71
1423,68
1266,62
1467,70
1429,68
1396,65
1447,69
1429,69
1431,69
1464,66
1538,66
1501,67
1360,65
1378,67
1602,73
1514,68
1248,61
1326,63
1333,65
1518,66
1376,65
1446,68
1489,68
1689,76
1480,68
1404,67
1345,64
1368,66
1449,68
1353,66
1428,70
1452,70
1441,66
1529,68
1404,67
1634,76
1412,66
1439,68
1572,69
1462,70
1444,69
1546,73
1295,62
1452,66
1388,68
1342,65
1505,70
1445,68
1400,66
1452,70
1351,67
1338,63
1623,76
1415,67
1492,70
1355,64
1453,65
1596,72
1407,69
1537,71
1370,64
1385,67
1508,71
1456,69
1455,67
1459,69
1398,65
1441,67
1569,67
1541,72
1484,68
1528,68
1517,73
1445,66
1437,66
1423,67
1478,72
1394,67
1526,71
1462,73
1583,72
1409,68
1405,64
1517,70
1353,66
1496,69
1511,68
1494,68
1470,70
1528,67
1374,63
1368,63
1474,69
1393,66
1657,73
1460,66
1638,74
1344,64
1419,67
1538,69
1520,72
1431,66
1246,61
1449,69
1385,66
1358,65
1338,65
1436,66
1577,70
1510,68
1434,66
1427,67
1382,63
1372,67
1532,71
1415,68
1462,69
1530,69
1452,67
1578,71
1505,72
1464,70
1361,66
1473,67
1332,66
1548,69
1385,66
1516,71
1539,72
1531,71
1453,71
1538,74
1480,66
1483,69
1528,69
1454,69
1549,71
1450,67
1246,61
1249,64
1464,70
1316,63
1309,59
1330,67
1522,71
1297,62
1486,72
1514,73
1541,70
1486,69
1414,70
1420,66
1541,70
1495,73
1339,65
1347,65
1430,69
1506,67
1412,68
1347,65
1475,68
1365,63
1526,71
1362,67
1400,68
1525,71
1480,70
1433,69
1422,67
1340,65
1459,69
1449,71
1357,64
1423,66
1625,72
1522,72
1546,71
1466,69
1481,70
1379,66
1527,73
1432,68
1728,79
1464,67
1445,69
1431,66
1426,66
1517,67
1415,65
1488,74
1520,69
1440,68
1508,71
1485,71
1568,74
1464,66
1449,68
1371,65
1453,67
1527,72
1422,65
1442,67
1303,64
1458,67
1433,68
1534,71
1422,68
1562,70
1376,66
1516,68
1360,66
1463,68
1419,68
1455,70
1520,71
1562,73
1496,70
1496,70
1415,68
1515,72
1356,63
1538,68
1386,67
1382,66
1415,67
1592,72
1506,69
1443,68
1290,64
1514,73
1418,64
1482,70
1359,67
1507,70
1678,72
1526,72
1449,66
1551,72
1513,69
1333,67
1377,67
1527,70
1518,68
1554,72
1559,71
1440,67
1304,62
1424,67
1414,67
1424,67
1501,69
1359,67
1535,71
1577,73
1560,68
1506,71
1344,67
1431,67
1496,69
1452,69
1632,75
1323,64
1371,66
1643,75
1375,65
1450,69
1371,62
1234,58
1492,68
1506,69
1396,68
1516,69
1541,72
1429,69
1522,70
1630,76
1369,67
1402,66
1391,67
1387,66
1397,68
1465,70
1422,66
1404,68
1526,73
1628,72
1252,58
1488,70
1481,68
1485,70
1484,68
1492,71
1573,72
1377,67
1447,66
1210,60
1334,65
1502,70
1523,68
1479,67
1530,73
1361,66
1318,64
1414,68
1466,66
1479,69
1446,69
1610,76
1589,75
1449,68
1648,75
1418,66
1548,72
1484,71
1380,65
1439,65
1466,68
1608,75
1395,67
1538,73
1466,66
1345,66
1633,73
1383,67
1486,68
1367,65
1480,71
1469,70
1497,65
1414,70
1688,73
1453,67
1452,71
1414,66
1449,65
1445,68
1336,63
1426,68
1385,64
1484,70
1349,62
1434,67
1440,67
1308,63
1490,69
1431,68
1317,66
1385,67
1426,66
1496,71
1431,68
1448,68
1474,66
1351,68
1490,70
1452,66
1474,70
1545,74
1504,69
1589,71
1557,73
1396,67
1496,71
1395,66
1336,65
1570,74
1609,73
1507,72
1455,68
1309,64
1481,70
1530,74
1372,68
1466,71
1530,73
1544,73
1490,69
1498,69
1531,71
1370,65
1537,71
1377,65
1359,65
1494,71
1569,73
1538,73
1385,66
1401,67
1496,69
1587,75
1400,70
1656,72
1461,69
1599,70
1394,65
1362,65
1479,66
1364,64
1312,65
1450,68
1531,71
1317,64
1547,72
1481,70
1517,70
1569,70
1460,70
1466,64
1409,67
1515,69
1496,71
1448,64
1415,68
1539,71
1530,73
1309,62
1406,66
1508,73
1344,65
1562,73
1632,73
1577,70
1410,66
1555,70
1573,72
1405,66
1444,70
1684,75
1381,68
1551,70
1391,67
1516,69
1423,66
1536,71
1391,64
1400,69
1416,64
1430,68
1576,75
1479,67
1467,72
1418,67
1664,74
1449,66
1598,74
1506,68
1435,69
1433,67
1320,63
1382,66
1501,69
1486,68
1354,65
1360,63
1384,65
1491,69
1496,71
1418,65
1709,75
1331,64
1490,69
1310,63
1389,69
1341,67
1398,65
1540,71
1673,77
1586,75
1416,69
1529,70
1281,62
1498,72
1453,67
1241,63
1463,69
1511,71
1661,76
1332,64
1381,67
1369,66
1487,70
1382,67
1404,65
1441,64
1519,72
1417,69
1646,76
1541,69
1538,73
1483,69
1427,68
1337,65
1419,65
1361,66
1532,70
1637,76
1548,70
1392,68
1418,67
1524,73
1428,68
1478,67
1536,71
1680,73
1483,69
1459,70
1572,74
1429,67
1564,71
1524,72
1365,66
1543,70
1510,70
1336,66
1421,68
1522,72
1356,67
1335,64
1529,71
1439,67
1410,67
1528,71
1431,65
1343,67
1425,67
1473,67
1509,69
1407,69
1419,66
1599,69
1539,71
1412,66
1282,63
1510,70
1259,62
1258,63
1195,58
1391,65
1485,71
1391,67
1406,65
1508,66
1447,69
1499,72
1549,73
1462,69
1530,71
1504,70
1477,71
1494,70
1353,66
1394,66
1441,69
1525,72
1439,70
1483,68
1417,68
1601,72
1482,69
1389,69
1477,71
1516,70
1569,72
1454,67
1394,68
1512,72
1530,73
1471,68
1608,75
1424,69
1524,69
1340,62
1478,67
1444,66
1422,68
1546,73
1530,72
1423,67
1654,72
1524,74
1492,69
1430,67
1491,71
1428,67
1475,68
1518,69
1433,65
1414,69
1421,66
1405,66
1317,66
1497,67
1632,75
1430,68
1549,71
1410,68
1596,70
1461,66
1435,68
1463,68
1414,64
1553,73
1558,71
1384,67
1510,69
1587,71
1324,66
1607,68
1454,70
1549,71
1437,70
1385,67
1517,71
1570,72
1576,74
1286,62
1489,68
1356,65
1543,67
1451,69
1462,69
1271,61
1440,71
1450,69
1291,63
1475,70
1406,70
1359,66
1388,68
1488,69
1502,69
1473,69
1406,68
1465,68
1616,70
1368,66
1527,72
1435,69
1441,68
1420,66
1430,67
1589,73
1399,65
1645,75
1532,72
1444,67
1479,69
1514,72
1527,69
1421,65
1334,67
1514,69
1590,74
1256,62
1585,74
1415,67
1407,68
1393,64
1421,66
1434,66
1538,72
1590,74
1418,65
1529,71
1416,67
1271,60
1534,72
1516,71
1323,62
1473,66
1341,64
1477,69
1528,70
1498,70
1380,66
1561,69
1416,70
1516,71
1386,67
1608,71
1439,68
1578,69
1523,68
1510,72
1475,68
1406,67
1519,68
1616,73
1448,69
1436,65
1388,68
1455,67
1359,63
1479,69
1457,70
1392,67
1421,64
1508,72
1373,64
1526,70
1328,64
1374,67
1515,68
1573,72
1510,69
1414,65
1518,71
1367,66
1439,69
1447,68
1436,69
1333,64
1474,68
1431,69
1533,71
1454,69
1552,72
1280,62
1389,67
1389,66
1482,69
1353,65
1474,68
1534,69
1420,67
1361,68
1429,65
1399,65
1556,68
1474,65
1542,70
1366,64
1542,70
1487,67
1398,68
1488,69
1457,68
1563,73
1400,65
1652,73
1397,65
1687,74
1380,66
1454,69
1507,71
1477,67
1465,68
1429,67
1311,64
1258,62
1387,68
1412,70
1478,68
1444,67
1386,63
1481,70
1524,71
1495,69
1405,65
1486,70
1298,61
1462,70
1486,70
1316,64
1331,63
1540,72
1436,66
1429,67
1664,76
1406,67
1433,68
1345,65
1453,69
1414,67
1514,72
1446,70
1591,74
1503,71
1517,70
1451,68
1482,66
1527,70
1600,75
1526,67
1381,68
1553,70
1498,70
1461,70
1433,67
1527,69
1526,69
1272,64
1583,74
1311,65
1318,64
1492,69
1550,71
1464,68
1455,67
1457,72
1534,71
1496,69
1503,71
1539,72
1469,70
1514,69
1683,75
1612,76
1496,69
1520,70
1476,70
1453,69
1448,68
1417,65
1449,71
1446,68
1344,65
1448,65
1390,67
1482,70
1485,70
1493,70
1637,74
1377,66
1461,69
1538,71
1311,65
1470,69
1485,71
1374,66
1375,68
1580,72
1442,68
1577,73
1309,65
1371,66
1629,75
1435,69
1485,72
1405,66
1388,64
1540,71
1546,71
1399,66
1496,69
1502,71
1422,67
1482,66
1442,67
1482,70
1405,66
1413,68
1374,63
1408,68
1450,70
1303,65
1555,74
1398,65
1451,68
1529,73
1457,70
1619,74
1380,66
1511,71
1326,62
1481,70
1417,66
1405,69
1534,72
1380,67
1498,72
1604,73
1484,71
1596,73
1376,65
1440,69
1462,66
1482,71
1509,70
1436,66
1511,71
1374,65
1452,66
1317,61
1484,68
1470,70
1358,64
1560,73
1466,69
1427,68
1474,71
1552,73
1435,69
1581,70
1555,73
1469,67
1457,65
1386,65
1591,74
1481,68
1467,67
1299,62
1335,64
1490,68
1545,74
1529,69
1528,71
1641,75
1608,73
1520,71
1389,65
1412,70
1601,75
1425,67
1427,68
1505,71
1396,65
1569,73
1448,67
1537,71
1488,67
1507,69
1613,75
1359,67
1430,67
1391,64
1331,63
1493,72
1412,69
1507,68
1499,69
1399,67
1498,73
1463,67
1497,70
1450,68
1502,72
1464,66
1534,69
1597,70
1307,61
1472,69
1391,66
1330,65
1450,66
1555,70
1236,63
1515,69
1357,65
1619,70
1494,72
1532,72
1593,71
1474,70
1469,67
1424,65
1475,71
1464,67
1551,69
1482,69
1470,71
1434,66
1421,69
1507,68
1529,70
1461,69
1532,71
1446,70
1443,68
1470,69
1345,63
1504,71
1461,69
1319,67
1486,66
1382,64
1396,68
1568,74
1348,67
1386,65
1528,70
1460,69
1371,65
1363,66
1432,69
1444,68
1283,62
1451,66
1505,69
1473,68
1427,66
1407,66
1537,70
1415,64
1525,72
1338,63
1629,75
1437,67
1547,71
1461,67
1468,71
1494,69
1332,65
1531,72
1534,72
1352,66
1471,70
1511,71
1376,68
1489,70
1474,70
1555,72
1586,73
1429,68
1532,69
1385,69
1454,68
1555,70
1384,65
1516,71
1393,68
1362,64
1457,70
1406,65
1428,69
1437,70
1558,69
1403,66
1484,71
1589,72
1365,65
1450,69
1360,64
1564,69
1429,67
1421,68
1397,67
1438,66
1478,70
1509,71
1457,70
1468,67
1410,70
1426,64
1478,66
1566,70
1469,69
1492,68
1299,62
1655,76
1471,71
1429,68
1377,63
1481,70
1487,67
1484,71
1435,69
1473,69
1391,64
1447,67
1500,69
1442,67
1492,68
1526,69
1381,68
1365,63
1548,72
1286,62
1405,69
1347,63
1380,65
1387,68
1432,69
1652,75
1336,63
1390,68
1414,65
1277,60
1416,67
1565,73
1479,71
1524,69
1576,74
1424,65
1339,64
1327,67
1414,66
1378,65
1522,68
1587,70
1569,74
1524,70
1626,75
1460,68
1564,70
1513,68
1324,67
1478,69
1526,71
1473,69
1380,68
1391,67
1255,61
1515,68
1353,66
1460,67
1469,69
1657,74
1576,71
1648,78
1386,66
1392,64
1407,66
1397,69
1392,67
1474,70
1333,63
1426,68
1559,71
1446,70
1573,75
1401,68
1483,68
1558,70
1486,68
1378,66
1527,70
1527,69
1352,67
1639,76
1482,69
1517,68
1482,72
1525,71
1569,73
1350,67
1342,65
1498,70
1499,69
1580,73
1531,74
1424,67
1596,69
1516,71
1394,67
1517,71
1444,67
1540,73
1519,69
1442,66
1491,71
1402,65
1431,67
1653,72
1610,73
1499,69
1390,67
1538,70
1415,69
1365,66
1571,71
1476,71
1564,73
1425,64
1409,66
1534,73
1410,65
1229,60
1531,69
1383,66
1437,67
1629,74
1551,70
1409,66
1669,76
1513,67
1566,72
1558,71
1504,69
1471,70
1374,63
1506,70
1595,73
1543,70
1395,67
1655,76
1571,73
1449,69
1440,69
1507,68
1594,74
1415,66
1358,64
1303,65
1475,69
1494,68
1479,65
1424,68
1391,69
1471,71
1442,66
1449,68
1380,65
1453,68
1357,62
1359,63
1545,72
1415,69
1363,66
1483,71
1394,66
1568,68
1565,75
1476,72
1454,67
1393,65
1468,69
1483,71
1358,67
1428,68
1448,70
1549,71
1498,68
1588,73
1563,73
1358,65
1589,71
1346,65
1414,65
1568,72
1375,67
1527,69
1385,65
1408,66
1531,69
1472,70
1409,67
1393,66
1439,67
1606,74
1521,68
1513,70
1473,71
1595,73
1568,68
1471,67
1535,71
1300,63
1490,70
1400,66
1553,70
1528,73
1441,68
1597,73
1435,67
1409,67
1407,65
1321,63
1467,67
1451,69
1442,68
1362,64
1409,70
1403,69
1518,74
1429,70
1532,74
1451,70
1516,72
1425,67
1564,74
1453,68
1402,68
1424,66
1454,68
1388,68
1416,67
1442,67
1405,67
1528,68
1506,72
1476,69
1418,64
1476,65
1380,63
1400,68
1445,67
1441,67
1371,67
1459,70
1370,66
1336,66
1368,64
1448,66
1628,73
1386,65
1514,71
1362,66
1524,70
1536,73
1395,67
1307,63
1365,63
1579,72
1334,64
1409,67
1549,71
1602,74
1404,64
1491,69
1390,64
1561,70
1482,68
1460,65
1452,70
1535,72
1599,73
1542,72
1419,68
1490,69
1507,70
1388,65
1356,64
1431,68
1479,70
1490,72
1434,68
1440,66
1586,75
1560,74
1441,68
1419,68
1468,68
1598,72
1268,63
1518,70
1567,72
1514,70
1529,72
1554,74
1515,70
1291,59
1530,69
1271,65
1442,68
1500,71
1398,67
1309,64
1567,71
1533,67
1461,69
1630,75
1483,67
1316,62
1428,66
1553,69
1506,67
1473,69
1555,71
1515,69
1476,70
1440,67
1428,66
1574,72
1524,69
1327,64
1397,66
1535,70
1392,66
1388,64
1500,70
1280,63
1516,68
1427,66
1475,72
1431,69
1488,71
1368,67
1402,67
1540,69
1477,68
1457,69
1550,70
1517,72
1421,69
1286,62
1606,75
1460,67
1479,69
1377,65
1613,73
1403,65
1551,69
1297,66
1477,70
1556,71
1479,68
1611,74
1441,68
1430,66
1487,72
1611,73
1394,66
1364,66
1485,69
1448,67
1519,70
1573,69
1472,66
1486,67
1519,69
1465,68
1568,71
1461,68
1482,68
1485,71
1425,65
1426,69
1556,72
1449,66
1306,63
1532,71
1396,67
1457,68
1439,66
1428,67
1571,72
1553,71
1408,67
1425,67
1417,67
1337,63
1395,65
1344,66
1557,73
1594,71
1473,69
1409,66
1438,68
1471,68
1307,65
1589,72
1322,62
1383,67
1398,67
1364,65
1533,70
1496,70
1374,65
1304,62
1382,67
1511,69
1355,64
1446,70
1414,67
1363,66
1420,67
1507,69
1347,66
1610,74
1525,70
1513,68
1514,71
1441,67
1585,70
1439,70
1466,71
1448,69
1529,71
1471,70
1294,63
1341,62
1464,69
1513,71
1322,64
1409,69
1440,68
1511,69
1408,67
1404,68
1438,65
1589,73
1542,70
1416,68
1517,70
1470,67
1507,69
1391,68
1464,70
1471,69
1360,64
1557,72
1502,72
1337,61
1470,67
1592,74
1490,69
1564,71
1560,73
1493,68
1379,65
1324,64
1530,72
1348,64
1413,66
1420,68
1337,65
1526,72
1444,65
1388,66
1535,71
1535,72
1373,70
1572,73
1364,66
1582,69
1588,70
1404,68
1328,67
1419,67
1256,59
1658,75
1407,65
1473,69
1499,68
1471,70
1534,71
1487,69
1437,67
1496,70
1602,72
1514,69
1489,70
1519,73
1419,68
1377,65
1489,68
1408,66
1374,68
1288,63
1556,73
1634,77
1509,72
1498,68
1414,69
1513,71
1530,72
1358,64
1464,68
1448,70
1526,69
1387,67
1423,66
1461,70
1372,69
1349,66
1573,72
1545,73
1474,68
1575,72
1321,64
1607,75
1421,69
1448,70
1603,76
1410,65
1379,66
1508,70
1370,68
1539,69
1387,68
1458,67
1391,68
1474,72
1471,69
1368,63
1488,70
1437,65
1372,66
1307,59
1457,69
1306,66
1400,68
1428,69
1587,75
1478,68
1378,68
1488,69
1452,68
1470,67
1379,64
1390,65
1575,73
1435,68
1389,66
1550,73
1362,63
1447,69
1422,64
1453,69
1426,69
1458,69
1502,72
1541,73
1477,70
1361,68
1381,67
1545,68
1341,64
1409,66
1346,64
1351,64
1524,75
1607,75
1434,69
1519,72
1389,66
1504,66
1416,67
1421,65
1468,66
1568,73
1402,68
1440,70
1481,64
1520,71
1420,66
1569,73
1524,69
1303,62
1515,71
1551,71
1397,68
1289,61
1512,70
1400,68
1445,70
1454,69
1418,69
1431,69
1411,67
1570,73
1547,70
1563,70
1533,71
1503,67
1347,64
1486,71
1451,67
1477,68
1498,68
1393,68
1586,70
1578,73
1355,66
1443,71
1350,65
1414,68
1390,66
1449,69
1489,69
1390,67
1555,69
1528,72
1381,65
1434,68
1462,67
1414,65
1493,71
1609,72
1552,70
1544,71
1525,70
1530,72
1493,69
1350,65
1475,69
1554,71
1539,72
1477,70
1343,64
1505,71
1670,75
1372,69
1562,74
1357,64
1497,71
1526,71
1493,72
1497,68
1384,66
1445,67
1452,68
1616,73
1421,65
1592,73
1523,72
1383,65
1345,63
1442,67
1444,65
1523,73
1428,66
1524,72
1291,61
1345,66
1361,65
1438,65
1505,70
1480,71
1276,63
1481,69
1495,69
1645,73
1559,71
1390,66
1615,74
1491,68
1338,65
1482,67
1428,67
1443,69
1461,70
1479,71
1505,71
1477,70
1368,66
1334,65
1388,67
1457,68
1292,62
1445,67
1382,66
1580,70
1510,72
1570,70
1390,64
1386,66
1510,68
1514,71
1354,64
1314,63
1496,70
1554,73
1631,72
1442,68
1455,68
1462,65
1411,67
1501,69
1365,65
1439,67
1543,72
1438,68
1450,66
1541,70
1583,72
1624,74
1481,71
1553,74
1531,71
1421,66
1471,71
1381,67
1447,70
1552,70
1639,76
1489,68
1433,67
1442,67
1417,66
1532,69
1527,71
1397,68
1550,73
1580,74
1479,68
1388,67
1339,64
1640,74
1505,71
1616,76
1513,69
1437,69
1656,73
1471,68
1393,68
1446,69
1421,69
1454,70
1582,72
1494,70
1565,69
1582,73
1424,69
1391,65
1511,70
1519,72
1476,69
1375,64
1578,74
1466,68
1433,68
1325,65
1543,73
1434,69
1458,70
1322,62
1442,65
1528,72
1447,67
1512,71
1469,70
1358,61
1564,72
1332,66
1237,63
1580,74
1634,76
1511,66
1555,73
1560,73
1457,68
1503,68
1460,67
1568,72
1385,66
1440,65
1412,63
1436,67
1416,64
1474,71
1467,68
1527,70
1412,68
1582,72
1430,68
1481,65
1440,69
1448,66
1414,68
1482,68
1421,67
1524,72
1448,68
1395,66
1537,68
1467,69
1487,72
1389,66
1482,71
1341,68
1418,64
1468,70
1606,76
1322,64
1554,72
1423,69
1367,63
1537,70
1602,72
1606,73
1434,67
1530,68
1340,65
1371,67
1497,70
1340,62
1386,65
1440,68
1429,69
1402,68
1498,69
1385,61
1480,70
1408,67
1389,66
1421,68
1565,74
1528,72
1497,71
1491,70
1444,70
1438,68
1517,72
1424,67
1362,64
1478,69
1481,69
1439,70
1395,68
1392,64
1453,67
1427,67
1404,67
1415,72
1351,64
1586,71
1541,70
1451,70
1519,69
1485,69
1391,66
1399,66
1375,65
1363,66
1577,74
1468,69
1499,72
1569,73
1521,68
1481,69
1484,70
1476,68
1350,64
1378,66
1512,70
1350,65
1527,71
1358,66
1606,74
1493,69
1560,71
1483,70
1387,64
1460,70
1333,64
1460,67
1604,69
1507,67
1564,73
1452,69
1461,68
1522,65
1385,68
1429,67
1434,68
1425,65
1580,69
1532,73
1309,64
1425,68
1534,72
1403,67
1430,68
1341,66
1485,72
1443,68
1468,69
1545,73
1425,69
1393,66
1343,65
1500,69
1410,68
1453,68
1423,68
1403,66
1367,65
1648,76
1431,67
1472,67
1554,71
1536,71
1394,65
1402,64
1495,72
1493,70
1394,66
1390,65
1433,65
1280,64
1516,70
1421,68
1511,72
1453,68
1400,65
1367,67
1501,71
1546,71
1451,67
1595,72
1469,68
1418,66
1430,66
1457,67
1564,71
1404,67
1543,73
1584,72
1502,71
1476,68
1486,69
1429,67
1607,74
1410,66
1389,65
1311,62
1566,71
1384,66
1404,65
1443,69
1464,70
1418,64
1429,67
1459,66
1435,69
1478,69
1460,69
1510,70
1615,72
1489,72
1398,67
1426,69
1423,66
1573,73
1339,62
1524,71
1435,68
1375,69
1512,70
1511,73
1411,66
1387,67
1468,69
1501,68
1541,73
1542,69
1541,70
1397,67
1423,67
1455,65
1442,67
1617,75
1517,72
1363,66
1492,67
1475,72
1485,71
1424,70
1664,76
1451,70
1544,70
1420,70
1488,73
1458,68
1417,67
1564,74
1481,68
1522,69
1693,77
1410,68
1426,68
1386,67
1308,64
1424,65
1566,72
1345,66
1414,66
1451,69
1501,70
1219,61
1526,68
1516,70
1474,65
1464,69
1552,72
1493,67
1344,63
1424,66
1470,68
1534,73
1406,67
1440,69
1553,73
1456,67
1518,73
1468,68
1410,64
1514,71
1535,72
1631,76
1541,73
1541,72
1525,70
1569,74
1353,65
1298,66
1411,66
1426,69
1470,69
1240,63
1570,72
1437,66
1565,71
1327,62
1416,69
1476,68
1381,65
1333,66
1551,71
1513,69
1599,73
1584,73
1408,67
1397,67
1355,64
1491,65
1555,71
1513,74
1477,72
1559,73
1502,70
1329,66
1379,63
1332,65
1618,72
1423,66
1415,67
1539,73
1398,64
1414,65
1554,71
1422,68
1563,70
1385,66
1450,68
1406,68
1447,62
1447,69
1544,67
1412,68
1544,69
1423,68
1426,67
1520,70
1338,63
1381,63
1454,72
1400,67
1540,72
1509,72
1419,67
1448,70
1567,71
1509,71
1472,67
1408,65
1394,67
1561,70
1391,67
1474,67
1370,62
1419,68
1450,69
1470,69
1641,75
1506,71
1509,73
1440,66
1344,62
1498,69
1399,68
1358,65
1370,65
1467,69
1326,66
1601,72
1326,66
1452,66
1565,71
1434,67
1326,64
1468,69
1359,64
1359,67
1484,72
1389,68
1482,70
1497,69
1475,71
1476,71
1359,68
1540,71
1416,67
1546,72
1489,68
1472,69
1479,71
1438,68
1480,68
1479,67
1488,69
1465,69
1454,65
1408,67
1508,69
1527,71
1435,67
1388,67
1489,69
1483,69
1475,69
1417,70
1505,70
1512,69
1488,67
1530,69
1474,67
1390,63
1357,65
1533,69
1281,66
1542,69
1475,66
1530,72
1476,67
1461,66
1532,72
1456,67
1564,73
1516,71
1478,65
1513,67
1431,70
1408,66
1446,67
1334,64
1485,71
1529,73
1392,68
1386,67
1501,71
1434,66
1377,64
1471,72
1428,69
1367,66
1372,65
1506,67
1506,74
1592,72
1493,70
1381,66
1332,64
1473,67
1310,62
1527,72
1540,73
1568,76
1560,74
1519,68
1620,75
1417,67
1552,74
1501,68
1619,74
1315,63
1436,68
1366,67
1512,72
1541,69
1426,67
1508,69
1477,71
1423,68
1447,68
1298,65
1526,72
1462,66
1416,66
1481,71
1503,73
1357,64
1489,70
1449,68
1497,68
1622,73
1505,71
1327,65
1567,71
1382,65
1465,66
1456,69
1522,70
1659,74
1438,65
1407,65
1506,70
1338,61
1592,73
1428,66
1542,70
1398,67
1409,67
1361,64
1378,67
1598,73
1475,71
1437,69
1398,65
1535,72
1537,72
1417,65
1520,70
1611,73
1408,68
1424,65
1499,72
1449,70
1372,66
1621,71
1246,59
1552,67
1561,70
1472,69
1420,68
1515,67
1517,73
1458,67
1479,71
1372,64
1370,68
1378,65
1382,65
1524,70
1551,72
1435,67
1468,71
1511,68
1457,69
1372,66
1407,70
1569,74
1433,68
1364,64
1369,65
1331,64
1483,68
1422,69
1526,72
1359,63
1476,67
1497,70
1463,69
1510,70
1531,71
1434,68
1383,66
1449,70
1381,69
1462,68
1404,67
1573,74
1501,72
1410,66
1460,66
1440,66
1493,71
1615,72
1452,69
1323,64
1511,69
1527,70
1556,73
1637,75
1514,70
1528,70
1522,72
1566,71
1422,66
1363,66
1478,70
1575,74
1386,65
1475,66
1452,65
1433,69
1369,63
1517,68
1432,66
1435,68
1432,67
1471,68
1521,73
1477,69
1496,68
1545,73
1350,65
1407,69
1600,72
1489,70
1526,70
1458,68
1446,68
1428,65
1528,66
1539,70
1447,68
1580,73
1538,68
1455,69
1580,74
1549,70
1425,69
1447,67
1547,69
1405,67
1543,71
1474,69
1555,71
1583,73
1383,67
1481,72
1346,66
1437,67
1634,74
1459,66
1496,72
1528,72
1501,69
1506,71
1708,78
1601,74
1415,67
1559,69
1481,71
1434,69
1389,68
1384,66
1611,75
1450,69
1438,68
1425,68
1373,63
1552,74
1555,70
1505,69
1532,70
1525,73
1533,71
1475,69
1479,69
1576,73
1431,70
1448,69
1338,64
1511,70
1342,65
1473,69
1531,72
1555,70
1487,68
1413,66
1418,68
1410,65
1535,72
1488,70
1452,68
1453,67
1370,65
1423,67
1493,70
1267,61
1558,72
1396,65
1439,65
1467,69
1348,63
1359,66
1527,71
1589,75
1449,68
1512,72
1393,67
1544,73
1568,69
1564,73
1585,70
1523,70
1510,68
1387,69
1346,67
1506,68
1623,73
1495,68
1547,73
1564,71
1445,67
1413,68
1529,69
1402,66
1590,75
1462,71
1470,70
1480,68
1506,69
1426,69
1374,68
1329,64
1491,69
1425,69
1487,68
1381,62
1566,72
1331,64
1655,71
1378,66
1465,70
1444,71
1494,71
1468,66
1460,69
1356,62
1491,71
1476,71
1413,67
1508,71
1587,75
1374,62
1470,70
1485,66
1485,71
1561,72
1381,66
1468,68
1529,69
1472,67
1539,73
1538,71
1470,72
1422,67
1494,70
1498,69
1399,68
1736,77
1429,69
1479,66
1527,72
1584,72
1307,62
1498,72
1605,69
1368,63
1383,65
1365,67
1481,66
1503,72
1401,65
1333,62
1530,70
1304,63
1531,71
1479,69
1337,63
1408,67
1412,66
1402,68
1539,71
1406,69
1469,70
1547,74
1412,66
1421,67
1438,66
1409,65
1407,65
1402,66
1567,71
1519,68
1476,69
1423,66
1438,68
1427,67
1445,67
1431,69
1429,67
1512,70
1445,67
1454,69
1543,72
1498,68
1507,71
1337,66
1506,70
1559,73
1455,68
1495,73
1422,67
1488,70
1612,73
1625,76
1436,67
1469,69
1482,67
1431,69
1358,62
1347,64
1437,64
1288,64
1380,67
1405,70
1509,71
1508,71
1403,67
1400,67
1328,65
1618,75
1646,75
1534,69
1462,65
1530,72
1544,70
1421,68
1596,75
1516,68
1391,66
1364,64
1448,67
1316,65
1496,69
1407,67
1483,69
1513,69
1554,72
1675,75
1501,69
1361,66
1323,64
1487,71
1515,68
1545,71
1579,72
1450,69
1498,68
1450,68
1477,69
1391,69
1441,68
1524,68
1474,70
1410,68
1440,70
1594,74
1413,67
1579,75
1554,71
1513,73
1415,68
1504,71
1459,68
1549,73
1480,70
1489,67
1555,71
1473,68
1368,66
1352,65
1375,67
1428,66
1490,71
1329,64
1459,67
1499,72
1374,67
1476,70
1369,68
1479,70
1423,68
1465,67
1422,67
1433,66
1474,70
1411,66
1464,69
1445,68
1358,62
1401,66
1532,73
1276,63
1497,70
1482,69
1424,66
1472,69
1494,70
1380,68
1503,68
1458,67
1369,64
1418,66
1673,79
1436,65
1560,72
1494,72
1404,69
1401,67
1465,69
1525,69
1327,64
1409,65
1503,70
1351,63
1441,68
1428,66
1498,71
1571,72
1640,74
1509,68
1615,72
1339,67
1376,67
1349,63
1335,63
1554,71
1517,70
1481,70
1543,69
1505,69
1483,69
1319,63
1437,68
1337,66
1578,73
1535,69
1407,67
1514,72
1600,73
1514,70
1492,70
1477,66
1487,68
1406,69
1395,68
1421,66
1375,64
1408,68
1480,70
1453,70
1384,64
1468,71
1486,72
1467,69
1539,72
1490,69
1579,72
1488,69
1425,67
1489,70
1447,70
1500,69
1600,75
1397,66
1470,68
1473,72
1388,63
1524,72
1489,72
1302,63
1565,74
1489,67
1507,72
1611,75
1563,71
1481,69
1443,69
1550,70
1597,75
1576,71
1561,71
1491,70
1455,69
1582,71
1358,65
1546,71
1477,67
1518,68
1494,72
1603,76
1378,68
1486,74
1318,60
1564,72
1464,65
1532,72
1471,70
1567,73
1373,69
1450,69
1591,74
1384,68
1348,65
1527,70
1563,72
1396,67
1425,69
1360,64
1380,62
1540,72
1382,65
1408,69
1598,72
1391,66
1438,69
1534,72
1597,75
1487,70
1551,71
1279,63
1563,70
1502,70
1488,71
1646,74
1463,67
1423,70
1479,70
1413,66
1381,66
1532,70
1598,75
1489,74
1442,69
1457,70
1539,69
1461,70
1497,67
1400,63
1579,71
1520,70
1359,65
1566,70
1405,70
1500,67
1592,74
1443,69
1359,66
1515,73
1519,69
1372,63
1457,69
1546,72
1586,75
1486,69
1486,68
1327,64
1374,69
1522,70
1525,68
1372,67
1432,68
1578,73
1589,75
1451,69
1461,70
1523,70
1402,67
1400,69
1507,72
1528,73
1614,75
1516,73
1346,65
1407,66
1470,70
1538,72
1476,70
1463,68
1426,69
1422,66
1412,67
1551,67
1300,64
1553,72
1464,68
1526,72
1418,64
1448,69
1604,77
1451,68
1470,68
1412,67
1463,69
1458,69
1489,72
1432,67
1536,69
1334,66
1455,67
1534,70
1431,68
1543,71
1484,72
1561,71
1541,70
1403,69
1487,71
1669,75
1426,66
1517,69
1354,65
1501,70
1537,71
1475,69
1455,67
1410,69
1441,70
1468,70
1512,68
1386,69
1675,77
1435,67
1464,70
1532,74
1343,65
1583,73
1348,67
1483,70
1476,69
1441,67
1544,69
1465,69
1486,69
1320,64
1555,70
1431,68
1574,73
1453,71
1616,71
1268,62
1517,72
1363,67
1411,69
1528,70
1515,70
1485,70
1589,76
1428,67
1457,67
1466,70
1454,71
1450,69
1499,70
1571,73
1288,63
1510,71
1523,70
1492,71
1367,63
1602,74
1319,67
1465,69
1444,70
1485,71
1433,69
1673,79
1307,65
1455,69
1440,66
1464,66
1512,70
1444,69
1535,71
1369,66
1491,68
1463,71
1558,70
1439,65
1456,71
1349,64
1564,74
1510,70
1402,65
1521,70
1470,71
1478,66
1435,67
1486,69
1457,71
1511,71
1422,67
1357,65
1554,72
1495,71
1504,73
1397,65
1233,62
1385,68
1339,64
1299,62
1651,75
1493,70
1428,66
1437,68
1451,68
1489,71
1374,69
1453,70
1497,69
1409,66
1468,69
1474,69
1594,75
1489,69
1539,72
1365,66
1553,74
1387,67
1352,65
1315,64
1529,71
1371,68
1407,65
1437,70
1484,70
1475,73
1457,68
1343,67
1658,75
1509,70
1433,70
1661,72
1479,70
1509,69
1496,70
1390,68
1385,66
1213,57
1597,74
1498,72
1595,73
1417,65
1506,72
1346,62
1449,71
1600,74
1467,70
1595,73
1393,66
1440,72
1450,66
1404,67
1261,61
1666,76
1575,73
1360,66
1459,72
1443,66
1502,68
1570,72
1395,68
1333,68
1637,74
1411,67
1353,65
1373,66
1456,68
1541,73
1499,68
1383,67
1577,69
1406,68
1578,75
1503,72
1365,64
1443,68
1593,76
1387,69
1402,68
1497,70
1570,73
1573,72
1572,75
1416,69
1516,72
1424,62
1548,71
1365,67
1376,66
1459,68
1494,70
1483,70
1518,69
1453,67
1455,70
1583,75
1674,73
1376,65
1549,73
1400,67
1420,70
1479,67
1502,74
1528,70
1484,68
1414,65
1393,68
1504,69
1483,70
1411,69
1512,71
1495,70
1458,65
1442,67
1375,64
1515,73
1512,69
1407,65
1402,66
1379,65
1461,70
1468,70
1371,67
1489,70
1495,71
1471,71
1363,66
1430,65
1463,70
1504,71
1562,73
1485,73
1404,68
1432,67
1458,69
1569,71
1351,67
1504,72
1492,71
1371,63
1653,74
1532,71
1405,65
1386,67
1444,68
1573,69
1356,66
1528,72
1513,72
1482,67
1381,67
1400,68
1481,71
1620,75
1477,69
1573,75
1525,71
1623,73
1450,71
1515,73
1527,70
1527,73
1400,68
1434,66
1337,65
1422,68
1489,67
1531,70
1496,70
1529,72
1453,67
1402,65
1400,65
1487,68
1352,65
1459,69
1442,69
1432,70
1529,70
1426,65
1361,68
1468,71
1410,70
1472,70
1472,66
1532,69
1594,75
1546,75
1421,69
1487,71
1427,67
1581,71
1322,66
1316,67
1340,64
1506,67
1451,65
1347,63
1494,69
1589,72
1299,63
1510,68
1392,65
1372,67
1530,72
1469,71
1550,75
1522,70
1422,68
1475,69
1620,72
1382,65
1450,72
1563,73
1612,75
1429,69
1611,77
1636,72
1475,70
1502,68
1712,76
1367,65
1615,74
1469,69
1575,73
1334,64
1497,72
1366,64
1490,72
1387,66
1607,72
1385,67
1434,68
1445,71
1330,64
1509,71
1470,72
1519,68
1409,64
1549,72
1596,68
1537,71
1522,67
1456,68
1665,76
1444,69
1452,69
1509,70
1466,71
1475,69
1565,73
1465,70
1503,67
1447,70
1622,74
1489,72
1462,67
1314,66
1541,69
1316,64
1451,69
1436,68
1401,66
1312,64
1520,73
1448,69
1379,68
1336,62
1543,69
1600,73
1498,73
1439,69
1399,65
1531,74
1501,67
1549,70
1356,66
1514,68
1365,67
1528,69
1457,71
1361,65
1351,67
1605,73
1326,67
1586,75
1582,72
1489,69
1338,64
1324,63
1505,72
1376,65
1384,65
1349,64
1577,71
1457,65
1537,71
1773,76
1544,74
1439,68
1502,74
1445,67
1499,72
1348,62
1546,73
1432,69
1567,72
1599,73
1490,69
1549,69
1351,67
1399,63
1336,66
1495,70
1475,67
1495,69
1596,76
1543,72
1310,63
1372,67
1360,64
1626,75
1331,65
1559,74
1444,69
1420,70
1469,67
1497,70
1526,70
1516,69
1544,72
1481,67
1468,70
1480,70
1572,71
1535,73
1617,71
1432,68
1385,63
1568,69
1478,70
1586,70
1408,67
1486,71
1423,68
1492,72
1544,73
1419,62
1489,70
1484,71
1477,65
1416,68
1528,74
1263,62
1438,71
1518,72
1546,73
1504,70
1494,72
1358,63
1452,67
1571,72
1570,74
1527,73
1455,67
1402,68
1482,69
1425,68
1323,66
1417,69
1361,65
1520,72
1357,65
1541,71
1525,71
1354,67
1379,65
1457,69
1486,68
1507,70
1687,72
1354,61
1504,73
1596,75
1523,72
1522,71
1306,65
1544,74
1298,65
1501,69
1561,69
1535,71
1559,70
1538,68
1388,66
1479,71
1443,70
1383,66
1426,65
1521,70
1573,73
1591,75
1380,65
1486,70
1523,71
1553,73
1473,70
1555,72
1504,68
1434,69
1474,72
1437,67
1628,76
1435,71
1433,66
1607,75
1421,66
1483,72
1488,72
1431,67
1502,70
1586,73
1402,67
1403,67
1359,65
1393,67
1553,72
1653,76
1423,66
1474,70
1297,64
1509,70
1495,72
1482,72
1464,71
1664,74
1557,73
1666,73
1455,66
1343,67
1394,67
1430,67
1481,69
1575,72
1568,72
1521,72
1610,74
1475,68
1448,69
1560,72
1547,70
1554,71
1399,70
1479,70
1405,68
1559,73
1639,76
1488,72
1439,69
1498,72
1457,70
1312,63
1470,69
1364,66
1489,71
1573,73
1383,67
1443,69
1476,69
1556,74
1435,66
1301,64
1472,67
1326,66
1384,67
1513,75
1565,70
1457,71
1436,70
1464,68
1544,72
1619,70
1463,68
1415,67
1568,71
1570,73
1435,68
1410,68
1350,66
1544,69
1370,67
1582,73
1477,68
1567,71
1382,67
1503,69
1585,71
1545,73
1640,72
1574,74
1357,64
1608,74
1478,71
1283,64
1446,68
1536,69
1465,70
1412,68
1612,76
1433,69
1361,65
1550,69
1539,71
1590,72
1349,66
1568,73
1551,73
1448,70
1430,70
1483,68
1449,67
1463,68
1441,70
1484,70
1495,70
1651,77
1433,69
1449,68
1611,74
1484,68
1495,71
1337,63
1537,71
1464,67
1508,71
1554,71
1484,66
1412,66
1455,69
1382,66
1422,67
1549,71
1546,74
1595,73
1330,67
1475,71
1624,75
1319,66
1540,74
1388,62
1528,73
1439,67
1551,71
1452,70
1489,67
1525,72
1456,69
1503,70
1406,68
1495,67
1352,63
1338,67
1619,76
1202,58
1561,71
1435,68
1499,70
1503,68
1467,70
1470,72
1454,69
1385,69
1608,74
1459,69
1470,70
1523,66
1414,65
1644,75
1392,70
1532,71
1384,66
1448,67
1504,72
1490,68
1598,74
1478,71
1395,67
1602,72
1478,69
1476,69
1446,66
1464,68
1499,72
1544,74
1606,76
1463,66
1579,69
1604,71
1548,72
1464,71
1490,70
1512,68
1599,74
1583,72
1579,72
1531,71
1510,69
1509,70
1508,70
1520,73
1454,70
1429,66
1356,67
1395,69
1399,67
1507,71
1491,68
1325,63
1480,73
1383,66
1516,72
1657,77
1566,75
1390,66
1417,67
1394,66
1609,75
1444,67
1514,73
1462,68
1377,66
1418,69
1546,71
1522,73
1543,70
1591,75
1426,70
1686,75
1522,69
1455,70
1477,67
1531,71
1521,71
1602,71
1456,68
1439,68
1517,72
1328,66
1446,68
1653,76
1361,67
1460,69
1501,69
1539,71
1367,68
1532,71
1591,73
1411,69
1492,70
1461,68
1440,68
1596,74
1467,70
1518,72
1487,67
1360,64
1489,69
1497,67
1484,68
1322,63
1514,72
1435,69
1350,66
1401,67
1486,67
1476,70
1557,69
1602,72
1322,62
1574,70
1534,74
1510,70
1440,69
1504,74
1525,74
1346,64
1551,73
1467,68
1603,74
1365,63
1537,71
1404,68
1519,68
1421,68
1449,71
1449,65
1482,70
1557,71
1453,69
1542,74
1273,62
1404,66
1576,74
1460,67
1382,68
1436,68
1539,73
1388,68
1455,69
1506,70
1389,64
1536,71
1340,65
1329,60
1424,68
1538,73
1625,73
1586,75
1434,66
1588,74
1545,73
1443,69
1399,67
1431,68
1516,70
1455,70
1488,69
1431,69
1577,73
1573,75
1386,67
1375,66
1642,76
1372,68
1352,64
1521,72
1450,67
1584,72
1414,65
1392,65
1335,67
1357,64
1490,69
1585,75
1369,66
1511,70
1387,67
1543,69
1384,63
1345,67
1574,76
1492,70
1371,63
1610,77
1520,71
1447,67
1513,70
1498,70
1427,67
1572,72
1463,68
1457,67
1523,74
1485,67
1448,66
1623,74
1459,69
1415,66
1489,70
1488,69
1422,67
1462,68
1511,71
1587,75
1392,68
1551,73
1548,74
1462,68
1385,64
1526,74
1388,64
1419,69
1506,70
1428,63
1493,70
1549,74
1442,70
1410,68
1548,71
1405,68
1390,65
1527,71
1350,66
1323,64
1379,67
1306,63
1562,73
1470,72
1336,66
1379,66
1518,72
1493,71
1576,72
1467,67
1469,69
1359,65
1445,72
1462,68
1532,71
1570,71
1378,66
1459,69
1574,74
1404,69
1527,71
1502,69
1626,75
1508,70
1411,64
1356,63
1481,70
1483,68
1498,69
1551,71
1504,68
1567,70
1624,72
1454,69
1371,66
1585,72
1520,67
1480,71
1411,68
1602,75
1502,72
1313,65
1484,70
1388,68
1500,69
1488,67
1490,64
1485,70
1409,66
1516,71
1371,67
1440,70
1513,69
1675,77
1403,66
1474,70
1582,72
1372,66
1498,67
1523,67
1565,73
1410,67
1543,75
1409,65
1686,75
1388,65
1439,69
1466,68
1466,71
1502,73
1415,68
1422,70
1447,69
1443,68
1619,72
1383,66
1322,63
1528,69
1328,61
1437,68
1430,67
1357,64
1354,65
1591,74
1467,69
1540,66
1526,73
1506,72
1420,68
1268,62
1673,78
1478,68
1720,76
1482,71
1561,72
1424,67
1421,68
1419,67
1537,67
1434,69
1408,67
1438,64
1448,66
1561,74
1441,69
1535,73
1515,72
1511,71
1551,67
1646,75
1568,72
1482,69
1673,75
1551,74
1566,74
1499,69
1521,72
1543,73
1484,68
1438,67
1476,69
1481,70
1557,73
1379,66
1450,69
1530,73
1437,67
1399,66
1370,67
1561,72
1434,70
1402,70
1532,73
1278,63
1490,68
1502,70
1474,66
1449,68
1509,72
1362,65
1429,68
1483,68
1369,64
1468,69
1514,69
1420,69
1462,67
1542,71
1534,74
1352,66
1459,67
1468,71
1408,70
1494,73
1647,74
1464,71
1550,71
1370,64
1353,66
1539,74
1652,74
1614,72
1390,67
1403,66
1398,65
1509,68
1582,73
1521,70
1499,71
1530,70
1439,68
1427,69
1511,73
1362,66
1402,66
1529,74
1559,75
1490,68
1474,71
1334,63
1371,67
1615,74
1490,70
1357,63
1430,66
1453,69
1372,66
1347,62
1435,68
1468,71
1529,70
1517,71
1512,71
1507,69
1527,70
1664,77
1331,68
1322,62
1447,69
1490,72
1523,71
1557,69
1449,68
1419,67
1350,64
1476,69
1455,69
1472,68
1578,75
1412,68
1443,68
1529,70
1242,62
1482,70
1433,68
1514,69
1549,72
1425,67
1414,66
1362,67
1481,66
1329,65
1597,73
1488,72
1433,68
1419,66
1268,63
1408,68
1400,65
1555,68
1452,68
1449,71
1498,70
1439,66
1519,67
1538,72
1456,72
1533,73
1454,67
1479,67
1483,68
1431,66
1423,65
1517,72
1482,70
1382,66
1438,69
1514,70
1502,71
1449,71
1468,69
1491,73
1438,71
1401,69
1645,75
1540,72
1426,67
1518,71
1389,64
1508,70
1548,71
1454,73
1426,68
1551,74
1577,72
1496,72
1453,69
1414,64
1577,71
1575,70
1377,69
1537,72
1397,67
1404,66
1495,71
1570,72
1704,77
1444,70
1486,70
1513,67
1403,69
1546,72
1599,74
1399,67
1603,73
1586,73
1462,67
1593,71
1458,71
1567,74
1514,71
1460,70
1477,71
1463,68
1592,74
1423,65
1532,70
1458,68
1526,71
1338,64
1466,68
1434,69
1520,71
1534,71
1516,70
1483,67
1520,71
1560,73
1318,63
1287,63
1573,72
1418,66
1470,70
1458,68
1418,68
1509,72
1534,71
1398,64
1543,74
1631,74
1569,75
1462,70
1538,70
1411,68
1520,71
1587,72
1538,70
1480,68
1575,74
1483,68
1657,73
1506,70
1566,73
1568,75
1384,65
1354,66
1386,66
1551,70
1414,66
1506,70
1584,71
1428,67
1313,65
1485,70
1435,66
1462,71
1599,73
1546,72
1500,70
1536,73
1429,67
1429,68
1457,71
1416,69
1452,68
1539,71
1368,62
1581,75
1501,70
1505,71
1478,65
1563,69
1436,69
1471,68
1465,70
1368,65
1350,65
1486,71
1533,70
1604,75
1461,70
1616,75
1431,65
1406,70
1466,70
1380,64
1492,72
1414,68
1552,71
1505,69
1580,74
1525,69
1476,68
1428,68
1397,70
1424,67
1474,70
1478,69
1468,71
1484,70
1411,69
1514,72
1482,70
1517,71
1450,68
1577,75
1452,67
1535,71
1365,62
1558,71
1360,67
1580,73
1330,66
1589,73
1450,66
1346,64
1381,67
1450,68
1484,69
1495,73
1504,71
1402,67
1367,65
1588,70
1333,63
1556,69
1485,67
1451,68
1437,68
1473,68
1553,71
1375,63
1538,70
1495,69
1513,70
1553,72
1507,70
1686,76
1427,67
1651,75
1434,67
1427,68
1471,69
1326,64
1429,67
1459,68
1403,67
1345,63
1454,70
1432,68
1341,67
1488,72
1497,68
1513,71
1476,67
1542,71
1542,73
1498,72
1411,69
1635,73
1478,67
1452,69
1458,69
1523,74
1474,69
1332,65
1457,65
1410,66
1507,65
1403,70
1432,68
1568,74
1486,68
1432,70
1452,70
1507,70
1430,65
1459,67
1423,69
1583,73
1402,67
1509,68
1456,69
1617,74
1567,72
1395,68
1384,68
1453,70
1456,65
1438,66
1509,73
1437,72
1400,66
1360,65
1459,68
1603,75
1418,66
1330,64
1551,72
1496,67
1474,70
1502,71
1570,72
1525,73
1455,69
1407,68
1355,68
1433,70
1497,69
1673,74
1522,71
1425,69
1493,71
1500,72
1456,68
1364,69
1569,69
1604,77
1480,68
1560,70
1488,65
1569,70
1455,68
1438,67
1614,74
1342,65
1401,67
1644,73
1670,76
1466,68
1428,68
1587,75
1521,70
1607,73
1535,72
1339,64
1290,62
1452,69
1560,73
1528,70
1263,62
1526,71
1389,65
1573,73
1554,74
1452,65
1520,70
1544,70
1504,71
1539,72
1443,67
1457,68
1390,66
1486,70
1204,58
1659,76
1366,65
1437,69
1472,68
1404,64
1487,68
1566,71
1405,70
1494,68
1580,70
1599,73
1316,62
1463,68
1535,70
1575,71
1411,66
1548,74
1478,71
1471,68
1664,74
1462,69
1499,70
1560,73
1518,69
1437,67
1356,66
1572,71
1428,66
1398,64
1444,68
1526,67
1375,64
1399,67
1457,69
1494,71
1510,69
1450,69
1439,70
1461,70
1590,71
1573,74
1551,70
1471,67
1569,71
1585,69
1539,70
1474,70
1492,71
1524,70
1501,70
1505,67
1620,74
1575,72
1427,68
1518,68
1451,71
1465,70
1528,70
1354,66
1358,66
1504,70
1507,70
1489,69
1452,71
1446,68
1645,78
1376,63
1524,74
1426,66
1560,73
1440,70
1376,65
1577,73
1406,66
1420,69
1349,67
1318,66
1375,68
1455,69
1523,70
1545,72
1407,69
1520,70
1563,73
1592,73
1538,73
1550,71
1481,70
1627,75
1499,70
1464,64
1535,74
1522,70
1404,70
1482,71
1427,69
1463,70
1391,66
1642,76
1446,69
1607,74
1486,69
1488,69
1405,66
1444,65
1424,68
1499,71
1493,69
1461,69
1433,67
1478,69
1543,71
1488,68
1417,66
1608,73
1393,68
1463,69
1418,67
1565,73
1317,61
1499,69
1558,71
1452,65
1557,74
1604,75
1490,72
1467,68
1532,73
1439,70
1451,68
1548,74
1469,68
1395,67
1372,68
1556,72
1381,65
1427,67
1591,76
1548,71
1378,67
1516,69
1455,71
1602,75
1483,69
1585,73
1395,67
1511,71
1279,63
1407,66
1535,71
1480,73
1440,68
1391,68
1487,69
1344,65
1303,64
1309,63
1357,67
1300,63
1455,71
1549,71
1475,70
1544,71
1634,74
1503,66
1464,68
1560,73
1538,73
1439,66
1501,69
1444,71
1540,72
1468,68
1611,75
1640,75
1541,70
1553,70
1439,67
1419,68
1532,72
1630,73
1359,64
1569,74
1435,70
1445,67
1494,71
1542,72
1473,71
1457,68
1419,69
1471,69
1494,71
1305,66
1507,67
1624,72
1500,69
1499,71
1528,73
1586,69
1405,68
1331,66
1343,66
1463,71
1436,69
1247,62
1598,72
1552,72
1509,71
1512,69
1548,72
1453,66
1453,69
1531,72
1525,70
1536,70
1498,69
1511,71
1520,69
1575,73
1422,71
1434,69
1505,70
1383,67
1535,73
1470,70
1407,66
1455,68
1537,72
1547,70
1550,74
1549,71
1500,70
1595,73
1272,62
1457,70
1546,72
1416,64
1417,66
1419,66
1388,66
1468,68
1543,70
1355,66
1353,66
1492,71
1349,66
1450,69
1471,69
1589,70
1629,73
1435,67
1375,68
1556,70
1295,61
1624,72
1396,69
1449,69
1448,66
1436,71
1460,68
1492,71
1480,69
1492,68
1527,69
1561,73
1510,69
1406,67
1500,71
1583,73
1548,69
1638,74
1403,67
1493,68
1397,64
1374,64
1514,70
1444,71
1548,71
1460,67
1507,70
1638,76
1474,70
1496,70
1635,73
1490,70
1574,72
1410,69
1510,69
1489,68
1494,68
1395,64
1428,65
1378,66
1471,67
1532,73
1391,65
1480,69
1275,63
1585,74
1322,62
1386,65
1304,65
1509,70
1427,65
1555,71
1407,69
1416,66
1664,77
1440,70
1429,68
1701,76
1461,69
1467,67
1529,70
1474,69
1605,71
1483,68
1423,69
1359,64
1408,66
1327,66
1472,69
1431,68
1444,66
1429,68
1503,70
1464,66
1479,70
1423,67
1513,69
1439,67
1425,71
1457,69
1391,65
1437,66
1603,72
1399,66
1452,66
1526,71
1343,60
1494,72
1493,71
1365,63
1472,69
1474,70
1424,69
1402,64
1426,70
1401,68
1433,67
1536,70
1411,71
1597,72
1605,76
1680,76
1412,66
1500,69
1448,68
1485,67
1308,63
1463,69
1550,71
1238,60
1541,69
1491,71
1448,66
1597,75
1453,66
1539,70
1361,67
1364,65
1326,65
1371,64
1427,69
1481,65
1543,72
1468,69
1387,66
1443,67
1520,70
1564,69
1438,70
1431,69
1630,73
1394,68
1351,63
1504,73
1457,72
1554,69
1432,70
1318,65
1412,65
1585,73
1438,68
1486,70
1536,71
1495,69
1527,72
1421,65
1463,70
1465,70
1600,75
1486,70
1337,68
1444,66
1591,74
1475,67
1557,75
1515,71
1462,68
1458,68
1376,67
1505,71
1372,67
1498,67
1451,67
1319,65
1562,71
1379,66
1438,69
1506,72
1568,71
1285,61
1498,69
1527,72
1633,73
1649,78
1335,67
1627,74
1630,76
1493,72
1496,70
1525,71
1452,68
1566,73
1600,71
1616,76
1578,75
1319,65
1662,79
1462,68
1296,66
1531,72
1526,73
1524,71
1544,74
1681,76
1425,69
1675,71
1378,67
1523,72
1423,66
1464,70
1372,63
1441,67
1684,75
1428,71
1566,74
1406,69
1327,66
1469,69
1512,72
1453,70
1599,74
1563,71
1449,67
1510,73
1393,69
1513,71
1487,71
1636,78
1400,66
1649,76
1460,67
1600,74
1471,68
1444,69
1610,74
1545,72
1559,74
1445,68
1411,68
1423,67
1519,72
1545,67
1338,66
1509,69
1509,72
1344,64
1395,65
1525,69
1433,69
1610,74
1616,78
1406,70
1517,70
1448,68
1564,71
1448,69
1574,73
1554,73
1550,73
1519,69
1576,76
1435,68
1445,67
1456,67
1482,69
1514,67
1474,71
1637,77
1352,63
1446,68
1476,66
1465,69
1455,66
1497,68
1596,75
1511,71
1589,72
1422,69
1608,73
1550,71
1350,65
1584,75
1555,72
1507,72
1480,71
1616,72
1486,69
1431,68
1444,70
1518,72
1494,69
1484,69
1503,72
1572,72
1474,67
1536,71
1558,72
1602,75
1692,78
1596,74
1662,76
1548,75
1598,75
1556,72
1372,66
1645,73
1613,74
1668,79
1534,72
1453,72
1422,70
1389,69
1657,77
1402,68
1500,72
1495,72
1412,67
1388,67
1436,68
1479,68
1551,74
1584,71
1462,70
1498,68
1471,70
1472,72
1489,72
1442,68
1502,68
1474,71
1356,67
1413,68
1520,73
1508,68
1455,71
1603,74
1599,73
1571,72
1343,64
1519,72
1534,72
1415,67
1423,69
1405,67
1491,68
1547,71
1500,69
1612,71
1634,76
1505,71
1506,71
1400,68
1575,74
1520,72
1531,73
1414,68
1576,71
1520,73
1522,73
1538,69
1520,68
1571,73
1545,73
1525,71
1523,72
1639,78
1544,70
1526,71
1556,73
1606,78
1393,68
1369,66
1463,68
1407,68
1497,69
1571,74
1498,70
1516,70
1550,72
1631,77
1526,74
1373,67
1498,71
1572,74
1514,68
1501,71
1442,66
1599,72
1447,68
1451,67
1475,68
1608,71
1596,74
1654,73
1488,71
1544,74
1458,70
1358,68
1503,72
1527,72
1550,72
1656,75
1520,72
1380,65
1599,75
1466,68
1639,74
1308,67
1515,69
1583,70
1487,73
1514,71
1406,68
1554,73
1611,75
1592,71
1435,68
1627,74
1464,68
1427,71
1541,71
1523,72
1396,67
1481,70
1454,68
1326,65
1585,72
1376,67
1495,69
1673,75
1530,70
1611,74
1435,68
1599,74
1451,67
1379,66
1457,67
1451,66
1519,66
1436,67
1425,68
1565,73
1420,70
1494,72
1573,75
1418,67
1587,75
1518,71
1531,71
1507,70
1456,67
1412,67
1509,71
1475,67
1539,73
1509,73
1688,76
1465,73
1539,74
1665,74
1444,66
1535,74
1522,70
1486,68
1540,72
1544,73
1526,74
1504,70
1558,75
1397,69
1499,68
1531,71
1412,66
1573,74
1463,67
1438,67
1555,74
1424,68
1553,69
1505,74
1456,71
1558,69
1492,69
1555,71
1427,65
1497,69
1520,74
1496,70
1454,69
1486,71
1575,72
1640,76
1567,73
1511,70
1404,68
1575,74
1338,65
1496,71
1425,71
1558,74
1532,73
1497,70
1404,65
1528,73
1443,71
1422,66
1572,73
1524,69
1645,75
1428,67
1579,73
1531,73
1400,66
1627,74
1625,73
1609,77
1494,72
1487,71
1395,68
1631,78
1576,72
1660,77
1477,71
1470,70
1459,70
1333,66
1517,70
1447,70
1525,69
1396,68
1579,75
1491,73
1325,66
1462,71
1428,66
1549,71
1486,73
1587,73
1604,71
1552,74
1524,72
1441,69
1556,72
1462,71
1440,71
1483,70
1607,76
1630,75
1635,72
1651,74
1486,69
1507,74
1648,74
1623,73
1418,71
1482,71
1661,74
1553,70
1545,74
1522,72
1504,72
1549,74
1421,66
1581,71
1484,70
1464,69
1489,70
1570,73
1434,67
1584,75
1526,68
1555,74
1534,72
1383,66
1508,72
1616,73
1642,72
1546,74
1528,69
1503,72
1490,70
1547,71
1485,69
1580,77
1459,70
1448,71
1596,71
1390,64
1667,73
1601,71
1375,69
1615,71
1697,76
1390,67
1437,69
1610,71
1403,66
1504,70
1489,71
1466,71
1582,72
1517,73
1518,69
1490,71
1577,74
1413,66
1504,70
1502,74
1583,75
1506,69
1500,74
1519,69
1486,70
1544,69
1505,70
1425,68
1506,71
1486,69
1690,76
1387,68
1467,68
1598,71
1502,70
1430,68
1363,66
1403,65
1688,77
1391,68
1514,73
1583,71
1525,70
1497,73
1416,67
1527,74
1534,69
1659,75
1520,70
1545,74
1629,74
1462,69
1496,71
1395,64
1423,68
1544,71
1401,65
1442,68
1427,64
1424,70
1472,69
1397,66
1526,68
1493,69
1516,71
1496,70
1569,73
1534,71
1560,72
1509,71
1504,71
1427,68
1483,71
1654,76
1524,73
1456,67
1438,70
1635,77
1437,65
1404,69
1426,68
1506,70
1474,68
1377,65
1536,74
1357,66
1532,74
1468,69
1559,73
1559,73
1606,73
1620,74
1617,75
1505,70
1556,74
1498,70
1575,74
1523,71
1491,68
1442,70
1552,71
1357,67
1479,70
1533,70
1456,68
1399,64
1611,74
1673,76
1496,72
1227,61
1625,74
1506,67
1496,71
1521,72
1470,69
1454,67
1589,76
1510,73
1479,70
1646,74
1525,71
1565,74
1505,71
1418,68
1427,67
1616,71
1365,69
1541,72
1443,67
1523,68
1605,73
1421,68
1338,67
1470,70
1585,74
1457,68
1423,70
1515,72
1426,71
1677,76
1478,71
1497,71
1423,66
1443,71
1545,72
1578,74
1635,75
1469,72
1491,72
1587,75
1594,73
1671,77
1680,76
1408,69
1557,75
1513,72
1412,69
1543,71
1515,71
1435,68
1400,67
1377,65
1504,72
1583,72
1544,73
1538,72
1526,74
1527,75
1594,78
1535,71
1519,73
1553,74
1631,77
1559,72
1409,71
1401,66
1624,73
1511,70
1501,70
1399,67
1516,71
1541,70
1437,69
1426,68
1534,70
1496,70
1619,73
1521,73
1462,66
1481,69
1515,69
1484,70
1495,70
1646,77
1367,70
1476,69
1610,75
1609,75
1488,75
1404,68
1459,68
1469,71
1612,77
1509,74
1419,70
1556,71
1433,70
1427,67
1582,72
1523,72
1492,71
1477,69
1508,71
1492,72
1479,70
1523,71
1519,71
1460,66
1525,69
1491,67
1625,75
1568,74
1625,74
1578,73
1654,77
1498,69
1473,69
1477,67
1537,73
1541,70
1548,72
1422,70
1433,69
1494,70
1507,70
1373,65
1419,71
1513,72
1639,74
1649,73
1574,73
1459,67
1472,72
1513,72
1434,71
1551,74
1524,73
1491,67
1430,71
1535,73
1573,72
1444,69
1460,72
1491,67
1599,74
1645,76
1497,69
1453,69
1551,73
1574,71
1393,67
1564,76