1429,62
1387,63
1454,66
1564,66
1456,63
1438,63
1288,60
1496,66
1468,65
1324,60
1433,63
1647,67
1262,56
1461,61
1505,65
1471,64
1489,64
1634,67
1485,61
1602,67
1529,66
1511,65
1566,66
1462,63
1557,66
1361,61
1508,62
1602,68
1510,64
1472,66
1366,58
1432,65
1367,61
1419,59
1561,64
1496,65
1449,63
1549,66
1404,60
1540,67
1360,61
1367,60
1510,65
1481,64
1625,68
1671,73
1479,65
1610,70
1450,65
1523,65
1521,66
1486,67
1516,68
1547,68
1511,67
1442,68
1457,63
1432,62
1615,69
1510,69
1468,67
1528,67
1495,66
1497,65
1420,64
1642,71
1475,62
1580,70
1466,66
1556,68
1454,65
1440,64
1560,68
1585,70
1467,62
1507,68
1623,70
1664,72
1664,72
1665,70
1423,63
1419,63
1592,70
1605,71
1492,65
1537,67
1587,68
1471,66
1321,60
1448,60
1534,65
1561,68
1507,65
1426,65
1371,62
1622,68
1484,65
1482,66
1734,71
1554,68
1373,62
1448,65
1497,68
1367,61
1553,64
1683,72
1355,63
1501,64
1411,64
1503,66
1548,68
1572,69
1468,64
1447,66
1517,64
1406,63
1459,64
1371,62
1564,68
1420,64
1423,63
1537,66
1466,64
1456,61
1547,69
1476,67
1675,73
1554,71
1452,66
1717,69
1426,63
1566,66
1415,65
1460,63
1516,66
1484,68
1548,66
1576,70
1391,64
1628,68
1477,67
1582,67
1461,65
1412,63
1524,66
1536,66
1643,69
1623,69
1480,67
1564,70
1404,63
1436,64
1663,72
1467,64
1450,65
1539,68
1636,69
1525,66
1359,59
1535,69
1516,67
1604,71
1551,67
1543,65
1590,67
1535,68
1468,66
1620,70
1520,68
1485,66
1401,62
1468,65
1554,66
1408,61
1459,63
1433,65
1639,69
1593,70
1526,65
1470,65
1584,67
1630,71
1536,65
1643,70
1441,62
1591,68
1476,64
1424,61
1610,73
1562,68
1566,70
1511,69
1349,63
1627,70
1503,67
1377,62
1583,69
1448,66
1484,66
1517,70
1573,71
1483,69
1579,70
1527,68
1507,68
1580,71
1629,70
1514,66
1547,68
1494,65
1671,73
1526,67
1420,65
1453,65
1436,62
1484,70
1510,67
1606,72
1479,64
1421,65
1460,65
1525,65
1457,64
1744,76
1307,58
1576,70
1414,64
1474,68
1496,68
1663,71
1602,71
1583,69
1478,67
1539,64
1640,71
1590,70
1565,69
1669,72
1632,72
1747,74
1595,71
1479,66
1660,73
1678,70
1638,70
1584,70
1490,64
1431,67
1490,65
1608,71
1487,69
1626,70
1565,69
1687,71
1446,66
1449,65
1739,76
1598,69
1599,70
1498,66
1506,68
1460,67
1517,67
1611,72
1470,69
1503,66
1561,70
1621,72
1637,69
1776,77
1700,73
1671,75
1632,70
1587,70
1751,78
1685,75
1654,72
1677,76
1605,73
1501,66
1591,69
1566,69
1585,72
1762,75
1432,65
1716,76
1502,69
1533,70
1403,62
1727,72
1615,71
1570,70
1683,72
1658,71
1611,71
1603,72
1630,71
1443,63
1575,75
1606,71
1536,71
1677,74
1578,69
1647,73
1532,70
1618,71
1358,62
1735,73
1625,72
1679,71
1565,72
1652,72
1555,71
1766,75
1449,65
1502,71
1691,75
1635,71
1597,69
1683,76
1621,70
1638,71
1643,70
1589,71
1561,70
1489,65
1648,72
1617,67
1677,74
1602,67
1522,71
1463,67
1660,75
1631,72
1718,76
1471,66
1553,68
1755,75
1607,67
1674,74
1710,75
1589,72
1674,74
1611,73
1607,71
1661,72
1560,70
1727,75
1408,64
1442,64
1630,72
1508,71
1724,72
1694,74
1461,69
1714,73
1548,67
1624,73
1583,71
1586,70
1711,74
1609,72
1585,71
1437,67
1386,63
1540,70
1688,74
1763,72
1711,72
1505,69
1625,70
1735,76
1673,72
1596,73
1617,69
1704,73
1611,71
1474,67
1556,70
1602,69
1298,61
1666,74
1781,76
1533,71
1712,73
1567,70
1611,72
1753,76
1629,72
1514,67
1412,66
1521,67
1531,69
1671,74
1669,73
1464,64
1587,70
1653,71
1628,70
1683,73
1490,67
1695,76
1473,67
1532,68
1544,69
1611,70
1609,73
1431,66
1667,76
1635,71
1639,71
1659,73
1662,72
1618,70
1593,69
1505,68
1464,67
1505,68
1661,74
1708,75
1586,70
1500,68
1658,74
1482,66
1527,69
1386,66
1710,75
1513,70
1698,71
1581,71
1466,64
1493,69
1590,72
1413,66
1650,73
1645,73
1505,70
1574,69
1485,70
1688,74
1477,67
1524,67
1550,70
1721,72
1473,67
1700,73
1704,73
1431,63
1665,74
1638,72
1671,73
1656,75
1525,66
1439,62
1594,71
1545,67
1584,71
1741,75
1706,75
1459,68
1645,73
1648,73
1552,68
1598,69
1583,69
1731,73
1480,67
1407,68
1625,73
1670,73
1611,72
1731,74
1723,76
1608,74
1523,70
1654,75
1605,70
1512,70
1469,66
1699,75
1501,68
1528,68
1829,76
1625,73
1749,75
1760,75
1704,74
1682,75
1559,68
1562,71
1538,68
1541,66
1451,64
1520,65
1506,69
1660,73
1666,72
1444,68
1583,73
1607,73
1517,67
1555,69
1760,76
1578,73
1677,73
1633,73
1555,71
1636,73
1498,68
1492,69
1569,68
1459,68
1639,72
1622,69
1662,74
1610,70
1464,66
1534,70
1523,70
1586,72
1534,69
1630,74
1756,75
1522,68
1551,69
1692,70
1510,66
1612,70
1698,75
1481,69
1604,71
1569,71
1640,72
1577,72
1686,75
1491,68
1387,64
1619,71
1654,75
1604,70
1574,69
1622,68
1396,64
1630,70
1637,71
1626,70
1601,71
1410,64
1652,73
1430,65
1622,72
1749,74
1639,73
1737,74
1616,73
1652,74
1625,71
1483,68
1531,70
1521,65
1482,67
1618,72
1654,73
1570,71
1518,66
1535,66
1533,71
1505,65
1620,74
1449,64
1780,76
1654,74
1641,71
1666,74
1622,71
1726,76
1531,70
1632,71
1613,72
1477,65
1523,68
1631,71
1486,67
1632,71
1711,77
1544,68
1378,64
1628,73
1728,73
1577,68
1575,72
1621,71
1595,71
1461,67
1569,70
1580,69
1679,73
1737,72
1737,76
1528,70
1658,72
1748,74
1527,69
1654,71
1449,64
1531,70
1480,68
1508,68
1512,68
1669,72
1542,70
1636,72
1686,74
1525,66
1616,72
1682,74
1512,67
1515,68
1637,72
1583,70
1745,76
1666,71
1618,73
1555,67
1521,69
1655,73
1669,72
1429,68
1714,75
1654,70
1583,69
1542,72
1561,71
1675,74
1651,74
1430,65
1680,70
1568,69
1524,66
1724,76
1546,70
1504,67
1519,68
1592,71
1433,67
1523,67
1493,68
1577,72
1487,68
1699,77
1719,76
1653,72
1544,69
1581,71
1594,72
1376,61
1423,66
1697,71
1756,75
1655,73
1515,68
1718,74
1654,70
1404,64
1621,72
1516,66
1515,68
1595,73
1597,71
1700,76
1649,70
1415,67
1659,73
1679,68
1594,72
1646,70
1693,76
1637,71
1567,70
1661,72
1424,68
1536,69
1574,70
1566,68
1671,71
1465,64
1612,73
1487,68
1699,73
1505,67
1732,75
1568,69
1505,69
1605,72
1645,73
1652,72
1627,70
1469,68
1656,74
1478,66
1521,64
1669,72
1621,71
1488,68
1648,73
1543,67
1498,65
1548,70
1531,66
1720,77
1724,73
1548,71
1714,75
1543,68
1626,72
1531,70
1614,70
1592,73
1667,72
1531,68
1632,74
1642,73
1602,72
1579,71
1639,73
1549,68
1603,70
1509,66
1632,71
1480,67
1550,67
1686,72
1629,71
1738,76
1620,68
1612,73
1713,73
1499,68
1651,73
1721,74
1494,69
1479,65
1555,70
1640,72
1594,72
1752,74
1728,74
1663,72
1661,75
1452,70
1532,67
1707,74
1675,71
1455,70
1552,68
1663,74
1636,71
1637,73
1583,72
1485,68
1573,68
1511,68
1534,69
1707,75
1566,67
1603,69
1462,69
1698,75
1464,64
1468,66
1560,70
1735,74
1574,69
1726,74
1468,66
1531,71
1713,76
1634,73
1519,68
1538,71
1515,68
1564,70
1556,68
1516,70
1667,74
1730,73
1524,70
1659,72
1714,73
1745,74
1435,65
1622,69
1453,66
1462,66
1434,68
1708,75
1652,75
1541,68
1581,69
1605,69
1720,74
1417,66
1481,68
1563,69
1747,75
1489,68
1695,70
1576,71
1640,70
1514,68
1558,69
1560,69
1636,71
1547,68
1633,74
1569,70
1571,72
1809,76
1637,72
1746,76
1600,69
1639,73
1640,72
1572,70
1640,72
1501,66
1642,69
1702,74
1814,76
1690,76
1543,70
1601,69
1468,67
1663,77
1649,73
1624,71
1479,67
1637,70
1652,71
1591,72
1610,72
1691,75
1630,71
1555,67
1599,69
1649,73
1687,72
1611,74
1687,70
1502,70
1719,76
1499,70
1613,70
1487,66
1616,72
1647,70
1515,66
1630,74
1454,64
1683,72
1586,68
1559,70
1650,73
1627,75
1374,62
1661,74
1600,71
1680,76
1609,72
1580,69
1434,64
1735,76
1617,70
1533,69
1395,63
1532,68
1490,67
1416,66
1478,68
1633,71
1716,74
1711,74
1651,71
1669,74
1678,73
1584,73
1633,72
1618,70
1440,64
1565,65
1471,68
1577,71
1732,77
1687,73
1538,69
1532,68
1714,73
1424,64
1646,70
1605,73
1443,65
1573,70
1490,67
1411,66
1651,69
1410,66
1700,73
1737,75
1515,66
1742,74
1407,66
1749,74
1557,73
1605,71
1506,69
1573,72
1636,73
1716,72
1611,72
1631,74
1417,66
1563,70
1631,73
1561,68
1654,70
1644,69
1713,71
1464,68
1601,69
1593,72
1603,71
1694,75
1607,71
1636,73
1567,70
1622,73
1527,72
1530,69
1571,69
1519,68
1490,66
1525,71
1560,71
1649,71
1440,64
1512,67
1640,73
1398,67
1627,72
1541,68
1631,69
1554,71
1639,71
1559,70
1609,72
1636,71
1520,71
1598,71
1632,69
1778,77
1660,75
1474,63
1603,69
1619,70
1543,70
1593,72
1775,75
1584,70
1667,75
1459,64
1625,71
1602,73
1506,68
1629,71
1631,72
1535,68
1631,73
1528,67
1609,70
1641,75
1492,70
1688,74
1423,65
1613,70
1639,73
1489,67
1547,70
1483,69
1484,69
1742,73
1759,74
1610,74
1556,68
1456,66
1578,70
1593,71
1658,69
1619,71
1546,70
1593,72
1628,70
1523,69
1398,67
1617,70
1677,73
1531,68
1616,71
1590,72
1484,66
1377,64
1406,67
1615,75
1509,69
1542,70
1651,72
1657,71
1636,72
1657,73
1449,65
1668,73
1520,70
1643,72
1381,62
1455,67
1633,71
1609,73
1638,70
1411,64
1563,70
1432,67
1636,69
1532,69
1788,75
1459,66
1619,71
1712,76
1533,71
1795,77
1585,72
1609,69
1448,68
1525,68
1500,65
1635,69
1547,67
1773,75
1586,73
1570,71
1480,70
1688,73
1542,65
1644,73
1683,72
1503,71
1596,72
1628,73
1577,70
1569,70
1544,66
1507,71
1603,71
1516,70
1530,68
1651,72
1432,67
1459,68
1647,71
1660,75
1541,70
1577,70
1599,71
1732,70
1664,73
1556,71
1579,70
1581,70
1533,65
1507,67
1664,74
1586,71
1686,72
1764,78
1558,67
1530,70
1632,71
1638,73
1754,76
1562,70
1549,68
1775,77
1486,66
1425,62
1689,73
1701,73
1551,68
1631,73
1443,66
1667,73
1733,76
1571,70
1657,70
1759,74
1506,70
1633,68
1602,70
1614,72
1570,69
1431,66
1577,69
1635,71
1649,74
1586,67
1620,66
1447,66
1563,69
1650,74
1374,66
1557,72
1636,72
1520,69
1669,73
1689,74
1658,73
1546,69
1456,68
1586,71
1508,66
1598,73
1576,68
1506,69
1629,72
1639,71
1634,72
1464,65
1534,68
1542,68
1551,69
1424,67
1667,74
1718,74
1797,74
1442,68
1567,66
1685,74
1681,74
1627,73
1662,71
1663,73
1562,68
1671,74
1728,75
1521,66
1622,68
1685,73
1422,64
1596,71
1637,74
1578,68
1538,71
1497,67
1529,69
1685,75
1510,68
1538,67
1707,73
1509,67
1648,72
1583,70
1647,73
1461,67
1642,74
1538,67
1558,70
1346,63
1561,66
1659,74
1570,70
1477,67
1578,71
1466,64
1526,67
1487,67
1626,72
1498,68
1594,70
1569,71
1688,75
1640,72
1566,72
1582,71
1627,74
1615,74
1553,71
1565,70
1717,75
1571,71
1507,67
1429,63
1701,74
1522,69
1516,72
1694,72
1478,66
1586,70
1463,68
1635,71
1542,71
1484,68
1590,72
1489,66
1562,68
1652,72
1721,76
1466,67
1652,72
1583,69
1481,66
1597,69
1470,65
1439,65
1560,68
1769,76
1636,73
1572,70
1615,72
1686,72
1477,67
1382,63
1609,72
1531,72
1560,70
1533,69
1565,68
1521,66
1523,68
1704,74
1670,72
1568,69
1589,72
1682,71
1604,71
1575,71
1602,69
1492,64
1363,62
1588,69
1496,70
1628,74
1611,72
1541,69
1734,75
1823,76
1333,66
1372,64
1635,72
1532,66
1685,71
1676,74
1564,69
1811,79
1666,74
1720,76
1501,67
1512,70
1804,77
1812,75
1637,74
1632,71
1692,75
1600,71
1718,74
1698,75
1607,67
1536,69
1521,68
1669,75
1578,69
1671,74
1655,75
1667,72
1759,76
1678,73
1734,73
1581,70
1718,74
1782,77
1491,66
1653,71
1477,68
1580,69
1837,77
1529,69
1572,70
1544,66
1766,78
1673,74
1644,72
1472,69
1710,76
1595,69
1539,71
1720,73
1561,70
1694,73
1624,70
1629,70
1690,73
1693,73
1606,71
1655,72
1692,75
1409,66
1544,70
1406,64
1660,71
1606,68
1639,69
1693,74
1816,78
1523,67
1785,78
1458,67
1658,75
1752,76
1433,69
1683,75
1483,65
1599,70
1766,76
1738,74
1566,70
1391,65
1601,72
1750,76
1411,64
1500,69
1720,72
1623,72
1609,71
1482,67
1613,71
1668,74
1667,70
1625,70
1615,73
1499,66
1693,73
1472,65
1580,70
1506,69
1682,72
1495,67
1672,72
1745,75
1629,73
1792,76
1531,70
1552,71
1793,75
1524,70
1703,72
1664,73
1712,75
1668,71
1489,67
1611,71
1698,76
1582,68
1725,71
1609,70
1668,73
1629,72
1422,64
1807,77
1399,67
1580,69
1602,72
1365,63
1786,76
1764,77
1598,69
1704,73
1689,72
1554,69
1693,73
1411,65
1661,74
1714,73
1696,71
1610,71
1709,73
1824,77
1798,77
1672,73
1723,77
1475,67
1600,72
1409,63
1548,69
1656,73
1792,74
1516,68
1501,65
1633,70
1553,68
1467,68
1706,73
1770,74
1479,67
1780,74
1777,76
1566,70
1717,75
1522,67
1528,70
1661,74
1635,73
1702,72
1573,73
1664,74
1543,69
1607,71
1636,73
1689,75
1642,75
1620,69
1459,66
1528,69
1740,76
1650,72
1569,66
1555,70
1415,65
1682,72
1631,70
1618,73
1582,73
1596,73
1633,70
1547,69
1627,75
1415,61
1587,71
1820,79
1588,71
1699,73
1560,67
1583,68
1820,78
1624,69
1679,74
1750,76
1720,73
1699,74
1395,64
1707,75
1615,74
1482,67
1553,70
1648,73
1536,70
1662,71
1540,70
1675,73
1653,70
1755,76
1624,72
1550,66
1832,78
1497,67
1708,74
1728,72
1641,71
1677,72
1607,70
1746,73
1552,69
1613,73
1665,73
1764,76
1495,68
1574,68
1784,77
1660,74
1665,73
1645,73
1611,69
1690,71
1761,78
1623,71
1783,76
1582,69
1620,72
1543,69
1602,69
1519,70
1623,74
1484,69
1719,75
1598,70
1504,66
1505,64
1646,74
1601,69
1547,68
1631,73
1617,72
1487,69
1697,72
1422,66
1647,71
1664,71
1682,75
1608,71
1710,74
1611,71
1610,73
1732,72
1734,72
1726,76
1637,71
1734,74
1579,72
1455,66
1519,71
1542,69
1678,74
1618,73
1596,70
1638,73
1632,72
1682,72
1592,71
1607,71
1743,75
1462,69
1587,71
1545,71
1620,72
1566,68
1675,73
1706,75
1693,73
1587,70
1530,67
1556,69
1673,77
1581,69
1565,69
1686,76
1670,72
1570,66
1596,72
1568,68
1605,72
1762,74
1746,75
1726,74
1633,73
1768,76
1678,75
1390,67
1519,68
1568,71
1582,71
1506,70
1508,69
1547,71
1514,71
1712,74
1689,73
1594,72
1667,73
1615,71
1703,75
1724,76
1443,64
1787,76
1614,73
1639,74
1607,68
1482,67
1483,65
1595,69
1659,71
1631,73
1484,69
1476,68
1430,65
1669,73
1472,66
1698,72
1616,71
1617,71
1585,72
1557,69
1531,68
1649,74
1658,69
1653,71
1706,75
1479,67
1593,72
1722,74
1685,73
1614,70
1471,67
1609,72
1842,78
1661,76
1544,71
1454,66
1608,72
1533,70
1587,68
1573,71
1678,72
1598,73
1591,73
1499,69
1655,74
1537,73
1849,77
1688,74
1569,69
1513,66
1547,66
1527,66
1632,73
1763,76
1626,72
1585,72
1545,70
1671,71
1696,73
1784,76
1651,73
1422,66
1557,71
1625,71
1525,68
1633,74
1624,73
1693,74
1585,71
1411,66
1517,68
1665,73
1608,69
1486,69
1744,75
1567,67
1614,71
1590,75
1750,73
1848,78
1756,76
1708,75
1670,72
1757,76
1512,70
1567,70
1602,71
1659,74
1502,69
1662,75
1644,73
1581,73
1732,74
1687,73
1619,72
1625,69
1482,65
1619,72
1657,72
1602,70
1613,70
1651,71
1742,76
1523,70
1571,75
1612,70
1523,68
1525,67
1611,71
1447,68
1501,67
1511,67
1690,71
1485,66
1598,69
1491,70
1500,65
1814,75
1628,72
1492,69
1540,68
1681,75
1603,70
1747,75
1501,68
1533,70
1438,70
1623,72
1632,73
1462,65
1665,75
1621,73
1587,69
1610,69
1517,69
1455,66
1603,73
1766,74
1753,73
1440,64
1626,72
1743,73
1636,76
1492,66
1693,72
1825,77
1480,68
1757,74
1796,77
1556,71
1371,64
1654,71
1709,74
1448,70
1580,68
1672,74
1540,69
1597,71
1668,75
1629,73
1748,75
1643,72
1652,69
1612,67
1567,69
1535,69
1611,73
1603,70
1622,71
1638,73
1646,74
1762,78
1674,74
1817,77
1482,67
1784,79
1446,66
1553,67
1660,73
1756,72
1640,73
1747,75
1612,73
1584,70
1670,73
1573,70
1741,74
1492,67
1761,74
1544,70
1668,74
1544,68
1630,69
1584,70
1551,67
1635,72
1704,75
1546,67
1610,69
1636,71
1640,72
1569,71
1703,77
1550,67
1612,71
1450,69
1646,74
1693,73
1541,70
1658,72
1756,76
1609,71
1565,69
1465,64
1575,68
1560,70
1653,71
1597,68
1521,68
1618,71
1608,72
1586,70
1661,71
1637,72
1579,71
1824,77
1639,74
1611,67
1542,70
1640,69
1770,78
1633,71
1375,63
1521,70
1547,65
1518,67
1686,72
1715,74
1592,71
1697,74
1422,64
1503,72
1656,74
1794,75
1547,67
1661,73
1632,72
1461,69
1522,66
1540,70
1703,76
1676,73
1834,77
1818,78
1672,75
1772,76
1546,70
1759,75
1602,73
1647,73
1655,74
1525,67
1544,66
1345,64
1623,71
1661,75
1387,63
1763,78
1750,72
1734,75
1598,72
1679,72
1378,64
1753,75
1708,75
1546,68
1557,68
1792,76
1476,64
1744,73
1699,72
1706,74
1769,75
1750,75
1720,75
1703,76
1677,73
1621,67
1638,73
1619,69
1404,66
1723,76
1801,76
1678,72
1682,71
1610,71
1604,71
1528,71
1647,72
1615,71
1568,71
1706,72
1402,64
1606,70
1742,76
1671,74
1750,76
1552,69
1709,74
1750,74
1498,70
1645,75
1570,70
1738,76
1705,73
1639,73
1405,63
1626,70
1762,75
1748,75
1641,72
1671,74
1714,75
1555,71
1740,73
1660,73
1557,69
1710,77
1663,73
1512,65
1696,73
1688,71
1705,74
1628,71
1634,71
1537,72
1606,74
1525,70
1546,68
1695,71
1685,73
1686,71
1417,65
1652,75
1505,68
1725,71
1596,70
1308,62
1634,71
1485,67
1674,72
1552,67
1730,76
1607,69
1613,71
1600,68
1593,73
1641,73
1562,71
1621,72
1655,75
1428,65
1747,73
1654,72
1557,71
1444,66
1702,74
1616,70
1582,70
1726,74
1603,71
1548,67
1636,74
1520,66
1469,70
1664,73
1528,64
1530,69
1596,70
1551,71
1687,74
1627,71
1685,76
1859,76
1701,75
1466,68
1646,74
1702,75
1511,68
1528,69
1600,70
1611,70
1593,69
1700,73
1465,65
1594,71
1544,69
1558,68
1775,74
1572,72
1520,65
1739,76
1692,75
1584,72
1563,69
1784,76
1632,71
1498,68
1531,70
1612,72
1457,66
1513,68
1749,77
1615,72
1541,71
1708,73
1655,73
1573,72
1731,71
1590,72
1598,71
1612,72
1637,69
1572,72
1746,78
1584,72
1727,76
1708,72
1603,72
1780,77
1742,77
1585,72
1605,72
1453,66
1626,71
1486,67
1693,76
1679,71
1453,66
1648,69
1561,70
1627,70
1589,70
1675,75
1557,70
1570,71
1785,74
1690,73
1551,68
1721,72
1551,70
1684,74
1547,73
1536,70
1696,72
1623,73
1652,72
1841,79
1617,69
1786,76
1656,73
1722,74
1705,77
1616,74
1622,71
1727,73
1698,72
1590,70
1401,66
1854,81
1498,68
1447,68
1711,77
1490,66
1622,74
1614,71
1743,76
1422,64
1704,72
1739,72
1783,79
1680,74
1664,72
1607,71
1686,71
1513,69
1587,72
1717,75
1640,72
1380,64
1621,74
1607,70
1716,76
1679,74
1616,69
1703,74
1829,78
1529,67
1478,64
1549,70
1473,66
1465,66
1611,74
1667,72
1610,72
1621,72
1660,71
1662,70
1524,69
1664,72
1644,71
1601,69
1581,69
1533,68
1469,67
1740,77
1732,72
1508,68
1592,70
1709,73
1658,73
1721,74
1535,69
1813,77
1500,67
1675,74
1682,74
1698,74
1643,74
1709,70
1591,71
1655,71
1751,73
1617,72
1853,79
1769,77
1697,72
1713,76
1727,73
1614,71
1612,68
1658,73
1649,72
1751,74
1685,73
1715,75
1707,75
1686,72
1820,76
1742,75
1518,67
1822,77
1661,70
1561,70
1485,67
1654,72
1519,69
1577,69
1595,70
1673,73
1656,71
1605,71
1653,73
1522,66
1669,72
1570,72
1721,74
1517,67
1791,77
1690,70
1720,74
1551,68
1510,68
1589,70
1423,65
1757,77
1605,71
1595,70
1723,75
1618,70
1643,71
1584,71
1633,74
1641,73
1645,69
1593,70
1449,68
1651,72
1723,74
1736,75
1707,74
1780,74
1604,72
1702,73
1645,70
1629,74
1611,71
1635,71
1692,71
1629,71
1690,73
1502,65
1770,76
1622,73
1573,71
1661,71
1771,77
1572,69
1713,74
1653,74
1727,73
1694,75
1645,71
1592,69
1499,68
1663,72
1558,69
1590,72
1642,71
1734,75
1563,71
1733,75
1654,70
1628,71
1609,68
1545,69
1729,76
1680,74
1544,73
1626,70
1798,76
1606,70
1600,71
1535,68
1624,68
1572,71
1789,76
1468,65
1717,71
1621,70
1596,70
1610,73
1733,74
1679,72
1619,73
1728,73
1705,74
1657,73
1732,76
1768,77
1689,72
1523,67
1727,75
1562,71
1778,76
1688,72
1668,74
1612,73
1754,77
1691,73
1677,74
1535,68
1571,69
1635,72
1618,70
1620,71
1647,73
1581,70
1762,76
1543,67
1489,67
1715,75
1735,71
1608,69
1559,71
1712,75
1610,71
1686,73
1694,75
1628,76
1627,72
1669,74
1819,78
1669,73
1814,74
1522,67
1684,74
1500,68
1810,76
1746,73
1686,74
1624,68
1780,74
1601,73
1524,70
1503,66
1664,73
1548,67
1841,76
1692,73
1588,70
1615,69
1590,70
1636,70
1648,74
1635,73
1691,74
1611,70
1768,77
1557,70
1521,64
1582,71
1572,69
1590,69
1540,71
1763,75
1711,76
1711,76
1485,65
1699,76
1398,66
1608,71
1457,66
1685,74
1774,77
1618,73
1543,70
1634,74
1688,72
1631,71
1711,74
1630,72
1560,69
1779,73
1405,65
1617,74
1622,70
1609,71
1551,71
1560,70
1684,74
1402,64
1581,69
1555,70
1797,77
1565,71
1507,67
1740,71
1683,73
1641,74
1716,76
1674,74
1685,73
1620,70
1771,74
1619,73
1695,72
1667,74
1648,70
1443,64
1677,74
1576,70
1521,66
1616,71
1797,77
1601,70
1751,74
1726,74
1632,74
1730,77
1721,75
1531,68
1606,69
1636,71
1788,75
1567,68
1683,72
1680,73
1557,69
1607,70
1591,69
1531,71
1815,78
1572,70
1652,73
1635,72
1580,69
1507,66
1846,77
1917,78
1758,77
1632,72
1534,69
1652,74
1696,72
1426,66
1724,75
1769,75
1732,77
1429,64
1687,72
1602,70
1673,74
1575,70
1502,65
1572,73
1480,67
1777,77
1562,70
1812,77
1731,76
1639,72
1685,71
1484,69
1573,71
1580,74
1391,64
1854,78
1590,70
1758,78
1424,67
1773,77
1767,75
1581,72
1568,69
1506,70
1650,74
1799,76
1592,67
1579,72
1565,71
1717,76
1552,70
1619,71
1614,73
1738,76
1645,70
1674,74
1699,72
1781,75
1874,79
1516,67
1726,75
1556,70
1585,71
1541,69
1649,73
1546,71
1729,75
1671,71
1658,73
1612,71
1665,76
1604,69
1654,71
1759,73
1484,67
1773,74
1670,70
1625,69
1667,74
1726,71
1646,72
1656,74
1727,72
1543,69
1673,71
1620,73
1556,67
1655,73
1625,71
1571,70
1696,72
1613,71
1438,65
1620,73
1648,69
1623,72
1671,71
1540,66
1500,69
1529,67
1502,65
1555,69
1764,75
1651,71
1579,70
1628,72
1640,73
1469,66
1650,71
1725,74
1529,68
1579,71
1806,78
1668,74
1545,69
1472,67
1682,75
1578,73
1697,72
1850,76
1544,66
1589,70
1690,74
1605,71
1592,69
1762,76
1730,72
1584,72
1602,72
1478,68
1638,71
1830,75
1642,71
1700,76
1691,75
1690,73
1580,71
1538,68
1785,76
1492,70
1575,71
1707,77
1764,76
1491,66
1584,71
1725,77
1664,75
1636,71
1702,73
1451,65
1604,70
1640,72
1493,68
1716,72
1608,71
1809,78
1686,72
1649,71
1495,67
1703,74
1541,70
1659,72
1486,65
1491,67
1731,74
1751,73
1663,72
1528,64
1656,72
1530,71
1754,76
1529,69
1514,66
1773,75
1820,78
1631,72
1624,69
1627,71
1730,73
1753,75
1612,71
1675,72
1733,77
1679,73
1770,74
1603,70
1567,69
1367,64
1532,72
1807,77
1536,71
1850,78
1599,72
1368,64
1672,73
1577,72
1683,70
1505,68
1673,72
1407,67
1766,74
1724,76
1672,72
1588,70
1657,75
1667,72
1696,75
1709,74
1628,72
1518,65
1402,64
1573,71
1732,73
1622,70
1670,72
1681,76
1681,75
1525,70
1680,72
1509,66
1514,69
1618,70
1715,71
1715,71
1725,74
1613,73
1595,71
1568,70
1750,75
1592,71
1673,74
1614,71
1601,73
1500,66
1660,72
1646,73
1737,74
1591,70
1732,76
1583,70
1744,76
1545,69
1613,69
1517,70
1472,66
1520,68
1842,78
1513,70
1557,71
1714,72
1527,69
1504,66
1760,76
1640,72
1611,70
1613,70
1721,74
1616,75
1611,73
1661,69
1627,71
1646,69
1474,67
1700,75
1766,73
1639,71
1549,67
1757,76
1678,73
1618,69
1668,73
1446,64
1612,70
1637,74
1554,72
1806,76
1767,75
1679,76
1802,79
1639,70
1665,72
1606,69
1599,68
1723,75
1786,77
1602,73
1643,73
1757,75
1735,73
1741,75
1716,75
1535,67
1561,71
1665,71
1571,73
1669,75
1700,72
1612,70
1559,71
1631,69
1488,70
1743,74
1650,76
1727,76
1761,77
1580,70
1635,73
1559,73
1522,68
1519,68
1599,72
1479,65
1480,69
1701,74
1606,71
1642,71
1557,69
1767,77
1637,71
1625,71
1666,73
1566,70
1661,74
1664,71
1635,72
1689,73
1644,72
1531,68
1618,73
1515,71
1566,68
1689,73
1740,77
1549,68
1391,63
1795,78
1758,74
1723,74
1514,65
1652,73
1727,75
1622,72
1680,76
1541,70
1681,73
1526,70
1606,70
1597,72
1568,71
1483,67
1539,67
1606,71
1651,72
1717,77
1681,73
1498,66
1533,72
1594,72
1571,68
1664,70
1698,75
1623,70
1490,65
1632,73
1563,71
1703,75
1590,73
1698,71
1553,70
1768,76
1517,68
1578,73
1758,77
1530,65
1690,71
1615,71
1558,72
1604,71
1727,73
1657,71
1654,75
1684,70
1803,75
1554,68
1816,76
1482,68
1723,74
1685,74
1747,72
1496,70
1647,70
1575,70
1514,69
1627,69
1804,76
1719,76
1636,68
1530,69
1536,67
1811,78
1459,65
1635,71
1593,70
1811,75
1518,68
1605,71
1610,72
1604,73
1553,68
1539,68
1605,71
1693,73
1829,76
1493,69
1687,73
1586,68
1417,63
1716,75
1619,74
1663,71
1526,69
1648,73
1495,65
1692,71
1691,76
1645,70
1845,78
1688,73
1729,73
1684,73
1656,74
1591,67
1562,71
1639,71
1800,77
1659,72
1697,76
1505,69
1734,74
1683,72
1701,75
1867,75
1551,66
1539,68
1466,67
1644,73
1577,69
1693,75
1734,74
1626,70
1554,69
1726,77
1570,71
1688,76
1639,74
1580,69
1622,73
1643,73
1812,75
1690,74
1531,67
1478,66
1581,69
1644,73
1439,63
1651,70
1535,68
1530,67
1508,69
1825,76
1597,72
1778,76
1764,76
1737,77
1591,72
1509,68
1576,68
1686,71
1507,68
1823,78
1506,66
1581,71
1718,74
1716,76
1587,73
1689,74
1533,69
1544,69
1636,73
1786,74
1590,68
1548,71
1514,69
1677,72
1672,73
1421,66
1418,62
1632,69
1690,76
1811,75
1660,73
1588,68
1592,69
1715,75
1666,74
1670,72
1658,73
1482,66
1620,72
1660,73
1406,65
1487,67
1670,72
1754,77
1567,70
1699,74
1560,67
1523,68
1551,68
1677,72
1388,61
1586,67
1581,71
1612,70
1608,68
1536,69
1558,69
1707,74
1731,74
1756,73
1614,73
1583,69
1385,66
1514,67
1775,76
1751,77
1718,74
1701,73
1692,76
1555,69
1564,70
1846,77
1736,73
1564,71
1666,71
1568,71
1681,74
1653,71
1695,73
1672,73
1753,76
1544,70
1469,64
1606,70
1525,68
1529,66
1796,77
1702,73
1676,73
1616,68
1733,75
1782,74
1666,71
1495,64
1650,73
1674,74
1776,75
1719,75
1521,68
1599,70
1622,70
1404,64
1590,69
1697,74
1733,75
1607,73
1757,75
1699,72
1635,71
1498,68
1792,75
1709,75
1559,69
1602,74
1606,70
1523,71
1723,74
1797,75
1544,69
1888,80
1748,74
1564,69
1712,75
1675,75
1543,69
1562,71
1794,76
1728,75
1695,73
1756,75
1581,70
1583,69
1706,75
1655,72
1610,73
1696,73
1704,74
1561,70
1601,69
1477,67
1685,73
1587,71
1496,66
1567,72
1687,72
1574,70
1661,71
1652,73
1710,75
1563,68
1728,76
1747,77
1679,71
1650,69
1642,69
1690,72
1739,74
1486,69
1693,74
1708,70
1621,72
1553,68
1681,74
1558,69
1632,74
1554,67
1630,67
1380,64
1609,69
1561,68
1732,75
1621,71
1554,70
1735,75
1642,74
1578,67
1729,73
1644,70
1572,71
1415,65
1659,73
1547,68
1754,74
1532,69
1549,68
1582,68
1746,77
1676,74
1463,66
1582,69
1842,79
1608,70
1677,74
1607,72
1652,73
1620,69
1622,70
1648,73
1488,70
1608,71
1624,73
1747,76
1719,75
1544,68
1689,71
1531,68
1627,71
1472,67
1563,69
1769,73
1453,66
1655,73
1494,63
1511,70
1549,70
1732,75
1743,76
1703,74
1693,72
1821,78
1543,68
1660,71
1609,72
1640,72
1508,69
1761,76
1586,71
1726,73
1563,70
1538,64
1644,71
1643,72
1751,72
1668,74
1505,69
1718,75
1644,70
1571,71
1654,73
1466,68
1561,68
1441,68
1740,75
1694,73
1512,68
1605,71
1785,75
1611,71
1723,75
1563,68
1693,75
1626,68
1548,67
1566,71
1657,75
1767,75
1633,72
1728,71
1618,68
1674,72
1570,71
1622,71
1548,70
1639,71
1732,76
1689,70
1724,75
1679,74
1607,72
1630,73
1769,78
1621,69
1615,69
1736,75
1614,70
1614,70
1796,77
1597,70
1549,68
1616,70
1622,70
1670,70
1614,71
1589,70
1662,74
1585,71
1858,78
1610,71
1502,67
1668,73
1689,76
1559,71
1612,70
1466,67
1504,66
1605,71
1521,69
1660,74
1704,74
1598,70
1819,77
1545,69
1549,65
1494,68
1618,70
1710,75
1822,79
1619,71
1534,69
1577,69
1534,70
1583,70
1515,70
1755,76
1506,67
1600,73
1773,77
1602,69
1523,68
1566,69
1363,64
1657,72
1742,74
1566,71
1705,75
1789,76
1578,69
1779,78
1894,80
1641,70
1507,69
1659,71
1576,70
1474,66
1700,73
1721,74
1613,71
1593,71
1779,74
1738,75
1552,69
1790,75
1766,75
1690,72
1796,79
1735,73
1612,71
1763,76
1877,78
1767,73
1719,76
1740,76
1625,70
1678,73
1603,70
1686,74
1744,76
1567,70
1680,73
1602,68
1732,76
1541,66
1634,75
1706,74
1477,65
1756,75
1594,72
1652,69
1737,72
1729,73
1590,69
1500,69
1740,75
1651,73
1579,67
1723,75
1568,71
1657,71
1611,68
1716,76
1588,70
1574,71
1637,71
1522,69
1516,67
1487,67
1579,68
1623,69
1447,65
1638,71
1739,76
1768,76
1662,74
1473,69
1571,71
1669,70
1650,68
1542,72
1496,67
1818,77
1608,74
1682,74
1488,69
1704,71
1688,72
1678,75
1672,72
1635,71
1658,71
1750,76
1632,72
1638,74
1572,70
1684,73
1586,68
1554,71
1714,74
1544,69
1802,76
1676,73
1802,78
1626,69
1618,72
1841,77
1570,72
1623,69
1537,70
1701,73
1504,68
1661,72
1724,74
1730,73
1770,78
1582,73
1647,72
1623,70
1633,71
1632,72
1608,71
1522,68
1637,72
1621,72
1561,71
1654,73
1589,71
1647,71
1794,76
1587,70
1522,67
1686,72
1846,78
1814,78
1585,71
1810,75
1716,76
1706,69
1663,74
1707,74
1787,75
1643,73
1749,77
1645,73
1553,68
1675,73
1693,75
1766,76
1642,73
1720,72
1582,70
1679,72
1570,71
1590,72
1677,70
1844,76
1630,70
1635,70
1647,69
1497,66
1562,69
1569,70
1638,71
1648,72
1487,66
1450,67
1704,71
1587,71
1858,77
1702,72
1753,76
1405,67
1590,71
1704,74
1777,77
1643,70
1563,67
1716,74
1478,67
1454,66
1702,73
1627,70
1590,67
1773,77
1456,66
1627,73
1631,70
1526,71
1612,73
1726,75
1668,73
1612,69
1621,71
1573,69
1514,67
1724,77
1563,70
1545,70
1833,80
1428,68
1772,77
1578,70
1659,71
1662,73
1741,75
1791,77
1478,66
1688,71
1651,73
1698,71
1729,76
1676,72
1732,75
1575,70
1546,67
1642,72
1727,74
1732,76
1715,72
1633,72
1621,70
1605,70
1654,72
1541,69
1465,69
1702,74
1762,74
1713,73
1502,65
1554,69
1789,78
1549,68
1667,73
1645,73
1750,76
1832,75
1616,71
1470,67
1731,75
1802,77
1676,72
1487,66
1557,71
1514,70
1714,72
1720,75
1615,73
1576,67
1691,74
1490,69
1553,69
1571,68
1540,66
1579,69
1709,76
1694,72
1549,67
1484,70
1611,67
1761,75
1572,71
1583,70
1727,75
1688,73
1554,67
1611,72
1639,70
1713,73
1681,75
1606,73
1633,72
1707,73
1594,67
1610,71
1485,69
1774,76
1638,71
1637,72
1669,73
1643,71
1591,67
1539,68
1393,63
1547,70
1722,73
1563,69
1672,73
1699,72
1573,71
1709,73
1599,72
1539,68
1672,71
1590,71
1395,65
1658,73
1711,74
1648,70
1620,69
1695,74
1685,75
1601,72
1633,70
1759,75
1718,76
1431,62
1743,74
1819,79
1642,71
1556,70
1627,72
1655,74
1739,75
1678,73
1702,75
1751,73
1847,78
1642,74
1835,73
1615,72
1707,73
1571,68
1639,74
1780,72
1519,70
1555,68
1717,69
1594,70
1699,73
1648,73
1788,76
1558,69
1589,68
1673,71
1734,74
1646,73
1553,70
1611,71
1546,72
1613,69
1701,72
1613,71
1484,71
1677,72
1591,72
1518,67
1691,71
1735,76
1420,64
1588,69
1499,67
1595,72
1706,76
1613,72
1570,69
1545,70
1669,72
1695,76
1687,71
1627,71
1678,73
1709,75
1552,71
1619,71
1584,70
1897,80
1519,64
1457,65
1543,68
1641,73
1649,71
1578,72
1666,71
1707,75
1630,73
1837,74
1564,67
1723,72
1584,72
1731,75
1717,73
1651,73
1637,74
1581,70
1581,68
1644,73
1711,72
1523,70
1596,69
1696,71
1696,75
1648,70
1554,69
1658,73
1640,70
1730,74
1658,73
1590,69
1358,62
1727,74
1761,78
1683,73
1597,70
1505,65
1636,71
1512,67
1740,76
1714,70
1637,71
1754,74
1529,69
1564,66
1746,75
1593,69
1609,75
1504,67
1628,69
1663,74
1692,72
1605,74
1643,74
1740,76
1569,69
1506,69
1685,72
1582,72
1715,75
1656,73
1645,69
1663,71
1613,70
1596,70
1754,79
1541,70
1591,70
1619,74
1513,69
1435,69
1513,65
1532,70
1592,68
1733,75
1788,77
1446,67
1633,72
1615,71
1581,72
1557,70
1830,78
1639,70
1628,71
1490,65
1634,71
1546,68
1556,67
1550,72
1536,67
1621,70
1681,72
1590,70
1629,73
1766,77
1677,71
1660,73
1573,71
1566,70
1490,66
1467,65
1782,73
1730,77
1498,67
1534,69
1727,75
1767,77
1718,76
1660,70
1765,76
1473,65
1729,76
1567,66
1752,76
1550,67
1717,75
1471,67
1565,69
1732,72
1632,70
1733,73
1565,69
1696,75
1700,73
1729,74
1634,72
1707,71
1646,69
1513,71
1585,72
1713,73
1666,71
1664,71
1631,73
1615,71
1750,75
1577,69
1639,70
1542,70
1642,73
1645,74
1678,75
1734,74
1581,69
1738,75
1639,74
1696,73
1723,73
1694,72
1458,63
1636,72
1789,75
1574,71
1564,69
1518,70
1694,75
1684,75
1603,69
1456,65
1606,74
1495,68
1657,73
1422,64
1640,71
1546,69
1544,68
1583,71
1726,74
1674,72
1604,71
1712,75
1564,72
1658,71
1632,70
1650,70
1764,76
1710,75
1551,66
1611,73
1729,73
1572,68
1553,68
1655,74
1596,72
1628,74
1562,71
1624,73
1657,75
1704,74
1655,73
1693,71
1521,66
1554,69
1590,70
1575,69
1711,73
1730,73
1734,73
1566,68
1742,77
1767,77
1602,71
1578,68
1775,77
1577,72
1751,75
1627,73
1662,75
1595,71
1610,69
1716,75
1710,74
1523,68
1598,73
1478,63
1604,71
1772,75
1475,69
1666,73
1726,74
1572,71
1648,74
1813,75
1665,72
1738,72
1674,73
1792,78
1608,72
1679,75
1583,68
1684,74
1780,75
1522,67
1635,70
1776,77
1576,72
1488,67
1493,67
1698,72
1549,69
1634,71
1756,77
1724,73
1696,73
1657,73
1661,74
1695,71
1654,72
1735,74
1650,73
1817,79
1665,72
1716,74
1379,65
1732,76
1658,73
1490,67
1653,71
1732,74
1580,69
1567,69
1572,72
1627,71
1431,65
1721,74
1716,78
1705,75
1634,74
1620,71
1689,71
1852,76
1833,78
1715,73
1734,77
1658,72
1663,71
1637,71
1666,75
1694,70
1550,69
1764,75
1659,74
1553,70
1491,68
1580,70
1603,72
1695,75
1772,75
1452,67
1550,71
1764,77
1500,72
1710,74
1799,74
1599,73
1654,70
1745,74
1584,67
1640,71
1413,68
1737,74
1771,77
1645,75
1667,73
1598,69
1739,76
1754,76
1873,78
1738,75
1576,70
1627,71
1704,75
1564,67
1481,67
1595,70
1680,74
1569,71
1636,69
1586,67
1779,74
1618,69
1695,74
1541,70
1631,69
1660,75
1484,66
1700,74
1583,71
1679,75
1668,73
1704,75
1680,74
1540,68
1639,72
1442,65
1681,74
1394,65
1662,74
1571,67
1806,77
1525,69
1667,73
1587,67
1636,71
1610,73
1786,76
1742,76
1610,70
1576,72
1520,69
1802,78
1727,77
1578,71
1671,71
1534,65
1577,68
1562,70
1719,73
1493,67
1784,78
1715,76
1676,71
1546,70
1664,72
1766,76
1478,69
1669,73
1676,74
1640,73
1673,72
1552,71
1577,66
1532,71
1492,67
1646,70
1632,75
1605,70
1545,71
1522,70
1668,73
1511,66
1501,67
1594,70
1547,67
1690,74
1672,73
1631,73
1607,67
1610,72
1596,72
1793,78
1761,74
1674,75
1661,73
1458,67
1585,68
1577,69
1827,81
1658,74
1624,71
1754,75
1560,68
1755,77
1866,80
1744,74
1686,76
1636,72
1836,81
1597,69
1467,66
1685,74
1550,68
1824,79
1578,67
1407,63
1623,71
1725,74
1613,70
1510,68
1597,70
1802,78
1541,71
1619,72
1564,71
1673,73
1641,73
1697,73
1619,69
1489,70
1674,72
1685,74
1665,73
1550,72
1785,76
1559,68
1786,73
1556,70
1650,71
1752,77
1587,73
1790,76
1762,74
1609,72
1739,73
1768,79
1682,73
1584,72
1612,73
1659,73
1567,70
1727,75
1773,77
1559,69
1718,73
1746,76
1794,77
1524,69
1701,75
1618,73
1503,67
1574,72
1560,71
1581,72
1644,73
1473,66
1575,69
1606,70
1563,67
1734,76
1529,66
1680,73
1570,69
1477,69
1345,66
1596,68
1631,74
1595,70
1573,66
1723,74
1607,73
1675,73
1800,78
1622,70
1602,70
1567,69
1763,74
1820,75
1710,74
1433,68
1584,71
1789,76
1635,71
1601,69
1548,70
1650,73
1564,70
1607,71
1518,67
1665,73
1554,71
1705,75
1578,68
1519,67
1417,67
1775,76
1613,73
1778,75
1541,68
1718,73
1606,68
1791,77
1684,75
1619,71
1610,71
1747,77
1609,71
1629,72
1451,67
1632,71
1763,77
1495,64
1602,71
1662,71
1693,74
1474,71
1573,68
1566,72
1581,69
1647,71
1647,74
1671,74
1695,73
1635,71
1667,74
1733,76
1570,71
1720,73
1570,72
1545,67
1693,75
1581,71
1646,72
1625,69
1541,70
1752,74
1645,74
1661,73
1564,66
1634,70
1526,70
1620,71
1628,72
1731,75
1819,80
1621,70
1654,73
1732,76
1770,79
1726,75
1426,68
1442,62
1583,70
1770,74
1712,75
1530,71
1644,74
1628,73
1747,75
1821,76
1487,67
1790,76
1664,70
1822,79
1796,75
1709,74
1502,67
1784,75
1536,71
1773,78
1777,75
1563,70
1574,69
1658,73
1806,79
1525,71
1648,74
1837,78
1765,75
1704,75
1600,74
1713,74
1524,70
1546,71
1590,70
1520,69
1559,69
1609,71
1586,71
1507,63
1652,72
1493,68
1502,68
1451,64
1636,72
1592,69
1639,72
1736,74
1650,75
1547,70
1655,71
1746,75
1589,71
1537,69
1546,68
1640,72
1705,75
1734,75
1528,70
1682,74
1799,75
1611,70
1752,76
1567,69
1543,69
1451,65
1609,72
1642,71
1718,77
1540,67
1606,73
1666,72
1550,69
1487,66
1625,73
1596,72
1704,73
1715,74
1582,70
1697,75
1634,74
1721,73
1428,66
1588,70
1617,70
1601,71
1518,67
1740,79
1682,75
1723,77
1516,71
1675,73
1611,70
1552,70
1602,73
1614,69
1558,67
1795,74
1716,74
1813,80
1849,79
1495,67
1833,77
1580,70
1638,73
1787,75
1746,73
1680,74
1884,79
1665,72
1748,76
1443,64
1688,77
1836,74
1487,67
1723,72
1604,70
1649,72
1531,66
1400,65
1717,75
1782,74
1481,67
1451,66
1757,75
1478,67
1750,77
1547,67
1639,74
1537,69
1627,70
1774,75
1492,65
1629,71
1747,76
1570,68
1730,72
1609,71
1584,70
1684,71
1692,77
1433,66
1694,71
1690,76
1621,72
1755,75
1548,68
1661,74
1720,73
1619,71
1730,73
1556,67
1760,77
1731,76
1794,75
1566,67
1569,69
1747,74
1733,78
1599,71
1699,75
1511,69
1647,74
1591,72
1670,73
1784,78
1755,72
1739,77
1754,72
1789,76
1542,71
1684,77
1598,70
1496,68
1550,72
1535,66
1834,79
1511,64
1556,71
1601,72
1528,72
1736,77
1575,71
1730,75
1820,78
1661,71
1742,76
1798,77
1647,71
1780,79
1530,68
1687,73
1693,75
1660,75
1721,76
1600,70
1593,73
1737,75
1839,75
1506,68
1542,68
1696,74
1574,71
1630,72
1731,76
1447,67
1675,77
1726,75
1738,73
1757,76
1717,72
1618,72
1810,76
1606,72
1677,72
1646,71
1571,73
1748,76
1629,75
1684,76
1526,68
1645,71
1802,75
1607,71
1874,78
1478,69
1516,71
1660,72
1595,68
1575,68
1486,68
1705,75
1534,66
1771,77
1602,71
1500,67
1629,70
1685,74
1571,70
1588,69
1796,79
1547,68
1872,78
1643,68
1726,73
1717,73
1542,71
1603,69
1772,75
1741,78
1691,71
1750,76
1580,70
1668,72
1637,71
1605,70
1704,74
1728,74
1667,72
1797,79
1690,71
1624,70
1672,73
1662,74
1795,76
1594,74
1662,74
1584,70
1534,69
1754,75
1711,78
1568,69
1569,70
1575,70
1555,67
1704,74
1768,76
1520,67
1607,71
1661,73
1528,69
1540,63
1583,67
1738,75
1710,73
1704,74
1737,76
1654,74
1609,71
1820,77
1599,71
1701,72
1712,76
1684,73
1596,69
1661,71
1832,79
1757,77
1669,73
1614,72
1612,71
1661,72
1638,69
1643,71
1650,70
1626,70
1692,72
1639,75
1653,71
1527,69
1640,72
1626,73
1596,70
1514,70
1625,73
1638,71
1629,72
1609,73
1803,79
1604,68
1748,77
1681,73
1723,77
1634,75
1594,73
1765,75
1431,67
1802,77
1646,72
1656,71
1461,70
1692,72
1657,72
1650,73
1656,70
1450,64
1561,70
1694,70
1664,72
1677,74
1622,70
1826,77
1662,74
1607,71
1764,75
1365,64
1548,66
1790,77
1717,73
1826,78
1676,74
1627,74
1672,74
1646,74
1804,77
1628,72
1652,71
1591,71
1612,72
1562,68
1833,79
1614,69
1555,69
1627,72
1654,73
1559,71
1513,69
1593,70
1541,70
1715,74
1627,71
1636,70
1673,75
1687,76
1625,70
1554,69
1549,73
1633,70
1579,66
1537,67
1741,73
1511,66
1621,71
1737,74
1771,74
1753,73
1615,74
1594,70
1506,69
1679,74
1743,76
1470,65
1597,71
1612,72
1723,72
1737,75
1453,66
1612,71
1405,64
1626,71
1689,73
1670,74
1851,80
1872,78
1655,72
1561,69
1646,70
1710,76
1635,72
1559,69
1762,75
1764,75
1661,73
1560,71
1714,75
1710,76
1572,72
1675,75
1579,68
1563,66
1714,76
1591,72
1648,75
1541,70
1651,72
1449,66
1739,76
1646,71
1567,70
1554,69
1708,73
1649,71
1685,73
1662,74
1644,71
1602,71
1838,78
1648,74
1650,73
1522,66
1707,77
1616,71
1566,72
1564,68
1613,73
1738,77
1666,75
1719,73
1579,70
1712,75
1694,72
1756,77
1508,68
1647,73
1551,70
1571,68
1735,77
1709,74
1481,66
1700,70
1588,69
1580,69
1562,68
1824,79
1605,71
1771,77
1713,75
1562,70
1861,76
1838,79
1754,75
1599,70
1720,74
1723,73
1711,74
1619,72
1484,72
1625,71
1718,74
1477,68
1686,73
1762,77
1472,67
1694,73
1518,68
1727,72
1768,76
1637,73
1782,80
1570,67
1695,73
1575,68
1697,73
1569,66
1826,77
1872,76
1585,70
1681,75
1579,67
1769,75
1688,72
1561,72
1854,79
1747,76
1784,75
1589,67
1674,71
1582,71
1911,78
1564,69
1546,68
1680,73
1413,66
1434,63
1717,76
1691,75
1459,65
1562,71
1525,67
1581,68
1489,67
1755,76
1481,69
1627,70
1598,69
1761,73
1706,76
1544,68
1555,65
1660,74
1788,79
1689,73
1683,73
1688,74
1788,75
1472,66
1584,72
1693,74
1647,70
1525,66
1457,64
1486,68
1619,72
1664,74
1618,74
1568,71
1637,72
1576,71
1511,67
1564,69
1740,73
1603,69
1796,78
1754,77
1697,72
1765,73
1406,63
1615,74
1737,74
1640,72
1752,75
1656,73
1733,74
1755,74
1680,71
1904,79
1573,69
1631,73
1675,74
1631,72
1535,69
1692,75
1650,72
1544,72
1784,77
1674,72
1708,73
1667,73
1555,70
1767,77
1611,70
1543,68
1703,74
1817,77
1454,64
1597,66
1596,70
1696,77
1512,68
1623,73
1747,77
1606,73
1601,69
1798,74
1741,77
1530,66
1857,76
1564,68
1569,70
1535,70
1760,73
1737,77
1683,74
1461,63
1719,73
1664,72
1588,71
1724,73
1528,68
1599,72
1791,77
1675,76
1498,67
1596,69
1607,72
1576,69
1582,69
1850,80
1608,72
1490,69
1599,69
1629,71
1710,78
1748,76
1634,72
1767,76
1515,64
1646,69
1769,74
1518,67
1629,73
1592,71
1444,66
1618,69
1602,69
1784,74
1712,75
1489,67
1601,70
1580,69
1733,75
1764,75
1619,69
1658,72
1787,78
1494,68
1700,75
1788,76
1617,73
1696,73
1708,78
1521,67
1616,71
1565,70
1713,73
1732,75
1622,69
1831,79
1698,75
1713,75
1666,75
1685,73
1716,75
1717,75
1810,78
1614,68
1798,77
1580,71
1711,74
1679,70
1714,75
1809,78
1688,77
1803,79
1613,71
1574,68
1629,68
1624,70
1567,69
1580,68
1737,75
1641,73
1417,63
1555,70
1706,75
1933,80
1748,74
1513,67
1498,66
1620,70
1583,70
1688,73
1531,71
1625,70
1662,72
1634,70
1793,76
1707,76
1458,64
1551,68
1585,70
1458,66
1714,76
1629,76
1655,74
1637,73
1567,71
1765,75
1759,74
1631,72
1734,76
1635,70
1624,73
1642,72
1635,71
1801,78
1771,77
1597,72
1553,70
1654,73
1632,72
1766,76
1675,74
1500,71
1731,77
1694,72
1566,68
1587,67
1620,70
1642,69
1520,66
1789,76
1732,74
1655,72
1782,77
1520,67
1766,76
1701,73
1751,75
1733,72
1600,73
1670,72
1564,71
1755,74
1740,76
1497,65
1783,76
1428,61
1612,69
1561,71
1715,73
1733,75
1827,78
1624,72
1581,67
1552,73
1636,69
1845,81
1720,71
1676,71
1794,76
1682,72
1610,71
1681,73
1640,71
1755,77
1713,75
1666,71
1815,78
1677,73
1604,72
1500,68
1554,69
1698,75
1627,72
1705,75
1676,76
1676,75
1693,73
1670,73
1595,71
1645,71
1797,75
1745,77
1784,75
1622,71
1598,71
1726,76
1680,75
1753,76
1642,75
1532,70
1618,69
1692,76
1515,69
1767,76
1530,72
1612,72
1689,74
1644,73
1507,69
1679,74
1592,69
1595,72
1654,73
1446,67
1621,71
1507,68
1804,78
1689,75
1649,72
1661,74
1752,75
1612,70
1505,69
1716,72
1637,70
1667,73
1493,65
1608,70
1762,72
1622,72
1693,72
1687,74
1657,74
1718,75
1598,72
1613,71
1604,72
1605,70
1742,77
1792,77
1690,76
1721,71
1608,70
1635,74
1607,72
1789,78
1640,73
1726,73
1708,73
1598,69
1721,76
1718,74
1667,73
1715,77
1461,67
1692,73
1679,72
1570,71
1679,73
1642,73
1537,68
1658,71
1705,72
1602,73
1742,74
1726,75
1675,74
1756,73
1690,74
1515,66
1617,70
1657,73
1729,72
1570,71
1604,70
1730,77
1494,70
1707,74
1628,72
1623,71
1755,77
1659,74
1635,71
1671,71
1768,76
1725,73
1724,74
1698,76
1620,70
1693,75
1541,72
1625,71
1648,70
1626,69
1729,76
1655,71
1699,73
1601,72
1577,68
1702,76
1485,71
1478,65
1486,65
1867,78
1538,69
1514,71
1631,72
1659,73
1453,68
1755,77
1788,78
1643,72
1558,71
1677,73
1707,74
1555,67
1733,78
1516,71
1648,71
1623,71
1762,74
1630,73
1749,77
1667,71
1699,72
1632,72
1611,69
1586,69
1574,71
1591,68
1861,80
1573,72
1593,70
1579,69
1559,67
1608,71
1756,69
1506,67
1639,75
1735,75
1550,66
1756,76
1649,71
1744,74
1610,70
1533,69
1593,71
1551,70
1770,79
1474,70
1509,66
1660,75
1635,73
1595,70
1704,73
1706,72
1580,69
1562,71
1667,74
1688,76
1632,74
1732,74
1688,73
1598,72
1492,66
1758,77
1716,74
1805,77
1452,64
1686,70
1661,73
1660,72
1677,74
1413,64
1610,73
1740,76
1542,67
1667,74
1725,74
1612,72
1679,71
1647,72
1489,65
1794,76
1582,69
1717,76
1568,69
1708,74
1626,73
1569,67
1669,71
1720,75
1516,68
1704,74
1738,74
1661,73
1691,77
1569,69
1616,70
1638,72
1719,76
1678,75
1580,70
1743,73
1699,72
1465,69
1751,76
1730,74
1849,80
1679,75
1799,75
1610,74
1521,66
1404,63
1836,79
1756,73
1827,75
1706,75
1588,70
1681,73
1652,73
1680,73
1761,75
1649,77
1620,72
1533,69
1646,72
1752,78
1764,76
1404,64
1577,70
1823,79
1719,72
1624,72
1609,70
1567,68
1567,72
1635,71
1700,72
1554,72
1660,72
1499,66
1722,77
1417,63
1618,75
1759,76
1620,70
1647,72
1551,66
1732,74
1735,78
1761,75
1587,70
1724,73
1455,66
1663,73
1546,69
1658,72
1756,73
1686,70
1534,67
1574,66
1768,78
1627,72
1470,66
1590,72
1707,73
1766,77
1554,66
1747,75
1664,73
1729,77
1566,69
1632,71
1593,72
1767,75
1549,69
1691,71
1727,74
1639,74
1767,76
1682,71
1652,72
1720,74
1663,70
1586,68
1701,69
1586,67
1608,67
1564,72
1489,68
1628,72
1611,71
1661,73
1734,77
1614,71
1633,72
1775,77
1625,73
1576,70
1705,77
1370,66
1689,74
1750,76
1639,73
1708,75
1680,72
1723,71
1605,72
1716,75
1735,75
1588,70
1623,69
1707,73
1733,73
1744,76
1634,70
1452,69
1676,72
1580,70
1680,72
1643,71
1854,78
1525,70
1527,67
1803,77
1628,71
1695,73
1645,75
1510,68
1478,69
1668,71
1611,69
1652,71
1600,74
1792,75
1596,71
1715,76
1609,72
1611,69
1632,72
1663,71
1717,77
1683,74
1785,75
1782,74
1547,69
1709,71
1796,78
1665,71
1664,72
1541,66
1711,75
1555,70
1691,74
1794,76
1710,74
1449,65
1725,77
1671,72
1749,77
1605,71
1617,71
1723,78
1712,73
1553,67
1635,72
1877,79
1577,68
1734,75
1626,72
1741,75
1565,71
1603,72
1749,74
1743,76
1667,75
1665,71
1824,75
1760,77
1520,67
1464,67
1649,76
1668,75
1572,70
1594,70
1585,70
1462,66
1735,74
1533,67
1593,71
1637,71
1689,73
1446,68
1670,75
1550,68
1658,71
1785,77
1456,64
1673,72
1726,76
1719,74
1722,75
1637,69
1501,69
1630,72
1451,68
1612,71
1487,64
1722,76
1480,68
1828,78
1510,69
1696,76
1748,77
1668,74
1690,75
1496,67
1613,73
1547,69
1521,70
1751,72
1753,74
1708,74
1546,69
1812,77
1694,74
1687,74
1556,70
1687,69
1758,75
1639,72
1447,70
1468,67
1663,72
1734,76
1529,70
1390,65
1459,64
1834,75
1757,76
1519,69
1592,70
1617,73
1583,70
1545,69
1753,78
1733,75
1684,72
1566,69
1680,73
1691,76
1559,70
1637,72
1509,68
1707,73
1647,69
1493,67
1400,65
1711,75
1707,75
1722,75
1517,67
1584,69
1737,76
1635,72
1517,66
1702,74
1596,68
1488,65
1691,71
1649,75
1537,69
1618,72
1708,76
1771,76
1682,73
1577,69
1566,67
1676,73
1694,74
1590,71
1755,75
1473,66
1645,70
1642,73
1779,77
1488,67
1854,77
1640,75
1795,78
1817,76
1682,73
1619,71
1675,74
1745,75
1540,70
1507,67
1734,76
1732,72
1720,73
1544,70
1560,69
1452,67
1408,65
1561,70
1758,75
1696,74
1514,68
1645,73
1739,74
1587,67
1530,70
1536,68
1686,74
1691,72
1658,74
1765,76
1636,73
1807,77
1624,72
1686,68
1750,76
1503,71
1594,68
1665,74
1544,68
1832,78
1647,74
1769,77
1667,74
1567,69
1718,74
1785,73
1643,74
1620,69
1757,73
1722,74
1700,73
1509,69
1667,74
1648,74
1610,71
1597,73
1540,67
1804,76
1672,73
1680,72
1709,74
1763,75
1691,71
1669,73
1616,72
1628,69
1679,75
1718,73
1628,72
1609,69
1628,74
1577,71
1714,76
1731,74
1638,72
1683,73
1654,74
1701,73
1574,69
1687,76
1655,73
1572,69
1559,68
1821,76
1606,72
1535,69
1712,75
1783,75
1660,70
1550,68
1490,68
1670,72
1613,72
1767,74
1776,75
1424,64
1826,78
1629,72
1655,69
1631,71
1660,71
1833,79
1549,70
1516,68
1576,70
1575,69
1454,66
1652,70
1643,75
1717,76
1859,77
1606,72
1746,76
1608,71
1744,73
1659,70
1859,79
1591,71
1699,73
1759,76
1832,77
1469,66
1578,72
1679,73
1634,75
1608,69
1748,73
1632,70
1746,74
1650,69
1458,67
1540,70
1739,75
1638,74
1575,70
1597,71
1688,77
1586,70
1590,69
1582,70
1553,69
1786,77
1587,70
1637,73
1675,74
1757,77
1749,75
1676,73
1722,73
1634,72
1636,71
1564,72
1695,74
1628,72
1627,74
1626,71
1590,69
1590,70
1677,73
1651,72
1500,68
1746,75
1567,68
1696,74
1502,66
1614,72
1566,67
1747,78
1638,71
1666,73
1560,69
1625,73
1467,69
1546,71
1666,74
1592,71
1556,69
1513,66
1695,75
1604,71
1681,72
1660,72
1476,67
1734,74
1636,74
1555,72
1780,74
1732,77
1719,74
1644,71
1595,70
1563,72
1687,75
1586,73
1633,73
1601,73
1661,72
1745,75
1611,71
1557,68
1550,67
1616,73
1582,69
1773,78
1641,71
1625,71
1583,68
1725,73
1747,78
1584,71
1538,71
1587,72
1754,77
1543,70
1569,68
1629,73
1741,74
1646,72
1733,76
1501,66
1750,75
1663,72
1657,70
1624,71
1696,69
1660,73
1727,76
1653,74
1545,67
1640,74
1543,70
1586,71
1858,78
1542,67
1703,74
1632,71
1573,69
1603,73
1666,74
1634,72
1629,73
1788,76
1447,63
1708,75
1617,69
1616,70
1772,77
1743,76
1592,67
1623,70
1741,76
1549,68
1789,76
1539,69
1746,78
1811,76
1760,75
1623,70
1600,71
1618,75
1549,71
1568,73
1808,78
1732,75
1775,76
1647,69
1693,73
1692,74
1745,74
1723,77
1583,71
1689,76
1733,74
1816,79
1647,70
1624,73
1562,70
1653,72
1750,75
1642,75
1690,76
1601,70
1505,68
1628,71
1681,74
1563,71
1521,71
1689,77
1514,70
1563,70
1837,77
1719,75
1641,71
1621,71
1639,71
1718,75
1492,66
1599,69
1786,78
1592,70
1709,77
1596,73
1518,70
1669,73
1649,69
1492,68
1553,68
1554,67
1924,80
1705,75
1720,76
1714,75
1666,72
1693,71
1463,68
1458,64
1593,74
1785,77
1612,70
1521,64
1452,64
1689,72
1496,68
1648,69
1544,70
1677,70
1702,74
1661,75
1536,69
1646,72
1601,71
1656,74
1719,75
1604,72
1603,69
1726,75
1682,73
1689,75
1474,63
1636,73
1498,66
1606,70
1840,76
1725,73
1708,74
1628,72
1684,73
1627,73
1615,73
1606,72
1758,75
1620,72
1591,68
1713,75
1587,70
1695,73
1631,69
1504,68
1675,75
1548,67
1760,75
1774,76
1744,76
1688,72
1691,75
1488,69
1625,72
1691,74
1652,72
1593,72
1759,75
1673,73
1674,74
1589,67
1543,66
1664,73
1549,66
1694,74
1765,73
1689,75
1580,68
1738,76
1606,71
1449,66
1706,75
1585,71
1803,75
1678,71
1456,67
1588,70
1641,69
1639,70
1611,70
1834,76
1598,69
1639,74
1702,70
1655,71
1672,73
1631,73
1706,74
1681,72
1650,72
1599,71
1591,69
1721,76
1548,72
1704,74
1501,67
1557,69
1584,73
1659,75
1681,73
1737,74
1559,71
1754,73
1665,71
1540,71
1774,74
1634,72
1590,75
1629,74
1542,68
1611,71
1666,73
1723,73
1571,69
1436,66
1571,69
1677,76
1694,74
1887,82
1842,76
1641,71
1621,71
1703,73
1699,74
1662,74
1662,73
1763,76
1701,72
1631,72
1609,74
1797,77
1836,75
1653,70
1648,70
1604,73
1719,71
1600,70
1733,75
1655,70
1503,67
1577,71
1676,72
1657,74
1556,68
1457,62
1631,72
1862,78
1648,73
1630,70
1617,73
1537,69
1669,74
1731,70
1690,72
1575,69
1655,74
1590,73
1570,68
1691,72
1522,67
1632,71
1745,72
1635,71
1576,71
1736,71
1556,68
1740,74
1751,73
1657,72
1763,76
1595,71
1528,65
1772,76
1531,67
1566,66
1723,73
1745,75
1702,72
1803,73
1675,74
1658,71
1716,74
1590,71
1707,74
1642,72
1562,70
1744,74
1580,69
1749,75
1687,73
1523,68
1611,70
1583,71
1681,72
1758,75
1666,73
1449,68
1563,66
1595,70
1835,80
1734,72
1589,70
1599,72
1461,67
1657,72
1739,71
1675,73
1635,70
1703,72
1964,81
1592,72
1677,73
1649,75
1636,71
1695,76
1797,74
1620,71
1797,75
1501,65
1648,72
1679,70
1692,72
1674,74
1732,72
1661,70
1621,72
1611,71
1742,76
1730,73
1623,71
1720,74
1569,70
1739,74
1520,71
1735,73
1563,70
1600,71
1461,66
1652,75
1692,72
1554,67
1475,67
1647,69
1628,71
1696,76
1722,75
1628,73
1627,69
1707,72
1502,66
1657,74
1707,70
1583,70
1437,64
1752,78
1675,72
1657,73
1586,70
1496,66
1600,71
1691,74
1618,73
1796,76
1651,69
1639,72
1680,71
1593,69
1633,72
1697,71
1546,71
1586,71
1751,74
1742,76
1763,76
1847,80
1529,70
1738,73
1544,72
1633,72
1603,72
1700,71
1547,71
1810,76
1625,67
1631,69
1635,72
1636,71
1611,72
1687,76
1682,71
1547,71
1733,74
1721,74
1774,77
1819,76
1829,80
1571,70
1638,72
1804,75
1898,79
1646,70
1833,77
1705,74
1584,69
1369,64
1530,67
1708,75
1632,72
1578,70
1739,73
1632,67
1604,73
1732,71
1584,69
1531,69
1613,71
1798,75
1697,72
1648,72
1705,74
1754,75
1648,73
1515,65
1703,74
1389,64
1526,68
1633,73
1596,67
1751,79
1669,74
1699,73
1684,75
1876,77
1625,72
1631,71
1688,72
1765,78
1542,66
1731,76
1646,74
1522,67
1610,72
1621,72
1786,75
1697,72
1801,75
1672,73
1654,72
1696,74
1620,70
1864,79
1619,71
1713,75
1726,76
1587,72
1766,76
1759,75
1506,66
1715,73
1688,74
1606,70
1669,75
1682,70
1763,77
1752,75
1691,74
1638,72
1821,77
1759,77
1659,72
1624,73
1582,70
1614,70
1486,71
1545,69
1630,73
1643,72
1710,70
1799,78
1489,67
1776,74
1732,74
1806,75
1686,72
1399,62
1703,72
1532,67
1762,77
1650,72
1665,75
1719,73
1746,76
1720,76
1727,72
1610,69
1805,78
1695,73
1631,69
1673,77
1600,72
1758,76
1618,71
1562,69
1584,70
1740,78
1612,70
1696,72
1702,72
1765,77
1606,72
1760,78
1610,72
1734,74
1683,72
1667,72
1710,74
1601,71
1629,72
1661,71
1607,70
1710,71
1704,73
1557,69
1676,74
1653,72
1635,70
1841,76
1648,72
1832,78
1637,74
1885,80
1622,74
1568,70
1656,73
1609,72
1589,70
1678,73
1435,67
1848,78
1567,70
1583,70
1742,73
1570,69
1796,75
1615,68
1606,70
1774,76
1715,72
1617,74
1691,74
1573,69
1615,73
1641,70
1477,65
1595,68
1604,69
1714,72
1578,68
1491,67
1599,72
1648,73
1698,74
1606,73
1478,67
1630,71
1671,73
1538,71
1570,69
1613,72
1574,69
1723,75
1573,69
1781,75
1872,81
1677,71
1528,70
1680,74
1663,72
1633,73
1653,69
1770,72
1675,72
1607,70
1454,67
1573,70
1621,70
1777,76
1855,79
1723,72
1639,67
1602,68
1600,72
1649,71
1855,78
1647,74
1733,71
1632,69
1677,71
1674,73
1816,77
1761,77
1755,76
1671,73
1633,72
1765,76
1641,68
1686,74
1690,72
1662,71
1480,66
1583,70
1594,73
1691,71
1763,75
1622,72
1812,79
1610,69
1641,71
1673,72
1616,70
1611,71
1537,66
1726,74
1516,68
1468,67
1757,76
1691,72
1693,71
1854,78
1598,70
1648,70
1573,70
1615,72
1677,73
1724,72
1695,72
1632,74
1715,74
1530,69
1559,68
1655,73
1570,69
1736,71
1694,73
1597,73
1598,66
1712,73
1645,71
1791,76
1709,74
1629,69
1456,66
1734,75
1571,72
1629,71
1595,70
1685,73
1714,71
1690,73
1620,72
1802,74
1921,79
1753,76
1636,70
1673,71
1752,72
1625,70
1623,74
1679,71
1499,68
1613,69
1762,74
1512,65
1682,73
1535,68
1529,71
1549,66
1722,73
1768,77
1637,72
1664,72
1664,72
1782,73
1632,72
1740,75
1783,76
1605,69
1654,73
1507,67
1685,75
1671,71
1594,70
1641,72
1707,73
1568,70
1678,74
1756,75
1639,69
1690,74
1584,72
1654,72
1583,68
1726,75
1616,71
1620,69
1728,76
1680,74
1541,67
1686,73
1635,73
1698,75
1546,69
1814,77
1687,73
1591,71
1440,66
1609,70
1651,73
1507,65
1737,74
1717,73
1813,78
1682,72
1729,76
1749,73
1728,76
1602,70
1556,69
1824,78
1729,74
1756,73
1731,75
1703,73
1913,78
1672,72
1767,78
1728,76
1730,74
1643,72
1667,75
1643,73
1754,76
1483,69
1713,73
1544,68
1903,77
1671,71
1760,77
1669,74
1745,77
1651,72
1855,76
1640,70
1516,69
1519,70
1713,75
1610,69
1473,66
1512,69
1604,67
1706,73
1686,72
1695,71
1613,71
1747,77
1561,71
1593,72
1561,69
1744,77
1570,70
1659,72
1663,74
1775,76
1543,67
1638,71
1632,73
1685,76
1571,72
1739,74
1662,70
1754,73
1793,76
1640,71
1677,77
1559,70
1772,73
1666,71
1569,71
1737,76
1525,68
1766,76
1761,75
1587,71
1500,67
1616,71
1744,75
1609,70
1629,70
1744,78
1731,78
1587,67
1652,72
1634,72
1728,75
1505,68
1806,77
1602,73
1676,73
1649,73
1571,69
1584,70
1795,77
1714,74
1649,72
1661,72
1762,75
1726,74
1704,75
1471,65
1429,64
1540,70
1678,75
1717,73
1721,75
1653,70
1675,72
1595,70
1598,70
1594,70
1592,70
1601,70
1568,66
1530,68
1669,73
1590,69
1587,71
1719,74
1659,70
1517,67
1557,70
1788,77
1626,73
1622,73
1495,66
1716,73
1735,73
1396,65
1648,71
1502,67
1698,70
1557,70
1637,70
1596,69
1615,70
1494,66
1740,76
1758,75
1777,76
1660,74
1725,74
1623,72
1881,81
1670,71
1786,77
1669,68
1662,75
1711,75
1559,68
1468,70
1568,71
1882,80
1545,69
1583,73
1498,70
1737,74
1595,66
1598,67
1605,74
1681,75
1817,75
1721,74
1519,67
1513,69
1600,71
1679,74
1548,70
1750,74
1418,65
1549,68
1612,71
1686,68
1700,72
1887,79
1676,74
1708,74
1600,68
1718,72
1792,78
1680,72
1622,71
1693,70
1647,70
1661,72
1840,75
1673,73
1553,70
1723,75
1622,72
1710,74
1672,74
1703,74
1769,74
1542,67
1726,77
1687,74
1557,70
1784,78
1809,79
1557,69
1645,70
1744,75
1755,77
1590,70
1714,74
1463,67
1621,68
1580,70
1859,76
1679,72
1677,72
1823,76
1544,67
1558,69
1500,67
1793,77
1813,76
1687,74
1752,75
1831,79
1722,73
1570,68
1747,75
1489,66
1697,70
1757,74
1597,69
1698,75
1606,71
1735,75
1796,74
1664,68
1716,74
1684,72
1516,67
1784,79
1815,76
1565,67
1591,72
1651,72
1609,69
1701,74
1645,72
1766,73
1692,74
1645,72
1745,75
1880,79
1777,76
1631,72
1724,74
1678,76
1716,75
1591,71
1465,64
1669,73
1531,68
1715,74
1702,77
1715,74
1657,73
1524,67
1865,78
1733,74
1623,72
1476,66
1577,67
1486,69
1679,73
1644,72
1836,78
1683,72
1715,73
1503,69
1683,76
1573,71
1761,74
1616,73
1535,68
1477,67
1618,71
1548,73
1703,77
1305,62
1825,78
1684,72
1600,72
1706,72
1680,76
1594,71
1676,72
1732,74
1641,72
1860,81
1735,74
1659,73
1624,72
1760,72
1604,68
1780,75
1590,69
1720,73
1725,74
1441,66
1641,72
1658,71
1824,76
1657,73
1648,73
1621,72
1756,75
1722,73
1544,66
1817,76
1610,70
1655,74
1723,73
1702,74
1631,77
1627,71
1715,73
1796,75
1659,73
1672,72
1587,70
1755,78
1849,77
1426,65
1668,71
1632,72
1734,75
1558,67
1857,79
1645,73
1626,69
1671,74
1884,79
1787,76
1702,72
1551,68
1636,69
1720,75
1565,71
1633,70
1752,74
1489,65
1641,72
1754,72
1559,70
1621,71
1587,69
1732,76
1749,75
1597,72
1672,70
1742,76
1678,73
1576,71
1537,71
1615,71
1702,70
1549,67
1673,72
1583,71
1666,72
1595,69
1613,70
1745,73
1850,78
1708,74
1449,65
1541,73
1854,79
1691,72
1730,75
1622,73
1726,74
1699,76
1668,70
1708,71
1612,70
1684,72
1656,69
1820,77
1656,72
1827,78
1718,76
1609,71
1556,73
1827,79
1744,77
1662,71
1671,72
1578,68
1702,75
1651,72
1564,68
1852,77
1588,69
1679,74
1676,73
1648,70
1745,74
1558,70
1760,75
1703,72
1544,71
1748,76
1635,72
1780,74
1726,76
1605,69
1709,75
1690,73
1771,74
1636,73
1804,74
1703,75
1604,70
1565,68
1761,75
1748,72
1654,74
1700,75
1633,69
1720,74
1612,70
1699,75
1848,77
1573,71
1403,64
1491,67
1588,67
1651,74
1658,74
1621,73
1520,67
1395,64
1686,74
1705,71
1733,76
1717,74
1792,77
1647,69
1573,72
1735,75
1669,71
1520,70
1674,70
1621,72
1818,76
1677,73
1875,78
1706,71
1636,69
1630,71
1823,77
1650,71
1694,72
1675,72
1760,76
1658,72
1649,71
1762,73
1708,72
1658,72
1743,75
1810,76
1659,72
1837,77
1549,69
1566,67
1623,73
1554,69
1606,69
1592,71
1560,70
1528,65
1583,70
1647,70
1645,70
1667,73
1806,78
1663,69
1654,71
1658,74
1655,70
1553,70
1551,70
1587,68
1697,70
1642,72
1619,67
1766,76
1573,71
1809,75
1634,70
1697,75
1496,67
1592,72
1608,69
1654,71
1563,66
1667,71
1869,81
1632,69
1824,74
1687,74
1616,72
1780,78
1741,75
1549,73
1692,75
1767,72
1705,74
1687,75
1443,67
1605,68
1832,76
1603,69
1642,68
1469,69
1629,72
1770,77
1657,71
1633,75
1817,77
1762,73
1530,66
1766,77
1580,71
1654,73
1636,72
1433,65
1600,68
1726,74
1606,71
1692,73
1623,72
1480,68
1748,74
1753,77
1659,75
1677,72
1659,71
1560,69
1421,64
1773,77
1731,70
1559,66
1711,74
1639,71
1749,74
1597,70
1760,76
1525,69
1740,76
1626,71
1685,70
1505,70
1473,64
1629,66
1750,76
1746,74
1768,78
1562,68
1754,75
1665,74
1446,67
1749,74
1633,69
1727,76
1628,72
1686,75
1840,79
1700,73
1666,72
1801,74
1545,66
1794,77
1543,72
1794,76
1700,75
1694,73
1653,69
1540,68
1625,74
1696,74
1792,78
1618,72
1734,72
1651,73
1576,71
1538,70
1680,72
1620,72
1655,72
1686,74
1563,70
1600,67
1802,78
1748,74
1677,72
1743,75
1625,71
1689,70
1631,70
1781,74
1533,67
1644,73
1491,65
1657,71
1788,75
1561,68
1523,69
1534,71
1527,70
1706,76
1525,68
1517,67
1554,68
1616,69
1650,71
1681,74
1617,72
1743,72
1713,73
1540,67
1724,73
1574,69
1546,66
1646,69
1853,80
1739,76
1745,78
1587,72
1665,69
1470,63
1692,70
1814,76
1667,73
1536,65
1558,68
1693,73
1703,75
1708,75
1650,72
1792,75
1565,69
1500,67
1786,78
1717,76
1748,72
1663,72
1778,75
1764,74
1776,76
1635,73
1691,75
1624,71
1815,77
1664,72
1678,71
1513,63
1558,70
1739,74
1631,71
1451,65
1800,77
1655,73
1601,72
1677,72
1754,76
1758,73
1774,74
1732,74
1751,74
1659,72
1873,80
1773,77
1708,74
1750,72
1826,75
1784,79
1608,69
1458,68
1834,78
1622,69
1647,73
1515,68
1698,71
1647,72
1736,72
1783,73
1743,78
1624,71
1774,76
1742,76
1688,72
1679,73
1584,70
1722,74
1721,74
1715,74
1701,74
1665,72
1724,77
1591,71
1668,74
1601,71
1586,73
1754,73
1565,67
1662,76
1581,71
1614,70
1690,73
1527,70
1890,79
1781,75
1623,70
1533,68
1756,71
1789,78
1710,73
1733,76
1888,78
1780,76
1734,75
1669,69
1768,75
1635,72
1674,71
1853,77
1649,73
1537,68
1672,75
1631,70
1644,72
1712,75
1609,72
1582,71
1818,79
1473,65
1795,77
1600,70
1720,73
1752,74
1779,77
1610,71
1594,72
1516,70
1577,71
1720,73
1668,71
1567,73
1692,75
1694,73
1630,73
1660,70
1614,68
1617,75
1786,76
1600,73
1689,71
1520,69
1799,77
1666,73
1593,72
1782,76
1612,74
1633,71
1528,70
1549,72
1778,76
1838,78
1678,71
1663,72
1643,71
1687,69
1666,73
1610,70
1604,70
1644,74
1652,70
1294,60
1579,70
1743,74
1531,70
1638,74
1726,75
1597,72
1706,72
1508,69
1657,72
1632,72
1607,70
1624,72
1789,77
1532,69
1706,73
1803,74
1602,70
1670,73
1582,68
1564,70
1715,75
1736,75
1550,69
1752,75
1574,72
1605,71
1817,77
1535,68
1772,76
1480,69
1717,74
1811,79
1656,73
1459,66
1627,71
1563,71
1738,76
1689,74
1628,69
1636,72
1829,77
1701,77
1601,68
1730,77
1771,70
1660,71
1505,71
1786,77
1600,71
1671,74
1799,77
1653,73
1611,69
1569,68
1661,75
1581,71
1669,74
1686,74
1692,74
1630,72
1543,67
1712,73
1677,73
1697,73
1720,72
1711,75
1612,72
1538,70
1796,74
1536,69
1656,72
1585,73
1572,70
1596,72
1681,73
1666,73
1705,73
1751,73
1679,71
1724,72
1760,76
1559,69
1626,75
1641,72
1646,70
1515,68
1812,78
1638,71
1622,70
1621,70
1858,77
1802,78
1664,72
1732,74
1589,69
1599,67
1842,76
1633,73
1511,68
1675,70
1559,64
1572,68
1600,69
1677,74
1603,71
1669,73
1680,71
1582,69
1654,74
1521,69
1564,72
1599,70
1808,76
1582,71
1488,66
1651,73
1510,70
1662,76
1661,68
1616,73
1533,69
1633,72
1663,67
1608,73
1674,72
1711,72
1733,76
1702,73
1624,74
1569,69
1628,74
1556,69
1552,69
1765,73
1662,71
1753,74
1732,76
1505,66
1636,73
1608,71
1578,67
1703,76
1515,69
1597,70
1785,74
1679,76
1566,68
1697,76
1648,73
1722,76
1844,79
1596,72
1651,75
1756,77
1525,69
1792,77
1662,73
1587,69
1851,77
1801,77
1639,70
1717,74
1512,65
1526,68
1841,79
1744,74
1627,72
1658,73
1561,69
1659,74
1612,72
1626,69
1843,80
1558,71
1574,69
1555,68
1522,69
1592,70
1670,74
1596,73
1724,71
1754,74
1625,74
1682,73
1566,69
1659,71
1618,69
1472,64
1735,72
1583,71
1760,74
1784,76
1504,67
1656,69
1698,74
1711,70
1640,70
1472,67
1607,72
1733,76
1703,73
1656,72
1684,71
1765,76
1581,66
1554,72
1451,66
1704,77
1636,70
1567,70
1776,75
1739,75
1661,71
1798,79
1654,73
1587,69
1574,68
1559,67
1748,78
1808,77
1464,66
1724,72
1717,75
1552,70
1777,75
1723,73
1654,70
1696,73
1598,71
1523,66
1771,77
1690,71
1641,73
1566,69
1687,73
1686,76
1762,72
1632,72
1475,67
1703,74
1682,71
1730,75
1615,73
1492,66
1591,71
1606,72
1455,66
1684,76
1772,73
1702,75
1545,69
1626,71
1672,72
1618,69
1763,74
1624,69
1570,72
1624,68
1521,70
1628,71
1770,76
1564,68
1584,71
1727,73
1648,74
1743,74
1615,71
1604,71
1685,74
1616,72
1569,68
1621,72
1588,66
1752,75
1611,72
1760,76
1796,76
1670,75
1531,70
1652,73
1817,78
1886,80
1648,69
1786,74
1699,73
1615,71
1835,79
1629,72
1737,74
1815,76
1727,72
1607,70
1683,74
1580,71
1785,77
1604,73
1771,75
1691,73
1657,72
1693,72
1680,74
1709,72
1579,68
1641,72
1746,74
1525,68
1681,73
1538,69
1716,74
1637,70
1716,72
1741,74
1611,70
1681,73
1662,72
1598,69
1624,74
1501,70
1499,72
1657,73
1780,75
1691,75
1702,74
1695,75
1771,75
1619,70
1616,70
1812,79
1655,72
1665,72
1777,75
1622,68
1574,70
1674,74
1626,74
1692,73
1720,74
1668,73
1848,78
1609,68
1767,74
1701,73
1733,73
1672,71
1652,72
1598,72
1337,59
1506,68
1680,72
1723,74
1759,75
1752,73
1637,73
1537,71
1794,73
1743,75
1756,76
1547,68
1728,74
1587,68
1748,74
1741,73
1592,72
1601,70
1501,67
1697,76
1790,77
1633,72
1790,74
1697,72
1673,71
1732,74
1718,72
1730,74
1799,73
1593,70
1783,74
1644,71
1747,73
1823,78
1636,70
1632,74
1413,65
1679,71
1905,80
1752,77
1664,71
1841,75
1652,74
1717,74
1734,73
1556,71
1534,69
1574,71
1805,76
1641,74
1747,77
1660,75
1692,73
1711,74
1735,74
1634,70
1562,70
1665,72
1645,71
1605,71
1609,71
1642,71
1625,75
1544,67
1631,70
1771,78
1410,65
1674,73
1541,69
1595,68
1685,73
1671,74
1553,71
1630,73
1690,70
1622,71
1815,76
1665,74
1640,73
1629,72
1672,71
1535,73
1598,69
1665,73
1840,77
1604,70
1633,71
1672,73
1538,70
1654,73
1689,72
1543,71
1917,79
1694,73
1456,66
1632,72
1592,68
1639,70
1627,71
1507,67
1702,73
1683,75
1726,73
1733,75
1738,75
1741,74
1781,77
1598,70
1593,72
1689,74
1550,66
1699,71
1667,70
1729,75
1904,80
1760,77
1692,74
1498,65
1747,74
1693,71
1862,79
1842,77
1668,70
1813,78
1730,74
1690,71
1732,74
1664,71
1628,70
1670,72
1673,75
1618,71
1648,72
1656,75
1642,74
1713,73
1725,73
1527,70
1748,74
1596,72
1736,72
1619,73
1774,78
1711,74
1689,73
1673,72
1551,67
1658,73
1587,66
1805,76
1507,64
1746,77
1663,74
1594,71
1671,72
1516,70
1614,70
1668,73
1713,74
1649,74
1536,69
1663,72
1681,72
1670,74
1752,74
1806,77
1533,66
1566,64
1703,76
1729,74
1748,75
1757,74
1762,76
1677,70
1625,72
1553,70
1772,75
1639,71
1727,77
1673,73
1700,75
1796,78
1579,65
1661,72
1459,67
1740,75
1601,72
1694,71
1655,73
1646,72
1748,76
1687,74
1610,74
1698,74
1610,72
1609,71
1740,76
1516,67
1728,73
1595,71
1675,70
1632,71
1737,76
1665,74
1590,69
1701,70
1423,65
1547,70
1680,72
1680,72
1711,73
1749,77
1750,76
1635,72
1721,73
1636,71
1766,76
1705,71
1731,73
1775,75
1715,77
1693,74
1733,76
1715,76
1628,69
1736,72
1628,74
1658,73
1770,73
1627,70
1645,72
1694,72
1588,69
1599,72
1626,71
1942,79
1774,77
1685,70
1605,66
1594,73
1816,79
1758,78
1712,74
1726,74
1675,71
1674,74
1458,66
1564,71
1408,65
1824,73
1701,74
1638,76
1648,75
1768,73
1645,74
1695,75
1652,72
1620,70
1733,72
1608,71
1614,69
1851,78
1742,76
1639,74
1592,69
1693,70
1532,69
1565,72
1779,74
1678,73
1643,71
1695,69
1625,72
1614,74
1656,73
1735,73
1604,72
1626,68
1725,74
1611,73
1619,67
1613,73
1543,71
1777,73
1597,72
1738,74
1613,72
1457,62
1641,70
1514,66
1637,72
1522,72
1578,68
1737,73
1657,73
1590,69
1641,74
1763,75
1730,76
1798,77
1644,70
1654,73
1635,71
1543,70
1698,74
1658,74
1475,67
1737,72
1729,73
1734,75
1746,76
1568,73
1466,67
1869,78
1657,71
1822,76
1639,70
1708,76
1744,74
1512,66
1495,68
1626,71
1792,75
1651,70
1674,71
1711,74
1748,76
1636,69
1839,77
1561,68
1761,74
1809,78
1626,69
1604,68
1536,65
1779,74
1793,77
1780,76
1748,75
1712,73
1680,75
1700,78
1730,75
1661,71
1560,69
1606,70
1697,71
1720,73
1693,71
1578,69
1681,74
1512,67
1705,74
1510,66
1772,76
1686,72
1686,75
1731,74
1623,73
1648,69
1415,65
1481,68
1782,76
1643,74
1580,70
1651,72
1731,77
1700,71
1717,76
1721,75
1652,70
1533,67
1718,70
1702,73
1655,74
1547,70
1828,76
1546,71
1472,65
1575,69
1655,74
1751,75
1595,68
1732,74
1512,68
1703,72
1556,71
1597,71
1692,72
1843,77
1777,78
1560,69
1702,76
1699,71
1747,72
1723,77
1569,71
1506,65
1526,67
1584,72
1708,73
1689,74
1652,71
1853,74
1831,74
1680,74
1541,69
1685,73
1645,69
1558,69
1853,78
1603,73
1581,69
1741,74
1744,74
1675,69
1697,76
1632,74
1870,77
1742,76
1638,70
1401,63
1591,69
1728,75
1579,69
1532,68
1644,71
1679,73
1629,72
1781,75
1679,74
1606,71
1580,70
1692,75
1533,67
1678,75
1734,74
1701,71
1740,76
1643,73
1726,74
1694,75
1783,74
1700,72
1714,71
1620,67
1594,73
1611,73
1804,75
1745,77
1507,68
1626,68
1687,73
1648,71
1589,67
1532,67
1628,68
1778,71
1556,68
1629,73
1616,74
1657,74
1638,70
1635,69
1677,72
1608,72
1702,72
1719,76
1652,74
1711,74
1756,77
1585,70
1675,73
1735,74
1776,78
1719,70
1690,73
1469,64
1747,76
1620,72
1644,72
1524,69
1843,79
1737,75
1663,73
1639,72
1604,67
1707,71
1732,74
1789,74
1773,77
1721,75
1534,68
1682,72
1831,76
1628,72
1577,71
1588,69
1743,77
1693,74
1697,74
1657,68
1634,71
1762,74
1718,75
1700,75
1671,76
1663,74
1754,76
1548,69
1602,72
1535,69
1669,74
1663,72
1673,71
1677,74
1561,69
1582,70
1695,71
1697,71
1700,73
1711,72
1504,66
1737,76
1671,72
1669,71
1656,73
1654,73
1592,69
1752,74
1827,76
1653,73
1688,74
1870,76
1597,69
1633,71
1691,74
1525,66
1599,71
1786,74
1743,74
1657,70
1586,70
1716,70
1470,67
1452,66
1728,75
1612,72
1705,74
1687,69
1649,73
1477,67
1649,72
1615,70
1611,68
1541,67
1700,75
1686,73
1792,76
1657,71
1784,75
1702,74
1617,72
1693,70
1751,76
1740,73
1677,72
1567,68
1663,71
1618,69
1788,76
1634,73
1510,66
1726,74
1595,70
1604,70
1708,77
1651,70
1745,71
1737,73
1688,73
1779,76
1722,74
1715,73
1715,73
1629,71
1735,73
1698,71
1656,73
1751,76
1573,68
1810,78
1679,73
1832,79
1459,67
1676,70
1807,74
1819,76
1667,71
1836,78
1383,63
1651,72
1660,72
1589,68
1679,71
1645,73
1649,73
1531,69
1819,77
1581,70
1567,70
1839,78
1766,74
1554,65
1415,63
1739,75
1538,67
1753,77
1606,74
1455,65
1603,72
1531,67
1743,73
1623,68
1718,73
1637,73
1812,78
1702,73
1663,71
1695,74
1660,70
1767,73
1645,71
1718,71
1575,66
1676,68
1548,68
1558,69
1683,72
1627,75
1678,72
1788,73
1668,73
1712,74
1526,68
1683,73
1681,70
1786,73
1611,68
1696,74
1673,71
1506,68
1788,74
1817,75
1418,62
1687,74
1599,69
1562,71
1565,69
1422,66
1683,73
1402,64
1633,71
1675,71
1603,70
1525,68
1617,70
1646,72
1796,77
1756,75
1632,68
1536,68
1698,72
1818,77
1796,75
1669,73
1633,69
1361,64
1631,70
1613,71
1621,72
1820,74
1638,74
1762,77
1600,72
1674,69
1774,77
1607,68
1695,71
1497,69
1675,75
1633,72
1767,78
1554,69
1685,78
1694,72
1779,76
1808,77
1688,72
1745,75
1687,73
1742,75
1554,67
1682,72
1683,73
1647,74
1747,75
1680,73
1591,71
1647,73
1521,67
1835,75
1566,70
1754,74
1482,67
1685,72
1751,75
1696,76
1732,71
1662,74
1651,72
1818,78
1682,71
1713,75
1707,73
1543,70
1679,72
1682,72
1563,69
1642,70
1662,74
1709,75
1632,70
1608,72
1610,68
1615,72
1673,75
1804,77
1812,73
1574,66
1650,71
1533,64
1634,70
1788,76
1790,78
1732,75
1646,72
1827,78
1878,79
1590,70
1716,75
1694,73
1592,71
1783,78
1645,71
1656,71
1604,71
1505,67
1566,72
1650,73
1748,75
1694,75
1701,74
1660,72
1639,71
1613,69
1596,70
1664,73
1767,74
1608,68
1695,71
1741,78
1802,76
1525,67
1665,71
1770,76
1566,70
1664,73
1489,64
1817,78
1777,78
1699,75
1665,73
1624,71
1631,72
1545,68
1375,66
1590,69
1692,73
1412,66
1601,69
1682,72
1546,70
1559,70
1633,75
1710,76
1701,72
1736,76
1679,72
1507,69
1611,70
1610,73
1739,74
1714,74
1687,76
1755,76
1587,71
1642,71
1640,68
1663,70
1587,67
1710,76
1600,68
1655,73
1731,75
1867,80
1678,73
1748,72
1753,72
1551,67
1701,74
1576,71
1466,68
1600,71
1734,72
1669,73
1537,69
1727,72
1723,71
1647,73
1509,64
1550,71
1643,70
1655,71
1693,71
1589,67
1744,76
1631,71
1596,69
1632,70
1745,74
1552,70
1668,72
1772,75
1752,74
1514,68
1716,73
1720,74
1709,70
1636,73
1703,73
1664,68
1649,73
1686,74
1593,69
1746,72
1544,71
1590,70
1782,77
1713,74
1708,75
1864,79
1739,74
1667,72
1626,70
1759,77
1650,72
1651,74
1639,68
1627,72
1530,70
1643,71
1739,72
1703,72
1718,75
1614,67
1547,67
1733,74
1734,74
1599,70
1651,73
1679,73
1570,72
1786,74
1707,74
1526,68
1750,76
1624,71
1562,67
1710,76
1652,73
1574,71
1645,70
1680,75
1755,74
1638,72
1766,75
1588,71
1736,73
1758,78
1573,68
1646,71
1789,77
1546,68
1628,70
1706,74
1615,74
1645,70
1553,73
1596,70
1660,72
1635,72
1638,75
1620,73
1680,72
1724,72
1620,73
1751,75
1624,69
1666,72
1667,73
1652,71
1629,72
1821,76
1753,74
1586,69
1713,70
1786,78
1565,68
1606,72
1642,71
1566,71
1663,70
1705,74
1541,65
1728,72
1544,68
1700,72
1582,69
1823,77
1745,74
1679,71
1730,76
1654,69
1712,73
1775,78
1607,68
1680,72
1694,75
1920,82
1650,71
1722,73
1567,65
1571,70
1585,71
1638,70
1708,73
1953,82
1787,76
1625,73
1496,66
1661,72
1711,72
1650,72
1696,73
1596,70
1671,72
1553,69
1649,74
1533,67
1714,75
1527,67
1568,68
1655,72
1800,79
1658,72
1617,70
1805,75
1516,70
1509,70
1556,69
1736,73
1531,68
1623,72
1690,70
1703,76
1613,71
1599,71
1707,72
1572,72
1692,76
1673,69
1502,68
1695,71
1626,70
1715,74
1451,65
1693,76
1687,73
1597,74
1598,69
1600,71
1600,73
1646,70
1780,76
1717,73
1772,77
1703,74
1628,70
1668,72
1648,72
1642,69
1421,64
1806,78
1651,74
1760,74
1594,70
1619,72
1757,76
1714,77
1719,76
1568,71
1730,74
1693,70
1589,71
1595,71
1680,75
1770,76
1540,69
1603,72
1666,72
1783,76
1757,74
1595,72
1640,72
1615,71
1670,73
1756,73
1813,76
1740,75
1820,79
1604,72
1672,73
1654,73
1798,77
1598,71
1651,70
1691,71
1529,68
1684,73
1692,73
1675,72
1668,72
1637,73
1782,77
1571,70
1600,70
1710,75
1589,73
1589,69
1593,69
1698,72
1645,72
1662,72
1768,74
1723,72
1667,71
1637,71
1760,74
1687,74
1505,68
1591,70
1786,77
1737,77
1689,73
1554,69
1771,76
1817,76
1488,67
1736,77
1554,69
1732,75
1552,66
1550,70
1676,70
1652,70
1794,72
1654,74
1745,74
1684,74
1762,74
1739,74
1826,76
1701,76
1667,74
1602,67
1709,71
1598,69
1648,72
1623,69
1722,73
1626,72
1557,68
1634,69
1597,69
1628,72
1633,73
1700,74
1623,70
1647,71
1685,74
1535,70
1528,67
1539,68
1692,72
1568,70
1668,72
1747,74
1607,67
1634,71
1714,73
1764,73
1478,64
1676,71
1833,76
1682,73
1755,75
1591,70
1729,76
1810,77
1712,73
1766,76
1622,70
1568,67
1576,71
1744,71
1511,67
1775,77
1758,78
1680,73
1710,72
1565,69
1527,67
1641,74
1586,72
1525,68
1726,76
1631,68
1526,68
1642,70
1647,74
1715,75
1739,74
1753,76
1746,77
1689,70
1821,76
1819,79
1835,77
1717,71
1790,75
1619,71
1639,73
1570,71
1553,71
1637,73
1670,75
1860,79
1549,69
1757,77
1699,73
1710,77
1700,74
1537,71
1646,71
1658,71
1602,69
1710,74
1515,66
1750,76
1557,71
1642,75
1602,69
1566,71
1554,69
1829,73
1757,75
1613,70
1868,80
1754,74
1553,66
1758,73
1698,74
1504,68
1523,65
1826,78
1681,70
1586,70
1855,78
1605,71
1495,71
1633,72
1408,61
1651,71
1726,78
1725,72
1667,75
1709,75
1801,77
1691,77
1728,75
1714,72
1628,71
1827,78
1644,71
1722,71
1821,78
1705,74
1577,69
1440,65
1588,67
1687,76
1648,72
1629,71
1636,72
1733,76
1633,70
1638,69
1535,69
1666,72
1589,69
1496,67
1824,78
1574,69
1574,70
1651,74
1630,69
1691,75
1828,80
1664,74
1509,68
1703,72
1648,69
1711,77
1740,76
1724,76
1781,77
1567,66
1729,74
1781,76
1664,71
1640,70
1656,72
1682,70
1578,68
1593,71
1733,77
1665,74
1672,71
1597,73
1583,68
1685,75
1688,71
1625,70
1621,71
1602,69
1605,71
1641,71
1798,75
1663,73
1554,69
1725,74
1672,73
1530,66
1651,72
1585,69
1691,75
1605,71
1585,69
1734,78
1780,75
1676,73
1675,71
1840,77
1828,77
1661,70
1580,69
1673,73
1620,72
1912,79
1601,72
1616,71
1642,71
1515,69
1760,77
1832,75
1618,69
1614,65
1448,64
1580,70
1690,73
1693,72
1525,69
1636,72
1626,69
1766,78
1661,73
1624,73
1525,69
1644,73
1679,75
1772,75
1508,69
1635,72
1546,69
1580,71
1626,73
1538,67
1654,73
1644,74
1650,70
1545,69
1430,63
1564,72
1435,64
1561,72
1554,67
1592,67
1570,70
1701,74
1510,71
1570,70
1681,75
1680,73
1648,72
1524,67
1638,72
1770,76
1782,76
1531,67
1453,66
1770,75
1684,75
1738,76
1574,69
1745,72
1684,73
1682,73
1701,76
1610,71
1615,69
1428,62
1686,71
1734,75
1666,74
1697,74
1733,73
1831,78
1675,74
1634,71
1567,70
1592,70
1500,69
1791,75
1651,72
1713,75
1578,67
1752,75
1515,67
1655,74
1577,71
1634,72
1550,71
1620,72
1601,71
1662,71
1580,68
1564,69
1705,73
1635,72
1787,76
1575,74
1533,67
1767,74
1578,71
1619,70
1538,71
1670,74
1690,75
1650,73
1844,77
1492,66
1648,70
1704,71
1713,74
1704,72
1757,74
1613,69
1655,72
1701,71
1716,75
1531,69
1825,78
1680,75
1512,68
1523,70
1711,74
1658,73
1748,77
1835,79
1515,68
1637,71
1635,72
1615,71
1704,74
1714,71
1496,67
1801,75
1735,75
1675,74
1805,74
1603,71
1673,75
1744,73
1596,69
1677,71
1598,69
1698,73
1569,69
1696,74
1620,71
1825,77
1676,73
1710,73
1628,73
1713,74
1809,77
1548,67
1803,76
1741,74
1626,72
1616,74
1659,72
1583,73
1751,71
1582,73
1613,67
1811,75
1597,70
1810,77
1929,81
1714,72
1676,74
1726,69
1635,70
1674,72
1799,77
1572,73
1477,66
1576,73
1694,76
1474,69
1701,74
1680,76
1695,73
1614,69
1716,74
1471,67
1674,73
1738,77
1589,69
1433,69
1666,73
1641,70
1845,74
1733,73
1702,72
1701,71
1749,75
1732,76
1498,69
1675,72
1690,76
1623,71
1726,74
1538,65
1586,68
1651,72
1685,72
1561,69
1688,71
1504,68
1716,72
1594,69
1552,69
1703,73
1323,61
1742,73
1645,72
1559,67
1698,74
1541,71
1835,77
1736,72
1750,76
1662,72
1632,71
1698,72
1674,69
1527,68
1744,77
1693,77
1665,74
1693,72
1756,77
1786,78
1808,78
1637,74
1730,75
1670,71
1671,71
1749,78
1654,69
1491,70
1465,67
1559,69
1690,70
1748,77
1775,75
1658,70
1658,72
1557,70
1694,71
1781,74
1761,74
1636,70
1410,64
1780,76
1682,72
1719,75
1723,75
1566,68
1738,75
1703,74
1576,67
1575,68
1581,70
1872,75
1793,73
1755,78
1556,69
1658,71
1607,72
1642,73
1569,71
1727,74
1628,73
1520,70
1738,74
1846,75
1757,75
1585,68
1595,69
1561,71
1541,72
1703,74
1709,74
1516,68
1707,73
1751,74
1769,74
1818,75
1638,70
1613,70
1542,68
1682,70
1519,66
1622,68
1548,66
1747,74
1711,75
1641,72
1637,73
1667,72
1717,75
1853,77
1602,71
1592,69
1543,70
1507,66
1607,72
1866,75
1651,72
1591,70
1706,74
1725,74
1642,71
1703,71
1635,70
1791,76
1481,65
1744,77
1488,68
1679,72
1608,73
1618,67
1650,75
1776,78
1598,70
1753,74
1598,71
1713,70
1624,75
1621,72
1931,83
1678,73
1655,70
1826,78
1695,72
1714,73
1691,72
1620,70
1650,72
1686,77
1829,75
1561,67
1676,71
1532,67
1693,75
1655,72
1668,74
1719,71
1569,67
1668,72
1655,70
1749,74
1643,71
1650,72
1815,74
1576,67
1521,67
1618,72
1716,75
1796,77
1621,72
1701,72
1457,65
1485,68
1540,69
1400,66
1633,73
1784,76
1642,73
1528,69
1680,71
1630,73
1703,74
1468,63
1768,77
1635,72
1613,70
1607,72
1828,76
1769,75
1723,74
1635,71
1650,71
1689,71
1628,72
1666,73
1697,74
1692,70
1801,73
1711,74
1494,68
1522,68
1777,74
1418,63
1682,70
1660,73
1651,69
1604,71
1645,72
1682,74
1732,73
1484,64
1546,69
1574,68
1731,72
1701,74
1703,74
1581,68
1675,73
1656,72
1689,73
1696,74
1559,70
1653,71
1651,72
1660,71
1669,72
1534,69
1531,68
1664,72
1658,74
1862,79
1603,70
1643,69
1633,73
1723,74
1751,72
1714,75
1534,70
1749,74
1804,75
1759,78
1643,74
1521,71
1567,70
1566,71
1610,69
1676,68
1603,66
1674,72
1730,74
1655,72
1790,75
1674,69
1615,69
1558,69
1804,76
1684,71
1706,74
1723,73
1652,75
1606,68
1632,72
1679,69
1615,75
1695,74
1697,75
1723,71
1581,68
1422,66
1727,74
1524,66
1607,70
1651,72
1774,76
1597,70
1740,71
1806,77
1725,72
1460,68
1593,72
1691,73
1729,74
1689,68
1803,75
1583,70
1640,70
1592,71
1537,68
1963,81
1538,70
1617,69
1684,72
1723,74
1778,76
1567,67
1705,73
1746,74
1714,72
1589,69
1569,68
1679,73
1728,71
1589,68
1749,73
1672,72
1573,69
1594,73
1672,74
1666,72
1719,72
1640,72
1607,67
1768,77
1773,77
1706,74
1677,70
1703,74
1646,71
1664,71
1738,75
1634,71
1579,68
1749,75
1553,70
1711,76
1627,74
1670,73
1446,65
1671,70
1763,77
1510,67
1541,68
1750,75
1647,72
1643,75
1850,77
1775,75
1737,75
1669,75
1714,75
1451,66
1692,76
1714,75
1596,71
1687,71
1671,73
1709,74
1626,71
1595,69
1582,67
1783,75
1644,70
1556,70
1542,67
1565,69
1599,73
1693,71
1752,74
1648,72
1662,74
1603,69
1638,70
1798,74
1741,73
1817,79
1608,72
1607,70
1673,70
1781,76
1726,71
1532,68
1495,68
1704,72
1880,81
1745,74
1816,77
1645,72
1735,75
1568,69
1700,73
1801,76
1683,74
1582,70
1612,73
1599,70
1839,77
1630,73
1653,73
1620,71
1639,69
1707,74
1654,73
1719,76
1763,76
1669,71
1638,72
1657,72
1539,72
1731,74
1833,76
1804,75
1649,71
1637,72
1665,73
1610,72
1569,68
1673,72
1783,75
1664,70
1613,70
1604,69
1601,67
1611,70
1805,76
1697,74
1579,70
1742,72
1708,73
1691,75
1743,77
1641,75
1526,69
1894,81
1548,70
1641,70
1763,77
1742,76
1713,74
1496,70
1632,70
1597,70
1675,72
1508,68
1643,72
1693,73
1648,70
1615,67
1691,75
1565,69
1702,72
1698,73
1585,70
1626,69
1594,71
1713,74
1613,71
1551,70
1552,68
1906,78
1509,68
1609,69
1852,77
1638,71
1718,76
1365,61
1668,72
1659,74
1707,71
1537,68
1562,66
1803,78
1568,70
1667,70
1634,71
1669,75
1649,73
1807,77
1555,67
1720,76
1521,67
1804,79
1560,67
1787,77
1586,71
1644,70
1641,73
1598,68
1818,78
1608,70
1716,76
1706,74
1680,73
1754,74
1743,77
1681,72
1722,74
1802,78
1617,70
1726,73
1603,72
1638,69
1676,71
1782,76
1637,71
1539,66
1553,71
1485,64
1605,70
1828,75
1664,74
1621,72
1620,70
1623,71
1646,73
1521,69
1743,75
1896,81
1590,66
1596,71
1731,73
1804,75
1759,77
1817,78
1816,78
1600,70
1695,72
1767,73
1655,73
1714,73
1687,71
1576,68
1595,71
1606,70
1836,76
1501,68
1485,64
1690,70
1785,75
1727,75
1469,61
1702,74
1512,73
1851,79
1791,74
1730,73
1802,78
1795,80
1593,70
1799,77
1768,78
1765,73
1635,73
1605,68
1775,73
1723,73
1731,74
1624,73
1703,72
1666,72
1675,71
1700,74
1580,72
1676,72
1745,75
1599,70
1625,72
1580,69
1600,71
1593,70
1586,69
1776,76
1738,73
1537,70
1656,72
1707,72
1652,74
1596,70
1664,71
1704,74
1665,75
1729,75
1676,72
1666,68
1622,73
1864,79
1532,71
1633,69
1701,74
1623,71
1704,75
1789,75
1563,71
1705,75
1683,74
1707,72
1703,75
1810,77
1662,70
1624,69
1665,70
1550,70
1604,72
1863,77
1536,66
1688,72
1820,79
1551,71
1831,77
1634,69
1586,68
1420,66
1588,71
1595,70
1787,78
1770,72
1676,73
1684,72
1732,74
1697,73
1813,77
1521,70
1647,69
1517,68
1550,70
1783,75
1577,72
1759,75
1648,73
1547,68
1668,72
1934,80
1760,76
1705,73
1753,76
1566,70
1659,72
1631,71
1791,75
1774,73
1568,66
1753,76
1886,76
1810,78
1651,71
1667,72
1739,75
1804,77
1670,73
1636,70
1616,71
1607,73
1423,65
1671,75
1737,73
1650,71
1680,73
1710,75
1659,72
1554,68
1689,73
1641,70
1596,69
1732,71
1899,79
1531,68
1698,71
1578,70
1621,71
1658,71
1559,72
1688,73
1748,72
1586,68
1837,76
1786,76
1605,69
1706,74
1423,65
1679,73
1550,69
1616,70
1584,69
1631,72
1717,74
1711,72
1669,73
1582,71
1657,71
1708,71
1833,77
1745,73
1564,70
1671,73
1635,73
1769,75
1681,73
1705,76
1767,72
1770,74
1722,73
1618,71
1724,73
1607,74
1558,71
1610,69
1698,74
1616,72
1682,72
1760,73
1804,74
1658,72
1630,72
1593,73
1559,70
1509,67
1753,75
1873,79
1752,72
1700,71
1666,73
1743,75
1462,67
1576,65
1619,72
1629,70
1760,77
1652,72
1597,70
1520,69
1563,69
1602,71
1479,68
1667,72
1753,73
1616,70
1697,71
1517,68
1689,75
1571,68
1584,69
1623,71
1729,75
1598,71
1739,74
1515,69
1772,74
1667,74
1631,70
1777,75
1813,75
1672,74
1751,76
1636,70
1647,74
1678,74
1724,76
1836,75
1726,73
1747,74
1411,63
1745,72
1504,67
1630,70
1582,68
1723,74
1634,72
1568,70
1701,73
1635,69
1487,64
1600,68
1516,67
1697,71
1760,76
1685,75
1516,69
1771,74
1647,73
1645,72
1720,72
1727,73
1669,70
1637,71
1672,74
1633,75
1639,72
1729,76
1608,69
1625,68
1776,77
1634,73
1756,74
1741,74
1655,71
1662,71
1668,73
1615,71
1685,72
1744,73
1725,72
1706,76
1813,74
1542,67
1577,66
1486,66
1695,74
1725,76
1558,71
1650,72
1657,69
1634,74
1627,70
1740,75
1672,70
1635,73
1687,73
1593,68
1698,71
1750,74
1585,68
1642,70
1678,73
1657,73
1788,76
1625,71
1582,68
1595,69
1501,65
1647,74
1745,72
1724,73
1925,78
1784,78
1689,75
1676,76
1651,74
1730,73
1708,72
1577,68
1765,75
1874,78
1795,76
1399,63
1670,74
1714,73
1783,73
1672,71
1822,79
1579,69
1854,77
1650,72
1601,70
1570,71
1457,65
1592,68
1571,68
1625,74
1743,72
1655,74
1636,69
1615,73
1789,76
1861,78
1737,76
1593,71
1549,67
1633,70
1673,70
1592,72
1571,68
1715,75
1467,66
1705,71
1700,73
1653,71
1611,71
1572,71
1574,70
1726,71
1649,68
1678,70
1654,74
1671,71
1753,71
1677,73
1673,71
1799,76
1728,72
1601,69
1649,71
1755,74
1655,72
1694,70
1661,73
1595,68
1758,76
1556,69
1600,68
1502,68
1441,66
1659,71
1777,76
1500,68
1735,77
1608,74
1815,74
1744,75
1756,74
1640,70
1683,72
1675,72
1627,71
1731,73
1650,73
1740,72
1718,75
1513,69
1693,76
1653,71
1605,71
1793,74
1737,74
1721,73
1578,69
1697,71
1852,78
1531,68
1467,63
1695,76
1683,73
1588,70
1782,77
1738,76
1604,71
1715,72
1684,73
1676,72
1570,70
1726,74
1609,70
1700,73
1572,62
1739,73
1700,72
1611,69
1698,74
1695,73
1666,75
1547,67
1844,77
1761,75
1647,73
1610,69
1544,72
1650,70
1684,72
1734,76
1701,73
1476,67
1682,71
1616,71
1538,65
1510,69
1570,72
1499,66
1566,69
1547,66
1943,82
1727,72
1648,70
1682,72
1753,73
1596,73
1790,77
1539,67
1657,71
1521,65
1582,69
1631,70
1595,71
1731,72
1550,71
1681,71
1577,67
1533,66
1808,78
1597,69
1609,69
1382,62
1589,72
1742,75
1659,72
1702,75
1622,69
1734,76
1704,73
1763,75
1499,66
1678,74
1660,73
1842,79
1727,73
1685,71
1591,70
1569,67
1649,73
1595,69
1605,73
1619,68
1690,72
1622,69
1820,78
1663,73
1704,72
1718,73
1636,72
1598,69
1587,72
1737,74
1722,73
1631,70
1537,70
1744,73
1480,68
1709,73
1693,75
1513,68
1854,78
1818,77
1828,73
1561,67
1575,69
1697,75
1490,69
1585,67
1733,75
1545,69
1665,68
1783,74
1779,78
1736,71
1770,73
1666,73
1663,71
1405,65
1530,65
1760,74
1770,74
1558,70
1727,75
1443,63
1787,75
1719,74
1751,75
1693,73
1714,76
1661,73
1747,73
1492,69
1654,73
1732,74
1654,71
1802,78
1631,71
1621,70
1602,74
1744,77
1653,71
1700,72
1817,76
1732,76
1902,79
1677,73
1664,72
1694,72
1552,68
1605,73
1536,69
1776,73
1709,75
1800,76
1598,69
1718,72
1596,70
1682,74
1684,71
1675,71
1472,64
1465,67
1815,75
1592,72
1703,70
1612,70
1786,75
1605,72
1664,74
1585,71
1644,71
1741,71
1651,73
1685,75
1711,73
1678,73
1545,68
1701,73
1810,76
1623,72
1504,66
1622,75
1699,73
1611,71
1656,72
1873,76
1573,72
1708,74
1564,69
1890,76
1706,72
1727,73