1302,59
1371,62
1346,60
1369,63
1442,65
1311,62
1409,64
1430,61
1511,67
1226,59
1453,64
1521,66
1413,62
1399,63
1227,60
1525,66
1367,62
1516,66
1369,62
1395,59
1378,63
1438,65
1360,61
1378,63
1381,63
1557,67
1364,63
1398,65
1394,60
1432,65
1313,61
1351,60
1516,66
1350,60
1569,68
1330,62
1297,62
1545,67
1355,61
1504,66
1475,66
1497,66
1416,63
1526,67
1497,65
1467,66
1489,64
1641,65
1554,67
1405,62
1435,63
1428,66
1454,65
1476,65
1537,68
1470,64
1358,61
1557,69
1456,66
1594,70
1525,66
1514,67
1522,68
1496,65
1472,69
1585,70
1702,73
1617,71
1562,67
1588,68
1667,71
1452,65
1705,72
1532,67
1711,71
1596,70
1596,70
1730,74
1578,67
1515,65
1634,70
1724,73
1426,62
1555,67
1433,62
1498,63
1640,71
1703,73
1696,73
1469,66
1667,67
1619,68
1484,64
1686,72
1562,66
1440,63
1627,71
1604,66
1638,71
1641,69
1470,65
1633,69
1572,66
1505,68
1492,63
1706,73
1648,72
1503,64
1570,67
1578,67
1662,67
1436,63
1442,64
1485,65
1664,71
1465,64
1685,72
1616,68
1547,66
1664,71
1608,69
1668,69
1508,65
1629,67
1399,61
1747,73
1495,63
1481,65
1572,69
1519,66
1654,70
1588,67
1483,63
1665,68
1625,69
1386,63
1527,64
1734,73
1472,65
1513,64
1598,72
1516,66
1639,71
1569,67
1548,67
1551,70
1527,65
1482,66
1610,68
1532,66
1558,69
1436,63
1652,70
1481,64
1683,73
1701,72
1615,70
1541,68
1583,67
1706,74
1612,69
1591,70
1544,69
1670,74
1610,71
1488,67
1533,68
1523,69
1674,74
1524,68
1417,65
1492,66
1521,69
1596,71
1542,66
1468,65
1690,75
1507,67
1438,65
1526,68
1634,71
1630,72
1422,66
1419,65
1723,76
1483,66
1596,71
1428,65
1370,64
1576,72
1511,65
1588,69
1448,62
1444,68
1644,70
1588,71
1498,69
1669,74
1534,68
1563,70
1526,68
1454,67
1576,68
1575,71
1629,71
1569,69
1634,72
1723,76
1727,76
1576,69
1405,64
1433,65
1503,69
1686,72
1504,61
1510,68
1711,75
1436,65
1518,69
1684,75
1387,62
1452,63
1455,66
1640,74
1584,71
1650,73
1665,72
1553,67
1578,70
1546,70
1614,70
1492,66
1680,74
1394,62
1462,67
1585,67
1560,67
1458,62
1504,67
1661,72
1579,71
1539,68
1582,69
1625,73
1477,65
1531,67
1515,67
1568,66
1532,67
1492,65
1526,68
1669,73
1588,71
1650,73
1702,74
1522,68
1442,65
1546,70
1490,66
1772,74
1509,65
1437,63
1421,62
1635,71
1360,60
1586,70
1491,65
1705,74
1711,75
1669,75
1568,67
1494,68
1620,70
1633,71
1401,65
1674,74
1608,71
1428,64
1488,66
1540,69
1557,69
1583,72
1579,69
1539,66
1436,65
1521,68
1574,70
1471,67
1544,67
1416,60
1496,64
1679,74
1558,69
1704,74
1556,69
1495,68
1442,64
1488,65
1553,70
1523,66
1482,67
1536,70
1595,70
1549,67
1538,66
1765,76
1532,68
1437,64
1519,69
1701,75
1545,70
1655,74
1570,70
1637,74
1604,71
1456,65
1435,65
1607,72
1542,65
1652,71
1536,68
1582,69
1492,66
1617,69
1509,68
1536,67
1509,66
1482,67
1638,68
1482,67
1399,66
1604,72
1581,69
1660,71
1551,67
1513,70
1582,71
1433,65
1604,69
1447,63
1440,66
1658,73
1496,65
1737,76
1507,65
1616,67
1782,73
1614,70
1705,74
1563,69
1634,71
1560,67
1591,70
1517,68
1426,63
1501,66
1447,63
1476,65
1706,75
1435,61
1462,67
1473,67
1521,67
1450,63
1516,65
1511,66
1317,57
1631,71
1530,68
1522,68
1535,69
1506,65
1584,67
1626,73
1417,69
1563,68
1477,67
1527,66
1554,68
1624,70
1482,70
1529,65
1699,75
1643,73
1697,75
1697,72
1551,66
1646,72
1528,70
1742,74
1510,65
1591,67
1651,71
1592,66
1652,72
1656,72
1540,64
1698,74
1469,63
1639,72
1568,72
1670,73
1539,66
1488,71
1662,71
1452,64
1458,66
1451,66
1593,71
1647,72
1716,75
1535,65
1571,70
1485,65
1559,66
1674,67
1653,74
1495,67
1656,74
1541,68
1525,67
1473,67
1669,73
1496,67
1561,66
1573,69
1374,60
1589,71
1594,71
1647,71
1443,64
1611,70
1501,65
1500,69
1559,69
1453,66
1675,74
1464,63
1620,72
1622,71
1498,68
1500,66
1636,74
1561,69
1756,76
1613,67
1568,71
1575,71
1505,68
1650,73
1640,71
1484,65
1563,70
1496,66
1645,73
1554,69
1568,66
1633,72
1621,73
1476,68
1621,73
1664,74
1706,72
1530,69
1480,68
1632,72
1485,66
1514,65
1483,64
1614,70
1549,70
1638,70
1412,65
1359,62
1503,66
1546,67
1574,69
1691,74
1490,69
1723,76
1588,71
1562,69
1512,66
1575,69
1637,69
1526,67
1421,64
1628,72
1425,63
1576,72
1502,67
1465,65
1559,70
1658,72
1642,74
1697,75
1545,69
1430,65
1651,68
1618,69
1542,69
1522,67
1487,66
1410,64
1493,68
1509,67
1448,63
1622,71
1517,69
1574,70
1577,69
1501,68
1549,69
1613,72
1453,66
1711,75
1531,71
1533,69
1522,67
1677,75
1543,69
1417,65
1657,74
1393,63
1532,68
1395,61
1514,68
1569,67
1454,63
1428,62
1599,70
1453,65
1652,72
1548,68
1593,69
1613,72
1601,69
1696,75
1415,60
1536,65
1492,66
1562,70
1441,67
1460,66
1579,72
1578,69
1598,70
1571,69
1545,66
1316,62
1692,75
1516,70
1390,63
1364,60
1530,68
1619,72
1570,67
1544,68
1433,64
1730,75
1712,74
1407,63
1430,64
1670,73
1612,70
1647,73
1475,66
1507,66
1614,69
1721,76
1570,67
1690,75
1439,66
1480,65
1597,66
1670,74
1531,68
1513,68
1577,69
1659,74
1470,65
1512,68
1633,74
1455,64
1579,69
1703,75
1496,67
1686,74
1392,65
1623,71
1431,62
1640,71
1537,68
1598,69
1511,64
1581,68
1450,66
1566,70
1594,72
1720,74
1394,66
1499,68
1540,69
1533,66
1475,68
1600,71
1445,64
1582,69
1601,72
1606,71
1464,67
1731,76
1639,68
1364,63
1701,75
1719,74
1659,73
1593,69
1555,68
1555,69
1498,68
1426,64
1728,75
1609,72
1506,69
1430,64
1518,66
1527,71
1660,73
1443,62
1600,71
1636,71
1504,69
1540,65
1606,71
1659,73
1657,71
1556,70
1430,66
1537,68
1440,66
1567,68
1672,71
1588,70
1437,66
1621,73
1406,63
1621,72
1474,67
1611,71
1583,67
1557,69
1506,66
1582,71
1578,68
1546,64
1704,73
1575,73
1505,70
1616,70
1628,73
1419,63
1680,73
1390,64
1671,73
1586,68
1574,69
1710,76
1643,72
1604,71
1547,70
1562,69
1394,62
1520,70
1746,77
1541,70
1600,71
1493,69
1389,64
1703,75
1612,70
1569,68
1674,74
1666,72
1514,68
1391,65
1680,75
1626,73
1453,64
1380,62
1489,68
1553,70
1514,66
1424,61
1607,69
1542,71
1624,72
1417,64
1652,74
1495,67
1556,67
1734,74
1587,69
1458,65
1651,71
1428,64
1506,70
1562,66
1766,76
1667,74
1726,76
1441,64
1594,69
1527,68
1736,76
1498,66
1624,69
1689,74
1776,76
1672,75
1614,72
1523,70
1556,70
1744,77
1720,76
1516,67
1511,68
1759,77
1535,69
1420,64
1452,65
1494,68
1685,74
1425,64
1472,68
1570,71
1726,76
1462,65
1659,73
1729,76
1505,68
1381,63
1584,70
1428,65
1716,76
1529,67
1506,68
1728,76
1448,65
1533,70
1511,69
1597,72
1447,62
1696,75
1772,73
1666,70
1456,66
1443,67
1470,67
1516,65
1555,68
1367,61
1677,72
1662,74
1730,76
1502,65
1731,75
1454,65
1541,66
1495,68
1527,68
1466,62
1653,73
1381,66
1574,71
1742,76
1346,62
1769,76
1424,63
1774,74
1576,68
1714,75
1443,65
1503,67
1388,64
1429,64
1682,73
1744,77
1411,63
1537,68
1633,73
1584,72
1534,70
1808,78
1511,67
1603,70
1730,75
1574,70
1492,66
1728,71
1683,73
1580,70
1649,68
1622,70
1558,67
1671,71
1668,74
1664,71
1522,70
1557,69
1738,76
1552,66
1503,67
1691,75
1557,68
1520,65
1461,64
1633,69
1533,67
1755,76
1365,62
1447,65
1696,74
1815,78
1802,78
1389,64
1509,67
1833,77
1806,78
1600,68
1489,66
1703,74
1731,75
1776,75
1749,74
1570,68
1378,63
1551,65
1581,64
1635,68
1644,71
1577,68
1479,65
1446,63
1403,63
1657,73
1789,76
1503,68
1628,70
1453,65
1647,74
1652,72
1642,71
1791,76
1579,68
1564,69
1420,63
1466,66
1545,67
1309,59
1587,70
1560,68
1532,68
1736,74
1739,75
1549,67
1459,66
1693,74
1569,69
1782,78
1543,67
1432,64
1482,65
1709,76
1589,70
1559,66
1560,69
1792,76
1564,67
1572,68
1690,74
1606,71
1699,74
1638,70
1550,70
1554,66
1569,68
1710,75
1544,64
1728,74
1582,69
1650,75
1491,65
1716,76
1659,73
1539,68
1635,72
1516,67
1520,67
1456,65
1704,75
1574,65
1562,69
1515,65
1438,64
1398,61
1489,64
1504,67
1509,67
1529,70
1751,77
1585,70
1733,72
1520,67
1612,71
1616,67
1656,73
1706,72
1657,73
1649,72
1702,74
1703,74
1462,61
1599,71
1618,72
1579,66
1657,71
1573,69
1519,65
1715,73
1576,70
1617,70
1600,70
1446,66
1538,69
1537,69
1667,73
1540,70
1422,64
1560,69
1434,62
1556,68
1573,70
1496,64
1518,67
1540,66
1695,74
1642,68
1459,66
1765,75
1628,71
1550,69
1514,63
1477,66
1760,77
1703,75
1495,65
1634,72
1778,76
1500,65
1571,69
1461,67
1569,66
1796,78
1559,67
1692,73
1685,72
1718,74
1643,70
1511,64
1682,71
1569,67
1676,74
1714,74
1596,71
1453,63
1695,76
1654,72
1601,71
1578,70
1601,72
1540,68
1508,66
1746,77
1591,67
1579,71
1643,72
1627,72
1473,63
1484,67
1504,66
1602,71
1547,65
1538,69
1407,62
1453,63
1788,77
1557,67
1671,74
1720,75
1492,65
1634,69
1677,71
1531,67
1491,64
1824,78
1524,66
1741,75
1525,68
1612,67
1631,70
1706,73
1555,71
1606,71
1540,66
1632,70
1430,64
1777,73
1523,65
1755,76
1475,66
1587,70
1604,69
1554,67
1511,67
1360,61
1625,70
1497,67
1675,72
1587,67
1537,68
1564,72
1454,66
1465,64
1815,78
1566,68
1604,69
1699,73
1526,71
1504,68
1640,72
1544,67
1497,66
1613,70
1554,68
1500,67
1491,65
1478,68
1498,67
1608,72
1709,75
1575,67
1645,71
1689,73
1519,67
1717,77
1583,68
1376,61
1576,69
1367,62
1757,76
1533,66
1808,79
1641,73
1740,74
1540,66
1455,64
1538,66
1452,63
1661,73
1707,73
1685,70
1635,74
1760,77
1684,74
1342,61
1665,73
1673,75
1636,71
1503,67
1820,79
1665,72
1795,78
1836,77
1489,67
1517,67
1537,68
1577,72
1658,73
1646,73
1656,73
1439,65
1403,65
1792,79
1480,65
1477,65
1638,73
1714,75
1552,67
1662,72
1675,74
1605,71
1526,70
1623,71
1580,67
1615,71
1547,69
1576,68
1524,68
1479,64
1742,76
1516,70
1623,71
1631,71
1342,62
1724,75
1763,78
1683,74
1446,66
1526,69
1631,72
1580,67
1770,74
1715,75
1499,67
1446,66
1728,76
1527,68
1546,67
1730,74
1493,65
1510,68
1584,68
1596,68
1592,70
1611,70
1648,74
1488,67
1681,73
1567,71
1520,69
1474,66
1715,77
1576,70
1707,73
1506,66
1501,67
1793,77
1521,69
1548,69
1614,71
1695,75
1346,59
1683,72
1527,68
1722,75
1583,70
1561,72
1682,75
1652,72
1435,65
1686,75
1637,71
1512,67
1507,66
1454,66
1675,74
1534,67
1688,75
1626,71
1563,72
1594,69
1730,75
1762,78
1723,75
1425,61
1435,63
1754,78
1653,75
1749,76
1531,68
1730,77
1638,71
1613,72
1625,74
1582,71
1597,68
1622,71
1435,62
1698,75
1746,75
1387,64
1461,66
1607,71
1600,71
1604,72
1652,74
1816,80
1536,71
1731,76
1505,69
1468,67
1475,68
1496,68
1814,78
1606,69
1571,69
1792,78
1779,76
1765,78
1693,74
1545,69
1511,65
1604,70
1441,65
1620,70
1554,71
1689,72
1566,70
1587,70
1501,67
1510,69
1427,64
1584,72
1726,73
1493,64
1407,64
1612,72
1639,70
1763,76
1639,72
1468,66
1554,69
1781,78
1814,80
1520,68
1682,76
1560,68
1581,72
1516,67
1644,73
1615,73
1714,75
1590,72
1785,79
1586,69
1438,64
1621,73
1446,64
1530,68
1614,72
1760,76
1684,73
1452,68
1472,68
1630,72
1607,70
1550,69
1677,74
1288,60
1709,75
1406,63
1577,71
1281,61
1739,76
1681,74
1457,66
1756,75
1551,68
1781,75
1637,73
1613,72
1472,64
1478,67
1631,73
1307,60
1478,66
1567,68
1487,65
1560,67
1541,67
1589,71
1443,66
1542,68
1637,73
1560,66
1584,72
1582,71
1455,63
1531,70
1631,72
1573,71
1593,69
1766,78
1606,70
1583,73
1814,80
1760,76
1474,66
1546,69
1548,67
1733,76
1596,72
1579,69
1576,70
1462,66
1571,70
1560,71
1476,66
1650,73
1543,66
1499,68
1626,74
1450,65
1597,71
1382,63
1619,73
1714,77
1641,73
1625,73
1610,72
1403,65
1740,77
1605,72
1748,76
1456,66
1521,69
1607,68
1668,73
1749,77
1620,71
1653,73
1617,71
1617,71
1549,68
1553,70
1593,71
1401,62
1536,66
1614,71
1462,67
1528,69
1496,68
1506,68
1804,79
1709,74
1275,58
1649,72
1513,71
1474,65
1455,67
1633,73
1788,78
1556,69
1814,80
1470,69
1459,64
1551,67
1728,75
1513,67
1754,77
1730,75
1607,73
1692,77
1560,70
1545,67
1711,75
1507,67
1616,75
1538,70
1360,64
1743,75
1579,69
1648,75
1620,72
1512,69
1535,68
1657,73
1609,74
1526,68
1667,74
1605,72
1539,71
1505,68
1665,71
1581,71
1487,68
1587,68
1606,73
1482,66
1644,74
1703,74
1583,70
1524,72
1639,73
1487,66
1707,72
1485,66
1622,72
1704,71
1627,73
1645,74
1444,63
1564,69
1514,67
1765,74
1624,70
1673,75
1503,68
1668,75
1694,76
1538,69
1519,68
1471,67
1565,71
1740,76
1559,67
1463,65
1594,71
1366,64
1598,72
1531,65
1645,74
1387,64
1772,77
1779,79
1814,80
1557,68
1741,75
1651,74
1722,76
1566,71
1556,67
1495,64
1711,76
1498,69
1531,69
1574,68
1583,71
1622,73
1683,74
1569,67
1567,68
1614,73
1688,75
1625,71
1638,68
1698,76
1635,71
1436,63
1750,75
1706,76
1517,69
1439,67
1706,74
1719,75
1506,67
1498,66
1555,70
1622,74
1820,80
1656,71
1678,72
1625,71
1714,73
1634,72
1665,76
1506,70
1723,77
1555,69
1581,73
1616,72
1712,74
1514,66
1449,64
1503,68
1726,75
1808,79
1386,61
1578,71
1711,75
1655,73
1493,69
1663,73
1781,78
1841,79
1529,69
1475,68
1653,74
1567,70
1776,78
1727,77
1610,71
1649,71
1591,71
1501,66
1650,72
1676,74
1436,65
1704,77
1580,72
1648,72
1511,70
1551,69
1680,73
1686,74
1490,67
1440,66
1510,70
1472,67
1673,76
1585,70
1704,78
1628,72
1668,75
1604,72
1506,67
1339,59
1499,66
1682,76
1610,72
1636,72
1580,69
1565,70
1630,74
1584,68
1696,73
1628,71
1523,67
1620,72
1527,67
1550,68
1720,75
1442,66
1638,70
1432,66
1790,77
1774,77
1503,68
1554,69
1706,76
1559,71
1673,72
1651,71
1353,62
1650,72
1483,63
1571,66
1699,74
1559,66
1556,68
1724,76
1611,72
1680,75
1755,75
1658,74
1482,66
1675,74
1510,67
1589,72
1615,69
1674,75
1638,74
1687,73
1506,69
1796,79
1381,62
1607,71
1421,60
1533,67
1502,68
1694,76
1739,73
1530,69
1727,76
1806,80
1524,68
1406,65
1643,69
1692,73
1556,67
1501,68
1437,65
1810,80
1806,80
1645,70
1599,72
1601,71
1736,77
1599,71
1597,71
1599,68
1724,75
1427,65
1566,72
1589,71
1686,74
1659,74
1570,68
1753,77
1459,64
1692,74
1733,76
1750,77
1561,69
1554,71
1645,70
1393,63
1513,67
1617,69
1604,72
1566,70
1670,72
1653,75
1827,79
1395,67
1591,72
1645,73
1586,70
1632,73
1555,68
1599,70
1446,65
1728,78
1298,61
1800,79
1384,64
1552,65
1654,72
1479,67
1804,76
1679,72
1491,68
1558,66
1718,75
1647,71
1586,69
1527,66
1545,68
1757,77
1560,70
1587,70
1684,73
1479,64
1489,66
1411,65
1688,73
1432,66
1587,71
1535,67
1539,68
1739,77
1698,76
1525,68
1523,67
1668,74
1543,70
1682,73
1749,79
1701,76
1531,72
1754,78
1493,66
1700,74
1619,73
1753,77
1659,74
1481,68
1462,68
1649,71
1560,69
1763,77
1701,75
1760,77
1831,79
1585,72
1769,79
1503,67
1358,62
1569,68
1666,74
1576,70
1416,65
1484,67
1645,74
1740,77
1578,70
1724,77
1677,74
1485,66
1669,74
1477,66
1399,64
1397,63
1655,73
1698,75
1661,73
1720,74
1305,60
1749,78
1667,73
1671,75
1617,73
1570,71
1543,70
1533,71
1495,68
1637,73
1491,66
1710,75
1505,69
1656,72
1491,66
1535,67
1481,69
1666,76
1578,70
1419,65
1577,70
1660,75
1590,72
1645,75
1560,68
1527,69
1681,75
1460,67
1481,67
1497,66
1559,69
1680,74
1675,73
1716,75
1472,69
1806,80
1561,71
1806,80
1545,71
1598,70
1559,70
1527,67
1458,65
1612,71
1559,68
1739,74
1767,79
1567,72
1707,75
1571,70
1628,73
1534,68
1472,64
1528,69
1550,69
1542,67
1598,70
1491,66
1553,68
1688,75
1741,78
1662,71
1507,68
1765,78
1706,76
1636,74
1628,72
1665,75
1522,68
1711,75
1692,75
1699,77
1671,76
1595,70
1684,75
1655,73
1522,68
1588,71
1598,72
1542,71
1790,77
1713,77
1726,74
1614,68
1776,75
1504,67
1391,63
1618,69
1524,68
1723,75
1664,74
1541,66
1555,69
1678,74
1683,74
1526,66
1610,70
1529,68
1628,75
1611,73
1754,76
1605,73
1736,77
1454,65
1778,78
1742,75
1525,70
1689,74
1618,73
1619,73
1641,72
1592,72
1666,72
1684,73
1465,66
1586,68
1563,70
1585,70
1552,69
1760,77
1564,70
1641,74
1420,66
1480,65
1494,69
1689,74
1729,74
1651,73
1581,73
1497,67
1580,70
1782,78
1775,78
1634,73
1524,67
1484,66
1572,69
1565,70
1495,67
1483,67
1462,65
1659,76
1507,67
1689,75
1510,69
1785,79
1591,70
1784,78
1560,70
1663,73
1634,70
1530,65
1553,69
1543,70
1796,80
1518,70
1745,78
1538,66
1600,71
1558,70
1572,73
1776,78
1586,69
1547,69
1465,65
1497,66
1622,72
1644,72
1552,68
1574,71
1689,75
1510,68
1536,68
1735,78
1437,65
1577,70
1694,75
1664,74
1705,77
1524,69
1639,73
1599,70
1536,69
1472,65
1769,79
1561,71
1585,70
1774,77
1638,70
1470,67
1591,69
1490,66
1539,68
1588,69
1509,67
1622,72
1445,65
1489,68
1380,63
1508,70
1591,72
1556,69
1595,71
1576,70
1646,72
1630,72
1538,69
1529,69
1619,72
1704,77
1674,73
1638,72
1699,75
1728,77
1654,74
1692,74
1658,74
1643,74
1491,67
1708,74
1618,72
1500,66
1814,78
1396,65
1604,73
1724,77
1496,67
1585,70
1734,75
1569,70
1758,75
1666,70
1517,68
1661,73
1634,73
1583,71
1547,72
1659,72
1521,70
1720,74
1540,71
1807,79
1490,67
1502,66
1599,70
1595,70
1571,70
1582,68
1746,76
1563,71
1356,64
1510,66
1675,73
1764,76
1618,73
1702,73
1578,70
1594,70
1639,73
1626,73
1457,64
1512,67
1655,73
1806,80
1612,73
1548,65
1813,79
1658,72
1571,70
1555,68
1775,78
1772,77
1802,78
1557,72
1564,69
1660,75
1632,72
1662,74
1506,67
1778,78
1541,68
1547,69
1810,79
1616,69
1736,76
1680,73
1639,75
1737,76
1610,71
1769,78
1730,77
1517,69
1545,68
1469,67
1452,63
1774,79
1730,78
1739,78
1750,78
1595,69
1583,69
1679,74
1591,71
1535,70
1603,69
1616,75
1590,75
1622,69
1695,76
1616,73
1758,78
1544,69
1770,78
1645,75
1668,75
1671,73
1618,72
1614,72
1507,68
1538,70
1643,74
1738,76
1652,75
1630,71
1518,68
1577,70
1758,78
1733,74
1472,65
1689,76
1422,64
1670,74
1526,69
1489,67
1704,76
1634,71
1757,75
1409,63
1490,66
1754,78
1521,69
1644,72
1591,71
1644,72
1522,69
1490,67
1413,66
1555,68
1486,67
1751,77
1579,68
1492,67
1572,68
1585,72
1589,70
1474,66
1615,71
1540,68
1563,70
1777,79
1706,77
1707,77
1599,73
1631,72
1599,69
1657,74
1495,68
1495,68
1708,77
1677,75
1618,69
1650,72
1778,76
1606,71
1604,71
1565,69
1594,73
1662,76
1581,69
1644,72
1701,72
1553,72
1662,74
1574,71
1690,76
1532,69
1764,78
1516,71
1585,71
1718,74
1697,76
1655,75
1561,69
1642,74
1717,76
1603,69
1776,77
1631,73
1352,61
1730,74
1729,76
1600,71
1796,80
1567,67
1640,70
1656,72
1738,77
1551,68
1772,77
1689,74
1718,77
1665,71
1566,71
1662,74
1628,71
1584,68
1548,70
1771,78
1502,69
1696,74
1660,74
1564,71
1442,67
1628,74
1584,70
1599,72
1455,68
1649,74
1517,67
1664,72
1404,64
1604,72
1552,69
1427,64
1747,76
1622,73
1521,67
1693,75
1478,66
1385,63
1645,73
1523,65
1602,72
1617,71
1731,75
1744,74
1491,68
1549,71
1628,72
1638,73
1444,66
1484,66
1578,72
1614,70
1563,71
1668,72
1524,66
1648,73
1528,67
1591,70
1646,73
1752,78
1517,69
1801,79
1442,64
1744,77
1609,72
1647,74
1514,66
1683,75
1715,75
1706,76
1514,68
1707,76
1632,73
1795,78
1619,69
1744,78
1558,69
1646,72
1550,70
1531,69
1728,77
1611,70
1578,70
1699,77
1549,69
1602,72
1660,73
1519,68
1658,74
1670,76
1551,70
1817,78
1548,69
1582,71
1506,66
1596,71
1777,77
1761,79
1647,72
1599,70
1633,73
1626,72
1670,72
1549,68
1594,70
1701,77
1579,71
1561,68
1653,74
1726,74
1593,70
1517,67
1533,70
1611,71
1570,71
1738,78
1580,72
1644,73
1711,74
1547,68
1556,71
1510,68
1609,68
1670,75
1483,68
1739,77
1588,69
1542,70
1609,72
1661,73
1679,74
1643,74
1665,74
1597,71
1623,72
1684,74
1740,78
1745,76
1692,77
1597,71
1747,78
1668,76
1753,78
1611,71
1644,74
1629,73
1796,79
1674,76
1604,71
1626,72
1514,70
1747,78
1853,80
1458,65
1506,65
1722,75
1656,71
1651,72
1724,77
1782,79
1740,76
1696,74
1712,77
1510,69
1668,74
1515,70
1633,71
1587,70
1646,74
1608,71
1573,69
1715,76
1640,73
1615,72
1643,72
1557,70
1564,70
1722,75
1651,75
1523,68
1556,68
1585,71
1714,75
1376,65
1457,64
1750,78
1622,73
1564,69
1628,73
1594,71
1690,74
1581,69
1562,69
1721,77
1798,80
1621,71
1656,73
1649,75
1587,72
1564,69
1695,73
1734,78
1524,68
1624,72
1534,70
1533,68
1585,70
1644,71
1365,63
1601,73
1501,69
1624,74
1534,70
1524,69
1571,67
1805,79
1567,70
1548,70
1691,75
1518,68
1662,73
1754,75
1525,70
1745,77
1559,71
1535,69
1758,77
1644,72
1687,76
1547,70
1589,70
1635,72
1506,67
1524,68
1642,74
1559,67
1551,70
1673,75
1666,73
1737,77
1583,70
1523,67
1369,64
1593,71
1641,73
1581,71
1617,73
1550,68
1681,74
1490,66
1640,71
1658,71
1597,71
1730,78
1544,69
1743,76
1613,72
1616,71
1482,66
1828,79
1642,74
1794,80
1721,77
1622,73
1511,70
1688,75
1693,74
1798,78
1706,74
1398,64
1561,70
1714,77
1601,71
1632,72
1504,69
1532,69
1523,67
1617,72
1619,69
1732,77
1622,70
1683,75
1395,66
1371,66
1529,70
1590,72
1576,71
1463,66
1538,69
1518,68
1640,73
1602,72
1619,71
1395,65
1514,69
1425,65
1743,78
1496,68
1631,73
1667,74
1582,72
1699,75
1671,75
1550,68
1503,69
1718,77
1544,70
1469,66
1462,67
1584,70
1529,70
1577,72
1641,75
1676,74
1731,78
1575,71
1541,68
1523,68
1700,72
1589,69
1655,73
1540,69
1565,68
1564,70
1386,64
1659,75
1506,70
1648,75
1574,68
1632,74
1595,71
1625,73
1753,74
1617,71
1575,70
1782,78
1549,70
1689,77
1704,76
1602,71
1695,76
1494,66
1455,66
1564,71
1664,74
1840,79
1518,70
1623,73
1582,71
1591,70
1702,72
1621,71
1673,76
1845,80
1613,74
1585,71
1760,77
1526,69
1735,75
1590,70
1602,69
1520,67
1654,74
1604,72
1633,74
1740,78
1798,80
1761,76
1643,74
1647,73
1540,69
1636,72
1576,69
1517,67
1681,76
1614,72
1636,73
1582,70
1646,72
1640,74
1774,78
1437,67
1526,70
1674,76
1751,77
1676,74
1551,70
1832,79
1444,64
1629,74
1604,72
1671,74
1640,70
1546,71
1581,71
1575,69
1630,71
1746,77
1418,63
1484,68
1763,78
1578,70
1556,67
1724,78
1727,75
1656,75
1565,71
1619,69
1484,68
1461,64
1786,77
1469,68
1685,73
1525,68
1556,69
1678,73
1572,71
1561,70
1497,67
1661,72
1530,67
1590,70
1534,68
1736,76
1669,74
1481,68
1476,67
1638,73
1732,77
1752,76
1677,74
1525,68
1590,71
1544,70
1553,69
1742,78
1611,70
1729,71
1639,74
1637,70
1433,65
1539,70
1598,69
1654,75
1595,72
1585,72
1596,69
1533,68
1686,77
1682,76
1627,71
1655,72
1562,69
1561,69
1652,75
1564,70
1501,68
1570,72
1558,70
1500,68
1563,70
1565,71
1533,68
1611,70
1619,71
1679,75
1515,70
1803,76
1645,70
1712,75
1571,70
1649,74
1713,74
1526,70
1535,71
1644,72
1530,69
1607,73
1451,66
1713,77
1575,68
1610,72
1730,77
1652,75
1800,80
1716,76
1452,64
1387,62
1629,73
1518,66
1507,68
1501,67
1647,72
1554,69
1600,69
1477,66
1766,79
1505,69
1675,75
1654,73
1437,64
1535,68
1586,70
1570,68
1662,76
1514,69
1361,63
1647,74
1698,78
1516,67
1685,75
1439,64
1521,66
1540,67
1572,71
1519,67
1460,64
1505,66
1403,65
1535,67
1694,75
1811,78
1534,68
1604,71
1508,67
1578,68
1630,73
1416,64
1725,77
1678,75
1573,69
1704,73
1776,79
1580,69
1490,67
1714,76
1457,66
1472,68
1531,67
1660,73
1655,73
1472,68
1755,77
1623,73
1798,80
1523,70
1555,68
1470,65
1511,69
1716,77
1798,80
1680,76
1723,77
1640,73
1539,69
1558,70
1580,69
1658,72
1570,72
1705,76
1662,72
1583,71
1541,70
1569,71
1583,72
1771,78
1666,73
1611,73
1568,70
1495,66
1632,74
1720,76
1699,76
1661,71
1655,75
1714,74
1794,80
1417,65
1509,68
1563,70
1508,68
1605,71
1399,64
1618,70
1746,78
1493,65
1517,70
1499,67
1599,72
1551,69
1714,75
1586,72
1781,77
1619,68
1670,73
1705,77
1630,72
1624,73
1563,71
1721,78
1646,73
1476,66
1598,71
1430,64
1646,72
1509,67
1761,78
1568,72
1560,68
1725,77
1569,69
1633,71
1713,72
1692,76
1576,70
1374,64
1557,72
1655,70
1613,75
1723,75
1698,76
1770,75
1698,74
1530,67
1767,79
1634,71
1599,73
1692,74
1444,66
1584,67
1601,70
1606,70
1432,65
1763,78
1790,79
1632,72
1781,79
1816,80
1530,68
1486,66
1595,71
1569,70
1550,68
1558,68
1611,72
1524,70
1463,67
1617,72
1575,69
1549,71
1674,76
1642,72
1509,67
1681,75
1522,66
1649,72
1543,70
1489,66
1588,69
1731,77
1619,73
1543,69
1614,71
1631,74
1544,68
1682,75
1341,64
1577,68
1580,69
1844,80
1630,72
1386,66
1794,80
1560,68
1613,72
1542,69
1564,71
1733,78
1582,72
1451,68
1776,79
1524,70
1606,70
1736,75
1711,76
1645,71
1619,73
1531,70
1561,69
1437,66
1368,62
1513,69
1516,67
1750,78
1508,67
1705,76
1766,78
1528,69
1362,63
1572,70
1731,75
1607,73
1796,80
1594,71
1705,76
1716,75
1650,72
1759,79
1437,67
1613,74
1614,72
1490,69
1540,70
1520,68
1798,80
1605,72
1580,73
1548,67
1634,75
1496,68
1620,74
1661,73
1761,78
1670,72
1541,69
1608,72
1613,73
1706,76
1723,74
1493,67
1547,70
1697,75
1591,70
1368,63
1657,74
1581,68
1681,73
1716,75
1595,72
1517,67
1656,73
1596,71
1475,65
1485,67
1493,69
1759,78
1380,63
1517,70
1517,70
1619,73
1607,71
1748,78
1761,78
1801,76
1578,69
1565,69
1455,67
1456,67
1637,70
1492,69
1569,73
1630,73
1675,75
1694,72
1686,76
1556,68
1456,66
1554,71
1565,68
1521,68
1519,68
1612,70
1589,71
1584,71
1543,69
1657,75
1490,68
1744,77
1621,73
1630,74
1737,76
1571,70
1634,72
1542,70
1615,71
1495,68
1655,76
1518,68
1498,69
1610,73
1668,74
1515,68
1559,72
1515,69
1404,66
1722,77
1505,68
1464,66
1779,78
1762,77
1572,69
1538,69
1400,66
1594,73
1592,72
1709,76
1694,76
1759,78
1504,66
1572,69
1695,74
1552,71
1527,69
1505,66
1608,73
1686,71
1728,75
1578,72
1580,69
1550,69
1458,65
1526,68
1554,68
1687,74
1606,72
1357,63
1664,74
1487,67
1716,77
1524,68
1588,72
1492,68
1680,72
1580,69
1663,71
1579,72
1731,75
1510,67
1621,72
1665,76
1607,70
1737,79
1603,69
1520,68
1329,63
1720,75
1529,70
1712,76
1542,70
1767,79
1714,77
1617,72
1489,67
1694,74
1570,67
1738,78
1463,66
1726,75
1540,71
1471,68
1457,65
1651,74
1509,69
1512,68
1653,73
1595,71
1602,71
1722,78
1352,64
1496,70
1589,71
1601,70
1739,75
1455,64
1517,70
1494,68
1640,72
1752,76
1664,74
1586,70
1671,73
1624,73
1419,67
1620,71
1580,70
1565,70
1613,72
1720,73
1704,77
1639,72
1537,71
1622,73
1584,72
1489,68
1527,71
1613,71
1724,76
1675,76
1712,74
1617,69
1663,73
1614,71
1462,67
1442,65
1702,75
1766,79
1553,71
1645,72
1581,71
1623,72
1675,73
1666,73
1840,80
1754,79
1491,68
1425,65
1492,66
1528,69
1688,76
1523,68
1624,71
1613,70
1521,67
1482,64
1565,70
1649,74
1719,77
1571,70
1395,64
1648,73
1728,78
1543,72
1560,71
1670,75
1767,78
1683,74
1829,80
1578,68
1306,60
1739,76
1391,64
1515,65
1704,77
1714,75
1698,73
1600,69
1622,70
1520,69
1648,70
1750,76
1725,78
1552,70
1768,78
1536,69
1539,71
1563,70
1745,77
1512,66
1454,65
1446,68
1693,76
1787,79
1581,71
1635,73
1561,69
1597,71
1593,71
1740,77
1663,74
1753,78
1507,69
1501,67
1573,70
1740,78
1627,72
1548,70
1513,71
1645,73
1776,79
1583,71
1729,78
1600,72
1409,63
1532,70
1532,67
1617,72
1755,78
1674,74
1318,62
1787,78
1579,71
1700,74
1564,70
1449,68
1574,72
1662,74
1386,63
1679,74
1537,72
1723,74
1758,77
1705,76
1556,70
1607,73
1679,73
1708,75
1573,70
1561,70
1484,66
1610,71
1653,74
1695,75
1560,70
1794,80
1575,72
1765,78
1572,70
1624,73
1435,68
1775,76
1713,77
1555,68
1427,66
1776,79
1769,77
1599,72
1552,69
1489,69
1502,67
1601,72
1571,70
1722,77
1442,66
1575,70
1635,71
1728,77
1545,70
1585,69
1697,75
1703,76
1504,67
1629,71
1697,73
1565,70
1420,63
1558,72
1684,74
1543,69
1529,68
1519,70
1643,76
1641,71
1553,71
1724,78
1564,71
1707,75
1701,76
1715,77
1726,78
1622,72
1446,66
1523,70
1774,79
1681,76
1644,75
1752,77
1466,66
1502,68
1607,71
1686,72
1727,77
1651,75
1517,68
1531,68
1698,74
1729,78
1733,77
1621,72
1663,75
1611,73
1584,70
1505,64
1790,79
1687,73
1370,64
1526,66
1747,76
1654,74
1710,77
1359,63
1687,76
1680,76
1435,67
1602,73
1604,72
1606,71
1673,74
1677,76
1435,67
1574,69
1673,73
1614,72
1485,64
1756,78
1527,69
1796,80
1542,69
1424,64
1670,73
1716,75
1531,67
1516,69
1489,67
1536,70
1706,77
1473,66
1694,75
1608,73
1567,71
1601,72
1480,69
1595,68
1681,77
1451,67
1678,76
1576,71
1735,75
1535,70
1583,72
1687,74
1673,74
1719,77
1428,63
1731,75
1514,68
1540,71
1648,74
1693,77
1595,71
1539,71
1685,76
1499,66
1550,68
1780,78
1435,66
1695,76
1509,69
1706,76
1770,79
1603,71
1683,75
1534,68
1525,69
1453,67
1531,69
1498,69
1583,72
1597,72
1524,67
1753,79
1509,68
1641,72
1657,73
1522,70
1440,63
1500,66
1663,74
1680,76
1571,71
1658,74
1756,77
1376,63
1642,74
1605,69
1425,65
1589,71
1681,76
1676,73
1606,72
1607,70
1584,71
1776,79
1595,73
1678,71
1650,74
1786,79
1537,70
1484,66
1426,67
1661,74
1559,72
1654,73
1687,74
1629,73
1662,75
1717,78
1474,66
1492,68
1641,73
1593,72
1589,73
1541,68
1522,69
1678,74
1686,75
1659,72
1506,66
1605,73
1625,75
1543,68
1773,75
1593,72
1586,70
1624,73
1543,68
1466,65
1447,68
1736,72
1774,79
1490,67
1334,61
1597,72
1504,65
1450,68
1706,76
1572,71
1585,73
1597,71
1599,69
1606,73
1706,73
1674,76
1572,70
1694,76
1597,73
1600,70
1749,78
1535,69
1699,76
1544,71
1745,75
1605,74
1643,72
1543,68
1696,76
1442,68
1642,74
1652,74
1514,68
1499,68
1584,69
1446,68
1635,73
1609,72
1604,72
1752,76
1474,67
1549,68
1767,78
1619,73
1537,68
1766,77
1547,68
1670,73
1630,70
1735,78
1542,69
1734,77
1577,72
1584,69
1551,71
1787,78
1717,77
1599,74
1541,68
1589,73
1721,77
1482,65
1556,70
1587,70
1374,61
1484,66
1543,69
1541,68
1803,78
1526,68
1722,77
1712,76
1516,68
1597,72
1682,74
1571,70
1671,75
1475,67
1685,72
1531,69
1609,71
1657,73
1602,72
1636,74
1392,64
1561,71
1527,67
1483,67
1414,66
1535,69
1645,72
1520,70
1680,76
1545,72
1634,74
1653,70
1663,76
1647,74
1697,75
1650,73
1592,69
1583,72
1500,70
1573,69
1685,74
1585,71
1602,70
1482,66
1496,64
1649,74
1728,78
1732,75
1506,67
1692,76
1552,70
1540,68
1665,70
1567,70
1648,74
1690,76
1783,79
1446,63
1778,77
1382,64
1487,67
1655,71
1702,76
1640,73
1568,70
1718,76
1674,72
1748,78
1614,71
1672,76
1642,74
1505,67
1720,78
1571,71
1569,72
1503,69
1596,72
1728,78
1545,70
1798,78
1642,71
1751,78
1618,74
1475,66
1625,74
1804,80
1706,74
1740,78
1654,72
1569,70
1759,77
1783,77
1629,73
1561,70
1703,77
1689,76
1490,67
1602,72
1685,73
1660,75
1706,76
1392,62
1659,75
1485,65
1616,71
1648,73
1565,67
1655,76
1626,72
1499,69
1521,68
1598,72
1486,66
1474,66
1597,71
1662,74
1592,70
1669,74
1754,77
1524,66
1457,65
1746,76
1745,75
1488,66
1461,68
1423,63
1537,70
1599,73
1604,70
1704,75
1445,67
1567,69
1694,76
1594,66
1641,72
1681,75
1610,72
1754,76
1515,68
1525,68
1629,74
1528,69
1556,70
1722,77
1548,70
1588,72
1589,73
1740,76
1706,76
1413,64
1611,72
1529,70
1595,73
1613,71
1563,69
1402,63
1463,66
1426,67
1542,70
1623,73
1594,73
1580,69
1604,72
1582,69
1727,77
1437,66
1645,72
1632,72
1723,75
1577,71
1501,69
1616,70
1574,70
1582,71
1789,79
1679,72
1592,70
1366,63
1757,78
1751,77
1629,72
1688,73
1533,69
1599,71
1483,67
1444,65
1578,68
1418,64
1702,76
1615,73
1742,78
1536,69
1548,68
1475,66
1481,69
1615,71
1513,68
1770,79
1675,73
1738,78
1687,75
1487,67
1798,80
1630,73
1756,78
1464,66
1563,69
1413,64
1647,74
1744,77
1743,75
1644,74
1549,69
1811,79
1566,71
1619,72
1588,72
1640,74
1526,69
1786,78
1558,68
1659,75
1308,62
1553,69
1647,73
1606,73
1590,71
1692,74
1402,65
1698,76
1501,67
1588,70
1566,69
1661,73
1635,74
1518,70
1625,70
1463,66
1440,63
1405,65
1723,76
1421,66
1582,71
1721,77
1539,68
1701,74
1727,77
1587,71
1637,70
1635,73
1487,67
1615,73
1692,76
1577,71
1773,78
1644,74
1608,69
1501,69
1715,77
1588,71
1579,71
1622,70
1527,70
1592,71
1369,61
1750,78
1599,70
1623,72
1568,71
1662,75
1713,75
1453,66
1736,78
1516,68
1564,68
1744,77
1556,71
1525,68
1669,74
1781,79
1589,71
1598,71
1546,71
1549,68
1722,75
1523,69
1472,69
1646,75
1613,73
1619,72
1576,72
1600,70
1743,76
1713,74
1613,71
1522,67
1621,72
1563,71
1667,74
1712,75
1592,70
1631,74
1574,73
1694,75
1650,71
1737,76
1712,77
1571,70
1451,67
1645,74
1431,65
1529,72
1517,66
1668,74
1594,71
1560,70
1572,69
1586,71
1496,69
1653,73
1769,77
1688,77
1637,71
1761,78
1583,70
1763,79
1652,73
1621,73
1422,63
1675,75
1756,77
1540,70
1625,69
1757,78
1735,78
1397,64
1612,73
1542,70
1647,74
1680,74
1616,72
1560,71
1559,69
1586,72
1483,66
1827,80
1439,66
1741,78
1510,67
1693,73
1681,76
1630,72
1724,77
1744,77
1630,74
1485,67
1593,69
1614,72
1488,69
1595,72
1624,73
1606,71
1684,77
1683,76
1502,66
1620,72
1434,66
1445,66
1634,71
1552,69
1513,69
1549,69
1594,67
1631,71
1655,73
1620,69
1769,79
1500,66
1610,71
1562,68
1682,74
1602,73
1760,77
1480,68
1750,78
1440,65
1493,68
1437,67
1541,71
1737,75
1398,62
1740,77
1511,71
1756,78
1679,75
1561,68
1579,68
1612,70
1631,71
1746,74
1748,76
1517,70
1590,73
1639,73
1726,78
1650,75
1644,73
1655,75
1668,74
1365,63
1518,68
1597,72
1626,71
1492,66
1623,73
1596,71
1696,73
1698,76
1711,70
1654,74
1465,65
1558,66
1544,69
1554,71
1502,67
1477,67
1649,74
1721,75
1612,71
1460,65
1391,65
1551,68
1642,74
1514,67
1727,75
1521,68
1599,71
1722,77
1749,78
1709,75
1653,75
1512,67
1413,65
1560,68
1645,74
1526,69
1527,68
1549,72
1459,66
1577,71
1539,68
1504,68
1643,71
1637,74
1558,69
1539,70
1552,71
1625,72
1673,75
1546,72
1584,70
1688,75
1740,78
1684,73
1719,76
1549,68
1667,76
1460,65
1323,63
1596,70
1560,69
1495,65
1587,72
1553,68
1550,69
1481,68
1373,63
1484,69
1635,76
1654,72
1743,75
1565,69
1711,77
1562,69
1465,64
1776,78
1621,72
1611,72
1549,71
1450,63
1517,67
1624,73
1580,70
1631,73
1781,79
1640,74
1607,71
1535,68
1603,71
1459,64
1455,68
1423,64
1765,79
1784,79
1452,67
1585,71
1682,75
1642,74
1570,72
1695,76
1512,68
1423,66
1627,72
1599,72
1692,75
1465,66
1570,67
1702,76
1534,68
1561,69
1743,78
1681,74
1500,65
1529,67
1529,69
1742,78
1647,73
1590,70
1645,73
1757,78
1774,78
1679,76
1655,70
1740,75
1551,69
1455,65
1533,68
1710,75
1753,78
1561,69
1684,76
1568,71
1767,77
1314,60
1473,67
1747,78
1638,71
1748,78
1456,65
1628,72
1757,78
1612,69
1742,76
1503,67
1503,70
1568,71
1626,72
1689,73
1567,68
1584,71
1653,73
1448,66
1802,80
1545,69
1590,70
1679,75
1403,65
1489,67
1511,69
1566,71
1730,76
1446,66
1597,71
1736,78
1410,62
1671,72
1644,74
1591,72
1469,68
1804,78
1608,73
1574,71
1657,75
1585,70
1759,77
1652,73
1775,78
1491,67
1654,76
1469,68
1547,66
1505,68
1544,67
1588,69
1769,79
1627,72
1555,68
1685,74
1572,69
1523,69
1722,75
1691,75
1567,71
1566,71
1611,72
1788,79
1593,71
1606,73
1565,70
1673,75
1755,78
1480,68
1572,72
1626,71
1417,65
1761,79
1746,77
1643,72
1595,70
1575,72
1530,71
1531,69
1547,70
1700,76
1446,64
1677,74
1659,74
1678,73
1590,71
1720,76
1700,76
1603,70
1753,79
1581,68
1587,70
1656,73
1531,70
1606,72
1664,75
1738,78
1795,79
1395,66
1775,79
1621,73
1514,70
1634,73
1481,65
1333,60
1683,70
1629,73
1676,76
1565,70
1667,72
1626,72
1515,69
1492,69
1706,76
1580,72
1687,76
1565,70
1655,73
1666,75
1678,74
1802,80
1407,66
1586,69
1657,74
1794,80
1702,74
1703,76
1567,70
1687,75
1708,76
1568,71
1644,71
1655,71
1439,65
1611,74
1733,76
1545,69
1377,62
1414,66
1734,76
1541,69
1511,68
1553,70
1552,68
1554,72
1571,69
1569,71
1608,70
1796,80
1505,69
1580,71
1569,67
1630,72
1642,73
1581,72
1457,64
1559,69
1736,77
1734,77
1612,70
1698,75
1613,73
1732,78
1803,77
1410,64
1468,66
1495,69
1364,61
1719,77
1652,72
1510,70
1530,68
1489,70
1618,68
1722,77
1520,71
1521,66
1463,66
1470,65
1463,66
1438,65
1633,72
1624,73
1660,73
1733,77
1579,71
1732,77
1676,73
1611,72
1568,71
1645,71
1540,70
1657,75
1726,76
1565,70
1781,77
1723,76
1630,73
1477,67
1653,75
1477,65
1589,71
1521,66
1689,76
1779,79
1562,70
1631,72
1541,70
1576,72
1727,76
1484,66
1397,63
1420,63
1518,68
1512,68
1867,80
1668,76
1617,72
1494,69
1651,70
1798,79
1624,71
1592,70
1716,77
1656,74
1669,76
1435,66
1535,70
1567,70
1502,69
1576,69
1434,67
1597,70
1700,77
1701,75
1704,78
1567,72
1676,74
1609,70
1768,79
1621,72
1718,77
1663,73
1500,69
1478,65
1445,66
1645,74
1670,77
1351,62
1555,71
1641,74
1725,77
1618,71
1651,74
1661,70
1732,76
1611,70
1451,67
1581,66
1518,67
1521,67
1666,75
1573,71
1739,75
1541,70
1547,69
1652,76
1568,68
1414,64
1649,73
1646,72
1600,69
1457,65
1636,72
1426,66
1587,70
1585,72
1758,77
1705,76
1579,69
1699,76
1646,75
1532,70
1683,73
1761,78
1707,77
1750,76
1576,70
1406,65
1577,71
1624,72
1568,70
1779,78
1717,75
1734,77
1517,69
1671,75
1506,67
1425,66
1423,63
1560,70
1481,68
1706,75
1521,70
1590,72
1743,78
1607,72
1741,78
1780,79
1856,79
1563,70
1519,66
1627,71
1724,77
1639,71
1510,68
1638,72
1421,63
1649,74
1794,80
1501,66
1684,74
1551,70
1541,69
1578,71
1521,69
1508,66
1562,70
1778,79
1666,75
1707,77
1737,77
1495,64
1348,62
1715,78
1802,79
1561,70
1715,77
1776,78
1593,72
1613,72
1566,72
1732,76
1580,72
1582,71
1476,68
1425,63
1610,74
1689,73
1611,72
1650,73
1638,74
1593,71
1663,75
1612,68
1685,73
1750,77
1614,73
1416,64
1614,71
1525,67
1630,71
1662,74
1687,75
1545,71
1583,72
1606,73
1536,68
1494,67
1497,69
1716,78
1599,73
1663,74
1627,73
1557,71
1513,69
1598,70
1719,77
1615,72
1685,74
1668,76
1623,73
1670,74
1737,77
1562,69
1705,76
1790,78
1693,76
1541,70
1498,68
1444,65
1664,73
1694,73
1717,77
1613,72
1573,71
1421,64
1458,66
1565,69
1456,65
1723,75
1468,67
1656,73
1503,67
1600,72
1557,70
1447,65
1499,68
1539,70
1511,69
1551,70
1626,73
1396,64
1659,74
1677,74
1638,74
1794,80
1737,78
1538,71
1560,70
1710,77
1577,71
1622,70
1683,76
1681,75
1723,75
1439,66
1477,66
1580,70
1727,75
1466,68
1518,69
1523,68
1515,67
1602,70
1588,74
1622,71
1719,76
1687,77
1664,74
1642,74
1394,63
1730,77
1561,68
1504,69
1537,72
1618,73
1657,72
1464,68
1509,70
1674,73
1593,69
1484,69
1520,68
1677,75
1531,69
1562,71
1540,69
1782,79
1443,67
1539,68
1527,67
1508,67
1612,73
1493,67
1498,69
1520,70
1551,69
1578,73
1507,69
1439,65
1554,71
1513,68
1628,74
1543,69
1558,69
1483,68
1733,78
1667,72
1554,68
1484,67
1586,70
1596,72
1478,68
1669,74
1699,76
1454,68
1760,76
1768,77
1485,67
1523,69
1611,70
1541,69
1457,67
1780,77
1666,72
1514,67
1497,69
1583,69
1690,75
1631,73
1619,72
1755,78
1529,69
1587,72
1666,72
1598,73
1635,75
1403,63
1601,73
1686,75
1770,79
1631,71
1706,75
1707,77
1654,73
1707,75
1562,69
1484,67
1527,68
1551,72
1726,74
1658,74
1560,70
1681,75
1467,65
1736,77
1522,70
1559,70
1570,70
1589,70
1771,79
1581,72
1478,68
1613,74
1723,76
1529,70
1544,68
1752,76
1540,69
1537,70
1549,68
1732,75
1491,69
1544,70
1578,72
1646,73
1566,70
1511,67
1679,75
1575,70
1530,67
1592,68
1638,71
1584,73
1566,72
1492,65
1659,75
1641,72
1650,72
1579,71
1508,69
1469,65
1625,71
1721,74
1672,75
1694,75
1566,69
1641,71
1495,66
1588,73
1448,65
1667,75
1646,74
1703,75
1665,73
1532,70
1606,73
1675,74
1602,72
1592,70
1616,72
1495,66
1554,70
1492,70
1452,67
1676,74
1491,67
1686,75
1576,72
1628,74
1477,66
1404,64
1680,75
1575,68
1627,71
1528,68
1668,72
1596,72
1623,73
1575,71
1720,74
1492,66
1530,70
1733,75
1632,74
1519,68
1744,78
1399,65
1656,73
1767,79
1613,72
1755,78
1682,74
1650,72
1694,75
1609,71
1616,70
1567,69
1750,78
1770,79
1703,77
1393,63
1790,79
1351,62
1548,70
1585,72
1512,67
1496,67
1687,75
1552,68
1565,69
1722,75
1758,78
1472,67
1615,72
1777,79
1696,75
1526,68
1625,74
1536,68
1553,68
1793,77
1632,71
1618,72
1492,67
1759,78
1657,74
1642,74
1716,77
1623,72
1613,73
1479,68
1613,73
1554,66
1592,69
1487,68
1693,76
1625,74
1665,73
1820,79
1531,70
1636,73
1709,73
1502,69
1470,67
1652,71
1534,68
1636,69
1770,77
1638,73
1694,75
1670,75
1726,76
1429,64
1682,73
1528,67
1553,69
1347,60
1792,80
1577,68
1594,70
1598,71
1559,72
1600,71
1459,67
1584,71
1579,69
1549,71
1712,76
1692,76
1722,77
1570,69
1612,71
1581,69
1737,78
1517,66
1761,79
1685,75
1450,68
1582,71
1453,66
1482,64
1628,72
1607,72
1745,77
1663,74
1427,66
1754,77
1615,72
1593,73
1452,68
1725,76
1549,67
1364,63
1616,72
1809,79
1709,71
1365,65
1566,72
1460,66
1572,73
1492,68
1543,69
1708,76
1622,71
1643,74
1495,66
1600,73
1550,71
1555,69
1655,74
1441,66
1578,72
1601,71
1490,66
1714,76
1527,65
1426,66
1620,69
1636,72
1556,70
1425,64
1690,77
1654,75
1668,75
1587,70
1485,69
1792,79
1618,73
1602,71
1395,63
1573,70
1792,80
1620,72
1660,74
1403,65
1617,72
1775,78
1588,71
1498,68
1524,70
1547,70
1504,68
1695,76
1582,70
1714,75
1649,72
1687,74
1577,71
1612,69
1743,78
1805,79
1594,72
1694,74
1701,74
1424,66
1520,66
1798,80
1675,74
1667,74
1499,68
1636,74
1478,68
1563,70
1605,72
1447,66
1580,72
1735,77
1694,76
1785,79
1495,69
1618,72
1603,71
1645,72
1323,62
1600,72
1451,66
1358,63
1667,74
1432,65
1591,68
1732,76
1409,62
1415,66
1471,65
1659,72
1656,75
1514,68
1676,76
1629,73
1467,65
1847,80
1523,67
1477,66
1568,70
1589,69
1556,70
1516,69
1608,71
1659,75
1633,74
1629,72
1632,73
1548,69
1625,74
1590,72
1688,75
1486,68
1575,70
1684,76
1482,66
1446,66
1512,67
1702,76
1514,65
1623,72
1807,79
1526,66
1516,67
1486,67
1640,73
1530,69
1629,74
1558,71
1382,62
1557,69
1643,72
1680,76
1526,70
1627,72
1623,73
1582,73
1699,74
1595,72
1606,72
1417,65
1574,70
1478,67
1668,72
1615,70
1486,66
1532,69
1758,78
1630,72
1594,72
1556,71
1535,68
1572,70
1612,73
1631,72
1595,70
1558,70
1684,73
1757,76
1559,69
1697,76
1620,74
1704,76
1722,76
1446,68
1699,74
1575,71
1530,71
1497,67
1592,70
1613,72
1545,71
1522,66
1557,70
1547,69
1774,78
1624,72
1567,71
1712,74
1600,71
1470,67
1536,68
1498,67
1601,72
1535,67
1638,73
1373,65
1687,75
1366,64
1674,75
1625,73
1746,76
1740,77
1551,68
1493,68
1761,77
1563,68
1499,70
1522,68
1505,69
1553,67
1555,70
1444,64
1507,65
1612,71
1516,66
1579,70
1723,77
1447,64
1664,74
1794,80
1664,73
1790,80
1761,77
1650,74
1645,74
1629,72
1656,75
1614,73
1758,77
1597,71
1762,79
1535,71
1438,66
1577,70
1611,71
1543,70
1536,70
1731,77
1781,77
1604,71
1604,72
1699,73
1513,68
1560,72
1497,68
1622,72
1555,70
1638,70
1489,65
1567,71
1462,66
1553,69
1416,65
1541,69
1764,79
1510,66
1550,71
1458,65
1577,70
1610,70
1520,65
1651,74
1811,79
1776,79
1653,74
1553,69
1369,65
1546,68
1551,68
1625,74
1500,68
1471,68
1773,76
1747,77
1689,76
1658,74
1699,76
1572,68
1702,76
1575,72
1675,76
1716,73
1340,62
1553,71
1766,77
1641,73
1519,70
1573,73
1565,69
1675,74
1616,69
1373,66
1427,66
1665,76
1577,72
1427,65
1630,70
1454,65
1514,69
1540,70
1531,67
1548,70
1554,69
1482,66
1576,72
1560,70
1817,79
1561,71
1703,76
1579,69
1614,72
1605,73
1690,75
1634,71
1312,61
1406,65
1407,65
1500,66
1722,77
1631,73
1610,71
1716,77
1767,78
1619,71
1467,67
1790,80
1574,72
1699,76
1652,70
1548,68
1662,74
1573,71
1540,69
1631,74
1381,62
1722,75
1385,65
1743,77
1535,69
1599,73
1527,67
1580,72
1494,67
1397,66
1415,66
1577,73
1499,69
1721,76
1494,68
1588,71
1513,68
1506,67
1758,78
1581,72
1790,80
1696,76
1703,77
1691,76
1584,71
1552,72
1670,73
1470,67
1604,72
1529,71
1653,73
1559,70
1603,71
1567,72
1493,67
1644,73
1610,73
1549,68
1480,68
1656,76
1654,74
1428,64
1508,69
1601,73
1603,70
1535,70
1788,80
1382,63
1413,66
1709,74
1569,73
1483,67
1463,66
1563,72
1563,70
1609,73
1496,67
1796,76
1548,70
1654,74
1522,69
1551,70
1800,80
1655,70
1719,76
1592,72
1616,72
1536,69
1455,64
1538,69
1594,68
1714,75
1518,68
1523,68
1561,71
1426,66
1536,70
1626,74
1535,71
1534,67
1657,74
1671,76
1690,75
1720,74
1529,69
1493,68
1567,68
1707,76
1667,75
1649,72
1430,64
1682,73
1521,67
1501,68
1558,69
1528,70
1658,76
1684,75
1511,67
1522,69
1564,70
1683,75
1698,74
1741,77
1671,75
1570,70
1545,69
1725,77
1692,74
1568,72
1460,67
1538,71
1761,77
1630,73
1531,69
1550,69
1588,72
1540,68
1663,75
1611,71
1486,66
1611,72
1613,73
1635,73
1525,71
1353,63
1478,66
1557,70
1500,67
1619,70
1476,68
1484,69
1546,70
1592,72
1514,68
1613,71
1739,77
1597,69
1370,65
1651,71
1576,71
1638,72
1531,71
1578,73
1350,64
1590,73
1504,68
1369,64
1493,68
1692,76
1524,71
1533,69
1583,72
1757,79
1431,66
1590,72
1657,74
1614,73
1540,68
1410,63
1489,66
1556,70
1626,70
1630,74
1504,69
1572,69
1473,68
1746,77
1488,66
1617,73
1455,68
1506,68
1370,64
1576,70
1534,69
1712,75
1493,67
1696,74
1563,68
1321,63
1568,69
1562,70
1679,76
1604,73
1662,74
1434,65
1697,76
1695,74
1519,69
1575,70
1518,70
1628,73
1530,68
1661,74
1681,75
1675,72
1439,68
1626,73
1623,70
1532,71
1441,68
1645,75
1623,70
1532,71
1573,71
1564,69
1503,66
1604,73
1590,69
1692,76
1537,70
1518,67
1455,66
1572,70
1593,70
1558,72
1447,67
1837,81
1734,77
1564,70
1583,70
1716,76
1600,69
1553,67
1490,68
1740,78
1801,80
1839,81
1488,66
1659,73
1318,61
1392,65
1723,77
1375,63
1751,78
1552,71
1570,69
1592,71
1636,73
1533,70
1650,72
1538,69
1725,77
1631,74
1616,73
1593,72
1606,73
1655,73
1397,66
1472,67
1608,73
1566,70
1390,64
1570,70
1574,68
1647,72
1555,71
1436,66
1486,67
1502,70
1610,70
1390,65
1683,74
1808,79
1580,71
1594,72
1583,72
1561,72
1501,67
1573,72
1506,72
1698,76
1570,74
1593,70
1584,71
1658,75
1566,71
1605,70
1819,80
1609,71
1465,68
1547,70
1612,74
1540,69
1611,73
1619,70
1670,75
1748,77
1837,81
1635,72
1538,69
1837,81
1607,74
1645,71
1597,71
1605,73
1651,73
1705,73
1653,74
1658,71
1425,64
1845,81
1620,71
1700,72
1680,73
1781,79
1651,74
1628,73
1704,75
1607,74
1694,76
1616,69
1583,71
1609,71
1699,75
1630,71
1675,74
1471,67
1525,69
1573,71
1792,78
1560,71
1637,73
1590,72
1578,72
1616,73
1734,77
1690,74
1461,66
1550,66
1745,77
1472,67
1839,81
1845,79
1478,68
1466,66
1620,74
1723,76
1642,71
1765,76
1525,66
1588,71
1652,72
1596,71
1445,66
1556,71
1630,74
1553,71
1644,73
1560,70
1762,77
1504,68
1526,69
1747,77
1470,67
1790,79
1476,66
1753,77
1600,73
1569,72
1701,75
1663,76
1705,76
1748,78
1694,75
1531,69
1714,76
1616,73
1422,65
1555,69
1624,74
1682,74
1576,71
1678,73
1493,68
1613,73
1627,71
1482,69
1618,71
1704,75
1577,70
1580,70
1682,75
1618,74
1562,72
1681,73
1601,71
1583,71
1693,75
1517,69
1605,72
1764,79
1525,68
1516,70
1700,76
1533,69
1652,74
1693,76
1586,71
1536,68
1385,65
1481,67
1790,78
1422,65
1594,71
1325,63
1489,69
1562,71
1619,71
1610,72
1705,74
1467,68
1657,72
1496,68
1694,76
1500,67
1737,76
1539,69
1506,67
1753,79
1628,72
1577,71
1623,71
1756,78
1413,63
1603,69
1606,72
1739,77
1686,74
1654,74
1815,79
1582,71
1585,72
1586,70
1720,76
1754,78
1437,65
1344,60
1549,70
1550,70
1687,74
1811,79
1563,70
1752,77
1528,69
1571,72
1666,74
1526,70
1550,70
1744,76
1527,68
1539,70
1501,67
1659,74
1530,69
1597,72
1746,75
1635,73
1682,74
1744,77
1448,66
1774,77
1690,77
1560,69
1465,68
1624,73
1690,75
1569,70
1580,70
1638,74
1702,76
1781,78
1608,71
1668,74
1692,73
1545,70
1820,80
1695,74
1450,69
1625,74
1689,76
1624,71
1527,71
1662,72
1816,79
1698,74
1494,67
1701,76
1609,70
1498,69
1482,66
1531,71
1548,72
1558,70
1651,73
1578,72
1711,76
1602,72
1663,73
1654,74
1511,71
1510,68
1540,67
1630,73
1635,73
1636,73
1607,72
1762,76
1670,73
1650,74
1600,70
1839,81
1551,71
1629,73
1640,73
1612,72
1520,71
1585,73
1720,75
1460,69
1620,72
1652,74
1626,73
1626,70
1748,78
1651,73
1615,70
1575,71
1521,66
1781,79
1706,73
1559,71
1675,73
1559,70
1574,71
1604,73
1656,73
1635,72
1597,71
1580,67
1699,75
1694,76
1611,73
1771,77
1658,76
1798,79
1516,70
1762,78
1569,69
1489,66
1562,71
1494,68
1521,70
1488,67
1484,68
1735,76
1660,73
1606,72
1472,67
1474,67
1630,71
1495,67
1546,71
1478,69
1530,70
1453,65
1540,70
1567,71
1669,75
1582,71
1505,70
1423,64
1619,72
1753,77
1608,71
1626,72
1761,78
1469,67
1596,73
1562,70
1770,76
1501,67
1543,70
1620,69
1491,68
1686,72
1627,73
1428,63
1561,70
1418,66
1654,73
1485,66
1519,69
1593,72
1493,64
1648,74
1759,76
1686,74
1525,69
1440,65
1821,79
1654,74
1544,69
1496,68
1811,78
1697,74
1619,71
1472,68
1719,76
1501,70
1508,66
1541,68
1415,64
1677,74
1579,73
1584,67
1608,71
1693,75
1798,80
1502,69
1717,76
1579,68
1793,79
1685,74
1401,63
1602,70
1526,68
1786,78
1607,72
1509,68
1463,69
1573,71
1615,71
1723,76
1514,66
1371,63
1550,70
1539,67
1608,71
1664,74
1637,74
1479,67
1608,72
1552,71
1504,68
1802,79
1614,70
1725,77
1507,69
1646,73
1480,69
1483,69
1695,75
1488,68
1587,71
1482,69
1660,73
1615,72
1781,78
1477,68
1504,69
1376,64
1769,78
1581,73
1617,75
1479,68
1620,73
1483,67
1722,76
1498,69
1701,74
1531,70
1555,71
1608,72
1515,69
1653,73
1535,70
1621,70
1538,70
1512,69
1743,75
1511,69
1516,66
1415,62
1642,74
1460,66
1695,76
1332,61
1609,75
1501,69
1735,77
1628,73
1674,75
1425,63
1613,71
1660,74
1536,70
1509,69
1696,75
1652,75
1590,71
1624,72
1741,77
1557,71
1705,75
1623,68
1660,76
1659,72
1710,75
1544,72
1658,75
1578,69
1625,72
1693,71
1430,64
1587,71
1497,70
1654,71
1607,71
1532,68
1728,77
1681,77
1736,77
1682,74
1600,71
1580,71
1547,72
1698,74
1644,72
1378,63
1759,78
1476,69
1605,72
1649,75
1647,74
1728,76
1683,74
1546,67
1533,70
1518,70
1551,70
1570,72
1538,69
1528,72
1571,71
1435,66
1573,70
1676,76
1677,76
1529,70
1501,69
1776,77
1670,72
1796,78
1434,65
1727,78
1578,70
1353,63
1517,69
1576,71
1572,70
1524,70
1573,68
1443,67
1565,69
1603,70
1690,75
1318,62
1460,66
1468,67
1579,70
1622,73
1543,70
1635,74
1622,73
1457,68
1636,70
1663,75
1682,74
1590,70
1810,80
1492,70
1560,70
1490,68
1539,70
1690,75
1529,69
1562,70
1615,71
1569,69
1648,73
1559,70
1417,65
1618,71
1432,67
1585,72
1413,66
1741,77
1685,75
1696,74
1542,71
1719,74
1595,73
1457,67
1473,68
1509,68
1515,67
1516,70
1569,71
1624,74
1645,71
1661,72
1692,74
1451,67
1640,72
1715,76
1470,67
1728,77
1672,74
1530,68
1636,71
1801,79
1571,69
1736,76
1762,78
1536,70
1487,68
1412,65
1565,71
1740,78
1690,76
1647,73
1701,75
1571,71
1740,76
1582,70
1561,72
1734,76
1612,73
1658,73
1460,66
1543,69
1509,68
1499,69
1621,72
1665,71
1719,76
1801,79
1563,69
1520,69
1592,72
1577,70
1545,70
1804,77
1811,80
1594,72
1571,72
1676,74
1557,71
1780,79
1733,77
1573,70
1524,67
1586,72
1553,71
1581,73
1721,76
1719,75
1495,68
1412,64
1476,65
1724,76
1690,76
1477,68
1546,69
1527,68
1613,73
1502,70
1528,71
1767,76
1533,69
1715,76
1525,65
1517,71
1599,73
1490,66
1551,69
1697,75
1710,76
1606,71
1693,75
1680,75
1430,65
1577,71
1653,75
1789,80
1584,70
1712,77
1692,74
1508,68
1616,72
1653,73
1807,80
1715,76
1710,76
1702,74
1630,72
1701,75
1510,67
1573,70
1497,66
1529,70
1718,75
1375,63
1601,72
1614,71
1667,72
1362,62
1531,68
1622,74
1603,70
1585,71
1446,66
1768,76
1585,71
1567,70
1631,74
1472,69
1596,71
1514,69
1554,70
1593,71
1703,76
1635,75
1429,67
1615,69
1562,70
1628,71
1697,76
1752,77
1740,76
1592,72
1535,68
1775,78
1677,72
1558,69
1489,66
1500,70
1648,76
1668,72
1652,73
1746,78
1390,62
1575,70
1566,69
1629,73
1444,67
1638,73
1593,72
1439,66
1462,67
1631,73
1516,70
1815,78
1637,72
1549,71
1431,67
1371,64
1571,72
1474,68
1538,68
1597,72
1529,67
1515,67
1527,68
1564,70
1590,72
1621,72
1633,75
1837,81
1659,75
1608,69
1621,74
1524,70
1583,71
1519,69
1800,79
1709,76
1465,66
1493,67
1588,70
1537,69
1735,75
1616,72
1535,70
1386,63
1571,69
1380,65
1519,67
1658,75
1523,67
1756,78
1561,70
1482,66
1685,75
1465,67
1667,73
1584,71
1690,75
1519,69
1477,67
1541,71
1805,79
1490,66
1679,73
1550,70
1760,79
1625,74
1698,76
1546,71
1427,65
1434,67
1744,76
1462,67
1575,71
1610,73
1623,71
1459,69
1617,72
1601,72
1333,65
1523,69
1556,69
1642,73
1617,72
1723,75
1579,71
1448,66
1537,70
1717,76
1691,72
1585,71
1562,70
1675,73
1508,70
1595,74
1530,71
1647,74
1599,72
1530,70
1484,65
1827,80
1488,69
1559,70
1667,71
1646,73
1386,65
1542,71
1438,66
1563,71
1672,74
1622,69
1665,74
1755,77
1789,78
1593,71
1534,68
1461,67
1424,64
1339,63
1629,72
1719,76
1575,71
1700,76
1669,74
1718,74
1736,76
1375,60
1614,73
1403,66
1611,72
1486,67
1655,73
1703,74
1708,77
1611,73
1469,66
1595,69
1574,71
1585,69
1587,70
1560,67
1518,67
1839,81
1851,81
1618,71
1504,69
1565,70
1710,76
1648,73
1591,72
1405,63
1585,71
1615,73
1607,73
1753,76
1774,79
1569,69
1743,76
1514,69
1648,74
1602,70
1642,74
1590,73
1666,74
1635,73
1530,68
1747,76
1795,80
1645,68
1599,71
1448,65
1519,69
1758,78
1636,71
1592,71
1466,65
1654,73
1663,75
1576,70
1539,72
1704,75
1593,71
1792,78
1576,71
1507,69
1606,74
1593,72
1621,73
1680,75
1511,66
1496,66
1659,75
1537,69
1503,66
1598,74
1623,73
1506,69
1455,67
1610,70
1544,70
1514,67
1489,67
1487,69
1447,64
1800,79
1487,65
1616,73
1590,72
1651,74
1506,66
1608,71
1590,72
1584,70
1769,77
1740,76
1507,70
1523,66
1768,77
1519,69
1768,76
1636,75
1693,75
1579,71
1490,68
1551,71
1521,70
1645,74
1467,67
1485,68
1613,72
1381,63
1680,75
1418,64
1511,68
1597,68
1704,76
1817,80
1684,75
1593,69
1510,69
1655,76
1566,69
1472,67
1567,71
1573,71
1389,65
1521,69
1630,71
1548,70
1649,74
1523,66
1723,75
1630,73
1608,70
1600,71
1759,79
1717,73
1551,71
1544,69
1590,73
1709,75
1535,69
1547,70
1561,70
1797,79
1442,67
1457,65
1776,78
1567,71
1585,73
1578,71
1499,69
1547,71
1709,75
1592,72
1701,74
1577,71
1557,70
1670,74
1663,74
1751,77
1535,69
1529,70
1712,76
1749,77
1839,81
1677,76
1581,71
1541,70
1519,68
1559,70
1650,74
1638,75
1571,71
1519,69
1531,68
1719,73
1677,74
1603,70
1761,77
1633,74
1599,68
1570,70
1539,67
1608,73
1772,78
1618,72
1622,73
1473,68
1698,74
1730,75
1764,76
1730,73
1677,74
1670,75
1522,69
1490,68
1689,75
1509,69
1820,80
1584,73
1448,64
1467,68
1579,69
1498,66
1640,74
1586,72
1640,72
1619,73
1588,71
1579,71
1854,81
1728,76
1408,65
1442,66
1521,70
1623,70
1403,65
1627,69
1735,78
1565,70
1640,73
1537,71
1381,63
1546,67
1504,69
1632,72
1613,73
1603,70
1681,74
1559,70
1396,64
1723,75
1550,72
1567,71
1453,68
1559,72
1475,68
1834,79
1632,73
1500,67
1752,78
1685,73
1466,66
1481,67
1608,73
1585,72
1507,68
1691,74
1492,66
1791,78
1800,80
1702,75
1539,69
1586,71
1661,76
1550,70
1558,69
1827,79
1647,75
1452,67
1574,70
1465,69
1531,68
1709,77
1719,75
1695,76
1565,72
1658,72
1629,72
1489,66
1682,73
1529,67
1639,74
1517,70
1658,74
1632,74
1837,81
1620,72
1594,71
1505,69
1661,73
1588,72
1710,74
1581,70
1555,71
1413,65
1593,71
1665,75
1658,75
1556,71
1779,79
1699,73
1440,66
1744,75
1665,75
1581,71
1650,76
1590,71
1760,78
1837,81
1369,63
1727,75
1644,74
1619,70
1360,62
1610,70
1763,78
1480,67
1653,74
1737,78
1672,73
1576,72
1801,78
1586,73
1666,76
1397,64
1420,64
1518,69
1616,72
1595,71
1521,69
1642,73
1380,65
1649,73
1510,68
1636,72
1434,67
1516,65
1451,67
1640,72
1667,74
1601,73
1527,70
1601,70
1353,63
1780,78
1725,76
1436,66
1476,66
1552,67
1655,75
1596,71
1535,68
1750,77
1652,74
1633,74
1502,69
1529,69
1344,60
1647,71
1670,74
1516,69
1623,71
1476,65
1581,70
1751,78
1585,71
1681,74
1612,74
1568,69
1490,67
1572,72
1483,66
1474,69
1538,71
1589,72
1595,73
1477,64
1800,79
1545,66
1539,67
1629,72
1380,63
1597,73
1672,75
1651,75
1543,69
1613,74
1725,76
1766,78
1455,66
1666,75
1694,72
1613,71
1410,65
1460,69
1346,63
1759,77
1660,72
1642,74
1564,70
1527,70
1761,78
1536,65
1668,75
1642,72
1673,74
1384,63
1575,73
1296,61
1786,79
1486,67
1595,70
1787,78
1397,65
1545,67
1588,71
1628,72
1437,65
1532,66
1806,80
1777,78
1731,76
1659,71
1687,76
1573,70
1759,77
1760,78
1627,72
1450,66
1475,67
1751,78
1405,66
1734,75
1544,68
1683,74
1650,73
1378,66
1486,68
1719,77
1484,67
1517,69
1513,67
1550,69
1639,73
1663,75
1503,68
1352,62
1638,70
1728,78
1576,72
1613,71
1705,76
1528,69
1693,76
1452,67
1640,70
1518,67
1671,74
1753,76
1443,65
1455,66
1486,67
1701,75
1440,67
1455,68
1670,75
1474,67
1453,65
1548,70
1455,66
1570,70
1481,62
1805,80
1832,80
1611,69
1754,78
1541,71
1674,75
1556,70
1311,61
1652,73
1607,71
1619,72
1405,66
1511,68
1611,72
1547,69
1685,75
1548,68
1645,73
1518,67
1623,73
1690,76
1528,70
1680,74
1625,72
1595,70
1418,65
1587,72
1433,67
1745,76
1553,69
1605,71
1723,76
1748,74
1640,74
1485,66
1476,64
1475,68
1690,74
1683,74
1603,71
1570,71
1545,69
1681,75
1581,71
1455,69
1626,72
1570,73
1711,76
1478,67
1673,75
1412,67
1590,71
1595,70
1395,61
1644,73
1532,72
1674,76
1681,75
1541,68
1615,70
1522,69
1471,66
1593,72
1534,69
1808,78
1428,65
1415,63
1635,73
1520,70
1580,72
1681,75
1627,72
1700,76
1707,75
1512,67
1560,69
1562,70
1611,72
1551,71
1800,80
1524,70
1563,71
1535,69
1366,64
1764,78
1350,62
1680,75
1646,74
1484,69
1595,72
1617,70
1727,76
1542,68
1578,70
1620,73
1636,74
1493,69
1673,74
1611,69
1517,71
1408,65
1810,80
1621,74
1613,71
1381,65
1657,73
1376,63
1555,69
1523,69
1685,73
1482,67
1627,73
1420,65
1684,76
1637,72
1538,70
1742,76
1557,70
1499,69
1609,73
1579,71
1478,67
1599,70
1662,76
1410,64
1620,70
1803,79
1610,72
1449,66
1552,71
1612,72
1431,67
1549,70
1628,74
1622,73
1576,71
1657,74
1770,78
1567,69
1632,74
1698,75
1489,66
1785,77
1626,69
1580,70
1709,77
1709,75
1579,69
1679,75
1641,73
1616,72
1540,71
1678,71
1605,69
1707,76
1564,70
1596,70
1591,71
1447,64
1642,74
1532,67
1537,69
1847,81
1684,75
1677,76
1535,70
1453,68
1672,74
1582,71
1620,73
1545,69
1431,65
1613,72
1696,74
1634,73
1511,68
1568,70
1480,69
1765,77
1603,69
1571,71
1661,74
1723,75
1698,72
1539,69
1818,79
1757,78
1705,73
1527,71
1779,78
1437,66
1696,76
1833,79
1804,80
1565,72
1624,73
1503,68
1596,73
1779,79
1514,69
1413,65
1655,76
1595,72
1612,71
1488,67
1485,68
1722,75
1685,73
1693,74
1489,69
1595,70
1604,69
1583,68
1501,69
1569,70
1476,67
1636,73
1852,80
1514,66
1683,76
1516,68
1292,59
1803,79
1572,71
1466,67
1758,78
1708,74
1649,73
1688,77
1657,73
1598,73
1824,79
1546,69
1421,67
1859,80
1645,73
1699,75
1649,73
1528,70
1767,78
1570,69
1598,70
1580,72
1579,69
1644,71
1787,79
1681,76
1689,75
1624,71
1511,66
1610,73
1623,71
1712,76
1694,76
1803,79
1595,69
1664,72
1599,72
1651,75
1540,72
1626,74
1511,70
1644,75
1571,72
1461,67
1542,70
1389,64
1512,70
1608,71
1643,72
1451,65
1615,72
1614,71
1492,69
1467,68
1597,72
1670,74
1527,70
1711,74
1670,72
1530,68
1555,70
1401,64
1551,69
1578,72
1580,70
1621,72
1569,71
1661,74
1643,74
1617,70
1526,68
1623,71
1690,76
1734,77
1734,75
1592,73
1597,74
1633,72
1668,75
1614,71
1388,66
1541,69
1531,69
1672,74
1485,67
1487,69
1654,72
1698,74
1465,67
1678,74
1746,77
1651,73
1490,68
1753,77
1459,66
1645,73
1480,67
1573,73
1561,70
1503,67
1553,70
1526,70
1541,68
1699,75
1638,73
1720,76
1742,77
1682,75
1707,74
1665,73
1608,72
1501,69
1798,79
1769,77
1654,75
1581,72
1467,68
1507,66
1539,69
1673,75
1521,69
1552,70
1508,68
1699,73
1477,68
1790,80
1580,70
1431,67
1782,79
1478,67
1643,73
1441,64
1581,70
1625,69
1587,71
1872,81
1632,72
1565,71
1543,69
1657,74
1723,74
1485,67
1590,73
1488,66
1532,67
1673,75
1542,69
1692,75
1643,75
1425,64
1590,74
1545,73
1839,81
1737,76
1685,73
1556,69
1623,72
1656,75
1558,70
1716,76
1544,71
1652,73
1547,71
1700,75
1480,67
1562,71
1539,69
1512,68
1580,72
1706,75
1532,67
1619,72
1583,72
1402,65
1592,72
1400,65
1595,70
1505,70
1612,72
1697,72
1679,75
1528,67
1635,73
1635,71
1791,79
1674,74
1658,74
1410,66
1605,71
1728,77
1592,72
1659,71
1657,74
1439,67
1520,69
1545,69
1617,72
1449,65
1744,78
1492,70
1541,71
1603,72
1806,79
1573,70
1666,73
1509,69
1534,68
1516,70
1719,77
1592,72
1464,67
1529,70
1574,72
1682,73
1675,75
1506,69
1626,72
1844,79
1570,71
1482,69
1493,69
1573,71
1661,74
1604,73
1846,80
1676,74
1660,73
1691,74
1697,74
1570,71
1579,71
1590,70
1616,73
1707,75
1668,73
1556,69
1729,77
1657,71
1697,75
1646,72
1590,72
1516,69
1591,69
1533,69
1740,76
1489,70
1574,71
1440,66
1675,76
1597,73
1667,70
1548,68
1554,70
1500,69
1459,66
1569,71
1441,67
1508,69
1449,68
1586,71
1568,69
1528,68
1502,69
1600,72
1450,67
1620,73
1451,66
1519,70
1490,68
1696,74
1772,78
1576,72
1487,68
1588,70
1464,68
1684,75
1698,75
1510,69
1643,73
1605,73
1681,77
1582,71
1667,75
1520,67
1724,76
1608,73
1565,72
1702,75
1645,73
1627,73
1677,76
1596,72
1593,70
1653,75
1528,68
1406,62
1675,75
1483,65
1680,75
1715,75
1779,78
1721,76
1500,68
1683,73
1517,68
1741,78
1669,73
1603,71
1646,72
1630,70
1524,69
1771,78
1611,72
1683,74
1420,64
1576,72
1647,73
1624,73
1625,69
1477,68
1549,72
1522,69
1550,69
1659,70
1436,67
1820,79
1729,76
1555,70
1612,70
1527,68
1694,77
1525,68
1674,74
1618,74
1533,70
1519,69
1619,72
1408,64
1586,69
1694,73
1580,72
1554,70
1734,74
1542,71
1483,67
1843,81
1673,72
1494,69
1859,80
1392,63
1700,76
1786,76
1701,76
1485,69
1622,72
1650,75
1736,74
1769,77
1640,72
1538,69
1511,68
1624,72
1740,76
1451,64
1570,71
1467,66
1692,75
1637,72
1615,74
1461,66
1712,77
1502,68
1591,72
1572,71
1564,69
1667,70
1680,74
1549,72
1615,72
1822,79
1428,67
1735,76
1601,72
1558,71
1572,68
1588,71
1738,76
1550,70
1639,73
1680,74
1412,64
1843,81
1636,74
1696,74
1590,68
1572,69
1723,75
1789,77
1642,74
1512,69
1742,76
1701,75
1537,73
1539,70
1563,71
1781,79
1375,64
1571,72
1691,74
1622,70
1621,73
1493,67
1624,73
1688,75
1530,68
1458,65
1280,61
1644,74
1488,65
1686,75
1480,70
1435,66
1547,70
1562,71
1630,71
1620,72
1583,70
1434,65
1635,72
1558,69
1759,78
1516,68
1590,71
1579,71
1546,70
1530,68
1662,74
1635,71
1565,71
1611,71
1652,73
1469,69
1621,73
1579,70
1517,70
1721,76
1619,72
1572,71
1723,77
1834,81
1719,76
1668,72
1627,70
1741,76
1621,72
1602,71
1696,78
1497,68
1583,71
1520,68
1597,71
1662,73
1525,71
1517,68
1630,73
1726,77
1646,74
1817,79
1828,80
1635,73
1754,78
1449,66
1550,68
1596,69
1510,71
1622,72
1769,78
1775,77
1794,80
1705,77
1520,68
1755,77
1428,67
1508,69
1583,70
1561,70
1487,68
1587,69
1574,70
1585,71
1742,78
1522,68
1494,68
1559,68
1642,72
1563,70
1600,71
1715,75
1743,77
1666,73
1691,71
1417,65
1833,80
1671,74
1713,75
1400,63
1653,75
1435,67
1505,69
1668,73
1744,78
1596,71
1691,74
1572,69
1648,74
1653,75
1828,79
1605,70
1615,71
1621,72
1716,76
1565,69
1643,72
1523,69
1763,77
1713,77
1583,70
1650,74
1599,72
1570,70
1682,75
1510,69
1708,76
1852,81
1523,69
1754,78
1664,72
1571,69
1634,73
1619,73
1761,77
1545,71
1520,70
1705,76
1533,69
1669,74
1634,74
1515,68
1625,72
1508,66
1758,77
1791,78
1612,71
1574,71
1553,70
1631,73
1664,74
1578,70
1588,71
1451,68
1621,71
1666,74
1631,71
1711,76
1731,75
1543,66
1733,75
1635,75
1756,78
1514,68
1581,69
1528,67
1499,70
1672,75
1821,80
1567,72
1604,71
1566,70
1716,74
1598,70
1615,73
1428,64
1738,76
1470,68
1523,68
1557,71
1468,65
1478,67
1558,70
1583,72
1659,74
1623,75
1558,72
1483,66
1670,76
1615,74
1808,79
1476,66
1604,71
1509,67
1516,66
1540,71
1677,75
1483,67
1560,69
1535,70
1611,72
1572,70
1624,73
1656,74
1850,80
1364,63
1574,68
1608,72
1622,72
1397,63
1407,65
1551,70
1428,64
1480,70
1833,81
1659,73
1568,72
1662,74
1597,73
1638,72
1430,65
1577,72
1605,73
1549,69
1651,71
1447,65
1547,70
1572,69
1609,72
1650,71
1691,73
1610,71
1690,76
1470,67
1637,72
1461,63
1588,68
1549,68
1535,70
1624,73
1475,64
1607,68
1733,73
1612,71
1659,74
1660,73
1566,71
1648,72
1643,72
1537,70
1624,72
1681,73
1752,77
1517,67
1724,75
1462,67
1374,63
1629,72
1550,68
1792,78
1699,75
1807,79
1632,73
1492,68
1825,80
1642,73
1600,67
1580,72
1570,70
1486,69
1597,72
1571,71
1532,68
1723,74
1666,73
1677,72
1683,73
1431,64
1633,73
1633,72
1734,75
1654,73
1343,65
1618,71
1715,74
1621,70
1558,70
1504,69
1877,82
1726,76
1780,78
1503,66
1572,69
1649,72
1657,74
1559,70
1729,74
1722,77
1724,75
1702,72
1547,69
1637,71
1522,70
1551,68
1553,69
1810,79
1716,74
1658,74
1579,69
1642,73
1494,69
1640,71
1432,64
1551,70
1369,63
1579,70
1701,74
1683,72
1543,70
1660,72
1499,69
1674,75
1596,68
1653,72
1698,75
1806,78
1514,68
1613,70
1620,70
1643,72
1783,78
1379,64
1596,73
1687,75
1344,60
1699,75
1640,74
1682,74
1594,70
1654,74
1457,66
1558,68
1547,69
1792,78
1555,72
1646,74
1638,72
1486,67
1349,63
1492,69
1499,67
1724,75
1390,64
1850,81
1630,72
1544,70
1540,71
1557,69
1657,73
1666,73
1672,73
1732,76
1607,73
1672,74
1624,73
1580,71
1626,70
1423,65
1605,71
1501,69
1598,73
1583,68
1724,75
1444,67
1606,71
1535,67
1748,76
1713,75
1701,75
1282,59
1613,72
1505,67
1415,65
1529,70
1505,67
1749,76
1715,76
1593,68
1650,72
1573,70
1657,73
1601,71
1656,75
1588,71
1495,67
1539,68
1534,69
1531,71
1488,66
1635,73
1683,72
1673,73
1552,71
1615,73
1728,76
1581,70
1547,68
1765,78
1596,72
1634,74
1703,77
1532,68
1536,68
1813,77
1387,63
1504,66
1549,70
1791,79
1464,65
1490,68
1473,68
1719,73
1777,76
1541,69
1567,69
1490,67
1569,70
1593,71
1473,69
1710,75
1798,80
1722,75
1711,74
1736,76
1830,80
1458,64
1855,81
1464,67
1413,64
1479,67
1615,70
1569,69
1743,76
1485,65
1490,68
1517,70
1721,75
1728,75
1652,74
1424,64
1662,75
1627,70
1694,74
1494,69
1422,64
1680,75
1580,70
1421,65
1628,71
1811,80
1695,76
1676,74
1475,65
1703,76
1714,72
1536,67
1749,76
1780,77
1588,70
1705,74
1453,65
1529,71
1636,71
1778,78
1420,64
1690,73
1478,65
1695,75
1547,67
1563,69
1696,74
1678,75
1638,69
1528,68
1513,68
1608,72
1548,68
1606,71
1494,68
1721,76
1423,64
1625,72
1673,74
1681,74
1543,68
1720,74
1510,68
1548,68
1564,69
1773,75
1563,66
1468,65
1700,76
1595,70
1497,67
1739,75
1475,65
1653,73
1635,73
1498,68
1701,75
1501,66
1546,70
1692,76
1813,80
1493,68
1529,68
1735,77
1545,70
1613,74
1500,67
1695,73
1845,81
1716,75
1529,66
1717,76
1636,73
1642,72
1772,77
1536,69
1391,63
1730,76
1588,71
1428,68
1729,74
1550,68
1871,79
1708,73
1593,70
1776,78
1654,69
1671,73
1568,68
1533,66
1648,74
1326,63
1621,71
1811,79
1875,81
1761,78
1636,71
1581,71
1517,68
1544,67
1461,64
1712,75
1586,72
1814,78
1715,75
1272,59
1685,74
1621,74
1565,71
1585,72
1531,66
1705,76
1645,73
1474,67
1797,79
1495,65
1385,64
1491,67
1734,75
1766,74
1456,68
1507,67
1528,68
1708,75
1491,65
1768,77
1429,66
1603,71
1659,71
1625,69
1490,68
1928,83
1803,79
1500,69
1424,66
1800,78
1620,73
1558,70
1566,69
1385,62
1460,67
1801,79
1389,62
1476,67
1410,63
1399,64
1528,68
1675,74
1444,65
1537,68
1760,76
1667,74
1498,69
1430,66
1690,74
1741,75
1631,73
1517,69
1401,64
1506,69
1663,76
1645,76
1775,77
1561,69
1836,79
1694,74
1616,73
1400,64
1446,66
1649,72
1701,75
1508,68
1816,78
1529,68
1638,75
1886,82
1444,64
1792,78
1727,74
1654,74
1414,63
1683,75
1628,71
1498,67
1456,65
1526,69
1537,69
1711,77
1698,74
1643,70
1630,74
1568,69
1547,70
1549,69
1673,71
1716,75
1596,71
1633,73
1461,69
1664,71
1579,71
1702,74
1647,73
1410,65
1644,71
1603,71
1607,69
1415,65
1906,82
1759,77
1623,71
1531,67
1527,69
1597,72
1716,74
1486,68
1589,71
1529,66
1539,68
1612,70
1466,64
1438,66
1534,69
1644,70
1680,75
1928,81
1621,72
1660,74
1691,75
1457,65
1652,73
1486,68
1601,72
1609,69
1606,73
1663,73
1928,83
1549,70
1660,74
1637,73
1479,65
1476,66
1605,72
1671,72
1561,69
1468,67
1522,71
1527,70
1627,74
1511,70
1505,67
1560,70
1376,63
1471,67
1279,59
1794,77
1757,78
1705,77
1611,73
1549,68
1292,61
1577,69
1588,71
1416,65
1453,69
1536,68
1526,71
1439,66
1495,66
1734,73
1632,71
1589,72
1614,70
1557,70
1655,72
1532,70
1682,75
1595,71
1588,70
1690,74
1533,69
1512,68
1873,82
1430,65
1452,65
1601,71
1489,69
1476,65
1557,70
1441,68
1464,67
1403,62
1636,74
1615,73
1550,70
1614,72
1542,71
1683,74
1731,74
1551,68
1644,73
1444,65
1421,65
1740,74
1440,66
1522,68
1428,66
1544,70
1421,63
1413,64
1515,70
1668,73
1746,76
1673,74
1495,69
1551,72
1501,65
1447,65
1591,70
1485,66
1656,73
1493,66
1734,76
1654,74
1886,82
1953,83
1521,69
1601,73
1613,72
1561,73
1928,83
1492,66
1680,73
1630,72
1633,73
1549,70
1479,67
1636,71
1478,67
1644,72
1398,64
1628,71
1512,67
1493,66
1704,75
1468,66
1446,65
1694,75
1815,77
1577,71
1451,65
1551,68
1721,75
1646,71
1681,74
1559,71
1728,76
1811,77
1774,79
1399,63
1556,69
1503,70
1543,68
1743,74
1607,73
1563,70
1585,71
1635,75
1421,64
1456,66
1653,73
1536,69
1634,70
1687,76
1604,72
1503,66
1843,81
1481,67
1586,70
1778,77
1543,69
1543,68
1451,67
1481,67
1548,68
1635,73
1481,69
1474,67
1805,76
1494,67
1589,70
1482,68
1736,75
1733,76
1612,71
1507,71
1760,75
1417,64
1513,67
1627,73
1815,79
1493,69
1598,70
1751,77
1436,64
1607,74
1559,69
1499,66
1534,70
1750,77
1503,70
1504,68
1576,71
1390,63
1580,71
1704,73
1523,69
1598,70
1509,69
1865,80
1351,61
1650,74
1569,71
1640,73
1810,79
1476,69
1368,62
1597,71
1391,63
1520,68
1667,75
1612,70
1661,72
1537,67
1391,63
1823,79
1624,73
1545,69
1616,72
1525,69
1671,74
1345,63
1670,73
1760,77
1654,75
1589,71
1759,78
1619,73
1556,70
1736,79
1708,74
1602,72
1593,73
1572,71
1776,78
1655,73
1478,66
1554,69
1558,71
1540,68
1634,73
1393,65
1680,75
1693,72
1433,64
1662,74
1475,66
1722,74
1638,74
1903,82
1601,71
1527,67
1489,69
1649,74
1521,68
1667,72
1584,71
1572,70
1585,71
1720,75
1579,71
1509,67
1729,75
1523,70
1612,73
1598,71
1543,70
1490,65
1539,69
1514,68
1524,69
1524,67
1514,65
1664,72
1485,68
1514,68
1612,69
1568,71
1561,70
1463,66
1480,67
1720,74
1416,64
1786,78
1477,68
1479,66
1554,70
1668,72
1664,74
1689,76
1513,67
1765,79
1528,70
1509,70
1533,69
1784,75
1625,72
1400,63
1508,68
1591,70
1634,71
1618,70
1727,76
1811,80
1664,71
1603,73
1537,68
1670,75
1463,67
1569,70
1567,71
1601,71
1446,65
1542,71
1495,66
1528,69
1601,74
1461,66
1541,68
1732,77
1510,69
1584,71
1478,66
1738,74
1582,73
1467,67
1673,74
1437,66
1510,71
1503,67
1679,76
1813,78
1599,70
1641,74
1752,75
1616,71
1572,70
1550,71
1866,81
1540,67
1690,75
1586,69
1561,71
1748,76
1671,72
1407,64
1721,73
1550,66
1805,77
1580,71
1598,70
1445,68
1743,76
1634,71
1744,76
1613,72
1490,68
1734,75
1642,69
1471,64
1525,70
1670,74
1538,68
1476,67
1661,72
1505,68
1677,74
1736,77
1567,70
1505,67
1502,66
1533,69
1649,74
1605,71
1615,71
1981,84
1604,73
1756,75
1679,75
1335,61
1803,78
1629,70
1444,64
1866,79
1536,69
1572,70
1627,70
1720,77
1522,67
1506,69
1584,70
1396,66
1810,77
1701,73
1476,67
1774,77
1547,71
1454,66
1665,74
1435,67
1344,61
1502,68
1470,67
1677,75
1600,70
1655,72
1798,79
1608,71
1663,74
1687,75
1493,68
1558,71
1466,67
1696,75
1816,78
1449,65
1506,66
1472,67
1464,66
1429,66
1741,76
1537,69
1794,78
1730,75
1451,65
1464,67
1528,69
1670,74
1624,72
1747,77
1603,70
1743,78
1673,75
1794,78
1389,64
1634,72
1520,68
1562,67
1478,67
1611,71
1553,72
1752,76
1423,64
1601,71
1398,66
1545,70
1587,73
1690,73
1466,66
1611,71
1613,73
1826,77
1521,69
1573,70
1569,70
1572,69
1599,70
1498,67
1678,75
1376,62
1750,74
1448,68
1699,72
1484,67
1873,78
1696,75
1562,71
1390,64
1570,69
1554,68
1588,68
1756,76
1564,71
1518,66
1623,74
1979,84
1479,65
1509,67
1514,68
1503,70
1654,73
1649,72
1725,76
1528,69
1694,74
1716,76
1799,76
1573,70
1606,72
1820,78
1983,84
1599,71
1544,70
1276,60
1631,70
1746,78
1571,71
1516,70
1674,75
1551,70
1621,72
1420,64
1729,76
1652,73
1612,71
1382,65
1554,69
1551,69
1500,69
1462,67
1395,62
1542,68
1595,69
1700,73
1606,72
1557,70
1419,65
1547,69
1466,68
1668,72
1389,63
1672,72
1569,71
1578,70
1660,71
1477,68
1597,70
1571,69
1835,79
1638,70
1720,75
1400,63
1523,69
1565,68
1727,77
1755,78
1847,79
1580,72
1518,67
1778,76
1614,72
1977,84
1638,72
1400,64
1840,80
1609,72
1806,78
1702,74
1603,72
1806,76
1763,76
1523,69
1522,72
1669,76
1683,76
1614,70
1755,75
1602,68
1780,75
1550,71
1657,72
1525,70
1525,70
1503,68
1710,74
1849,78
1576,71
1933,82
1558,69
1614,72
1620,70
1674,71
1711,75
1397,67
1849,78
1610,73
1571,72
1568,70
1723,76
1673,76
1776,79
1504,67
1392,65
1554,67
1507,67
1798,78
1842,77
1539,69
1426,67
1550,69
1525,69
1778,74
1410,64
1454,66
1543,69
1672,72
1496,68
1618,72
1548,68
1559,68
1677,72
1630,72
1798,76
1641,72
1546,70
1499,68
1736,76
1613,70
1595,72
1609,72
1642,71
1514,69
1694,76
1758,77
1511,70
1497,68
1575,70
1634,73
1663,72
1605,71
1457,65
1739,75
1567,69
1479,68
1543,69
1722,76
1658,76
1621,71
1690,74
1739,75
1716,76
1649,73
1868,80
1518,69
1426,66
1979,84
1363,64
1538,68
1785,75
1557,70
1815,79
1820,79
1747,75
1596,70
1581,69
1771,76
1703,74
1571,70
1456,64
1603,70
1752,78
1630,72
1747,78
1746,75
1466,65
1505,68
1491,68
1714,73
1637,73
1638,73
1534,66
1618,71
1685,73
1554,67
1400,67
1410,63
1622,72
1535,69
1579,70
1607,71
1755,76
1493,66
1416,64
1510,67
1694,72
1474,67
1827,78
1582,69
1384,64
1357,63
1532,69
1971,82
1517,68
1597,73
1676,75
1803,75
1587,72
1846,79
1602,70
1580,69
1528,69
1769,76
1460,66
1587,73
1577,71
1449,64
1741,77
1611,70
1539,68
1617,72
1745,76
1981,84
1591,68
1615,73
1398,66
1638,71
1752,76
1631,70
1595,71
1658,74
1919,83
1672,74
1654,74
1498,68
1608,69
1519,68
1455,68
1868,79
1570,72
1432,66
1524,69
1599,72
1743,75
1665,72
1597,69
1799,76
1666,76
1692,72
1784,77
1668,74
1464,67
1478,65
1783,80
1641,71
1670,71
1477,67
1479,67
1813,78
1655,73
1439,65
1676,74
1482,67
1589,72
1502,68
1657,72
1423,67
1633,73
1581,71
1414,65
1598,71
1736,74
1545,69
1588,72
1847,79
1636,72
1925,81
1724,74
1543,68
1614,72
1363,63
1622,73
1765,76
1977,84
1651,72
1608,70
1709,77
1527,68
1536,68
1653,72
1638,71
1616,73
1406,64
1539,70
1582,71
1680,75
1504,67
1612,73
1556,71
1596,70
1608,71
1693,73
1538,68
1636,72
1732,75
1741,74
1480,68
1615,70
1552,69
1754,77
1358,62
1495,68
1861,80
1688,74
1581,71
1627,74
1543,72
1670,72
1553,67
1636,72
1459,68
1591,71
1678,73
1628,72
1707,75
1946,81
1593,70
1513,67
1809,77
1457,68
1756,78
1547,65
1472,69
1829,78
1818,78
1744,77
1622,71
1859,79
1517,67
1646,72
1523,70
1699,76
1878,81
1977,84
1403,64
1646,72
1676,73
1542,68
1774,77
1749,78
1801,77
1700,74
1644,70
1777,76
1639,73
1750,74
1557,70
1545,68
1553,69
1650,72
1659,71
1370,63
1753,77
1864,78
1557,71
1483,67
1709,73
1725,75
1604,72
1832,76
1638,73
1815,80
1487,69
1660,74
1537,68
1799,77
1665,71
1415,65
1434,62
1523,66
1705,73
1786,78
1710,74
1903,81
1605,71
1924,82
1569,69
1666,74
1507,67
1470,66
1675,76
1600,71
1534,69
1682,71
1754,76
1603,70
1726,76
1818,78
1539,69
1618,71
1428,64
1608,71
1708,77
1979,83
1820,78
1551,70
1871,78
1730,75
1753,75
1692,73
1598,70
1751,77
1627,71
1655,72
1754,78
1693,75
1553,70
1654,74
1925,83
1610,72
1489,69
1675,73
1707,77
1546,70
1983,84
1456,65
1765,74
1509,68
1411,63
1508,69
1540,68
1581,73
1505,67
1703,76
1534,67
1592,72
1356,63
1574,71
1542,71
1549,71
1625,71
1794,74
1616,69
1564,72
1618,70
1811,79
1548,68
1440,67
1558,69
1849,78
1713,74
1492,67
1945,82
1630,71
1839,78
1856,80
1882,80
1739,74
1490,66
1517,69
1511,70
1769,79
1648,70
1674,75
1818,77
1612,72
1624,71
1512,68
1667,73
1483,67
1561,70
1447,67
1574,70
1640,73
1659,72
1612,72
1547,69
1736,77
1468,69
1497,69
1663,74
1521,67
1920,83
1664,72
1408,69
1691,73
1498,69
1748,73
1562,71
1639,73
1530,67
1767,73
1847,81
1823,80
1658,75
1460,65
1706,77
1843,79
1717,75
1735,75
1557,68
1376,65
1589,70
1492,67
1581,69
1847,79
1616,70
1330,63
1853,80
1483,67
1624,71
1725,76
1638,72
1801,77
1508,68
1554,67
1755,75
1608,71
1534,67
1458,66
1517,69
1732,76
1666,72
1572,71
1787,77
1609,70
1724,74
1761,74
1583,67
1714,75
1836,75
1788,80
1834,78
1625,73
1449,65
1648,73
1557,71
1507,66
1803,77
1513,68
1644,71
1435,66
1922,82
1620,71
1687,74
1726,76
1576,70
1609,71
1654,74
1846,78
1699,73
1587,70
1518,69
1625,73
1536,70
1574,71
1667,71
1495,67
1687,72
1786,78
1541,70
1666,75
1643,71
1509,71
1545,68
1511,66
1522,69
1540,68
1494,68
1619,72
1601,70
1601,70
1482,67
1602,69
1737,75
1504,68
1550,71
1623,73
1731,73
1570,69
1685,74
1534,68
1814,81
1464,68
1745,75
1582,69
1512,68
1497,68
1615,69
1662,73
1830,77
1607,70
1790,77
1590,71
1515,66
1578,70
1608,69
1801,76
1973,83
1558,72
1805,79
1613,72
1567,70
1409,65
1709,74
1541,69
1619,70
1890,81
1588,71
1625,70
1540,70
1531,67
1734,76
1748,75
1527,69
1539,71
1577,69
1969,84
1590,70
1538,71
1752,75
1545,70
1537,68
1550,69
1951,81
1738,77
1622,72
1612,70
1941,83
1728,76
1777,78
1558,70
1524,68
1453,65
1433,67
1878,83
1354,63
1611,71
1712,74
1549,67
1731,77
1719,74
1553,70
1753,72
1478,65
1460,67
1707,73
1745,75
1634,74
1860,77
1755,77
1566,70
1692,75
1438,65
1574,69
1672,74
1583,70
1664,72
1650,70
1782,75
1581,70
1776,77
1638,72
1675,72
1669,73
1481,67
1554,68
1665,74
1491,67
1710,73
1514,68
1539,67
1616,71
1524,67
1420,65
1618,72
1561,69
1673,74
1459,66
1887,79
1894,80
1580,72
1544,68
1574,68
1675,73
1971,84
1696,73
1772,76
1707,72
1598,71
1610,72
1918,82
1521,69
1573,70
1485,65
1837,78
1969,84
1659,72
1756,75
1619,73
1665,73
1676,74
1583,72
1918,83
1668,74
1406,64
1567,69
1748,76
1472,65
1614,73
1271,62
1643,72
1604,70
1676,73
1490,67
1696,73
1850,79
1530,68
1692,77
1546,69
1520,67
1671,72
1461,69
1420,65
1710,75
1459,66
1740,75
1620,71
1602,71
1528,69
1751,78
1609,69
1855,78
1662,71
1535,68
1471,66
1893,81
1646,73
1554,68
1749,77
1643,74
1760,77
1825,78
1613,68
1401,66
1488,67
1726,76
1750,77
1493,68
1730,73
1621,71
1703,74
1617,70
1476,67
1885,82
1609,71
1625,71
1547,68
1561,69
1823,79
1600,71
1856,80
1525,69
1792,78
1393,64
1754,76
1705,74
1648,72
1633,73
1542,70
1965,84
1663,72
1490,65
1750,76
1587,74
1546,70
1467,66
1517,69
1432,65
1536,70
1918,80
1579,69
1566,71
1540,69
1484,65
1680,74
1478,67
1550,70
1457,63
1647,73
1571,72
1775,77
1338,62
1519,68
1614,71
1529,68
1553,70
1559,70
1723,76
1382,64
1444,67
1874,81
1759,77
1893,80
1520,68
1551,70
1556,69
1572,68
1665,75
1717,76
1605,71
1702,74
1626,73
1695,73
1524,69
1658,75
1756,77
1620,72
1734,76
1513,67
1651,71
1527,68
1634,72
1519,69
1596,71
1698,76
1535,66
1575,73
1628,71
1426,66
1715,75
1496,69
1781,76
1752,77
1567,70
1743,78
1620,71
1426,66
1594,72
1510,68
1673,73
1578,71
1666,75
1396,64
1641,72
1514,68
1454,66
1565,70
1871,79
1638,73
1730,74
1619,71
1860,81
1765,75
1684,74
1697,74
1477,68
1602,72
1957,83
1465,66
1536,69
1860,79
1520,69
1516,69
1951,82
1911,82
1446,63
1784,76
1531,69
1500,67
1587,71
1612,71
1652,69
1759,79
1340,64
1437,66
1543,69
1562,69
1590,72
1566,70
1632,72
1700,75
1521,68
1595,72
1528,69
1577,71
1584,72
1653,75
1577,69
1560,69
1571,71
1518,68
1780,79
1573,69
1657,73
1845,80
1570,72
1668,73
1514,69
1629,71
1740,77
1596,69
1460,65
1397,64
1542,71
1750,77
1852,78
1785,78
1718,75
1622,70
1873,79
1833,79
1753,77
1472,66
1713,77
1385,64
1740,75
1545,70
1574,69
1418,65
1736,75
1515,66
1526,68
1382,63
1458,68
1908,80
1639,72
1602,72
1786,77
1610,71
1783,77
1549,68
1582,71
1524,67
1672,73
1613,71
1540,70
1523,71
1683,76
1563,69
1495,69
1696,73
1494,67
1819,80
1485,68
1764,76
1491,68
1351,62
1543,67
1701,74
1815,78
1469,66
1509,69
1469,67
1469,68
1520,67
1510,67
1691,74
1491,65
1594,70
1638,73
1567,72
1739,73
1680,73
1373,63
1472,68
1662,74
1765,78
1536,69
1923,81
1603,73
1478,68
1637,73
1894,81
1833,79
1405,65
1554,70
1817,77
1524,69
1639,71
1388,66
1536,67
1950,82
1531,68
1638,74
1680,74
1551,69
1601,69
1393,64
1599,73
1818,77
1630,72
1642,71
1547,72
1606,73
1721,75
1500,68
1675,73
1721,76
1495,70
1647,72
1541,69
1735,76
1616,73
1711,75
1593,71
1579,71
1593,72
1548,71
1681,71
1589,67
1602,72
1567,71
1411,63
1749,78
1464,68
1565,71
1516,68
1570,69
1557,70
1504,67
1647,72
1864,78
1536,68
1777,78
1707,73
1500,68
1701,75
1792,75
1571,70
1690,73
1414,63
1491,68
1648,71
1500,67
1710,75
1684,75
1409,63
1719,75
1636,72
1783,77
1757,78
1578,69
1557,70
1882,79
1777,76
1504,70
1418,64
1602,71
1575,70
1590,72
1531,70
1618,73
1840,80
1556,68
1611,72
1686,74
1581,72
1591,70
1627,73
1503,70
1588,69
1618,73
1957,84
1727,75
1474,65
1690,75
1676,74
1808,78
1551,69
1471,68
1517,69
1858,81
1755,75
1431,66
1391,63
1666,74
1555,69
1698,74
1521,66
1469,66
1594,71
1640,72
1559,70
1456,66
1506,68
1625,70
1545,71
1533,66
1623,72
1660,75
1543,69
1802,78
1440,64
1671,72
1467,68
1510,68
1548,70
1666,74
1720,75
1626,75
1682,75
1695,76
1524,66
1618,70
1658,72
1763,77
1664,72
1601,73
1538,68
1803,78
1673,73
1902,81
1957,84
1658,72
1520,70
1711,73
1589,71
1592,73
1434,67
1671,72
1910,80
1703,77
1591,73
1688,72
1624,71
1517,68
1568,72
1589,71
1645,74
1676,74
1619,71
1618,71
1848,79
1580,71
1771,79
1651,74
1565,70
1541,69
1678,74
1596,72
1645,72
1690,75
1808,78
1579,71
1666,76
1547,68
1534,68
1690,74
1660,72
1780,77
1515,70
1638,72
1560,71
1687,73
1785,79
1665,76
1961,84
1572,70
1589,71
1474,66
1431,66
1589,70
1547,70
1614,72
1506,69
1678,75
1598,70
1451,68
1693,75
1479,67
1508,69
1522,67
1532,69
1690,74
1609,70
1770,75
1713,73
1569,71
1486,68
1661,73
1828,76
1737,73
1535,69
1726,73
1474,69
1625,70
1694,76
1599,73
1489,67
1928,81
1478,67
1743,74
1600,69
1521,68
1649,72
1656,73
1720,74
1576,70
1771,77
1516,70
1768,76
1505,66
1760,76
1616,72
1464,66
1414,65
1578,71
1451,65
1445,66
1703,75
1853,79
1568,71
1582,69
1582,69
1626,71
1553,72
1711,74
1529,69
1701,73
1567,71
1799,76
1545,69
1630,71
1566,72
1472,67
1486,67
1736,74
1448,65
1741,77
1593,70
1763,77
1651,72
1585,68
1794,75
1796,75
1639,72
1437,67
1659,73
1414,65
1721,75
1668,73
1752,75
1692,73
1486,69
1564,69
1771,76
1612,71
1513,70
1620,72
1408,65
1547,71
1491,67
1550,70
1743,76
1424,65
1556,71
1559,69
1537,69
1785,78
1827,79
1605,71
1603,72
1990,83
1755,77
1663,72
1573,71
1665,72
1434,67
1518,67
1655,71
1669,73
1589,71
1700,74
1377,64
1667,74
1764,75
1617,73
1662,75
1508,69
1516,70
1548,67
1480,68
1547,70
1925,83
1599,71
1470,65
1661,72
1891,80
1746,75
1327,59
1715,74
1688,73
1557,68
1469,65
1739,75
1673,73
1700,75
1643,72
1625,73
1557,72
1603,69
1628,72
1496,68
1718,75
1517,67
1698,76
1495,67
1420,66
1497,68
1621,72
1572,71
1745,76
1573,71
1701,75
1673,73
1872,82
1502,68
1619,70
1476,69
1885,81
1817,79
1686,75
1391,65
1526,66
1643,71
1874,81
1517,67
1889,82
1492,68
1617,72
1574,71
1492,67
1714,76
1589,74
1460,67
1730,75
1542,70
1603,72
1412,62
1740,75
1748,77
1508,68
1519,66
1604,72
1598,71
1789,77
1632,72
1561,70
1583,70
1781,77
1629,71
1727,75
1729,76
1630,73
1933,83
1889,81
1635,74
1761,76
1509,67
1569,69
1560,68
1458,67
1707,75
1454,67
1579,70
1783,77
1694,73
1528,69
1683,74
1746,75
1563,73
1482,68
1805,79
1584,71
1655,74
1742,76
1655,72
1476,68
1542,67
1526,68
1686,75
1549,69
1457,66
1900,83
1666,73
1682,70
1545,69
1723,77
1622,73
1641,71
1805,78
1422,67
1700,74
1736,74
1730,75
1528,69
1744,75
1871,80
1619,70
1683,72
1545,70
1611,72
1911,82
1695,74
1730,77
1618,70
1607,73
1575,71
1924,81
1502,67
1891,80
1619,72
1716,75
1582,71
1682,74
1860,80
1640,72
1592,72
1601,70
1709,74
1906,81
1595,71
1695,75
1635,71
1525,69
1401,63
1686,72
1761,77
1768,75
1822,79
1959,84
1561,70
1477,66
1648,71
1763,75
1680,73
1561,68
1516,67
1620,71
1696,75
1573,71
1761,78
1461,65
1543,69
1561,69
1795,76
1585,69
1631,73
1536,68
1494,70
1735,74
1622,73
1885,79
1628,71
1712,73
1557,71
1945,83
1762,76
1541,68
1571,69
1579,71
1906,78
1630,72
1683,73
1695,76
1576,70
1555,69
1670,73
1484,67
1744,75
1726,75
1538,70
1770,77
1481,65
1767,76
1543,68
1637,73
1757,77
1513,69
1548,69
1745,77
1710,74
1564,71
1769,76
1438,66
1616,72
1659,73
1359,62
1907,82
1674,73
1811,77
1572,72
1744,76
1684,72
1715,74
1712,78
1554,70
1701,77
1420,63
1673,75
1606,71
1591,72
1701,74
1505,68
1457,65
1723,74
1868,79
1629,73
1678,75
1544,69
1953,84
1769,77
1812,80
1528,70
1746,75
1600,70
1708,76
1683,75
1497,68
1415,64
1656,72
1527,70
1744,77
1827,77
1922,82
1684,73
1859,79
1796,78
1496,67
1757,75
1509,70
1772,79
1527,69
1626,72
1426,67
1547,69
1691,73
1619,73
1500,68
1564,70
1593,69
1575,69
1654,73
1547,69
1945,83
1874,80
1478,66
1466,66
1710,75
1606,70
1729,75
1743,76
1953,84
1468,68
1544,69
1714,74
1543,69
1671,73
1459,65
1617,72
1728,75
1476,67
1798,76
1629,71
1365,67
1557,70
1688,74
1737,74
1632,75
1727,75
1427,65
1658,72
1502,67
1736,75
1469,66
1711,77
1428,65
1679,75
1709,75
1581,70
1836,80
1674,75
1791,78
1943,83
1518,67
1410,66
1686,76
1467,67
1870,78
1818,77
1674,73
1671,72
1567,70
1734,77
1561,70
1506,66
1768,76
1686,76
1784,79
1438,67
1835,78
1822,77
1504,68
1720,73
1648,73
1614,72
1469,71
1481,67
1554,69
1664,72
1622,72
1549,71
1677,74
1734,74
1443,66
1617,71
1677,73
1818,78
1566,72
1752,75
1535,69
1661,74
1610,72
1579,70
1521,68
1680,74
1601,73
1648,72
1634,71
1344,59
1458,65
1939,83
1414,65
1888,82
1662,72
1569,72
1683,72
1632,71
1555,72
1822,78
1579,70
1419,63
1808,77
1671,73
1402,64
1665,72
1784,78
1562,72
1671,73
1517,69
1619,72
1643,74
1769,74
1513,68
1699,76
1715,76
1497,71
1659,75
1607,71
1652,74
1816,76
1527,68
1518,69
1734,77
1568,69
1689,74
1431,68
1560,70
1672,74
1770,78
1547,68
1759,75
1745,74
1766,77
1380,63
1653,73
1612,71
1850,79
1488,68
1781,78
1748,77
1668,72
1449,65
1789,79
1665,74
1409,65
1691,76
1700,74
1736,78
1670,73
1669,73
1410,65
1430,66
1671,74
1898,81
1573,74
1566,70
1645,72
1586,72
1592,69
1496,69
1493,66
1546,69
1623,72
1905,82
1584,71
1608,70
1494,70
1433,65
1381,62
1682,73
1732,75
1639,75
1645,74
1961,84
1676,72
1526,67
1606,72
1761,75
1686,72