58,1410
60,1400
59,1287
59,1390
60,1451
58,1351
55,1214
59,1332
54,1265
59,1421
58,1302
54,1191
50,1155
59,1275
56,1218
53,1182
57,1431
60,1446
59,1383
58,1315
62,1450
56,1298
59,1322
62,1396
56,1304
58,1389
62,1402
56,1244
57,1167
60,1371
-,-,-,-
58,1410
58,1410
58,1410
56,1360
59,1419
57,1382
57,1399
61,1491
55,1297
63,1553
58,1422
57,1377
57,1381
59,1444
62,1413
56,1297
57,1338
58,1342
59,1381
58,1343
59,1369
59,1304
59,1287
60,1331
58,1375
58,1263
58,1336
56,1278
54,1211
58,1391
60,1455
60,1455
56,1317
62,1428
54,1187
56,1276
54,1238
61,1440
61,1444
54,1242
55,1273
55,1222
57,1305
61,1363
56,1280
55,1226
53,1257
60,1415
62,1379
57,1293
60,1418
54,1254
59,1293
63,1477
59,1466
59,1428
53,1265
57,1298
60,1225
63,1449
-,-,-,-
61,1389
64,1478
59,1398
58,1373
63,1472
61,1427
63,1453
63,1447
60,1379
64,1491
64,1476
64,1491
63,1461
59,1375
60,1334
63,1473
63,1477
62,1469
60,1407
63,1477
61,1422
62,1557
60,1458
63,1553
63,1553
58,1421
60,1380
55,1181
62,1357
55,1224
59,1350
62,1402
60,1366
62,1415
63,1468
61,1456
57,1273
61,1512
59,1271
57,1317
54,1279
60,1322
61,1384
59,1363
57,1291
57,1225
53,1157
53,1255
59,1352
62,1558
50,1181
57,1268
55,1259
55,1291
56,1369
53,1163
62,1528
57,1345
56,1262
58,1296
-,-,-,-
62,1437
63,1458
63,1477
65,1524
64,1476
64,1488
65,1547
64,1492
58,1314
64,1476
63,1446
62,1413
64,1474
64,1501
61,1397
64,1520
61,1418
60,1436
61,1407
62,1433
63,1475
63,1500
63,1497
63,1506
62,1452
61,1409
59,1415
61,1492
63,1553
60,1439
62,1357
61,1396
57,1222
63,1414
63,1396
62,1402
57,1269
51,1203
57,1343
56,1338
61,1334
59,1251
62,1449
61,1437
62,1323
54,1239
56,1332
62,1387
58,1300
56,1268
58,1386
59,1321
60,1377
62,1409
59,1361
54,1243
60,1360
58,1449
62,1470
60,1356
-,-,-,-
65,1560
64,1495
63,1480
64,1501
65,1524
62,1430
66,1528
65,1524
62,1446
65,1524
64,1493
65,1544
63,1467
61,1426
64,1536
61,1413
63,1480
67,1581
64,1520
61,1352
64,1471
63,1443
63,1437
61,1402
63,1477
65,1474
57,1342
63,1471
64,1477
62,1442
60,1474
57,1385
61,1478
63,1356
60,1288
61,1310
59,1327
54,1190
61,1426
56,1275
59,1341
60,1487
56,1336
59,1399
57,1422
63,1484
55,1180
55,1338
65,1501
57,1307
56,1230
57,1362
56,1330
63,1492
60,1291
58,1361
62,1567
58,1374
60,1479
56,1311
-,-,-,-
61,1387
67,1591
62,1425
65,1505
66,1570
65,1546
61,1387
65,1547
65,1522
67,1587
58,1319
67,1579
67,1583
67,1581
65,1501
63,1447
65,1496
65,1501
64,1484
65,1531
61,1407
64,1459
65,1474
60,1384
61,1397
62,1437
65,1499
60,1391
64,1473
65,1503
60,1387
64,1489
62,1411
63,1350
62,1338
63,1356
62,1401
55,1318
60,1501
62,1406
56,1232
61,1393
56,1274
58,1347
55,1229
52,1174
56,1223
61,1536
63,1498
59,1363
56,1358
60,1339
57,1331
56,1314
55,1325
64,1556
54,1287
60,1410
57,1310
58,1362
-,-,-,-
67,1597
67,1579
67,1588
66,1554
67,1579
65,1529
65,1503
59,1324
57,1328
67,1589
59,1355
63,1480
67,1579
68,1622
63,1445
65,1521
66,1524
64,1485
65,1499
66,1528
65,1521
64,1463
59,1363
63,1426
60,1360
63,1460
65,1485
65,1503
65,1497
63,1440
64,1515
64,1477
58,1330
61,1482
64,1558
59,1468
59,1377
60,1370
55,1300
55,1244
56,1332
54,1233
56,1275
61,1449
59,1392
59,1341
60,1486
56,1272
59,1372
57,1430
62,1450
57,1281
62,1395
53,1242
54,1252
59,1276
58,1346
60,1526
57,1300
54,1252
-,-,-,-
57,1335
67,1589
68,1609
67,1605
66,1577
63,1505
67,1583
54,1178
64,1490
67,1587
55,1289
63,1498
67,1586
65,1518
66,1524
59,1295
60,1371
65,1514
62,1456
63,1445
65,1523
65,1487
65,1474
62,1406
65,1474
65,1474
64,1435
67,1539
60,1340
64,1461
65,1521
60,1374
64,1477
64,1556
56,1416
63,1521
61,1326
58,1335
59,1376
58,1330
55,1318
58,1332
61,1345
54,1154
58,1350
56,1336
58,1332
56,1359
57,1309
53,1269
58,1287
59,1446
56,1371
55,1269
56,1229
59,1368
56,1310
58,1417
62,1449
56,1349
-,-,-,-
59,1366
68,1609
63,1467
64,1466
65,1503
61,1369
60,1395
63,1475
66,1548
63,1483
68,1609
61,1407
68,1611
60,1395
64,1467
64,1452
62,1401
67,1574
64,1483
65,1482
64,1501
66,1508
64,1512
66,1524
56,1236
67,1594
65,1476
65,1511
63,1448
64,1492
65,1521
65,1521
61,1429
64,1564
64,1564
62,1548
58,1324
58,1339
59,1371
61,1443
61,1476
57,1307
61,1381
60,1383
59,1346
60,1346
59,1413
59,1322
56,1260
63,1439
54,1278
59,1400
60,1461
55,1270
56,1276
58,1318
56,1247
60,1396
60,1460
56,1359
-,-,-,-
61,1406
67,1589
68,1634
59,1351
61,1400
67,1572
57,1316
63,1500
64,1494
67,1592
62,1439
65,1573
63,1486
66,1532
64,1453
67,1535
66,1503
66,1503
63,1427
66,1539
63,1395
61,1412
67,1590
64,1498
62,1392
57,1308
64,1474
65,1476
63,1426
64,1489
65,1519
65,1521
63,1471
60,1407
63,1508
59,1407
58,1272
58,1364
52,1100
61,1430
60,1449
61,1540
56,1253
62,1364
55,1242
59,1416
66,1556
62,1469
57,1306
55,1273
58,1308
57,1305
53,1209
55,1278
60,1442
55,1270
64,1558
61,1448
56,1355
56,1253
-,-,-,-
67,1633
66,1565
66,1559
58,1301
56,1288
61,1406
59,1359
63,1493
61,1416
68,1609
60,1362
66,1560
68,1613
56,1254
63,1370
67,1535
67,1539
67,1535
64,1408
67,1567
65,1497
67,1590
59,1301
67,1594
67,1594
66,1556
62,1352
62,1429
63,1400
64,1469
62,1437
64,1454
65,1498
65,1519
60,1364
61,1410
61,1383
62,1471
54,1289
54,1234
59,1283
56,1313
61,1459
59,1424
60,1361
58,1237
59,1288
64,1521
57,1312
54,1260
59,1372
53,1225
66,1537
62,1519
56,1345
60,1374
52,1163
60,1475
57,1334
58,1378
-,-,-,-
60,1416
66,1537
63,1481
66,1574
66,1578
64,1489
68,1609
59,1358
63,1501
68,1609
61,1385
64,1483
61,1406
68,1599
66,1487
66,1593
66,1536
67,1535
68,1532
66,1475
65,1530
64,1526
66,1573
67,1590
60,1428
62,1490
63,1472
67,1546
65,1535
64,1506
66,1556
57,1248
61,1342
63,1434
62,1404
65,1474
60,1475
64,1486
58,1382
55,1245
63,1410
61,1435
59,1301
57,1313
56,1330
55,1327
57,1308
58,1217
55,1190
58,1349
61,1458
60,1469
59,1385
57,1317
60,1446
59,1357
55,1237
53,1196
57,1362
55,1364
-,-,-,-
66,1485
63,1448
68,1532
62,1362
67,1582
67,1495
61,1432
67,1493
68,1532
65,1459
68,1532
66,1475
66,1465
68,1538
64,1503
67,1618
64,1490
63,1470
59,1344
62,1412
67,1573
61,1403
62,1402
64,1444
63,1431
61,1366
68,1619
64,1510
64,1505
64,1488
67,1581
66,1538
63,1445
59,1385
64,1490
64,1462
62,1476
59,1329
62,1443
64,1552
61,1333
61,1417
57,1206
60,1325
60,1372
59,1401
58,1310
62,1432
59,1311
57,1295
55,1196
55,1263
61,1424
58,1415
60,1418
57,1334
53,1191
61,1464
61,1355
58,1374
-,-,-,-
68,1586
66,1502
68,1532
65,1461
66,1557
68,1538
68,1606
68,1526
68,1532
65,1513
68,1532
63,1429
68,1530
66,1483
62,1412
60,1405
61,1449
65,1483
63,1503
68,1599
68,1611
63,1433
68,1611
58,1345
57,1311
67,1592
67,1546
61,1403
65,1602
67,1526
65,1510
64,1433
62,1430
63,1440
61,1438
65,1496
64,1467
60,1433
62,1500
55,1291
59,1376
64,1509
59,1290
58,1349
62,1473
56,1268
57,1298
62,1382
60,1334
58,1355
58,1324
57,1388
57,1314
61,1510
52,1270
56,1256
62,1340
57,1224
60,1314
56,1355
-,-,-,-
68,1558
67,1548
68,1524
62,1385
68,1520
66,1525
62,1406
68,1568
64,1446
62,1480
67,1517
59,1311
69,1580
61,1337
68,1599
57,1290
60,1452
66,1560
67,1576
68,1597
68,1597
62,1465
68,1609
68,1613
61,1432
67,1561
61,1348
66,1532
67,1526
65,1482
66,1518
65,1502
65,1489
65,1474
64,1452
64,1456
59,1411
59,1369
58,1305
64,1519
52,1263
59,1349
62,1450
57,1250
58,1274
55,1283
57,1230
57,1323
57,1274
58,1322
60,1398
60,1437
65,1552
58,1388
58,1367
53,1206
55,1287
56,1292
53,1278
57,1375
-,-,-,-
60,1279
69,1574
68,1542
67,1589
66,1495
65,1484
68,1542
69,1568
63,1408
69,1582
64,1445
65,1493
66,1522
69,1578
58,1386
60,1406
64,1516
68,1597
67,1629
66,1556
65,1527
68,1625
67,1578
66,1539
62,1457
65,1507
66,1558
67,1531
66,1547
67,1608
56,1257
62,1338
63,1458
63,1468
58,1255
64,1444
60,1406
59,1375
60,1491
60,1364
59,1342
59,1384
61,1432
60,1344
54,1285
63,1486
54,1229
59,1412
58,1268
60,1284
62,1464
61,1400
54,1238
61,1391
57,1365
58,1351
57,1396
61,1412
57,1226
60,1410
-,-,-,-
67,1528
64,1399
61,1380
69,1571
64,1415
69,1568
69,1612
62,1434
69,1574
69,1562
62,1355
69,1574
62,1413
65,1483
68,1597
68,1597
68,1597
66,1568
67,1587
68,1597
64,1490
60,1410
65,1566
64,1444
64,1504
63,1411
63,1484
64,1435
67,1526
67,1526
63,1428
62,1358
64,1469
62,1401
59,1402
65,1474
61,1406
63,1512
60,1426
57,1237
61,1433
58,1416
59,1348
60,1420
60,1343
51,1153
56,1331
54,1186
53,1182
57,1244
59,1355
57,1317
57,1251
55,1261
56,1307
60,1391
54,1300
59,1364
58,1350
60,1363
-,-,-,-
69,1568
68,1538
65,1535
65,1457
63,1493
66,1513
66,1591
69,1572
69,1596
64,1492
68,1543
69,1560
63,1434
63,1437
68,1599
64,1507
66,1549
66,1564
61,1426
68,1597
62,1434
68,1609
68,1607
68,1609
62,1450
69,1629
66,1506
63,1419
67,1526
66,1508
66,1543
65,1520
60,1284
65,1494
65,1498
64,1471
62,1395
58,1345
63,1521
59,1268
61,1382
58,1307
61,1337
59,1237
56,1251
55,1278
55,1340
57,1255
65,1577
60,1305
61,1373
60,1382
59,1328
57,1284
62,1486
60,1352
55,1260
56,1318
58,1369
57,1344
-,-,-,-
67,1502
66,1489
68,1548
66,1564
64,1463
63,1448
65,1484
65,1487
64,1483
60,1320
64,1475
67,1514
64,1464
69,1560
66,1531
68,1628
62,1427
63,1463
67,1554
62,1437
68,1626
58,1412
64,1464
65,1525
68,1597
67,1583
66,1520
61,1344
67,1610
65,1487
66,1543
61,1435
67,1586
62,1402
65,1474
63,1427
59,1313
59,1402
62,1469
58,1351
52,1108
59,1379
62,1507
62,1415
60,1371
61,1373
58,1281
54,1300
56,1234
60,1318
61,1378
57,1264
55,1194
54,1193
62,1393
62,1403
57,1294
59,1394
57,1231
60,1407
-,-,-,-
69,1560
69,1560
69,1560
63,1389
66,1508
64,1435
69,1560
69,1593
68,1542
67,1536
64,1483
66,1481
69,1560
62,1351
69,1629
69,1629
62,1471
64,1504
67,1536
69,1629
67,1586
63,1483
64,1496
67,1579
67,1587
68,1603
63,1420
63,1456
67,1522
66,1504
65,1522
67,1581
67,1581
64,1480
64,1496
60,1342
62,1379
63,1424
61,1415
63,1439
57,1257
60,1389
59,1354
62,1340
61,1429
57,1297
60,1362
57,1352
59,1348
54,1196
58,1362
58,1299
54,1271
58,1306
52,1164
59,1379
53,1213
58,1348
61,1421
60,1398
-,-,-,-
63,1440
64,1441
69,1578
65,1491
65,1472
68,1536
65,1483
63,1448
64,1489
66,1477
65,1461
67,1524
63,1472
69,1560
67,1586
59,1329
67,1583
64,1510
66,1568
68,1606
67,1571
65,1562
68,1597
65,1561
66,1562
67,1585
61,1393
60,1369
68,1555
61,1423
66,1518
66,1558
67,1581
65,1493
65,1496
61,1402
63,1424
62,1470
60,1392
59,1307
56,1298
60,1336
55,1292
60,1416
61,1365
59,1413
60,1391
57,1338
64,1450
57,1283
60,1411
62,1466
60,1334
62,1515
59,1437
52,1119
61,1425
55,1276
59,1396
56,1290
-,-,-,-
69,1560
62,1415
68,1541
66,1476
66,1484
69,1568
69,1560
60,1382
65,1479
69,1560
66,1512
69,1562
67,1507
66,1493
65,1496
69,1629
62,1439
61,1411
69,1629
68,1606
68,1599
68,1565
68,1551
68,1555
68,1555
64,1484
62,1442
60,1365
54,1228
59,1392
61,1394
64,1461
65,1514
65,1474
62,1480
63,1441
59,1365
57,1421
62,1443
60,1345
65,1565
62,1413
63,1526
59,1447
59,1354
59,1327
57,1313
59,1341
56,1301
58,1310
61,1421
57,1243
59,1294
63,1591
58,1320
57,1260
62,1362
60,1375
59,1307
57,1305
-,-,-,-
69,1568
64,1461
69,1564
69,1592
69,1560
63,1443
64,1472
66,1518
58,1314
65,1487
69,1560
69,1560
69,1568
69,1605
69,1629
57,1269
65,1538
67,1619
63,1519
68,1588
68,1591
68,1551
65,1473
68,1551
60,1393
66,1521
68,1597
65,1500
68,1597
61,1436
61,1355
67,1584
66,1561
65,1474
65,1484
65,1476
55,1218
56,1291
62,1451
59,1312
58,1390
64,1520
57,1311
61,1448
59,1260
61,1451
60,1361
60,1438
59,1417
56,1269
56,1300
59,1332
63,1507
61,1418
66,1617
56,1247
55,1237
60,1465
58,1313
57,1284
-,-,-,-
65,1503
66,1540
67,1565
67,1524
69,1560
68,1543
66,1584
69,1560
62,1402
67,1529
69,1560
68,1585
67,1537
63,1429
69,1629
69,1629
68,1625
68,1619
67,1605
68,1598
69,1629
68,1551
67,1518
64,1463
67,1548
67,1527
68,1609
65,1534
61,1462
58,1358
61,1386
65,1519
63,1371
66,1617
66,1617
66,1613
63,1458
58,1311
57,1261
61,1384
57,1289
59,1353
60,1323
60,1392
59,1346
64,1457
57,1205
63,1421
57,1329
62,1459
60,1478
60,1419
55,1249
58,1268
62,1380
62,1440
56,1259
60,1430
59,1370
54,1219
-,-,-,-
62,1371
68,1526
67,1502
66,1505
67,1523
65,1489
65,1555
61,1373
64,1437
67,1533
69,1576
67,1546
69,1560
69,1562
62,1390
65,1478
68,1630
62,1457
69,1629
59,1333
62,1536
64,1424
66,1572
68,1551
58,1344
66,1464
60,1395
61,1443
65,1534
68,1597
66,1537
66,1536
62,1428
66,1611
62,1436
65,1565
62,1421
60,1342
64,1478
58,1361
67,1546
58,1269
63,1432
59,1321
57,1397
59,1317
61,1337
60,1345
58,1252
62,1480
61,1456
56,1270
63,1387
60,1335
58,1220
60,1347
58,1378
58,1377
55,1301
60,1342
-,-,-,-
62,1389
65,1478
69,1603
69,1560
59,1290
65,1482
63,1426
61,1356
64,1464
69,1562
64,1523
67,1488
60,1351
66,1535
66,1551
65,1534
63,1471
61,1412
62,1407
67,1594
62,1497
67,1573
66,1560
67,1513
61,1429
62,1479
68,1597
60,1418
62,1408
68,1597
65,1507
67,1523
62,1384
63,1445
62,1391
66,1561
64,1517
61,1428
59,1400
58,1319
61,1408
60,1329
63,1392
64,1545
65,1482
56,1307
57,1203
54,1252
60,1338
60,1363
60,1343
58,1389
60,1503
60,1397
61,1379
61,1373
52,1183
58,1426
54,1202
57,1347
-,-,-,-
68,1532
62,1349
69,1603
61,1343
69,1560
68,1553
63,1469
63,1440
66,1518
64,1447
69,1560
58,1301
65,1413
63,1418
69,1631
61,1423
55,1241
68,1604
67,1531
67,1574
64,1499
65,1483
62,1403
68,1551
60,1329
67,1554
64,1503
67,1592
68,1599
63,1477
64,1459
62,1368
68,1557
61,1323
63,1444
61,1355
62,1514
67,1541
61,1418
57,1242
59,1340
62,1379
59,1368
59,1320
59,1343
59,1360
62,1357
57,1242
60,1361
60,1472
56,1212
54,1246
65,1467
63,1435
59,1273
58,1336
57,1310
56,1364
57,1385
59,1396
-,-,-,-
66,1512
60,1305
66,1486
68,1525
63,1449
60,1338
69,1582
66,1507
64,1472
69,1560
69,1562
68,1583
67,1488
67,1530
59,1338
61,1386
59,1292
68,1575
68,1598
68,1611
69,1627
67,1528
67,1554
68,1551
66,1504
65,1508
66,1503
68,1557
64,1421
59,1345
62,1443
61,1391
63,1496
65,1460
63,1475
64,1426
64,1471
58,1339
60,1358
62,1460
55,1235
64,1506
61,1329
62,1393
60,1377
58,1250
62,1446
56,1216
62,1364
61,1383
64,1448
56,1238
59,1431
56,1381
61,1323
57,1308
50,1145
62,1479
62,1423
59,1268
-,-,-,-
65,1548
65,1515
61,1378
64,1492
63,1438
62,1456
65,1487
66,1469
60,1324
69,1592
68,1524
64,1478
69,1560
61,1390
66,1551
68,1606
67,1585
62,1431
65,1521
61,1418
67,1585
61,1426
67,1528
68,1573
62,1419
68,1551
63,1403
68,1551
67,1527
66,1523
66,1563
67,1588
66,1599
61,1389
67,1545
66,1530
59,1305
58,1327
62,1396
61,1384
57,1343
61,1418
62,1329
65,1435
58,1311
59,1329
58,1372
61,1485
60,1287
57,1275
56,1224
63,1485
63,1520
58,1351
62,1465
61,1341
62,1505
59,1314
62,1506
58,1317
-,-,-,-
69,1572
66,1532
65,1450
69,1562
64,1464
69,1564
69,1560
62,1366
66,1562
69,1574
67,1523
69,1560
65,1526
68,1541
68,1627
69,1629
58,1357
67,1548
67,1577
57,1326
69,1627
68,1582
65,1542
68,1577
67,1551
67,1528
63,1442
68,1551
68,1567
61,1342
61,1381
58,1289
64,1462
66,1503
66,1509
63,1397
64,1512
53,1171
63,1412
63,1485
59,1426
59,1366
53,1097
61,1471
60,1386
61,1398
59,1389
59,1404
59,1263
62,1423
58,1249
55,1279
59,1347
60,1430
62,1379
60,1371
58,1303
57,1341
59,1344
58,1413
-,-,-,-
68,1532
69,1566
65,1507
61,1398
63,1395
69,1560
65,1538
61,1350
62,1370
64,1478
67,1497
65,1465
60,1355
63,1456
68,1618
66,1541
66,1545
58,1298
65,1520
58,1310
63,1441
62,1409
69,1586
63,1406
64,1471
68,1551
61,1381
64,1539
66,1502
68,1587
66,1561
58,1310
67,1580
67,1553
66,1541
66,1516
64,1440
57,1343
61,1436
63,1441
64,1479
59,1400
60,1428
65,1557
60,1362
60,1314
61,1404
60,1364
62,1366
58,1313
53,1138
56,1353
62,1447
59,1445
64,1422
56,1218
58,1358
59,1432
62,1549
59,1289
-,-,-,-
61,1385
67,1495
69,1566
69,1560
62,1412
61,1387
69,1560
64,1464
69,1562
69,1570
58,1355
69,1560
64,1464
69,1562
66,1486
60,1407
62,1433
66,1516
67,1554
63,1384
63,1413
61,1341
66,1520
64,1521
68,1610
68,1547
64,1492
68,1569
65,1530
63,1417
60,1461
58,1355
61,1449
65,1488
63,1446
67,1541
63,1415
63,1502
66,1470
61,1428
60,1338
57,1286
58,1375
58,1393
63,1380
64,1454
58,1332
62,1461
58,1401
59,1332
62,1389
60,1309
58,1392
59,1417
57,1313
59,1413
55,1312
52,1265
60,1412
61,1353
-,-,-,-
68,1534
65,1457
68,1558
64,1483
66,1504
64,1406
69,1560
66,1527
67,1506
64,1478
58,1299
69,1572
59,1264
62,1351
69,1586
65,1592
63,1411
61,1487
66,1501
61,1344
62,1448
65,1570
69,1633
66,1501
66,1556
65,1494
60,1351
66,1535
65,1499
63,1419
66,1563
66,1528
64,1489
63,1443
64,1476
67,1519
54,1209
63,1424
59,1372
62,1435
59,1349
60,1442
57,1283
59,1390
59,1275
52,1129
58,1280
59,1348
59,1425
55,1259
55,1200
62,1408
61,1503
60,1352
56,1412
61,1381
60,1345
60,1350
60,1431
63,1452
-,-,-,-
65,1481
65,1486
67,1545
69,1566
64,1459
69,1591
64,1484
64,1464
68,1549
69,1578
59,1360
69,1560
69,1568
65,1523
69,1586
65,1497
67,1562
62,1397
67,1517
67,1517
68,1562
66,1531
69,1627
65,1536
59,1310
64,1546
69,1595
68,1551
68,1551
67,1521
68,1597
62,1428
64,1513
66,1501
67,1519
65,1535
62,1449
63,1393
55,1256
64,1522
60,1352
62,1432
59,1370
61,1428
57,1238
60,1388
62,1455
60,1431
60,1374
56,1279
56,1237
59,1285
60,1451
62,1433
63,1486
54,1246
62,1435
59,1382
47,1034
58,1378
-,-,-,-
61,1414
67,1584
63,1438
68,1526
69,1592
67,1524
62,1387
65,1495
67,1523
66,1508
66,1502
60,1376
66,1591
62,1376
68,1564
68,1566
69,1586
68,1542
62,1409
62,1379
66,1466
66,1561
61,1439
64,1451
66,1533
69,1609
60,1378
62,1456
67,1580
58,1300
63,1502
57,1315
66,1554
66,1514
63,1407
61,1432
65,1490
62,1362
65,1565
65,1560
59,1330
58,1393
57,1296
63,1491
65,1405
62,1409
60,1348
60,1319
61,1473
65,1456
58,1338
63,1425
64,1523
58,1356
57,1365
61,1481
61,1403
61,1400
58,1370
60,1360
-,-,-,-
69,1592
70,1616
67,1543
63,1446
67,1525
67,1505
68,1550
69,1560
68,1532
66,1476
64,1422
62,1382
63,1469
60,1354
67,1547
61,1407
62,1447
63,1407
69,1586
66,1520
61,1356
66,1512
60,1350
69,1595
69,1595
62,1389
61,1422
64,1477
61,1454
66,1525
61,1433
64,1486
62,1433
67,1519
64,1495
64,1462
59,1316
65,1458
58,1354
63,1365
64,1455
62,1393
62,1476
57,1375
54,1273
61,1492
58,1288
62,1459
59,1331
58,1326
56,1301
59,1312
62,1429
62,1505
60,1363
55,1305
60,1405
57,1338
57,1286
61,1445
-,-,-,-
70,1616
70,1616
66,1538
62,1484
70,1624
69,1601
65,1497
60,1313
67,1545
69,1584
59,1319
65,1494
70,1616
66,1562
64,1528
65,1512
65,1534
61,1351
67,1543
67,1520
65,1544
66,1559
68,1595
62,1482
62,1420
64,1490
64,1504
68,1597
66,1570
68,1609
60,1372
68,1597
67,1591
62,1392
67,1519
67,1531
59,1287
57,1273
59,1414
60,1296
57,1186
59,1343
61,1404
63,1400
57,1368
57,1335
58,1314
61,1379
58,1309
61,1367
59,1398
61,1429
63,1443
56,1335
58,1293
62,1530
58,1466
60,1435
59,1387
59,1326
-,-,-,-
63,1409
67,1510
66,1529
68,1585
65,1496
70,1618
67,1554
69,1607
69,1578
67,1507
65,1475
70,1616
65,1480
70,1616
63,1461
61,1398
61,1379
65,1460
69,1586
66,1517
63,1459
60,1382
69,1607
68,1585
67,1526
60,1387
61,1430
69,1627
69,1627
60,1338
63,1432
66,1557
68,1597
66,1491
60,1386
61,1408
61,1356
64,1448
59,1373
57,1240
59,1254
60,1322
61,1515
61,1441
53,1261
62,1409
61,1398
62,1405
56,1306
61,1407
58,1378
55,1194
62,1461
60,1381
57,1310
55,1340
60,1495
65,1571
55,1218
57,1438
-,-,-,-
67,1554
66,1520
70,1618
70,1616
62,1434
68,1585
70,1618
64,1491
70,1616
67,1573
69,1593
65,1492
65,1501
68,1559
68,1575
69,1586
68,1597
69,1580
58,1372
69,1586
67,1544
62,1358
65,1537
64,1465
64,1462
61,1457
66,1540
69,1629
68,1596
67,1560
67,1644
62,1451
64,1517
67,1518
65,1458
59,1313
62,1433
62,1433
62,1446
56,1149
59,1350
63,1516
62,1414
56,1213
61,1427
59,1285
63,1516
62,1375
60,1368
57,1307
61,1487
59,1419
58,1280
54,1201
61,1543
64,1415
57,1389
59,1358
56,1325
55,1242
-,-,-,-
63,1433
66,1525
70,1616
68,1594
69,1600
67,1540
63,1416
60,1374
66,1510
66,1526
59,1319
68,1554
65,1456
68,1579
69,1584
69,1582
68,1574
65,1447
67,1568
67,1543
67,1548
69,1595
69,1599
62,1424
69,1595
62,1356
57,1265
64,1477
69,1627
65,1539
68,1597
66,1550
65,1602
67,1518
65,1483
66,1479
61,1381
67,1486
64,1491
60,1290
55,1185
62,1472
58,1420
58,1345
55,1309
62,1421
55,1287
60,1378
61,1453
63,1432
63,1398
63,1531
56,1332
56,1278
59,1285
60,1390
56,1293
56,1258
57,1324
57,1310
-,-,-,-
69,1605
66,1507
68,1557
70,1618
66,1491
67,1536
65,1506
65,1540
70,1624
65,1444
62,1431
60,1346
66,1506
70,1618
66,1496
67,1548
64,1543
65,1486
62,1401
69,1580
63,1406
66,1537
67,1533
64,1513
63,1474
68,1577
60,1383
64,1474
68,1596
69,1629
62,1482
62,1445
66,1558
67,1523
64,1401
62,1322
66,1512
64,1455
54,1248
63,1391
59,1275
58,1385
64,1562
58,1336
64,1524
59,1358
57,1346
61,1356
67,1603
58,1254
56,1251
61,1462
56,1323
61,1387
57,1251
62,1454
58,1436
58,1268
55,1292
55,1321
-,-,-,-
67,1539
65,1468
69,1588
69,1624
70,1616
70,1620
62,1376
60,1338
69,1606
70,1618
69,1589
59,1322
61,1359
66,1541
68,1599
67,1565
65,1532
66,1478
62,1394
66,1491
66,1594
69,1595
59,1351
66,1558
60,1386
65,1483
67,1550
62,1468
67,1589
62,1423
68,1597
64,1513
63,1468
62,1357
59,1207
67,1488
64,1452
60,1382
63,1477
60,1394
64,1457
53,1157
61,1341
62,1490
59,1375
62,1472
62,1503
61,1431
62,1350
62,1394
57,1343
60,1428
53,1254
65,1523
62,1413
61,1383
55,1327
58,1298
50,1106
62,1464
-,-,-,-
70,1618
69,1578
62,1382
65,1505
64,1444
66,1529
65,1473
68,1582
69,1626
68,1563
66,1513
62,1426
63,1480
71,1663
66,1528
67,1521
64,1464
65,1473
69,1580
67,1561
65,1460
65,1513
63,1459
68,1551
61,1389
69,1595
67,1600
68,1623
67,1554
57,1309
56,1235
61,1395
66,1558
66,1446
66,1450
67,1488
61,1403
52,1207
66,1541
62,1423
57,1224
58,1222
57,1249
60,1382
56,1247
60,1426
60,1403
62,1450
54,1219
60,1304
63,1427
56,1236
58,1307
57,1420
60,1339
57,1328
58,1391
62,1503
59,1389
60,1398
-,-,-,-
71,1663
71,1663
71,1663
65,1533
65,1507
65,1547
63,1460
60,1365
60,1323
64,1517
67,1613
69,1617
65,1477
69,1603
67,1571
65,1467
65,1483
66,1486
67,1575
62,1427
67,1530
69,1595
69,1595
66,1497
69,1596
68,1579
66,1514
66,1550
67,1580
61,1355
68,1603
62,1474
68,1597
65,1403
67,1486
63,1303
61,1326
59,1276
61,1426
55,1233
60,1303
58,1306
59,1362
68,1614
58,1340
56,1282
61,1417
60,1396
60,1422
58,1309
61,1408
60,1347
60,1392
58,1341
61,1425
63,1460
59,1410
60,1317
55,1321
59,1370
-,-,-,-
62,1421
71,1669
60,1419
70,1633
66,1516
67,1579
65,1468
63,1424
67,1518
67,1548
71,1665
71,1663
66,1504
63,1410
69,1580
62,1394
66,1569
69,1580
64,1443
69,1580
64,1486
58,1317
68,1573
64,1463
65,1481
64,1451
67,1562
69,1634
67,1565
69,1627
60,1406
63,1471
66,1566
62,1410
66,1601
68,1594
63,1366
63,1389
62,1385
63,1429
62,1430
59,1288
64,1430
67,1628
62,1475
63,1502
58,1411
63,1411
58,1354
62,1406
60,1314
59,1421
59,1358
56,1276
59,1320
62,1453
62,1511
59,1341
65,1601
62,1448
-,-,-,-
68,1592
71,1663
69,1629
65,1482
71,1663
58,1319
64,1456
71,1663
70,1641
69,1619
63,1420
67,1550
61,1350
70,1618
64,1449
66,1489
60,1442
65,1516
68,1546
62,1414
69,1580
69,1609
66,1504
68,1568
67,1548
67,1531
69,1627
66,1512
61,1503
69,1627
66,1569
65,1522
65,1503
68,1597
61,1390
61,1390
62,1374
60,1358
62,1380
58,1302
61,1413
56,1258
64,1431
62,1383
58,1337
60,1406
61,1386
54,1286
58,1410
58,1425
62,1361
62,1375
60,1438
57,1317
57,1349
59,1358
54,1192
58,1324
61,1487
55,1254
-,-,-,-
69,1584
66,1552
66,1497
71,1663
66,1523
68,1544
71,1663
63,1448
62,1499
66,1528
61,1404
68,1584
62,1380
68,1631
67,1543
62,1439
66,1522
69,1580
62,1385
69,1582
69,1580
67,1527
69,1595
63,1467
66,1527
61,1406
63,1505
69,1627
64,1488
69,1627
66,1524
65,1484
62,1447
61,1446
68,1597
67,1574
62,1470
58,1363
59,1339
56,1270
58,1341
63,1470
59,1336
59,1313
60,1396
63,1481
62,1488
59,1364
53,1305
61,1490
61,1376
62,1414
56,1240
60,1404
57,1345
64,1425
61,1367
58,1361
64,1509
54,1227
-,-,-,-
71,1663
68,1601
68,1629
71,1655
65,1476
67,1560
71,1663
62,1398
66,1509
63,1427
71,1663
66,1526
68,1612
71,1663
66,1536
67,1503
66,1550
66,1516
64,1442
69,1580
68,1561
66,1520
63,1450
65,1455
63,1420
62,1417
64,1480
61,1413
65,1494
68,1627
68,1588
64,1499
66,1504
62,1474
68,1597
60,1383
60,1308
62,1434
63,1424
61,1422
59,1412
58,1322
56,1180
60,1346
57,1324
63,1481
61,1406
62,1496
61,1420
57,1282
61,1331
59,1391
59,1366
60,1373
59,1335
64,1508
63,1470
57,1181
61,1442
62,1464
-,-,-,-
71,1662
65,1542
71,1655
70,1621
62,1458
69,1565
70,1640
71,1663
70,1642
72,1685
65,1485
64,1510
62,1481
71,1655
62,1432
63,1433
69,1580
61,1382
64,1484
61,1426
69,1580
62,1359
69,1597
65,1497
62,1427
60,1314
65,1518
59,1330
65,1455
65,1492
66,1530
68,1582
66,1508
65,1511
60,1434
67,1577
59,1350
64,1529
61,1355
60,1415
60,1505
59,1391
55,1085
62,1407
62,1362
58,1333
66,1569
61,1439
58,1312
59,1441
57,1177
63,1420
60,1358
60,1391
55,1279
61,1379
55,1246
59,1345
55,1298
65,1508
-,-,-,-
70,1616
66,1563
69,1586
71,1709
69,1626
66,1487
63,1391
72,1685
72,1685
64,1485
67,1568
64,1442
72,1685
64,1538
69,1580
69,1580
64,1442
68,1547
66,1496
69,1580
69,1580
65,1512
68,1611
69,1593
62,1354
65,1477
59,1380
66,1541
58,1306
69,1627
67,1553
66,1532
67,1556
61,1413
62,1425
65,1537
65,1444
64,1476
66,1530
53,1227
64,1438
60,1402
58,1395
59,1303
60,1336
64,1453
61,1536
60,1419
58,1249
56,1319
59,1411
59,1289
58,1356
60,1339
60,1402
58,1307
59,1446
58,1324
61,1345
58,1373
-,-,-,-
69,1584
65,1585
66,1503
60,1302
64,1431
65,1483
71,1677
72,1683
72,1689
65,1445
72,1685
66,1501
72,1685
67,1524
62,1378
66,1522
67,1523
69,1580
60,1339
65,1543
61,1403
69,1593
65,1501
63,1410
69,1593
67,1548
69,1627
59,1318
67,1589
63,1447
68,1582
68,1582
67,1544
62,1426
65,1536
68,1601
62,1319
59,1417
57,1290
56,1305
61,1416
61,1401
56,1284
61,1326
52,1105
64,1504
57,1279
61,1351
59,1349
53,1210
59,1432
59,1324
56,1204
58,1291
63,1399
59,1332
62,1431
62,1396
58,1248
59,1420
-,-,-,-
67,1542
63,1456
65,1447
72,1683
67,1541
70,1674
63,1431
72,1683
63,1404
66,1572
64,1436
72,1683
64,1446
65,1521
63,1525
69,1594
68,1606
66,1570
67,1568
69,1580
62,1421
60,1298
65,1480
62,1390
67,1547
66,1518
69,1662
66,1582
65,1539
69,1627
64,1503
66,1527
69,1611
58,1364
67,1577
68,1597
60,1276
62,1430
60,1333
60,1419
59,1312
57,1253
56,1291
61,1285
54,1152
61,1452
56,1244
62,1432
60,1396
62,1442
61,1423
65,1460
68,1580
60,1420
62,1409
59,1310
61,1366
57,1275
62,1420
57,1420
-,-,-,-
71,1658
72,1683
65,1489
66,1514
66,1527
64,1455
70,1624
65,1519
70,1636
72,1687
69,1612
71,1671
72,1683
65,1477
69,1597
62,1399
66,1566
68,1550
63,1404
67,1528
66,1521
65,1468
65,1493
63,1417
69,1593
62,1388
65,1455
69,1649
63,1501
63,1443
57,1276
61,1443
69,1627
62,1445
69,1632
68,1580
60,1415
64,1463
64,1456
63,1434
60,1372
62,1414
63,1505
63,1461
59,1263
62,1391
63,1353
58,1369
59,1359
60,1359
62,1497
60,1414
57,1319
59,1314
59,1357
59,1280
61,1345
57,1301
61,1456
62,1495
-,-,-,-
65,1480
72,1689
67,1541
59,1329
63,1485
72,1685
64,1463
72,1683
68,1602
67,1534
64,1437
72,1683
67,1526
63,1419
69,1586
69,1580
63,1434
65,1507
60,1334
66,1510
67,1555
64,1469
65,1461
67,1525
64,1458
67,1541
69,1611
64,1477
70,1673
70,1656
69,1627
67,1616
66,1562
67,1598
64,1459
68,1614
61,1363
60,1241
62,1463
61,1366
59,1405
59,1346
63,1539
60,1356
58,1272
57,1194
60,1251
64,1467
60,1370
62,1430
60,1403
60,1470
57,1351
58,1304
66,1484
61,1406
60,1330
54,1272
60,1362
55,1250
-,-,-,-
69,1582
71,1662
72,1683
60,1375
66,1524
71,1666
70,1650
72,1683
71,1657
71,1671
65,1531
72,1685
62,1423
69,1594
69,1603
69,1588
68,1602
65,1508
70,1656
69,1608
65,1534
56,1274
61,1360
69,1580
61,1399
69,1580
64,1451
69,1593
64,1527
68,1579
67,1579
65,1520
66,1574
70,1681
57,1353
64,1487
64,1503
63,1398
60,1345
57,1295
60,1460
65,1541
61,1372
61,1470
61,1477
58,1300
59,1245
62,1373
60,1399
59,1336
62,1413
61,1284
57,1356
56,1297
60,1391
63,1466
59,1391
57,1288
60,1348
57,1419
-,-,-,-
72,1687
64,1482
71,1660
69,1618
67,1544
70,1689
72,1683
70,1622
65,1476
66,1563
70,1674
61,1355
64,1435
63,1423
70,1652
69,1618
70,1656
66,1497
70,1655
70,1656
68,1600
62,1433
68,1605
61,1406
67,1614
70,1681
69,1580
69,1580
63,1471
61,1398
61,1415
69,1593
63,1437
67,1580
68,1599
66,1553
57,1273
67,1473
60,1337
61,1328
58,1410
65,1548
61,1412
62,1417
60,1404
61,1276
53,1200
64,1450
63,1536
55,1251
61,1411
65,1528
62,1511
59,1361
60,1430
62,1383
57,1243
62,1545
54,1172
59,1429
-,-,-,-
60,1375
66,1513
65,1538
66,1505
66,1518
71,1677
71,1654
65,1480
72,1689
59,1315
64,1421
64,1430
72,1683
71,1681
61,1383
67,1611
63,1429
64,1477
63,1442
66,1569
65,1495
61,1465
65,1563
70,1673
70,1669
66,1508
68,1575
69,1584
64,1544
66,1539
69,1593
65,1479
67,1527
69,1627
67,1572
65,1567
58,1351
60,1289
56,1321
61,1303
62,1440
61,1434
63,1504
60,1362
59,1431
60,1335
64,1433
63,1340
57,1299
62,1428
58,1290
60,1334
60,1419
58,1368
55,1181
61,1383
56,1288
57,1316
58,1292
57,1421
-,-,-,-
70,1618
71,1655
66,1559
72,1683
72,1683
62,1423
71,1685
72,1683
70,1638
63,1403
67,1547
64,1463
72,1689
71,1671
65,1539
70,1636
70,1630
65,1506
66,1531
68,1600
67,1611
69,1635
60,1384
63,1466
70,1685
66,1547
64,1514
65,1492
68,1554
69,1580
64,1460
68,1573
64,1441
64,1497
62,1455
64,1444
57,1254
62,1330
59,1449
59,1355
60,1390
63,1520
60,1409
62,1438
60,1418
57,1213
59,1362
57,1227
55,1293
60,1381
57,1265
59,1305
58,1405
61,1457
62,1429
54,1199
60,1367
62,1501
55,1185
65,1589
-,-,-,-
69,1615
69,1609
72,1683
70,1637
71,1668
68,1588
72,1681
64,1441
68,1546
70,1668
72,1683
70,1630
72,1699
63,1432
61,1378
70,1630
67,1536
69,1607
70,1674
70,1630
63,1408
61,1406
66,1508
70,1677
63,1473
60,1353
68,1590
62,1379
69,1580
66,1513
63,1460
60,1342
69,1593
60,1463
69,1621
60,1362
63,1444
62,1378
56,1252
63,1464
58,1308
65,1592
61,1457
62,1456
62,1478
57,1224
61,1344
65,1470
58,1350
53,1302
59,1393
63,1450
59,1441
57,1400
59,1409
58,1288
60,1312
61,1415
61,1483
57,1261
-,-,-,-
63,1423
70,1627
65,1450
72,1681
65,1529
60,1382
70,1631
72,1685
70,1633
72,1685
70,1675
68,1611
72,1681
64,1474
66,1523
67,1547
68,1595
63,1403
67,1539
70,1686
70,1630
66,1566
65,1590
68,1620
65,1511
68,1618
67,1552
68,1555
65,1464
66,1457
69,1595
68,1578
68,1573
67,1528
67,1568
65,1528
55,1282
66,1466
64,1501
62,1437
59,1315
63,1490
65,1537
63,1484
58,1336
62,1325
57,1243
60,1346
56,1263
59,1396
55,1220
65,1532
53,1250
59,1406
63,1549
59,1308
61,1364
60,1386
55,1329
63,1548
-,-,-,-
64,1507
69,1614
64,1442
69,1597
70,1621
70,1654
72,1679
72,1675
70,1645
66,1553
69,1603
72,1687
71,1662
65,1461
67,1536
68,1675
70,1630
62,1362
65,1485
69,1611
67,1570
66,1566
65,1496
61,1450
70,1657
67,1545
64,1514
66,1557
69,1580
64,1485
68,1567
62,1398
64,1425
69,1621
62,1448
67,1580
56,1219
59,1252
61,1404
63,1462
63,1508
65,1561
57,1356
60,1423
58,1367
56,1195
58,1335
59,1289
59,1395
62,1448
56,1395
62,1468
54,1279
56,1426
57,1329
57,1272
58,1306
61,1407
59,1433
57,1227
-,-,-,-
70,1631
68,1546
69,1588
64,1486
69,1615
66,1511
65,1468
69,1594
69,1588
69,1618
69,1628
63,1416
72,1681
64,1490
70,1636
63,1438
70,1621
69,1619
70,1638
67,1562
70,1630
67,1556
70,1657
65,1489
63,1467
63,1501
65,1540
68,1544
67,1519
68,1533
62,1429
67,1527
69,1595
62,1418
59,1345
66,1564
59,1330
66,1566
62,1437
60,1275
60,1444
68,1567
65,1475
62,1391
61,1412
57,1244
62,1455
62,1425
61,1410
61,1433
59,1326
58,1296
61,1415
56,1280
58,1428
60,1388
61,1430
60,1325
63,1517
62,1449
-,-,-,-
71,1667
62,1391
65,1456
72,1675
65,1486
66,1489
60,1340
65,1517
59,1298
65,1472
65,1527
64,1432
63,1409
69,1616
70,1615
71,1667
70,1623
63,1504
64,1523
69,1624
70,1634
64,1528
70,1668
63,1457
64,1471
64,1445
69,1580
65,1544
68,1555
69,1587
65,1478
66,1512
63,1459
69,1621
60,1376
62,1445
60,1380
55,1236
59,1307
58,1216
63,1439
63,1490
62,1388
54,1266
59,1427
53,1122
62,1406
64,1397
63,1492
64,1465
58,1372
63,1395
59,1369
58,1361
60,1417
59,1324
57,1255
57,1247
62,1499
59,1357
-,-,-,-
72,1675
64,1431
72,1671
71,1645
69,1612
66,1481
63,1499
65,1498
70,1625
69,1603
69,1582
66,1507
72,1681
68,1602
69,1633
69,1602
68,1595
65,1610
69,1625
71,1683
71,1663
70,1663
68,1619
70,1661
66,1533
67,1574
65,1494
64,1520
69,1582
65,1469
65,1468
66,1516
65,1501
69,1619
64,1489
60,1371
58,1269
59,1399
57,1249
62,1406
65,1490
60,1418
58,1333
61,1416
61,1391
54,1136
59,1247
61,1292
62,1436
60,1435
57,1262
61,1420
57,1370
62,1502
54,1278
58,1283
62,1457
56,1194
57,1294
64,1465
-,-,-,-
70,1630
64,1478
67,1544
68,1628
72,1673
69,1590
67,1558
70,1689
64,1481
69,1616
59,1309
70,1615
69,1618
69,1631
65,1479
66,1516
71,1674
71,1651
71,1682
71,1665
69,1603
67,1578
65,1476
70,1657
67,1599
64,1506
69,1578
62,1416
63,1486
69,1559
59,1339
62,1386
65,1517
68,1601
69,1621
69,1619
62,1429
56,1282
61,1364
59,1400
65,1510
64,1528
58,1294
63,1517
62,1454
64,1376
60,1322
61,1367
63,1504
58,1279
56,1311
61,1370
60,1396
56,1268
58,1387
62,1368
60,1338
59,1389
60,1372
61,1456
-,-,-,-
66,1609
69,1643
63,1425
72,1681
72,1673
61,1363
64,1443
65,1493
72,1671
67,1601
72,1669
72,1673
66,1539
65,1531
68,1612
71,1651
66,1529
62,1423
71,1651
70,1623
71,1651
66,1581
70,1657
67,1569
65,1454
65,1564
62,1407
69,1559
69,1559
64,1519
62,1390
67,1505
64,1465
69,1623
69,1619
64,1504
67,1627
58,1335
55,1203
65,1494
55,1184
57,1317
63,1420
62,1446
60,1479
60,1298
62,1404
58,1341
64,1497
60,1390
65,1455
62,1472
60,1400
62,1379
60,1453
63,1405
60,1345
58,1328
57,1360
60,1441
-,-,-,-
64,1441
68,1577
70,1626
72,1669
67,1534
72,1675
70,1643
68,1567
69,1619
65,1482
72,1669
72,1669
72,1669
72,1669
65,1529
67,1524
69,1607
69,1600
71,1651
69,1612
67,1552
65,1497
68,1595
60,1423
68,1622
63,1416
66,1520
67,1508
69,1610
65,1470
63,1440
69,1593
66,1535
69,1625
66,1586
64,1499
67,1593
59,1347
61,1352
64,1461
62,1427
56,1314
59,1379
58,1342
59,1346
64,1422
60,1384
60,1347
59,1335
59,1353
60,1384
57,1337
59,1406
58,1382
66,1640
66,1511
61,1340
61,1418
57,1304
56,1314
-,-,-,-
61,1350
65,1528
69,1577
67,1549
69,1570
72,1669
71,1632
63,1481
67,1556
59,1270
67,1564
66,1539
70,1624
72,1673
69,1589
70,1629
71,1647
71,1676
71,1651
65,1509
68,1582
65,1520
70,1657
67,1564
62,1399
67,1557
66,1498
64,1445
68,1610
68,1593
67,1555
64,1436
64,1476
66,1566
69,1621
68,1614
63,1404
59,1370
64,1426
55,1352
59,1279
55,1301
64,1466
63,1392
59,1285
62,1501
59,1494
61,1276
62,1477
62,1369
58,1257
58,1333
61,1456
62,1423
59,1410
61,1437
66,1523
56,1252
58,1315
55,1285
-,-,-,-
72,1669
71,1629
72,1679
72,1669
72,1673
64,1474
70,1643
72,1669
65,1501
69,1611
67,1529
71,1651
72,1673
65,1520
71,1647
67,1523
67,1529
64,1490
65,1523
71,1647
70,1627
68,1631
70,1657
58,1361
65,1532
66,1537
66,1593
63,1399
63,1452
61,1369
69,1593
68,1571
64,1428
67,1616
69,1621
66,1562
61,1434
58,1276
62,1382
62,1342
60,1277
55,1336
63,1431
56,1184
60,1421
65,1571
62,1481
62,1471
66,1457
59,1376
59,1262
61,1306
57,1324
57,1345
61,1337
62,1454
57,1336
61,1434
57,1280
60,1396
-,-,-,-
63,1443
69,1606
69,1586
70,1604
72,1689
70,1627
67,1530
72,1673
66,1542
69,1578
69,1625
67,1534
72,1679
72,1669
71,1667
69,1606
68,1587
70,1657
71,1667
69,1592
71,1647
62,1454
65,1454
61,1487
62,1484
66,1583
62,1450
69,1570
67,1525
64,1436
62,1442
68,1579
64,1441
67,1558
68,1578
69,1619
58,1349
61,1409
62,1370
66,1509
63,1455
60,1368
62,1321
61,1379
57,1233
54,1337
60,1465
61,1385
52,1255
59,1375
59,1287
61,1351
61,1454
60,1376
61,1430
59,1421
60,1430
60,1399
60,1376
58,1323
-,-,-,-
70,1631
66,1506
72,1667
69,1590
63,1451
69,1640
68,1561
68,1584
66,1500
69,1622
72,1669
72,1677
70,1627
70,1643
71,1667
69,1612
66,1526
71,1647
71,1667
69,1604
65,1520
70,1655
66,1535
69,1617
70,1657
70,1657
60,1320
65,1476
70,1630
64,1539
67,1561
69,1593
69,1593
69,1621
59,1367
69,1617
62,1375
57,1267
67,1581
58,1362
65,1505
56,1353
59,1258
57,1306
60,1333
63,1365
58,1336
59,1374
60,1410
63,1473
63,1383
64,1412
60,1431
59,1364
63,1434
63,1497
57,1306
60,1455
59,1336
60,1428
-,-,-,-
69,1589
69,1572
72,1667
72,1667
72,1669
71,1623
72,1667
65,1534
72,1677
70,1640
63,1473
69,1578
65,1478
66,1522
70,1589
70,1599
71,1647
65,1504
59,1380
70,1621
68,1539
62,1394
66,1518
68,1552
64,1474
67,1567
61,1401
62,1478
70,1671
69,1617
66,1512
68,1567
63,1461
66,1530
65,1504
64,1485
62,1489
59,1296
62,1375
62,1425
59,1323
62,1484
62,1452
60,1416
60,1353
65,1528
59,1358
62,1434
62,1469
61,1323
62,1410
61,1379
60,1460
60,1434
60,1358
62,1509
60,1454
60,1370
60,1364
57,1318
-,-,-,-
72,1667
64,1461
69,1614
71,1651
68,1578
65,1515
70,1619
72,1667
72,1665
63,1451
64,1418
69,1604
67,1536
69,1613
70,1653
71,1657
71,1655
71,1647
67,1565
61,1461
65,1589
67,1530
59,1414
70,1630
69,1624
65,1469
70,1655
68,1593
64,1498
65,1563
65,1510
66,1524
65,1487
66,1520
69,1617
69,1625
61,1381
63,1481
60,1284
63,1424
62,1411
58,1351
58,1244
62,1453
58,1264
55,1213
58,1358
62,1477
60,1475
64,1495
57,1217
64,1362
65,1508
55,1290
59,1355
62,1503
60,1477
62,1433
59,1336
59,1342
-,-,-,-
71,1669
69,1613
72,1665
72,1665
72,1665
72,1667
69,1635
67,1533
72,1673
64,1477
72,1667
69,1585
65,1491
71,1621
71,1649
71,1647
65,1529
68,1566
67,1562
70,1602
69,1609
65,1521
67,1604
68,1597
61,1380
67,1566
70,1655
70,1655
68,1635
69,1626
63,1423
65,1517
69,1593
68,1602
60,1361
69,1641
60,1317
62,1518
64,1422
59,1336
57,1253
62,1471
61,1334
59,1436
61,1360
57,1316
59,1294
61,1444
61,1409
62,1418
55,1147
65,1425
59,1319
62,1390
61,1399
55,1274
59,1443
58,1342
58,1262
59,1450
-,-,-,-
61,1414
65,1474
69,1600
61,1323
72,1665
65,1442
65,1502
68,1553
68,1575
67,1516
68,1563
71,1645
69,1576
69,1563
71,1651
68,1606
68,1577
69,1611
68,1603
68,1576
71,1649
63,1448
69,1630
66,1561
70,1630
69,1610
63,1439
62,1401
70,1655
63,1462
61,1361
67,1521
66,1549
69,1617
69,1617
68,1601
59,1335
62,1377
57,1238
59,1352
59,1351
62,1403
64,1424
55,1269
62,1438
61,1420
64,1562
58,1283
61,1415
63,1370
59,1347
59,1286
56,1349
61,1468
56,1240
60,1409
55,1297
58,1282
56,1205
61,1459
-,-,-,-
72,1667
65,1479
72,1665
72,1677
65,1465
69,1632
68,1568
66,1526
72,1665
66,1511
64,1496
64,1454
68,1559
67,1555
67,1611
70,1656
64,1512
66,1568
70,1617
70,1632
69,1606
63,1460
66,1520
63,1448
68,1611
62,1559
64,1458
67,1566
70,1664
69,1585
64,1546
66,1541
65,1468
64,1508
68,1600
69,1617
62,1422
57,1309
60,1296
60,1335
63,1410
58,1318
61,1402
61,1414
61,1391
56,1228
59,1343
59,1336
60,1399
61,1305
57,1231
60,1349
61,1408
60,1371
59,1334
58,1342
58,1464
61,1398
59,1296
56,1405
-,-,-,-
72,1665
72,1665
71,1657
64,1443
71,1627
69,1590
72,1665
65,1482
62,1377
67,1561
65,1446
71,1640
70,1625
72,1667
70,1646
64,1561
69,1594
69,1620
63,1391
65,1499
71,1651
66,1488
70,1630
67,1543
67,1544
66,1554
70,1655
62,1476
64,1505
70,1671
65,1533
66,1514
66,1508
69,1625
64,1433
62,1396
60,1315
58,1329
60,1330
58,1332
57,1226
66,1581
59,1284
57,1370
59,1353
63,1376
63,1397
66,1540
62,1504
58,1287
56,1237
58,1251
62,1446
59,1320
56,1329
64,1550
59,1454
59,1364
61,1409
63,1488
-,-,-,-
72,1667
72,1665
70,1669
63,1374
65,1509
68,1584
67,1536
70,1617
71,1664
70,1634
71,1657
69,1633
70,1634
69,1587
69,1641
71,1647
68,1591
68,1590
69,1617
66,1511
68,1587
66,1570
63,1441
67,1553
64,1535
70,1627
70,1639
58,1362
66,1532
65,1480
69,1593
62,1383
61,1422
64,1511
66,1547
69,1621
61,1404
58,1351
62,1329
66,1543
63,1428
58,1307
59,1298
60,1335
64,1443
63,1467
57,1343
60,1342
61,1449
62,1418
59,1330
59,1323
61,1380
60,1373
61,1370
58,1400
56,1385
57,1342
63,1453
60,1399
-,-,-,-
69,1595
69,1614
62,1450
66,1515
72,1667
60,1385
67,1561
67,1566
69,1574
66,1514
72,1667
72,1665
72,1667
62,1357
66,1547
71,1647
71,1645
66,1569
62,1434
69,1592
71,1653
70,1627
67,1552
62,1456
66,1549
69,1599
70,1654
63,1454
69,1645
70,1641
66,1517
63,1410
67,1549
69,1639
63,1437
69,1650
60,1408
60,1374
61,1313
61,1436
59,1380
59,1395
57,1292
65,1513
57,1270
63,1448
60,1409
63,1486
62,1511
59,1282
62,1398
59,1265
60,1441
59,1447
63,1455
59,1483
54,1261
56,1227
62,1437
62,1495
-,-,-,-
72,1671
67,1536
65,1529
62,1376
72,1671
67,1528
69,1607
65,1452
65,1511
72,1685
69,1600
67,1564
69,1635
65,1490
68,1584
65,1497
71,1645
71,1645
71,1649
64,1467
69,1584
70,1627
67,1536
68,1571
68,1604
67,1545
69,1636
63,1496
64,1525
60,1414
66,1518
68,1573
67,1553
63,1454
60,1357
65,1525
61,1411
57,1306
63,1351
60,1288
57,1228
58,1349
59,1275
61,1428
58,1382
59,1311
60,1421
65,1555
60,1504
62,1382
61,1354
60,1379
63,1471
52,1169
61,1416
59,1421
58,1448
60,1381
60,1401
58,1460
-,-,-,-
71,1678
68,1578
66,1581
64,1496
67,1592
63,1442
69,1582
71,1665
64,1494
63,1461
66,1564
72,1665
64,1435
69,1604
69,1592
69,1644
68,1596
59,1404
71,1645
67,1565
70,1691
63,1477
66,1516
62,1456
67,1579
70,1627
68,1584
64,1516
68,1582
68,1573
63,1465
69,1593
59,1330
64,1506
64,1511
62,1429
63,1486
55,1252
62,1359
61,1401
66,1452
60,1400
65,1463
57,1312
61,1381
59,1360
60,1370
58,1306
53,1337
60,1276
62,1407
62,1363
62,1425
58,1303
60,1397
56,1368
59,1346
59,1301
57,1302
60,1459
-,-,-,-
70,1577
65,1511
72,1665
66,1500
72,1663
69,1574
64,1499
72,1677
68,1557
72,1667
66,1520
67,1530
68,1584
68,1590
67,1586
67,1555
70,1656
71,1647
70,1629
71,1645
71,1651
66,1519
70,1627
70,1627
69,1619
66,1530
65,1577
66,1566
68,1576
70,1639
60,1327
56,1240
69,1593
60,1368
64,1460
68,1571
63,1459
56,1304
66,1452
61,1328
60,1398
60,1415
65,1461
62,1464
62,1432
64,1458
61,1395
66,1544
60,1471
60,1319
61,1365
55,1189
60,1372
56,1240
66,1575
63,1597
61,1456
58,1230
60,1388
62,1431
-,-,-,-
68,1557
65,1456
72,1665
67,1537
69,1581
66,1523
68,1573
68,1548
71,1677
72,1671
70,1620
65,1468
65,1520
69,1572
67,1572
68,1596
71,1653
71,1645
71,1645
69,1620
59,1361
70,1646
66,1591
60,1363
67,1602
69,1563
69,1632
67,1550
63,1453
64,1456
69,1593
69,1593
66,1548
67,1598
66,1546
62,1451
63,1496
61,1408
60,1303
63,1387
61,1396
64,1515
63,1361
62,1405
60,1360
65,1547
61,1432
58,1233
59,1339
63,1593
60,1287
63,1448
56,1183
59,1360
62,1482
54,1348
61,1466
55,1277
58,1338
62,1415
-,-,-,-
72,1663
63,1414
70,1643
61,1397
72,1669
68,1589
68,1544
62,1381
69,1576
69,1597
64,1480
71,1660
62,1361
72,1663
71,1647
70,1642
64,1496
67,1561
69,1617
70,1656
65,1535
68,1545
66,1536
70,1627
65,1504
64,1479
69,1605
70,1641
70,1639
67,1561
62,1489
69,1593
68,1561
67,1584
63,1411
68,1571
67,1590
61,1360
64,1376
57,1285
58,1261
65,1555
58,1349
60,1357
61,1369
59,1375
64,1427
62,1462
57,1351
58,1339
58,1319
64,1454
60,1375
62,1455
61,1430
62,1560
62,1560
58,1289
61,1347
58,1353
-,-,-,-
68,1588
70,1617
72,1663
68,1580
72,1663
72,1663
63,1431
72,1673
65,1520
60,1346
66,1547
62,1372
68,1581
63,1447
71,1645
64,1433
68,1570
72,1720
72,1693
66,1515
72,1713
66,1524
64,1458
68,1571
66,1530
70,1627
62,1418
67,1513
70,1637
70,1643
64,1468
65,1485
63,1451
66,1532
55,1212
69,1615
62,1483
59,1389
58,1254
60,1395
61,1308
57,1317
61,1385
59,1322
56,1197
57,1278
60,1402
62,1381
62,1385
56,1294
60,1349
59,1334
62,1371
59,1445
55,1315
63,1610
54,1214
55,1247
61,1439
61,1473
-,-,-,-
67,1571
63,1412
65,1452
69,1611
68,1577
71,1649
64,1433
67,1552
68,1596
71,1658
71,1648
68,1595
69,1592
72,1663
70,1660
71,1654
68,1626
72,1699
61,1448
69,1639
70,1646
67,1536
60,1443
70,1629
66,1583
65,1582
69,1619
64,1504
70,1637
69,1604
65,1492
62,1425
63,1448
69,1613
55,1217
68,1627
62,1394
60,1398
57,1190
63,1454
64,1486
60,1406
63,1405
55,1284
64,1441
59,1370
62,1490
62,1404
61,1429
63,1497
60,1355
63,1417
62,1386
62,1408
61,1447
58,1336
51,1191
56,1245
60,1403
62,1408
-,-,-,-
72,1677
67,1578
62,1416
72,1665
65,1527
66,1512
71,1646
68,1569
69,1594
71,1649
64,1453
61,1430
72,1663
72,1663
72,1695
69,1598
71,1690
71,1663
63,1494
67,1556
62,1494
70,1627
68,1589
68,1619
67,1538
65,1510
70,1637
70,1637
65,1512
70,1639
69,1593
63,1430
69,1593
66,1522
63,1440
68,1571
63,1512
58,1422
64,1434
58,1321
59,1377
59,1329
63,1398
66,1607
59,1342
65,1479
60,1381
71,1662
59,1364
57,1365
61,1406
58,1296
63,1399
64,1465
62,1474
56,1309
57,1374
59,1348
63,1503
59,1413
-,-,-,-
72,1667
64,1466
72,1663
72,1679
68,1544
72,1665
70,1628
69,1647
72,1671
71,1700
68,1568
62,1432
68,1608
72,1663
66,1464
65,1528
70,1629
69,1644
69,1604
72,1693
71,1665
64,1481
71,1658
71,1662
71,1662
69,1675
63,1417
61,1385
69,1592
69,1582
66,1529
70,1637
70,1635
58,1326
67,1547
66,1492
58,1324
64,1454
56,1243
63,1368
62,1411
61,1362
58,1367
59,1315
57,1284
65,1498
59,1277
64,1515
63,1581
61,1448
62,1406
61,1360
60,1296
53,1254
60,1437
62,1458
59,1454
60,1382
58,1251
59,1400
-,-,-,-
72,1665
68,1562
70,1606
61,1362
64,1483
65,1467
65,1490
67,1536
72,1667
68,1580
65,1480
65,1540
70,1603
65,1463
63,1516
70,1658
65,1543
71,1668
59,1342
72,1714
72,1695
66,1529
67,1537
71,1658
71,1668
69,1592
70,1625
66,1543
68,1586
69,1616
69,1587
67,1552
70,1637
69,1593
61,1332
63,1425
61,1396
58,1372
62,1426
62,1433
60,1312
61,1436
58,1342
62,1348
57,1322
63,1463
61,1380
60,1423
60,1372
59,1399
64,1469
65,1447
58,1250
64,1563
59,1332
58,1354
57,1359
58,1318
61,1417
59,1390
-,-,-,-
69,1594
70,1622
64,1501
66,1516
72,1675
72,1671
69,1584
63,1430
62,1395
64,1444
72,1663
70,1618
66,1512
72,1663
71,1644
70,1660
68,1610
62,1472
68,1637
72,1695
72,1691
64,1418
69,1639
69,1620
60,1337
68,1632
65,1520
67,1544
70,1625
65,1560
70,1639
65,1510
67,1532
64,1447
65,1540
62,1392
63,1473
59,1334
53,1210
57,1262
63,1491
62,1387
55,1215
63,1372
59,1321
57,1252
61,1419
61,1408
60,1365
58,1339
62,1360
60,1413
58,1271
57,1295
61,1400
63,1499
62,1503
61,1373
60,1423
60,1339
-,-,-,-
69,1601
69,1590
68,1546
72,1665
72,1669
69,1595
61,1392
68,1556
72,1667
66,1480
68,1555
66,1548
62,1401
64,1449
61,1398
72,1709
66,1526
69,1616
72,1691
61,1382
72,1691
65,1484
68,1581
66,1542
70,1635
69,1596
70,1625
67,1515
68,1549
67,1599
59,1318
64,1469
70,1635
68,1567
63,1430
66,1517
57,1360
66,1561
59,1311
61,1326
60,1384
57,1317
58,1309
60,1326
60,1394
61,1394
62,1416
57,1303
57,1367
60,1427
62,1351
64,1369
58,1332
63,1466
55,1203
58,1331
57,1313
58,1306
59,1326
61,1482
-,-,-,-
65,1461
72,1663
64,1471
69,1572
72,1671
65,1459
69,1606
71,1675
68,1553
62,1398
71,1615
70,1612
72,1673
66,1550
60,1400
71,1641
65,1460
72,1693
69,1630
67,1572
72,1691
66,1547
65,1464
69,1609
70,1629
71,1688
65,1486
64,1488
63,1423
70,1625
64,1482
65,1521
69,1633
60,1342
69,1593
69,1593
65,1550
65,1487
58,1303
62,1369
57,1339
57,1281
58,1383
63,1386
60,1393
61,1323
61,1382
60,1365
59,1406
58,1382
61,1387
58,1297
64,1421
63,1517
60,1462
55,1327
59,1327
53,1249
57,1357
59,1449
-,-,-,-
66,1539
65,1491
66,1497
72,1663
72,1667
65,1528
64,1460
69,1599
72,1663
64,1405
63,1388
68,1583
66,1529
64,1451
70,1644
66,1547
71,1667
64,1549
67,1582
70,1654
71,1679
69,1580
71,1662
71,1658
67,1583
59,1300
70,1625
68,1565
69,1592
70,1627
65,1475
68,1611
65,1538
68,1573
69,1593
66,1539
63,1394
61,1443
56,1260
59,1306
60,1417
61,1322
56,1243
57,1198
58,1346
64,1396
56,1312
63,1487
58,1355
58,1359
62,1424
60,1325
56,1245
58,1291
62,1430
58,1465
61,1416
61,1418
57,1286
59,1363
-,-,-,-
61,1371
67,1537
70,1597
64,1442
70,1618
65,1463
66,1574
64,1433
71,1663
67,1561
67,1538
67,1528
70,1615
71,1643
72,1691
71,1648
62,1402
63,1421
68,1585
72,1691
63,1417
59,1223
71,1668
67,1598
68,1683
63,1475
70,1625
61,1421
70,1625
61,1407
61,1407
70,1635
68,1607
63,1479
62,1412
69,1593
58,1345
60,1425
64,1473
58,1314
62,1448
59,1373
62,1420
59,1307
58,1390
63,1413
59,1363
60,1464
60,1413
53,1273
60,1335
63,1482
59,1304
58,1310
59,1363
66,1512
61,1440
61,1406
59,1294
57,1311
-,-,-,-
60,1340
71,1628
63,1393
72,1663
66,1567
66,1518
68,1557
65,1494
67,1521
72,1665
72,1663
71,1663
69,1576
68,1562
69,1590
65,1596
70,1648
66,1549
67,1547
65,1505
72,1691
71,1656
71,1658
65,1496
71,1658
71,1660
64,1498
67,1551
66,1583
67,1626
67,1565
68,1594
70,1637
59,1285
63,1430
62,1402
59,1343
59,1347
57,1381
63,1442
57,1273
59,1338
64,1522
56,1226
58,1291
62,1430
61,1402
59,1342
61,1407
64,1471
63,1483
58,1285
61,1426
62,1393
66,1659
59,1392
61,1474
61,1342
60,1341
56,1311
-,-,-,-
69,1596
63,1413
72,1663
61,1373
65,1479
64,1433
72,1663
72,1673
71,1665
72,1663
72,1663
66,1478
72,1663
69,1608
70,1631
68,1607
71,1644
70,1648
66,1602
68,1609
61,1440
67,1529
71,1652
66,1554
70,1710
71,1658
67,1524
70,1652
66,1522
63,1426
66,1524
65,1580
69,1611
66,1516
65,1514
68,1564
58,1324
59,1361
59,1351
59,1284
57,1305
59,1327
60,1400
60,1275
62,1458
60,1350
59,1405
58,1350
62,1439
60,1408
60,1401
63,1438
61,1335
61,1386
63,1384
57,1360
61,1507
61,1422
59,1309
61,1390
-,-,-,-
65,1523
72,1671
72,1663
70,1661
69,1584
64,1431
63,1398
69,1572
71,1643
67,1532
72,1663
70,1596
63,1465
65,1492
71,1664
72,1691
72,1691
72,1691
72,1691
67,1583
70,1616
70,1625
59,1273
64,1507
69,1594
71,1654
70,1625
70,1627
70,1625
67,1541
68,1603
70,1637
67,1543
60,1350
59,1332
66,1491
61,1422
62,1417
55,1223
62,1352
61,1380
60,1336
61,1444
61,1272
61,1399
59,1331
58,1340
61,1434
64,1483
62,1460
52,1245
59,1336
66,1452
59,1313
63,1426
59,1341
58,1428
61,1382
61,1397
58,1282
-,-,-,-
63,1443
69,1576
72,1663
70,1606
63,1392
63,1402
63,1425
72,1671
66,1507
66,1538
71,1615
72,1663
62,1423
72,1663
67,1535
71,1721
68,1567
70,1651
73,1743
67,1579
70,1678
62,1407
69,1595
71,1656
69,1579
63,1401
64,1486
64,1542
64,1496
61,1357
66,1535
70,1644
67,1530
69,1593
60,1348
68,1555
61,1446
58,1296
57,1296
65,1418
60,1403
58,1333
63,1550
64,1438
62,1299
61,1353
64,1489
59,1382
62,1357
64,1525
63,1548
63,1583
62,1486
60,1317
55,1186
62,1469
58,1395
59,1293
63,1428
57,1384
-,-,-,-
63,1449
72,1719
71,1703
59,1408
70,1656
69,1675
72,1693
70,1649
67,1587
61,1444
73,1743
67,1577
73,1779
72,1717
72,1663
65,1467
64,1483
70,1613
66,1513
71,1679
70,1637
60,1325
71,1652
68,1556
64,1524
62,1392
70,1625
70,1625
69,1600
69,1609
70,1633
69,1611
61,1427
67,1521
69,1593
64,1480
62,1420
61,1434
56,1248
61,1292
58,1339
60,1325
58,1330
61,1236
60,1316
60,1375
66,1521
56,1364
56,1281
61,1433
60,1383
61,1520
56,1322
61,1469
61,1342
61,1460
61,1435
60,1390
65,1478
57,1315
-,-,-,-
67,1602
60,1382
69,1642
69,1607
65,1534
63,1504
71,1718
68,1562
63,1489
73,1749
73,1743
72,1734
73,1743
63,1450
64,1469
70,1599
72,1675
62,1374
66,1523
66,1534
68,1544
67,1531
66,1518
71,1652
66,1567
68,1592
67,1545
63,1386
66,1543
64,1549
68,1584
68,1612
68,1609
68,1579
68,1565
65,1473
55,1297
60,1379
62,1426
62,1310
58,1383
60,1372
60,1414
67,1574
65,1416
57,1265
58,1334
60,1500
60,1362
60,1368
64,1564
57,1327
64,1616
61,1384
58,1258
65,1520
59,1333
60,1390
59,1303
59,1408
-,-,-,-
73,1748
70,1714
62,1431
72,1731
70,1646
73,1743
71,1663
73,1743
68,1616
69,1622
71,1703
72,1721
73,1743
73,1743
70,1599
69,1640
65,1449
70,1636
67,1541
69,1631
69,1580
71,1652
70,1604
64,1527
71,1652
67,1588
68,1545
66,1506
62,1466
68,1574
66,1509
67,1531
60,1308
67,1531
69,1593
63,1430
59,1326
60,1397
58,1311
64,1391
63,1487
59,1321
62,1420
60,1459
56,1195
62,1447
61,1380
59,1380
62,1368
61,1415
58,1344
58,1426
60,1437
62,1365
58,1218
60,1311
56,1246
60,1475
57,1301
58,1360
-,-,-,-
62,1488
72,1719
67,1586
67,1630
66,1473
68,1615
65,1479
73,1749
69,1634
70,1695
59,1429
70,1626
68,1636
67,1579
63,1392
65,1479
66,1487
72,1665
67,1535
65,1472
66,1501
67,1608
70,1634
62,1465
67,1536
71,1652
63,1420
60,1407
70,1625
71,1640
68,1581
69,1596
70,1661
69,1593
68,1565
69,1593
65,1503
62,1411
57,1308
63,1425
57,1284
61,1356
58,1409
61,1445
61,1317
63,1476
63,1467
61,1474
57,1276
62,1450
65,1593
60,1435
57,1384
51,1082
52,1134
66,1506
61,1455
57,1371
58,1303
60,1478
-,-,-,-
72,1717
69,1607
73,1741
73,1800
72,1702
71,1691
73,1745
73,1810
68,1645
71,1693
68,1646
64,1471
70,1688
68,1540
68,1546
69,1574
63,1395
71,1677
71,1613
61,1346
69,1615
64,1451
63,1457
71,1640
71,1641
70,1644
71,1652
69,1629
69,1607
62,1420
70,1635
64,1500
65,1507
68,1543
64,1446
64,1476
61,1397
63,1449
59,1393
61,1410
60,1420
62,1440
61,1332
59,1354
61,1385
60,1407
62,1373
61,1420
63,1517
61,1402
59,1328
60,1430
66,1564
61,1496
64,1509
60,1329
64,1494
54,1235
61,1430
62,1499
-,-,-,-
73,1769
68,1600
73,1741
66,1550
68,1585
73,1751
67,1534
59,1377
73,1747
68,1535
68,1622
73,1741
72,1712
64,1476
71,1658
71,1635
72,1665
71,1655
64,1503
66,1530
72,1671
67,1610
69,1556
65,1506
71,1642
70,1615
69,1636
69,1617
71,1652
69,1617
67,1557
65,1559
67,1525
63,1453
69,1593
66,1536
57,1280
60,1445
58,1301
59,1219
59,1310
63,1391
61,1408
62,1457
55,1194
63,1508
57,1315
63,1454
62,1458
64,1402
59,1314
61,1406
62,1529
61,1384
58,1316
57,1263
56,1357
57,1266
58,1314
62,1458
-,-,-,-
72,1691
68,1575
73,1755
73,1747
73,1749
73,1741
71,1681
72,1707
71,1679
69,1643
73,1741
69,1662
67,1593
73,1777
64,1464
72,1671
67,1548
68,1565
68,1550
64,1404
67,1564
65,1526
65,1559
65,1479
67,1611
71,1640
71,1652
71,1656
57,1371
71,1660
69,1633
70,1633
66,1561
65,1476
67,1515
67,1519
60,1459
60,1423
59,1312
60,1330
64,1465
66,1486
59,1351
64,1547
62,1362
62,1429
59,1379
63,1382
61,1487
62,1351
61,1415
54,1251
60,1326
59,1446
63,1474
62,1358
60,1376
56,1251
59,1304
52,1257
-,-,-,-
73,1741
65,1528
71,1685
73,1743
70,1714
73,1741
69,1642
72,1728
62,1421
65,1450
71,1700
67,1504
66,1562
72,1727
64,1495
72,1663
70,1608
67,1524
72,1671
72,1667
70,1598
70,1613
70,1625
71,1640
67,1549
63,1397
70,1637
71,1646
68,1593
67,1554
64,1478
70,1637
67,1572
65,1509
62,1402
62,1404
61,1384
59,1327
64,1466
60,1324
61,1363
63,1403
58,1314
59,1353
64,1393
58,1315
57,1314
65,1430
60,1452
63,1431
60,1301
63,1480
62,1433
64,1530
62,1473
62,1388
59,1381
62,1494
61,1382
54,1302
-,-,-,-
66,1559
59,1371
60,1423
66,1534
73,1741
59,1378
70,1674
73,1741
71,1716
59,1371
73,1747
68,1542
66,1541
67,1616
72,1663
72,1663
65,1479
62,1436
62,1361
65,1453
72,1669
68,1602
71,1656
69,1584
69,1571
71,1640
66,1532
71,1643
65,1514
62,1459
68,1584
65,1489
66,1520
64,1509
64,1472
68,1569
60,1368
65,1550
58,1358
61,1323
60,1382
60,1299
59,1350
64,1512
64,1532
63,1434
62,1423
63,1455
63,1411
59,1365
61,1391
61,1401
61,1489
55,1302
62,1430
54,1104
62,1377
58,1435
58,1295
59,1421
-,-,-,-
73,1741
70,1670
64,1555
69,1668
60,1418
73,1741
68,1580
69,1622
73,1741
67,1617
71,1685
72,1700
67,1624
73,1741
71,1663
64,1454
61,1405
72,1665
72,1663
72,1663
66,1505
71,1640
64,1450
65,1509
70,1625
66,1605
70,1618
67,1576
69,1704
64,1466
70,1647
63,1440
70,1633
69,1595
69,1593
69,1595
59,1287
57,1380
62,1460
64,1400
64,1428
65,1442
61,1354
58,1303
65,1485
62,1425
56,1306
60,1307
58,1317
63,1444
62,1410
56,1189
62,1350
57,1337
58,1320
58,1250
59,1334
58,1468
61,1360
64,1461
-,-,-,-
64,1525
70,1645
72,1738
72,1691
64,1557
73,1741
74,1792
68,1611
68,1608
72,1723
67,1644
73,1741
73,1741
71,1705
72,1667
71,1647
70,1621
69,1568
70,1600
72,1663
71,1654
68,1561
70,1614
69,1621
68,1543
69,1601
71,1643
66,1534
68,1564
65,1513
70,1639
58,1296
68,1623
63,1479
62,1417
62,1381
60,1432
56,1290
60,1320
59,1252
59,1319
60,1343
57,1286
62,1463
62,1393
62,1434
59,1371
63,1474
59,1395
64,1416
62,1438
58,1437
64,1504
59,1398
63,1413
57,1207
64,1518
57,1341
61,1372
59,1303
-,-,-,-
72,1707
62,1392
74,1808
72,1737
70,1693
74,1792
74,1792
67,1608
68,1688
74,1792
73,1767
72,1701
68,1667
70,1643
63,1405
72,1681
71,1660
70,1579
72,1663
72,1663
72,1679
63,1455
67,1529
69,1558
66,1527
67,1570
66,1575
69,1625
70,1593
64,1467
70,1645
61,1361
70,1633
68,1546
69,1593
67,1521
60,1363
60,1465
59,1337
62,1315
60,1351
61,1333
62,1373
62,1434
66,1484
61,1388
61,1335
66,1517
60,1345
59,1396
62,1376
59,1348
62,1455
58,1361
64,1557
60,1337
56,1238
59,1387
61,1516
56,1231
-,-,-,-
65,1507
61,1515
68,1593
73,1757
61,1414
73,1778
72,1732
74,1804
67,1572
70,1725
74,1788
70,1687
72,1751
66,1619
65,1480
60,1353
71,1628
65,1442
72,1663
69,1581
61,1430
69,1565
66,1512
67,1580
60,1388
63,1415
70,1618
71,1639
66,1521
68,1563
70,1647
68,1599
69,1607
69,1593
59,1304
69,1593
58,1286
67,1579
60,1403
60,1342
66,1498
61,1358
64,1468
60,1457
61,1355
62,1379
63,1433
62,1399
59,1381
59,1398
61,1465
60,1326
60,1381
60,1409
64,1550
62,1361
56,1223
59,1425
60,1473
61,1401
-,-,-,-
74,1798
70,1704
70,1742
67,1617
68,1563
63,1440
74,1814
72,1817
63,1482
74,1788
74,1802
71,1738
73,1763
59,1384
72,1665
72,1671
68,1587
72,1671
70,1623
63,1374
70,1611
71,1639
66,1557
65,1521
71,1641
70,1625
68,1597
69,1609
66,1545
66,1530
63,1494
67,1529
69,1623
65,1499
66,1523
60,1339
58,1337
60,1412
59,1357
65,1408
60,1419
60,1336
57,1306
59,1388
62,1353
62,1384
56,1247
63,1490
60,1399
63,1355
62,1484
55,1222
59,1362
62,1483
58,1323
57,1313
61,1424
65,1519
62,1444
60,1394
-,-,-,-
72,1746
73,1748
72,1729
73,1764
64,1521
73,1788
68,1602
74,1788
71,1672
74,1788
70,1674
74,1788
69,1661
71,1668
67,1553
65,1446
72,1671
72,1663
72,1663
72,1667
63,1463
71,1639
70,1652
71,1644
71,1639
64,1484
62,1543
68,1619
69,1579
70,1626
70,1633
66,1534
69,1609
65,1499
65,1504
69,1593
64,1500
65,1469
57,1376
61,1375
56,1289
62,1377
60,1372
62,1483
62,1385
59,1382
60,1394
63,1368
60,1358
55,1289
60,1364
59,1384
60,1380
63,1555
57,1324
56,1227
62,1488
56,1326
61,1392
59,1329
-,-,-,-
71,1682
66,1632
74,1812
74,1812
67,1622
59,1307
73,1772
67,1456
64,1493
70,1649
72,1723
68,1625
74,1788
66,1591
63,1451
69,1595
71,1667
62,1374
71,1658
66,1538
61,1345
66,1509
66,1542
71,1639
70,1648
67,1529
68,1590
69,1607
68,1605
63,1434
65,1472
70,1635
70,1645
59,1302
61,1363
64,1435
64,1436
68,1579
59,1369
62,1396
61,1370
62,1470
60,1406
57,1322
64,1448
62,1402
62,1473
61,1395
64,1484
60,1358
61,1420
62,1502
60,1382
58,1391
61,1421
60,1250
59,1354
57,1308
65,1592
63,1455
-,-,-,-
71,1753
68,1633
74,1788
73,1738
67,1589
65,1659
74,1788
68,1547
73,1772
66,1613
70,1614
67,1527
73,1726
73,1754
69,1637
70,1617
65,1485
72,1663
70,1604
67,1541
67,1526
70,1646
71,1637
71,1639
71,1639
63,1489
60,1405
71,1640
60,1345
66,1547
69,1631
70,1635
65,1556
66,1499
60,1361
58,1248
65,1529
60,1373
60,1327
58,1279
62,1460
65,1481
60,1348
58,1341
61,1320
63,1457
59,1401
55,1250
62,1475
63,1465
59,1361
60,1365
64,1552
58,1267
63,1360
58,1307
60,1349
56,1304
62,1505
60,1400
-,-,-,-
64,1559
67,1628
61,1420
74,1798
74,1788
64,1442
70,1674
72,1733
73,1747
73,1763
72,1730
70,1687
71,1742
69,1673
69,1594
69,1578
62,1416
69,1598
63,1418
72,1663
72,1663
69,1629
71,1639
71,1637
70,1610
60,1399
61,1426
64,1538
71,1644
71,1648
70,1633
69,1611
59,1338
64,1441
69,1593
62,1419
60,1444
60,1284
60,1412
62,1378
62,1434
59,1333
63,1362
57,1284
62,1395
64,1522
60,1361
60,1326
61,1493
59,1294
60,1371
59,1358
61,1354
58,1357
59,1361
59,1321
61,1428
63,1433
57,1385
60,1397
-,-,-,-
71,1725
75,1822
71,1704
72,1719
67,1579
71,1712
70,1685
70,1672
70,1666
69,1628
68,1648
73,1772
74,1788
67,1638
67,1540
62,1360
71,1640
72,1663
62,1364
65,1463
67,1554
67,1511
61,1387
70,1641
70,1617
65,1508
69,1609
65,1503
67,1554
68,1552
70,1631
70,1639
62,1413
66,1509
69,1593
69,1593
56,1266
62,1455
59,1400
61,1326
57,1338
62,1388
60,1412
58,1354
63,1413
62,1485
62,1396
61,1363
59,1379
60,1383
60,1456
60,1363
61,1409
60,1373
61,1402
58,1280
59,1324
64,1471
65,1552
60,1498
-,-,-,-
74,1812
70,1691
73,1783
73,1787
72,1737
74,1820
70,1613
70,1645
68,1610
71,1700
73,1754
70,1707
75,1832
71,1752
66,1529
69,1582
68,1597
72,1663
72,1663
65,1511
63,1484
67,1541
71,1637
71,1637
69,1583
71,1637
63,1426
68,1567
70,1594
69,1569
66,1526
70,1631
65,1519
62,1393
62,1393
66,1516
61,1429
62,1453
61,1379
59,1201
57,1332
62,1422
59,1314
54,1267
59,1290
59,1342
61,1459
60,1349
57,1349
60,1391
60,1367
62,1363
64,1475
61,1449
60,1397
59,1307
59,1295
62,1442
60,1474
58,1272
-,-,-,-
75,1822
75,1822
67,1567
75,1822
66,1483
68,1584
75,1822
66,1467
66,1547
63,1504
65,1481
72,1716
70,1695
63,1511
66,1541
66,1538
72,1663
65,1459
61,1392
66,1504
63,1461
71,1637
69,1581
68,1592
69,1599
71,1637
69,1575
68,1581
64,1494
64,1566
64,1428
67,1624
67,1558
69,1593
67,1541
61,1403
60,1404
61,1329
60,1385
60,1298
64,1505
60,1384
60,1320
61,1460
58,1243
63,1417
60,1353
60,1387
58,1415
61,1368
62,1471
56,1335
61,1406
60,1408
62,1463
59,1283
54,1237
60,1426
60,1406
61,1397
-,-,-,-
74,1813
67,1656
72,1754
75,1822
74,1810
65,1497
71,1717
70,1685
70,1613
68,1537
63,1478
75,1842
75,1840
65,1589
72,1677
72,1663
70,1604
66,1534
72,1683
71,1673
72,1665
69,1571
71,1642
70,1611
71,1637
62,1410
64,1566
69,1596
65,1498
64,1510
66,1517
63,1492
67,1560
67,1536
63,1403
69,1593
59,1333
60,1404
61,1398
61,1294
65,1534
58,1264
58,1265
61,1441
58,1222
61,1369
57,1303
63,1395
63,1476
63,1526
61,1464
61,1424
58,1279
58,1354
63,1442
60,1353
61,1468
64,1480
57,1349
62,1473
-,-,-,-
70,1670
71,1704
68,1655
74,1793
74,1785
67,1571
69,1647
69,1657
74,1783
73,1763
74,1803
75,1838
72,1710
71,1757
61,1430
68,1573
62,1432
69,1586
67,1523
62,1429
65,1466
63,1410
70,1614
69,1649
69,1622
63,1439
64,1486
67,1563
68,1603
67,1611
70,1631
66,1602
69,1603
61,1368
64,1455
67,1527
52,1104
61,1451
65,1533
64,1369
62,1438
66,1480
59,1324
61,1386
63,1438
60,1374
66,1524
61,1350
64,1488
60,1408
62,1396
59,1426
61,1413
62,1467
64,1461
56,1261
58,1335
64,1499
62,1479
61,1364
-,-,-,-
65,1589
68,1574
75,1822
65,1423
74,1810
70,1670
75,1822
75,1822
74,1790
73,1765
72,1712
66,1544
73,1744
69,1607
70,1604
65,1466
71,1660
67,1580
72,1663
70,1604
69,1581
67,1600
65,1497
64,1526
66,1599
71,1639
67,1552
68,1577
65,1518
65,1458
70,1633
68,1575
61,1396
67,1519
68,1594
64,1517
60,1351
66,1567
60,1405
61,1332
60,1369
60,1281
64,1473
56,1289
62,1389
66,1541
57,1278
61,1445
61,1391
62,1499
62,1485
61,1488
63,1467
63,1476
62,1426
59,1345
62,1480
57,1351
63,1536
63,1520
-,-,-,-
74,1822
74,1800
75,1822
69,1681
74,1778
60,1382
72,1734
66,1622
75,1830
71,1711
72,1753
68,1603
75,1832
72,1759
62,1356
70,1621
70,1621
71,1665
72,1663
64,1485
66,1508
71,1637
60,1301
67,1546
68,1612
71,1641
70,1596
65,1504
65,1496
68,1594
66,1576
67,1572
64,1485
61,1390
66,1524
64,1459
57,1311
60,1390
54,1153
59,1344
62,1389
61,1295
61,1339
61,1449
66,1468
61,1475
58,1353
62,1445
64,1475
63,1428
64,1525
63,1520
59,1339
61,1365
60,1378
62,1406
59,1312
60,1415
60,1395
57,1337
-,-,-,-
62,1405
73,1801
74,1806
69,1679
70,1722
74,1793
61,1454
70,1683
74,1792
71,1708
70,1672
64,1488
70,1698
73,1744
72,1663
72,1663
62,1424
68,1558
68,1559
72,1665
72,1663
69,1607
71,1637
68,1574
66,1563
67,1539
71,1640
67,1538
67,1522
69,1593
68,1588
68,1575
66,1554
62,1384
69,1593
62,1421
62,1438
61,1360
58,1318
59,1225
58,1322
63,1397
60,1312
51,1270
59,1284
63,1371
64,1480
63,1439
55,1322
61,1381
65,1524
61,1486
63,1530
58,1333
66,1509
60,1383
62,1440
59,1388
59,1451
61,1362
-,-,-,-
73,1771
75,1822
67,1630
74,1796
71,1674
75,1822
74,1810
72,1742
75,1822
65,1435
75,1822
75,1822
68,1633
64,1450
72,1677
64,1462
67,1536
72,1663
71,1648
69,1581
69,1647
68,1579
70,1652
67,1529
71,1637
67,1522
71,1640
65,1520
68,1563
66,1558
65,1534
70,1629
67,1571
67,1541
65,1488
69,1593
61,1362
60,1359
60,1330
59,1249
60,1359
63,1456
63,1387
68,1610
64,1401
63,1368
61,1384
62,1413
54,1112
58,1350
59,1309
64,1503
63,1440
61,1414
59,1371
61,1381
60,1428
62,1489
63,1481
59,1315
-,-,-,-
70,1672
70,1641
75,1822
69,1704
64,1521
73,1761
71,1635
74,1806
73,1797
69,1635
64,1488
74,1788
73,1783
64,1547
70,1599
72,1663
70,1610
63,1421
62,1400
66,1477
72,1663
67,1527
69,1593
69,1612
67,1585
71,1645
65,1544
69,1617
68,1563
69,1586
69,1607
64,1504
66,1590
63,1428
62,1415
68,1561
64,1495
62,1444
64,1506
60,1386
62,1372
59,1275
64,1458
59,1305
65,1399
62,1376
60,1374
63,1433
59,1272
63,1497
62,1472
62,1401
60,1424
62,1427
61,1462
62,1381
62,1386
59,1333
57,1217
61,1414
-,-,-,-
68,1605
64,1547
68,1602
69,1693
67,1604
66,1528
68,1570
74,1803
70,1666
75,1824
64,1460
67,1584
75,1830
69,1673
66,1546
69,1595
72,1667
72,1677
72,1665
66,1556
63,1461
69,1608
71,1637
67,1564
67,1543
65,1495
68,1562
59,1361
71,1644
69,1582
70,1629
70,1629
70,1629
67,1549
60,1327
67,1527
62,1417
62,1409
56,1278
59,1423
63,1407
63,1489
62,1407
62,1419
57,1197
60,1334
65,1566
61,1352
63,1332
61,1478
60,1295
61,1430
63,1508
64,1421
57,1354
61,1348
59,1306
59,1359
63,1494
58,1322
-,-,-,-
65,1552
71,1719
66,1608
75,1822
72,1753
71,1729
75,1840
73,1762
65,1504
72,1776
75,1822
68,1617
68,1617
68,1599
69,1593
67,1541
69,1640
69,1574
68,1546
68,1566
67,1520
68,1558
68,1619
70,1617
71,1652
65,1471
70,1644
71,1640
64,1458
64,1486
65,1550
65,1552
62,1499
69,1593
66,1537
67,1541
59,1389
60,1405
60,1442
60,1438
60,1281
61,1365
58,1346
67,1614
63,1431
59,1403
63,1376
61,1375
61,1406
61,1420
61,1461
66,1622
63,1401
60,1429
60,1443
60,1273
58,1352
55,1283
60,1424
57,1316
-,-,-,-
62,1411
67,1562
75,1822
75,1822
74,1783
67,1562
69,1638
66,1495
68,1520
68,1719
75,1842
75,1844
75,1830
73,1750
68,1562
65,1480
68,1544
66,1521
72,1663
69,1570
72,1675
67,1565
69,1637
64,1451
65,1484
71,1639
68,1560
65,1503
71,1640
66,1504
66,1521
66,1595
66,1537
66,1514
65,1520
68,1571
67,1501
62,1430
60,1346
68,1594
63,1405
60,1379
66,1552
57,1304
61,1369
58,1368
64,1440
64,1402
62,1387
64,1493
64,1493
63,1511
61,1456
61,1418
58,1395
55,1148
61,1405
61,1454
63,1522
59,1343
-,-,-,-
69,1619
73,1768
75,1820
70,1712
71,1635
75,1844
75,1822
75,1822
75,1822
75,1822
63,1442
72,1698
71,1731
73,1771
72,1663
67,1535
72,1663
68,1577
71,1649
66,1487
70,1599
71,1690
71,1641
65,1529
68,1606
71,1639
66,1497
64,1450
68,1548
62,1461
68,1586
66,1596
70,1631
69,1593
63,1467
63,1430
67,1580
55,1291
58,1355
58,1323
62,1338
56,1288
64,1451
64,1549
65,1454
66,1441
59,1307
63,1443
57,1239
59,1296
59,1334
60,1416
55,1292
58,1280
60,1406
63,1465
55,1290
62,1486
60,1459
58,1275
-,-,-,-
73,1751
73,1727
75,1824
69,1636
75,1858
74,1823
65,1565
73,1741
60,1351
65,1522
73,1776
65,1562
63,1464
68,1665
67,1537
68,1566
72,1663
71,1655
68,1554
66,1549
66,1515
65,1523
71,1645
69,1553
68,1607
65,1474
70,1625
66,1490
68,1568
71,1640
68,1607
65,1550
69,1627
65,1493
62,1403
69,1593
62,1479
59,1381
59,1311
57,1373
62,1305
58,1403
55,1217
61,1381
65,1480
58,1204
64,1442
58,1256
59,1359
61,1426
59,1388
62,1434
58,1375
61,1422
61,1441
54,1212
59,1336
56,1277
62,1487
60,1326
-,-,-,-
75,1844
74,1792
70,1669
67,1648
74,1809
75,1824
67,1629
71,1716
75,1824
62,1425
75,1820
67,1622
70,1652
66,1473
69,1576
63,1461
66,1547
69,1619
62,1390
69,1595
71,1633
66,1540
71,1635
60,1373
66,1517
65,1492
68,1542
65,1510
68,1567
64,1559
70,1629
69,1610
70,1629
64,1433
69,1593
64,1458
65,1547
64,1489
63,1441
55,1278
66,1455
60,1347
62,1390
62,1478
58,1428
61,1357
58,1303
60,1339
59,1321
60,1352
61,1395
62,1481
63,1503
62,1497
58,1375
60,1306
60,1441
59,1344
62,1542
58,1259
-,-,-,-
75,1820
65,1469
75,1820
62,1535
64,1530
75,1820
73,1778
67,1629
73,1791
68,1541
75,1820
75,1820
59,1296
75,1844
65,1479
65,1490
66,1518
67,1536
65,1461
70,1648
67,1570
65,1511
68,1549
69,1576
67,1594
63,1481
64,1487
69,1558
63,1416
65,1492
66,1582
68,1593
61,1485
66,1518
64,1517
58,1331
63,1457
60,1386
60,1390
61,1446
56,1220
55,1276
60,1302
58,1265
63,1382
61,1353
63,1487
56,1243
60,1335
58,1416
58,1248
61,1388
54,1255
62,1406
58,1323
60,1362
59,1319
63,1490
62,1451
62,1400
-,-,-,-
71,1733
71,1729
75,1820
71,1721
68,1528
70,1654
74,1792
75,1818
63,1472
69,1665
63,1442
66,1549
70,1681
72,1740
67,1544
67,1506
70,1610
71,1648
64,1493
68,1580
64,1467
71,1635
65,1474
66,1557
71,1637
64,1537
71,1640
64,1495
70,1617
69,1602
70,1631
68,1613
71,1668
64,1489
65,1464
58,1302
60,1393
60,1301
62,1469
62,1505
62,1358
58,1304
63,1497
62,1396
65,1456
59,1280
59,1293
62,1375
63,1431
58,1380
60,1383
60,1413
62,1547
62,1436
60,1420
60,1371
60,1497
60,1447
58,1385
60,1323
-,-,-,-
71,1752
66,1565
71,1729
67,1688
65,1530
63,1438
74,1873
75,1818
75,1820
71,1689
73,1740
61,1374
67,1639
74,1798
69,1586
68,1608
62,1370
72,1667
71,1627
71,1613
60,1328
71,1640
65,1462
68,1619
71,1635
67,1544
71,1640
71,1640
69,1559
71,1640
70,1639
68,1572
71,1670
62,1415
65,1502
62,1421
59,1316
59,1273
60,1381
60,1357
65,1385
61,1372
65,1521
62,1418
58,1304
63,1407
58,1371
63,1457
61,1374
57,1401
58,1273
61,1419
61,1408
60,1394
63,1454
59,1340
62,1418
59,1367
59,1402
62,1466
-,-,-,-
75,1836
72,1714
74,1788
74,1788
69,1626
74,1788
72,1755
73,1784
62,1361
69,1680
68,1629
67,1532
74,1793
67,1685
61,1408
66,1493
68,1544
71,1655
68,1589
68,1568
65,1491
65,1491
68,1590
68,1581
68,1593
67,1526
65,1505
66,1522
67,1540
67,1522
63,1492
68,1601
70,1639
68,1593
61,1393
65,1476
62,1332
62,1419
59,1319
56,1273
59,1278
57,1286
65,1551
65,1460
60,1340
59,1315
63,1423
59,1433
62,1447
63,1495
61,1445
65,1548
64,1526
61,1416
55,1269
58,1263
57,1245
57,1339
60,1439
60,1334
-,-,-,-
73,1767
67,1588
73,1751
67,1525
75,1822
68,1681
69,1645
67,1574
74,1792
75,1818
69,1647
68,1683
72,1713
69,1683
70,1604
69,1623
63,1460
67,1549
72,1663
72,1665
68,1546
71,1635
71,1637
71,1635
65,1512
70,1604
70,1614
67,1554
66,1530
65,1537
69,1608
67,1574
71,1672
63,1458
67,1557
68,1547
58,1295
63,1395
60,1412
58,1375
62,1357
61,1441
64,1442
63,1468
58,1266
61,1285
62,1453
63,1381
63,1453
60,1382
65,1501
60,1379
57,1313
61,1431
60,1385
57,1216
59,1338
60,1411
58,1388
58,1309
-,-,-,-
63,1424
75,1818
68,1659
75,1818
66,1617
67,1551
67,1571
73,1749
74,1802
75,1818
75,1818
65,1508
66,1651
66,1605
65,1476
71,1627
61,1368
63,1449
64,1440
70,1581
62,1396
70,1639
66,1536
65,1490
71,1648
66,1559
63,1445
71,1644
70,1609
66,1504
71,1674
70,1649
64,1509
65,1472
69,1593
68,1563
61,1371
59,1390
55,1204
61,1451
57,1226
58,1329
62,1436
60,1364
58,1235
60,1321
57,1295
63,1467
64,1473
61,1442
64,1523
63,1491
55,1324
65,1533
56,1259
60,1378
60,1333
55,1243
59,1407
62,1422
-,-,-,-
75,1818
67,1543
65,1577
65,1521
65,1542
70,1674
75,1818
69,1631
70,1660
75,1818
72,1772
75,1834
67,1636
75,1818
65,1472
70,1606
72,1671
64,1469
72,1665
69,1572
69,1596
65,1492
71,1658
71,1635
68,1568
69,1631
69,1558
71,1640
64,1479
71,1640
64,1502
67,1542
68,1586
67,1571
65,1568
69,1593
58,1277
58,1375
56,1183
58,1291
58,1289
61,1374
64,1460
61,1360
61,1330
63,1361
58,1342
57,1360
60,1323
61,1465
59,1406
57,1301
59,1321
64,1503
62,1517
55,1235
57,1390
66,1530
58,1377
60,1303
-,-,-,-
72,1734
74,1792
72,1759
73,1763
70,1722
63,1474
74,1790
72,1746
65,1542
69,1661
75,1818
58,1291
68,1607
74,1858
72,1669
72,1671
70,1612
72,1663
67,1539
70,1608
64,1449
63,1512
58,1377
63,1399
71,1635
70,1604
67,1501
71,1640
69,1612
61,1430
69,1581
66,1557
61,1384
67,1476
66,1486
67,1530
63,1498
63,1401
64,1493
51,1148
59,1247
62,1449
61,1342
60,1327
63,1452
64,1436
61,1490
60,1321
62,1448
56,1266
65,1655
53,1223
60,1398
58,1319
60,1427
61,1456
60,1361
64,1505
66,1610
60,1311
-,-,-,-
72,1705
72,1706
72,1722
69,1690
75,1818
65,1453
62,1435
74,1804
64,1490
70,1663
58,1272
69,1647
70,1620
69,1626
72,1663
70,1592
61,1352
61,1358
60,1373
62,1369
66,1556
67,1552
69,1609
72,1679
66,1538
69,1591
71,1640
66,1516
71,1640
70,1630
61,1387
66,1555
59,1354
66,1518
65,1474
69,1593
55,1191
60,1435
60,1451
60,1346
62,1382
66,1501
66,1496
57,1191
66,1515
62,1365
61,1377
60,1378
61,1418
56,1336
61,1400
54,1191
60,1421
58,1383
60,1332
60,1445
62,1446
58,1301
58,1306
63,1478
-,-,-,-
70,1690
68,1655
74,1794
75,1818
69,1629
69,1674
64,1588
65,1525
69,1665
73,1783
66,1506
74,1792
72,1684
60,1346
66,1549
68,1568
64,1493
72,1673
71,1640
65,1488
70,1623
68,1577
71,1633
72,1679
71,1633
72,1687
61,1354
70,1614
68,1531
66,1522
68,1593
67,1606
64,1500
68,1609
67,1525
60,1407
62,1391
64,1436
61,1413
58,1398
62,1363
62,1405
60,1371
63,1422
61,1404
61,1282
64,1452
63,1405
57,1274
60,1337
60,1373
64,1425
58,1297
60,1428
65,1595
64,1493
60,1510
61,1374
61,1366
62,1398
-,-,-,-
75,1830
67,1650
69,1610
66,1567
75,1840
73,1731
74,1807
70,1706
70,1668
72,1758
67,1554
72,1757
70,1697
72,1735
71,1649
72,1667
67,1532
72,1663
72,1663
67,1505
69,1590
70,1682
66,1538
71,1662
67,1551
66,1514
71,1640
64,1500
63,1508
67,1576
71,1668
66,1551
64,1525
69,1593
66,1501
62,1432
58,1343
60,1462
61,1420
57,1364
64,1431
62,1421
63,1430
61,1367
64,1485
61,1351
54,1186
60,1433
59,1291
64,1478
60,1456
60,1372
62,1467
60,1487
61,1451
62,1448
58,1356
58,1182
57,1310
57,1300
-,-,-,-
65,1515
63,1409
65,1552
72,1706
65,1453
74,1810
72,1752
73,1740
74,1806
75,1818
74,1778
75,1818
62,1361
72,1751
68,1544
62,1424
69,1579
72,1663
60,1318
62,1351
61,1389
72,1664
71,1665
67,1571
71,1661
69,1603
65,1479
60,1347
66,1562
68,1604
70,1673
65,1523
67,1554
65,1524
62,1412
69,1593
61,1447
60,1368
64,1511
59,1322
62,1389
64,1457
60,1378
58,1270
61,1319
62,1412
61,1364
58,1299
61,1331
60,1413
61,1382
59,1465
63,1516
58,1405
59,1309
67,1591
59,1385
63,1390
58,1313
62,1454
-,-,-,-
75,1818
73,1782
69,1618
65,1570
75,1848
75,1832
72,1743
72,1759
68,1611
59,1395
75,1814
71,1728
69,1667
73,1765
59,1352
65,1509
72,1663
72,1669
63,1449
71,1627
61,1362
72,1664
69,1628
67,1568
71,1634
70,1645
69,1599
71,1658
71,1642
66,1550
67,1529
68,1593
61,1451
64,1468
63,1430
63,1500
63,1409
62,1455
58,1330
58,1255
63,1354
57,1315
63,1441
61,1402
63,1541
67,1521
58,1214
62,1424
65,1513
60,1362
56,1332
63,1499
57,1207
57,1253
64,1511
60,1370
59,1340
54,1200
58,1419
56,1302
-,-,-,-
74,1788
64,1549
73,1751
62,1516
63,1421
73,1767
63,1480
75,1814
75,1814
75,1822
75,1814
74,1788
75,1814
72,1681
72,1671
63,1386
64,1437
70,1612
65,1467
72,1663
64,1411
70,1607
71,1639
72,1664
67,1574
63,1439
71,1644
67,1597
70,1605
67,1548
70,1642
69,1612
63,1438
69,1593
69,1593
68,1573
63,1435
56,1306
57,1280
55,1264
59,1389
60,1411
65,1502
63,1465
61,1355
59,1333
62,1382
59,1339
61,1394
64,1444
64,1530
62,1415
59,1371
60,1329
62,1425
60,1369
61,1411
64,1447
54,1194
58,1371
-,-,-,-
68,1612
75,1814
75,1814
75,1814
65,1542
70,1685
74,1821
63,1495
71,1685
74,1821
62,1428
72,1757
66,1515
74,1786
70,1657
69,1595
71,1634
72,1663
61,1421
69,1583
70,1654
67,1582
70,1624
68,1587
70,1618
67,1512
69,1593
71,1640
62,1559
70,1614
71,1670
69,1612
67,1601
63,1462
67,1541
60,1377
58,1310
59,1389
57,1229
59,1395
60,1278
61,1407
60,1358
65,1458
58,1350
65,1603
57,1228
62,1395
61,1458
63,1483
58,1305
62,1455
56,1266
62,1421
58,1387
59,1390
58,1319
60,1278
63,1577
58,1320
-,-,-,-
73,1764
74,1806
69,1637
68,1567
69,1674
64,1520
75,1846
59,1311
70,1718
73,1783
69,1643
75,1814
74,1766
74,1793
65,1451
59,1328
68,1582
69,1590
64,1428
72,1663
65,1511
69,1646
71,1639
68,1572
71,1639
71,1646
68,1575
71,1642
62,1511
70,1622
62,1414
64,1544
71,1676
62,1442
58,1319
69,1599
63,1472
60,1410
61,1339
55,1307
63,1414
63,1456
61,1329
62,1406
59,1302
60,1357
61,1281
57,1264
58,1389
60,1345
62,1429
59,1348
58,1280
60,1397
61,1428
62,1555
60,1378
62,1393
62,1442
63,1404
-,-,-,-
64,1567
73,1777
66,1555
65,1556
69,1624
73,1737
72,1770
75,1814
69,1684
67,1604
73,1754
63,1420
61,1408
76,1889
72,1667
68,1569
72,1665
64,1444
70,1611
72,1663
72,1667
68,1578
69,1620
71,1633
72,1664
69,1625
66,1506
62,1395
56,1316
65,1505
64,1488
63,1490
71,1678
61,1367
67,1523
64,1476
63,1523
64,1442
60,1407
58,1434
65,1432
59,1442
63,1371
62,1427
58,1230
57,1351
64,1517
62,1475
59,1311
59,1337
59,1344
59,1309
62,1428
60,1390
60,1463
58,1292
60,1364
57,1263
59,1332
59,1352
-,-,-,-
75,1851
70,1709
68,1594
68,1590
72,1714
69,1655
65,1556
59,1310
65,1547
63,1510
67,1561
66,1581
75,1856
71,1729
67,1535
72,1667
72,1663
67,1572
66,1501
65,1491
62,1374
68,1566
71,1664
61,1346
70,1625
68,1584
71,1640
67,1527
71,1640
69,1628
65,1521
71,1668
62,1403
69,1597
66,1492
69,1595
62,1461
58,1365
63,1449
62,1447
58,1277
62,1388
58,1365
65,1485
63,1455
63,1497
63,1358
59,1277
63,1513
65,1550
58,1356
57,1345
64,1457
61,1436
62,1435
64,1531
58,1388
60,1340
61,1379
60,1351
-,-,-,-
68,1652
72,1765
75,1846
74,1836
67,1623
68,1613
72,1783
70,1667
76,1889
68,1681
70,1703
71,1698
61,1364
73,1765
66,1475
70,1604
72,1665
70,1667
62,1407
68,1564
72,1663
63,1472
72,1664
68,1549
66,1548
71,1657
65,1586
71,1640
65,1535
71,1640
67,1617
70,1666
64,1488
60,1386
69,1593
64,1428
66,1574
60,1483
63,1435
57,1357
67,1495
60,1351
61,1388
61,1338
64,1452
58,1383
61,1309
62,1414
64,1493
62,1386
61,1395
63,1401
57,1346
60,1390
55,1279
60,1461
57,1341
60,1300
60,1393
54,1204
-,-,-,-
74,1852
71,1671
71,1679
71,1686
76,1889
74,1832
76,1889
72,1705
64,1444
64,1512
67,1622
74,1821
64,1512
64,1535
64,1463
72,1668
69,1576
60,1377
72,1665
71,1648
71,1662
69,1588
64,1541
69,1582
72,1666
65,1528
70,1625
65,1507
69,1607
70,1614
67,1569
71,1678
65,1565
64,1508
67,1515
66,1478
61,1348
58,1386
59,1338
59,1351
58,1248
60,1398
65,1406
65,1644
61,1381
61,1442
57,1162
62,1391
61,1338
61,1350
61,1454
56,1288
57,1328
64,1521
57,1377
59,1331
63,1480
58,1229
59,1429
60,1352
-,-,-,-
67,1591
68,1656
75,1865
75,1838
65,1568
73,1852
74,1831
76,1893
70,1730
67,1574
72,1795
67,1594
69,1653
73,1765
61,1421
72,1671
71,1640
66,1538
62,1399
64,1454
63,1422
68,1584
70,1631
68,1567
70,1639
69,1613
70,1613
69,1623
65,1496
70,1594
65,1484
70,1629
64,1484
69,1593
67,1552
64,1470
62,1467
59,1356
61,1353
58,1279
62,1391
65,1471
60,1273
59,1383
57,1290
60,1348
62,1339
66,1580
57,1282
63,1451
62,1474
59,1317
63,1449
57,1317
62,1439
62,1419
63,1523
60,1316
55,1317
57,1236
-,-,-,-
71,1706
67,1670
73,1776
71,1727
67,1576
66,1535
69,1665
72,1717
64,1460
72,1721
76,1889
66,1519
75,1893
73,1794
69,1611
69,1596
69,1615
69,1588
62,1433
72,1663
72,1671
72,1660
72,1664
71,1639
65,1482
70,1581
71,1640
67,1579
60,1362
68,1562
67,1570
65,1554
65,1497
66,1533
67,1552
67,1541
60,1361
64,1459
59,1366
61,1478
60,1288
57,1316
59,1322
63,1419
56,1241
62,1438
61,1355
62,1384
64,1445
59,1293
60,1339
56,1292
60,1339
62,1429
60,1351
58,1343
61,1458
60,1386
58,1395
58,1287
-,-,-,-
76,1889
73,1840
75,1832
75,1851
76,1889
75,1840
74,1815
76,1889
73,1773
73,1791
64,1465
65,1568
73,1768
69,1696
72,1705
58,1250
69,1588
71,1671
63,1437
68,1555
72,1674
69,1597
61,1430
69,1613
65,1494
71,1649
69,1595
68,1560
64,1451
62,1386
64,1510
62,1438
71,1668
67,1533
66,1519
69,1593
64,1447
61,1357
60,1356
62,1410
63,1409
59,1323
63,1390
61,1397
61,1372
66,1666
61,1372
61,1444
57,1290
63,1480
55,1232
62,1376
64,1523
58,1230
56,1235
59,1346
60,1407
58,1280
56,1314
58,1287
-,-,-,-
64,1548
76,1889
75,1840
73,1803
75,1856
76,1911
68,1656
68,1659
73,1829
72,1749
66,1627
76,1889
68,1656
72,1761
67,1537
67,1533
72,1660
70,1605
72,1658
65,1448
71,1625
69,1647
72,1673
69,1578
67,1555
70,1627
65,1484
68,1582
69,1602
62,1382
68,1685
69,1621
62,1506
67,1541
62,1432
63,1394
61,1431
60,1475
64,1472
58,1409
65,1470
60,1374
60,1277
63,1366
52,1126
54,1184
57,1237
60,1351
59,1392
61,1386
60,1409
57,1253
56,1301
62,1471
54,1228
61,1364
60,1378
58,1255
57,1305
63,1475
-,-,-,-
73,1753
76,1889
72,1743
76,1909
57,1291
76,1889
76,1889
75,1853
76,1893
74,1796
76,1889
66,1626
73,1773
72,1724
68,1549
72,1660
69,1615
69,1597
64,1440
72,1658
66,1515
71,1648
72,1665
63,1391
71,1648
68,1562
70,1604
67,1530
62,1417
68,1550
66,1551
71,1668
68,1613
64,1475
69,1607
67,1521
56,1320
56,1262
59,1384
54,1270
63,1332
65,1524
56,1174
62,1421
62,1408
66,1559
62,1363
62,1446
55,1224
64,1451
59,1373
64,1534
59,1350
58,1376
57,1267
60,1368
65,1556
59,1270
63,1436
60,1449
-,-,-,-
69,1632
57,1332
76,1889
72,1740
69,1700
71,1774
75,1844
67,1603
72,1769
67,1596
73,1797
70,1697
68,1626
74,1852
60,1317
70,1614
66,1510
70,1604
72,1670
66,1570
68,1633
72,1663
61,1362
65,1504
72,1663
61,1344
71,1640
60,1349
67,1499
61,1426
68,1594
68,1618
67,1570
64,1464
66,1506
64,1461
63,1484
63,1458
57,1276
61,1322
61,1371
65,1550
59,1276
65,1520
57,1277
66,1582
59,1272
65,1525
61,1399
63,1433
62,1405
64,1466
57,1349
62,1506
62,1447
61,1397
59,1433
66,1473
64,1491
61,1392
-,-,-,-
75,1842
74,1824
76,1903
76,1889
76,1889
76,1889
76,1889
73,1821
76,1893
75,1854
67,1601
74,1801
76,1889
71,1703
67,1569
68,1543
59,1357
66,1530
65,1510
72,1658
72,1660
70,1621
68,1554
68,1588
68,1579
67,1564
67,1599
64,1540
71,1652
71,1640
62,1468
71,1674
68,1598
67,1542
65,1493
62,1421
60,1356
62,1472
61,1410
60,1371
62,1389
56,1250
58,1298
63,1478
61,1314
61,1424
60,1301
61,1410
58,1330
63,1451
58,1327
53,1246
63,1398
58,1373
64,1482
56,1247
63,1539
58,1385
57,1366
58,1371
-,-,-,-
76,1889
74,1814
61,1467
63,1475
65,1535
61,1379
63,1488
75,1852
76,1889
68,1653
75,1830
76,1889
74,1839
73,1805
71,1639
70,1602
69,1571
68,1575
65,1513
70,1603
65,1543
69,1595
72,1663
71,1627
65,1482
69,1597
67,1499
65,1570
68,1556
65,1507
65,1504
69,1626
69,1631
67,1515
65,1482
69,1583
62,1479
64,1461
58,1310
61,1413
58,1262
61,1310
65,1577
59,1365
64,1479
62,1436
62,1443
58,1262
57,1338
62,1411
58,1272
58,1342
63,1494
56,1359
61,1376
62,1447
59,1317
59,1360
57,1309
59,1290
-,-,-,-
76,1889
76,1889
74,1801
75,1844
71,1702
66,1646
67,1537
69,1658
71,1745
74,1796
67,1599
76,1891
62,1460
64,1551
65,1517
72,1660
68,1587
67,1522
63,1388
68,1586
68,1576
70,1621
71,1654
63,1449
71,1627
66,1522
66,1536
62,1446
71,1640
70,1630
60,1356
66,1598
68,1611
64,1459
69,1583
67,1527
61,1455
56,1299
60,1423
58,1308
66,1479
61,1343
63,1445
65,1490
56,1238
63,1511
62,1315
64,1428
63,1442
61,1449
56,1168
58,1364
65,1503
58,1397
60,1392
59,1332
60,1326
64,1540
60,1445
59,1305
-,-,-,-
68,1656
76,1891
67,1566
71,1676
75,1838
69,1679
74,1831
76,1891
69,1656
67,1630
72,1831
65,1516
67,1566
74,1806
63,1463
66,1517
73,1699
71,1680
71,1640
72,1658
61,1335
65,1504
72,1667
72,1663
68,1546
72,1665
69,1596
70,1610
67,1529
65,1521
71,1676
67,1568
71,1668
62,1397
59,1276
67,1516
65,1457
60,1376
63,1479
62,1442
63,1337
65,1429
61,1269
64,1469
64,1452
59,1402
64,1387
59,1343
60,1288
61,1404
61,1445
60,1433
63,1464
58,1347
63,1443
60,1367
62,1423
60,1369
57,1313
61,1428
-,-,-,-
71,1732
69,1748
75,1858
76,1889
66,1606
76,1887
72,1729
70,1648
73,1843
76,1899
65,1502
70,1709
76,1889
72,1749
69,1609
68,1591
67,1567
69,1603
68,1608
71,1664
71,1659
72,1665
69,1596
72,1669
68,1595
65,1527
64,1436
67,1499
71,1640
67,1542
71,1668
71,1672
68,1617
66,1513
66,1506
69,1583
65,1535
56,1324
57,1331
56,1250
61,1284
63,1517
59,1273
59,1333
63,1444
56,1195
60,1303
64,1465
62,1425
60,1343
59,1311
62,1456
56,1284
61,1436
63,1442
60,1347
62,1357
59,1381
60,1358
59,1437
-,-,-,-
67,1619
74,1836
73,1775
72,1756
72,1748
71,1730
74,1825
73,1750
72,1731
72,1733
74,1796
69,1679
71,1660
70,1698
69,1602
72,1688
72,1679
71,1659
73,1699
70,1592
62,1441
72,1669
71,1665
72,1663
65,1517
63,1475
67,1539
63,1394
66,1541
67,1578
71,1668
69,1625
70,1639
62,1417
67,1550
65,1481
64,1437
58,1290
66,1554
61,1415
57,1233
59,1401
65,1416
59,1321
62,1338
60,1404
63,1423
64,1499
63,1469
58,1312
62,1418
60,1471
61,1330
60,1509
56,1230
62,1423
59,1388
63,1564
63,1495
60,1401
-,-,-,-
73,1746
65,1587
73,1756
74,1800
76,1889
72,1725
76,1891
70,1717
71,1748
73,1836
66,1639
72,1735
73,1775
72,1689
63,1472
70,1601
71,1657
67,1592
69,1634
73,1701
73,1693
72,1663
70,1613
66,1512
68,1557
59,1292
65,1550
68,1560
68,1578
66,1553
61,1397
70,1661
68,1577
66,1485
66,1530
68,1569
63,1513
64,1456
59,1371
56,1285
58,1329
65,1464
60,1273
66,1496
58,1331
57,1342
61,1311
67,1541
61,1372
58,1319
62,1360
60,1427
60,1355
61,1458
62,1445
55,1306
61,1470
60,1417
59,1355
59,1418
-,-,-,-
76,1895
73,1751
67,1636
76,1887
73,1775
76,1891
75,1852
71,1675
67,1613
71,1709
72,1794
67,1606
72,1725
71,1695
71,1673
65,1478
67,1552
71,1636
73,1693
72,1666
73,1699
70,1642
66,1538
69,1583
64,1420
69,1594
63,1452
69,1580
71,1640
64,1471
68,1604
66,1605
61,1429
62,1487
69,1583
68,1577
54,1201
59,1354
64,1517
59,1352
55,1162
61,1377
63,1403
60,1316
64,1409
63,1498
61,1387
59,1298
56,1199
62,1423
60,1356
60,1430
63,1457
65,1508
62,1467
61,1391
62,1346
55,1231
62,1602
61,1362
-,-,-,-
76,1887
75,1851
76,1887
75,1857
67,1587
76,1885
70,1661
70,1710
76,1887
64,1492
73,1816
70,1665
65,1502
74,1829
60,1339
64,1522
67,1542
58,1289
69,1592
73,1693
73,1687
71,1643
72,1663
67,1559
62,1369
72,1663
63,1477
70,1618
69,1635
71,1640
71,1668
65,1485
68,1573
68,1605
62,1403
69,1579
62,1422
57,1361
61,1417
54,1235
62,1301
61,1388
62,1399
64,1451
60,1376
66,1532
62,1463
59,1285
63,1455
58,1243
64,1518
60,1450
58,1274
61,1386
63,1482
55,1287
57,1262
63,1464
62,1381
59,1390
-,-,-,-
74,1799
72,1736
66,1568
72,1737
67,1615
74,1794
69,1643
76,1885
64,1416
61,1399
73,1798
75,1849
72,1741
76,1885
69,1548
71,1639
73,1687
70,1591
73,1687
71,1645
70,1609
69,1582
72,1663
59,1320
69,1598
71,1645
71,1640
68,1581
65,1510
69,1564
64,1469
65,1564
69,1626
59,1336
69,1579
69,1579
55,1214
60,1356
62,1433
56,1342
59,1329
60,1424
68,1543
62,1370
61,1345
63,1445
63,1481
64,1455
62,1394
61,1386
62,1406
59,1322
61,1418
60,1351
57,1214
58,1373
62,1483
62,1473
59,1345
64,1472
-,-,-,-