1192,46
1217,47
1205,49
1225,47
1273,50
1090,46
1149,46
1165,46
1199,49
1244,49
1175,47
1233,49
1222,49
1285,51
1128,45
1130,46
1275,50
1139,47
1335,52
1333,52
1296,51
1305,52
1336,51
1216,49
1216,48
1180,48
1232,49
1205,47
1145,46
1058,43
1235,48
1183,47
1256,50
1212,50
1145,44
1214,49
1153,47
1146,48
1257,51
1102,46
1223,50
1140,48
1250,49
1211,49
1179,48
1137,47
1145,46
1140,45
1146,47
1169,47
1206,47
1285,51
1253,50
1271,50
1176,47
1132,46
1203,48
1161,45
1234,48
1291,51
1232,51
1353,53
1219,47
1142,46
1288,50
1224,50
1207,50
1280,52
1159,49
1163,47
1256,50
1312,51
1259,49
1236,49
1260,50
1216,48
1125,44
1191,48
1184,49
1244,48
1241,49
1217,47
1190,47
1249,49
1335,53
1128,48
1250,50
1256,49
1348,52
1116,49
1289,52
1097,45
1218,47
1240,50
1223,49
1212,48
1177,48
1184,47
1324,52
1251,49
1235,48
1218,47
1143,46
1238,49
1141,44
1344,52
1272,50
1300,49
1099,43
1270,51
1186,49
1217,48
1202,47
1255,48
1230,49
1159,44
1064,45
1241,50
1181,49
1319,52
1194,49
1149,46
1266,49
1170,47
1272,49
1281,50
1140,46
1214,49
1266,51
1202,49
1294,51
1278,50
1164,47
1122,43
1304,52
1327,50
1320,51
1313,50
1260,51
1282,50
1301,53
1166,45
1305,50
1359,52
1309,52
1211,48
1334,50
1201,49
1230,49
1206,47
1157,50
1308,51
1179,48
1220,48
1089,43
1174,47
1218,48
1275,50
1241,48
1351,52
1269,50
1249,50
1280,50
1175,46
1186,47
1240,48
1200,47
1261,50
1224,49
1268,48
1332,52
1353,53
1291,51
1140,47
1265,49
1160,49
1199,48
1291,51
1099,45
1330,51
1309,52
1264,49
1279,51
1303,52
1320,51
1209,48
1280,51
1325,51
1339,54
1171,47
1326,51
1305,52
1242,50
1383,51
1241,50
1243,47
1109,48
1363,52
1271,52
1284,51
1230,51
1215,49
1230,48
1370,53
1367,53
1276,50
1263,49
1242,49
1235,50
1244,51
1212,47
1332,53
1316,50
1284,52
1198,48
1204,47
1248,51
1260,51
1331,51
1288,50
1244,52
1195,48
1206,48
1238,48
1247,50
1148,47
1346,52
1287,52
1316,52
1210,47
1259,52
1301,53
1257,48
1196,50
1253,51
1317,51
1183,48
1375,53
1316,50
1216,49
1225,50
1185,46
1346,52
1355,53
1259,50
1295,51
1275,50
1288,50
1288,49
1268,51
1182,47
1189,49
1271,49
1285,52
1311,51
1200,49
1246,50
1181,47
1199,48
1273,49
1247,51
1224,50
1292,50
1104,45
1413,53
1185,50
1224,50
1266,50
1254,51
1226,49
1348,51
1234,49
1196,49
1127,45
1355,54
1229,49
1210,50
1420,55
1305,51
1294,53
1291,50
1192,50
1341,52
1137,45
1255,49
1321,50
1154,45
1298,51
1256,50
1280,52
1302,51
1270,48
1253,51
1238,51
1271,51
1288,52
1408,52
1264,49
1444,56
1248,51
1177,49
1260,51
1290,50
1377,51
1320,51
1140,45
1369,54
1301,49
1242,51
1163,45
1370,54
1349,51
1242,49
1371,53
1280,49
1411,52
1277,50
1107,43
1282,49
1095,43
1158,47
1284,52
1266,48
1091,45
1353,53
1136,44
1333,54
1251,51
1371,54
1442,55
1264,49
1248,51
1235,50
1395,54
1270,52
1226,50
1312,50
1217,49
1011,42
1318,50
1280,50
1382,54
1276,51
1241,48
1360,50
1277,50
1263,49
1278,49
1221,48
1243,47
1188,47
1384,52
1434,54
1404,54
1444,58
1264,52
1295,51
1347,53
1286,49
1318,53
1253,49
1229,51
1174,49
1337,51
1225,49
1413,55
1315,52
1228,46
1228,51
1099,45
1152,47
1399,55
1270,51
1294,49
1252,50
1225,50
1242,50
1221,50
1248,48
1367,55
1233,48
1182,48
1221,48
1312,52
1258,50
1147,46
1285,51
1272,51
1347,52
1273,50
1189,49
1232,50
1295,51
1292,51
1337,53
1302,50
1301,51
1276,51
1201,49
1223,48
1264,49
1341,53
1261,49
1293,50
1259,48
1307,52
1295,51
1203,48
1137,48
1309,51
1347,52
1327,52
1380,54
1212,50
1251,50
1274,52
1331,52
1223,49
1209,49
1349,52
1305,51
1366,54
1340,52
1162,48
1156,48
1167,47
1237,51
1243,52
1383,54
1126,46
1249,50
1230,48
1317,52
1390,55
1318,53
1199,49
1274,47
1240,48
1295,53
1312,51
1218,48
1264,52
1381,53
1366,54
1293,51
1320,53
1301,52
1314,50
1222,48
1278,51
1330,53
1156,47
1301,53
1371,54
1270,52
1283,51
1217,47
1258,50
1272,50
1206,49
1415,54
1234,50
1282,51
1236,49
1335,52
1351,53
1349,52
1209,49
1322,51
1446,55
1316,50
1254,51
1230,50
1301,51
1235,50
1318,53
1288,51
1239,52
1335,50
1151,48
1383,54
1251,49
1262,51
1206,50
1260,47
1235,50
1296,51
1352,54
1344,53
1422,56
1421,54
1369,56
1359,53
1300,50
1209,49
1228,48
1417,56
1247,50
1185,47
1285,51
1255,50
1265,51
1152,46
1270,50
1203,47
1146,46
1123,45
1232,51
1365,53
1134,45
1287,52
1221,50
1355,53
1259,49
1104,46
1251,51
1286,51
1211,48
1247,50
1230,50
1354,53
1266,51
1324,52
1268,48
1275,51
1272,50
1161,49
1299,52
1286,50
1248,51
1303,51
1403,55
1271,50
1272,50
1341,54
1293,51
1245,49
1235,49
1398,54
1295,51
1377,54
1306,51
1346,53
1240,52
1158,47
1274,50
1221,49
1238,50
1362,54
1390,54
1295,50
1274,50
1257,52
1321,53
1340,52
1236,49
1302,52
1284,50
1226,50
1187,49
1315,53
1381,54
1418,54
1185,48
1236,49
1220,49
1187,46
1173,50
1380,55
1319,53
1307,53
1178,47
1280,50
1169,46
1048,44
1387,53
1322,54
1222,49
1307,51
1203,49
1199,48
1277,52
1356,53
1334,53
1330,54
1286,51
1322,52
1265,52
1215,49
1333,52
1237,49
1245,49
1276,51
1260,51
1225,49
1367,53
1387,53
1325,50
1325,53
1340,53
1130,48
1344,52
1235,49
1350,54
1221,47
1250,51
1330,52
1290,53
1296,50
1247,51
1323,51
1293,51
1277,52
1328,53
1247,50
1241,51
1346,52
1377,54
1393,54
1229,50
1257,52
1193,47
1229,50
1191,49
1242,49
1268,49
1172,47
1317,52
1309,51
1268,49
1399,54
1301,51
1275,51
1213,47
1256,51
1168,45
1271,52
1352,53
1285,51
1237,50
1391,54
1372,54
1375,53
1193,49
1415,55
1278,50
1307,52
1223,49
1319,51
1284,50
1304,51
1263,52
1221,46
1278,52
1265,50
1304,51
1267,50
1262,50
1258,51
1310,51
1289,52
1326,53
1317,51
1206,47
1269,52
1204,47
1302,54
1321,53
1202,47
1387,54
1382,55
1262,51
1253,50
1248,51
1246,50
1133,46
1206,48
1356,53
1247,51
1253,48
1222,49
1436,56
1331,54
1379,55
1260,49
1235,49
1230,51
1404,56
1329,53
1414,55
1315,51
1326,53
1356,55
1143,48
1279,51
1329,51
1292,52
1275,50
1278,52
1333,52
1255,49
1126,46
1374,53
1365,53
1305,51
1335,54
1225,48
1327,52
1262,50
1260,50
1337,53
1268,51
1292,51
1222,50
1244,49
1304,52
1282,51
1222,50
1307,51
1277,51
1325,51
1322,51
1348,54
1346,53
1356,54
1175,46
1313,53
1266,50
1339,52
1278,50
1310,51
1199,49
1366,55
1331,53
1286,49
1356,53
1287,52
1220,50
1312,53
1331,51
1232,49
1320,51
1282,53
1263,50
1378,53
1313,52
1261,50
1310,52
1236,49
1264,52
1272,51
1250,50
1164,47
1305,53
1245,50
1344,52
1250,50
1298,51
1265,50
1297,53
1301,51
1324,53
1353,53
1381,54
1217,49
1347,53
1230,51
1279,52
1203,50
1266,50
1221,47
1305,51
1276,52
1273,49
1297,51
1315,53
1292,51
1192,48
1279,50
1271,48
1385,56
1086,45
1281,50
1323,53
1141,47
1247,51
1336,53
1265,51
1201,47
1353,53
1167,48
1330,54
1221,48
1409,55
1167,49
1315,52
1264,51
1235,49
1297,51
1240,51
1287,51
1227,50
1275,51
1381,55
1352,53
1294,50
1333,53
1284,51
1273,49
1290,51
1198,46
1358,52
1282,52
1358,52
1403,54
1188,48
1291,49
1264,50
1292,50
1268,50
1435,56
1228,49
1320,52
1324,49
1316,51
1253,50
1265,51
1250,49
1171,46
1266,51
1423,56
1259,49
1178,48
1333,53
1339,54
1057,45
1296,52
1261,50
1228,47
1321,53
1088,45
1323,52
1303,52
1368,53
1344,53
1339,55
1201,48
1391,54
1306,50
1294,52
1320,51
1116,47
1273,51
1382,55
1330,48
1355,55
1324,54
1363,54
1214,48
1318,52
1195,49
1276,51
1304,51
1397,56
1265,51
1293,50
1220,50
1235,52
1223,48
1284,51
1285,53
1422,54
1371,54
1375,54
1351,51
1292,51
1292,52
1357,54
1282,50
1346,53
1322,52
1307,52
1367,53
1356,53
1213,49
1303,52
1355,55
1353,54
1322,52
1321,53
1206,47
1296,52
1382,53
1296,51
1263,50
1143,45
1387,54
1303,51
1290,50
1281,51
1284,51
1167,47
1408,54
1407,55
1109,47
1298,50
1269,48
1302,51
1443,56
1309,53
1241,51
1182,49
1221,50
1405,56
1309,52
1257,51
1369,52
1283,52
1163,46
1237,47
1335,53
1299,52
1314,53
1219,49
1282,50
1245,50
1311,53
1398,55
1342,54
1354,55
1334,51
1342,52
1346,52
1420,56
1294,52
1237,49
1242,51
1224,49
1260,51
1278,50
1365,54
1287,49
1254,51
1218,49
1296,51
1240,50
1314,51
1436,57
1297,52
1253,49
1268,52
1244,51
1373,54
1389,53
1352,51
1313,52
1290,52
1316,52
1225,50
1244,49
1380,53
1222,48
1266,50
1305,51
1285,50
1351,51
1286,53
1400,55
1091,45
1363,53
1233,50
1280,50
1298,53
1293,52
1307,52
1279,51
1145,47
1375,55
1312,53
1249,49
1291,52
1370,53
1282,49
1367,53
1237,46
1286,48
1381,52
1309,50
1232,49
1464,56
1417,54
1198,50
1334,53
1269,50
1316,52
1296,49
1187,49
1297,52
1385,55
1285,48
1349,54
1403,54
1317,52
1386,54
1369,54
1362,54
1375,53
1278,51
1326,52
1287,52
1181,47
1339,52
1344,52
1298,53
1147,48
1328,54
1348,54
1318,52
1247,52
1381,55
1256,50
1334,53
1280,50
1298,52
1308,52
1291,49
1336,53
1280,51
1381,53
1389,55
1121,47
1282,51
1351,52
1230,49
1193,49
1316,53
1318,53
1201,49
1340,52
1068,47
1377,53
1359,53
1188,47
1270,50
1254,50
1270,51
1356,55
1291,51
1156,47
1311,51
1297,49
1255,52
1347,54
1260,48
1195,48
1134,45
1364,54
1231,49
1254,51
1294,51
1274,51
1275,50
1209,49
1352,54
1198,50
1349,53
1395,53
1377,54
1333,53
1329,52
1141,48
1296,52
1391,54
1333,54
1253,49
1241,48
1186,48
1315,51
1342,51
1211,49
1260,51
1233,50
1213,50
1389,53
1323,54
1182,45
1238,47
1280,51
1254,49
1289,51
1356,53
1355,54
1301,53
1241,51
1202,47
1285,52
1277,52
1378,55
1299,50
1296,51
1242,49
1206,49
1221,50
1335,54
1360,52
1214,48
1290,50
1364,53
1349,53
1335,51
1248,51
1328,50
1369,54
1371,52
1299,52
1267,51
1260,50
1382,54
1414,55
1321,53
1286,51
1381,53
1261,51
1322,54
1337,54
1384,54
1334,53
1349,53
1259,50
1261,51
1302,53
1345,52
1315,52
1205,49
1340,53
1218,50
1289,49
1246,50
1321,52
1148,44
1161,47
1278,52
1314,53
1272,51
1276,48
1302,50
1169,49
1318,51
1331,53
1245,50
1384,54
1392,54
1292,52
1367,53
1309,50
1196,50
1230,49
1216,49
1297,53
1307,52
1181,47
1302,50
1169,46
1260,51
1234,48
1295,53
1250,50
1209,49
1247,51
1198,48
1178,47
1131,44
1179,46
1285,48
1221,50
1194,48
1391,55
1359,53
1250,49
1344,52
1199,49
1255,47
1419,56
1272,53
1280,51
1318,52
1252,49
1358,53
1325,52
1182,47
1324,51
1296,51
1135,48
1162,48
1369,53
1269,50
1355,53
1325,51
1290,51
1219,49
1372,54
1087,44
1300,50
1115,48
1408,55
1267,51
1253,49
1341,53
1296,50
1260,50
1290,52
1377,54
1329,53
1173,47
1360,54
1310,52
1123,47
1346,52
1284,52
1245,50
1250,50
1259,48
1227,47
1171,48
1433,56
1290,50
1181,49
1272,52
1292,52
1402,55
1363,54
1268,50
1310,52
1229,49
1282,51
1184,49
1381,54
1408,55
1311,53
1353,54
1287,48
1407,54
1187,44
1296,53
1264,50
1280,52
1321,54
1297,51
1261,50
1180,48
1224,50
1301,52
1207,49
1307,52
1292,51
1376,53
1234,48
1285,51
1195,46
1177,47
1330,54
1270,51
1226,51
1257,51
1291,50
1278,51
1295,52
1200,49
1255,51
1226,51
1338,52
1269,50
1317,50
1343,54
1235,49
1310,53
1232,48
1244,49
1358,54
1448,53
1229,50
1326,52
1274,49
1322,54
1345,52
1390,55
1184,49
1208,49
1189,50
1198,47
1285,51
1329,53
1419,55
1274,48
1288,52
1148,49
1195,49
1207,49
1212,47
1257,50
1066,44
1205,47
1188,49
1276,51
1371,53
1224,51
1100,43
1293,51
1292,51
1305,52
1263,51
1335,54
1268,52
1289,51
1240,50
1256,49
1250,49
1249,49
1180,46
1400,55
1297,50
1194,49
1188,48
1374,54
1221,50
1356,53
1399,55
1164,47
1332,52
1291,52
1393,53
1322,49
1144,48
1321,53
1267,51
1273,48
1292,51
1330,52
1190,49
1238,51
1293,52
1378,53
1201,49
1110,44
1351,54
1288,51
1256,50
1302,50
1364,53
1277,49
1291,51
1307,52
1390,53
1301,52
1253,49
1273,52
1311,50
1201,50
1271,51
1291,53
1123,48
1284,50
1198,48
1196,49
1313,49
1316,51
1367,52
1294,54
1199,47
1267,52
1324,52
1277,50
1342,52
1196,48
1081,47
1204,49
1361,54
1275,50
1300,53
1252,50
1204,50
1240,51
1156,48
1366,53
1166,49
1331,53
1242,50
1268,50
1278,51
1222,51
1338,54
1245,49
1343,53
1287,51
1223,51
1281,50
1281,50
1335,53
1405,56
1301,52
1279,51
1273,50
1304,51
1258,50
1288,52
1257,50
1265,50
1242,49
1210,47
1350,54
1285,48
1337,53
1251,50
1289,52
1314,52
1272,51
1318,52
1310,54
1300,52
1353,53
1367,53
1192,50
1238,49
1318,53
1269,51
1313,52
1299,52
1193,49
1270,51
1301,50
1299,50
1318,53
1378,55
1405,55
1225,49
1314,52
1455,56
1246,51
1348,54
1159,46
1200,49
1223,50
1196,47
1270,47
1333,52
1284,51
1328,52
1190,48
1313,52
1416,55
1364,52
1247,49
1258,48
1335,51
1271,50
1447,56
1312,53
1207,49
1345,52
1205,49
1287,52
1352,50
1199,49
1273,51
1290,51
1161,46
1331,52
1282,49
1244,49
1160,48
1165,48
1350,52
1176,48
1241,47
1399,54
1240,49
1214,51
1280,50
1275,51
1346,51
1343,52
1291,50
1369,54
1216,46
1336,52
1195,46
1247,51
1236,49
1316,52
1351,53
1252,50
1236,48
1197,48
1279,50
1258,52
1374,54
1318,51
1354,53
1363,53
1316,52
1341,51
1169,46
1120,48
1235,49
1130,48
1363,54
1154,46
1232,48
1174,48
1324,52
1363,55
1237,50
1231,52
1240,49
1377,55
1286,53
1392,55
1302,54
1139,46
1338,53
1334,54
1371,55
1245,51
1204,50
1366,52
1326,52
1264,51
1190,50
1367,54
1348,54
1258,50
1268,50
1229,49
1345,53
1234,50
1212,50
1198,47
1324,53
1328,53
1242,49
1379,52
1138,47
1209,48
1297,50
1251,50
1210,50
1187,47
1403,54
1189,46
1076,44
1328,51
1255,52
1283,52
1210,47
1302,52
1307,51
1253,50
1433,56
1320,53
1287,50
1298,52
1398,55
1247,51
1200,48
1318,54
1339,53
1334,54
1371,53
1238,48
1257,50
1232,49
1285,51
1215,50
1316,51
1363,55
1340,52
1276,50
1205,46
1319,52
1299,53
1333,49
1186,47
1277,51
1277,52
1278,51
1351,54
1202,48
1282,51
1271,51
1259,51
1302,52
1322,53
1416,55
1053,43
1371,52
1214,50
1139,46
1367,51
1192,48
1287,52
1205,49
1287,49
1186,49
1223,49
1387,53
1160,46
1310,53
1195,49
1298,51
1199,48
1246,51
1271,52
1350,53
1414,56
1166,47
1300,52
1298,51
1266,52
1243,50
1248,49
1380,55
1272,51
1370,55
1376,54
1056,44
1323,53
1281,51
1203,50
1247,51
1249,49
1337,53
1221,49
1325,52
1216,48
1230,51
1315,52
1244,49
1403,55
1227,49
1346,53
1289,53
1273,50
1234,49
1386,53
1203,49
1336,54
1218,49
1295,51
1220,50
1255,52
1269,50
1247,51
1314,52
1269,51
1247,51
1196,49
1284,53
1333,53
1195,49
1328,54
1252,50
1155,47
1157,47
1401,56
1355,53
1330,53
1378,55
1382,55
1447,56
1240,50
1267,51
1265,48
1395,56
1273,51
1291,53
1250,50
1269,51
1404,55
1306,51
1330,53
1206,48
1314,51
1262,52
1381,52
1387,54
1165,48
1192,49
1198,46
1207,47
1320,54
1248,52
1271,50
1322,52
1298,52
1384,55
1269,48
1180,48
1408,54
1179,46
1197,49
1182,48
1255,50
1209,49
1165,49
1209,48
1345,53
1287,53
1201,46
1296,51
1302,51
1289,50
1201,48
1266,50
1414,54
1224,49
1290,51
1195,49
1252,51
1373,54
1218,48
1250,51
1347,52
1224,49
1288,51
1299,51
1302,54
1222,48
1382,54
1243,49
1300,51
1289,54
1236,49
1339,54
1200,48
1213,47
1431,56
1289,51
1335,51
1341,54
1178,48
1297,49
1275,52
1409,54
1216,47
1368,53
1205,47
1352,55
1251,50
1186,47
1270,49
1174,50
1335,51
1300,52
1347,51
1356,53
1437,55
1232,49
1173,47
1322,54
1209,48
1286,51
1310,52
1276,51
1325,50
1293,51
1285,51
1261,51
1243,49
1346,53
1234,51
1163,48
1443,56
1279,51
1330,52
1108,47
1271,51
1339,52
1385,56
1183,48
1303,50
1302,52
1299,50
1229,48
1233,49
1220,51
1255,49
1345,52
1316,53
1178,47
1317,51
1321,52
1300,51
1254,49
1294,52
1366,54
1317,50
1233,49
1317,51
1339,52
1409,54
1294,52
1327,52
1237,50
1324,52
1279,52
1176,49
1274,52
1205,51
1305,52
1289,52
1239,49
1221,50
1262,50
1279,51
1355,53
1297,52
1306,50
1185,47
1268,52
1293,52
1126,47
1352,53
1330,54
1249,47
1233,48
1253,50
1196,49
1379,55
1400,55
1230,50
1267,52
1196,49
1261,51
1203,48
1313,53
1124,47
1255,50
1141,48
1290,51
1180,49
1262,50
1223,49
1298,52
1295,50
1179,49
1354,52
1279,53
1257,48
1355,54
1383,53
1340,51
1285,51
1241,49
1390,55
1302,50
1336,53
1250,48
1279,51
1116,46
1330,53
1295,52
1345,55
1329,53
1286,50
1355,54
1213,50
1234,48
1278,50
1284,50
1379,53
1287,51
1350,52
1282,51
1394,55
1247,50
1170,49
1292,48
1299,52
1312,50
1261,50
1306,50
1140,48
1212,49
1355,53
1227,48
1294,51
1277,52
1230,47
1266,51
1300,52
1180,49
1301,51
1332,54
1242,50
1278,49
1271,49
1415,56
1205,48
1285,50
1319,53
1341,53
1347,53
1265,51
1135,47
1352,54
1385,53
1384,54
1402,55
1212,48
1314,53
1343,54
1377,56
1195,50
1328,51
1318,51
1345,53
1290,51
1205,47
1149,48
1296,50
1355,54
1122,48
1226,48
1301,50
1269,50
1375,54
1362,53
1314,52
1321,54
1284,52
1150,48
1274,51
1298,51
1235,49
1322,53
1385,55
1328,51
1288,52
1251,50
1374,54
1311,52
1374,53
1403,55
1289,51
1237,51
1314,53
1265,49
1217,49
1232,49
1337,51
1259,52
1199,48
1329,52
1321,53
1313,53
1314,50
1416,56
1158,47
1273,51
1243,50
1305,52
1218,49
1401,54
1282,51
1233,50
1300,52
1287,52
1318,52
1237,50
1285,49
1147,47
1240,49
1335,53
1264,51
1328,53
1180,49
1354,54
1343,52
1183,48
1334,52
1199,49
1281,49
1160,45
1288,52
1238,51
1328,53
1287,51
1259,49
1252,51
1096,46
1388,55
1222,49
1273,52
1177,48
1322,50
1308,52
1212,45
1245,49
1343,54
1256,51
1289,52
1289,52
1285,50
1291,51
1320,53
1228,49
1233,49
1293,51
1332,52
1275,50
1248,49
1203,49
1366,53
1345,53
1192,48
1267,51
1124,47
1244,47
1194,48
1253,51
1381,54
1354,52
1266,51
1319,51
1222,50
1266,52
1197,48
1293,51
1343,53
1215,50
1361,52
1326,52
1277,50
1220,49
1258,50
1234,48
1390,54
1178,46
1232,50
1285,51
1412,55
1284,52
1366,55
1283,51
1292,52
1330,53
1366,54
1205,49
1209,48
1305,52
1333,52
1161,46
1315,52
1270,50
1302,52
1221,47
1160,48
1232,50
1274,50
1233,50
1182,47
1242,52
1288,50
1302,52
1450,55
1301,52
1219,49
1238,50
1281,51
1318,52
1266,52
1191,50
1295,51
1327,51
1243,48
1298,53
1217,50
1304,52
1332,53
1198,48
1268,52
1235,48
1373,55
1260,50
1182,48
1288,49
1366,52
1096,44
1287,53
1355,53
1178,46
1337,53
1350,54
1356,53
1395,54
1323,53
1277,51
1287,53
1252,51
1280,51
1322,53
1165,49
1323,51
1297,52
1364,53
1332,51
1350,51
1253,50
1163,47
1274,52
1265,49
1267,50
1305,51
1330,53
1387,54
1302,50
1243,50
1254,51
1327,50
1366,53
1395,53
1299,50
1226,49
1345,53
1333,52
1293,52
1288,51
1323,53
1410,54
1179,46
1311,51
1368,53
1238,51
1207,47
1256,49
1170,48
1275,51
1355,53
1413,53
1219,47
1192,48
1249,48
1232,51
1217,49
1254,53
1250,49
1228,49
1381,54
1253,49
1288,51
1320,50
1177,47
1396,55
1307,51
1211,48
1254,50
1366,53
1413,55
1253,50
1342,53
1259,50
1341,53
1331,52
1205,48
1279,51
1302,52
1248,47
1340,53
1208,50
1328,54
1195,49
1342,51
1283,52
1338,53
1342,53
1212,46
1345,53
1327,50
1179,48
1293,51
1339,52
1157,46
1272,52
1204,47
1313,54
1204,47
1394,55
1320,54
1253,50
1137,47
1337,53
1248,50
1238,51
1368,51
1325,52
1255,50
1269,49
1370,53
1268,49
1176,46
1179,46
1482,59
1287,52
1294,51
1349,51
1373,53
1230,51
1319,54
1205,47
1275,50
1215,49
1250,50
1308,52
1216,50
1388,56
1228,49
1302,51
1470,58
1289,50
1233,51
1434,55
1280,51
1166,48
1141,47
1360,55
1259,48
1277,49
1231,48
1385,53
1250,51
1186,49
1332,51
1327,51
1368,53
1322,52
1275,51
1167,49
1255,50
1487,56
1134,47
1353,52
1186,48
1393,52
1267,52
1332,52
1229,50
1215,50
1274,50
1337,52
1311,52
1299,51
1396,55
1280,50
1276,49
1343,51
1223,49
1167,48
1295,51
1285,50
1224,51
1317,54
1322,51
1242,50
1290,52
1314,53
1428,56
1324,53
1232,50
1331,52
1426,55
1300,52
1303,52
1344,55
1224,49
1339,53
1349,54
1415,55
1302,52
1336,53
1223,50
1236,50
1370,54
1308,53
1190,47
1261,49
1149,46
1354,52
1196,50
1298,50
1230,50
1199,48
1228,50
1330,53
1153,45
1263,51
1369,54
1291,50
1300,50
1362,53
1269,53
1242,48
1299,50
1398,55
1292,51
1218,48
1345,54
1323,53
1181,47
1242,49
1177,47
1309,52
1256,49
1225,47
1311,52
1357,54
1301,51
1281,50
1321,51
1268,51
1230,49
1345,53
1264,49
1267,50
1317,53
1234,48
1317,52
1268,52
1226,50
1246,49
1362,53
1244,51
1315,52
1222,46
1233,50
1243,47
1281,50
1357,55
1340,54
1278,50
1282,51
1384,53
1356,53
1403,54
1409,54
1331,51
1193,49
1288,52
1388,54
1276,49
1246,50
1345,53
1246,49
1296,50
1247,51
1301,52
1299,49
1250,50
1261,51
1186,48
1362,54
1265,51
1288,52
1245,50
1329,53
1312,52
1240,49
1264,50
1301,52
1332,52
1195,47
1300,51
1254,50
1319,52
1311,52
1346,54
1353,54
1384,55
1238,51
1238,50
1345,52
1178,48
1343,54
1199,46
1218,47
1292,49
1242,50
1375,55
1157,47
1258,51
1321,53
1323,52
1353,53
1247,50
1303,54
1247,49
1332,54
1357,52
1262,52
1312,50
1277,50
1274,50
1319,52
1404,55
1329,52
1177,48
1319,52
1226,50
1313,52
1330,52
1181,46
1262,50
1305,52
1311,53
1357,53
1348,53
1204,49
1258,50
1306,51
1282,51
1414,56
1214,50
1292,53
1242,51
1406,56
1280,49
1333,52
1304,51
1135,47
1183,44
1378,53
1262,50
1261,51
1293,52
1276,49
1302,51
1308,50
1348,54
1117,45
1314,51
1311,52
1287,52
1269,51
1269,50
1325,52
1311,52
1379,55
1381,55
1395,56
1370,55
1263,51
1249,48
1328,51
1274,52
1249,50
1402,56
1216,47
1328,51
1431,57
1333,49
1294,51
1356,54
1283,52
1205,49
1305,51
1274,53
1289,49
1302,51
1319,51
1259,50
1214,48
1263,50
1326,51
1388,55
1340,53
1306,51
1259,50
1254,50
1407,54
1255,50
1420,56
1289,52
1387,54
1327,53
1298,50
1342,52
1302,51
1315,52
1330,52
1278,50
1171,48
1307,51
1210,46
1362,53
1266,50
1200,48
1181,48
1247,49
1300,52
1342,53
1173,46
1323,53
1363,53
1354,53
1255,49
1194,47
1289,51
1280,52
1252,51
1266,52
1283,51
1176,48
1274,51
1255,50
1302,52
1382,54
1457,56
1270,50
1339,50
1328,53
1455,58
1337,51
1274,49
1302,52
1159,49
1319,50
1185,46
1375,54
1317,54
1283,51
1315,52
1278,52
1497,58
1229,51
1326,53
1361,53
1256,51
1288,52
1287,51
1343,52
1285,50
1364,52
1405,57
1261,50
1311,53
1253,50
1395,54
1268,50
1254,49
1337,53
1320,52
1264,51
1316,52
1314,53
1308,49
1217,50
1305,53
1287,52
1307,51
1191,49
1399,55
1259,51
1302,53
1233,50
1273,49
1279,52
1307,51
1275,50
1322,52
1303,52
1339,54
1219,48
1270,50
1335,53
1312,52
1273,50
1230,49
1301,50
1365,52
1363,54
1241,50
1226,48
1226,50
1270,52
1229,50
1282,51
1234,52
1297,53
1232,51
1213,49
1403,55
1307,51
1188,48
1240,49
1250,51
1340,54
1327,52
1292,52
1258,50
1342,52
1380,53
1266,50
1267,51
1302,52
1223,49
1269,49
1160,46
1350,52
1192,49
1376,55
1240,51
1285,51
1239,49
1382,56
1385,54
1264,50
1263,49
1355,53
1255,51
1301,50
1327,52
1262,50
1253,50
1369,53
1275,52
1185,48
1235,51
1304,50
1225,47
1240,49
1286,50
1372,53
1238,50
1264,51
1310,53
1255,48
1320,51
1340,54
1390,55
1298,52
1353,53
1283,50
1442,56
1269,52
1216,49
1302,51
1327,52
1224,47
1286,51
1294,50
1218,51
1338,52
1350,53
1295,52
1192,51
1122,47
1289,52
1330,52
1180,49
1276,50
1340,53
1332,51
1352,53
1317,52
1249,49
1303,50
1265,50
1248,49
1221,48
1234,49
1401,55
1406,55
1114,44
1266,52
1403,57
1287,52
1315,51
1357,54
1344,54
1271,50
1222,47
1240,49
1402,56
1277,50
1283,49
1127,44
1225,49
1372,54
1357,54
1400,54
1365,53
1359,55
1109,46
1184,50
1249,49
1328,50
1319,54
1419,53
1170,47
1293,50
1217,48
1293,51
1207,50
1208,47
1368,53
1265,51
1336,52
1331,50
1283,50
1328,54
1314,53
1310,52
1346,51
1300,53
1325,52
1438,55
1223,48
1274,51
1300,51
1177,49
1361,55
1328,50
1270,50
1160,48
1265,50
1370,54
1315,54
1392,56
1249,51
1255,50
1260,50
1201,50
1271,50
1288,54
1166,46
1406,55
1358,53
1318,52
1271,50
1296,51
1323,52
1304,50
1282,50
1290,52
1215,48
1305,52
1364,54
1244,50
1187,48
1236,49
1393,55
1122,46
1296,51
1315,50
1307,50
1270,49
1403,52
1263,48
1404,55
1319,53
1326,51
1294,51
1272,50
1348,53
1238,50
1307,53
1422,57
1230,47
1299,53
1228,50
1322,51
1251,50
1192,47
1265,51
1211,47
1292,51
1290,51
1318,51
1384,53
1371,53
1305,51
1365,56
1340,52
1229,48
1213,46
1294,52
1318,53
1359,52
1289,52
1341,53
1350,54
1219,47
1242,48
1140,44
1299,52
1230,50
1211,48
1290,51
1239,48
1285,52
1295,51
1300,50
1199,49
1226,50
1276,48
1266,49
1329,53
1346,52
1248,51
1349,53
1314,51
1310,53
1331,51
1343,50
1363,54
1236,50
1301,52
1298,53
1185,45
1180,48
1228,47
1352,53
1355,55
1350,53
1327,52
1283,51
1197,46
1337,53
1351,54
1348,54
1336,53
1418,55
1233,48
1298,51
1209,50
1386,55
1201,48
1209,50
1287,48
1299,52
1236,48
1124,44
1298,53
1345,53
1345,53
1431,53
1264,50
1232,50
1186,49
1413,57
1293,52
1324,51
1201,49
1230,51
1258,52
1352,52
1214,50
1407,56
1351,54
1334,53
1349,53
1308,53
1311,52
1312,52
1367,54
1340,53
1298,53
1380,55
1275,51
1279,52
1293,53
1269,49
1245,49
1265,51
1371,54
1260,48
1367,53
1289,53
1346,52
1277,50
1353,53
1329,52
1384,54
1357,54
1286,52
1274,50
1377,53
1279,52
1315,53
1359,52
1302,51
1263,51
1333,52
1264,50
1391,54
1434,56
1245,50
1308,53
1396,56
1284,52
1284,49
1204,49
1212,50
1317,52
1302,52
1375,54
1245,48
1324,54
1300,52
1315,51
1335,52
1266,51
1198,48
1383,54
1445,57
1261,50
1341,52
1269,48
1275,53
1354,55
1304,51
1197,48
1352,51
1421,56
1250,51
1371,55
1268,52
1289,50
1370,54
1297,51
1332,53
1259,51
1311,52
1282,51
1305,51
1268,52
1245,50
1267,51
1276,51
1203,49
1290,52
1326,53
1332,53
1303,52
1293,51
1368,55
1289,53
1360,53
1277,48
1258,51
1299,51
1296,49
1250,50
1235,50
1374,54
1244,50
1368,56
1367,54
1234,48
1312,53
1271,50
1262,50
1393,52
1334,52
1271,51
1383,53
1211,49
1323,51
1316,53
1322,52
1254,50
1254,51
1227,51
1413,55
1308,51
1350,51
1285,52
1308,52
1294,51
1386,54
1342,53
1288,48
1319,52
1272,48
1290,52
1317,53
1221,49
1220,49
1339,53
1271,53
1239,51
1206,48
1196,50
1326,53
1260,50
1399,55
1319,52
1245,49
1320,52
1113,47
1308,52
1369,54
1274,53
1279,50
1323,51
1278,49
1263,51
1285,50
1335,54
1173,47
1286,51
1260,51
1233,50
1315,50
1318,53
1339,54
1182,47
1120,45
1248,51
1250,51
1335,54
1291,51
1326,51
1265,51
1164,46
1250,51
1268,50
1190,48
1203,48
1189,47
1292,52
1275,52
1398,54
1366,54
1327,52
1235,50
1203,48
1229,49
1276,51
1256,50
1295,52
1345,53
1281,51
1322,51
1207,48
1270,50
1325,51
1315,52
1311,53
1357,54
1339,55
1254,51
1392,56
1353,52
1237,50
1270,52
1238,50
1347,53
1310,54
1330,52
1279,53
1233,49
1366,54
1199,49
1293,52
1221,49
1256,50
1244,51
1258,49
1398,54
1309,53
1255,49
1361,55
1232,47
1247,49
1230,51
1297,53
1358,53
1265,50
1282,51
1226,51
1250,51
1236,51
1221,50
1321,54
1342,54
1277,51
1375,53
1362,53
1228,50
1329,50
1266,51
1303,53
1182,46
1305,53
1389,55
1290,52
1323,54
1430,55
1355,53
1325,52
1330,54
1316,53
1261,51
1377,56
1301,52
1310,50
1216,50
1232,50
1299,51
1308,52
1341,52
1211,50
1345,51
1269,52
1315,55
1184,49
1404,54
1265,50
1207,48
1238,49
1283,49
1239,49
1289,51
1331,51
1296,54
1283,49
1383,54
1415,56
1247,49
1225,50
1363,55
1263,49
1289,52
1335,52
1389,55
1276,49
1231,52
1308,53
1288,52
1376,52
1248,49
1239,50
1294,54
1327,52
1284,52
1283,49
1310,53
1280,51
1325,54
1226,51
1160,49
1216,48
1224,50
1224,51
1397,57
1338,52
1362,53
1288,51
1245,49
1194,48
1319,49
1318,52
1236,48
1231,48
1190,46
1243,50
1170,48
1373,52
1271,51
1141,48
1386,54
1280,49
1251,51
1318,54
1315,52
1319,53
1207,48
1323,51
1357,55
1343,53
1367,54
1167,47
1325,54
1177,48
1365,54
1218,49
1227,47
1271,51
1231,49
1225,49
1319,52
1243,50
1303,50
1283,53
1228,49
1312,52
1342,53
1339,52
1160,47
1329,53
1407,53
1402,56
1357,55
1193,48
1340,53
1290,53
1232,51
1226,50
1337,55
1177,49
1378,54
1248,49
1335,54
1201,47
1264,51
1349,54
1326,54
1194,49
1323,53
1296,51
1294,51
1225,49
1423,55
1309,50
1216,47
1304,51
1289,49
1302,51
1350,54
1367,53
1293,51
1241,50
1258,49
1288,51
1384,53
1229,50
1382,56
1331,53
1243,50
1272,52
1311,51
1292,51
1227,50
1263,52
1212,49
1328,53
1259,51
1237,49
1202,49
1251,51
1287,53
1305,51
1269,48
1250,49
1304,51
1305,51
1269,50
1202,49
1258,51
1299,51
1341,51
1369,54
1358,53
1268,50
1152,46
1280,51
1214,46
1396,54
1197,49
1319,51
1385,52
1210,49
1421,55
1326,52
1298,50
1243,50
1170,47
1269,51
1349,52
1366,54
1212,48
1251,51
1350,52
1238,51
1298,53
1364,54
1267,50
1375,53
1252,51
1344,54
1425,55
1318,51
1336,51
1372,55
1263,52
1266,50
1193,48
1389,54
1371,55
1331,52
1302,52
1305,51
1287,50
1255,51
1296,52
1211,48
1389,55
1314,51
1356,50
1255,48
1167,47
1210,50
1230,48
1193,47
1268,52
1268,50
1225,50
1315,53
1334,54
1354,53
1315,51
1375,55
1289,52
1283,52
1291,50
1344,54
1254,49
1330,52
1305,51
1315,52
1247,49
1312,54
1238,48
1259,53
1340,53
1318,52
1283,53
1366,55
1288,52
1238,51
1336,52
1138,46
1180,48
1316,54
1255,49
1336,51
1289,52
1317,52
1290,50
1334,54
1310,52
1321,51
1274,51
1341,52
1244,50
1350,53
1270,52
1367,53
1369,50
1358,55
1364,53
1312,53
1123,46
1276,52
1189,49
1237,48
1231,48
1326,52
1271,52
1166,48
1260,51
1371,55
1246,49
1123,47
1359,54
1262,51
1376,54
1270,51
1221,50
1306,51
1295,51
1327,53
1325,50
1406,55
1217,50
1270,50
1293,51
1298,52
1300,52
1188,47
1298,50
1183,48
1261,51
1224,49
1412,56
1296,50
1363,55
1231,50
1399,55
1302,51
1275,51
1220,49
1251,51
1145,48
1241,48
1369,52
1218,50
1348,55
1330,51
1359,51
1192,46
1292,49
1339,52
1340,54
1289,52
1366,52
1363,52
1205,49
1437,57
1311,53
1247,51
1411,54
1355,53
1337,53
1279,49
1360,54
1275,52
1301,51
1259,51
1348,52
1357,52
1221,47
1191,46
1272,51
1299,52
1223,47
1199,51
1328,52
1284,53
1183,49
1314,53
1270,51
1242,49
1260,49
1357,53
1275,52
1210,48
1373,54
1328,53
1189,47
1263,52
1328,52
1309,50
1356,55
1271,50
1374,53
1249,50
1306,51
1222,50
1208,49
1361,54
1157,48
1323,50
1298,52
1323,53
1323,51
1295,52
1223,49
1276,49
1254,51
1281,52
1318,52
1279,50
1261,49
1318,51
1219,49
1218,48
1266,51
1313,51
1334,54
1239,49
1341,53
1310,51
1394,55
1176,48
1403,56
1190,48
1286,51
1401,55
1282,51
1305,51
1238,49
1298,49
1331,52
1312,50
1263,52
1273,49
1280,50
1285,52
1340,53
1208,49
1280,51
1330,51
1313,51
1334,51
1240,50
1319,52
1251,50
1292,52
1269,52
1393,53
1279,49
1224,50
1243,51
1276,49
1336,53
1267,52
1181,47
1275,51
1244,49
1356,52
1205,49
1287,49
1050,44
1307,53
1275,51
1211,49
1285,53
1269,48
1317,53
1313,53
1328,49
1271,49
1287,52
1312,52
1390,54
1264,49
1311,52
1211,49
1217,49
1384,54
1390,54
1286,52
1169,47
1355,53
1262,52
1249,48
1274,52
1323,53
1188,48
1383,55
1269,48
1308,52
1309,52
1348,55
1330,51
1321,52
1271,51
1350,54
1303,52
1269,52
1203,49
1333,53
1290,53
1224,49
1234,49
1259,52
1327,54
1325,53
1386,53
1305,51
1367,55
1260,49
1286,51
1335,52
1315,52
1240,49
1277,52
1286,49
1162,47
1224,48
1324,52
1303,51
1348,52
1435,55
1235,50
1180,49
1182,49
1296,53
1255,50
1330,51
1326,52
1240,52
1239,48
1274,51
1218,49
1307,52
1243,49
1287,52
1273,51
1328,53
1333,51
1336,54
1305,53
1322,53
1340,51
1251,49
1291,49
1235,49
1342,53
1363,54
1280,52
1366,54
1396,55
1328,53
1298,50
1286,51
1342,52
1311,51
1382,54
1175,47
1263,51
1224,48
1348,52
1316,52
1400,54
1154,47
1361,54
1265,49
1301,52
1309,51
1314,51
1299,51
1310,52
1366,54
1210,45
1322,53
1276,52
1313,53
1313,53
1301,51
1356,53
1242,50
1126,47
1407,56
1196,47
1315,51
1139,45
1291,51
1130,47
1372,54
1342,53
1271,51
1326,50
1419,53
1254,52
1254,49
1261,50
1187,48
1144,45
1283,49
1229,51
1234,52
1263,51
1342,53
1302,51
1229,48
1371,51
1257,50
1281,51
1179,50
1323,54
1334,53
1268,51
1246,50
1279,50
1281,50
1343,54
1244,50
1299,52
1335,53
1379,54
1170,48
1342,52
1287,51
1230,49
1330,53
1322,53
1217,50
1230,47
1402,56
1283,51
1308,52
1274,50
1233,50
1326,52
1251,50
1295,52
1327,52
1266,48
1237,49
1311,52
1297,51
1282,49
1294,52
1220,49
1393,56
1333,51
1401,55
1316,50
1232,49
1475,56
1229,49
1295,51
1293,50
1267,50
1151,48
1246,50
1382,54
1402,55
1155,46
1267,50
1225,51
1271,52
1335,52
1348,52
1368,54
1306,51
1250,50
1319,49
1348,54
1303,51
1254,52
1252,51
1328,53
1345,52
1192,48
1290,51
1323,52
1317,54
1177,48
1293,52
1250,51
1343,54
1443,57
1321,50
1320,50
1233,50
1196,49
1246,49
1311,54
1344,52
1279,51
1258,50
1407,56
1211,49
1220,50
1220,51
1287,53
1318,51
1198,50
1208,50
1249,49
1307,50
1296,48
1206,49
1268,51
1243,50
1281,51
1367,54
1328,52
1312,52
1398,52
1340,53
1229,49
1271,49
1297,50
1245,48
1262,50
1103,46
1292,51
1259,50
1185,50
1273,49
1282,50
1296,52
1304,52
1245,50
1235,50
1271,51
1319,52
1369,52
1370,55
1311,51
1245,50
1374,55
1192,49
1259,52
1333,51
1277,52
1307,53
1248,50
1193,49
1294,53
1232,47
1297,52
1381,54
1175,47
1210,49
1239,49
1259,53
1397,54
1322,51
1211,48
1208,48
1270,53
1369,54
1334,54
1267,47
1243,50
1455,55
1324,53
1261,47
1236,51
1318,51
1333,53
1378,53
1266,49
1350,53
1191,47
1280,51
1288,52
1410,54
1234,50
1330,52
1312,52
1455,57
1315,50
1289,52
1353,52
1260,51
1292,50
1312,51
1355,54
1288,50
1264,51
1370,53
1254,48
1296,52
1313,51
1278,51
1315,50
1263,52
1233,51
1356,54
1198,48
1222,48
1213,48
1322,52
1245,50
1323,53
1346,52
1212,50
1221,50
1243,48
1328,51
1180,48
1308,52
1287,52
1291,51
1306,53
1201,49
1160,46
1280,52
1229,49
1280,51
1311,52
1316,52
1210,49
1260,50
1240,50
1148,48
1319,51
1248,50
1290,52
1330,52
1344,53
1291,50
1197,46
1310,52
1303,53
1345,52
1325,53
1316,52
1315,51
1371,54
1260,51
1204,49
1372,53
1269,50
1368,54
1233,51
1280,50
1287,50
1296,51
1424,56
1264,50
1338,55
1140,47
1301,52
1409,56
1231,49
1274,49
1212,48
1282,52
1209,47
1336,53
1312,53
1182,46
1259,51
1230,50
1170,45
1228,50
1288,51
1329,52
1349,51
1331,50
1363,53
1379,55
1366,55
1278,50
1355,54
1326,54
1199,47
1347,54
1291,50
1302,51
1253,50
1351,53
1169,47
1272,51
1270,51
1274,51
1351,51
1276,52
1225,51
1319,54
1309,52
1211,50
1328,50
1340,52
1418,53
1273,49
1358,55
1319,52
1115,47
1198,50
1323,53
1331,53
1177,49
1259,49
1275,52
1327,54
1328,53
1337,52
1250,50
1339,53
1254,52
1338,51
1305,52
1317,53
1295,51
1230,50
1245,51
1338,52
1286,51
1315,51
1186,50
1352,54
1311,52
1220,50
1365,54
1139,46
1251,50
1317,53
1250,48
1266,49
1335,53
1261,52
1253,49
1235,49
1323,50
1274,50
1256,51
1297,50
1289,51
1360,54
1443,55
1289,52
1274,49
1285,50
1254,50
1365,53
1177,49
1248,50
1092,44
1187,49
1318,48
1170,50
1287,51
1374,54
1338,53
1321,53
1274,50
1236,49
1280,51
1202,50
1256,51
1234,51
1278,51
1211,50
1188,47
1301,51
1259,51
1388,55
1344,52
1238,50
1263,50
1266,52
1259,50
1340,53
1234,49
1258,50
1235,51
1150,47
1336,52
1327,52
1317,52
1261,49
1232,50
1264,49
1361,54
1311,52
1186,48
1348,51
1204,49
1340,52
1187,48
1358,53
1389,54
1231,48
1413,55
1331,52
1256,50
1252,50
1281,53
1180,48
1341,51
1420,56
1301,50
1229,49
1392,55
1339,53
1332,54
1227,50
1356,53
1194,48
1266,49
1319,51
1326,53
1228,49
1135,44
1395,55
1208,48
1321,52
1328,54
1226,50
1278,49
1417,55
1238,51
1334,52
1241,50
1240,49
1299,51
1205,49
1287,52
1323,51
1345,52
1348,54
1315,51
1347,54
1283,52
1266,51
1224,49
1294,52
1380,54
1344,52
1295,52
1382,56
1189,48
1224,48
1324,51
1394,55
1196,48
1311,50
1313,53
1107,44
1285,51
1372,53
1295,50
1187,49
1282,50
1233,50
1304,52
1293,52
1259,50
1268,50
1339,54
1377,53
1257,50
1296,51
1339,53
1302,53
1280,52
1283,50
1308,51
1199,50
1439,54
1321,53
1299,53
1258,50
1270,50
1338,53
1299,52
1207,50
1207,47
1330,52
1279,50
1308,51
1301,53
1364,52
1365,53
1421,55
1488,58
1326,55
1175,47
1338,52
1355,51
1273,50
1258,51
1305,51
1204,48
1237,50
1389,54
1250,51
1298,53
1272,51
1271,50
1284,51
1231,48
1295,52
1315,50
1368,54
1297,50
1345,53
1333,52
1292,53
1297,52
1312,50
1308,51
1314,52
1402,54
1258,48
1229,48
1213,48
1319,51
1416,55
1309,50
1367,53
1351,52
1371,54
1158,47
1355,54
1367,53
1283,52
1153,47
1318,52
1228,50
1199,48
1342,54
1352,54
1376,52
1239,51
1235,49
1244,50
1270,52
1335,53
1251,51
1329,52
1329,51
1213,49
1253,51
1357,53
1388,55
1210,48
1290,51
1343,53
1243,49
1269,52
1267,49
1253,49
1376,52
1208,48
1357,55
1280,51
1194,50
1363,55
1295,51
1248,50
1244,51
1368,54
1317,51
1236,50
1300,52
1331,52
1389,55
1237,51
1391,56
1262,49
1253,49
1328,52
1345,53
1264,50
1352,52
1205,47
1237,51
1373,55
1355,52
1354,52
1309,51
1267,50
1275,52
1277,51
1207,49
1424,56
1242,49
1285,51
1231,49
1253,50
1188,48
1297,52
1292,52
1405,55
1247,51
1203,48
1197,49
1284,52
1207,48
1220,47
1341,53
1336,52
1417,54
1244,52
1274,51
1249,50
1349,52
1232,49
1353,53
1307,51
1298,52
1355,55
1307,51
1133,45
1326,52
1374,53
1237,49
1443,57
1241,51
1386,52
1248,52
1286,52
1259,49
1402,55
1382,54
1208,48
1315,52
1364,55
1282,52
1308,52
1341,52
1357,55
1160,47
1358,54
1333,54
1376,55
1273,51
1288,50
1287,50
1211,48
1195,46
1213,49
1200,48
1289,49
1326,53
1327,53
1395,56
1343,54
1256,49
1358,54
1255,50
1294,51
1257,50
1350,53
1272,52
1275,52
1341,52
1196,49
1293,51
1172,48
1316,54
1339,53
1268,47
1205,49
1287,52
1264,50
1400,56
1220,50
1182,47
1233,51
1174,47
1259,51
1265,51
1296,52
1325,51
1289,52
1287,50
1356,53
1210,50
1220,49
1305,52
1253,52
1355,54
1400,55
1315,53
1263,52
1235,50
1333,51
1182,47
1262,51
1242,49
1286,51
1253,50
1288,51
1287,52
1236,50
1273,51
1399,54
1243,51
1299,51
1342,53
1168,48
1123,46
1191,46
1240,49
1359,54
1383,54
1401,52
1370,54
1226,49
1364,51
1294,52
1324,52
1315,51
1328,53
1210,47
1238,51
1295,52
1330,51
1235,51
1237,49
1277,50
1247,52
1361,52
1385,55
1355,54
1286,52
1289,52
1250,50
1184,48
1221,48
1223,49
1433,55
1302,51
1241,47
1341,54
1329,52
1311,52
1330,54
1270,51
1184,48
1281,50
1431,57
1285,53
1308,52
1311,50
1224,48
1338,51
1347,53
1260,48
1245,50
1197,49
1270,49
1206,48
1323,54
1171,48
1393,55
1200,48
1381,53
1258,50
1236,49
1245,48
1318,52
1279,50
1383,54
1265,51
1235,50
1276,50
1281,50
1307,51
1206,51
1187,48
1199,48
1276,52
1372,54
1330,53
1233,49
1306,50
1187,48
1270,52
1158,44
1195,49
1366,54
1196,48
1253,51
1290,53
1171,48
1389,54
1228,49
1174,48
1226,51
1340,53
1256,52
1299,51
1314,52
1345,55
1300,53
1304,52
1335,53
1294,50
1308,51
1302,51
1288,51
1250,49
1350,53
1206,49
1293,51
1305,50
1215,50
1352,53
1282,51
1199,49
1297,52
1327,54
1219,50
1405,55
1319,52
1298,52
1391,55
1288,52
1324,52
1261,52
1296,52
1226,50
1321,53
1280,52
1280,52
1225,48
1326,51
1249,48
1215,49
1293,52
1324,53
1368,55
1286,53
1166,49
1401,55
1211,50
1329,52
1411,53
1418,57
1293,49
1315,51
1322,52
1401,55
1286,51
1320,50
1318,52
1281,50
1288,52
1228,50
1383,54
1180,49
1185,47
1273,51
1362,53
1335,52
1319,52
1227,50
1360,53
1306,52
1262,51
1449,56
1177,46
1413,52
1238,51
1201,47
1382,55
1254,51
1242,49
1349,52
1199,46
1397,55
1404,53
1290,52
1343,51
1259,49
1256,51
1349,52
1409,55
1398,53
1321,52
1274,49
1297,50
1213,49
1353,54
1309,50
1313,52
1339,54
1376,53
1352,53
1214,49
1347,53
1238,50
1295,51
1307,51
1338,54
1313,53
1222,50
1350,52
1254,50
1417,55
1312,50
1368,56
1337,51
1234,49
1181,48
1365,52
1357,53
1382,54
1257,49
1269,50
1224,47
1235,51
1265,51
1347,52
1265,52
1278,51
1309,53
1346,54
1302,53
1224,50
1333,53
1260,51
1316,53
1248,50
1228,50
1257,50
1311,52
1183,46
1278,51
1277,51
1178,49
1283,50
1334,54
1210,49
1294,51
1301,53
1251,50
1393,54
1200,49
1181,48
1291,50
1304,50
1299,52
1406,56
1331,54
1282,51
1359,54
1305,52
1354,53
1346,53
1292,51
1378,55
1301,51
1285,51
1247,51
1422,55
1389,54
1282,52
1280,50
1337,53
1336,53
1198,48
1247,48
1274,51
1333,52
1337,51
1400,55
1290,51
1180,48
1303,52
1304,52
1344,52
1286,49
1245,51
1340,53
1232,47
1211,48
1274,52
1376,54
1301,52
1383,54
1417,55
1355,52
1248,49
1240,51
1274,51
1351,54
1318,52
1367,54
1221,48
1298,54
1286,52
1344,52
1245,49
1360,53
1255,51
1278,52
1231,49
1295,52
1243,50
1290,50
1301,52
1367,55
1289,50
1341,52
1241,50
1380,53
1319,53
1226,50
1258,53
1158,47
1361,54
1407,54
1269,50
1261,48
1239,51
1351,53
1200,50
1243,49
1384,52
1329,54
1355,53
1339,54
1189,50
1292,52
1326,52
1352,53
1280,49
1239,51
1362,54
1344,53
1267,50
1374,54
1352,53
1300,54
1163,47
1329,54
1184,49
1271,52
1263,51
1306,52
1217,48
1332,54
1316,52
1288,52
1368,54
1285,50
1283,51
1262,51
1214,48
1256,49
1260,51
1320,54
1300,51
1347,53
1209,49
1298,50
1203,47
1284,50
1271,50
1304,52
1221,48
1341,53
1402,55
1340,54
1368,53
1253,50
1337,53
1226,50
1266,52
1248,51
1352,54
1293,52
1287,52
1316,53
1299,52
1233,49
1416,54
1381,56
1356,55
1234,50
1179,50
1358,54
1357,53
1355,55
1274,51
1381,55
1303,53
1298,53
1292,50
1319,52
1356,53
1339,53
1391,55
1304,52
1381,55
1334,51
1275,51
1377,55
1301,52
1258,51
1263,50
1280,52
1272,52
1278,52
1051,42
1286,51
1229,47
1168,48
1327,54
1283,50
1204,46
1284,51
1357,55
1239,50
1330,54
1409,55
1301,49
1284,52
1259,50
1307,52
1244,49
1346,53
1313,52
1273,53
1244,49
1329,52
1136,47
1266,50
1251,49
1285,50
1292,52
1321,53
1315,51
1242,51
1244,49
1200,50
1337,52
1346,54
1280,50
1211,49
1306,51
1211,50
1257,50
1365,54
1246,49
1364,55
1261,49
1295,51
1212,50
1305,53
1337,55
1200,48
1289,50
1250,49
1161,47
1335,51
1165,47
1332,52
1350,51
1216,49
1317,53
1250,48
1302,52
1272,51
1347,54
1257,50
1225,51
1281,51
1373,54
1317,50
1401,57
1362,53
1289,52
1320,53
1304,53
1309,52
1319,54
1149,48
1243,49
1351,55
1332,51
1277,52
1306,52
1289,50
1378,55
1248,49
1347,54
1327,53
1244,51
1291,51
1233,49
1376,55
1214,48
1250,51
1320,51
1219,48
1295,51
1235,47
1335,53
1178,49
1246,50
1296,49
1411,56
1259,49
1328,53
1342,52
1330,53
1442,56
1213,49
1349,52
1228,48
1343,54
1212,50
1451,57
1106,46
1262,51
1242,49
1337,54
1377,54
1302,49
1333,53
1340,53
1345,52
1419,54
1335,53
1298,52
1152,49
1234,49
1239,50
1316,53
1351,53
1308,52
1277,51
1324,51
1337,53
1177,47
1281,51
1357,53
1283,50
1294,52
1308,52
1273,50
1288,53
1367,53
1259,50
1363,53
1327,51
1181,49
1250,49
1196,50
1347,51
1331,54
1214,48
1296,52
1246,47
1348,51
1351,54
1167,47
1391,54
1289,52
1316,54
1149,47
1255,50
1311,52
1193,49
1357,54
1349,53
1377,54
1330,50
1260,50
1261,50
1233,47
1342,56
1344,53
1106,47
1245,49
1241,51
1270,48
1332,54
1330,50
1264,52
1319,52
1197,47
1264,51
1333,51
1391,55
1346,50
1281,50
1197,47
1304,53
1300,50
1274,49
1295,51
1320,52
1337,53
1280,50
1202,44
1283,52
1307,53
1172,49
1305,51
1240,50
1283,51
1224,50
1249,49
1132,47
1246,50
1346,51
1246,49
1305,53
1283,52
1353,53
1367,53
1323,53
1126,47
1351,53
1172,48
1233,49
1295,50
1244,52
1407,56
1267,49
1251,48
1289,50
1371,54
1365,53
1282,51
1453,55
1324,53
1390,52
1235,50
1351,53
1278,52
1335,51
1340,53
1391,54
1265,49
1326,52
1350,53
1369,54
1396,54
1372,55
1297,52
1270,47
1305,52
1371,55
1258,50
1319,51
1355,53
1227,49
1299,51
1304,52
1270,51
1357,53
1431,55
1256,51
1290,51
1262,51
1267,49
1287,51
1329,54
1266,51
1375,54
1365,55
1208,48
1375,52
1343,52
1343,53
1333,51
1272,51
1279,48
1279,52
1269,50
1310,51
1303,52
1448,58
1275,49
1210,50
1339,53
1335,51
1330,53
1313,52
1318,52
1255,48
1321,53
1302,52
1205,46
1185,48
1307,50
1291,51
1310,51
1363,55
1382,56
1282,51
1259,48
1219,49
1270,51
1412,55
1377,55
1175,49
1291,54
1340,52
1302,53
1257,51
1418,55
1259,49
1338,53
1263,51
1244,51
1275,49
1349,53
1339,54
1299,53
1269,52
1282,51
1265,49
1164,48
1254,51
1209,47
1319,52
1411,56
1372,54
1270,51
1243,50
1237,50
1355,55
1398,55
1306,53
1179,47
1353,54
1283,51
1359,54
1224,48
1263,51
1342,52
1292,53
1239,50
1260,51
1256,51
1254,48
1372,54
1347,52
1293,50
1330,53
1198,46
1389,54
1317,51
1316,51
1223,50
1301,52
1317,53
1201,48
1285,52
1257,51
1280,50
1219,49
1292,51
1358,54
1222,49
1284,51
1328,54
1223,48
1295,53
1308,52
1314,51
1344,54
1163,47
1238,49
1307,53
1285,52
1389,55
1313,50
1273,51
1364,52
1308,51
1393,54
1382,56
1277,51
1319,52
1286,51
1290,51
1232,49
1323,53
1345,54
1310,51
1249,50
1234,50
1351,53
1337,52
1300,51
1317,52
1343,51
1359,54
1233,48
1300,52
1265,51
1306,52
1353,54
1300,53
1321,53
1292,50
1322,52
1385,56
1416,55
1209,50
1357,54
1257,49
1243,50
1355,53
1255,50
1261,51
1297,51
1175,49
1277,51
1330,53
1243,49
1375,54
1380,54
1317,52
1368,54
1381,54
1310,52
1325,53
1367,54
1199,48
1329,53
1347,50
1249,51
1255,51
1266,51
1231,51
1216,48
1353,51
1309,51
1282,51
1231,48
1358,55
1454,57
1228,50
1262,50
1272,49
1295,51
1204,50
1316,53
1346,53
1321,51
1248,48
1231,49
1310,49
1366,56
1227,48
1261,51
1340,52
1150,47
1312,53
1347,53
1299,51
1356,52
1312,54
1274,51
1274,52
1320,52
1308,52
1291,52
1180,49
1252,49
1277,52
1357,55
1210,48
1339,52
1272,50
1340,54
1259,50
1304,51
1329,53
1207,49
1124,48
1335,53
1281,51
1177,47
1415,54
1246,50
1069,44
1306,51
1222,49
1308,51
1281,51
1177,45
1288,50
1288,51
1248,49
1196,48
1295,53
1278,51
1189,47
1394,54
1360,54
1335,51
1294,52
1297,53
1365,54
1279,51
1276,50
1285,50
1167,48
1251,50
1239,50
1163,48
1263,52
1367,51
1212,48
1307,52
1317,51
1276,52
1252,47
1312,52
1226,50
1287,51
1317,51
1297,52
1344,52
1262,50
1318,52
1297,52
1304,51
1308,52
1318,52
1309,53
1208,50
1375,56
1292,52
1433,54
1372,54
1351,52
1317,52
1255,51
1214,48
1339,52
1249,50
1221,50
1375,54
1366,54
1236,50
1252,49
1282,50
1338,52
1314,51
1249,50
1176,48
1260,50
1338,53
1269,51
1294,49
1325,51
1194,50
1391,54
1263,49
1372,54
1291,52
1226,47
1423,57
1399,55
1267,49
1281,50
1245,49
1348,54
1321,52
1164,47
1288,52
1302,51
1355,54
1304,51
1282,50
1277,51
1229,49
1399,57
1230,50
1322,52
1412,56
1316,54
1239,49
1308,51
1299,51
1163,49
1419,55
1315,53
1114,47
1357,54
1125,46
1369,53
1298,52
1232,50
1263,49
1210,48
1353,54
1359,53
1364,55
1349,52
1214,48
1280,51
1256,52
1370,53
1370,52
1258,52
1276,50
1222,47
1216,50
1320,53
1280,49
1348,54
1261,50
1277,51
1326,52
1313,53
1260,48
1232,50
1368,53
1178,49
1273,51
1308,52
1381,55
1396,54
1319,53
1333,53
1329,52
1349,51
1159,46
1303,52
1351,53
1329,54
1236,50
1299,49
1366,53
1216,48
1282,52
1222,50
1220,48
1196,49
1342,53
1402,54
1215,47
1260,50
1263,51
1318,52
1247,48
1348,55
1234,50
1287,52
1285,51
1293,51
1282,49
1327,51
1291,51
1353,53
1249,50
1306,51
1336,54
1242,50
1373,53
1303,51
1246,47
1259,51
1193,48
1277,52
1204,49
1282,51
1256,48
1226,50
1271,50
1273,51
1351,54
1279,53
1457,55
1281,48
1190,48
1388,55
1235,50
1282,49
1266,51
1325,53
1314,54
1342,52
1312,52
1329,52
1281,52
1227,49
1228,49
1229,50
1313,51
1254,51
1143,48
1255,51
1324,52
1281,51
1293,52
1216,47
1214,50
1190,48
1329,51
1144,47
1375,54
1373,52
1278,51
1257,50
1323,53
1292,51
1132,47
1284,51
1320,51
1235,50
1295,50
1257,51
1301,51
1342,53
1203,46
1282,53
1316,52
1205,50
1367,54
1360,54
1258,50
1346,51
1289,51
1338,52
1220,49
1378,53
1379,55
1258,50
1278,50
1269,50
1274,51
1267,50
1323,51
1237,49
1279,51
1246,51
1388,54
1250,50
1162,46
1274,52
1276,50
1235,50
1329,50
1187,49
1258,48
1372,51
1318,51
1257,49
1315,51
1346,52
1264,50
1118,47
1307,52
1328,52
1332,53
1376,53
1348,52
1236,49
1337,53
1244,49
1326,54
1297,52
1299,52
1245,50
1315,52
1283,51
1326,53
1309,52
1306,51
1340,53
1369,53
1250,52
1282,51
1315,53
1369,54
1419,55
1359,54
1310,51
1388,54
1329,54
1214,47
1337,50
1329,54
1429,57
1282,49
1306,51
1347,53
1282,53
1335,54
1358,52
1350,55
1280,52
1258,52
1322,51
1281,53
1278,52
1182,48
1189,48
1278,49
1237,50
1430,57
1224,48
1226,49
1468,58
1265,50
1292,52
1236,49
1290,52
1201,50
1235,47
1367,55
1368,54
1217,50
1280,52
1435,56
1315,52
1342,53
1261,50
1340,51
1326,51
1361,51
1164,48
1223,49
1375,56
1314,53
1373,54
1208,50
1292,52
1313,51
1248,49
1200,49
1168,47
1285,51
1227,48
1193,49
1336,51
1250,51
1258,51
1238,51
1412,56
1189,45
1377,53
1331,53
1343,54
1317,53
1137,47
1284,51
1318,52
1239,49
1295,53
1384,56
1216,50
1212,49
1318,52
1301,53
1232,48
1349,51
1381,55
1241,49
1248,49
1244,51
1314,52
1285,52
1164,48
1188,46
1307,54
1237,49
1268,51
1335,52
1242,51
1234,48
1219,49
1288,51
1299,50
1427,56
1243,50
1278,51
1233,50
1413,54
1289,52
1342,54
1267,53
1283,48
1331,52
1244,50
1261,50
1305,50
1168,49
1433,55
1261,51
1376,52
1348,52
1295,51
1260,50
1242,51
1333,55
1290,51
1250,50
1242,51
1347,52
1364,53
1184,48
1374,55
1319,52
1412,56
1336,52
1361,54
1238,50
1267,49
1204,47
1239,50
1235,51
1330,52
1328,53
1297,50
1221,49
1392,56
1384,54
1279,51
1186,49
1231,50
1222,50
1278,51
1160,47
1182,46
1287,52
1265,52
1250,50
1319,50
1262,50
1275,48
1173,49
1276,51
1272,50
1333,54
1311,51
1296,49
1232,48
1362,53
1297,52
1314,52
1409,56
1225,50
1305,53
1265,52
1285,51
1313,52
1217,49
1425,54
1266,50
1294,51
1249,50
1366,52
1224,51
1257,49
1338,53
1378,54
1332,50
1307,53
1213,49
1260,51
1208,51
1236,51
1257,50
1293,51
1276,52
1297,52
1356,53
1220,48
1300,50
1245,51
1277,49
1232,49
1286,52
1285,50
1333,54
1201,48
1168,48
1322,52
1291,51
1337,53
1386,55
1381,52
1292,49
1329,53
1330,53
1305,53
1174,46
1260,49
1253,49
1377,53
1324,51
1266,49
1354,55
1245,52
1259,49
1313,53
1297,52
1306,53
1195,49
1274,49
1291,49
1245,51
1353,51
1352,53
1286,51
1242,49
1298,52
1376,54
1290,51
1257,49
1348,52
1205,47
1214,49
1204,48
1285,50
1369,53
1235,51
1366,53
1269,51
1239,48
1315,52
1278,52
1238,50
1329,52
1260,51
1271,50
1326,53
1372,54
1217,49
1276,52
1272,49
1258,49
1376,54
1425,55
1281,53
1349,52
1361,55
1311,53
1214,51
1185,49
1310,52
1185,47
1314,50
1329,54
1296,50
1181,47
1245,51
1296,52
1226,47
1130,46
1310,51
1271,50
1300,51
1260,50
1292,52
1396,54
1233,47
1288,50
1470,58
1209,48
1283,51
1376,53
1350,54
1294,51
1213,47
1271,51
1339,54
1222,50
1390,54
1083,46
1226,49
1277,51
1294,51
1237,52
1245,49
1343,51
1293,49
1174,49
1422,54
1276,52
1371,54
1287,53
1310,51
1301,52
1329,53
1197,49
1308,51
1290,53
1354,52
1391,54
1265,52
1352,54
1240,48
1318,51
1134,46
1187,48
1277,51
1302,52
1312,52
1361,54
1269,50
1317,52
1229,49
1402,56
1225,51
1255,49
1404,56
1347,52
1368,53
1188,48
1276,51
1314,49
1201,49
1345,53
1297,51
1281,52
1271,48
1275,52
1276,50
1322,52
1181,48
1273,50
1380,54
1242,48
1381,53
1241,49
1246,50
1269,52
1279,50
1383,55
1304,53
1218,49
1260,50
1237,49
1300,53
1228,50
1356,53
1387,55
1283,51
1403,55
1168,46
1348,55
1266,52
1248,50
1343,52
1184,49
1285,52
1241,52
1287,50
1181,45
1279,48
1279,51
1206,49
1308,53
1290,53
1301,53
1415,56
1221,48
1400,54
1268,51
1257,50
1291,51
1270,51
1359,52
1333,53
1369,55
1219,47
1347,53
1282,52
1240,48
1282,52
1257,49
1206,47
1336,52
1266,49
1339,51
1277,49
1367,55
1317,53
1225,50
1352,53
1415,56
1250,52
1283,50
1217,48
1330,51
1325,53
1313,51
1325,53
1143,47
1224,47
1303,52
1374,55
1441,57
1330,53
1243,50
1321,52
1303,50
1307,51
1342,51
1320,51
1331,52
1207,50
1328,52
1392,53
1290,51
1250,50
1285,52
1272,50
1349,54
1271,51
1312,51
1336,51
1283,50
1372,55
1262,50
1307,52
1286,50
1310,52
1325,51
1382,53
1241,47
1276,51
1293,51
1265,50
1307,52
1314,52
1373,54
1225,49
1301,52
1089,45
1320,53
1285,52
1318,52
1289,52
1309,51
1269,52
1331,52
1377,55
1249,50
1195,50
1317,51
1296,51
1357,51
1222,49
1280,52
1265,50
1314,52
1254,51
1349,51
1294,51
1212,49
1386,53
1313,52
1368,56
1343,52
1263,51
1260,51
1241,50
1266,51
1322,52
1406,55
1302,52
1240,50
1209,49
1196,47
1185,47
1370,54
1358,55
1308,51
1283,51
1309,53
1406,54
1278,50
1330,52
1266,50
1277,50
1245,51
1140,47
1394,56
1275,50
1250,52
1238,51
1291,52
1354,53
1264,51
1266,52
1413,55
1228,49
1280,52
1321,51
1255,52
1365,53
1225,51
1275,50
1301,52
1396,55
1128,47
1343,53
1335,51
1328,53
1198,48
1330,52
1349,53
1243,49
1306,49
1279,51
1278,52
1358,54
1276,50
1442,56
1216,49
1306,51
1173,48
1344,55
1337,51
1332,52
1286,51
1382,53
1254,50
1332,53
1358,54
1326,52
1255,51
1269,49
1263,49
1387,56
1283,50
1392,54
1324,53
1269,50
1354,54
1347,52
1244,50
1366,53
1232,51
1267,51
1374,52
1425,57
1224,49
1341,54
1320,54
1344,51
1345,50
1322,51
1180,46
1188,48
1165,46
1257,51
1310,52
1311,51
1290,52
1272,52
1291,51
1302,53
1421,54
1232,50
1315,52
1316,51
1296,52
1221,52
1409,55
1210,48
1426,57
1238,49
1249,49
1292,52
1208,51
1305,52
1347,52
1236,49
1362,54
1140,46
1278,50
1227,50
1205,50
1329,53
1425,57
1268,50
1230,50
1402,55
1418,57
1333,53
1234,50
1334,53
1202,48
1256,50
1235,49
1275,50
1426,54
1366,53
1186,49
1145,45
1379,54
1306,52
1234,48
1358,53
1346,52
1261,50
1334,55
1353,53
1402,55
1248,51
1251,50
1220,48
1309,52
1234,49
1259,52
1273,52
1380,54
1231,51
1261,50
1216,46
1168,49
1299,52
1346,51
1292,51
1288,51
1343,51
1301,54
1248,47
1247,51
1268,48
1312,53
1269,50
1199,47
1338,51
1234,48
1297,53
1410,55
1327,53
1293,51
1340,53
1333,53
1372,53
1217,49
1356,55
1301,52
1074,43
1215,50
1336,54
1187,50
1283,51
1266,51
1275,52
1258,51
1357,54
1177,48
1317,49
1205,50
1257,51
1347,52
1315,52
1358,53
1314,51
1202,48
1344,52
1359,53
1372,54
1426,55
1242,50
1291,52
1324,51
1385,55
1402,55
1333,54
1250,50
1245,50
1322,52
1354,51
1262,51
1308,51
1317,51
1225,49
1239,49
1281,50
1250,51
1280,51
1201,49
1336,52
1355,53
1306,52
1299,51
1299,51
1317,53
1110,46
1205,48
1363,55
1281,50
1360,53
1306,51
1209,47
1260,51
1310,52
1235,49
1172,48
1312,52
1252,52
1299,51
1293,51
1256,48
1279,51
1351,53
1258,52
1355,52
1330,52
1336,53
1304,51
1313,52
1350,52
1272,51
1288,51
1284,50
1336,52
1139,46
1382,53
1331,52
1195,49
1210,48
1243,50
1197,48
1295,52
1329,53
1224,49
1221,51
1283,52
1322,53
1360,52
1339,53
1331,53
1320,51
1124,46
1253,51
1301,51
1219,49
1238,49
1336,53
1267,50
1294,51
1307,52
1325,52
1433,56
1212,48
1240,51
1428,57
1250,49
1309,51
1286,49
1279,52
1090,46
1354,51
1338,53
1271,52
1299,52
1318,52
1408,54
1278,48
1284,50
1279,52
1250,51
1346,53
1261,50
1239,49
1244,51
1274,50
1316,52
1330,53
1295,52
1296,52
1359,54
1316,53
1271,50
1224,49
1253,50
1317,53
1312,53
1330,52
1379,55
1254,52
1356,52
1328,50
1392,55
1375,52
1319,50
1354,56
1290,50
1350,53
1214,48
1236,50
1336,52
1276,51
1324,51
1213,47
1299,50
1301,51
1322,54
1170,45
1234,49
1268,51
1232,50
1298,52
1314,51
1358,53
1417,57
1348,53
1350,52
1319,53
1318,51
1213,49
1292,53
1343,51
1319,52
1188,49
1220,51
1371,55
1282,51
1248,50
1156,49
1362,54
1271,50
1236,50
1350,52
1339,53
1376,54
1304,51
1232,49
1271,50
1255,50
1291,52
1318,53
1343,54
1104,45
1313,53
1312,51
1212,50
1348,53
1254,49
1254,51
1324,52
1162,48
1384,55
1293,50
1296,52
1291,52
1346,53
1287,51
1152,46
1271,50
1287,51
1311,51
1307,51
1358,55
1344,54
1293,52
1352,53
1436,56
1234,50
1289,52
1284,51
1279,49
1348,52
1248,50
1379,54
1296,52
1294,51
1240,49
1371,53
1277,48
1263,51
1296,52
1307,52
1337,53
1243,48
1328,52
1315,52
1353,54
1317,50
1340,54
1311,53
1256,48
1306,51
1342,53
1301,53
1289,52
1206,48
1243,50
1356,51
1331,51
1289,50
1423,55
1138,45
1287,51
1390,55
1313,52
1323,52
1272,51
1324,51
1376,54
1320,53
1308,53
1291,51
1428,58
1203,49
1364,53
1430,56
1220,48
1215,50
1304,53
1260,52
1347,53
1279,50
1238,51
1324,50
1298,51
1379,52
1204,48
1291,51
1177,48
1392,54
1253,49
1288,52
1230,48
1273,51
1176,49
1214,48
1209,50
1327,51
1267,51
1307,50
1240,51
1323,53
1340,55
1330,52
1246,48
1285,49
1353,52
1365,53
1295,49
1261,50
1308,54
1263,52
1148,47
1358,52
1284,50
1373,54
1229,49
1275,52
1407,55
1206,47
1327,53
1307,50
1238,49
1283,51
1331,50
1326,53
1316,50
1320,53
1214,47
1335,52
1382,55
1312,50
1315,51
1283,50
1315,50
1259,49
1209,50
1392,55
1291,52
1304,51
1260,50
1275,51
1321,53
1288,51
1371,54
1362,54
1250,51
1269,48
1292,51
1348,52
1423,55
1284,51
1411,57
1381,54
1251,49
1278,50
1307,51
1305,52
1177,46
1325,52
1283,51
1302,52
1334,54
1301,52
1316,53
1281,51
1354,53
1228,47
1248,50
1375,55
1225,49
1360,53
1186,48
1269,50
1253,49
1221,50
1337,54
1317,50
1334,53
1299,53
1277,49
1290,51
1358,56
1422,55
1197,49
1333,52
1298,51
1265,50
1275,50
1281,50
1333,52
1388,54
1263,49
1250,48
1369,54
1333,50
1340,52
1303,52
1202,50
1329,53
1327,52
1305,51
1330,53
1153,46
1192,49
1249,49
1342,54
1352,54
1229,48
1318,51
1232,47
1296,51
1279,52
1290,51
1297,52
1356,54
1296,51
1259,51
1266,53
1338,54
1156,43
1343,54
1446,56
1376,55
1338,52
1217,49
1248,48
1291,51
1371,55
1326,53
1248,49
1253,52
1319,53
1259,50
1250,50
1151,49
1379,53
1296,52
1244,50
1431,55
1292,53
1338,53
1259,49
1244,50
1280,50
1343,52
1281,50
1320,53
1317,53
1352,53
1330,51
1252,50
1380,52
1262,52
1302,52
1231,47
1325,50
1268,52
1195,50
1294,48
1322,52
1315,50
1244,49
1387,53
1338,51
1206,50
1208,49
1224,50
1278,49
1212,50
1193,48
1362,54
1222,50
1231,50
1260,51
1247,50
1375,53
1363,53
1244,50
1393,54
1330,51
1336,54
1259,50
1259,50
1358,53
1241,51
1347,53
1284,52
1280,52
1328,54
1317,52
1278,50
1348,52
1296,51
1247,48
1310,52
1132,48
1296,50
1349,52
1290,50
1283,51
1379,54
1327,52
1320,51
1342,54
1293,51
1354,54
1378,52
1263,50
1175,48
1305,52
1281,50
1271,51
1268,51
1252,48
1202,49
1352,53
1238,49
1336,53
1318,51
1288,52
1283,50
1342,53
1217,50
1282,52
1249,51
1290,51
1273,50
1193,47
1280,50
1261,49
1229,48
1341,54
1324,52
1212,50
1332,49
1339,53
1214,50
1312,52
1192,50
1335,53
1319,52
1325,53
1315,52
1271,49
1209,48
1227,49
1381,54
1300,51
1391,53
1290,51
1368,52
1369,52
1322,51
1216,48
1217,48
1198,49
1192,48
1308,51
1263,53
1344,53
1249,50
1332,54
1396,54
1431,57
1317,53
1346,53
1253,51
1386,55
1307,52
1433,54
1199,49
1329,50
1373,54
1185,49
1339,52
1235,49
1409,54
1272,50
1237,50
1153,47
1422,54
1253,48
1329,53
1272,50
1342,53
1313,51
1342,53
1270,49
1263,52
1282,51
1292,53
1330,52
1217,47
1180,48
1350,52
1341,54
1306,52
1323,51
1248,49
1120,47
1314,53
1345,53
1322,53
1163,48
1189,48
1309,53
1314,52
1311,52
1326,54
1292,51
1305,52
1228,49
1412,54
1323,54
1402,54
1305,52
1178,47
1266,50
1309,50
1367,53
1254,50
1292,51
1284,51
1383,53
1267,51
1224,47
1248,49
1216,48
1347,54
1312,53
1226,49
1229,50
1294,51
1250,51
1325,52
1232,51
1322,51
1220,49
1265,49
1341,53
1369,53
1189,49
1343,55
1323,54
1332,51
1253,50
1225,49
1354,52
1191,46
1341,51
1313,48
1349,54
1325,51
1335,53
1303,51
1285,52
1275,50
1287,50
1216,48
1349,52
1352,52
1284,50
1225,51
1360,53
1261,51
1218,50
1294,51
1078,45
1289,50
1280,51
1319,52
1408,56
1279,53
1298,50
1271,52
1271,50
1424,56
1285,52
1264,51
1271,52
1224,49
1295,53
1221,50
1206,49
1333,53
1291,51
1278,53
1276,51
1310,52
1334,51
1281,52
1359,53
1291,53
1264,52
1338,53
1177,49
1312,52
1264,50
1310,51
1292,51
1314,51
1305,52
1169,48
1405,56
1445,56
1317,52
1377,54
1220,50
1353,55
1279,53
1236,51
1300,53
1356,52
1330,51
1372,53
1313,52
1307,51
1419,56
1232,50
1174,47
1322,55
1330,51
1375,55
1337,52
1412,54
1390,55
1373,53
1410,54
1331,53
1261,51
1380,53
1268,51
1279,51
1201,49
1311,53
1256,51
1225,48
1362,54
1226,49
1329,53
1330,52
1368,52
1205,47
1271,52
1348,53
1260,50
1146,47
1257,49
1374,56
1244,51
1400,56
1190,48
1140,48
1335,53
1209,49
1297,53
1193,45
1292,51
1320,52
1248,51
1199,50
1374,53
1397,54
1206,50
1363,54
1290,52
1295,51
1250,48
1301,52
1269,50
1382,55
1270,51
1326,53
1243,51
1180,48
1322,51
1354,51
1209,49
1315,51
1239,53
1303,50
1305,52
1204,48
1238,50
1262,50
1271,51
1240,52
1247,50
1335,54
1307,51
1176,47
1353,53
1310,52
1240,50
1281,52
1350,54
1301,52
1264,50
1279,51
1283,52
1249,51
1341,52
1352,55
1205,47
1270,51
1216,48
1290,51
1337,51
1241,49
1298,52
1278,51
1365,52
1276,51
1334,54
1337,52
1277,50
1327,53
1250,49
1358,51
1254,50
1201,47
1403,56
1273,52
1301,52
1241,49
1236,50
1228,50
1380,54
1372,53
1177,46
1346,54
1343,53
1263,51
1355,52
1299,53
1351,53
1249,50
1277,50
1259,51
1415,56
1268,49
1297,52
1329,51
1317,53
1259,50
1315,52
1378,55
1253,51
1229,48
1324,52
1280,50
1344,55
1242,53
1415,57
1268,52
1297,52
1217,48
1110,46
1263,52
1306,52
1394,55
1250,50
1328,52
1261,51
1242,52
1238,48
1344,52
1215,48
1219,48
1196,49
1340,54
1249,49
1306,50
1314,51
1321,52
1189,48
1347,52
1356,53
1394,52
1224,50
1346,52
1081,44
1254,50
1358,53
1334,52
1275,50
1260,51
1313,52
1385,55
1213,48
1373,52
1259,50
1328,53
1248,51
1226,49
1183,48
1303,51
1463,56
1275,51
1269,49
1299,52
1290,50
1342,55
1292,50
1298,51
1294,52
1384,55
1266,51
1251,50
1255,49
1422,56
1329,53
1228,49
1365,53
1236,50
1235,51
1320,51
1271,52
1249,51
1322,53
1197,48
1329,52
1337,52
1316,52
1359,53
1276,53
1324,54
1414,54
1302,52
1307,52
1358,53
1375,55
1304,52
1311,52
1254,49
1273,52
1252,51
1402,55
1281,51
1334,54
1236,49
1331,51
1368,53
1177,50
1325,53
1388,54
1294,52
1329,53
1233,51
1337,52
1221,50
1372,54
1313,54
1331,53
1248,49
1328,53
1326,52
1325,53
1248,48
1203,49
1308,52
1252,49
1403,55
1056,44
1365,52
1417,55
1241,51
1201,49
1227,49
1277,50
1279,51
1360,54
1471,58
1222,51
1303,52
1342,54
1328,51
1282,52
1299,52
1356,55
1291,50
1392,55
1322,51
1399,54
1315,53
1240,49
1332,53
1343,51
1214,48
1233,47
1205,49
1347,54
1292,53
1251,52
1388,53
1203,50
1251,50
1289,53
1331,53
1251,51
1252,50
1317,51
1361,53
1333,51
1237,48
1410,56
1379,52
1304,52
1274,50
1229,49
1357,52
1330,51
1333,51
1402,55
1361,53
1313,51
1296,51
1285,51
1209,47
1323,52
1279,51
1248,50
1274,51
1269,51
1290,53
1261,51
1258,52
1225,49
1291,52
1406,54
1299,52
1333,53
1257,51
1165,48
1360,54
1411,56
1284,53
1345,51
1244,50
1370,53
1354,55
1288,51
1199,47
1278,52
1304,51
1191,49
1333,52
1409,55
1203,48
1232,49
1287,51
1285,52
1285,52
1309,53
1340,51
1270,52
1322,52
1288,52
1152,48
1320,53
1282,50
1162,47
1326,52
1286,52
1386,55
1362,53
1282,52
1286,52
1274,50
1354,54
1355,52
1153,47
1228,48
1361,54
1258,50
1305,53
1317,52
1333,50
1255,47
1276,51
1254,51
1276,51
1159,47
1120,44
1374,54
1237,49
1326,53
1389,52
1231,46
1320,51
1221,46
1197,45
1231,49
1359,53
1231,50
1257,50
1234,51
1319,52
1245,50
1269,52
1407,56
1352,53
1324,53
1386,55
1242,48
1351,54
1380,53
1240,48
1328,52
1305,51
1356,53
1211,48
1306,51
1318,54
1375,55
1265,50
1217,48
1252,51
1326,53
1363,53
1434,57
1470,58
1226,46
1353,53
1243,50
1317,52
1356,54
1295,52
1373,53
1330,51
1273,48
1370,53
1274,50
1266,50
1327,54
1273,49
1193,47
1280,50
1299,53
1380,55
1125,47
1307,52
1352,52
1323,50
1338,52
1351,52
1401,55
1245,50
1336,53
1320,52
1305,50
1224,50
1232,51
1189,47
1250,49
1258,51
1250,50
1231,47
1243,50
1379,54
1320,51
1224,50
1233,49
1319,52
1239,50
1226,49
1199,49
1202,51
1234,50
1179,50
1331,53
1291,50
1329,50
1275,50
1323,52
1292,50
1190,49
1380,54
1269,52
1259,50
1203,49
1212,49
1372,53
1341,53
1280,51
1185,48
1290,51
1244,50
1339,53
1370,53
1229,50
1282,48
1276,50
1259,50
1265,50
1331,51
1260,50
1260,46
1340,54
1380,54
1219,49
1215,51
1336,53
1383,54
1384,54
1267,51
1347,53
1379,52
1293,50
1222,48
1260,51
1336,54
1292,50
1287,53
1304,53
1265,53
1308,50
1168,49
1316,51
1239,48
1324,52
1331,51
1426,55
1219,49
1286,51
1234,51
1387,54
1311,52
1285,50
1295,52
1430,55
1266,49
1350,54
1345,54
1350,52
1324,52
1143,45
1238,47
1230,49
1264,51
1265,50
1313,53
1217,47
1255,50
1297,50
1234,50
1313,51
1252,50
1318,49
1221,48
1222,51
1302,51
1290,49
1340,52
1174,50
1220,50
1263,52
1217,49
1280,50
1232,50
1237,49
1414,55
1405,56
1301,53
1332,51
1322,53
1180,49
1354,53
1334,51
1288,51
1357,54
1376,53
1366,54
1240,51
1312,51
1355,52
1224,49
1376,53
1226,48
1378,55
1341,54
1408,56
1283,52
1242,51
1318,52
1232,49
1344,51
1295,51
1256,49
1218,49
1411,53
1352,53
1287,50
1383,55
1292,51
1313,51
1286,52
1279,50
1125,49
1230,49
1411,56
1217,49
1266,49
1209,48
1333,53
1233,49
1273,50
1221,49
1280,49
1333,53
1314,52
1217,49
1279,52
1287,51
1262,52
1317,53
1279,51
1331,54
1318,52
1348,53
1331,51
1297,52
1302,48
1282,53
1355,54
1316,51
1295,52
1276,52
1387,56
1241,51
1387,54
1408,54
1228,50
1213,50
1271,49
1363,55
1320,54
1330,54
1279,49
1323,53
1201,48
1341,51
1229,49
1253,50
1289,50
1215,49
1228,50
1305,52
1260,50
1222,48
1320,52
1281,51
1346,51
1207,49
1284,53
1271,51
1289,50
1178,46
1209,48
1227,50
1379,54
1275,50
1360,53
1273,53
1310,51
1319,52
1250,49
1195,48
1227,51
1361,54
1275,50
1330,54
1351,53
1349,54
1251,50
1245,50
1281,51
1285,50
1274,51
1238,50
1201,49
1321,53
1226,51
1333,52
1249,49
1278,51
1322,52
1345,54
1366,53
1313,52
1315,53
1379,53
1288,52
1342,54
1135,44
1263,51
1255,52
1296,51
1213,49
1344,52
1346,53
1354,54
1206,49
1311,51
1102,45
1302,51
1276,50
1220,50
1246,49
1274,51
1289,52
1346,50
1215,50
1383,55
1250,50
1286,51
1238,49
1273,52
1217,49
1213,49
1289,53
1431,55
1250,49
1206,48
1154,46
1290,51
1299,53
1196,46
1195,48
1416,54
1234,49
1148,47
1222,49
1276,51
1235,49
1169,47
1304,51
1243,49
1353,51
1372,55
1255,51
1301,54
1217,49
1229,50
1369,52
1192,45
1273,50
1415,56
1386,55
1280,52
1080,45
1220,49
1185,49
1281,50
1341,53
1321,52
1317,52
1302,49
1380,54
1282,50
1422,57
1249,48
1301,49
1254,50
1232,50
1400,56
1281,49
1355,52
1263,51
1309,53
1345,53
1245,48
1217,49
1364,53
1347,53
1251,50
1239,49
1182,48
1314,51
1229,51
1163,48
1428,55
1311,52
1222,48
1351,54
1347,53
1233,48
1359,54
1281,50
1325,52
1220,48
1158,47
1204,50
1334,53
1381,53
1340,54
1229,50
1268,48
1270,51
1319,52
1346,53
1292,51
1222,51
1182,47
1254,51
1251,50
1266,49
1355,54
1242,48
1293,51
1236,49
1218,49
1275,50
1325,54
1317,52
1334,52
1252,50
1227,48
1331,51
1284,52
1322,52
1256,51
1332,54
1332,52
1220,51
1320,51
1324,50
1337,53
1373,55
1208,48
1433,56
1315,52
1257,51
1301,51
1358,53
1335,52
1258,51
1346,53
1300,53
1245,50
1233,50
1311,50
1254,47
1275,52
1353,55
1196,49
1266,52
1284,50
1367,53
1290,53
1232,48
1263,50
1345,52
1260,49
1307,52
1316,51
1266,48
1317,53
1171,49
1377,54
1208,47
1255,50
1431,56
1306,54
1263,51
1258,52
1211,48
1292,53
1329,52
1259,48
1304,50
1270,49
1323,54
1232,47
1321,54
1234,49
1308,52
1420,55
1270,50
1276,51
1277,53
1260,51
1257,51
1406,56
1302,51
1390,56
1229,51
1271,52
1325,53
1289,51
1200,49
1267,51
1202,47
1475,57
1268,50
1266,50
1300,50
1167,47
1375,54
1371,54
1338,52
1295,50
1226,49
1197,47
1318,51
1278,50
1421,56
1214,50
1302,52
1268,50
1240,49
1405,56
1332,53
1242,50
1275,53
1209,48
1222,49
1352,53
1379,54
1399,56
1194,48
1229,49
1266,50
1229,51
1245,51
1300,50
1265,51
1386,55
1280,52
1249,50
1347,53
1268,52
1310,53
1375,55
1304,50
1221,50
1268,50
1280,49
1253,51
1282,52
1180,49
1370,56
1224,50
1291,54
1443,56
1164,46
1270,52
1293,52
1310,51
1313,50
1289,52
1204,49
1341,52
1407,55
1294,49
1331,53
1344,55
1317,50
1231,48
1268,50
1268,51
1303,50
1345,52
1314,52
1245,48
1246,52
1305,51
1245,48
1302,51
1363,53
1255,49
1424,56
1329,53
1230,48
1245,50
1361,53
1320,52
1257,50
1302,53
1373,56
1227,51
1283,51
1305,53
1328,52
1336,53
1314,52
1189,49
1275,53
1209,49
1361,53
1403,53
1283,51
1334,52
1406,54
1305,51
1256,50
1291,51
1209,50
1212,51
1198,49
1272,51
1280,50
1392,55
1269,52
1302,50
1359,53
1308,53
1308,52
1324,52
1316,51
1394,55
1283,50
1273,50
1280,49
1343,53
1256,51
1356,52
1345,54
1299,53
1281,51
1258,49
1330,53
1424,55
1201,49
1293,52
1300,51
1374,55
1338,53
1250,49
1364,52
1288,52
1347,53
1333,52
1309,53
1258,50
1271,50
1293,50
1263,49
1307,52
1266,51
1288,51
1285,50
1335,54
1375,54
1242,49
1264,50
1332,52
1303,53
1251,50
1338,54
1385,55
1276,51
1261,50
1281,49
1207,46
1301,51
1214,47
1252,50
1350,54
1315,52
1239,49
1241,51
1298,52
1418,55
1313,53
1228,51
1395,55
1147,48
1433,56
1276,51
1224,51
1204,49
1351,53
1311,50
1318,52
1221,49
1261,50
1217,47
1404,54
1310,50
1186,48
1296,50
1310,54
1436,56
1271,49
1297,52
1366,53
1397,55
1363,55
1277,51
1328,52
1214,49
1273,48
1268,52
1329,54
1269,53
1306,52
1293,51
1317,50
1336,53
1334,52
1330,52
1256,49
1235,49
1263,52
1292,52
1354,53
1272,54
1232,49
1222,50
1335,53
1299,50
1238,49
1285,52
1301,51
1231,50
1261,49
1227,50
1180,48
1410,53
1304,52
1185,47
1291,49
1150,47
1358,53
1322,51
1315,52
1347,53
1260,50
1317,52
1454,57
1319,52
1356,54
1351,53
1270,49
1262,51
1206,50
1208,48
1251,50
1321,53
1373,53
1300,54
1213,48
1339,51
1217,47
1295,53
1290,52
1359,52
1258,50
1166,49
1227,48
1296,53
1311,53
1344,54
1302,53
1235,49
1275,51
1275,51
1264,51
1403,54
1272,49
1151,48
1233,48
1379,53
1410,56
1172,47
1276,48
1240,49
1295,52
1315,53
1352,53
1279,48
1298,53
1144,46
1221,50
1366,56
1341,55
1298,51
1396,53
1351,53
1247,50
1272,51
1251,49
1328,52
1319,53
1389,54
1225,48
1353,53
1154,49
1337,52
1272,50
1227,50
1264,51
1300,52
1233,50
1205,48
1286,49
1296,50
1270,50
1290,51
1154,49
1305,51
1296,51
1352,53
1285,51
1326,52
1306,50
1281,52
1260,48
1324,53
1264,51
1147,47
1262,50
1298,52
1335,53
1289,49
1115,45
1279,50
1207,49
1313,52
1332,52
1232,47
1291,52
1308,54
1362,53
1271,52
1323,51
1230,50
1238,50
1329,53
1328,53
1291,49
1272,50
1358,55
1290,52
1334,54
1288,50
1251,51
1190,48
1271,51
1315,52
1284,53
1271,50
1308,49
1272,51
1314,50
1190,49
1302,53
1314,52
1292,50
1223,49
1183,47
1306,51
1283,51
1249,51
1278,53
1366,53
1171,49
1299,53
1277,51
1222,48
1119,45
1204,50
1295,52
1230,49
1317,52
1209,48
1363,54
1310,52
1273,52
1304,53
1358,55
1388,55
1395,54
1293,53
1408,56
1264,52
1383,54
1299,52
1235,49
1336,49
1230,49
1352,53
1303,51
1279,51
1383,53
1191,48
1062,46
1211,49
1338,53
1308,49
1252,49
1271,51
1218,49
1341,53
1205,49
1318,50
1316,52
1408,56
1137,45
1369,52
1334,50
1215,50
1200,48
1305,53
1202,49
1371,54
1277,52
1311,50
1281,53
1283,50
1365,54
1411,54
1186,46
1409,54
1393,55
1363,52
1201,48
1262,50
1323,55
1236,50
1276,51
1301,50
1281,52
1251,48
1341,54
1248,49
1274,50
1259,49
1378,54
1198,49
1286,50
1268,50
1187,47
1340,54
1293,52
1309,52
1240,49
1339,53
1188,50
1213,49
1349,53
1256,50
1400,52
1222,48
1311,51
1359,53
1272,52
1224,50
1329,52
1308,54
1390,52
1334,55
1329,51
1301,51
1369,55
1302,52
1199,49
1294,52
1340,54
1244,51
1184,46
1294,52
1377,55
1298,51
1325,53
1286,52
1332,53
1305,52
1299,51
1256,50
1204,49
1249,51
1301,51
1347,52
1146,47
1326,52
1265,48
1198,48
1284,51
1266,50
1198,48
1325,53
1354,52
1369,55
1266,52
1233,50
1315,52
1286,52
1167,48
1264,52
1379,53
1336,51
1309,52
1360,53
1410,55
1357,54
1261,50
1204,48
1192,49
1315,53
1264,50
1240,50
1261,50
1271,52
1223,48
1305,52
1197,51
1245,49
1283,49
1125,46
1216,48
1276,51
1304,52
1296,53
1314,51
1256,49
1330,52
1250,51
1240,50
1227,50
1252,49
1354,52
1339,54
1340,52
1219,50
1250,49
1347,53
1242,50
1270,52
1310,51
1298,51
1191,48
1293,54
1212,50
1275,50
1336,53
1265,50
1256,48
1335,50
1431,56
1272,48
1355,52
1319,53
1270,51
1487,58
1283,52
1325,49
1155,48
1244,51
1220,48
1339,53
1137,46
1333,52
1277,52
1299,52
1255,52
1332,54
1246,51
1363,55
1300,52
1251,50
1201,49
1350,54
1187,48
1329,54
1253,50
1318,52
1349,54
1322,49
1376,55
1389,54
1260,49
1348,51
1317,53
1335,53
1311,52
1183,47
1245,51
1316,51
1372,54
1313,54
1140,46
1267,48
1345,53
1233,50
1276,51
1267,51
1255,50
1301,50
1251,51
1219,48
1293,51
1384,55
1328,51
1369,54
1339,53
1215,50
1213,48
1255,51
1112,45
1323,52
1168,47
1191,48
1331,51
1274,51
1194,49
1295,51
1277,50
1301,52
1363,52
1195,48
1342,52
1365,51
1268,48
1299,53
1456,57
1324,51
1220,49
1187,49
1317,51
1279,51
1397,55
1273,50
1269,50
1209,49
1325,51
1261,50
1446,56
1290,50
1278,53
1278,51
1273,50
1212,48
1244,51
1304,52
1080,44
1364,53
1260,50
1427,56
1213,50
1323,52
1320,52
1235,48
1303,51
1182,48
1296,51
1382,54
1256,52
1316,52
1222,47
1289,52
1170,47
1298,53
1245,52
1320,52
1342,52
1261,51
1161,46
1308,51
1322,51
1388,56
1134,45
1297,52
1309,52
1256,51
1305,51
1251,51
1302,50
1283,52
1295,52
1279,51
1219,48
1363,52
1347,51
1257,51
1163,46
1291,52
1332,53
1303,53
1250,47
1258,49
1264,50
1388,54
1233,49
1245,48
1166,45
1260,50
1308,52
1336,53
1029,41
1283,53
1226,49
1335,53
1436,57
1229,50
1351,52
1331,51
1357,53
1329,51
1295,51
1274,50
1267,51
1296,51
1269,50
1285,52
1249,51
1315,53
1271,49
1289,51
1311,52
1222,50
1376,53
1254,51
1427,56
1271,53
1240,47
1253,50
1361,53
1298,52
1241,49
1188,47
1405,54
1216,49
1263,51
1320,54
1415,55
1289,52
1358,53
1233,50
1225,50
1299,51
1307,52
1230,51
1220,51
1347,53
1350,53
1281,51
1273,50
1314,51
1271,49
1342,55
1269,51
1198,49
1216,47
1368,54
1326,49
1345,52
1310,53
1258,51
1300,51
1242,50
1303,53
1227,51
1349,53
1373,53
1258,49
1358,55
1347,54
1210,48
1329,51
1319,55
1300,50
1245,51
1244,50
1395,53
1131,49
1338,52
1374,54
1187,46
1202,48
1277,51
1273,50
1259,50
1271,52
1223,50
1240,50
1279,50
1202,48
1281,51
1353,53
1344,53
1262,50
1217,49
1340,50
1331,52
1326,53
1257,51
1287,52
1332,52
1254,49
1249,51
1337,54
1266,50
1261,51
1245,51
1378,54
1317,52
1312,50
1216,48
1274,49
1289,52
1223,46
1351,54
1378,54
1187,48
1361,52
1438,56
1345,54
1332,52
1465,56
1250,51
1317,53
1291,51
1176,48
1230,51
1220,47
1209,46
1375,56
1234,48
1179,49
1366,53
1307,52
1225,48
1350,53
1263,51
1312,53
1257,51
1260,50
1242,46
1368,54
1375,53
1359,54
1391,55
1221,47
1304,51
1389,52
1379,54
1307,52
1241,51
1251,51
1345,53
1393,54
1240,49
1176,49
1339,54
1248,52
1368,52
1270,50
1268,52
1280,51
1261,50
1348,53
1262,49
1322,52
1401,54
1305,52
1214,50
1319,53
1244,50
1320,52
1362,53
1319,52
1316,52
1257,51
1175,47
1306,51
1299,51
1288,50
1189,47
1353,53
1348,53
1319,52
1169,47
1208,47
1356,53
1114,47
1260,50
1221,47
1456,57
1238,50
1391,55
1241,48
1397,54
1273,51
1366,54
1268,48
1197,48
1154,48
1297,47
1286,51
1287,49
1257,50
1325,53
1290,51
1335,52
1222,49
1389,55
1167,47
1379,54
1264,52
1318,53
1173,48
1411,56
1260,50
1263,50
1383,54
1275,50
1307,51
1313,51
1166,45
1361,55
1275,49
1357,52
1389,55
1321,51
1276,50
1314,50
1346,54
1254,49
1255,50
1336,53
1395,53
1249,49
1318,53
1398,54
1238,48
1138,47
1229,49
1255,49
1318,52
1394,54
1286,49
1323,54
1293,51
1227,49
1340,53
1262,51
1264,50
1396,55
1324,53
1324,54
1276,50
1388,53
1420,55
1371,55
1404,55
1276,49
1408,53
1326,51
1246,49
1223,49
1396,54
1333,53
1284,50
1350,51
1268,49
1269,51
1346,53
1302,50
1347,54
1388,55
1289,51
1350,55
1210,50
1312,53
1285,53
1224,49
1341,53
1246,50
1303,51
1289,51
1305,53
1316,52
1297,53
1326,53
1406,54
1334,50
1263,52
1351,52
1273,49
1265,50
1333,54
1348,54
1306,49
1272,51
1312,51
1139,45
1271,48
1307,51
1223,49
1335,52
1351,52
1302,52
1270,52
1245,50
1223,49
1342,54
1369,55
1232,51
1342,53
1233,48
1211,49
1386,56
1191,48
1236,51
1298,53
1359,51
1301,51
1295,52
1275,52
1250,51
1392,52
1295,51
1341,53
1326,53
1335,52
1309,53
1259,53
1213,49
1289,50
1280,51
1303,50
1342,52
1363,55
1369,53
1373,54
1370,53
1306,51
1242,50
1099,48
1255,52
1280,50
1221,50
1069,46
1341,53
1255,48
1251,52
1239,48
1268,50
1263,50
1287,51
1236,51
1251,51
1351,53
1252,50
1181,47
1275,52
1246,50
1357,52
1225,49
1376,54
1325,52
1237,51
1283,50
1314,51
1312,53
1205,49
1371,52
1196,48
1387,53
1311,51
1144,46
1265,50
1279,51
1264,51
1327,53
1303,52
1304,52
1381,55
1347,53
1294,53
1379,53
1236,49
1325,55
1408,54
1285,52
1244,50
1404,55
1387,55
1235,47
1304,52
1288,52
1220,48
1348,52
1244,50
1398,54
1277,51
1324,52
1367,53
1315,53
1425,55
1206,47
1340,52
1288,51
1215,49
1294,51
1205,48
1278,49
1280,51
1280,52
1247,49
1292,52
1310,52
1327,53
1282,51
1356,53
1163,49
1274,50
1381,53
1331,54
1256,51
1248,49
1355,52
1206,50
1334,54
1164,46
1294,53
1295,51
1271,51
1266,50
1224,46
1310,54
1404,53
1155,45
1301,52
1161,47
1252,52
1224,48
1300,51
1295,52
1364,55
1266,50
1396,55
1333,52
1235,48
1202,48
1250,51
1231,49
1397,55
1238,49
1270,52
1346,52
1246,49
1324,54
1306,53
1329,52
1378,54
1242,46
1296,51
1224,50
1401,54
1357,55
1280,51
1365,51
1350,52
1107,46
1176,48
1279,50
1226,51
1259,51
1341,51
1305,52
1199,48
1288,50
1236,51
1267,50
1255,50
1268,51
1275,50
1387,55
1250,52
1332,53
1286,52
1240,50
1310,52
1328,50
1390,54
1345,54
1238,51
1288,51
1248,49
1309,52
1131,47
1336,52
1211,49
1330,52
1279,50
1318,52
1399,56
1256,49
1310,51
1260,48
1350,53
1234,49
1382,54
1222,50
1338,53
1339,51
1241,49
1426,57
1275,51
1286,51
1195,49
1346,54
1153,49
1316,53
1296,47
1244,49
1327,50
1312,52
1257,51
1190,48
1399,55
1320,53
1214,49
1209,49
1395,54
1314,52
1308,52
1317,51
1274,50
1270,51
1377,53
1242,51
1285,53
1299,50
1109,42
1240,50
1344,52
1327,51
1224,48
1324,53
1330,51
1256,50
1304,52
1285,52
1170,45
1281,51
1303,53
1281,49
1296,51
1342,52
1359,53
1275,53
1321,53
1191,48
1297,52
1393,53
1157,48
1365,54
1210,49
1336,55
1366,53
1243,50
1127,46
1367,53
1296,52
1195,48
1195,48
1317,54
1287,50
1231,50
1355,52
1314,53
1370,53
1278,49
1249,51
1335,54
1252,50
1317,52
1305,51
1226,48
1353,52
1316,51
1282,51
1334,53
1190,49
1356,55
1265,51
1354,53
1286,52
1334,52
1222,48
1200,50
1285,52
1423,55
1306,52
1246,49
1247,50
1227,50
1317,53
1344,53
1430,56
1271,49
1221,50
1228,49
1205,50
1372,53
1128,49
1168,47
1262,50
1266,51
1355,51
1312,50
1289,51
1393,53
1301,53
1269,50
1272,50
1348,53
1201,48
1214,48
1313,49
1405,54
1346,53
1302,51
1176,46
1330,52
1213,51
1299,52
1296,49
1076,46
1264,50
1239,50
1299,53
1245,48
1332,53
1323,53
1291,52
1284,51
1327,50
1297,53
1239,48
1357,53
1294,50
1295,51
1337,52
1375,53
1322,50
1282,51
1201,48
1244,48
1232,51
1175,47
1322,53
1398,54
1296,52
1200,50
1289,51
1329,53
1349,53
1236,47
1229,49
1295,53
1228,48
1299,52
1389,54
1348,55
1352,54
1223,50
1317,51
1302,51
1315,52
1381,52
1301,52
1276,50
1201,46
1309,52
1310,52
1129,46
1281,52
1273,50
1327,54
1239,49
1317,51
1311,51
1317,52
1284,48
1203,48
1320,52
1242,50
1288,52
1248,49
1239,51
1292,52
1301,52
1279,52
1323,53
1254,51
1357,53
1330,52
1289,50
1350,52
1394,52
1311,53
1265,51
1261,51
1244,52
1253,52
1259,49
1238,49
1265,51
1339,54
1350,54
1239,47
1316,53
1288,50
1263,51
1377,55
1423,55
1193,48
1260,51
1326,54
1416,56
1263,51
1387,54
1276,50
1283,50
1248,47
1241,47
1339,54
1263,51
1164,48
1276,53
1310,51
1287,51
1380,54
1319,53
1337,53
1231,49
1273,50
1268,50
1212,49
1166,45
1315,52
1231,49
1258,51
1230,49
1226,47
1294,53
1231,48
1295,51
1356,54
1230,50
1263,48
1304,51
1142,48
1280,51
1275,51
1315,51
1320,53
1272,50
1271,53
1314,51
1192,48
1259,50
1374,55
1308,51
1215,50
1382,55
1339,53
1256,49
1237,51
1402,54
1229,50
1364,53
1157,48
1209,48
1264,50
1222,50
1293,53
1435,57
1232,49
1252,50
1225,48
1293,51
1223,49
1290,51
1267,50
1281,52
1247,49
1328,52
1362,55
1263,52
1364,55
1384,56
1258,51
1355,53
1270,49
1308,51
1486,59
1301,52
1232,51
1302,51
1279,52
1339,55
1327,53
1346,53
1303,52
1420,56
1275,52
1337,53
1299,52
1153,46
1343,53
1346,53
1199,47
1299,51
1240,50
1219,48
1376,53
1197,50
1221,47
1320,51
1269,51
1304,51
1381,54
1179,50
1220,48
1285,52
1225,49
1319,52
1270,51
1362,55
1292,51
1213,47
1237,48
1258,50
1241,49
1233,48
1284,52
1295,51
1327,52
1309,52
1248,50
1240,47
1280,52
1264,50
1399,56
1324,50
1139,48
1259,52
1326,52
1296,52
1381,55
1306,50
1252,52
1319,50
1223,47
1292,50
1354,52
1292,53
1319,53
1231,49
1284,52
1323,53
1372,54
1281,50
1303,52
1354,53
1304,49
1298,52
1317,52
1308,51
1224,48
1282,50
1293,51
1299,50
1391,55
1390,55
1321,52
1215,49
1257,50
1295,52
1291,51
1384,55
1235,49
1291,52
1316,51
1235,50
1298,52
1292,51
1164,49
1344,52
1448,54
1314,54
1277,50
1412,56
1261,50
1186,50
1288,52
1326,53
1275,52
1374,54
1343,53
1343,53
1316,51
1267,52
1288,52
1330,51
1295,51
1199,49
1314,52
1492,58
1296,52
1278,50
1310,53
1198,48
1244,48
1326,49
1324,51
1251,51
1401,56
1246,48
1300,53
1325,52
1333,53
1262,50
1384,54
1327,53
1254,52
1320,52
1262,49
1307,51
1297,51
1292,49
1291,49
1326,51
1317,53
1325,52
1324,52
1369,54
1263,52
1209,48
1215,47
1234,49
1299,53
1379,56
1404,55
1249,49
1216,48
1385,53
1234,50
1205,49
1284,51
1382,54
1402,55
1272,51
1276,51
1283,50
1189,48
1382,54
1350,54
1295,50
1417,54
1313,51
1298,50
1318,50
1243,49
1262,49
1353,52
1407,56
1339,54
1316,52
1396,55
1278,50
1269,52
1238,50
1272,52
1219,48
1302,53
1407,54
1414,55
1382,54
1261,51
1275,50
1281,51
1340,54
1361,55
1083,45
1322,53
1299,50
1272,49
1242,48
1295,52
1346,53
1377,55
1362,54
1296,50
1288,52
1215,48
1269,50
1371,55
1440,57
1224,49
1373,56
1229,48
1288,52
1347,53
1354,54
1363,53
1278,51
1306,52
1349,54
1264,51
1349,52
1264,51
1245,50
1360,52
1255,49
1361,53
1362,54
1276,52
1250,51
1298,52
1317,52
1330,53
1299,49
1266,51
1136,46
1246,50
1169,48
1278,51
1277,52
1301,53
1288,50
1277,52
1287,52
1350,54
1263,50
1293,51
1317,53
1367,53
1352,51
1369,55
1229,49
1484,57
1210,46
1362,54
1266,51
1282,50
1291,53
1249,49
1227,50
1321,51
1309,51
1324,52
1218,51
1365,54
1303,52
1372,52
1285,49
1410,56
1253,50
1392,55
1274,50
1238,49
1327,53
1342,54
1138,47
1297,52
1377,53
1331,53
1313,52
1413,57
1269,50
1285,51
1316,49
1344,53
1324,52
1181,49
1409,56
1209,49
1173,47
1278,49
1338,53
1328,53
1264,52
1295,53
1358,53
1283,52
1362,54
1268,50
1193,46
1145,47
1358,53
1308,51
1250,50
1378,55
1321,52
1384,54
1298,53
1098,46
1377,54
1264,52
1333,55
1359,55
1249,51
1272,52
1329,52
1380,53
1381,54
1278,53
1250,52
1241,49
1320,50
1348,53
1280,51
1372,54
1306,53
1254,51
1270,51
1226,50
1224,46
1325,51
1269,51
1297,50
1441,56
1285,53
1333,53
1195,48
1326,53
1303,52
1188,47
1357,54
1251,50
1201,47
1322,50
1365,54
1236,49
1203,49
1263,51
1299,52
1262,50
1311,50
1249,50
1168,47
1275,50
1241,47
1291,49
1310,51
1390,54
1275,51
1322,51
1308,53
1315,52
1296,53
1343,53
1316,51
1211,48
1312,51
1286,48
1298,50
1257,53
1297,52
1226,51
1350,54
1408,55
1316,52
1369,54
1342,53
1236,51
1259,50
1411,56
1290,51
1427,55
1344,53
1335,52
1333,52
1223,49
1284,51
1236,49
1264,52
1258,49
1346,52
1335,55
1274,52
1183,47
1391,54
1353,54
1287,50
1275,50
1245,49
1352,53
1332,52
1248,50
1400,55
1171,49
1330,52
1353,53
1321,54
1350,52
1286,49
1356,55
1469,56
1337,53
1346,54
1187,48
1286,53
1147,47
1305,51
1391,54
1255,50
1328,52
1285,51
1331,54
1273,50
1216,48
1312,52
1390,54
1300,53
1328,52
1394,55
1244,49
1321,54
1304,53
1317,52
1359,55
1222,50
1148,46
1185,48
1338,53
1217,50
1337,54
1366,52
1293,49
1303,51
1324,51
1326,53
1400,53
1349,55
1174,46
1367,54
1306,52
1289,51
1302,51
1243,50
1206,48
1347,53
1160,48
1207,48
1381,54
1260,52
1263,51
1277,50
1373,55
1333,52
1272,52
1278,52
1262,50
1270,50
1247,49
1304,51
1299,54
1194,47
1394,54
1268,50
1307,51
1269,51
1316,52
1305,50
1322,51
1208,48
1321,53
1320,52
1118,46
1270,50
1303,51
1344,53
1356,53
1167,48
1212,48
1296,50
1427,56
1335,53
1388,54
1306,50
1282,52
1258,50
1284,51
1256,51
1324,52
1278,51
1266,51
1327,53
1238,48
1274,52
1388,55
1268,51
1309,51
1260,51
1327,53
1220,49
1322,52
1278,52
1268,47
1253,49
1358,55
1176,49
1348,52
1332,49
1352,53
1310,53
1260,50
1361,53
1294,50
1306,52
1230,50
1366,52
1347,53
1280,51
1275,52
1337,53
1319,50
1327,52
1266,52
1423,56
1349,53
1401,55
1288,51
1375,55
1331,53
1312,52
1256,51
1250,51
1259,50
1401,55
1322,53
1414,52
1319,51
1290,49
1303,52
1150,45
1373,55
1278,53
1263,51
1297,52
1319,52
1295,51
1329,52
1338,50
1335,52
1237,50
1314,53
1299,50
1290,51
1282,52
1235,48
1291,48
1318,53
1326,53
1313,52
1220,48
1309,53
1317,50
1186,49
1273,50
1279,52
1158,48
1291,51
1277,50
1201,49
1220,52
1412,55
1307,52
1237,47
1338,54
1244,51
1338,52
1214,50
1271,51
1276,51
1341,54
1266,52
1277,51
1345,51
1267,50
1237,51
1325,54
1300,52
1296,51
1300,49
1174,45
1241,50
1164,45
1267,48
1396,54
1259,49
1265,52
1294,51
1344,53
1337,51
1351,53
1314,52
1249,50
1262,50
1308,51
1404,56
1439,56
1286,51
1256,49
1315,52
1288,51
1228,50
1287,50
1351,53
1324,51
1274,52
1215,49
1441,57
1402,56
1326,51
1253,50
1307,52
1333,51
1209,49
1404,55
1234,48
1210,47
1328,52
1309,50
1313,52
1263,49
1290,50
1290,51
1261,51
1367,55
1300,52
1254,49
1315,52
1251,49
1351,51
1151,46
1278,50
1305,51
1306,53
1212,50
1334,53
1208,49
1348,53
1253,51
1344,55
1259,49
1255,50
1239,50
1271,53
1176,47
1259,51
1269,50
1345,52
1296,51
1333,53
1254,48
1343,51
1235,51
1360,54
1217,50
1284,51
1335,52
1384,55
1281,49
1333,51
1319,51
1403,55
1223,49
1375,53
1333,54
1291,52
1415,55
1214,48
1311,52
1312,52
1214,49
1406,55
1229,51
1212,47
1321,50
1304,52
1292,53
1235,50
1211,48
1338,53
1239,49
1179,48
1289,52
1285,50
1283,52
1197,46
1232,50
1286,52
1316,52
1340,54
1236,49
1293,53
1296,52
1246,51
1258,50
1346,54
1332,52
1309,52
1262,51
1313,53
1361,54
1393,55
1323,54
1184,49