58,1404
57,1296
63,1470
62,1415
59,1448
55,1159
57,1315
59,1281
61,1375
55,1275
60,1414
57,1283
50,1154
61,1490
59,1315
55,1151
59,1402
56,1369
61,1330
56,1225
52,1172
58,1346
56,1266
65,1515
56,1242
59,1304
58,1328
57,1336
53,1155
61,1418
-,-,-,-
58,1404
56,1299
58,1398
58,1404
54,1224
57,1312
56,1334
59,1341
53,1198
56,1259
57,1298
56,1243
57,1256
62,1422
56,1165
62,1406
59,1420
60,1400
57,1315
62,1472
58,1335
54,1356
57,1304
56,1244
56,1183
56,1283
58,1308
60,1359
56,1199
57,1310
56,1301
55,1252
62,1399
54,1239
56,1299
60,1364
62,1456
56,1282
60,1396
-,-,-,-
63,1432
63,1450
64,1437
57,1254
63,1450
61,1303
60,1313
57,1310
60,1339
63,1470
62,1455
62,1430
58,1277
54,1263
56,1207
60,1424
57,1253
58,1291
62,1496
57,1284
59,1321
62,1358
59,1345
57,1287
61,1386
57,1349
59,1332
60,1415
55,1245
54,1244
58,1244
56,1273
62,1398
54,1147
57,1308
63,1406
60,1395
57,1299
53,1198
-,-,-,-
64,1483
64,1511
64,1462
63,1415
65,1486
65,1493
66,1511
60,1322
63,1430
61,1325
60,1319
58,1310
60,1257
54,1249
60,1346
62,1372
64,1492
55,1247
57,1389
60,1358
62,1402
60,1349
59,1323
56,1327
56,1294
57,1297
61,1380
59,1348
59,1373
58,1327
56,1300
57,1267
56,1306
54,1148
57,1369
60,1301
53,1200
57,1227
57,1344
-,-,-,-
65,1483
66,1511
65,1491
67,1534
66,1564
66,1490
63,1424
63,1484
60,1423
67,1643
63,1435
63,1396
61,1388
58,1333
62,1426
59,1277
63,1466
55,1285
55,1251
57,1370
62,1441
61,1400
61,1334
61,1358
55,1253
60,1377
61,1443
55,1287
61,1449
57,1285
63,1476
62,1432
59,1331
58,1346
55,1274
58,1313
56,1327
59,1271
54,1240
-,-,-,-
66,1506
62,1362
67,1534
60,1351
61,1303
67,1534
63,1412
64,1537
67,1647
59,1364
64,1571
59,1309
58,1237
54,1207
60,1382
56,1267
62,1386
57,1256
56,1247
57,1306
61,1435
53,1248
59,1369
55,1255
58,1206
58,1281
63,1484
50,1148
58,1334
58,1296
57,1364
59,1281
57,1270
56,1271
64,1426
61,1444
55,1297
59,1269
54,1287
-,-,-,-
67,1534
65,1489
61,1348
63,1387
63,1416
65,1494
63,1416
65,1547
62,1442
59,1339
64,1557
66,1473
58,1243
58,1232
60,1314
62,1457
58,1324
57,1230
60,1367
58,1277
58,1292
61,1380
63,1463
56,1253
60,1452
58,1235
61,1453
61,1426
53,1233
58,1244
57,1371
57,1239
59,1281
61,1365
53,1197
58,1313
52,1175
55,1232
59,1451
-,-,-,-
68,1624
63,1439
67,1534
64,1462
61,1343
65,1481
64,1441
62,1479
60,1402
59,1352
67,1643
62,1356
58,1296
58,1270
62,1379
55,1203
58,1345
57,1324
57,1213
62,1321
57,1314
59,1334
61,1374
62,1448
57,1408
60,1387
57,1285
63,1414
59,1317
60,1416
61,1435
59,1388
57,1265
58,1402
56,1333
62,1415
55,1234
48,1071
57,1320
-,-,-,-
69,1639
68,1624
64,1468
61,1365
63,1489
66,1521
66,1571
62,1519
67,1643
59,1433
67,1643
62,1357
58,1316
58,1339
62,1384
59,1286
57,1248
62,1382
58,1329
61,1381
62,1416
61,1399
53,1144
60,1350
58,1213
58,1319
56,1337
55,1202
59,1323
59,1386
58,1380
63,1433
62,1500
58,1249
56,1330
60,1306
63,1398
57,1380
61,1397
-,-,-,-
65,1508
65,1523
65,1484
64,1496
69,1641
69,1649
67,1572
67,1643
65,1559
62,1494
61,1444
63,1425
55,1260
63,1445
59,1384
63,1447
54,1240
60,1330
60,1360
61,1335
55,1277
63,1385
55,1226
54,1186
62,1442
60,1330
57,1247
58,1399
54,1309
58,1312
60,1345
64,1484
58,1329
57,1256
58,1324
55,1158
62,1438
57,1216
54,1304
-,-,-,-
65,1527
59,1293
61,1374
67,1563
62,1414
64,1492
63,1397
62,1472
66,1594
65,1523
61,1444
61,1336
56,1268
59,1348
62,1366
53,1246
57,1279
60,1357
58,1324
60,1402
57,1245
59,1327
59,1487
58,1244
57,1337
54,1261
60,1335
58,1245
58,1323
59,1414
57,1257
57,1430
57,1276
58,1322
62,1444
60,1359
61,1350
55,1256
57,1396
-,-,-,-
63,1480
66,1530
70,1693
69,1637
65,1499
66,1493
63,1412
63,1489
61,1488
65,1537
63,1511
61,1354
61,1390
62,1336
60,1329
62,1407
63,1519
57,1335
54,1183
63,1425
60,1396
57,1322
60,1376
62,1368
54,1186
59,1307
59,1274
58,1259
60,1388
60,1390
60,1393
54,1216
58,1392
56,1248
63,1441
60,1388
59,1309
60,1477
50,1101
-,-,-,-
67,1579
69,1651
70,1693
62,1375
68,1630
70,1659
62,1393
67,1652
57,1320
65,1555
59,1371
57,1244
55,1189
59,1302
54,1171
58,1339
57,1263
63,1448
59,1308
62,1413
61,1379
63,1438
59,1323
57,1276
59,1291
58,1351
59,1373
60,1370
58,1366
60,1338
59,1306
60,1344
57,1343
55,1224
58,1256
59,1351
59,1301
56,1312
56,1324
-,-,-,-
65,1514
67,1540
70,1661
63,1461
66,1525
70,1655
62,1444
67,1645
62,1495
64,1529
67,1643
57,1179
58,1250
57,1233
59,1350
63,1448
60,1296
63,1412
59,1290
58,1303
56,1351
61,1476
62,1430
58,1285
55,1197
60,1350
53,1189
53,1178
60,1411
52,1150
61,1408
54,1146
60,1421
56,1304
64,1488
60,1407
60,1302
63,1488
52,1197
-,-,-,-
71,1715
63,1483
70,1655
70,1678
70,1655
69,1623
66,1566
63,1473
64,1537
67,1643
67,1643
56,1210
62,1354
66,1500
62,1498
54,1178
65,1548
60,1314
56,1188
62,1399
61,1415
62,1394
59,1365
63,1464
57,1276
58,1295
60,1339
54,1271
59,1318
57,1269
62,1412
60,1401
63,1475
54,1225
51,1127
58,1300
62,1471
56,1285
56,1319
-,-,-,-
64,1542
69,1663
65,1514
72,1764
69,1656
71,1721
66,1542
58,1336
63,1490
65,1592
59,1364
64,1407
63,1392
59,1334
56,1220
62,1350
59,1318
60,1358
59,1318
61,1411
60,1337
56,1256
61,1409
64,1562
57,1305
61,1426
59,1358
55,1215
62,1446
65,1572
57,1319
63,1388
61,1474
58,1349
58,1335
61,1452
62,1481
55,1221
53,1233
-,-,-,-
66,1541
69,1684
63,1528
69,1662
67,1629
72,1754
71,1719
67,1643
66,1594
66,1604
67,1643
64,1493
57,1245
56,1299
61,1362
60,1313
59,1369
58,1337
62,1325
58,1341
56,1197
59,1344
56,1255
58,1278
59,1371
52,1138
64,1512
57,1270
58,1325
57,1231
61,1401
61,1474
57,1303
60,1424
62,1456
58,1510
54,1282
62,1421
58,1372
-,-,-,-
71,1718
72,1754
65,1585
67,1583
64,1490
72,1754
64,1537
65,1555
67,1643
61,1399
64,1582
64,1468
61,1323
56,1241
62,1420
61,1398
65,1523
56,1309
54,1160
59,1295
59,1296
59,1267
58,1296
59,1341
62,1437
59,1341
58,1268
57,1321
58,1320
60,1328
58,1218
57,1316
63,1502
57,1312
59,1358
61,1519
62,1500
55,1363
58,1382
-,-,-,-
69,1609
65,1567
67,1629
72,1741
69,1612
72,1754
63,1468
63,1496
65,1604
61,1447
67,1643
55,1205
61,1270
59,1322
58,1302
59,1359
60,1294
58,1437
59,1217
63,1415
59,1277
59,1307
55,1267
56,1267
63,1476
61,1415
61,1399
56,1248
60,1329
59,1329
58,1313
59,1316
62,1519
58,1284
57,1269
59,1443
57,1342
54,1284
58,1332
-,-,-,-
65,1508
65,1532
66,1543
64,1494
70,1661
71,1738
72,1741
67,1643
67,1643
61,1439
62,1433
63,1525
62,1385
62,1455
59,1344
58,1305
59,1317
57,1371
59,1277
63,1387
58,1352
64,1443
57,1234
56,1380
61,1386
62,1424
55,1185
59,1339
59,1383
55,1270
63,1379
55,1178
59,1351
55,1310
62,1459
58,1392
57,1451
57,1305
58,1294
-,-,-,-
71,1710
66,1572
71,1709
67,1554
66,1599
69,1667
72,1741
67,1643
58,1393
66,1596
63,1491
60,1381
62,1399
58,1370
59,1384
60,1377
65,1426
60,1301
57,1350
62,1465
59,1224
59,1318
61,1372
56,1273
56,1326
69,1582
63,1412
61,1379
53,1149
56,1329
60,1312
55,1229
57,1213
56,1235
58,1334
62,1441
60,1440
55,1240
57,1383
-,-,-,-
67,1580
71,1714
66,1560
71,1707
65,1522
72,1755
63,1438
66,1553
63,1387
67,1482
69,1615
58,1312
63,1386
60,1327
59,1384
59,1337
66,1510
63,1417
58,1347
57,1317
62,1407
61,1296
62,1429
59,1274
59,1381
64,1469
56,1260
62,1396
52,1158
57,1292
60,1307
58,1282
54,1195
60,1303
59,1402
55,1216
57,1330
54,1234
60,1399
-,-,-,-
68,1600
66,1608
66,1530
63,1497
64,1503
66,1587
64,1481
66,1501
67,1497
68,1534
67,1497
57,1367
61,1346
59,1323
60,1307
58,1334
59,1388
60,1337
58,1339
60,1326
62,1454
64,1475
63,1367
56,1232
62,1396
64,1419
61,1427
60,1422
57,1341
56,1196
59,1372
56,1384
56,1328
55,1256
55,1229
58,1318
59,1487
59,1432
56,1244
-,-,-,-
62,1424
66,1550
67,1581
66,1568
66,1532
72,1747
65,1538
67,1571
69,1580
61,1361
66,1458
60,1479
58,1280
61,1373
63,1442
63,1494
55,1205
61,1369
62,1378
61,1400
60,1372
54,1163
61,1394
56,1167
56,1199
58,1295
62,1452
60,1383
56,1283
58,1326
59,1335
59,1365
58,1291
58,1280
57,1360
61,1436
58,1368
59,1393
58,1288
-,-,-,-
69,1623
65,1532
65,1528
61,1410
64,1469
70,1708
70,1706
69,1588
68,1547
66,1468
69,1580
62,1460
61,1328
64,1586
63,1438
59,1393
63,1466
58,1324
58,1267
59,1345
61,1313
60,1325
58,1351
56,1138
62,1357
51,1138
63,1452
60,1402
59,1312
58,1414
62,1420
53,1170
57,1288
57,1306
59,1362
59,1339
59,1415
59,1325
59,1420
-,-,-,-
69,1659
66,1534
66,1579
70,1675
65,1510
72,1741
66,1582
68,1550
69,1577
69,1585
69,1570
55,1338
54,1211
59,1334
61,1436
62,1330
57,1403
62,1366
60,1323
63,1486
58,1305
59,1333
60,1428
62,1364
59,1298
59,1327
56,1297
56,1263
56,1264
54,1158
64,1527
55,1214
59,1342
55,1372
60,1353
59,1323
63,1520
54,1308
58,1326
-,-,-,-
71,1711
68,1616
64,1471
69,1637
64,1472
71,1727
70,1662
61,1347
63,1386
69,1576
65,1490
61,1417
56,1191
63,1398
62,1417
60,1288
60,1479
61,1343
57,1277
63,1414
57,1406
59,1316
64,1495
61,1454
58,1221
58,1272
56,1207
58,1359
62,1438
55,1260
57,1318
55,1248
64,1494
59,1349
59,1312
53,1213
56,1290
60,1389
57,1254
-,-,-,-
64,1494
65,1561
69,1609
65,1503
72,1739
70,1708
58,1317
69,1570
63,1397
67,1524
64,1414
58,1350
63,1395
64,1442
63,1454
59,1347
59,1359
60,1347
59,1379
59,1379
62,1522
61,1375
55,1224
55,1334
51,1188
58,1243
59,1236
59,1284
65,1584
60,1349
55,1286
58,1369
59,1381
61,1408
57,1318
56,1307
54,1197
53,1321
59,1475
-,-,-,-
64,1491
65,1513
72,1753
66,1525
72,1739
71,1695
72,1739
69,1572
67,1527
67,1534
68,1510
58,1445
58,1263
62,1516
59,1294
63,1436
56,1285
63,1447
58,1283
56,1248
63,1500
63,1433
59,1281
60,1409
62,1401
60,1450
60,1244
56,1220
55,1182
58,1283
58,1313
54,1175
53,1246
57,1333
62,1443
61,1444
56,1302
56,1272
56,1279
-,-,-,-
67,1593
70,1712
67,1609
71,1708
72,1739
70,1704
66,1540
68,1526
69,1612
69,1568
63,1386
57,1374
58,1316
56,1190
61,1396
65,1470
59,1401
64,1493
61,1451
60,1299
65,1438
57,1257
59,1260
58,1258
52,1161
64,1553
58,1249
58,1232
60,1303
62,1403
56,1308
58,1362
60,1442
58,1313
53,1139
57,1245
55,1258
59,1397
59,1382
-,-,-,-
71,1699
71,1710
65,1546
71,1709
65,1564
63,1414
61,1419
63,1378
69,1568
62,1334
69,1568
61,1388
65,1476
62,1441
59,1383
58,1242
62,1417
63,1515
56,1245
61,1443
55,1222
56,1204
58,1346
63,1414
57,1356
59,1313
60,1314
66,1482
58,1269
61,1481
61,1401
61,1347
60,1369
56,1212
54,1259
59,1371
55,1223
58,1359
57,1400
-,-,-,-
66,1550
64,1492
63,1489
72,1739
69,1660
70,1698
68,1652
69,1570
63,1379
68,1549
67,1508
58,1352
52,1132
66,1549
54,1107
64,1485
60,1356
59,1322
59,1370
60,1395
57,1386
60,1367
61,1332
58,1294
61,1361
61,1386
62,1456
62,1279
57,1315
54,1237
58,1383
59,1336
62,1450
63,1448
59,1345
62,1466
57,1300
56,1336
53,1165
-,-,-,-
72,1737
69,1654
72,1739
67,1615
69,1684
63,1444
70,1678
66,1460
67,1506
66,1459
69,1568
57,1307
61,1381
63,1515
59,1319
62,1497
59,1273
57,1288
58,1411
57,1320
65,1507
60,1353
61,1369
62,1462
60,1310
57,1295
60,1407
56,1202
66,1535
58,1321
60,1374
59,1290
60,1410
60,1383
60,1466
59,1298
57,1274
57,1285
57,1265
-,-,-,-
72,1737
65,1529
68,1605
62,1438
69,1631
63,1495
72,1737
66,1492
64,1444
68,1537
69,1570
60,1440
59,1315
64,1465
65,1491
60,1373
56,1245
61,1385
61,1397
63,1459
59,1458
57,1244
56,1280
54,1179
62,1366
59,1308
61,1418
63,1504
56,1160
62,1405
63,1483
56,1262
59,1357
62,1465
55,1200
57,1287
57,1328
53,1266
62,1460
-,-,-,-
65,1528
64,1504
67,1602
65,1527
69,1657
69,1647
68,1609
67,1495
68,1558
68,1522
69,1598
55,1330
63,1387
59,1263
61,1365
61,1392
63,1473
63,1360
59,1248
60,1388
60,1422
58,1353
61,1314
59,1287
64,1468
58,1336
60,1418
60,1354
65,1484
60,1405
55,1243
62,1393
61,1387
62,1439
56,1299
53,1170
59,1351
61,1450
53,1317
-,-,-,-
72,1737
70,1659
68,1591
72,1737
68,1632
72,1737
65,1563
69,1572
64,1480
65,1442
67,1514
60,1376
61,1413
63,1445
59,1296
57,1301
59,1290
65,1459
66,1534
60,1356
64,1553
60,1439
62,1439
61,1358
57,1315
59,1290
59,1322
59,1337
64,1525
60,1414
64,1474
63,1471
62,1477
64,1477
55,1235
60,1418
58,1350
57,1347
62,1447
-,-,-,-
68,1608
71,1710
62,1453
64,1495
70,1658
66,1559
69,1671
69,1568
67,1472
69,1568
64,1463
62,1534
60,1349
66,1503
63,1363
60,1451
61,1300
60,1321
57,1197
57,1259
61,1412
63,1451
60,1383
57,1230
62,1418
61,1401
63,1400
60,1333
59,1331
62,1490
61,1357
60,1387
62,1418
57,1338
55,1220
61,1390
60,1404
59,1296
63,1507
-,-,-,-
63,1450
62,1413
70,1692
62,1378
70,1663
71,1693
68,1634
64,1434
69,1568
62,1363
67,1467
60,1489
59,1375
61,1317
61,1286
63,1449
62,1481
62,1355
64,1413
60,1310
55,1166
54,1280
55,1245
61,1376
60,1388
62,1415
64,1470
59,1300
55,1317
61,1443
60,1413
60,1364
62,1462
55,1311
57,1283
57,1350
60,1412
65,1496
60,1367
-,-,-,-
62,1401
64,1426
72,1737
70,1693
69,1701
66,1573
65,1523
67,1519
67,1533
63,1406
69,1549
62,1608
60,1362
61,1357
61,1355
58,1337
58,1222
61,1390
62,1366
59,1268
58,1420
59,1373
59,1340
61,1368
58,1271
59,1289
60,1349
61,1413
60,1450
56,1257
58,1326
61,1421
60,1277
57,1270
62,1437
61,1441
55,1247
55,1272
61,1403
-,-,-,-
66,1558
64,1480
64,1519
69,1655
65,1546
69,1634
66,1557
68,1511
66,1496
69,1590
68,1524
58,1359
62,1393
66,1501
63,1363
58,1255
65,1519
57,1233
61,1317
61,1374
58,1330
56,1280
62,1430
61,1324
59,1294
57,1222
52,1153
62,1462
55,1280
58,1291
63,1478
61,1492
60,1404
53,1228
58,1300
56,1312
58,1435
59,1420
58,1283
-,-,-,-
72,1737
63,1497
67,1568
63,1496
72,1753
67,1606
71,1762
64,1465
69,1557
65,1407
68,1518
61,1415
60,1387
63,1411
63,1396
59,1313
64,1496
55,1203
64,1484
59,1278
58,1375
58,1258
59,1397
63,1540
65,1553
59,1299
63,1446
58,1339
60,1394
62,1365
60,1397
58,1311
63,1383
59,1362
60,1399
63,1500
58,1385
57,1345
56,1304
-,-,-,-
64,1519
69,1657
70,1663
66,1566
68,1631
66,1558
64,1457
68,1554
66,1453
63,1400
69,1549
58,1365
58,1309
62,1411
62,1424
59,1300
60,1341
63,1447
65,1519
56,1239
60,1391
59,1362
53,1310
58,1280
62,1397
63,1435
61,1364
64,1459
60,1412
56,1274
61,1463
59,1369
55,1181
56,1314
57,1363
56,1354
58,1387
60,1385
60,1365
-,-,-,-
67,1595
71,1705
67,1604
68,1602
68,1635
65,1522
64,1499
69,1549
66,1506
61,1352
68,1526
62,1465
57,1294
62,1379
57,1247
56,1312
62,1390
61,1315
66,1448
61,1383
58,1331
59,1316
61,1417
56,1196
59,1266
61,1386
64,1487
63,1538
59,1348
58,1293
58,1410
58,1293
56,1260
63,1471
59,1266
58,1415
54,1228
57,1335
61,1441
-,-,-,-
61,1421
65,1537
64,1516
67,1593
66,1602
64,1447
70,1677
69,1568
64,1423
69,1549
67,1493
59,1357
58,1358
57,1270
61,1362
62,1408
59,1340
55,1302
59,1344
63,1432
59,1310
61,1388
54,1293
59,1344
62,1418
66,1524
65,1413
63,1463
58,1319
62,1473
60,1362
62,1448
59,1272
59,1404
62,1464
57,1302
55,1226
54,1227
63,1468
-,-,-,-
72,1737
65,1498
66,1525
70,1677
72,1753
64,1490
66,1579
58,1263
67,1566
64,1420
63,1411
51,1220
63,1385
63,1424
61,1370
60,1293
59,1279
59,1347
62,1435
57,1302
61,1349
60,1400
57,1324
62,1420
58,1307
57,1352
61,1438
59,1329
57,1300
62,1393
60,1431
60,1423
63,1387
57,1264
59,1352
60,1367
59,1364
59,1410
55,1270
-,-,-,-
64,1492
71,1701
70,1680
71,1698
65,1513
72,1737
66,1515
69,1549
69,1545
70,1599
70,1603
58,1329
61,1342
61,1406
63,1415
65,1450
63,1425
58,1305
62,1443
54,1198
63,1404
62,1385
59,1480
59,1359
57,1338
57,1249
59,1410
62,1443
58,1330
62,1462
59,1367
62,1400
60,1401
60,1364
62,1505
56,1235
59,1350
58,1353
60,1377
-,-,-,-
68,1621
72,1741
67,1586
72,1739
64,1491
70,1692
65,1553
70,1601
64,1379
65,1465
70,1599
58,1331
60,1285
58,1235
64,1449
62,1336
59,1388
62,1396
62,1499
56,1205
59,1196
61,1296
59,1373
62,1423
59,1384
54,1206
59,1267
61,1410
63,1533
58,1285
59,1388
60,1363
58,1330
61,1407
55,1283
57,1265
57,1289
58,1393
60,1456
-,-,-,-
72,1737
64,1526
72,1737
66,1515
65,1498
65,1524
65,1541
63,1344
66,1472
68,1536
67,1499
61,1460
61,1365
59,1404
63,1422
60,1324
61,1375
59,1335
58,1322
60,1369
59,1273
59,1351
56,1280
60,1428
61,1424
62,1413
58,1335
56,1195
62,1531
57,1277
61,1408
58,1367
59,1309
58,1311
60,1439
58,1309
61,1436
57,1321
64,1489
-,-,-,-
64,1526
67,1577
65,1523
72,1737
66,1564
70,1659
64,1478
70,1599
70,1597
70,1610
67,1523
57,1396
59,1320
58,1302
65,1449
65,1461
62,1453
56,1244
64,1514
57,1304
61,1370
59,1317
61,1355
62,1445
54,1281
59,1335
60,1375
60,1365
63,1420
60,1404
57,1220
61,1427
54,1205
57,1238
60,1388
53,1205
57,1256
59,1370
56,1287
-,-,-,-
66,1553
65,1486
71,1707
66,1578
72,1753
66,1601
67,1594
68,1510
69,1553
70,1597
70,1601
60,1462
63,1423
59,1338
57,1270
61,1342
66,1532
57,1290
59,1280
60,1336
60,1352
64,1462
57,1377
63,1463
55,1293
56,1333
58,1324
61,1431
57,1365
58,1385
58,1377
60,1377
57,1328
57,1277
59,1364
59,1421
60,1383
58,1353
58,1308
-,-,-,-
67,1586
72,1737
72,1749
71,1707
69,1671
68,1609
72,1721
68,1568
66,1522
70,1597
69,1570
63,1461
63,1448
57,1233
63,1440
60,1319
62,1372
60,1374
62,1428
63,1436
63,1316
56,1162
60,1387
61,1409
59,1413
61,1331
59,1300
58,1349
55,1350
55,1250
60,1337
59,1382
61,1374
59,1319
58,1279
59,1339
54,1252
57,1349
62,1445
-,-,-,-
72,1721
66,1545
65,1543
67,1589
70,1706
65,1543
70,1675
69,1571
70,1597
70,1597
69,1571
58,1308
60,1302
62,1369
60,1291
64,1431
65,1494
60,1375
63,1460
59,1294
63,1338
61,1430
52,1206
63,1448
57,1348
60,1373
62,1377
59,1393
64,1510
59,1357
64,1451
60,1448
62,1458
57,1307
61,1377
59,1453
57,1289
60,1434
59,1311
-,-,-,-
65,1523
64,1520
68,1605
71,1689
68,1637
70,1678
67,1543
65,1449
70,1610
65,1480
67,1516
60,1468
63,1395
56,1296
59,1272
58,1268
61,1408
54,1181
63,1425
62,1363
62,1340
56,1214
57,1368
60,1339
62,1475
57,1223
59,1405
58,1289
60,1414
60,1338
58,1279
64,1517
65,1532
58,1287
58,1315
56,1262
59,1389
52,1157
57,1252
-,-,-,-
66,1556
65,1451
62,1349
66,1511
72,1725
64,1465
67,1578
69,1581
64,1452
66,1480
68,1524
60,1341
59,1271
56,1228
61,1325
66,1519
58,1288
64,1475
61,1441
62,1356
61,1316
60,1351
57,1295
64,1457
59,1413
64,1466
59,1346
59,1320
60,1328
61,1363
58,1259
59,1382
61,1448
60,1355
57,1373
56,1322
56,1246
58,1332
59,1366
-,-,-,-
67,1580
65,1500
59,1353
65,1534
72,1721
70,1664
72,1721
70,1597
63,1392
70,1597
64,1482
61,1371
60,1318
60,1340
60,1325
61,1363
62,1490
60,1392
57,1287
57,1347
59,1252
57,1252
56,1291
59,1291
66,1606
63,1437
58,1297
58,1283
60,1430
57,1301
61,1469
56,1305
63,1447
63,1411
56,1301
59,1413
61,1397
60,1473
53,1254
-,-,-,-
69,1600
72,1777
69,1630
72,1720
65,1512
66,1518
72,1720
65,1432
69,1579
68,1538
60,1289
61,1392
57,1261
62,1419
59,1345
61,1333
57,1253
55,1242
59,1362
63,1445
58,1372
60,1263
62,1417
52,1197
61,1416
58,1295
58,1304
60,1377
57,1303
62,1383
62,1422
58,1337
60,1396
61,1371
62,1428
55,1340
60,1442
60,1455
56,1303
-,-,-,-
65,1552
72,1720
66,1577
70,1647
66,1538
72,1714
69,1625
65,1420
70,1597
67,1476
68,1555
55,1249
64,1525
63,1406
56,1232
62,1371
64,1481
63,1423
58,1237
58,1301
61,1463
55,1144
62,1340
59,1351
61,1394
59,1336
61,1412
61,1376
61,1403
60,1353
60,1326
64,1577
61,1502
60,1306
59,1350
58,1384
63,1456
55,1284
59,1255
-,-,-,-
72,1714
68,1611
63,1433
71,1694
59,1306
72,1712
63,1437
69,1571
65,1416
69,1551
69,1570
58,1280
60,1315
62,1432
61,1433
58,1324
61,1389
57,1337
62,1412
63,1453
57,1303
66,1451
58,1363
60,1478
60,1400
61,1428
59,1315
63,1513
59,1387
66,1492
68,1680
61,1428
59,1357
57,1257
59,1374
56,1246
60,1379
55,1375
59,1391
-,-,-,-
66,1545
72,1712
68,1564
64,1476
63,1455
63,1471
65,1498
64,1429
70,1597
67,1482
70,1597
63,1477
60,1416
64,1443
58,1287
59,1339
60,1319
63,1409
60,1324
63,1468
60,1417
66,1558
59,1286
63,1517
64,1437
62,1464
58,1304
63,1485
60,1416
62,1433
57,1296
61,1464
63,1548
57,1265
61,1385
58,1329
59,1325
61,1419
52,1226
-,-,-,-
72,1712
64,1485
72,1712
65,1519
67,1549
72,1712
68,1576
70,1599
67,1494
68,1528
68,1590
61,1428
57,1307
65,1513
62,1367
60,1347
61,1406
60,1348
60,1336
60,1413
56,1175
56,1310
61,1416
59,1437
63,1481
59,1350
56,1270
57,1340
55,1246
61,1408
63,1500
55,1319
58,1295
61,1329
53,1228
60,1408
60,1468
61,1406
55,1254
-,-,-,-
69,1612
64,1490
69,1614
63,1421
68,1600
65,1495
69,1592
67,1504
65,1470
68,1531
68,1555
62,1471
65,1586
60,1296
62,1337
64,1444
61,1410
60,1354
62,1353
62,1445
59,1312
61,1374
62,1442
61,1466
62,1345
54,1278
59,1335
61,1423
60,1375
60,1369
59,1360
60,1393
63,1446
59,1335
53,1171
57,1282
52,1211
58,1311
60,1306
-,-,-,-
72,1712
66,1524
71,1687
71,1683
65,1502
63,1447
65,1495
70,1603
69,1566
64,1423
66,1472
58,1280
61,1445
63,1455
58,1238
60,1362
59,1292
59,1298
59,1313
64,1497
62,1422
63,1466
58,1194
62,1480
61,1360
62,1486
54,1204
63,1513
62,1406
64,1471
58,1260
56,1342
65,1496
64,1440
60,1393
61,1446
62,1433
61,1385
59,1402
-,-,-,-
69,1588
66,1526
69,1649
63,1425
64,1512
66,1547
72,1712
68,1550
65,1461
64,1387
70,1597
60,1433
58,1480
64,1477
64,1440
59,1261
64,1458
60,1343
65,1510
58,1319
56,1359
60,1465
59,1289
58,1380
61,1336
62,1431
62,1467
57,1219
58,1338
58,1288
58,1284
56,1219
57,1294
58,1322
61,1441
56,1244
55,1315
63,1513
62,1478
-,-,-,-
67,1593
68,1585
71,1674
72,1716
71,1694
72,1716
66,1543
66,1459
70,1597
68,1515
69,1567
62,1401
59,1391
59,1270
63,1341
58,1346
60,1313
62,1397
59,1280
59,1319
61,1471
67,1555
63,1466
60,1410
60,1372
60,1417
63,1511
55,1155
59,1348
64,1545
62,1512
61,1447
60,1307
56,1319
62,1484
60,1374
63,1475
62,1434
56,1253
-,-,-,-
67,1570
66,1544
72,1716
72,1712
70,1670
68,1605
70,1655
68,1545
68,1581
70,1597
67,1501
59,1360
62,1342
61,1364
64,1505
59,1262
59,1370
64,1434
59,1259
61,1337
62,1408
61,1389
56,1258
58,1348
58,1290
58,1428
64,1474
60,1334
59,1313
61,1397
62,1454
60,1329
62,1452
54,1190
62,1452
62,1429
57,1339
62,1453
60,1392
-,-,-,-
65,1487
65,1524
67,1580
64,1490
70,1663
69,1620
72,1720
66,1458
70,1634
70,1597
65,1428
63,1513
61,1245
61,1452
64,1407
60,1356
62,1394
63,1485
59,1311
62,1374
60,1384
57,1292
56,1187
61,1495
60,1340
62,1515
57,1310
59,1356
61,1452
58,1375
63,1435
60,1329
57,1282
59,1398
60,1424
59,1349
63,1453
58,1294
52,1154
-,-,-,-
63,1496
63,1449
66,1553
70,1644
65,1509
71,1678
68,1536
67,1488
63,1425
66,1477
70,1597
57,1287
66,1563
59,1378
66,1511
61,1365
59,1290
61,1363
56,1281
62,1348
60,1342
61,1420
59,1317
57,1291
61,1394
59,1429
59,1368
61,1371
59,1453
58,1287
59,1285
59,1351
57,1237
58,1296
61,1361
59,1342
58,1269
60,1374
59,1290
-,-,-,-
68,1601
64,1494
68,1615
69,1627
72,1718
70,1649
72,1712
70,1599
70,1599
65,1423
65,1503
66,1585
65,1460
63,1494
61,1326
62,1341
54,1165
60,1336
58,1287
58,1214
61,1435
61,1464
60,1365
61,1449
60,1380
61,1464
61,1431
64,1398
61,1395
62,1481
63,1422
60,1426
64,1451
57,1271
58,1299
61,1475
55,1348
54,1260
60,1381
-,-,-,-
72,1721
64,1446
68,1569
69,1634
69,1637
63,1455
66,1545
70,1597
70,1610
70,1597
66,1508
65,1565
63,1511
61,1443
60,1266
60,1303
59,1422
62,1389
64,1450
67,1520
60,1327
61,1362
58,1297
60,1435
59,1314
62,1515
64,1515
57,1297
61,1369
59,1286
56,1331
59,1365
62,1424
61,1394
60,1350
59,1343
57,1275
61,1467
56,1224
-,-,-,-
69,1613
65,1465
65,1503
64,1510
66,1518
72,1712
63,1417
70,1597
66,1472
67,1497
65,1407
61,1406
57,1278
64,1424
55,1184
62,1392
62,1339
61,1383
58,1281
55,1196
62,1408
58,1269
62,1358
57,1355
59,1321
59,1403
60,1337
57,1257
60,1348
63,1383
61,1380
56,1299
56,1252
57,1339
59,1328
57,1363
59,1318
60,1398
56,1253
-,-,-,-
68,1609
64,1499
71,1675
72,1712
72,1712
70,1673
68,1616
68,1512
69,1576
66,1430
67,1482
61,1400
58,1331
62,1396
56,1298
64,1476
64,1399
62,1440
61,1339
62,1454
60,1417
58,1265
62,1338
56,1451
60,1334
62,1463
56,1263
54,1242
64,1482
60,1406
61,1458
57,1325
59,1333
60,1370
60,1347
60,1424
57,1254
58,1361
59,1320
-,-,-,-
68,1609
67,1542
68,1539
67,1550
66,1516
72,1710
66,1511
68,1506
65,1436
68,1501
65,1449
60,1446
61,1355
62,1389
59,1393
59,1243
54,1098
63,1445
55,1162
64,1485
58,1290
61,1408
56,1247
56,1366
63,1419
53,1221
58,1358
59,1368
61,1378
55,1201
64,1458
60,1338
60,1368
59,1337
59,1383
62,1468
58,1268
58,1389
59,1370
-,-,-,-
70,1658
70,1619
67,1552
70,1642
70,1642
71,1675
67,1575
64,1472
70,1597
66,1422
67,1504
61,1420
64,1493
61,1402
60,1418
62,1420
63,1432
58,1330
61,1376
57,1284
60,1351
60,1354
59,1370
59,1433
60,1343
60,1487
60,1384
56,1273
59,1328
64,1435
62,1423
59,1316
54,1113
61,1387
57,1255
64,1475
61,1360
61,1409
56,1271
-,-,-,-
64,1469
63,1434
65,1500
72,1718
72,1710
64,1440
70,1663
66,1428
63,1383
66,1488
61,1301
65,1531
55,1161
56,1221
59,1428
63,1423
61,1364
62,1459
64,1428
60,1392
57,1328
60,1416
61,1384
62,1489
59,1305
62,1452
61,1423
63,1396
57,1339
61,1317
61,1381
63,1404
56,1256
64,1448
58,1367
54,1242
57,1328
64,1526
55,1258
-,-,-,-
65,1470
65,1503
72,1710
71,1673
66,1538
72,1712
72,1714
67,1517
69,1583
70,1597
69,1579
56,1267
59,1253
59,1263
63,1522
57,1240
65,1484
58,1318
57,1214
62,1337
62,1505
59,1302
58,1304
59,1385
55,1216
60,1375
63,1439
59,1235
62,1441
63,1467
56,1266
62,1368
56,1228
60,1313
59,1343
57,1282
59,1368
59,1367
58,1379
-,-,-,-
66,1529
67,1548
72,1710
63,1496
66,1520
64,1460
70,1694
70,1597
69,1567
67,1556
64,1427
62,1497
60,1324
60,1372
57,1281
63,1443
62,1343
55,1223
61,1381
62,1424
59,1312
60,1404
57,1194
60,1458
61,1344
57,1357
62,1412
62,1417
64,1494
53,1238
58,1277
59,1352
58,1336
60,1416
58,1336
57,1392
62,1411
56,1232
63,1412
-,-,-,-
66,1516
72,1710
64,1486
72,1716
68,1619
62,1407
72,1710
65,1429
67,1519
64,1412
61,1296
60,1382
67,1556
58,1181
58,1365
62,1384
62,1325
59,1273
64,1436
61,1358
59,1346
58,1270
60,1314
53,1222
58,1303
64,1481
60,1414
60,1272
59,1340
66,1500
62,1293
60,1402
60,1397
58,1270
57,1275
57,1233
56,1307
58,1317
59,1336
-,-,-,-
72,1710
62,1421
65,1506
65,1532
72,1710
66,1540
64,1480
65,1395
68,1523
65,1465
64,1387
59,1388
61,1403
64,1440
58,1312
59,1287
57,1206
60,1406
61,1368
63,1458
60,1345
58,1333
60,1365
61,1356
52,1246
55,1228
58,1322
65,1530
67,1497
58,1347
61,1400
59,1353
59,1357
60,1309
60,1366
59,1454
57,1261
55,1281
56,1261
-,-,-,-
72,1710
62,1400
63,1460
62,1447
64,1485
66,1553
63,1445
67,1455
67,1497
68,1516
68,1561
63,1507
58,1240
60,1396
62,1409
59,1363
61,1419
57,1267
59,1329
63,1419
62,1458
57,1217
58,1259
62,1470
63,1470
56,1280
64,1460
62,1440
59,1393
63,1480
58,1292
56,1223
56,1309
57,1326
58,1310
57,1325
59,1340
55,1248
56,1199
-,-,-,-
72,1711
62,1400
63,1455
64,1468
67,1568
67,1548
72,1710
66,1492
70,1603
66,1466
69,1574
61,1487
60,1319
63,1457
58,1353
61,1473
60,1339
61,1280
61,1397
61,1393
57,1304
57,1243
56,1282
63,1423
65,1515
61,1401
59,1303
56,1331
60,1369
60,1327
60,1385
60,1368
58,1313
56,1208
61,1366
54,1250
60,1344
57,1227
62,1424
-,-,-,-
68,1611
63,1449
72,1710
67,1570
70,1649
69,1629
73,1731
69,1569
70,1597
70,1597
65,1428
61,1328
61,1357
64,1487
62,1400
59,1383
66,1501
63,1351
60,1335
63,1458
62,1431
61,1361
56,1285
60,1322
56,1272
60,1438
62,1367
62,1469
67,1599
62,1374
63,1476
58,1298
60,1353
61,1412
60,1382
59,1420
59,1301
58,1284
55,1281
-,-,-,-
72,1721
72,1686
68,1595
73,1731
70,1612
70,1655
64,1479
64,1414
70,1597
67,1534
67,1508
63,1502
59,1353
61,1381
66,1538
63,1470
56,1329
65,1542
61,1290
60,1330
66,1491
61,1348
62,1396
59,1336
56,1249
60,1357
59,1455
63,1412
57,1268
62,1429
58,1257
62,1487
60,1436
58,1325
60,1299
59,1388
55,1241
58,1296
61,1430
-,-,-,-
71,1691
71,1663
73,1731
63,1445
69,1593
60,1364
62,1473
65,1444
65,1449
66,1472
70,1601
68,1583
58,1269
61,1323
61,1424
64,1476
61,1509
64,1463
63,1431
61,1400
62,1396
62,1377
58,1390
64,1480
58,1258
66,1532
58,1438
62,1388
63,1474
61,1394
61,1426
59,1307
58,1297
56,1299
59,1316
62,1472
55,1192
59,1343
61,1389
-,-,-,-
73,1731
63,1468
62,1417
72,1686
68,1582
68,1560
64,1453
68,1502
70,1607
69,1544
68,1554
61,1367
55,1141
61,1495
60,1378
62,1454
59,1343
64,1387
62,1424
59,1278
56,1243
61,1414
58,1265
57,1274
60,1367
59,1306
57,1348
57,1255
63,1568
62,1433
60,1390
62,1427
63,1527
58,1361
61,1476
58,1393
58,1333
56,1305
61,1390
-,-,-,-
64,1523
66,1529
70,1627
69,1633
70,1627
71,1690
73,1727
68,1538
68,1521
70,1599
68,1569
56,1229
62,1420
55,1222
63,1502
61,1406
60,1390
63,1448
65,1412
62,1369
59,1311
62,1361
57,1308
65,1559
62,1436
59,1353
56,1314
63,1453
58,1295
61,1389
58,1286
61,1415
63,1547
59,1271
62,1464
55,1279
55,1251
59,1385
63,1491
-,-,-,-
67,1542
65,1501
72,1706
68,1590
63,1421
68,1593
62,1446
65,1406
70,1603
70,1597
65,1456
59,1379
62,1461
62,1420
62,1472
62,1423
59,1356
64,1469
59,1319
59,1338
63,1476
63,1404
62,1497
56,1270
60,1394
61,1329
60,1435
63,1412
61,1407
55,1213
62,1439
59,1340
58,1360
59,1345
55,1292
59,1433
59,1349
56,1231
55,1186
-,-,-,-
68,1558
72,1749
73,1727
69,1595
66,1552
70,1650
65,1496
69,1563
70,1595
66,1461
70,1597
54,1177
58,1318
63,1428
58,1303
59,1350
63,1496
62,1385
63,1358
61,1373
61,1379
59,1403
60,1292
58,1296
56,1218
58,1295
62,1467
60,1301
60,1449
58,1270
64,1460
59,1343
62,1480
62,1444
57,1324
60,1382
59,1362
60,1354
59,1300
-,-,-,-
68,1581
73,1727
71,1661
69,1618
73,1729
67,1537
73,1729
70,1640
67,1550
69,1557
67,1509
58,1311
61,1397
62,1365
57,1244
59,1311
61,1372
62,1458
60,1237
63,1456
56,1241
57,1283
59,1304
63,1502
66,1587
61,1310
60,1360
58,1297
61,1487
63,1475
64,1393
54,1162
62,1415
59,1327
61,1433
56,1291
55,1250
57,1380
59,1356
-,-,-,-
66,1552
68,1588
71,1697
65,1422
67,1554
64,1545
65,1501
67,1475
66,1447
67,1488
67,1526
56,1261
61,1374
64,1444
59,1312
65,1494
60,1361
61,1400
62,1393
60,1338
61,1287
56,1173
62,1409
56,1266
57,1274
62,1437
59,1401
63,1393
60,1432
60,1396
60,1297
61,1379
59,1388
58,1249
55,1188
58,1293
57,1235
55,1306
60,1407
-,-,-,-
73,1727
70,1637
67,1559
72,1713
73,1727
62,1375
73,1727
68,1507
61,1359
66,1504
70,1597
59,1350
62,1370
60,1340
60,1302
56,1254
56,1312
65,1437
58,1245
61,1341
62,1401
62,1501
60,1349
62,1390
61,1388
59,1301
58,1363
57,1303
63,1450
62,1495
60,1327
60,1381
57,1272
59,1342
61,1423
65,1549
54,1160
58,1307
53,1234
-,-,-,-
67,1574
68,1558
68,1562
63,1359
67,1543
66,1498
65,1579
65,1430
70,1595
70,1605
70,1595
62,1455
59,1297
59,1346
61,1394
66,1573
62,1502
59,1302
59,1299
58,1240
59,1321
59,1334
56,1205
63,1540
61,1365
59,1243
64,1504
62,1407
61,1395
58,1266
62,1570
60,1398
56,1261
60,1399
58,1312
57,1235
59,1306
62,1414
57,1273
-,-,-,-
64,1445
66,1487
70,1626
69,1614
65,1538
65,1493
69,1585
69,1551
69,1568
64,1402
67,1459
57,1292
61,1388
62,1405
57,1210
63,1414
63,1528
66,1516
63,1385
57,1242
62,1431
59,1287
60,1315
57,1325
63,1445
57,1254
59,1481
64,1401
58,1347
61,1428
62,1489
62,1432
54,1197
51,1128
63,1404
58,1381
60,1383
59,1423
57,1269
-,-,-,-
71,1667
67,1542
63,1427
71,1660
70,1649
66,1569
70,1634
70,1595
64,1424
70,1595
68,1553
62,1442
63,1478
61,1344
63,1437
64,1541
60,1398
63,1413
62,1389
60,1313
59,1378
60,1436
57,1275
63,1438
58,1291
61,1328
64,1540
58,1280
57,1313
61,1374
60,1337
58,1267
57,1300
63,1438
55,1244
57,1330
63,1374
56,1309
54,1206
-,-,-,-
69,1581
66,1538
67,1560
68,1580
70,1639
62,1411
64,1454
70,1599
65,1462
67,1512
67,1519
65,1546
63,1453
63,1473
62,1363
65,1501
58,1387
61,1382
55,1196
58,1291
63,1398
66,1545
61,1373
57,1344
58,1293
62,1509
61,1471
63,1476
59,1406
63,1484
60,1367
60,1403
62,1487
60,1362
61,1366
61,1425
61,1407
59,1257
59,1353
-,-,-,-
70,1638
72,1700
70,1689
71,1666
64,1545
71,1725
73,1729
69,1580
68,1507
65,1444
64,1429
58,1338
61,1370
61,1388
59,1325
64,1451
61,1465
60,1392
59,1228
55,1190
64,1425
62,1438
63,1475
56,1294
59,1303
60,1372
60,1463
65,1489
58,1346
61,1407
58,1395
58,1334
61,1432
60,1385
58,1282
61,1416
60,1296
54,1270
56,1268
-,-,-,-
73,1731
70,1635
66,1565
70,1614
64,1501
70,1664
69,1632
70,1595
69,1613
65,1431
64,1414
56,1212
62,1437
54,1195
66,1470
62,1440
59,1346
60,1270
63,1411
58,1326
61,1364
60,1353
65,1500
63,1418
58,1332
61,1331
62,1532
60,1362
54,1248
63,1477
59,1359
61,1417
60,1364
61,1421
56,1234
56,1352
60,1398
59,1338
58,1301
-,-,-,-
66,1566
65,1422
67,1551
72,1714
69,1614
72,1722
64,1535
67,1474
70,1597
67,1481
70,1595
59,1396
64,1422
62,1360
61,1363
63,1412
61,1436
59,1298
61,1322
53,1183
63,1406
60,1360
59,1237
59,1380
61,1434
61,1348
59,1366
59,1338
60,1405
66,1560
62,1383
66,1629
59,1352
54,1189
59,1349
57,1320
60,1397
60,1357
62,1420
-,-,-,-
66,1554
66,1514
67,1542
66,1505
67,1552
66,1579
65,1486
70,1603
70,1597
68,1511
68,1515
60,1364
59,1307
59,1324
63,1425
57,1329
56,1323
61,1323
62,1376
59,1323
56,1180
59,1377
58,1288
61,1405
63,1381
61,1377
61,1321
58,1396
60,1476
61,1371
59,1421
59,1391
56,1226
57,1327
60,1261
59,1410
59,1299
61,1416
57,1306
-,-,-,-
68,1605
73,1727
66,1522
73,1727
69,1627
62,1425
71,1661
70,1602
67,1518
68,1503
70,1595
56,1262
63,1442
61,1447
64,1456
57,1299
55,1272
63,1379
65,1409
59,1281
64,1442
58,1306
60,1330
59,1307
60,1411
60,1307
60,1377
58,1383
56,1300
59,1369
63,1493
61,1517
58,1280
61,1481
61,1401
59,1355
60,1358
59,1395
61,1426
-,-,-,-
62,1397
63,1416
65,1514
66,1537
67,1550
65,1507
66,1534
66,1462
65,1450
70,1595
66,1492
57,1307
62,1371
61,1370
65,1500
57,1223
64,1496
61,1365
62,1348
59,1322
65,1490
59,1303
62,1433
60,1363
62,1345
60,1301
63,1422
63,1520
62,1459
65,1465
50,1093
57,1312
62,1431
62,1492
55,1159
61,1410
56,1270
61,1346
59,1311
-,-,-,-
70,1655
63,1399
67,1594
69,1632
69,1622
67,1558
67,1553
70,1597
68,1533
67,1455
68,1499
63,1461
64,1435
61,1378
57,1314
61,1419
62,1510
63,1381
62,1368
63,1460
61,1336
61,1373
59,1373
62,1435
59,1320
55,1219
64,1497
59,1402
61,1416
58,1290
57,1322
57,1326
57,1297
62,1420
57,1278
60,1368
59,1291
58,1273
55,1205
-,-,-,-
69,1615
67,1565
66,1528
73,1727
62,1411
69,1620
67,1560
66,1455
67,1540
70,1595
70,1595
65,1512
57,1281
63,1412
60,1366
62,1407
57,1250
58,1262
62,1459
56,1188
61,1344
59,1355
60,1409
54,1151
63,1456
61,1345
65,1587
58,1403
61,1381
59,1269
57,1298
60,1406
63,1491
61,1421
62,1475
61,1410
55,1203
54,1201
62,1396
-,-,-,-
73,1727
62,1407
73,1764
71,1703
64,1469
61,1433
70,1643
68,1524
69,1567
68,1538
69,1587
61,1373
61,1347
58,1282
64,1455
61,1395
61,1417
60,1277
59,1221
57,1336
61,1371
62,1365
61,1410
58,1238
59,1372
60,1406
59,1405
65,1592
60,1386
59,1330
58,1373
60,1451
60,1344
58,1270
62,1438
65,1575
57,1228
59,1306
61,1407
-,-,-,-
73,1727
73,1727
70,1636
67,1524
65,1465
62,1441
68,1589
70,1603
69,1549
69,1566
67,1506
58,1366
65,1544
59,1343
57,1265
62,1414
65,1506
61,1388
59,1258
55,1211
64,1417
60,1316
60,1391
59,1317
63,1440
60,1333
60,1264
59,1408
59,1376
64,1452
64,1497
57,1369
61,1362
58,1316
60,1429
56,1270
57,1249
57,1329
57,1405
-,-,-,-
63,1427
65,1514
71,1725
72,1736
65,1515
67,1575
71,1683
67,1519
70,1595
71,1655
70,1595
59,1301
62,1472
58,1258
60,1314
62,1451
60,1303
63,1376
57,1245
59,1363
62,1394
64,1443
60,1438
63,1424
56,1277
62,1398
62,1426
59,1394
54,1246
64,1440
61,1439
60,1478
57,1317
61,1379
63,1477
61,1456
56,1260
60,1395
56,1227
-,-,-,-
73,1727
67,1567
65,1490
73,1727
62,1398
66,1529
64,1471
66,1497
66,1517
66,1526
71,1657
65,1511
59,1326
55,1189
63,1496
64,1469
56,1312
63,1372
61,1296
60,1349
62,1419
64,1479
57,1282
59,1405
60,1294
57,1217
60,1410
63,1492
60,1345
63,1376
58,1303
61,1452
55,1329
60,1336
59,1368
51,1136
61,1355
61,1384
57,1197
-,-,-,-
64,1508
69,1620
68,1588
72,1686
66,1563
63,1445
67,1531
71,1655
68,1545
67,1549
70,1601
64,1531
61,1394
63,1444
64,1473
58,1330
63,1475
69,1558
60,1324
62,1385
63,1406
59,1319
56,1251
61,1337
61,1411
62,1438
59,1376
58,1371
60,1456
57,1246
58,1267
54,1405
59,1381
56,1266
60,1372
62,1406
65,1446
62,1390
59,1380
-,-,-,-
66,1568
69,1616
72,1714
70,1630
64,1529
74,1758
72,1710
68,1544
70,1591
70,1593
66,1476
59,1331
61,1453
61,1389
58,1231
59,1396
62,1463
56,1227
61,1309
61,1360
62,1364
60,1450
61,1348
53,1191
62,1438
64,1460
60,1427
58,1308
62,1475
58,1297
57,1229
59,1351
58,1423
59,1387
62,1408
57,1298
58,1264
61,1463
60,1405
-,-,-,-
71,1705
70,1665
68,1634
69,1644
62,1426
65,1496
67,1548
62,1364
71,1655
68,1550
71,1655
63,1381
61,1427
62,1429
60,1295
61,1412
63,1490
56,1319
63,1384
62,1422
58,1223
63,1397
53,1170
62,1447
55,1251
59,1312
61,1473
59,1330
61,1339
66,1489
60,1305
60,1395
59,1295
64,1516
60,1330
59,1352
58,1269
59,1315
61,1409
-,-,-,-
69,1628
72,1701
69,1646
71,1694
65,1497
73,1712
67,1553
65,1444
71,1655
67,1517
69,1556
66,1527
61,1355
64,1459
62,1421
59,1274
60,1342
63,1485
60,1276
61,1378
63,1438
62,1427
65,1562
64,1452
61,1388
64,1490
59,1320
59,1326
63,1495
58,1322
62,1376
62,1400
56,1297
60,1446
61,1410
58,1291
62,1448
61,1424
61,1399
-,-,-,-
74,1758
73,1735
71,1647
65,1541
67,1530
69,1595
68,1562
71,1657
63,1375
64,1431
65,1460
61,1424
55,1241
63,1441
58,1240
64,1475
62,1468
61,1386
61,1340
54,1220
63,1345
60,1332
60,1417
61,1396
63,1428
64,1474
58,1370
62,1442
62,1466
60,1413
64,1449
61,1442
57,1311
59,1343
59,1389
59,1358
61,1472
57,1298
60,1344
-,-,-,-
72,1702
70,1648
64,1521
68,1632
66,1548
66,1563
67,1548
71,1655
70,1630
70,1639
70,1599
59,1239
58,1341
60,1419
63,1470
63,1404
58,1338
57,1338
65,1501
60,1345
64,1420
66,1458
61,1374
58,1319
62,1387
63,1404
60,1311
67,1571
60,1396
57,1360
59,1254
61,1434
62,1452
62,1444
63,1445
61,1430
62,1414
55,1263
57,1269
-,-,-,-
74,1756
73,1727
72,1688
67,1552
66,1525
74,1758
74,1760
69,1570
71,1655
71,1657
71,1661
69,1628
57,1304
61,1401
62,1420
56,1228
68,1649
64,1478
57,1306
60,1308
61,1413
59,1359
64,1496
59,1393
61,1337
61,1424
57,1318
58,1229
62,1487
58,1305
64,1423
55,1340
58,1380
60,1439
61,1383
55,1196
55,1223
56,1287
56,1268
-,-,-,-
65,1482
70,1642
65,1520
67,1567
70,1632
66,1482
73,1726
69,1585
67,1517
70,1597
71,1655
64,1446
67,1593
62,1377
67,1549
63,1392
62,1366
62,1374
61,1487
61,1349
57,1226
57,1265
60,1300
62,1406
63,1432
64,1422
61,1327
59,1356
63,1509
57,1333
61,1350
61,1419
67,1601
58,1327
62,1363
58,1313
55,1181
59,1309
60,1343
-,-,-,-
69,1640
70,1652
73,1724
70,1654
71,1666
69,1621
66,1522
64,1432
65,1436
69,1584
69,1597
60,1374
61,1381
58,1352
61,1422
62,1443
63,1455
60,1367
65,1486
62,1428
61,1407
68,1518
56,1300
61,1307
60,1347
59,1303
61,1358
66,1539
63,1489
60,1375
58,1341
64,1453
60,1395
59,1350
55,1213
58,1300
52,1151
56,1317
59,1318
-,-,-,-
65,1557
67,1545
67,1534
66,1537
65,1491
67,1535
71,1665
65,1480
64,1361
71,1655
69,1543
61,1396
63,1445
60,1395
64,1558
61,1424
58,1277
60,1399
66,1547
59,1353
56,1334
60,1317
55,1173
66,1496
58,1285
58,1286
62,1380
64,1469
62,1354
57,1357
60,1404
63,1459
61,1430
64,1559
57,1281
53,1246
56,1293
60,1295
57,1233
-,-,-,-
72,1701
73,1736
65,1503
65,1489
74,1756
62,1438
69,1597
71,1657
69,1566
67,1533
71,1653
66,1558
64,1503
62,1536
61,1459
59,1341
60,1425
58,1256
63,1475
60,1404
56,1285
61,1399
60,1296
61,1391
58,1310
58,1308
64,1492
55,1258
60,1302
59,1506
62,1453
58,1256
60,1393
61,1481
57,1300
62,1430
62,1390
54,1213
54,1213
-,-,-,-
72,1703
66,1527
65,1584
74,1756
74,1766
65,1462
73,1733
61,1329
62,1369
71,1670
72,1719
66,1464
60,1321
62,1459
56,1389
63,1386
64,1497
59,1374
54,1155
59,1390
56,1250
61,1325
64,1436
67,1605
62,1445
60,1361
63,1441
57,1322
63,1445
61,1470
55,1219
63,1393
58,1333
57,1343
61,1370
63,1432
59,1393
58,1339
57,1326
-,-,-,-
72,1736
64,1459
69,1644
65,1458
73,1730
71,1682
66,1570
65,1485
72,1719
70,1617
67,1524
65,1513
60,1306
67,1599
62,1501
62,1433
59,1273
59,1261
59,1407
59,1353
62,1443
57,1291
63,1411
56,1216
60,1323
59,1349
59,1399
64,1528
56,1257
57,1317
59,1441
62,1353
55,1274
60,1437
59,1307
62,1437
60,1282
57,1277
61,1426
-,-,-,-
66,1533
72,1705
70,1645
70,1651
66,1518
62,1406
74,1754
71,1651
67,1525
69,1587
65,1459
67,1506
61,1383
57,1310
64,1469
62,1347
61,1326
62,1406
60,1334
60,1404
63,1468
62,1467
59,1258
60,1337
60,1414
60,1376
64,1456
57,1262
60,1298
63,1476
61,1381
58,1231
61,1464
53,1137
60,1371
55,1206
60,1333
53,1208
60,1343
-,-,-,-
74,1754
72,1706
66,1556
73,1742
63,1439
65,1492
71,1672
72,1719
63,1415
71,1655
70,1609
63,1390
61,1294
61,1379
60,1348
61,1356
62,1390
59,1363
58,1429
61,1406
61,1462
59,1391
60,1364
62,1414
61,1391
59,1310
61,1452
57,1285
61,1322
59,1429
65,1549
63,1400
62,1443
62,1544
63,1497
56,1220
60,1388
56,1269
64,1492
-,-,-,-
68,1552
67,1534
62,1426
66,1557
62,1458
65,1495
74,1762
62,1344
66,1526
68,1529
65,1429
62,1378
67,1534
63,1485
61,1372
62,1346
66,1507
62,1348
63,1489
62,1397
61,1417
55,1312
55,1093
60,1318
60,1402
62,1377
60,1453
57,1314
57,1310
52,1267
60,1426
59,1288
60,1347
63,1464
57,1243
58,1264
60,1420
62,1445
58,1337
-,-,-,-
69,1628
65,1468
68,1552
65,1531
71,1653
74,1754
70,1657
70,1612
64,1409
70,1622
66,1540
67,1509
60,1280
61,1402
62,1424
64,1431
60,1360
59,1324
61,1385
59,1315
63,1474
57,1285
57,1237
59,1255
59,1370
63,1406
58,1294
62,1422
61,1414
60,1428
61,1418
63,1368
56,1249
62,1444
59,1386
65,1533
60,1316
58,1322
62,1398
-,-,-,-
66,1493
70,1669
65,1554
65,1461
74,1756
67,1540
70,1679
72,1719
66,1481
64,1424
72,1719
63,1433
64,1468
60,1340
61,1425
63,1491
64,1509
64,1469
57,1286
60,1410
61,1360
59,1292
61,1424
61,1384
61,1351
59,1323
57,1268
63,1444
60,1417
60,1438
63,1459
64,1450
61,1496
57,1325
63,1444
55,1242
61,1340
56,1179
60,1349
-,-,-,-
74,1754
68,1558
64,1491
66,1521
70,1676
63,1440
67,1539
64,1403
64,1445
65,1455
68,1565
63,1429
60,1346
65,1576
59,1390
61,1413
68,1510
57,1252
61,1337
61,1370
59,1299
54,1193
60,1279
62,1419
61,1406
65,1520
58,1271
63,1471
62,1415
58,1336
60,1372
58,1255
60,1445
64,1492
58,1328
54,1116
63,1431
58,1366
62,1482
-,-,-,-
62,1413
68,1543
67,1554
72,1706
69,1595
74,1754
72,1749
72,1719
72,1709
70,1613
69,1599
61,1334
62,1450
62,1390
65,1509
58,1419
56,1279
62,1386
64,1488
61,1403
59,1299
59,1329
63,1428
62,1392
60,1439
59,1344
63,1509
62,1399
63,1376
59,1375
60,1363
59,1338
57,1310
55,1277
61,1438
61,1424
62,1426
59,1331
57,1279
-,-,-,-
65,1548
64,1527
63,1415
67,1541
69,1651
71,1684
73,1726
70,1644
71,1672
70,1605
67,1530
62,1377
59,1342
59,1350
57,1326
60,1451
62,1404
62,1386
60,1337
59,1396
54,1238
54,1199
64,1421
60,1312
59,1397
65,1491
58,1353
63,1491
61,1380
57,1463
60,1470
62,1358
58,1345
62,1436
61,1469
58,1284
58,1304
58,1360
59,1371
-,-,-,-
66,1538
73,1743
62,1479
74,1754
74,1765
72,1686
73,1741
71,1685
69,1613
67,1497
65,1447
60,1256
63,1487
62,1399
64,1509
59,1385
60,1373
63,1437
64,1444
65,1547
66,1557
60,1389
58,1288
63,1429
60,1325
57,1360
56,1305
61,1454
61,1393
58,1352
60,1472
61,1380
63,1568
60,1294
59,1386
57,1360
64,1459
60,1400
62,1428
-,-,-,-
73,1729
69,1609
71,1682
68,1536
64,1443
70,1635
68,1543
72,1707
69,1584
71,1655
72,1709
59,1329
58,1279
62,1464
65,1502
58,1304
65,1550
62,1386
55,1170
58,1284
62,1453
58,1381
58,1235
62,1365
62,1475
62,1344
55,1284
55,1250
56,1227
58,1349
60,1377
65,1473
58,1360
62,1389
65,1568
58,1309
56,1314
58,1239
60,1338
-,-,-,-
74,1754
64,1445
71,1663
70,1619
67,1541
68,1587
66,1530
68,1568
68,1583
70,1613
70,1665
60,1341
62,1399
63,1408
60,1372
63,1461
56,1222
63,1429
59,1309
59,1334
56,1270
62,1509
63,1357
59,1281
59,1338
61,1298
55,1215
56,1277
61,1450
60,1444
58,1374
62,1360
54,1249
62,1435
58,1383
60,1398
56,1268
57,1289
57,1312
-,-,-,-
74,1754
66,1490
66,1480
72,1714
66,1504
68,1583
72,1706
67,1530
69,1599
68,1557
68,1560
58,1226
65,1476
65,1457
61,1379
56,1277
65,1487
62,1422
59,1323
63,1461
61,1421
61,1432
63,1390
65,1545
63,1443
58,1238
56,1239
58,1273
54,1204
61,1492
56,1333
61,1353
58,1427
56,1250
61,1396
63,1438
56,1264
56,1192
61,1380
-,-,-,-
69,1593
59,1317
74,1754
64,1437
68,1587
74,1756
65,1487
68,1532
71,1647
64,1437
68,1593
63,1382
63,1408
66,1483
61,1417
65,1588
61,1380
67,1563
62,1426
61,1377
62,1456
60,1331
68,1544
61,1399
60,1322
60,1337
63,1432
63,1420
61,1396
60,1442
59,1348
59,1348
56,1380
61,1364
64,1543
59,1297
57,1248
59,1288
55,1181
-,-,-,-
72,1701
64,1505
65,1505
67,1520
71,1658
65,1581
66,1531
72,1707
62,1375
65,1444
72,1707
65,1499
60,1377
57,1283
56,1300
61,1437
61,1416
56,1255
62,1402
65,1529
59,1339
64,1498
56,1264
61,1376
58,1353
61,1398
60,1401
61,1349
62,1301
58,1368
57,1295
65,1482
61,1398
59,1382
62,1461
61,1425
57,1313
54,1229
60,1354
-,-,-,-
74,1760
68,1617
64,1500
69,1633
61,1367
67,1563
68,1544
68,1551
68,1526
71,1651
68,1607
67,1551
64,1495
64,1468
61,1339
59,1272
61,1418
60,1372
64,1506
61,1404
60,1377
61,1371
63,1420
58,1289
55,1279
60,1365
61,1368
60,1346
61,1317
55,1289
59,1372
57,1282
59,1333
64,1475
57,1323
55,1245
57,1252
64,1462
54,1231
-,-,-,-
65,1540
65,1461
73,1739
67,1506
74,1754
64,1460
73,1719
67,1493
70,1603
69,1612
63,1425
61,1381
56,1215
64,1391
60,1326
67,1623
61,1442
64,1476
63,1360
62,1422
65,1529
60,1406
62,1458
54,1196
62,1425
59,1338
57,1342
60,1374
63,1412
61,1457
63,1534
60,1328
60,1396
60,1387
63,1524
56,1306
58,1255
61,1414
61,1374
-,-,-,-
64,1500
68,1585
71,1685
70,1650
71,1674
73,1719
71,1692
72,1709
70,1609
72,1707
69,1634
63,1400
60,1245
61,1422
60,1323
63,1430
62,1489
60,1253
61,1425
60,1321
60,1505
57,1235
62,1489
62,1371
61,1362
61,1344
65,1465
59,1328
61,1421
63,1564
59,1340
63,1391
61,1439
61,1348
66,1620
62,1413
60,1344
60,1390
60,1344
-,-,-,-
72,1690
68,1567
73,1712
64,1449
70,1621
74,1756
67,1547
67,1533
72,1707
70,1604
72,1707
60,1368
65,1437
61,1411
61,1369
62,1425
67,1685
58,1347
62,1427
63,1454
64,1553
58,1308
59,1352
58,1262
64,1505
60,1400
58,1340
62,1455
59,1365
55,1329
62,1430
60,1381
60,1295
62,1476
60,1362
61,1372
58,1295
58,1331
58,1305
-,-,-,-
70,1631
70,1685
66,1588
74,1754
67,1615
74,1754
67,1566
69,1580
70,1602
63,1382
67,1516
65,1417
57,1255
64,1487
63,1410
59,1300
61,1415
61,1384
57,1238
62,1481
63,1403
59,1380
54,1244
61,1376
62,1364
67,1572
62,1434
60,1386
64,1417
59,1453
60,1500
59,1367
58,1280
59,1367
57,1260
57,1259
61,1412
58,1314
57,1237
-,-,-,-
74,1754
71,1653
74,1754
69,1625
72,1688
70,1614
66,1590
72,1717
68,1551
69,1603
72,1707
56,1179
69,1605
61,1369
59,1354
61,1454
59,1368
62,1394
60,1304
59,1374
63,1351
59,1385
68,1616
59,1464
60,1311
65,1454
62,1427
59,1410
62,1349
55,1268
60,1446
57,1352
65,1442
60,1391
62,1491
58,1387
57,1247
57,1245
54,1229
-,-,-,-
72,1696
65,1586
74,1754
71,1670
71,1677
67,1566
67,1548
70,1619
62,1388
72,1707
72,1711
64,1439
58,1246
61,1362
61,1342
59,1360
63,1410
58,1381
61,1370
66,1503
60,1350
66,1581
59,1317
61,1436
63,1421
61,1401
56,1255
59,1376
64,1386
58,1341
58,1305
62,1424
62,1382
58,1373
56,1238
52,1161
60,1334
63,1387
59,1376
-,-,-,-
67,1543
66,1534
65,1474
64,1470
68,1545
62,1408
72,1711
71,1653
69,1577
72,1707
64,1472
64,1448
59,1338
57,1227
62,1375
62,1451
63,1458
56,1283
61,1400
62,1415
56,1219
59,1349
60,1443
58,1334
61,1385
61,1517
61,1439
62,1369
63,1386
63,1468
58,1365
54,1244
63,1395
62,1491
62,1352
59,1283
58,1319
59,1273
60,1446
-,-,-,-
74,1754
74,1754
60,1336
73,1719
65,1525
66,1538
73,1720
69,1551
65,1489
61,1328
67,1510
63,1395
61,1324
64,1413
63,1350
61,1385
62,1437
65,1511
62,1422
62,1425
59,1371
61,1405
61,1416
60,1406
63,1495
59,1272
60,1392
62,1454
59,1314
59,1359
63,1488
57,1321
61,1355
61,1370
66,1568
58,1269
56,1251
61,1418
57,1308
-,-,-,-
71,1645
69,1619
66,1568
74,1754
68,1590
71,1671
74,1754
69,1614
62,1392
69,1602
69,1620
66,1514
60,1300
60,1354
58,1249
60,1353
58,1310
59,1379
59,1298
61,1336
59,1404
64,1496
64,1513
61,1455
60,1395
58,1247
62,1384
57,1284
58,1290
60,1353
65,1622
60,1423
60,1409
63,1387
56,1291
54,1239
62,1414
59,1417
58,1334
-,-,-,-
67,1514
68,1587
70,1639
64,1543
74,1752
69,1629
66,1538
72,1741
65,1417
68,1551
63,1364
63,1381
60,1328
59,1345
64,1444
64,1483
65,1547
60,1366
65,1540
67,1543
62,1360
55,1210
61,1449
58,1338
61,1329
58,1255
57,1304
60,1398
53,1083
59,1401
59,1432
64,1550
63,1518
64,1440
55,1318
57,1332
59,1301
61,1460
57,1294
-,-,-,-
70,1634
71,1698
69,1626
71,1665
74,1750
74,1752
71,1680
66,1500
71,1648
71,1688
70,1625
62,1343
64,1468
57,1312
58,1306
63,1520
64,1553
62,1429
63,1388
60,1387
55,1230
57,1381
60,1434
60,1431
60,1293
60,1353
62,1451
58,1369
58,1281
55,1223
60,1504
60,1415
59,1381
62,1406
56,1275
59,1292
56,1241
59,1305
55,1278
-,-,-,-
71,1668
70,1652
74,1766
66,1522
69,1598
60,1412
71,1678
70,1647
69,1551
72,1709
70,1652
67,1549
56,1242
63,1447
64,1439
59,1386
61,1417
64,1476
61,1411
64,1395
62,1373
67,1569
60,1455
62,1391
61,1324
56,1270
59,1369
61,1401
57,1260
58,1367
56,1356
54,1201
62,1444
60,1309
57,1409
56,1277
57,1303
64,1506
53,1191
-,-,-,-
71,1652
68,1567
64,1464
71,1680
69,1612
69,1596
70,1657
70,1623
64,1455
71,1641
64,1452
62,1392
62,1362
66,1480
61,1360
53,1151
61,1411
59,1327
57,1263
58,1277
60,1397
61,1383
60,1358
59,1401
53,1175
62,1356
63,1500
60,1367
62,1398
55,1268
56,1343
57,1337
58,1401
63,1421
64,1555
64,1417
56,1241
60,1372
62,1458
-,-,-,-
66,1561
64,1440
69,1625
71,1668
73,1784
68,1571
72,1745
64,1407
72,1707
67,1515
67,1495
65,1473
59,1289
64,1482
65,1454
64,1498
63,1396
60,1381
60,1389
66,1492
58,1295
62,1368
59,1253
58,1318
60,1346
63,1492
55,1339
59,1345
62,1438
53,1143
58,1449
59,1417
61,1412
62,1397
62,1432
57,1277
60,1338
57,1263
58,1244
-,-,-,-
70,1638
67,1556
74,1750
74,1750
66,1486
71,1659
74,1750
62,1361
64,1438
66,1508
69,1615
67,1612
60,1302
60,1316
61,1378
61,1438
63,1489
58,1399
62,1394
59,1337
55,1286
58,1293
60,1305
62,1582
61,1429
62,1463
59,1373
61,1433
65,1512
60,1430
61,1448
59,1346
59,1295
60,1341
62,1418
59,1276
58,1307
59,1324
61,1385
-,-,-,-
66,1497
69,1630
68,1586
70,1653
74,1750
66,1520
73,1724
67,1524
69,1595
70,1643
72,1703
66,1461
64,1450
63,1491
65,1460
57,1245
56,1225
61,1518
66,1606
60,1401
63,1488
61,1401
61,1373
58,1363
57,1287
63,1458
58,1341
63,1456
58,1229
54,1255
56,1374
63,1531
59,1379
63,1471
56,1358
60,1380
56,1202
59,1332
62,1417
-,-,-,-
71,1678
70,1705
63,1420
72,1711
66,1528
74,1750
61,1338
72,1703
64,1403
68,1569
65,1455
61,1360
66,1527
68,1552
65,1501
60,1374
61,1433
61,1437
63,1392
61,1349
64,1461
64,1420
62,1490
62,1519
60,1331
61,1359
61,1348
57,1266
63,1398
56,1280
60,1463
57,1329
56,1296
62,1334
60,1367
61,1373
60,1329
57,1359
59,1350
-,-,-,-
73,1764
74,1750
64,1476
74,1750
63,1423
67,1579
68,1571
68,1605
67,1492
72,1703
60,1296
60,1352
58,1343
65,1469
60,1310
63,1421
63,1449
59,1426
61,1342
64,1480
56,1231
58,1335
60,1424
62,1487
57,1292
63,1449
63,1454
58,1385
64,1489
63,1474
61,1438
63,1463
61,1461
62,1343
62,1363
62,1429
56,1229
57,1265
56,1242
-,-,-,-
65,1488
65,1503
71,1684
60,1362
65,1536
66,1477
72,1729
66,1524
64,1441
70,1613
69,1612
66,1514
65,1454
62,1356
60,1347
66,1543
62,1387
63,1500
60,1323
58,1276
61,1461
58,1285
61,1373
62,1495
67,1543
62,1424
68,1551
56,1279
60,1349
60,1450
56,1370
63,1578
63,1431
60,1344
60,1436
57,1236
58,1235
61,1388
58,1325
-,-,-,-
74,1740
66,1545
68,1566
65,1557
68,1543
63,1473
74,1752
70,1628
65,1466
66,1505
70,1633
62,1416
59,1335
64,1502
62,1400
54,1173
59,1325
61,1393
60,1422
63,1379
64,1476
58,1285
64,1513
63,1510
57,1344
58,1353
67,1536
62,1432
52,1158
57,1286
62,1515
58,1324
61,1446
62,1410
56,1238
59,1302
58,1234
61,1403
58,1318
-,-,-,-
66,1500
64,1522
61,1438
65,1461
73,1739
72,1685
74,1740
65,1430
68,1608
62,1364
72,1703
67,1486
58,1229
60,1308
55,1244
61,1386
61,1404
63,1487
58,1395
62,1463
59,1314
66,1580
58,1322
60,1343
52,1152
57,1294
60,1454
66,1507
62,1322
61,1358
59,1445
59,1470
61,1424
59,1334
58,1334
59,1353
60,1325
59,1342
56,1265
-,-,-,-
67,1557
67,1523
68,1583
68,1594
64,1392
71,1669
73,1711
70,1627
68,1587
68,1542
69,1601
64,1376
66,1534
65,1536
61,1340
57,1240
61,1473
61,1371
55,1300
59,1331
63,1377
58,1275
61,1407
62,1437
59,1326
58,1334
62,1522
57,1244
58,1295
58,1389
58,1354
57,1233
62,1422
63,1381
62,1512
59,1367
56,1260
56,1314
58,1343
-,-,-,-
69,1628
61,1428
67,1547
74,1740
68,1573
66,1498
66,1514
64,1399
63,1418
69,1583
72,1705
60,1331
64,1455
59,1311
58,1278
62,1367
59,1340
64,1395
61,1487
66,1522
63,1402
62,1374
59,1366
56,1248
60,1394
58,1350
58,1406
62,1411
64,1429
60,1392
62,1406
62,1512
60,1396
59,1304
62,1436
62,1446
61,1441
54,1197
53,1139
-,-,-,-
74,1758
74,1740
66,1540
71,1691
66,1512
69,1610
67,1539
62,1425
72,1703
70,1603
70,1630
65,1433
60,1349
65,1433
63,1371
59,1329
61,1395
65,1470
63,1469
59,1315
63,1384
65,1493
60,1388
61,1392
57,1314
63,1491
61,1453
57,1266
60,1394
52,1102
63,1568
57,1373
57,1356
60,1358
55,1289
61,1369
58,1308
59,1386
59,1378
-,-,-,-
70,1629
65,1438
71,1691
64,1486
66,1519
74,1740
65,1478
68,1529
65,1464
63,1415
69,1609
62,1395
61,1297
60,1290
60,1263
68,1559
59,1357
55,1249
59,1347
61,1364
64,1455
60,1370
62,1454
58,1254
57,1272
58,1392
62,1469
59,1299
62,1426
60,1366
60,1427
65,1585
57,1327
58,1301
63,1518
63,1492
55,1252
58,1358
57,1266
-,-,-,-
66,1516
64,1467
67,1552
64,1459
74,1740
67,1542
74,1740
70,1638
72,1709
70,1636
68,1575
67,1526
63,1423
65,1499
61,1303
65,1495
57,1379
61,1369
62,1463
62,1445
64,1504
63,1456
58,1321
60,1393
60,1388
55,1310
60,1386
59,1317
60,1338
58,1322
59,1460
60,1397
59,1346
61,1402
57,1369
61,1357
59,1293
56,1208
63,1391
-,-,-,-
60,1299
69,1636
74,1740
62,1401
74,1740
66,1501
61,1438
71,1670
68,1559
64,1436
69,1605
67,1578
60,1310
65,1477
57,1287
59,1373
58,1243
58,1321
63,1436
61,1381
59,1359
65,1507
58,1223
62,1460
56,1233
60,1476
56,1282
58,1337
63,1442
56,1333
60,1443
62,1534
58,1318
62,1432
65,1623
61,1376
60,1269
60,1431
53,1171
-,-,-,-
58,1272
65,1509
74,1755
71,1670
74,1740
74,1740
65,1463
63,1381
72,1705
72,1705
70,1603
67,1554
58,1329
63,1392
60,1311
62,1421
59,1384
55,1251
63,1497
65,1522
59,1338
59,1338
62,1400
62,1422
63,1499
55,1238
61,1477
61,1388
58,1301
61,1429
61,1501
60,1455
58,1400
65,1474
61,1477
63,1410
59,1325
58,1326
56,1305
-,-,-,-
69,1628
66,1516
60,1299
74,1740
64,1466
72,1679
69,1586
69,1575
72,1703
67,1528
71,1639
61,1330
60,1301
61,1351
62,1376
65,1491
62,1375
58,1296
64,1486
65,1442
63,1452
64,1460
58,1293
61,1421
63,1476
61,1456
58,1349
59,1258
62,1346
57,1343
61,1427
59,1358
64,1489
61,1366
61,1487
61,1329
56,1330
60,1317
63,1437
-,-,-,-
72,1686
60,1355
68,1528
71,1674
67,1539
74,1740
66,1507
64,1448
64,1442
71,1682
71,1682
66,1501
60,1359
58,1333
61,1404
62,1441
60,1389
63,1411
62,1463
64,1450
65,1464
62,1427
60,1344
58,1334
59,1332
59,1441
59,1353
59,1302
62,1369
62,1388
59,1412
59,1428
59,1431
59,1265
60,1408
58,1287
57,1341
60,1387
59,1369
-,-,-,-
66,1505
74,1740
67,1536
70,1655
74,1748
70,1622
74,1740
70,1634
67,1532
70,1651
69,1580
62,1436
57,1215
59,1346
65,1447
61,1404
62,1397
64,1410
60,1429
61,1358
60,1330
59,1346
59,1320
61,1379
59,1395
60,1388
57,1295
62,1371
57,1242
58,1324
58,1375
59,1467
63,1495
63,1438
57,1404
61,1344
59,1346
65,1481
62,1427
-,-,-,-
63,1390
71,1648
73,1713
74,1740
70,1631
71,1664
69,1627
72,1703
72,1703
70,1636
71,1629
65,1499
64,1463
63,1420
59,1260
61,1354
58,1396
65,1456
54,1287
61,1361
59,1417
63,1433
65,1468
62,1462
63,1471
64,1530
55,1190
56,1186
58,1303
58,1272
61,1514
60,1379
54,1285
60,1296
59,1335
61,1434
59,1305
56,1287
58,1410
-,-,-,-
70,1615
67,1557
70,1576
73,1725
69,1604
66,1492
65,1521
69,1543
66,1490
62,1362
72,1703
58,1251
62,1425
60,1333
62,1334
57,1324
64,1496
65,1520
57,1309
57,1342
65,1480
62,1462
59,1300
61,1358
62,1446
62,1497
59,1270
60,1357
59,1327
65,1542
59,1454
59,1397
60,1415
64,1387
60,1385
58,1310
58,1369
56,1245
60,1348
-,-,-,-
67,1543
62,1409
69,1605
72,1723
70,1643
62,1431
74,1740
65,1495
66,1522
67,1530
71,1639
59,1292
63,1432
64,1430
62,1383
62,1369
59,1385
59,1394
56,1319
58,1284
60,1348
63,1422
62,1479
58,1282
55,1279
57,1287
59,1357
58,1297
63,1414
61,1394
60,1481
60,1410
62,1408
62,1407
57,1238
55,1277
57,1218
59,1364
62,1385
-,-,-,-
74,1740
68,1586
67,1509
72,1682
71,1646
70,1596
71,1652
70,1618
69,1609
66,1508
65,1483
64,1426
62,1372
65,1499
63,1430
62,1433
65,1484
61,1402
59,1368
62,1467
64,1505
68,1535
60,1311
57,1302
61,1383
64,1588
57,1400
63,1379
59,1261
60,1403
60,1445
58,1342
57,1324
59,1278
58,1260
64,1533
57,1287
65,1495
60,1403
-,-,-,-
69,1607
69,1598
67,1539
65,1530
64,1456
66,1522
65,1494
67,1569
65,1495
68,1557
68,1522
66,1491
64,1462
57,1326
61,1316
62,1354
62,1432
61,1402
60,1358
64,1492
68,1579
59,1360
62,1400
60,1355
56,1296
63,1498
57,1308
61,1400
60,1351
61,1366
59,1335
62,1418
57,1284
61,1367
60,1422
53,1181
57,1292
58,1290
60,1352
-,-,-,-
64,1480
61,1404
66,1465
62,1386
69,1609
66,1537
72,1692
61,1344
71,1703
65,1460
68,1549
68,1548
61,1321
57,1256
60,1294
62,1360
57,1336
60,1291
61,1431
62,1385
61,1404
58,1283
63,1451
63,1479
60,1374
59,1402
62,1475
61,1380
62,1449
64,1519
56,1295
61,1432
61,1452
62,1382
61,1389
57,1298
55,1289
63,1445
57,1249
-,-,-,-
67,1559
73,1742
67,1519
69,1602
71,1649
71,1672
64,1433
64,1386
61,1323
60,1319
65,1480
64,1434
61,1346
64,1484
59,1261
65,1455
58,1357
61,1446
63,1538
63,1429
56,1328
65,1438
63,1467
62,1412
63,1445
60,1306
59,1411
55,1261
65,1500
59,1389
61,1458
58,1354
59,1325
64,1366
60,1345
59,1280
60,1375
60,1373
59,1350
-,-,-,-
74,1742
72,1678
67,1514
67,1542
69,1607
66,1528
63,1393
67,1545
68,1605
71,1639
68,1547
67,1502
61,1392
59,1267
68,1523
66,1515
56,1178
60,1352
57,1414
54,1250
60,1395
60,1417
54,1199
59,1381
62,1489
59,1369
55,1235
60,1378
60,1336
54,1177
59,1416
61,1424
60,1388
59,1297
64,1511
55,1218
61,1410
64,1405
59,1344
-,-,-,-
67,1518
73,1721
71,1660
70,1675
60,1329
70,1617
68,1594
69,1549
70,1640
70,1638
71,1649
61,1381
60,1351
62,1405
63,1388
62,1391
59,1348
67,1499
62,1480
59,1335
64,1549
62,1370
56,1284
59,1366
64,1447
63,1429
57,1334
57,1284
59,1301
60,1406
59,1423
59,1432
57,1372
62,1337
53,1251
56,1193
59,1398
60,1361
58,1292
-,-,-,-
67,1543
72,1709
67,1554
62,1401
64,1460
63,1495
65,1484
68,1563
71,1651
68,1533
64,1431
64,1420
63,1385
60,1316
60,1263
62,1413
64,1469
65,1459
60,1337
61,1396
59,1392
64,1464
62,1331
65,1495
62,1406
62,1456
58,1304
58,1354
60,1249
60,1356
60,1378
57,1318
59,1324
62,1348
54,1236
59,1343
59,1361
60,1338
60,1359
-,-,-,-
65,1431
65,1473
74,1740
64,1469
74,1740
64,1466
67,1535
66,1511
67,1530
71,1659
72,1697
67,1481
58,1232
67,1491
65,1433
63,1347
60,1364
65,1457
61,1417
61,1411
62,1466
65,1493
62,1453
60,1330
58,1319
60,1410
56,1263
59,1317
58,1297
59,1309
56,1437
65,1573
62,1489
64,1466
60,1363
59,1295
59,1359
60,1356
56,1356
-,-,-,-
69,1615
68,1620
64,1437
72,1674
69,1629
71,1662
66,1539
60,1355
69,1548
68,1579
72,1709
64,1487
62,1351
63,1432
61,1398
63,1422
60,1380
60,1284
64,1507
60,1380
61,1390
62,1360
61,1384
58,1323
60,1387
57,1323
57,1344
62,1430
63,1472
63,1469
58,1374
57,1297
59,1417
63,1393
59,1448
59,1310
58,1425
61,1303
60,1396
-,-,-,-
62,1421
64,1471
65,1473
66,1513
71,1649
70,1631
69,1573
71,1651
72,1697
62,1393
65,1480
65,1555
61,1431
65,1463
62,1328
62,1390
59,1430
58,1334
58,1260
61,1333
58,1331
64,1531
57,1287
62,1433
60,1349
57,1335
62,1539
62,1432
58,1231
59,1327
59,1423
61,1452
58,1385
64,1392
61,1339
56,1258
61,1385
57,1244
61,1404
-,-,-,-
64,1479
74,1740
74,1740
66,1508
67,1515
66,1501
73,1721
68,1551
71,1651
72,1697
64,1440
66,1466
61,1433
61,1360
63,1416
60,1236
63,1469
65,1447
63,1434
59,1375
61,1405
63,1477
61,1316
61,1422
65,1439
60,1422
59,1505
60,1379
62,1463
61,1397
59,1375
62,1502
60,1357
58,1290
59,1366
58,1250
54,1300
59,1315
59,1350
-,-,-,-
63,1445
66,1529
62,1450
69,1614
66,1512
65,1483
67,1537
67,1518
72,1697
72,1695
68,1580
61,1329
62,1402
61,1335
68,1551
62,1346
63,1394
65,1463
58,1377
61,1466
64,1529
60,1349
60,1314
59,1399
62,1419
60,1475
64,1503
59,1293
57,1305
59,1403
63,1497
61,1423
60,1447
62,1331
60,1414
60,1296
59,1357
62,1385
61,1370
-,-,-,-
66,1503
59,1329
73,1713
73,1724
70,1638
72,1701
67,1539
68,1564
72,1693
72,1695
70,1626
56,1165
55,1238
64,1466
68,1514
59,1252
60,1347
62,1354
64,1497
60,1382
59,1358
61,1381
58,1348
59,1372
60,1371
60,1353
59,1390
63,1405
61,1401
61,1447
61,1370
62,1480
57,1344
66,1493
62,1375
62,1344
56,1279
55,1165
61,1394
-,-,-,-
63,1408
73,1712
67,1560
66,1497
74,1746
74,1740
68,1571
71,1647
72,1703
71,1653
71,1668
57,1237
59,1332
59,1300
60,1319
62,1397
62,1459
62,1327
60,1411
57,1269
66,1558
55,1206
61,1338
61,1463
59,1398
58,1336
62,1503
62,1375
58,1277
61,1372
61,1375
60,1454
62,1421
57,1318
55,1231
61,1395
61,1426
59,1230
58,1322
-,-,-,-
59,1272
69,1614
65,1482
68,1611
65,1446
66,1510
65,1479
66,1480
69,1598
71,1627
72,1693
63,1392
62,1323
64,1403
61,1366
56,1225
62,1398
59,1258
63,1473
61,1401
63,1539
65,1518
60,1413
56,1304
60,1357
64,1460
65,1536
64,1392
64,1490
60,1331
54,1193
62,1483
62,1534
62,1542
56,1225
59,1275
59,1432
60,1293
61,1456
-,-,-,-
69,1602
64,1418
69,1619
74,1742
64,1446
64,1392
71,1658
71,1658
71,1650
72,1693
66,1512
65,1584
59,1228
63,1401
65,1486
58,1368
58,1352
62,1420
62,1463
60,1403
61,1575
64,1469
63,1434
55,1243
57,1226
62,1461
59,1460
63,1366
57,1301
56,1160
60,1401
62,1524
56,1319
63,1553
60,1375
60,1344
55,1234
66,1568
60,1364
-,-,-,-
63,1433
61,1412
68,1586
68,1535
73,1742
73,1729
66,1498
70,1635
71,1645
72,1691
67,1475
67,1510
55,1286
63,1396
63,1440
59,1316
58,1267
63,1490
59,1316
66,1487
61,1418
64,1490
59,1311
56,1193
62,1521
57,1313
60,1472
65,1428
62,1397
62,1405
59,1313
59,1366
59,1345
61,1428
62,1425
60,1384
63,1392
60,1407
60,1405
-,-,-,-
68,1593
71,1625
65,1473
67,1541
63,1423
63,1495
74,1740
69,1547
72,1700
66,1519
72,1691
60,1345
61,1421
68,1528
61,1394
65,1415
62,1428
64,1439
61,1399
64,1471
57,1381
62,1502
59,1401
61,1440
64,1488
63,1436
61,1568
62,1357
58,1309
60,1382
58,1290
59,1313
59,1386
64,1525
63,1428
59,1323
65,1467
56,1309
59,1318
-,-,-,-
67,1543
65,1486
64,1494
62,1416
72,1678
64,1446
65,1450
72,1689
70,1649
65,1509
69,1593
65,1555
62,1370
61,1286
65,1491
63,1359
63,1451
62,1354
64,1585
62,1386
61,1486
60,1324
64,1420
63,1421
56,1209
61,1450
58,1416
65,1475
57,1275
56,1201
55,1235
59,1328
63,1547
58,1294
55,1298
56,1248
58,1262
60,1442
61,1390
-,-,-,-
68,1586
74,1740
66,1507
74,1740
69,1618
67,1509
66,1609
71,1689
66,1503
68,1631
70,1643
66,1524
56,1260
56,1267
63,1428
60,1290
60,1369
63,1407
58,1310
65,1462
60,1391
63,1447
63,1427
62,1387
56,1220
55,1254
58,1411
58,1355
58,1272
61,1386
62,1392
61,1346
59,1366
62,1444
55,1199
61,1421
59,1354
57,1309
62,1385
-,-,-,-
65,1450
72,1707
67,1539
70,1669
72,1681
71,1664
69,1600
67,1535
65,1451
67,1524
62,1376
66,1536
62,1317
62,1394
57,1257
59,1353
62,1480
64,1456
60,1378
63,1541
60,1373
60,1352
60,1335
57,1325
59,1295
67,1597
59,1411
66,1480
62,1414
58,1378
60,1407
58,1279
53,1158
56,1263
58,1283
63,1428
59,1359
63,1422
63,1451
-,-,-,-
74,1740
67,1509
62,1390
65,1478
61,1429
64,1454
72,1718
72,1689
64,1515
72,1689
70,1614
64,1410
62,1409
59,1274
60,1286
59,1337
61,1381
63,1513
62,1531
62,1395
58,1341
63,1397
67,1540
64,1516
58,1300
59,1459
62,1520
64,1442
60,1321
59,1297
58,1316
63,1437
65,1616
58,1312
61,1458
57,1299
63,1474
58,1361
63,1385
-,-,-,-
74,1740
70,1626
73,1731
65,1505
68,1601
71,1686
69,1612
72,1689
66,1508
67,1495
64,1411
61,1377
65,1455
67,1530
59,1315
60,1336
60,1393
55,1170
58,1416
60,1404
55,1313
66,1577
62,1395
59,1366
59,1408
63,1541
57,1380
59,1283
56,1248
59,1352
60,1375
62,1405
57,1356
58,1402
60,1442
58,1312
61,1404
63,1416
59,1345
-,-,-,-
74,1746
67,1599
71,1670
73,1708
67,1526
67,1523
69,1598
65,1424
70,1623
72,1689
66,1572
64,1446
62,1380
63,1446
66,1424
63,1454
62,1407
63,1420
60,1395
63,1443
59,1450
60,1333
61,1380
59,1373
55,1222
59,1293
62,1510
57,1188
64,1460
57,1222
60,1450
63,1464
61,1402
64,1476
55,1309
58,1262
61,1441
63,1474
58,1348
-,-,-,-
72,1723
63,1434
65,1452
70,1682
62,1395
74,1784
74,1740
64,1381
67,1513
63,1409
68,1562
60,1381
60,1316
64,1435
58,1309
63,1377
60,1358
63,1394
61,1398
57,1228
65,1606
68,1598
61,1346
59,1370
58,1320
62,1395
59,1312
64,1454
56,1284
59,1407
59,1278
59,1395
55,1316
61,1458
57,1327
58,1258
58,1306
62,1467
63,1352
-,-,-,-
70,1612
65,1530
67,1535
74,1744
65,1486
74,1740
65,1444
72,1691
67,1531
68,1567
64,1457
64,1434
63,1400
62,1384
60,1433
65,1463
59,1409
61,1315
60,1392
67,1571
60,1351
59,1375
59,1352
62,1445
62,1431
57,1323
60,1422
57,1307
61,1298
60,1375
62,1450
62,1436
58,1304
64,1567
58,1344
61,1388
59,1391
59,1390
58,1284
-,-,-,-
72,1666
70,1642
65,1502
68,1571
65,1495
74,1740
68,1589
69,1544
69,1584
71,1696
68,1536
68,1565
61,1342
64,1451
64,1467
61,1332
62,1421
59,1242
60,1377
60,1300
63,1381
62,1439
59,1313
59,1303
58,1292
59,1373
58,1320
64,1433
62,1374
61,1318
58,1301
64,1416
56,1256
63,1529
62,1502
61,1330
62,1416
64,1454
61,1344
-,-,-,-
69,1602
63,1401
72,1693
61,1351
74,1740
66,1513
67,1509
72,1689
63,1358
70,1614
70,1649
65,1493
60,1282
61,1309
64,1442
60,1390
64,1365
63,1442
59,1375
61,1366
63,1455
60,1381
57,1260
58,1284
58,1334
60,1385
63,1492
58,1249
58,1267
64,1498
59,1354
58,1442
62,1508
59,1312
55,1288
61,1376
56,1275
58,1354
63,1350
-,-,-,-
65,1495
73,1706
74,1740
73,1704
65,1454
63,1468
69,1612
70,1607
66,1473
70,1682
71,1655
66,1502
57,1297
63,1401
55,1256
60,1276
60,1374
63,1420
58,1240
59,1268
63,1401
62,1426
61,1336
62,1459
57,1284
62,1441
61,1410
62,1403
57,1284
63,1397
63,1493
62,1479
63,1538
57,1327
61,1408
58,1248
57,1299
62,1427
60,1351
-,-,-,-
71,1661
66,1566
64,1423
71,1625
72,1678
70,1626
71,1657
72,1689
70,1614
66,1507
66,1478
64,1444
57,1276
61,1349
60,1358
62,1340
60,1345
61,1291
60,1340
67,1625
63,1500
63,1465
65,1468
60,1334
61,1437
58,1326
59,1447
65,1465
54,1167
59,1301
60,1447
56,1312
61,1540
59,1409
58,1319
63,1432
59,1300
59,1415
62,1412
-,-,-,-
60,1347
70,1632
67,1523
73,1722
65,1473
71,1654
74,1740
72,1691
72,1691
69,1591
71,1668
60,1380
63,1435
63,1379
58,1329
58,1214
62,1363
64,1465
58,1317
64,1552
62,1408
55,1310
61,1405
65,1565
59,1398
60,1356
60,1449
60,1323
56,1224
64,1459
65,1524
62,1448
64,1533
59,1383
61,1420
57,1307
62,1409
58,1374
59,1264
-,-,-,-
69,1587
65,1481
74,1742
64,1429
68,1622
65,1517
67,1550
62,1389
70,1644
62,1388
70,1628
63,1379
59,1273
63,1446
56,1215
59,1255
60,1417
68,1559
61,1369
65,1489
56,1225
61,1480
54,1176
64,1504
63,1459
59,1361
63,1510
63,1463
57,1291
57,1211
59,1332
64,1420
56,1334
59,1379
58,1288
62,1428
59,1334
58,1332
59,1369
-,-,-,-
61,1359
71,1638
74,1740
66,1524
71,1672
74,1740
74,1758
70,1665
68,1579
68,1515
72,1689
63,1421
55,1171
64,1449
60,1347
61,1314
64,1492
63,1419
64,1481
63,1489
61,1425
61,1435
55,1168
58,1320
59,1350
55,1247
58,1338
63,1402
62,1409
63,1454
60,1379
56,1237
61,1386
61,1467
62,1441
57,1252
62,1424
59,1503
58,1271
-,-,-,-
71,1625
63,1495
74,1758
73,1742
71,1649
67,1550
66,1480
69,1605
71,1672
67,1521
67,1512
68,1571
57,1262
58,1289
60,1281
64,1421
60,1338
63,1424
61,1376
63,1345
59,1323
56,1346
60,1325
63,1444
58,1352
62,1381
62,1522
61,1422
58,1294
59,1328
61,1412
64,1468
64,1486
59,1383
63,1485
60,1298
63,1457
61,1463
61,1356
-,-,-,-
68,1591
66,1528
66,1512
66,1532
74,1742
62,1443
65,1442
67,1520
71,1680
72,1689
63,1358
60,1389
64,1498
65,1445
59,1332
58,1254
58,1393
66,1531
63,1490
60,1392
61,1380
64,1525
59,1321
66,1594
64,1483
62,1425
58,1365
59,1323
62,1394
61,1373
57,1238
55,1232
60,1423
63,1475
61,1448
61,1366
56,1265
61,1385
61,1353
-,-,-,-
65,1483
69,1582
67,1531
73,1713
65,1472
72,1681
65,1454
71,1673
72,1689
68,1558
72,1701
63,1414
64,1451
62,1387
59,1319
60,1304
56,1248
62,1414
59,1382
60,1362
61,1402
66,1546
54,1214
58,1357
61,1469
58,1349
59,1327
60,1294
55,1192
56,1215
52,1169
61,1417
61,1466
62,1426
58,1371
62,1371
60,1417
62,1510
57,1235
-,-,-,-
66,1538
64,1437
64,1485
64,1441
74,1740
67,1524
68,1579
71,1645
70,1653
65,1393
70,1613
64,1475
59,1325
67,1520
61,1363
65,1478
62,1454
66,1571
65,1519
60,1302
62,1410
63,1485
65,1510
62,1489
56,1280
56,1317
58,1463
61,1446
60,1319
56,1210
59,1324
60,1386
64,1524
61,1446
57,1286
57,1233
60,1430
65,1603
62,1419
-,-,-,-
73,1706
68,1584
71,1664
72,1701
71,1654
74,1748
64,1456
68,1536
66,1484
67,1473
70,1603
65,1510
61,1309
57,1211
64,1431
63,1413
63,1486
61,1453
64,1424
60,1411
64,1499
64,1500
61,1321
60,1358
59,1372
62,1430
63,1398
64,1453
55,1169
56,1179
58,1313
61,1470
61,1418
62,1444
60,1379
62,1348
56,1270
58,1359
62,1478
-,-,-,-
64,1508
73,1704
73,1743
59,1355
65,1463
64,1453
66,1517
66,1510
62,1377
64,1426
66,1512
63,1403
59,1346
63,1418
61,1341
62,1406
62,1489
62,1395
58,1281
66,1592
64,1450
62,1399
60,1299
60,1365
61,1388
63,1478
62,1471
67,1569
69,1597
62,1386
57,1310
61,1398
56,1316
65,1612
57,1381
61,1455
60,1378
58,1357
61,1333
-,-,-,-
73,1713
70,1642
60,1377
69,1624
72,1677
73,1704
66,1494
72,1689
65,1479
69,1629
65,1466
65,1476
61,1389
62,1446
67,1502
63,1454
62,1445
56,1234
62,1401
63,1504
59,1319
63,1477
63,1489
61,1381
60,1362
65,1537
62,1452
58,1331
62,1581
60,1304
58,1317
56,1219
58,1300
59,1403
53,1209
61,1343
59,1369
58,1387
66,1575
-,-,-,-
72,1697
65,1522
68,1629
71,1649
70,1660
67,1564
71,1658
65,1424
70,1616
72,1689
72,1689
58,1267
59,1279
61,1385
59,1407
62,1391
64,1475
62,1415
64,1459
59,1368
68,1597
61,1360
55,1274
63,1392
59,1357
59,1324
60,1378
59,1375
58,1333
63,1487
61,1411
64,1495
63,1465
57,1357
56,1339
61,1405
59,1350
59,1357
57,1398
-,-,-,-
65,1505
73,1721
71,1686
72,1701
74,1740
65,1488
74,1740
70,1625
68,1592
71,1698
64,1416
63,1477
61,1415
61,1328
61,1363
64,1423
61,1346
60,1284
61,1395
59,1370
60,1372
62,1406
63,1461
55,1183
57,1310
62,1473
63,1466
61,1419
59,1364
57,1205
61,1375
59,1290
63,1433
59,1404
56,1400
60,1398
63,1431
62,1417
61,1400
-,-,-,-
67,1569
66,1516
64,1440
63,1469
66,1508
66,1486
67,1531
72,1689
72,1689
68,1608
72,1691
65,1459
60,1353
63,1390
59,1289
60,1396
64,1448
64,1483
59,1246
55,1279
66,1535
62,1420
61,1409
57,1253
62,1379
64,1410
59,1382
62,1436
61,1457
62,1369
65,1527
61,1327
61,1360
58,1410
60,1457
62,1451
64,1458
58,1320
55,1260
-,-,-,-
74,1758
68,1552
66,1540
74,1740
74,1740
69,1640
68,1583
64,1448
67,1485
72,1689
66,1459
63,1378
59,1315
64,1429
66,1486
58,1286
57,1203
56,1235
64,1439
53,1203
61,1417
62,1433
59,1391
60,1244
61,1385
65,1470
57,1294
65,1537
55,1306
58,1207
49,1057
56,1273
56,1278
63,1509
60,1475
65,1586
62,1466
57,1302
57,1346
-,-,-,-
74,1740
71,1661
65,1494
65,1506
67,1563
67,1518
74,1740
66,1464
66,1470
72,1689
70,1626
62,1428
59,1421
62,1374
65,1484
59,1322
62,1396
61,1357
59,1248
58,1449
64,1511
61,1397
56,1304
61,1317
58,1258
64,1462
56,1281
65,1551
59,1479
63,1399
60,1375
55,1272
56,1350
58,1418
61,1526
57,1415
61,1371
63,1416
62,1459
-,-,-,-
65,1493
66,1502
71,1676
64,1439
68,1588
74,1740
68,1552
65,1458
68,1539
67,1555
65,1460
65,1489
59,1302
63,1405
63,1458
61,1391
64,1448
56,1218
60,1292
64,1442
63,1478
59,1276
62,1458
58,1255
59,1305
66,1507
64,1469
61,1364
60,1525
58,1262
60,1378
66,1560
59,1314
63,1413
60,1455
63,1489
59,1310
61,1426
53,1253
-,-,-,-
62,1378
72,1714
74,1746
70,1669
66,1534
74,1755
66,1475
72,1691
70,1638
67,1554
64,1416
68,1566
60,1312
59,1288
64,1392
63,1413
63,1399
60,1402
64,1448
60,1333
64,1500
58,1285
58,1324
61,1421
63,1461
62,1380
63,1457
63,1496
63,1442
62,1371
64,1378
57,1297
58,1344
62,1495
58,1376
63,1525
55,1235
59,1339
63,1544
-,-,-,-
69,1595
65,1483
73,1704
73,1727
74,1740
60,1353
68,1614
65,1498
72,1689
72,1689
72,1695
70,1594
59,1432
62,1353
64,1452
58,1330
61,1306
58,1341
63,1378
61,1307
68,1643
59,1340
60,1410
59,1271
62,1403
64,1427
62,1398
60,1390
57,1307
56,1288
57,1297
63,1447
60,1360
56,1385
61,1403
61,1489
56,1184
61,1341
59,1357
-,-,-,-
74,1740
68,1659
74,1740
70,1633
71,1663
67,1550
74,1740
67,1505
66,1421
71,1691
67,1523
65,1501
60,1402
61,1362
60,1284
60,1364
58,1252
61,1349
66,1507
59,1366
64,1494
61,1352
58,1340
56,1255
63,1532
63,1391
60,1388
60,1333
65,1542
59,1361
59,1416
58,1294
64,1538
63,1477
61,1487
60,1409
66,1499
59,1362
65,1516
-,-,-,-
74,1740
68,1555
66,1522
71,1649
67,1565
73,1713
65,1470
71,1641
66,1488
70,1644
68,1565
60,1392
56,1280
61,1432
57,1268
65,1478
62,1353
64,1464
63,1400
56,1328
65,1551
60,1375
59,1402
59,1311
56,1236
60,1312
62,1410
61,1395
58,1309
63,1377
65,1440
62,1401
63,1437
65,1447
61,1444
59,1367
59,1396
56,1336
59,1408
-,-,-,-
68,1580
65,1491
66,1528
74,1742
65,1461
73,1714
66,1524
68,1567
67,1543
64,1430
62,1398
61,1376
59,1345
63,1431
68,1542
65,1495
60,1302
57,1198
64,1422
60,1462
66,1589
58,1328
59,1407
56,1205
62,1490
66,1544
61,1400
56,1302
65,1483
61,1325
61,1450
61,1354
59,1381
58,1337
61,1443
59,1413
59,1371
62,1453
57,1308
-,-,-,-
74,1740
71,1682
66,1547
71,1674
68,1586
74,1740
65,1478
71,1682
67,1491
69,1612
62,1345
64,1446
59,1285
61,1380
65,1430
61,1464
61,1314
60,1335
60,1333
65,1503
66,1458
61,1403
67,1617
59,1339
64,1451
60,1414
65,1497
63,1493
55,1332
63,1426
58,1241
61,1386
58,1354
61,1518
63,1463
61,1450
56,1358
56,1314
60,1423
-,-,-,-
73,1717
69,1606
64,1441
71,1673
69,1598
74,1740
64,1461
72,1697
66,1503
63,1397
65,1480
60,1297
61,1341
63,1429
66,1530
67,1512
56,1220
63,1466
62,1356
63,1427
62,1384
61,1377
64,1555
60,1340
60,1410
54,1259
61,1400
61,1415
60,1406
63,1447
64,1504
60,1348
59,1356
62,1429
63,1501
60,1390
62,1430
61,1339
57,1295
-,-,-,-
66,1496
68,1567
74,1748
64,1460
64,1428
73,1709
66,1500
71,1645
70,1592
71,1649
70,1616
62,1337
66,1571
60,1430
62,1378
64,1401
63,1345
64,1461
60,1295
60,1408
60,1463
57,1302
61,1487
60,1271
60,1369
63,1393
58,1326
65,1599
60,1484
64,1502
59,1338
63,1428
56,1227
60,1359
61,1429
59,1295
64,1518
51,1157
60,1380
-,-,-,-
66,1534
68,1630
74,1740
74,1740
65,1487
73,1712
74,1740
69,1624
71,1653
68,1538
64,1400
56,1270
63,1444
58,1268
57,1198
59,1370
58,1324
62,1444
60,1341
61,1438
60,1345
59,1370
59,1379
58,1295
65,1608
61,1380
63,1463
63,1478
58,1322
64,1491
58,1309
62,1377
59,1282
61,1413
62,1607
61,1438
59,1376
55,1283
58,1271
-,-,-,-
72,1673
62,1408
65,1507
73,1714
70,1612
74,1740
74,1740
66,1518
67,1495
72,1689
70,1613
63,1391
64,1521
57,1294
63,1417
64,1445
60,1401
63,1431
65,1440
62,1351
61,1360
62,1431
63,1447
60,1359
57,1323
61,1393
58,1307
66,1550
56,1243
56,1261
56,1212
59,1321
57,1239
63,1419
57,1350
63,1547
63,1440
57,1244
67,1572
-,-,-,-
71,1691
64,1481
59,1313
66,1488
67,1573
64,1437
64,1490
63,1353
65,1475
64,1410
60,1345
58,1292
65,1515
62,1360
56,1187
65,1502
62,1393
61,1404
64,1494
60,1315
67,1575
60,1310
61,1456
63,1400
60,1367
64,1504
58,1352
59,1359
59,1358
63,1485
62,1449
59,1236
63,1495
61,1447
64,1484
63,1397
63,1515
57,1363
60,1368
-,-,-,-
72,1676
63,1422
73,1724
64,1419
64,1463
74,1740
74,1740
65,1493
70,1625
68,1550
72,1689
61,1380
63,1377
60,1269
63,1467
61,1386
62,1338
59,1326
67,1547
62,1435
62,1483
61,1379
66,1561
63,1365
66,1572
62,1439
59,1370
66,1519
66,1620
58,1335
62,1396
59,1268
59,1324
56,1259
52,1245
58,1409
62,1442
61,1476
63,1475
-,-,-,-
69,1598
73,1715
74,1740
71,1687
68,1594
71,1656
65,1486
71,1706
65,1474
71,1668
70,1654
65,1425
62,1369
66,1490
65,1437
64,1422
58,1261
62,1387
64,1476
56,1303
63,1440
66,1563
61,1450
56,1287
57,1297
65,1476
60,1349
60,1438
65,1499
57,1282
67,1549
61,1444
61,1335
54,1186
57,1298
64,1441
63,1525
53,1205
57,1266
-,-,-,-
65,1487
64,1441
69,1618
67,1560
69,1591
74,1740
69,1606
72,1684
65,1505
71,1657
72,1691
63,1407
62,1457
65,1492
60,1385
63,1372
63,1336
60,1408
57,1274
61,1448
64,1522
62,1390
60,1400
63,1426
58,1251
62,1523
62,1310
59,1327
60,1367
56,1312
60,1423
60,1349
56,1232
61,1397
61,1520
59,1383
59,1441
60,1351
58,1294
-,-,-,-
70,1596
68,1561
71,1639
74,1740
63,1417
74,1742
74,1740
65,1463
71,1659
65,1499
70,1630
64,1549
62,1390
64,1454
60,1348
62,1457
56,1261
61,1436
64,1448
59,1338
61,1460
60,1385
61,1402
65,1503
61,1398
61,1339
63,1483
59,1343
60,1384
56,1254
61,1461
58,1253
60,1321
64,1488
57,1271
58,1388
58,1357
57,1260
61,1419
-,-,-,-
74,1740
73,1701
64,1419
74,1740
73,1727
74,1758
74,1740
70,1638
70,1639
70,1632
70,1649
64,1457
60,1420
63,1420
59,1294
60,1395
61,1374
59,1392
63,1482
63,1441
63,1446
62,1440
53,1294
59,1271
61,1406
63,1462
62,1306
58,1293
58,1340
61,1325
58,1365
62,1370
63,1384
57,1312
57,1281
59,1406
57,1247
62,1499
61,1431
-,-,-,-
65,1466
65,1505
69,1588
63,1467
68,1587
68,1576
68,1572
72,1684
67,1558
71,1679
70,1619
69,1550
59,1351
63,1432
63,1383
60,1472
61,1346
62,1421
65,1430
53,1161
61,1391
63,1453
60,1388
59,1337
63,1434
65,1462
61,1336
58,1352
62,1482
56,1257
58,1324
61,1373
62,1423
58,1359
63,1387
55,1324
59,1391
55,1285
58,1324
-,-,-,-
65,1491
61,1341
71,1702
74,1740
74,1740
64,1419
72,1668
69,1611
72,1684
72,1684
72,1686
64,1451
59,1299
64,1389
63,1439
62,1367
63,1449
62,1379
66,1539
63,1487
57,1281
62,1425
59,1405
64,1465
68,1607
59,1389
64,1426
57,1295
58,1333
56,1274
61,1446
60,1329
56,1310
55,1146
65,1546
60,1506
59,1429
63,1498
56,1292
-,-,-,-
64,1507
64,1489
70,1628
74,1740
74,1740
63,1447
66,1517
68,1537
72,1684
72,1686
71,1650
64,1396
61,1349
54,1150
55,1176
66,1518
62,1340
61,1325
60,1360
59,1358
64,1542
63,1412
63,1454
64,1532
61,1336
61,1405
60,1301
63,1421
62,1441
60,1413
56,1315
62,1414
56,1236
60,1390
63,1329
65,1584
61,1459
57,1331
60,1383
-,-,-,-
66,1523
69,1598
67,1544
74,1740
68,1552
66,1502
64,1458
72,1684
62,1439
66,1467
71,1636
62,1441
62,1378
69,1565
62,1374
59,1330
58,1243
60,1338
60,1287
59,1340
63,1389
64,1462
60,1391
60,1384
64,1376
60,1401
64,1427
58,1357
55,1332
54,1220
62,1438
62,1369
60,1318
63,1451
62,1395
59,1384
63,1569
60,1444
57,1346
-,-,-,-
66,1490
66,1478
64,1453
62,1438
65,1444
66,1494
72,1683
69,1554
68,1600
72,1688
69,1659
62,1448
62,1387
59,1416
62,1408
63,1383
63,1398
59,1360
59,1262
62,1441
63,1468
64,1460
64,1520
56,1290
56,1230
61,1426
63,1407
59,1376
62,1406
66,1587
59,1391
62,1404
59,1381
60,1372
54,1247
58,1349
60,1390
62,1432
59,1306
-,-,-,-
65,1544
64,1475
71,1659
67,1555
67,1551
65,1464
60,1299
65,1468
70,1648
69,1598
72,1684
65,1453
60,1315
60,1335
59,1280
58,1323
61,1342
62,1392
60,1302
60,1360
60,1423
64,1483
58,1338
60,1440
57,1310
57,1321
59,1284
59,1349
52,1239
66,1603
58,1366
61,1371
57,1223
60,1345
61,1425
57,1384
59,1333
58,1314
62,1455
-,-,-,-
68,1572
65,1503
67,1524
62,1358
67,1610
64,1513
71,1649
72,1684
72,1696
69,1636
66,1463
58,1260
59,1300
60,1324
64,1447
61,1455
59,1273
61,1431
64,1427
61,1341
62,1394
59,1263
62,1401
65,1575
58,1277
62,1427
61,1322
62,1384
56,1270
54,1194
63,1539
57,1265
64,1503
60,1331
61,1397
63,1511
63,1518
54,1195
56,1285
-,-,-,-
67,1508
74,1754
74,1740
71,1660
72,1698
74,1740
69,1632
72,1688
71,1659
66,1531
72,1686
63,1402
66,1562
61,1398
66,1490
67,1524
54,1197
63,1483
60,1354
64,1604
60,1375
62,1299
62,1459
62,1437
62,1297
60,1318
61,1454
59,1288
66,1532
59,1404
55,1300
57,1260
57,1291
64,1588
65,1568
59,1381
59,1425
62,1453
63,1476
-,-,-,-
65,1505
74,1750
73,1704
66,1522
69,1598
68,1552
70,1632
67,1529
63,1397
72,1684
65,1485
61,1339
60,1404
65,1501
60,1299
58,1349
65,1465
61,1352
60,1319
64,1517
66,1650
66,1572
61,1350
61,1401
63,1405
62,1393
63,1460
59,1323
58,1336
58,1328
56,1309
59,1301
63,1449
57,1250
58,1377
56,1271
58,1387
63,1488
60,1414
-,-,-,-
73,1719
68,1550
67,1517
63,1429
73,1784
69,1647
66,1513
70,1630
70,1654
72,1684
70,1643
66,1506
57,1273
58,1278
62,1325
65,1494
61,1290
61,1348
62,1365
62,1406
55,1163
63,1415
65,1461
59,1417
63,1413
62,1418
61,1453
58,1324
65,1525
64,1462
55,1206
62,1388
55,1206
57,1297
64,1563
61,1490
55,1313
59,1339
60,1392
-,-,-,-
68,1578
62,1382
74,1742
65,1446
64,1462
64,1422
71,1699
70,1633
67,1535
72,1684
70,1607
62,1388
61,1335
61,1387
60,1335
62,1379
64,1433
62,1361
64,1424
58,1398
59,1293
63,1394
63,1389
61,1484
56,1232
61,1358
62,1390
57,1294
58,1328
65,1468
61,1529
57,1289
61,1421
55,1191
60,1427
59,1408
54,1323
61,1434
54,1147
-,-,-,-
66,1491
63,1366
65,1529
66,1474
65,1541
74,1740
73,1721
68,1551
72,1684
71,1645
69,1640
62,1392
58,1191
61,1322
61,1324
61,1353
57,1259
61,1418
63,1424
63,1501
64,1541
57,1266
64,1421
59,1422
61,1370
60,1373
60,1349
56,1297
58,1315
62,1428
60,1332
63,1362
60,1422
58,1276
59,1393
62,1491
59,1412
54,1255
66,1546
-,-,-,-
69,1602
71,1660
65,1486
72,1678
71,1644
74,1740
67,1514
69,1590
60,1322
72,1686
66,1476
62,1422
63,1430
59,1283
58,1256
57,1249
62,1373
59,1370
66,1575
57,1233
62,1406
62,1439
66,1496
60,1400
59,1301
59,1312
65,1516
63,1419
58,1335
57,1369
60,1400
58,1346
61,1428
62,1377
59,1393
60,1420
56,1287
58,1367
61,1460
-,-,-,-
68,1579
68,1578
65,1468
68,1584
64,1496
64,1475
67,1536
68,1523
65,1467
69,1609
71,1661
66,1563
63,1434
59,1329
61,1339
59,1330
66,1453
62,1439
58,1345
56,1209
62,1443
61,1339
64,1457
60,1409
64,1437
62,1419
58,1326
58,1378
62,1407
59,1353
61,1416
56,1214
59,1341
65,1505
62,1420
59,1323
63,1537
55,1283
62,1459
-,-,-,-
64,1496
72,1723
74,1740
67,1554
73,1724
60,1299
74,1755
66,1477
68,1517
72,1688
64,1429
63,1405
61,1411
58,1320
60,1322
58,1284
58,1261
64,1472
59,1343
63,1493
67,1514
63,1431
59,1329
62,1442
57,1295
61,1391
69,1578
55,1233
60,1363
63,1425
54,1236
58,1287
58,1345
57,1280
61,1388
56,1270
57,1346
63,1500
62,1386
-,-,-,-
62,1424
66,1491
71,1664
74,1740
73,1727
72,1711
65,1459
70,1652
67,1486
71,1675
72,1688
58,1297
57,1285
59,1228
60,1339
59,1302
67,1542
58,1258
63,1481
67,1575
61,1376
66,1536
65,1533
60,1361
62,1477
56,1199
57,1368
59,1380
59,1386
57,1325
60,1421
61,1372
61,1442
62,1445
60,1322
59,1290
60,1474
60,1410
61,1426
-,-,-,-
63,1448
69,1610
66,1478
67,1529
66,1547
61,1347
74,1740
70,1614
67,1520
72,1686
72,1689
59,1275
63,1355
66,1578
59,1272
62,1358
59,1312
57,1279
55,1252
60,1375
56,1308
62,1486
64,1482
56,1262
60,1403
61,1410
59,1375
63,1481
56,1332
58,1305
57,1272
61,1377
55,1282
64,1405
61,1434
63,1481
63,1555
65,1537
63,1472
-,-,-,-
64,1496
70,1645
68,1586
73,1713
67,1515
66,1514
72,1687
62,1346
63,1371
70,1618
72,1684
66,1563
61,1347
65,1445
63,1489
63,1476
62,1387
61,1298
61,1453
61,1410
61,1403
59,1267
63,1433
63,1450
64,1495
58,1258
60,1381
62,1485
56,1303
62,1441
57,1283
61,1357
60,1317
57,1267
62,1445
62,1474
58,1408
56,1251
59,1381
-,-,-,-
64,1500
67,1530
67,1560
74,1740
72,1680
66,1491
66,1478
65,1463
65,1481
63,1381
70,1674
66,1470
60,1261
67,1548
56,1247
67,1545
62,1395
65,1460
65,1458
66,1489
62,1425
63,1497
62,1440
58,1286
60,1428
64,1407
62,1458
58,1359
59,1327
63,1469
58,1408
58,1304
60,1348
56,1301
58,1260
60,1355
54,1228
60,1373
60,1379
-,-,-,-
60,1323
65,1478
67,1527
71,1669
66,1491
68,1601
65,1505
68,1550
72,1696
66,1509
72,1684
68,1552
58,1345
62,1367
62,1347
61,1277
58,1274
60,1353
60,1383
64,1444
61,1369
64,1393
64,1430
62,1389
57,1268
57,1246
61,1392
61,1455
63,1468
61,1518
57,1330
62,1375
57,1328
59,1266
60,1382
57,1390
61,1409
60,1468
60,1354
-,-,-,-
67,1564
64,1483
72,1701
68,1579
64,1456
64,1460
65,1447
66,1510
70,1643
72,1686
67,1479
60,1381
62,1416
61,1375
62,1387
61,1355
60,1309
61,1384
58,1230
65,1494
55,1223
68,1597
55,1159
62,1422
64,1529
64,1498
62,1432
60,1403
61,1475
65,1590
63,1477
65,1402
63,1467
58,1334
59,1305
63,1522
58,1379
57,1334
60,1408
-,-,-,-
66,1513
67,1531
71,1669
74,1746
74,1740
67,1538
64,1483
69,1644
70,1632
70,1643
69,1600
63,1397
56,1241
61,1376
63,1439
67,1475
57,1269
60,1405
57,1242
63,1469
59,1383
63,1515
64,1494
61,1379
62,1509
62,1352
58,1303
59,1353
64,1476
62,1436
61,1495
64,1492
59,1349
63,1447
57,1262
61,1352
59,1406
61,1432
57,1261
-,-,-,-
60,1323
74,1740
73,1742
73,1716
74,1740
62,1429
68,1561
72,1684
69,1545
65,1428
66,1490
63,1446
59,1245
63,1425
65,1482
64,1486
64,1455
58,1251
59,1338
63,1440
58,1275
57,1186
63,1428
62,1409
62,1489
60,1330
61,1390
60,1363
57,1308
61,1444
63,1416
63,1381
62,1449
64,1470
61,1405
58,1329
59,1372
62,1464
61,1419
-,-,-,-
62,1384
68,1586
72,1680
69,1602
66,1504
66,1488
74,1740
69,1602
64,1404
71,1623
71,1636
59,1325
60,1353
65,1460
64,1482
63,1407
61,1404
64,1442
62,1432
64,1439
56,1281
65,1524
60,1379
62,1411
62,1476
59,1330
61,1425
59,1391
61,1449
56,1316
56,1276
63,1434
64,1539
59,1340
58,1280
58,1307
59,1373
61,1402
58,1390
-,-,-,-
65,1476
69,1596
65,1530
65,1488
74,1740
73,1721
74,1750
67,1529
72,1686
70,1591
68,1542
65,1483
60,1276
63,1409
58,1294
64,1430
59,1346
63,1390
59,1302
62,1391
62,1396
61,1317
64,1427
58,1336
60,1435
60,1384
59,1311
63,1423
55,1297
62,1473
58,1400
60,1334
64,1515
64,1540
56,1251
63,1396
56,1309
57,1374
56,1307
-,-,-,-
74,1748
67,1551
73,1721
64,1431
74,1725
68,1621
65,1466
64,1411
71,1661
63,1406
67,1506
59,1284
62,1412
66,1471
62,1411
60,1375
63,1455
64,1425
58,1268
63,1432
66,1596
65,1448
61,1416
61,1363
56,1322
62,1363
55,1280
60,1392
61,1457
65,1495
59,1417
58,1347
61,1445
61,1330
60,1382
58,1318
60,1453
56,1237
62,1364
-,-,-,-
69,1588
73,1700
71,1640
74,1725
70,1610
68,1558
71,1655
65,1512
72,1684
71,1655
66,1490
69,1570
59,1256
66,1521
60,1405
59,1310
63,1412
61,1340
63,1524
65,1484
55,1281
62,1394
60,1435
64,1438
61,1406
57,1224
60,1371
62,1428
61,1393
59,1383
60,1364
59,1318
61,1443
59,1344
59,1274
57,1364
59,1328
57,1304
62,1563
-,-,-,-