1445,68
1472,68
1445,68
1443,68
1472,70
1401,67
1472,70
1301,63
1426,69
1504,70
1474,70
1439,69
1436,69
1472,70
1500,70
1439,67
1470,70
1459,69
1470,70
1524,70
1504,70
1453,70
1453,70
1495,71
1497,70
1495,71
1447,68
1502,70
1607,72
1481,68
1542,70
1575,71
1539,71
1571,71
1617,72
1615,72
1483,68
1543,71
1607,72
1607,72
1606,72
1482,71
1618,73
1378,65
1507,70
1574,72
1569,71
1541,71
1522,69
1511,69
1351,66
1537,70
1535,70
1729,75
1741,75
1560,69
1598,72
1585,71
1662,73
1742,76
1562,72
1576,71
1614,73
1738,76
1736,76
1635,74
1734,76
1500,69
1631,72
1678,75
1745,76
1491,69
1749,76
1595,72
1582,71
1754,76
1734,76
1728,76
1622,71
1728,76
1581,70
1625,72
1728,76
1728,76
1730,76
1740,76
1728,76
1718,76
1679,75
1575,71
1737,75
1620,72
1730,76
1630,72
1742,75
1726,76
1555,71
1696,74
1720,76
1635,72
1443,66
1732,76
1735,76
1505,68
1734,76
1660,74
1718,76
1722,76
1718,76
1642,74
1718,76
1673,74
1688,75
1718,76
1553,69
1595,70
1687,74
1718,76
1491,68
1718,76
1737,76
1722,76
1474,66
1718,76
1665,74
1560,70
1483,67
1718,76
1668,75
1509,68
1718,76
1480,66
1567,72
1627,72
1718,76
1568,70
1534,70
1718,76
1730,76
1674,75
1649,73
1533,69
1632,73
1731,76
1466,67
1657,73
1582,72
1528,72
1718,76
1720,76
1582,72
1722,76
1447,66
1613,73
1618,73
1590,70
1642,74
1718,76
1540,70
1625,73
1499,68
1486,68
1602,71
1548,71
1672,74
1587,74
1575,72
1570,71
1472,68
1408,67
1364,64
1649,75
1718,76
1718,76
1693,74
1716,76
1677,75
1740,76
1562,70
1663,74
1552,70
1709,76
1709,76
1719,76
1575,73
1644,74
1650,76
1601,74
1632,74
1342,64
1409,67
1606,72
1599,71
1650,76
1718,75
1629,73
1619,74
1650,76
1652,76
1517,69
1699,77
1744,78
1502,68
1532,70
1678,75
1562,69
1784,79
1740,78
1560,72
1634,74
1438,68
1699,76
1736,78
1523,70
1388,66
1696,76
1427,68
1368,62
1784,79
1740,78
1645,75
1739,77
1568,73
1784,79
1641,75
1777,79
1621,73
1741,78
1517,71
1781,79
1777,79
1719,75
1595,73
1767,79
1615,73
1702,76
1620,74
1624,75
1769,79
1762,77
1799,79
1601,73
1661,73
1586,72
1767,79
1547,71
1557,72
1767,79
1617,72
1625,73
1727,77
1604,72
1485,68
1767,79
1734,77
1767,79
1538,71
1766,78
1647,75
1636,75
1767,79
1564,70
1768,78
1674,75
1526,73
1744,78
1767,79
1592,73
1767,79
1541,74
1767,79
1509,70
1605,72
1655,74
1767,79
1523,69
1767,79
1687,74
1757,78
1767,79
1767,79
1767,79
1683,76
1588,74
1684,75
1760,78
1746,78
1602,73
1511,69
1597,73
1745,78
1709,76
1767,79
1767,79
1767,79
1678,73
1586,72
1759,78
1788,78
1715,78
1733,78
1755,79
1785,79
1639,75
1727,78
1443,67
1573,71
1755,79
1632,75
1755,79
1698,76
1730,77
1580,72
1604,73
1787,78
1780,78
1463,68
1604,75
1691,76
1649,75
1433,67
1492,70
1682,75
1755,79
1719,78
1701,76
1757,79
1755,79
1767,79
1757,79
1660,74
1646,76
1678,74
1775,78
1755,79
1661,75
1397,65
1741,78
1731,78
1503,68
1670,75
1765,79
1698,76
1548,68
1762,79
1568,68
1742,78
1705,76
1562,70
1789,80
1789,80
1617,74
1799,80
1789,80
1789,80
1789,80
1598,73
1595,73
1361,65
1793,80
1703,77
1765,79
1653,74
1648,74
1749,79
1604,74
1686,76
1767,78
1789,80
1454,66
1669,76
1621,74
1515,69
1768,79
1425,66
1626,76
1530,72
1628,75
1797,80
1661,75
1749,79
1701,76
1583,75
1664,76
1580,73
1588,71
1602,75
1675,76
1637,73
1604,73
1695,76
1635,76
1789,80
1789,80
1747,76
1567,72
1773,78
1553,73
1628,74
1599,73
1777,79
1636,74
1732,77
1501,71
1795,79
1733,77
1724,77
1669,75
1816,78
1733,77
1789,80
1550,72
1793,80
1793,80
1497,70
1723,77
1755,79
1725,78
1688,75
1577,71
1703,76
1703,77
1765,79
1789,80
1617,72
1691,74
1749,79
1810,79
1711,75
1754,79
1761,78
1725,77
1801,80
1791,80
1660,76
1802,80
1731,77
1789,80
1589,72
1663,75
1684,74
1670,75
1667,74
1725,77
1555,71
1759,78
1789,80
1789,80
1665,76
1799,80
1636,73
1589,74
1789,80
1695,76
1720,76
1793,80
1527,69
1801,80
1799,80
1706,76
1678,75
1781,77
1500,69
1604,74
1761,78
1793,80
1522,68
1551,73
1770,78
1788,78
1637,75
1728,77
1719,77
1787,80
1658,75
1763,79
1743,77
1787,80
1773,77
1787,80
1796,79
1789,80
1729,78
1623,74
1765,78
1678,74
1746,77
1787,80
1787,80
1805,80
1466,69
1768,78
1714,77
1693,75
1755,78
1740,77
1698,76
1616,72
1787,80
1800,80
1787,80
1787,80
1787,80
1733,78
1744,78
1737,78
1786,79
1620,72
1803,80
1801,80
1726,78
1795,80
1787,80
1767,79
1564,73
1723,76
1787,80
1787,80
1710,77
1682,78
1763,79
1747,78
1787,80
1689,77
1431,67
1590,72
1791,78
1813,80
1675,75
1751,78
1708,77
1614,73
1750,76
1563,72
1721,76
1779,79
1719,76
1705,77
1787,80
1660,77
1448,69
1793,80
1723,77
1542,69
1557,70
1732,77
1787,80
1787,80
1750,77
1630,74
1749,77
1751,78
1714,76
1787,80
1761,77
1833,79
1553,73
1787,80
1803,80
1805,80
1745,79
1787,80
1717,76
1787,80
1620,72
1629,74
1666,74
1707,77
1485,70
1787,80
1682,78
1601,74
1628,73
1726,76
1690,76
1688,76
1716,77
1787,80
1604,74
1743,77
1692,76
1698,77
1729,77
1691,77
1796,79
1756,79
1614,72
1589,74
1646,73
1705,77
1713,76
1689,76
1693,76
1506,71
1799,80
1787,80
1694,76
1665,73
1733,77
1767,78
1710,75
1556,72
1787,80
1706,76
1619,73
1787,80
1787,80
1562,73
1457,69
1694,77
1746,79
1694,77
1765,79
1643,76
1735,78
1795,80
1494,71
1589,73
1724,79
1507,68
1710,77
1682,76
1629,74
1727,78
1714,78
1698,75
1736,78
1785,80
1576,72
1579,72
1785,80
1785,80
1630,70
1823,81
1603,74
1766,79
1821,81
1806,80
1823,81
1656,76
1821,81
1821,81
1686,77
1640,75
1794,79
1566,72
1749,78
1789,80
1704,76
1708,77
1795,80
1821,81
1771,79
1765,79
1563,70
1725,76
1791,80
1821,81
1633,74
1821,81
1819,81
1781,80
1720,76
1416,63
1664,75
1558,69
1819,81
1755,78
1680,76
1819,81
1819,81
1819,81
1795,80
1819,81
1819,81
1817,78
1516,69
1744,78
1819,81
1797,79
1820,79
1609,75
1733,76
1819,81
1779,80
1584,74
1738,78
1711,75
1782,79
1690,77
1861,82
1686,77
1699,75
1615,72
1670,75
1812,81
1861,82
1797,80
1706,75
1727,78
1808,80
1848,81
1712,77
1508,72
1831,81
1835,81
1859,82
1666,76
1819,81
1689,78
1810,81
1859,82
1774,79
1613,70
1787,79
1765,79
1600,71
1859,82
1823,81
1785,79
1859,82
1814,81
1808,80
1838,81
1734,78
1836,81
1742,79
1859,82
1797,80
1859,82
1859,82
1518,72
1736,77
1850,82
1749,78
1739,78
1658,75
1850,82
1729,78
1570,73
1850,82
1744,78
1833,81
1798,80
1833,80
1766,79
1820,81
1855,82
1782,79
1421,68
1850,82
1759,78
1825,81
1790,80
1545,73
1823,80
1567,71
1850,82
1863,80
1475,69
1824,81
1668,77
1696,77
1850,82
1797,80
1818,81
1825,81
1530,71
1729,77
1738,78
1664,76
1712,78
1752,78
1850,82
1792,80
1749,79
1820,81
1681,77
1737,79
1543,73
1767,80
1618,73
1586,74
1483,69
1776,79
1740,78
1822,81
1833,81
1857,82
1632,74
1821,80
1735,78
1850,82
1850,82
1565,72
1762,79
1760,79
1731,78
1850,82
1850,82
1811,80
1713,78
1850,82
1448,64
1794,80
1774,80
1609,75
1807,81
1726,77
1742,77
1817,81
1748,79
1843,81
1696,78
1681,77
1833,81
1814,81
1818,80
1811,80
1771,80
1499,70
1566,72
1686,77
1478,69
1823,81
1595,74
1615,74
1526,72
1727,77
1850,82
1850,82
1786,80
1829,81
1558,71
1829,81
1668,77
1645,76
1852,82
1789,79
1720,78
1811,80
1557,71
1793,80
1714,78
1810,81
1696,74
1809,80
1809,80
1771,79
1854,82
1804,80
1852,82
1653,74
1763,79
1850,82
1609,75
1748,79
1632,76
1825,81
1833,81
1850,82
1735,75
1706,77
1786,80
1735,77
1660,74
1818,81
1766,79
1817,81
1799,80
1829,81
1650,73
1654,75
1852,82
1787,79
1756,78
1850,82
1736,79
1766,79
1856,82
1578,72
1814,81
1824,81
1541,72
1558,70
1820,81
1732,77
1845,81
1698,78
1854,82
1788,79
1804,81
1810,81
1850,82
1647,76
1796,79
1491,68
1701,76
1669,76
1850,82
1744,78
1770,79
1873,82
1766,79
1807,81
1776,80
1819,80
1547,71
1744,78
1632,75
1742,78
1791,79
1814,81
1650,75
1742,76
1745,79
1690,76
1585,72
1771,78
1852,82
1723,78
1850,82
1695,77
1707,76
1798,80
1807,80
1619,72
1684,76
1841,80
1684,74
1836,81
1815,80
1850,82
1818,81
1850,82
1569,72
1521,69
1818,81
1850,82
1809,80
1784,78
1748,77
1774,79
1814,81
1850,82
1426,67
1850,82
1850,82
1699,77
1849,80
1810,81
1850,82
1792,80
1731,78
1832,81
1789,80
1636,74
1763,78
1736,78
1699,76
1789,79
1743,78
1813,80
1556,71
1863,82
1694,78
1831,81
1679,77
1850,82
1827,81
1716,76
1850,82
1864,82
1715,77
1850,82
1501,66
1808,80
1402,67
1585,69
1825,80
1704,78
1812,81
1808,80
1790,80
1850,82
1778,80
1629,75
1773,79
1740,78
1819,80
1833,81
1503,72
1801,78
1751,78
1685,75
1785,80
1850,82
1698,76
1684,76
1804,81
1850,82
1767,79
1850,82
1818,81
1794,80
1728,79
1798,80
1853,81
1816,81
1702,78
1804,81
1408,67
1647,76
1713,75
1479,69
1737,78
1789,79
1816,81
1488,70
1798,80
1796,80
1766,79
1829,81
1800,80
1722,77
1810,81
1682,75
1698,77
1853,81
1850,82
1700,78
1848,82
1848,82
1590,73
1848,82
1848,82
1848,82
1715,78
1832,81
1850,82
1700,78
1796,80
1457,68
1506,70
1773,78
1737,78
1826,80
1624,74
1844,82
1842,82
1528,71
1734,78
1469,70
1842,82
1826,81
1842,82
1755,79
1482,68
1704,77
1560,71
1714,76
1816,81
1337,64
1565,73
1842,82
1776,80
1842,82
1837,81
1818,81
1863,82
1724,78
1674,77
1550,71
1842,82
1780,80
1844,82
1724,76
1542,71
1802,81
1848,82
1825,81
1679,76
1660,74
1767,79
1665,76
1842,82
1786,79
1842,82
1716,78
1738,78
1501,71
1651,74
1396,68
1825,81
1842,82
1532,72
1782,80
1772,79
1844,81
1814,81
1700,77
1842,82
1782,80
1842,82
1800,80
1495,70
1487,70
1617,74
1661,75
1616,74
1731,78
1658,74
1693,78
1592,75
1685,77
1555,71
1798,80
1842,82
1788,80
1825,81
1753,78
1842,82
1836,81
1786,81
1842,82
1760,79
1844,82
1842,82
1818,81
1738,78
1658,75
1649,74
1519,69
1747,79
1877,82
1774,79
1887,82
1572,72
1782,80
1796,81
1453,69
1842,82
1725,78
1842,82
1674,76
1694,77
1612,74
1648,76
1821,81
1842,82
1842,82
1842,82
1842,82
1632,74
1653,74
1848,82
1840,81
1589,72
1844,82
1842,82
1465,68
1788,80
1803,79
1877,82
1748,79
1716,78
1782,80
1723,77
1780,79
1747,79
1814,81
1544,69
1812,81
1756,79
1807,81
1854,82
1689,78
1842,82
1788,80
1647,76
1798,80
1608,76
1830,81
1867,82
1668,77
1734,78
1842,82
1705,76
1722,79
1696,75
1621,74
1778,79
1788,79
1743,78
1842,82
1784,79
1842,82
1792,80
1842,82
1798,80
1651,76
1842,82
1800,79
1696,74
1604,75
1706,77
1753,78
1690,75
1680,77
1629,75
1842,82
1667,76
1730,79
1793,80
1842,82
1463,69
1840,81
1887,82
1703,77
1599,73
1850,79
1523,72
1842,82
1678,75
1515,70
1719,77
1842,82
1741,79
1528,72
1688,75
1716,77
1744,78
1734,78
1612,74
1550,72
1775,80
1764,80
1469,69
1859,82
1400,67
1631,74
1790,80
1479,69
1813,81
1608,74
1825,81
1842,82
1842,82
1649,76
1699,77
1668,77
1466,69
1842,82
1794,81
1639,75
1632,75
1573,73
1501,71
1771,79
1784,80
1842,82
1716,77
1821,81
1842,82
1706,76
1747,80
1867,82
1781,77
1767,79
1825,81
1842,82
1842,82
1595,72
1652,73
1691,73
1555,72
1761,78
1842,82
1737,79
1676,76
1541,69
1842,82
1814,81
1842,82
1637,75
1749,78
1842,82
1792,80
1845,80
1842,82
1804,79
1436,67
1735,78
1532,69
1763,79
1765,79
1548,70
1812,81
1784,80
1686,76
1655,76
1513,69
1622,73
1825,81
1668,76
1638,75
1642,74
1627,75
1814,80
1580,74
1790,80
1802,80
1781,80
1645,75
1690,77
1728,77
1639,74
1842,82
1842,82
1667,76
1530,70
1814,81
1842,82
1706,76
1516,71
1852,82
1585,73
1842,82
1778,80
1822,79
1639,75
1814,80
1681,74
1842,82
1814,81
1732,78
1842,82
1848,82
1553,71
1599,72
1806,80
1801,81
1810,81
1842,82
1654,76
1588,71
1691,74
1471,68
1794,79
1786,79
1842,82
1632,74
1842,82
1787,79
1662,75
1731,78
1744,80
1609,74
1782,80
1801,80
1730,78
1842,82
1726,77
1678,77
1539,70
1674,75
1738,77
1774,80
1634,76
1800,81
1699,77
1450,66
1812,81
1759,78
1588,72
1777,78
1760,79
1842,82
1720,78
1618,75
1759,78
1631,73
1816,81
1780,80
1840,82
1812,81
1804,80
1777,80
1810,81
1840,82
1632,76
1557,70
1595,72
1840,82
1808,81
1846,81
1662,74
1840,82
1840,82
1708,77
1708,78
1734,79
1804,81
1758,79
1650,73
1634,73
1708,78
1810,79
1842,82
1701,78
1680,75
1749,78
1649,76
1840,82
1620,73
1842,82
1705,77
1703,76
1816,81
1572,71
1790,80
1832,81
1840,82
1842,82
1840,82
1777,80
1777,80
1684,77
1784,80
1675,75
1655,76
1814,81
1819,81
1756,77
1773,79
1573,75
1840,82
1840,82
1720,78
1505,70
1805,80
1771,80
1790,80
1849,81
1741,80
1732,77
1842,82
1670,77
1478,68
1579,72
1698,77
1601,72
1800,80
1605,75
1592,71
1590,73
1711,77
1840,82
1659,76
1915,82
1797,81
1823,81
1840,82
1756,80
1700,78
1741,78
1793,79
1598,75
1518,71
1726,75
1649,75
1880,82
1806,81
1541,72
1676,77
1555,73
1840,82
1840,82
1819,81
1634,75
1589,71
1552,71
1789,79
1823,81
1812,81
1523,70
1840,82
1840,82
1746,77
1607,73
1776,79
1823,81
1764,79
1767,77
1616,73
1808,81
1654,76
1727,79
1732,79
1530,72
1616,74
1672,76
1736,75
1887,82
1840,82
1831,81
1728,75
1716,77
1840,82
1756,80
1726,79
1840,82
1840,82
1840,82
1777,79
1812,81
1770,80
1844,82
1788,79
1850,81
1840,82
1731,77
1840,82
1684,77
1745,78
1842,82
1797,81
1662,77
1704,77
1573,72
1756,80
1741,80
1722,78
1781,80
1819,80
1812,81
1840,82
1743,77
1748,77
1470,67
1840,82
1658,75
1840,82
1840,82
1768,80
1616,73
1800,78
1600,74
1840,82
1840,82
1628,75
1808,81
1840,82
1816,81
1705,76
1651,77
1779,80
1653,77
1748,79
1840,82
1840,82
1840,82
1672,77
1659,74
1737,79
1816,81
1388,66
1840,82
1634,75
1562,71
1848,82
1840,82
1769,79
1597,72
1840,82
1810,81
1594,73
1721,78
1844,81
1848,82
1756,80
1530,71
1683,75
1718,78
1695,76
1816,81
1840,82
1700,77
1826,81
1676,77
1736,78
1840,82
1762,77
1773,80
1799,80
1846,82
1844,82
1474,69
1544,70
1818,81
1666,77
1692,77
1784,80
1611,73
1775,80
1770,80
1824,81
1848,82
1704,78
1840,82
1840,80
1831,81
1747,77
1804,81
1840,82
1599,72
1757,79
1771,80
1840,82
1840,82
1615,74
1817,81
1786,79
1815,79
1747,79
1840,82
1653,76
1724,77
1769,79
1587,70
1756,79
1839,80
1684,76
1840,82
1840,82
1783,79
1840,82
1573,72
1840,82
1728,76
1838,82
1757,78
1580,72
1840,82
1838,82
1811,80
1783,80
1589,73
1579,73
1779,79
1544,71
1838,82
1755,77
1844,82
1562,71
1814,81
1562,71
1812,81
1838,82
1504,69
1838,82
1743,78
1662,77
1477,69
1616,76
1695,75
1635,76
1517,71
1854,82
1838,82
1589,69
1806,81
1789,79
1567,72
1507,71
1821,81
1838,82
1744,78
1600,71
1810,81
1792,79
1699,77
1838,82
1838,82
1722,77
1812,80
1697,77
1844,82
1802,81
1838,82
1811,80
1838,82
1673,73
1768,79
1719,78
1740,76
1431,68
1719,78
1694,78
1741,80
1838,82
1812,81
1838,82
1616,75
1802,81
1805,79
1707,76
1731,79
1728,79
1840,82
1838,82
1838,82
1477,69
1728,77
1724,77
1838,82
1633,76
1758,78
1729,78
1742,77
1570,74
1838,82
1770,79
1838,82
1712,77
1716,77
1750,78
1806,81
1534,69
1645,75
1840,82
1703,79
1667,77
1838,82
1774,80
1528,68
1795,80
1661,74
1838,82
1810,81
1810,81
1642,74
1640,76
1838,82
1840,82
1533,70
1838,82
1780,80
1669,76
1393,68
1788,80
1413,64
1795,81
1842,82
1605,75
1838,82
1649,76
1832,81
1776,81
1838,82
1784,80
1838,82
1607,73
1703,78
1844,82
1731,77
1672,78
1433,68
1755,79
1725,78
1838,82
1840,82
1817,81
1838,82
1720,78
1840,82
1526,72
1516,70
1764,80
1766,78
1838,82
1712,76
1788,80
1838,82
1743,79
1754,79
1768,79
1878,82
1764,79
1808,81
1490,71
1838,82
1838,82
1841,81
1842,82
1685,78
1838,82
1743,79
1838,82
1838,82
1747,79
1749,78
1838,82
1583,72
1768,79
1838,82
1527,70
1469,68
1470,65
1627,74
1838,82
1556,72
1706,79
1804,81
1808,81
1732,77
1555,72
1522,72
1664,77
1755,78
1820,81
1717,78
1821,81
1806,81
1785,80
1670,73
1723,79
1838,82
1602,74
1778,80
1838,82
1850,81
1741,79
1777,80
1838,82
1744,79
1781,80
1782,80
1802,80
1580,73
1784,80
1791,79
1651,75
1838,82
1631,74
1698,78
1838,82
1655,75
1822,81
1798,80
1677,76
1760,80
1641,75
1838,82
1636,73
1565,71
1838,82
1712,77
1838,82
1838,82
1432,69
1657,75
1804,80
1419,67
1543,72
1838,82
1802,80
1750,78
1529,70
1838,82
1663,76
1692,77
1838,82
1838,82
1806,81
1838,82
1783,80
1722,77
1838,82
1838,82
1714,78
1840,82
1774,80
1838,82
1584,74
1748,78
1634,76
1657,76
1806,81
1838,82
1527,69
1838,82
1654,75
1824,81
1802,81
1679,77
1666,75
1740,78
1709,78
1772,80
1788,80
1802,81
1838,82
1838,82
1615,74
1817,81
1653,74
1838,82
1703,79
1838,82
1838,82
1835,81
1573,71
1628,76
1838,82
1838,82
1776,79
1796,81
1582,72
1795,78
1767,79
1687,77
1563,72
1518,72
1838,82
1526,73
1815,81
1522,72
1543,72
1780,80
1660,72
1444,69
1556,71
1710,77
1569,74
1795,81
1705,78
1821,81
1846,82
1752,79
1490,70
1788,80
1800,81
1706,78
1671,76
1455,69
1862,82
1515,71
1546,71
1812,81
1767,79
1589,70
1838,82
1786,80
1838,82
1778,80
1774,80
1635,76
1658,76
1578,71
1525,70
1838,82
1537,70
1504,70
1755,80
1611,75
1712,77
1714,78
1738,79
1838,82
1840,82
1690,72
1611,75
1317,65
1712,78
1838,82
1838,82
1735,79
1796,80
1780,80
1838,82
1838,82
1799,80
1573,72
1751,79
1838,82
1787,80
1793,80
1719,78
1643,75
1666,75
1772,80
1769,79
1719,79
1744,78
1779,79
1842,82
1599,74
1774,80
1800,78
1569,73
1843,81
1658,75
1640,76
1766,79
1730,78
1759,79
1393,66
1838,82
1566,71
1624,74
1688,77
1522,71
1656,75
1838,82
1761,79
1838,82
1821,81
1661,75
1822,81
1838,82
1797,80
1653,74
1838,82
1820,81
1515,71
1769,80
1780,80
1780,80
1808,81
1700,77
1793,80
1762,79
1840,82
1655,76
1838,82
1880,82
1755,79
1593,73
1655,76
1664,77
1577,72
1838,82
1691,77
1415,67
1481,71
1838,82
1801,81
1589,71
1729,78
1682,76
1424,66
1783,81
1611,75
1821,81
1755,78
1838,82
1816,81
1463,71
1838,82
1644,76
1576,71
1711,77
1802,80
1738,78
1838,82
1657,76
1750,79
1838,82
1722,79
1831,81
1718,78
1627,74
1472,69
1890,82
1770,78
1808,81
1671,76
1771,80
1838,82
1688,77
1660,75
1755,79
1756,79
1560,72
1838,82
1763,80
1789,80
1712,78
1838,82
1838,82
1840,81
1666,75
1654,75
1544,69
1838,82
1838,82
1711,77
1715,77
1862,82
1802,81
1813,81
1696,76
1626,75
1791,80
1699,77
1568,74
1796,81
1840,82
1555,71
1838,82
1541,70
1788,81
1737,78
1622,75
1784,80
1838,82
1548,70
1838,82
1749,79
1786,80
1838,82
1664,75
1824,81
1790,81
1697,77
1692,77
1606,72
1628,74
1683,75
1702,76
1816,81
1648,76
1628,74
1746,79
1380,66
1850,82
1806,81
1838,82
1838,82
1838,82
1665,76
1838,82
1838,82
1788,80
1734,78
1771,80
1799,81
1821,81
1840,82
1830,81
1577,74
1790,81
1786,79
1821,81
1796,81
1741,78
1838,82
1712,77
1792,80
1695,78
1838,82
1647,75
1555,73
1838,82
1838,82
1749,79
1806,81
1517,71
1512,71
1731,79
1694,77
1802,80
1485,71
1756,79
1778,80
1639,76
1450,69
1785,80
1774,80
1441,67
1838,82
1842,82
1645,76
1511,69
1794,80
1773,80
1774,80
1822,81
1604,75
1778,79
1725,79
1813,81
1603,73
1846,82
1685,77
1836,82
1836,82
1836,82
1751,78
1686,78
1756,78
1780,80
1789,79
1615,74
1840,82
1729,78
1836,82
1795,81
1747,79
1836,82
1799,80
1780,79
1814,81
1834,82
1663,76
1792,80
1432,64
1588,74
1661,74
1721,78
1517,69
1834,82
1814,81
1777,80
1834,82
1834,82
1700,77
1571,71
1490,70
1738,79
1637,75
1846,81
1744,77
1668,77
1831,81
1465,69
1848,82
1512,69
1834,82
1780,81
1796,81
1834,82
1834,82
1572,74
1834,82
1854,82
1853,82
1857,81
1653,75
1834,82
1717,74
1834,82
1779,79
1781,80
1690,77
1797,81
1759,79
1834,82
1834,82
1791,80
1556,73
1834,82
1644,73
1707,78
1735,79
1834,82
1754,78
1856,82
1762,79
1834,82
1834,82
1749,78
1513,72
1834,82
1834,82
1711,78
1834,82
1834,82
1834,82
1618,74
1695,76
1834,82
1838,82
1680,77
1834,82
1834,82
1769,80
1822,81
1756,79
1834,82
1806,80
1716,78
1564,74
1827,80
1759,79
1834,82
1834,81
1662,75
1681,77
1712,78
1788,81
1762,78
1852,82
1663,77
1540,72
1848,82
1734,78
1837,81
1680,77
1608,73
1789,79
1642,75
1564,74
1465,69
1692,77
1782,80
1710,79
1834,82
1829,81
1459,65
1774,80
1809,81
1679,77
1852,82
1834,82
1681,77
1511,71
1506,71
1661,77
1487,70
1667,77
1834,82
1574,72
1832,82
1824,81
1824,81
1834,82
1762,80
1811,81
1832,82
1749,79
1825,81
1677,78
1899,83
1786,81
1745,78
1799,80
1493,68
1425,67
1874,82
1850,81
1791,80
1827,80
1899,83
1899,83
1831,81
1619,74
1841,82
1899,83
1878,82
1823,81
1698,77
1782,80
1899,83
1773,79
1797,79
1836,81
1719,79
1899,83
1899,83
1857,82
1765,80
1568,73
1687,77
1899,83
1824,81
1752,79
1808,80
1613,73
1774,79
1899,83
1679,77
1566,71
1612,73
1683,77
1692,78
1701,77
1903,83
1600,70
1726,78
1623,71
1796,80
1750,79
1899,83
1535,73
1860,82
1631,75
1861,82
1855,81
1899,83
1899,83
1899,83
1615,73
1730,79
1875,82
1626,74
1773,79
1777,80
1730,79
1859,82
1514,72
1897,83
1677,75
1853,82
1770,79
1860,82
1834,80
1897,83
1897,83
1812,79
1830,81
1877,82
1519,71
1897,83
1711,78
1694,78
1897,83
1885,82
1897,83
1897,83
1843,81
1797,80
1737,77
1878,82
1854,82
1897,83
1897,83
1646,74
1897,83
1765,79
1901,83
1843,81
1897,83
1465,67
1851,82
1785,80
1702,76
1561,72
1466,69
1897,83
1864,82
1609,74
1690,78
1897,83
1559,72
1770,79
1738,79
1843,81
1811,81
1897,83
1790,81
1798,80
1736,76
1717,78
1678,77
1613,74
1897,83
1803,80
1889,83
1642,76
1695,77
1649,75
1591,73
1889,83
1854,82
1660,76
1526,71
1777,79
1889,83
1891,83
1853,82
1506,70
1669,77
1889,83
1781,79
1809,81
1727,78
1491,68
1682,76
1675,76
1699,75
1659,76
1594,73
1859,82
1889,83
1757,78
1696,75
1713,78
1869,82
1889,83
1541,74
1889,83
1889,83
1889,83
1743,79
1733,78
1462,69
1526,71
1550,73
1891,83
1889,83
1818,81
1684,76
1859,82
1706,77
1737,79
1885,83
1899,83
1784,80
1885,83
1592,74
1829,81
1760,80
1570,72
1602,73
1483,69
1701,74
1743,79
1728,78
1885,83
1891,83
1887,83
1590,73
1877,83
1753,78
1857,82
1841,82
1707,77
1877,83
1877,83
1877,83
1784,81
1765,80
1498,67
1877,83
1877,83
1451,66
1827,81
1614,73
1877,83
1667,76
1659,76
1847,82
1877,83
1745,77
1877,83
1647,75
1820,81
1851,82
1512,72
1879,83
1572,71
1625,76
1833,81
1770,79
1646,75
1691,78
1807,80
1745,77
1808,81
1719,76
1564,74
1530,72
1877,83
1606,72
1400,66
1457,71
1632,74
1877,83
1877,83
1750,78
1810,80
1554,72
1828,81
1535,71
1722,78
1881,83
1650,76
1679,76
1842,81
1841,82
1814,81
1877,83
1836,82
1839,82
1662,75
1497,68
1493,69
1775,79
1877,83
1874,82
1877,83
1877,83
1554,71
1807,80
1482,70
1877,83
1859,82
1527,71
1795,81
1794,80
1855,82
1583,74
1872,82
1879,83
1588,74
1653,76
1851,82
1509,72
1831,81
1439,69
1590,73
1818,81
1688,76
1728,79
1852,82
1881,83
1877,83
1812,81
1664,76
1842,82
1839,82
1846,82
1644,75
1762,79
1843,81
1720,78
1744,79
1801,81
1747,78
1721,77
1648,75
1651,74
1476,69
1877,83
1639,75
1877,83
1845,82
1839,82
1851,82
1561,72
1723,78
1710,78
1877,83
1877,83
1807,81
1658,77
1877,83
1826,81
1648,75
1760,79
1887,83
1877,83
1619,74
1750,79
1673,75
1877,83
1833,81
1700,79
1865,82
1584,72
1461,70
1543,73
1715,77
1825,81
1883,83
1877,83
1877,83
1813,81
1863,82
1877,83
1730,78
1850,81
1577,72
1841,82
1863,82
1571,72
1451,68
1841,82
1645,76
1879,83
1535,71
1668,74
1796,80
1621,73
1620,75
1602,75
1745,78
1792,80
1489,70
1885,83
1794,80
1877,83
1815,81
1881,83
1872,81
1508,70
1885,83
1784,80
1772,80
1660,75
1857,82
1800,81
1877,83
1664,74
1850,82
1877,83
1839,81
1800,80
1803,81
1695,76
1877,83
1774,80
1875,83
1827,80
1855,80
1802,80
1679,77
1473,70
1569,71
1440,68
1759,79
1862,82
1697,75
1648,75
1875,83
1574,74
1801,81
1867,82
1883,83
1712,76
1591,73
1480,71
1875,83
1862,82
1875,83
1777,79
1469,69
1595,71
1704,77
1875,83
1715,77
1681,75
1794,81
1540,71
1757,79
1782,80
1519,71
1747,78
1692,78
1570,72
1586,71
1665,77
1875,83
1722,77
1590,73
1674,75
1487,70
1818,81
1849,80
1875,83
1875,83
1875,83
1875,83
1860,82
1875,83
1875,83
1662,78
1843,82
1759,80
1473,70
1875,83
1807,81
1819,82
1720,78
1686,75
1486,70
1846,82
1753,78
1481,71
1806,81
1883,83
1875,83
1772,80
1700,77
1749,78
1720,78
1874,82
1875,83
1859,81
1861,82
1875,83
1877,83
1863,82
1846,82
1859,82
1789,78
1842,82
1420,68
1800,81
1602,73
1831,81
1789,81
1437,69
1845,82
1688,76
1503,69
1875,83
1839,82
1661,77
1799,81
1814,81
1852,82
1818,81
1541,70
1633,75
1771,78
1879,83
1621,75
1875,83
1875,83
1849,82
1749,79
1745,78
1762,80
1700,77
1629,76
1781,81
1711,77
1671,76
1885,83
1591,73
1595,73
1691,78
1804,80
1514,68
1678,77
1875,83
1788,80
1875,83
1851,82
1875,83
1462,70
1849,80
1877,83
1674,76
1875,83
1888,82
1843,82
1750,78
1757,79
1810,81
1865,82
1875,83
1689,77
1796,80
1864,82
1790,79
1739,78
1780,80
1748,78
1873,83
1646,77
1722,76
1875,83
1864,82
1672,75
1464,70
1873,83
1880,82
1352,63
1683,76
1713,78
1866,82
1734,78
1865,82
1721,78
1437,67
1867,82
1875,83
1803,80
1873,83
1837,81
1432,68
1690,75
1642,74
1875,83
1436,68
1735,78
1873,83
1397,66
1658,76
1873,83
1714,77
1683,77
1867,82
1850,81
1875,83
1874,82
1637,75
1384,68
1875,83
1566,73
1873,83
1801,80
1879,83
1841,82
1873,83
1775,77
1628,73
1765,79
1759,77
1843,82
1871,82
1822,80
1744,79
1860,82
1631,74
1730,77
1873,83
1855,82
1877,83
1875,83
1814,80
1707,76
1873,83
1496,65
1879,83
1873,83
1464,68
1848,81
1755,78
1763,79
1841,82
1803,79
1873,83
1572,69
1842,81
1858,81
1690,76
1748,80
1827,81
1895,83
1580,71
1818,81
1798,79
1812,81
1432,66
1840,80
1787,78
1552,71
1759,78
1739,79
1772,79
1875,83
1812,80
1756,79
1872,82
1873,83
1836,81
1784,79
1879,83
1843,81
1846,81
1905,83
1623,75
1514,68
1794,80
1785,80
1860,83
1815,80
1628,73
1696,77
1831,82
1792,80
1817,81
1645,74
1735,78
1589,73
1859,82
1773,81
1689,76
1845,82
1799,81
1765,80
1866,83
1819,81
1532,68
1831,81
1872,83
1860,83
1928,84
1903,82
1692,75
1510,70
1593,73
1928,84
1895,83
1905,83
1939,83
1928,84
1952,84
1800,80
1938,84
1450,68
1827,81
1743,77
1480,70
1928,84
1947,83
1928,84
1665,74
1930,84
1905,83
1875,82
1926,84
1925,83
1913,83
1683,76
1926,84
1857,82
1893,83
1736,76
1495,70
1919,82
1904,83
1943,83
1914,81
1926,84
1720,78
1705,76
1636,74
1818,80
1680,76
1541,72
1926,84
1780,79
1848,81
1691,74
1870,82
1926,84
1765,77
1831,81
1843,82
1874,82
1837,81
1699,74
1643,75
1575,72
1745,77
1926,84
1577,73
1796,79
1551,70
1527,71
1889,82
1934,84
1765,77
1711,76
1926,84
1832,80
1912,83
1764,79
1594,74
1736,76
1805,81
1842,80
1552,72
1926,84
1779,79
1926,84
1574,73
1661,76
1857,82
1683,75
1876,82
1920,84
1717,76
1509,71
1922,84
1924,83
1882,83
1662,74
1920,84
1819,81
1858,82
1727,77
1623,74
1932,83
1783,79
1920,84
1626,70
1790,79
1590,73
1739,76
1920,84
1617,72
1897,83
1771,78
1452,68
1922,84
1682,74
1509,69
1760,78
1802,79
1912,83
1500,70
1859,81
1880,82
1875,83
1870,82
1928,84
1924,84
1920,84
1918,84
1568,73
1491,69
1696,74
1691,76
1864,81
1847,82
1830,81
1624,70
1790,78
1886,83
1918,84
1640,75
1711,77
1785,79
1827,81
1920,84
1861,82
1926,84
1892,82
1723,79
1899,83
1918,84
1817,81
1843,81
1494,69
1736,77
1889,83
1747,78
1669,75
1488,68
1918,84
1922,84
1725,77
1699,75
1495,68
1474,70
1918,84
1539,69
1576,71
1565,70
1622,74
1904,83
1918,84
1818,80
1910,83
1491,69
1813,80
1867,82
1869,82
1626,73
1595,74
1702,76
1831,81
1893,83
1903,83
1816,79
1625,71
1918,84
1918,84
1670,73
1479,69
1859,82
1869,82
1878,83
1867,82
1671,70
1930,84
1831,81
1679,75
1918,84
1609,74
1617,74
1592,71
1833,81
1922,84
1505,69
1882,83
1851,80
1595,74
1702,76
1496,70
1891,83
1918,84
1801,80
1918,84
1771,79
1763,77
1877,81
1918,84
1480,68
1668,77
1529,70
1512,70
1918,84
1924,84
1890,83
1876,81
1814,80
1651,72
1930,84
1685,72
1735,78
1705,76
1918,84
1838,81
1918,84
1924,84
1829,80
1863,79
1769,74
1794,80
1878,82
1908,83
1924,84
1537,70
1771,80
1841,81
1489,69
1806,80
1677,77
1679,77
1918,84
1918,84
1665,75
1642,74
1896,83
1922,84
1710,78
1886,82
1870,83
1887,82
1744,78
1914,84
1630,74
1911,83
1603,74
1918,84
1589,72
1861,82
1926,84
1808,81
1839,82
1874,82
1860,82
1914,84
1605,71
1894,82
1860,82
1601,74
1879,83
1918,84
1902,83
1704,74
1724,75
1842,79
1860,81
1914,84
1733,76
1736,76
1532,71
1630,73
1801,82
1926,84
1865,82
1926,84
1646,74
1630,73
1918,83
1579,70
1703,75
1839,81
1725,79
1914,84
1675,75
1693,73
1610,70
1934,84
1847,82
1860,80
1758,79
1702,74
1899,83
1883,81
1666,72
1792,79
1685,77
1882,83
1882,83
1872,81
1739,76
1849,82
1712,78
1592,72
1914,84
1780,78
1779,77
1914,84
1537,70
1500,69
1598,70
1857,82
1910,84
1825,82
1910,84
1632,73
1842,80
1833,81
1910,84
1464,69
1913,83
1881,83
1510,71
1832,81
1855,81
1883,83
1849,81
1910,84
1916,84
1914,84
1604,73
1639,72
1868,82
1660,74
1760,75
1928,84
1896,83
1910,84
1910,84
1883,83
1868,83
1856,81
1796,79
1809,81
1834,80
1550,71
1859,82
1816,79
1849,81
1859,82
1518,66
1693,70
1722,74
1864,82
1853,82
1645,73
1883,83
1547,72
1566,71
1634,75
1832,81
1830,80
1711,77
1573,69
1706,74
1929,83
1845,82
1852,80
1566,71
1878,81
1883,83
1896,83
1851,82
1816,80
1735,78
1639,72
1910,84
1908,83
1785,79
1680,74
1809,81
1866,82
1846,79
1743,78
1910,84
1893,83
1758,77
1870,81
1709,77
1899,83
1612,70
1830,81
1910,84
1910,84
1896,82
1668,75
1861,82
1910,84
1679,75
1728,75
1617,72
1755,80
1862,82
1843,81
1553,70
1648,76
1880,83
1859,82
1854,83
1721,76
1779,80
1807,79
1904,83
1849,81
1702,74
1904,84
1847,81
1904,84
1821,80
1801,80
1904,84
1928,84
1824,81
1787,80
1902,84
1902,84
1857,82
1833,79
1902,84
1902,84
1610,71
1463,68
1560,73
1569,71
1637,73
1852,81
1902,84
1868,83
1876,83
1894,83
1698,76
1840,81
1858,82
1902,84
1660,75
1894,83
1674,71
1580,73
1659,75
1902,84
1837,81
1866,83
1886,82
1911,84
1910,84
1898,84
1844,83
1898,84
1717,77
1879,81
1812,79
1898,84
1717,76
1865,83
1469,65
1613,73
1723,76
1908,84
1862,82
1874,81
1918,84
1866,82
1768,80
1888,83
1880,83
1817,79
1618,70
1561,69
1808,79
1540,69
1468,64
1853,82
1709,78
1865,82
1746,79
1681,75
1908,84
1615,69
1774,80
1682,76
1866,83
1827,82
1912,84
1863,80
1570,73
1834,80
1580,69
1868,83
1639,73
1684,76
1819,82
1907,83
1692,76
1863,82
1850,83
1870,83
1820,81
1644,72
1822,81
1898,84
1869,83
1882,83
1832,79
1718,78
1824,81
1898,84
1798,78
1663,73
1825,78
1896,84
1756,80
1896,84
1760,79
1880,83
1639,73
1908,84
1810,79
1896,84
1437,66
1798,79
1591,69
1804,80
1569,73
1865,83
1896,84
1896,84
1666,75
1818,81
1874,82
1798,81
1858,82
1663,76
1824,79
1670,73
1497,70
1875,82
1815,81
1896,84
1609,74
1864,83
1833,82
1896,84
1827,81
1656,73
1900,84
1675,74
1714,77
1830,79
1871,83
1896,84
1896,84
1830,80
1561,70
1875,82
1802,80
1736,75
1787,79
1896,84
1761,76
1867,82
1758,79
1832,79
1812,80
1655,75
1876,83
1818,78
1552,69
1743,79
1908,84
1860,83
1775,80
1896,84
1835,80
1846,82
1900,84
1896,84
1895,81
1879,83
1721,78
1811,82
1896,84
1742,76
1873,83
1577,72
1896,84
1782,79
1830,82
1854,79
1801,80
1697,79
1812,80
1702,75
1906,84
1750,76
1896,84
1910,84
1810,81
1879,83
1644,76
1679,75
1791,81
1750,75
1768,78
1793,80
1830,79
1896,84
1788,78
1785,80
1870,83
1768,80
1896,84
1896,84
1749,80
1900,84
1575,72
1662,74
1898,84
1892,83
1896,84
1812,82
1849,82
1767,75
1900,84
1896,84
1890,83
1791,80
1662,74
1902,84
1802,80
1927,83
1898,84
1840,82
1896,84
1771,80
1900,84
1846,81
1883,82
1812,79
1550,72
1867,83
1896,84
1665,76
1687,76
1898,84
1864,82
1570,71
1810,80
1599,72
1799,79
1825,79
1422,66
1896,84
1893,81
1634,75
1848,83
1848,83
1660,74
1834,80
1861,80
1623,73
1551,74
1896,84
1824,79
1719,79
1803,81
1887,83
1514,70
1757,80
1874,83
1725,76
1866,82
1761,81
1807,80
1896,84
1561,71
1583,72
1847,82
1654,76
1858,82
1822,81
1896,84
1711,77
1687,76
1882,83
1643,75
1667,74
1853,82
1645,75
1904,84
1634,73
1761,78
1797,81
1898,84
1912,84
1906,84
1866,82
1757,79
1565,72
1884,83
1604,74
1822,81
1846,83
1875,83
1811,80
1896,84
1900,84
1811,79
1828,79
1749,78
1794,80
1896,84
1855,83
1855,81
1896,84
1855,82
1687,77
1836,81
1821,80
1768,78
1756,78
1855,83
1896,84
1767,79
1712,78
1904,84
1823,81
1844,81
1896,84
1872,83
1896,84
1781,80
1780,80
1790,79
1896,84
1860,82
1764,80
1718,78
1660,73
1896,84
1896,84
1912,84
1736,75
1656,75
1752,76
1896,84
1896,84
1848,82
1691,75
1896,84
1733,75
1730,78
1853,82
1883,82
1884,81
1634,74
1493,69
1912,82
1876,83
1789,79
1900,84
1848,81
1670,76
1912,82
1896,84
1885,83
1824,79
1802,80
1819,79
1896,84
1865,81
1841,81
1866,82
1825,81
1611,73
1873,83
1617,73
1809,80
1896,84
1896,84
1898,84
1865,83
1678,76
1736,78
1896,84
1745,78
1894,83
1892,83
1896,81
1683,75
1629,73
1765,77
1794,79
1906,84
1736,80
1788,79
1789,80
1783,79
1896,84
1894,83
1896,84
1851,82
1896,84
1815,81
1889,83
1896,84
1756,75
1812,80
1701,78
1870,83
1821,80
1896,84
1617,74
1746,79
1715,76
1838,81
1807,79
1762,78
1815,79
1767,77
1812,81
1851,81
1906,84
1791,78
1774,80
1708,78
1882,83
1812,78
1738,77
1871,82
1668,72
1896,84
1711,78
1898,84
1786,78
1896,84
1841,82
1885,83
1898,84
1870,82
1768,78
1618,73
1795,77
1854,81
1609,73
1896,84
1896,84
1896,84
1754,79
1896,84
1734,77
1843,82
1896,84
1896,84
1896,84
1844,83
1798,81
1834,82
1692,75
1775,78
1904,84
1608,72
1853,81
1912,84
1872,81
1896,84
1708,75
1648,72
1849,82
1855,81
1806,78
1850,82
1916,84
1732,78
1898,83
1908,84
1904,84
1855,82
1896,84
1853,81
1685,77
1795,80
1727,78
1868,83
1791,79
1898,84
1915,84
1657,74
1826,81
1888,83
1798,80
1896,84
1875,83
1844,83
1871,82
1864,82
1863,82
1711,77
1698,74
1635,76
1867,83
1759,77
1898,84
1785,80
1696,76
1846,81
1863,81
1736,75
1896,84
1898,84
1677,74
1739,78
1870,83
1896,84
1735,75
1655,74
1700,75
1801,80
1746,77
1876,83
1896,84
1743,77
1898,83
1554,70
1900,83
1703,75
1873,83
1755,78
1515,73
1852,82
1707,77
1903,83
1842,82
1473,70
1906,84
1822,81
1889,83
1614,73
1898,84
1896,84
1869,82
1868,83
1859,82
1806,80
1695,75
1898,84
1734,78
1888,83
1563,71
1785,78
1728,78
1910,84
1747,78
1838,81
1896,84
1536,70
1774,79
1728,78
1868,83
1705,77
1904,84
1896,84
1780,80
1900,84
1823,81
1740,79
1895,83
1778,79
1897,83
1840,80
1696,78
1712,74
1828,80
1647,74
1773,76
1687,76
1896,84
1882,83
1763,80
1896,84
1898,84
1686,76
1738,76
1902,83
1896,84
1851,82
1628,73
1879,82
1896,84
1898,84
1874,83
1661,75
1809,80
1896,84
1896,84
1677,76
1916,84
1668,76
1904,84
1628,73
1904,84
1804,80
1650,74
1561,72
1873,83
1896,84
1872,83
1818,82
1719,79
1603,74
1838,81
1785,78
1813,80
1864,82
1855,83
1842,79
1849,82
1819,81
1599,72
1732,78
1874,83
1778,79
1594,73
1840,81
1609,72
1729,76
1798,80
1898,83
1614,75
1671,74
1775,80
1896,84
1896,84
1896,84
1902,84
1896,84
1767,78
1529,70
1550,71
1739,78
1901,83
1872,83
1873,82
1896,84
1731,79
1829,81
1779,79
1826,79
1898,84
1796,80
1595,71
1890,83
1661,75
1804,80
1882,83
1896,84
1811,81
1867,83
1749,78
1821,81
1896,84
1894,83
1571,71
1645,75
1896,84
1674,75
1685,74
1724,78
1904,84
1896,84
1731,79
1584,70
1868,83
1898,83
1812,79
1799,77
1625,74
1706,77
1896,84
1727,77
1854,82
1908,84
1894,82
1898,84
1876,83
1856,83
1896,84
1775,80
1745,79
1896,84
1831,79
1877,83
1719,78
1875,83
1803,81
1863,83
1896,84
1820,80
1874,81
1723,79
1788,79
1836,81
1849,80
1878,83
1833,82
1833,81
1680,74
1879,83
1896,84
1851,82
1774,79
1584,73
1656,74
1675,76
1863,83
1896,84
1429,67
1873,83
1902,84
1783,79
1736,78
1896,84
1855,79
1648,74
1834,81
1896,84
1810,80
1687,74
1864,82
1870,82
1874,81
1733,76
1873,83
1858,81
1728,78
1772,77
1804,80
1894,83
1826,81
1863,83
1831,81
1559,73
1726,77
1508,67
1634,74
1896,84
1842,82
1652,76
1820,80
1865,82
1611,75
1751,77
1682,74
1687,77
1910,84
1896,84
1633,75
1695,75
1834,80
1838,81
1732,78
1895,82
1771,79
1872,82
1585,73
1896,84
1779,77
1569,72
1587,73
1896,84
1811,77
1896,84
1826,82
1838,81
1736,78
1860,83
1896,84
1852,82
1509,68
1896,84
1837,82
1891,83
1896,84
1896,84
1882,83
1676,76
1504,69
1881,83
1896,84
1876,83
1694,76
1759,77
1694,74
1896,84
1896,84
1850,81
1489,69
1864,82
1832,81
1795,80
1777,77
1896,84
1707,78
1773,78
1836,80
1884,83
1871,82
1652,73
1836,81
1793,80
1840,81
1781,80
1622,72
1862,82
1896,84
1906,84
1606,74
1605,72
1848,82
1587,73
1896,84
1808,78
1896,84
1898,84
1601,75
1884,83
1872,83
1900,84
1811,81
1825,81
1779,79
1598,71
1750,79
1896,84
1882,83
1770,78
1706,78
1896,84
1849,82
1603,72
1842,82
1741,79
1896,84
1849,80
1757,80
1771,79
1896,84
1622,72
1885,81
1910,84
1775,79
1910,84
1845,80
1841,81
1872,83
1906,84
1849,83
1448,66
1569,71
1758,75
1896,84
1898,84
1806,80
1900,84
1868,83
1906,84
1838,82
1621,74
1487,69
1896,84
1804,80
1885,81
1677,74
1816,81
1874,83
1896,84
1765,79
1778,80
1884,83
1820,79
1749,76
1900,84
1868,81
1487,68
1889,83
1751,80
1896,84
1865,83
1710,77
1754,77
1874,83
1817,79
1733,79
1896,84
1864,82
1809,79
1896,84
1896,84
1809,82
1793,78
1857,83
1766,80
1759,78
1883,83
1733,79
1748,78
1883,83
1654,75
1670,77
1896,84
1562,72
1806,80
1810,80
1896,84
1586,74
1904,84
1906,84
1811,81
1869,83
1896,84
1634,74
1896,84
1839,79
1896,84
1896,84
1707,77
1882,80
1834,82
1577,71
1709,75
1836,79
1859,82
1493,69
1849,82
1853,79
1729,79
1736,77
1830,81
1781,79
1896,84
1721,78
1876,83
1834,82
1881,83
1883,83
1613,72
1808,79
1866,83
1896,84
1712,75
1896,84
1852,83
1860,80
1782,80
1896,84
1662,76
1900,84
1896,84
1876,83
1874,83
1680,75
1759,78
1671,75
1711,74
1808,79
1741,75
1832,82
1896,84
1860,81
1835,82
1746,78
1840,82
1860,81
1790,81
1776,77
1896,84
1815,77
1698,77
1826,82
1817,79
1896,84
1735,77
1753,78
1880,83
1793,79
1880,83
1753,79
1844,81
1898,84
1896,84
1822,82
1874,83
1829,82
1857,82
1807,81
1896,84
1803,80
1795,78
1896,84
1844,82
1510,67
1896,84
1902,84
1666,74
1685,74
1895,82
1836,82
1896,84
1676,75
1676,75
1896,84
1636,75
1883,83
1868,83
1750,79
1879,83
1872,83
1896,84
1896,84
1896,84
1819,79
1908,84
1912,84
1747,79
1881,83
1884,83
1810,81
1930,84
1896,84
1838,81
1609,76
1896,84
1866,81
1896,84
1555,71
1827,80
1876,83
1827,81
1846,82
1813,79
1765,80
1729,79
1569,72
1555,69
1819,82
1715,78
1689,75
1896,84
1720,76
1896,84
1827,80
1672,76
1707,78
1831,81
1826,80
1528,69
1864,83
1538,69
1630,74
1898,84
1885,83
1797,79
1826,80
1722,77
1775,78
1793,81
1873,83
1897,83
1638,73
1678,75
1758,78
1781,80
1899,81
1808,80
1848,82
1898,84
1896,84
1878,83
1638,74
1545,72
1749,77
1896,84
1619,74
1866,83
1814,80
1781,78
1908,84
1763,77
1853,80
1821,82
1865,83
1745,77
1745,79
1714,77
1829,80
1850,79
1623,71
1843,82
1737,78
1765,80
1828,81
1855,83
1896,84
1751,79
1818,82
1835,81
1715,78
1863,82
1882,83
1896,84
1868,83
1874,83
1640,73
1617,76
1834,79
1617,73
1752,78
1778,80
1760,80
1877,83
1681,75
1896,84
1713,77
1807,81
1868,83
1769,78
1803,79
1855,83
1882,83
1896,84
1858,82
1898,84
1896,84
1571,72
1910,84
1744,80
1783,79
1914,84
1679,75
1817,79
1868,82
1775,80
1871,83
1872,83
1771,79
1900,84
1896,84
1792,80
1896,84
1628,72
1809,81
1720,79
1702,77
1776,77
1764,79
1902,84
1896,84
1741,76
1817,80
1756,80
1822,79
1813,81
1817,81
1604,73
1620,73
1807,80
1763,78
1873,83
1444,69
1652,74
1667,74
1748,80
1780,80
1686,78
1807,80
1851,81
1885,83
1557,71
1916,84
1637,74
1719,76
1719,76
1801,79
1695,78
1678,74
1632,74
1859,83
1898,84
1847,82
1867,83
1679,75
1856,81
1824,81
1620,74
1838,80
1909,83
1766,79
1848,82
1620,74
1769,80
1828,82
1761,77
1611,74
1794,79
1694,73
1849,82
1748,80
1896,84
1652,76
1896,84
1840,81
1530,68
1648,73
1896,84
1896,84
1654,73
1788,80
1636,74
1902,84
1727,77
1707,78
1734,76
1822,79
1761,78
1804,80
1805,80
1680,75
1864,83
1896,84
1748,77
1878,83
1877,83
1604,72
1834,80
1878,83
1896,84
1896,84
1873,83
1654,74
1794,80
1895,83
1748,80
1896,84
1781,79
1837,82
1690,74
1896,84
1896,84
1896,84
1856,81
1879,83
1752,78
1896,84
1869,83
1790,80
1803,80
1761,78
1754,77
1771,77
1746,80
1900,84
1748,77
1900,82
1528,69
1823,79
1896,84
1834,82
1896,84
1828,77
1900,84
1770,80
1896,84
1797,80
1788,79
1883,83
1896,84
1754,77
1897,83
1896,84
1653,72
1839,82
1659,77
1835,82
1770,79
1575,72
1865,82
1841,82
1714,76
1858,82
1865,83
1668,77
1898,84
1537,65
1883,83
1529,69
1814,80
1755,78
1719,78
1614,75
1535,71
1831,82
1812,81
1896,84
1826,81
1829,80
1739,75
1707,77
1898,84
1737,79
1730,80
1852,82
1864,83
1779,78
1655,75
1857,79
1865,83
1738,78
1452,66
1747,80
1726,76
1755,75
1530,70
1557,71
1740,78
1575,72
1873,83
1638,76
1720,77
1828,82
1839,82
1777,79
1732,77
1767,77
1896,84
1896,84
1807,80
1896,84
1786,80
1816,79
1804,80
1663,75
1896,84
1865,83
1747,79
1756,80
1860,82
1808,81
1834,81
1827,82
1776,80
1896,84
1877,83
1824,79
1849,82
1896,84
1565,72
1859,82
1826,81
1855,83
1844,82
1896,84
1906,84
1766,80
1759,77
1893,83
1896,84
1896,84
1811,80
1642,73
1512,68
1881,83
1829,80
1675,75
1807,81
1841,82
1652,75
1902,84
1896,84
1896,84
1764,79
1506,71
1781,79
1808,79
1625,73
1827,80
1749,80
1826,82
1612,73
1841,80
1896,84
1828,82
1896,84
1863,83
1767,77
1724,77
1916,84
1896,84
1808,81
1610,72
1728,78
1898,84
1758,80
1764,79
1896,84
1896,84
1896,84
1809,82
1896,84
1900,84
1829,80
1894,83
1900,84
1914,84
1756,80
1867,83
1823,77
1778,79
1896,84
1807,81
1884,83
1857,82
1712,78
1718,76
1831,79
1812,80
1906,84
1896,84
1557,71
1775,80
1827,82
1813,80
1896,84
1858,83
1815,79
1693,78
1780,80
1866,82
1896,84
1898,84
1593,73
1721,77
1523,72
1896,84
1758,77
1820,80
1683,76
1864,81
1816,81
1868,83
1644,74
1853,82
1822,81
1896,84
1719,79
1692,74
1776,79
1830,81
1881,83
1746,79
1896,84
1779,81
1641,72
1851,83
1765,79
1889,83
1881,83
1775,77
1866,83
1863,82
1832,80
1783,79
1820,81
1889,82
1877,83
1682,77
1609,74
1910,84
1857,83
1900,84
1777,78
1714,76
1847,82
1837,81
1409,66
1767,80
1885,83
1851,81
1896,84
1801,78
1585,71
1612,72
1847,82
1896,84
1768,78
1624,70
1863,82
1525,69
1727,77
1859,83
1562,70
1857,83
1900,84
1666,75
1777,79
1638,75
1799,79
1815,82
1719,77
1898,84
1761,80
1835,82
1563,70
1797,79
1827,82
1826,81
1822,81
1628,73
1913,83
1744,79
1672,73
1682,76
1675,77
1702,79
1896,84
1870,83
1717,77
1877,83
1900,84
1870,81
1898,84
1728,78
1824,81
1898,84
1727,78
1900,84
1912,84
1910,84
1555,71
1896,84
1680,74
1817,80
1706,76
1891,83
1751,76
1813,82
1813,80
1869,80
1876,83
1831,82
1896,84
1620,72
1896,84
1874,83
1920,84
1681,74
1806,79
1803,81
1581,70
1654,73
1896,84
1826,81
1845,82
1535,70
1910,84
1884,83
1572,71
1897,83
1657,73
1876,83
1837,82
1667,74
1817,78
1618,73
1896,84
1896,84
1896,84
1766,75
1820,81
1803,80
1900,84
1779,79
1873,83
1719,76
1896,84
1896,84
1898,84
1896,84
1896,84
1552,71
1873,83
1896,84
1857,83
1847,82
1910,84
1913,82
1761,76
1815,81
1868,83
1896,84
1649,73
1775,79
1816,79
1617,72
1917,84
1896,84
1873,83
1896,84
1837,82
1698,75
1859,82
1602,72
1595,72
1644,74
1902,84
1805,80
1786,80
1850,83
1824,81
1902,83
1643,69
1676,75
1816,81
1764,76
1896,84
1696,76
1799,81
1862,80
1511,68
1654,75
1720,77
1798,80
1894,83
1773,75
1807,81
1721,77
1722,75
1589,73
1767,75
1810,80
1812,82
1870,83
1881,83
1751,77
1714,76
1896,84
1848,82
1570,72
1904,84
1813,81
1643,73
1569,71
1577,73
1894,83
1795,81
1848,83
1880,83
1896,84
1902,84
1722,79
1900,84
1812,80
1896,84
1727,77
1865,82
1520,70
1869,81
1857,82
1835,82
1565,73
1896,84
1825,80
1841,82
1874,83
1880,81
1896,84
1451,67
1522,69
1773,79
1686,74
1670,76
1724,79
1828,82
1795,80
1781,78
1723,76
1573,73
1749,77
1877,83
1877,83
1841,82
1579,71
1787,79
1793,80
1645,74
1896,84
1875,83
1660,73
1749,78
1818,79
1896,84
1842,82
1896,84
1584,72
1780,79
1786,79
1867,83
1710,78
1793,80
1896,84
1896,84
1896,84
1759,78
1698,78
1844,82
1558,70
1786,79
1680,74
1659,77
1875,83
1896,84
1552,67
1698,77
1670,75
1789,79
1711,76
1896,84
1547,71
1704,77
1896,84
1896,84
1563,73
1662,77
1683,75
1612,72
1852,82
1848,83
1742,78
1842,82
1817,79
1902,84
1886,83
1856,83
1867,83
1736,77
1824,81
1708,75
1798,77
1896,84
1815,81
1824,82
1621,73
1466,68
1577,73
1896,84
1823,81
1737,78
1861,83
1575,71
1896,84
1867,83
1744,75
1671,75
1835,79
1646,71
1820,81
1557,72
1898,84
1672,73
1581,72
1856,82
1756,77
1896,84
1801,80
1776,78
1621,72
1443,68
1896,84
1789,80
1816,79
1565,72
1716,78
1898,84
1735,78
1896,84
1652,73
1738,79
1398,66
1591,70
1767,79
1505,67
1896,84
1623,73
1859,82
1869,83
1874,81
1680,75
1649,73
1866,82
1819,81
1852,82
1828,82
1779,80
1873,83
1908,83
1860,82
1896,84
1896,84
1572,71
1656,73
1883,83
1464,68
1525,71
1857,82
1876,83
1565,73
1871,83
1861,80
1513,69
1877,83
1771,79
1831,81
1865,82
1588,74
1846,83
1883,83
1896,84
1596,72
1898,84
1910,84
1689,75
1896,84
1744,75
1849,81
1597,71
1687,78
1860,82
1898,84
1885,82
1898,84
1898,84
1628,74
1886,83
1816,79
1637,72
1536,70
1896,84
1747,80
1645,73
1757,78
1858,83
1647,74
1826,81
1900,84
1879,83
1896,84
1661,75
1902,84
1859,83
1902,84
1833,81
1611,73
1816,80
1638,72
1869,83
1817,81
1861,83
1898,84
1723,77
1896,84
1637,72
1779,81
1902,84
1749,78
1623,74
1827,81
1901,83
1503,69
1896,84
1597,73
1897,83
1896,84
1664,73
1600,72
1717,76
1770,78
1830,82
1721,78
1775,79
1854,82
1866,83
1812,81
1676,74
1738,78
1846,79
1634,74
1781,80
1896,84
1858,83
1594,73
1896,84
1794,80
1849,81
1803,78
1582,72
1662,75
1553,70
1906,83
1771,77
1666,75
1908,84
1848,81
1896,84
1829,82
1876,83
1789,81
1898,84
1898,84
1789,81
1762,76
1552,70
1896,84
1896,84
1900,84
1552,71
1630,74
1876,83
1663,73
1545,69
1882,83
1852,82
1852,82
1693,75
1902,84
1653,75
1824,80
1778,78
1797,77
1723,76
1900,84
1910,84
1840,79
1733,78
1624,75
1763,80
1844,81
1798,81
1896,84
1849,82
1798,78
1906,84
1817,81
1576,74
1896,84
1719,78
1890,83
1768,79
1594,73
1896,84
1633,76
1822,82
1768,80
1832,81
1864,83
1719,75
1811,79
1884,82
1826,80
1814,80
1896,84
1696,76
1745,77
1792,80
1896,84
1836,81
1608,73
1785,80
1896,84
1735,76
1896,84
1908,84
1688,74
1769,78
1693,76
1863,82
1896,84
1846,81
1641,75
1896,84
1861,82
1789,80
1879,83
1699,76
1612,73
1805,81
1845,82
1854,83
1791,80
1673,75
1628,76
1817,79
1883,82
1649,72
1896,84
1896,84
1591,72
1837,82
1874,83
1767,78
1896,84
1535,70
1896,84
1896,84
1688,78
1876,83
1898,84
1896,84
1826,80
1900,84
1831,82
1896,84
1744,79
1896,84
1896,84
1902,84
1620,73
1774,78
1873,83
1821,81
1675,75
1750,77
1896,84
1835,82
1738,79
1856,82
1759,76
1761,78
1622,72
1882,83
1896,84
1693,74
1835,82
1896,84
1858,82
1896,84
1786,81
1712,78
1922,84
1705,75
1603,75
1718,76
1609,73
1812,80
1865,83
1872,83
1694,74
1828,82
1875,83
1556,72
1839,81
1896,84
1851,82
1823,79
1867,83
1883,83
1734,76
1842,82
1721,78
1909,84
1818,81
1851,82
1896,84
1897,83
1675,75
1898,84
1722,78
1896,84
1537,73
1895,83
1855,82
1641,74
1672,75
1862,80
1815,81
1798,79
1896,84
1896,84
1896,84
1568,71
1896,84
1849,82
1553,68
1603,73
1758,78
1832,82
1843,82
1746,78
1765,78
1896,84
1750,76
1718,75
1706,76
1884,83
1721,78
1768,79
1606,72
1787,81
1860,80
1446,67
1900,84
1861,82
1841,82
1795,79
1587,70
1599,72
1896,84
1710,77
1745,78
1448,67
1678,72
1699,78
1896,84
1900,84
1896,84
1896,84
1718,76
1790,81
1904,84
1538,72
1748,80
1902,84
1664,74
1732,77
1896,84
1896,84
1896,84
1873,83
1824,81
1731,79
1706,78
1768,79
1896,84
1871,83
1867,83
1692,74
1902,84
1761,80
1646,77
1697,75
1829,80
1793,80
1566,70
1732,79
1886,83
1896,84
1898,84
1758,79
1904,84
1833,80
1853,82
1864,83
1886,83
1847,82
1795,79
1896,84
1896,84
1733,79
1745,78
1766,78
1888,83
1780,79
1896,84
1659,76
1823,81
1900,84
1863,83
1649,73
1822,81
1754,78
1777,78
1874,83
1688,76
1684,74
1889,83
1678,76
1876,83
1902,84
1900,84
1565,71
1870,83
1497,68
1760,78
1808,82
1712,76
1784,81
1617,72
1896,84
1900,84
1660,75
1886,83
1821,81
1688,76
1743,80
1719,77
1666,77
1504,70
1767,79
1827,79
1658,75
1733,77
1784,81
1692,75
1896,84
1896,84
1564,71
1704,77
1516,70
1698,76
1797,79
1896,84
1838,82
1683,77
1844,83
1884,83
1784,80
1625,75
1693,76
1636,75
1817,80
1847,82
1820,81
1898,84
1868,83
1832,81
1834,81
1741,78
1489,66
1658,73
1665,75
1785,81
1617,74
1527,71
1849,82
1666,77
1896,84
1564,73
1873,83
1896,84
1805,80
1540,71
1833,82
1828,81
1908,84
1496,70
1728,78
1904,84
1896,84
1902,84
1878,83
1782,80
1896,84
1772,78
1717,76
1722,79
1855,82
1835,82
1871,82
1872,83
1852,83
1690,74
1807,80
1771,79
1819,82
1854,82
1584,73
1606,73
1896,84
1863,83
1724,75
1634,74
1762,79
1832,81
1852,83
1574,73
1726,78
1742,79
1739,79
1902,84
1764,79
1767,80
1917,83
1896,84
1658,74
1778,79
1775,78
1549,73
1694,76
1765,79
1896,84
1709,77
1896,84
1792,78
1896,84
1863,83
1781,80
1896,84
1870,83
1896,84
1767,79
1630,73
1823,81
1595,71
1813,80
1832,82
1860,83
1875,83
1902,84
1470,70
1873,83
1820,81
1547,73
1753,78
1748,78
1849,82
1722,78
1896,84
1877,83
1699,77
1488,69
1896,84
1896,84
1849,81
1675,76
1669,77
1874,83
1450,68
1896,82
1896,84
1897,83
1803,81
1817,79
1731,78
1873,83
1874,83
1896,84
1811,80
1828,82
1706,75
1848,83
1864,83
1779,80
1896,84
1896,84
1465,66
1784,80
1799,78
1833,82
1573,70
1843,82
1702,76
1877,82
1894,84
1715,77
1526,71
1894,84
1862,83
1567,72
1851,82
1528,69
1873,83
1710,77
1874,83
1870,82
1841,82
1759,78
1678,77
1653,74
1714,75
1904,84
1806,79
1846,83
1830,82
1862,83
1894,84
1537,70
1852,82
1875,83
1874,83
1835,82
1602,73
1781,79
1731,79
1607,73
1894,84
1627,74
1728,77
1660,76
1894,84
1626,73
1737,80
1823,81
1550,73
1867,83
1868,83
1706,77
1815,82
1435,65
1776,79
1651,75
1894,84
1585,74
1762,78
1469,70
1882,82
1794,81
1668,76
1904,84
1712,76
1848,82
1894,84
1684,76
1894,84
1894,84
1868,83
1750,79
1786,78
1817,82
1827,82
1845,82
1863,83
1808,80
1854,83
1834,82
1894,84
1550,74
1888,83
1829,82
1724,77
1829,82
1575,71
1766,78
1714,75
1794,80
1824,81
1849,81
1883,82
1756,80
1657,77
1709,78
1863,83
1908,83
1764,79
1862,83
1669,74
1898,84
1768,80
1894,84
1829,81
1894,84
1673,73
1483,69
1873,83
1829,82
1896,84
1731,77
1894,84
1782,80
1877,83
1654,74
1846,83
1558,71
1843,82
1894,84
1583,72
1664,73
1794,81
1782,80
1572,72
1698,75
1745,78
1900,84
1894,84
1746,79
1894,84
1900,84
1918,84
1800,79
1836,82
1894,84
1832,82
1716,77
1740,77
1740,77
1819,79
1829,82
1759,78
1733,79
1804,78
1718,76
1496,70
1786,81
1808,80
1795,80
1912,83
1875,83
1780,79
1588,71
1891,82
1763,80
1848,83
1883,83
1726,79
1902,84
1856,83
1851,82
1875,83
1736,78
1866,83
1638,72
1814,82
1894,84
1652,73
1759,80
1896,84
1607,73
1601,74
1900,84
1814,81
1856,83
1679,75
1683,74
1454,70
1587,73
1639,75
1654,73
1765,79
1734,79
1894,84
1810,81
1467,69
1894,84
1752,79
1809,80
1892,84
1614,72
1752,78
1644,75
1850,83
1844,82
1892,84
1674,75
1896,84
1566,71
1849,83
1772,77
1896,84
1435,64
1866,83
1670,76
1752,76
1844,82
1892,84
1582,71
1772,77
1809,80
1756,79
1858,81
1892,84
1617,75
1839,82
1860,83
1878,83
1775,81
1688,77
1703,75
1780,79
1662,76
1892,84
1789,81
1896,84
1820,82
1846,82
1806,81
1560,71
1673,76
1892,84
1662,76
1819,81
1753,80
1610,73
1663,76
1828,80
1800,79
1884,83
1512,71
1547,71
1892,84
1454,69
1816,80
1749,79
1565,73
1654,74
1784,80
1894,84
1854,83
1861,83
1842,83
1572,72
1842,81
1892,84
1830,81
1832,82
1912,83
1892,84
1892,84
1856,83
1628,76
1783,80
1577,68
1850,83
1801,81
1892,84
1775,80
1840,79
1702,76
1612,74
1906,84
1555,72
1892,84
1868,82
1557,69
1811,79
1850,83
1841,81
1745,80
1836,81
1809,80
1892,84
1903,84
1776,79
1891,83
1892,84
1727,76
1566,71
1894,84
1847,82
1892,84
1554,72
1829,81
1642,74
1789,81
1759,80
1892,84
1892,84
1892,84
1898,84
1570,70
1806,82
1703,75
1910,84
1638,74
1733,79
1892,84
1625,73
1832,80
1613,72
1724,74
1864,82
1778,77
1678,77
1898,84
1566,73
1713,77
1646,76
1764,78
1451,67
1848,82
1700,76
1704,75
1812,81
1898,84
1657,76
1801,80
1894,84
1868,83
1679,75
1827,82
1763,79
1766,80
1862,83
1862,83
1779,80
1835,82
1892,84
1894,84
1755,79
1708,77
1807,81
1784,80
1560,73
1864,82
1583,72
1827,82
1709,75
1894,84
1850,83
1655,73
1894,84
1597,74
1856,83
1724,78
1705,75
1617,74
1755,78
1756,78
1896,84
1694,77
1892,84
1894,84
1892,84
1863,79
1765,80
1618,74
1892,84
1792,80
1892,84
1627,72
1878,83
1892,84
1839,82
1844,83
1779,80
1596,73
1864,83
1892,84
1713,77
1862,83
1894,84
1861,83
1583,70
1892,84
1680,78
1753,78
1715,77
1894,84
1850,83
1785,81
1880,83
1578,72
1827,82
1619,74
1740,79
1817,82
1892,84
1757,80
1597,74
1900,84
1638,71
1858,83
1827,82
1683,77
1902,84
1763,80
1651,75
1860,83
1894,84
1892,84
1775,80
1668,76
1583,71
1894,84
1892,84
1829,82
1892,84
1881,82
1717,78
1679,76
1842,83
1792,79
1874,82
1892,84
1688,76
1669,78
1708,77
1894,84
1892,84
1892,84
1506,69
1856,83
1448,68
1664,74
1873,83
1744,76
1767,79
1658,75
1690,78
1854,83
1629,74
1858,83
1589,71
1867,83
1780,80
1892,84
1856,83
1856,83
1836,80
1742,78
1819,81
1683,77
1579,74
1812,82
1776,79
1664,77
1420,68
1799,79
1643,75
1775,80
1784,80
1892,84
1892,84
1728,78
1676,76
1846,83
1785,81
1849,82
1777,78
1846,83
1740,79
1601,72
1685,77
1771,81
1816,82
1793,79
1554,74
1825,82
1810,82
1887,83
1744,79
1644,75
1418,67
1610,72
1835,82
1685,76
1894,84
1780,80
1892,84
1892,84
1855,82
1892,84
1696,76
1568,71
1886,83
1890,84
1846,83
1757,79
1731,75
1590,73
1898,84
1886,83
1736,77
1671,76
1695,73
1722,77
1890,84
1870,83
1684,77
1890,84
1890,84
1436,67
1890,84
1890,84
1837,82
1522,68
1815,80
1773,79
1890,84
1666,76
1791,81
1804,81
1734,79
1614,75
1890,84
1793,80
1890,84
1908,84
1805,79
1527,70
1865,83
1650,76
1802,81
1890,84
1802,81
1844,83
1802,81
1890,84
1639,73
1892,84
1608,74
1750,79
1702,76
1669,76
1890,84
1780,79
1864,82
1892,84
1493,69
1618,72
1774,79
1873,83
1890,84
1478,69
1775,78
1754,78
1890,84
1619,75
1890,84
1853,82
1904,84
1769,78
1811,80
1791,80
1613,74
1821,81
1850,82
1815,80
1699,74
1771,81
1787,78
1523,69
1775,78
1488,69
1442,67
1786,78
1618,73
1890,84
1890,84
1657,77
1852,82
1686,76
1890,84
1858,83
1710,76
1865,83
1635,74
1686,76
1892,84
1857,82
1802,81
1890,84
1866,83
1706,77
1718,76
1701,75
1869,83
1679,77
1704,77
1809,80
1862,83
1723,78
1802,81
1860,82
1695,75
1862,83
1862,83
1743,78
1783,81
1604,74
1890,84
1480,69
1603,71
1850,82
1890,84
1689,75
1641,76
1828,82
1762,79
1660,75
1813,81
1756,77
1890,84
1879,83
1711,78
1815,81
1647,74
1851,82
1739,78
1813,81
1765,79
1392,65
1741,79
1710,76
1781,80
1816,80
1859,83
1834,82
1576,72
1669,76
1616,74
1849,82
1576,72
1713,78
1818,80
1890,84
1538,71
1812,80
1890,84
1892,84
1633,74
1865,83
1561,72
1843,82
1736,78
1714,76
1772,79
1746,79
1708,78
1862,83
1582,75
1531,70
1577,74
1615,73
1632,73
1811,80
1614,73
1734,78
1864,83
1760,79
1878,83
1762,79
1709,76
1574,74
1829,80
1685,76
1649,75
1871,83
1699,77
1833,82
1821,81
1513,69
1557,74
1649,74
1890,84
1712,77
1890,84
1781,81
1601,73
1862,83
1542,71
1890,84
1596,72
1890,84
1890,84
1830,82
1842,81
1656,72
1890,84
1839,81
1699,77
1658,75
1862,83
1823,82
1723,79
1659,75
1830,82
1715,76
1866,83
1745,77
1726,76
1832,82
1671,77
1802,81
1682,76
1762,79
1788,79
1890,84
1732,77
1758,78
1762,78
1700,77
1732,79
1834,82
1892,84
1833,81
1481,68
1890,84
1689,76
1847,82
1718,78
1770,80
1871,82
1787,80
1831,82
1776,79
1577,71
1666,75
1661,75
1702,77
1854,83
1772,79
1822,81
1823,81
1751,78
1890,84
1890,84
1801,81
1814,80
1831,82
1502,69
1892,84
1858,83
1890,84
1821,79
1776,80
1838,81
1862,83
1553,69
1890,84
1596,72
1456,67
1898,84
1730,78
1828,82
1655,75
1543,69
1662,74
1890,84
1828,82
1684,76
1730,79
1747,80
1881,82
1890,84
1534,70
1871,83
1844,80
1729,76
1816,81
1707,76
1773,79
1892,84
1767,80
1890,84
1645,72
1576,74
1894,84
1892,84
1789,80
1890,84
1755,77
1890,84
1503,67
1647,74
1796,80
1825,79
1799,80
1736,77
1660,74
1761,78
1735,78
1878,83
1712,76
1570,70
1745,77
1694,75
1706,75
1890,84
1822,81
1815,82
1770,80
1681,75
1593,72
1767,78
1800,80
1802,81
1890,84
1686,75
1729,75
1888,84
1757,79
1820,80
1888,84
1707,76
1627,75
1808,79
1888,84
1821,78
1829,81
1744,78
1873,83
1756,76
1768,79
1768,80
1888,84
1888,84
1844,83
1873,83
1690,76
1821,81
1815,82
1655,76
1694,75
1853,83
1888,84
1694,75
1357,62
1840,80
1812,81
1720,77
1803,81
1851,83
1839,82
1624,69
1890,84
1661,74
1739,77
1678,75
1753,78
1756,79
1888,84
1834,82
1888,84
1850,82
1521,73
1802,81
1871,83
1696,74
1757,77
1888,84
1804,80
1904,84
1682,76
1622,75
1753,78
1863,82
1730,76
1684,76
1888,84
1888,84
1869,83
1800,81
1888,84
1756,78
1734,74
1860,83
1863,82
1892,84
1810,81
1756,79
1838,83
1826,81
1598,70
1888,84
1673,77
1866,83
1675,75
1802,81
1888,84
1890,84
1865,83
1538,70
1735,78
1847,82
1608,74
1576,74
1805,80
1831,82
1551,71
1801,81
1764,79
1549,72
1723,78
1653,73
1847,82
1888,84
1844,83
1616,73
1802,80
1804,80
1701,77
1771,80
1464,69
1820,80
1511,65
1813,82
1818,81
1765,80
1890,84
1849,82
1714,77
1618,73
1721,77
1766,77
1671,74
1719,77
1551,66
1895,83
1654,74
1569,73
1894,84
1888,84
1867,82
1578,70
1869,83
1867,83
1803,78
1732,78
1626,76
1890,84
1803,81
1813,82
1800,81
1879,83
1720,77
1793,81
1888,84
1888,84
1888,84
1888,84
1804,80
1706,76
1585,73
1801,80
1871,83
1586,71
1798,80
1888,84
1836,81
1721,78
1811,80
1662,72
1808,81
1801,81
1858,82
1708,76
1888,84
1610,72
1718,76
1841,82
1785,80
1806,81
1619,76
1684,76
1705,76
1788,80
1888,84
1879,83
1659,74
1819,80
1888,84
1845,82
1838,82
1654,73
1853,83
1606,73
1705,76
1731,78
1888,84
1643,74
1680,75
1888,84
1868,83
1838,83
1815,81
1847,82
1485,68
1602,72
1786,79
1847,82
1777,77
1644,73
1869,83
1844,83
1824,81
1850,83
1726,77
1815,81
1641,73
1814,80
1777,78
1888,84
1706,77
1824,81
1741,78
1623,72
1777,78
1850,82
1701,76
1852,83
1814,81
1813,82
1789,79
1499,69
1688,76
1791,77
1783,79
1672,74
1792,78
1702,77
1888,84
1627,74
1688,76
1812,80
1769,80
1818,78
1543,69
1835,82
1670,75
1838,82
1888,84
1765,78
1852,82
1762,79
1710,77
1809,81
1894,84
1801,80
1616,73
1888,84
1715,79
1746,78
1727,78
1678,76
1723,76
1830,82
1844,83
1726,79
1888,84
1699,78
1582,72
1700,76
1888,84
1785,81
1682,75
1746,77
1789,80
1842,82
1855,82
1504,70
1726,76
1844,83
1662,76
1681,74
1806,81
1751,79
1774,77
1746,79
1774,80
1801,81
1853,82
1568,70
1888,84
1856,82
1725,73
1569,70
1688,76
1753,78
1821,82
1731,77
1888,84
1672,73
1605,73
1831,82
1637,73
1844,83
1660,76
1874,83
1539,69
1823,81
1762,78
1888,84
1812,80
1888,84
1860,83
1751,79
1856,83
1701,79
1862,83
1888,84
1566,69
1758,79
1888,84
1888,84
1838,82
1801,80
1754,78
1622,73
1818,80
1888,84
1481,70
1575,70
1709,74
1675,76
1839,82
1608,73
1690,73
1635,75
1848,82
1746,78
1890,84
1603,73
1888,84
1737,78
1827,82
1888,84
1797,80
1539,68
1582,71
1813,82
1890,83
1800,80
1611,74
1648,75
1894,84
1888,84
1602,72
1564,71
1888,84
1583,73
1586,72
1784,77
1836,82
1813,81
1635,74
1888,84
1804,80
1888,84
1811,81
1888,84
1568,74
1888,84
1844,83
1827,81
1888,84
1770,81
1792,80
1596,73
1755,78
1573,71
1839,81
1649,75
1888,84
1860,83
1894,84
1638,76
1888,84
1766,79
1823,82
1701,76
1715,75
1859,83
1590,72
1839,81
1858,83
1767,79
1777,80
1501,69
1732,77
1800,80
1723,79
1800,81
1888,84
1888,84
1667,75
1888,84
1795,81
1894,84
1831,82
1888,84
1727,78
1677,75
1858,82
1778,78
1722,78
1882,83
1818,82
1592,70
1494,66
1868,83
1702,77
1779,78
1853,83
1646,75
1856,82
1825,82
1888,84
1834,80
1793,78
1708,75
1889,83
1764,80
1514,69
1860,82
1651,75
1810,81
1910,84
1771,81
1858,82
1751,74
1676,75
1543,69
1862,83
1541,73
1806,79
1689,77
1888,84
1861,83
1837,81
1695,76
1821,82
1888,84
1624,72
1768,77
1888,84
1859,83
1845,80
1861,83
1827,81
1711,74
1722,75
1725,77
1641,72
1809,82
1709,78
1843,82
1852,83
1797,81
1888,84
1731,77
1882,83
1740,79
1840,77
1805,79
1888,84
1832,81
1888,84
1756,80
1888,84
1844,83
1803,81
1704,76
1863,83
1729,78
1847,82
1758,78
1888,84
1865,82
1691,74
1800,81
1585,73
1787,79
1806,81
1790,80
1554,69
1861,82
1841,80
1592,72
1777,78
1717,76
1892,84
1808,80
1820,82
1854,83
1602,74
1823,80
1888,84
1780,81
1833,82
1888,84
1808,81
1815,82
1795,80
1586,71
1742,76
1791,79
1829,82
1626,74
1872,83
1609,72
1620,72
1737,77
1791,79
1857,83
1860,83
1869,83
1727,78
1852,82
1846,82
1877,83
1616,71
1830,82
1768,79
1668,75
1775,78
1860,83
1690,73
1609,72
1784,80
1863,83
1780,78
1860,83
1659,78
1756,77
1904,84
1893,83
1797,81
1713,76
1853,82
1844,83
1865,83
1827,81
1758,75
1856,82
1784,79
1488,67
1865,83
1558,74
1843,82
1721,76
1790,80
1866,83
1843,82
1711,74
1894,84
1625,73
1890,84
1791,80
1775,77
1551,70
1613,74
1547,72
1789,77
1761,78
1812,80
1701,79
1592,72
1799,81
1662,73
1888,84
1856,83
1813,80
1779,79
1808,80
1601,73
1804,81
1832,82
1804,78
1894,84
1769,79
1856,83
1659,76
1712,78
1888,84
1888,84
1830,82
1686,74
1890,83
1888,84
1890,84
1812,80
1858,83
1888,84
1845,82
1892,84
1888,84
1685,75
1888,84
1713,78
1752,78
1761,79
1900,84
1541,73
1839,81
1785,80
1647,74
1888,84
1792,77
1866,83
1888,84
1827,81
1723,77
1888,84
1778,79
1687,75
1776,79
1851,82
1769,79
1888,84
1644,76
1722,78
1855,82
1746,77
1888,84
1710,77
1862,83
1898,84
1569,68
1656,74
1717,78
1717,76
1660,74
1783,80
1769,78
1860,83
1749,77
1697,78
1711,74
1615,76
1888,84
1677,74
1733,80
1854,83
1774,80
1621,72
1718,77
1888,84
1567,72
1809,81
1754,78
1888,84
1851,82
1738,78
1798,81
1819,81
1703,77
1888,84
1745,79
1775,79
1853,82
1672,77
1469,70
1841,82
1753,78
1799,80
1896,84
1834,79
1782,81
1840,81
1859,82
1745,78
1744,77
1733,78
1786,80
1747,78
1855,82
1848,82
1888,84
1789,80
1811,81
1663,78
1846,82
1824,81
1772,79
1830,82
1858,83
1790,77
1858,82
1848,83
1781,79
1575,73
1776,80
1788,81
1857,83
1702,76
1753,78
1785,80
1888,84
1521,70
1759,77
1892,84
1688,77
1855,82
1888,84
1535,68
1789,80
1827,81
1528,72
1736,77
1852,82
1808,78
1888,84
1727,74
1843,82
1766,80
1810,80
1545,72
1741,78
1839,82
1796,81
1742,77
1856,82
1860,83
1705,78
1679,73
1832,82
1860,83
1840,82
1734,77
1832,82
1888,84
1724,77
1729,76
1888,84
1888,84
1812,80
1686,74
1736,76
1856,83
1884,83
1858,83
1494,67
1726,79
1894,84
1652,73
1851,82
1663,74
1591,74
1782,80
1888,84
1867,83
1825,76
1658,75
1775,78
1839,81
1781,79
1819,82
1656,73
1781,78
1870,83
1775,79
1865,82
1882,83
1836,82
1866,83
1795,81
1804,80
1854,83
1894,84
1856,83
1773,79
1880,83
1860,83
1864,83
1783,79
1888,84
1772,79
1657,74
1710,78
1859,83
1733,78
1641,73
1882,83
1888,84
1838,83
1902,84
1588,74
1894,84
1711,78
1720,78
1888,84
1841,82
1738,76
1778,80
1665,77
1817,81
1585,72
1816,81
1594,71
1768,79
1763,77
1670,75
1890,84
1866,83
1734,78
1745,78
1702,76
1790,80
1804,78
1736,79
1888,84
1827,81
1898,84
1717,76
1844,83
1757,78
1888,84
1684,76
1503,70
1594,74
1791,80
1866,83
1888,84
1888,84
1894,84
1888,84
1599,73
1823,82
1852,82
1683,77
1801,81
1856,82
1675,77
1725,77
1667,76
1793,80
1888,84
1876,83
1767,77
1782,79
1762,80
1786,80
1802,81
1888,84
1719,78
1862,83
1860,83
1855,82
1675,75
1766,78
1803,81
1846,82
1705,75
1840,82
1781,79
1665,75
1660,76
1858,83
1888,84
1857,83
1817,80
1888,84
1705,76
1888,84
1638,72
1772,79
1684,76
1636,75
1888,84
1804,80
1726,74
1776,80
1780,78
1888,84
1840,82
1890,84
1651,72
1854,83
1836,82
1858,83
1888,84
1542,70
1715,77
1638,75
1803,80
1896,84
1888,84
1884,83
1852,83
1824,82
1888,84
1847,82
1888,84
1806,82
1847,80
1759,79
1801,81
1777,81
1868,83
1779,78
1587,71
1717,78
1599,71
1805,81
1677,77
1690,77
1744,79
1619,74
1888,84
1850,82
1811,79
1888,84
1622,72
1888,84
1635,74
1888,84
1858,83
1774,80
1726,75
1846,81
1641,75
1683,77
1836,82
1750,79
1755,78
1888,84
1866,83
1869,83
1682,76
1888,84
1813,81
1645,75
1815,79
1571,70
1715,73
1813,79
1888,84
1752,78
1677,76
1792,80
1888,84
1821,82
1719,75
1888,84
1831,81
1888,84
1792,80
1894,84
1762,79
1763,79
1781,78
1789,80
1832,82
1783,81
1867,83
1839,80
1856,83
1888,84
1888,84
1888,84
1656,75
1858,83
1834,78
1829,82
1799,79
1593,70
1813,82
1814,81
1894,84
1830,82
1794,79
1888,84
1753,77
1888,84
1792,79
1761,79
1860,83
1684,74
1869,83
1888,84
1553,68
1466,69
1771,80
1888,84
1815,80
1839,83
1865,83
1810,80
1663,77
1892,84
1888,84
1749,78
1888,84
1786,79
1850,83
1556,71
1616,75
1822,81
1904,84
1846,82
1888,84
1606,74
1888,84
1883,83
1650,75
1669,76
1684,76
1888,84
1719,77
1867,82
1719,78
1612,74
1640,75
1756,77
1749,74
1831,82
1810,81
1857,82
1894,84
1888,84
1888,84
1545,72
1888,84
1521,73
1888,84
1813,81
1785,80
1862,83
1555,69
1816,82
1805,80
1779,77
1777,78
1702,76
1715,77
1888,84
1807,79
1888,84
1888,84
1863,82
1736,79
1677,73
1827,81
1669,73
1888,84
1838,83
1786,80
1718,78
1689,76
1580,72
1589,73
1699,78
1777,78
1710,76
1888,84
1888,84
1539,71
1742,78
1870,83
1816,82
1789,78
1667,75
1852,82
1719,78
1807,82
1720,77
1752,79
1692,78
1888,84
1888,84
1628,74
1744,77
1870,82
1888,84
1658,75
1890,84
1690,76
1851,83
1489,69
1860,83
1888,84
1703,77
1784,80
1784,79
1643,75
1815,80
1788,78
1720,75
1695,77
1749,79
1670,75
1829,81
1619,72
1675,73
1697,76
1823,82
1716,77
1918,84
1895,83
1735,79
1718,78
1888,84
1776,79
1878,83
1667,75
1741,77
1859,83
1610,74
1867,83
1654,73
1762,81
1683,74
1888,84
1858,82
1888,84
1804,81
1558,71
1837,82
1817,80
1892,84
1445,67
1805,80
1888,84
1683,77
1898,84
1591,71
1618,72
1683,76
1833,81
1678,77
1888,84
1743,80
1668,73
1752,78
1617,74
1888,84
1888,84
1866,83
1888,84
1867,83
1880,83
1877,83
1764,79
1880,83
1578,73
1804,81
1857,83
1871,83
1585,72
1863,83
1702,76
1744,77
1852,82
1685,76
1888,84
1888,84
1540,71
1701,76
1886,83
1794,80
1890,84
1860,83
1888,84
1707,77
1335,62
1802,78
1882,83
1621,76
1888,84
1638,73
1659,76
1882,84
1697,78
1642,77
1688,74
1886,84
1826,82
1830,83
1801,82
1777,80
1882,84
1670,72
1882,84
1882,84
1866,82
1867,83
1865,83
1642,76
1848,82
1859,83
1882,84
1830,82
1747,80
1886,84
1831,82
1702,76
1882,84
1776,81
1921,84
1882,84
1605,75
1656,76
1884,84
1552,73
1577,74
1882,84
1881,83
1872,84
1770,80
1715,78
1603,76
1634,76
1846,84
1830,82
1844,84
1654,74
1848,84
1755,80
1717,76
1693,76
1689,76
1736,80
1576,74
1838,83
1763,81
1648,75
1588,73
1784,81
1582,75
1844,84
1844,84
1860,83
1799,82
1708,80
1811,83
1844,84
1844,84
1844,84
1783,81
1620,75
1746,79
1844,84
1844,84
1679,79
1839,83
1534,73
1577,72
1783,80
1630,72
1770,80
1844,84
1872,84
1754,80
1778,81
1887,84
1564,73
1736,79
1719,78
1620,76
1817,81
1844,84
1847,83
1648,76
1598,73
1565,72
1746,80
1824,82
1756,79
1710,80
1848,84
1695,78
1686,73
1819,82
1709,77
1866,84
1694,79
1757,81
1757,81
1773,80
1821,83
1844,84
1500,68
1830,83
1844,84
1706,80
1813,83
1723,80
1789,82
1685,77
1824,82
1590,73
1671,77
1817,82
1373,64
1719,78
1586,75
1644,74
1683,77
1829,82
1819,82
1748,81
1842,84
1824,82
1710,79
1842,84
1845,83
1625,75
1789,82
1765,77
1832,83
1654,78
1620,73
1788,82
1714,78
1475,67
1752,81
1842,84
1842,84
1822,83
1785,80
1819,83
1698,77
1803,83
1607,73
1848,84
1752,78
1835,83
1827,80
1768,80
1572,73
1689,78
1784,82
1647,76
1844,84
1800,82
1537,72
1549,73
1780,82
1842,84
1732,79
1713,78
1812,82
1832,83
1790,82
1710,80
1706,79
1640,77
1783,81
1842,84
1708,80
1745,78
1842,84
1634,77
1844,83
1829,82
1856,84
1761,80
1757,81
1695,77
1788,81
1601,71
1846,84
1761,80
1791,81
1825,83
1842,84
1838,81
1885,82
1827,82
1654,75
1674,79
1652,76
1706,79
1735,80
1563,73
1652,77
1768,80
1771,78
1762,81
1559,73
1571,71
1769,77
1678,78
1578,74
1682,77
1815,83
1842,84
1531,74
1842,84
1622,75
1832,83
1820,82
1769,80
1611,75
1625,75
1790,80
1842,84
1810,82
1708,80
1842,84
1696,78
1809,82
1795,82
1613,76
1786,82
1543,72
1846,84
1773,79
1712,77
1543,73
1679,77
1791,82
1842,84
1640,77
1521,70
1685,75
1692,77
1822,82
1850,84
1700,77
1751,81
1678,78
1653,74
1664,77
1842,84
1842,84
1875,84
1842,84
1794,81
1780,79
1656,78
1648,76
1648,77
1461,71
1798,81
1751,80
1654,76
1858,83
1848,84
1842,83
1832,82
1791,82
1832,82
1840,83
1836,83
1692,77
1638,72
1850,81
1834,83
1821,83
1811,82
1719,80
1743,81
1744,80
1842,84
1795,82
1761,81
1793,82
1711,78
1842,84
1650,74
1791,82
1842,84
1842,84
1816,83
1829,83
1805,82
1561,74
1582,74
1771,82
1599,75
1846,84
1761,80
1790,81
1701,78
1548,72
1780,81
1467,66
1840,84
1862,84
1756,79
1523,71
1558,74
1851,82
1846,84
1595,75
1840,84
1678,76
1812,81
1785,82
1812,81
1633,74
1759,80
1844,84
1757,80
1701,78
1673,75
1853,83
1778,82
1771,80
1704,77
1840,84
1768,82
1794,82
1785,82
1683,75
1860,84
1594,74
1742,80
1862,84
1837,83
1842,84
1840,84
1840,84
1852,84
1762,81
1825,82
1832,83
1853,83
1647,73
1862,84
1811,83
1791,81
1706,79
1599,73
1524,71
1623,76
1785,81
1810,83
1738,78
1840,84
1769,80
1817,82
1723,77
1840,84
1739,80
1844,84
1852,84
1583,73
1794,82
1825,81
1850,84
1748,81
1665,76
1753,80
1754,80
1830,83
1823,82
1832,83
1754,78
1748,81
1619,74
1840,84
1844,84
1813,83
1580,75
1848,84
1818,82
1812,81
1742,80
1840,84
1780,81
1779,81
1848,84
1504,71
1648,77
1817,83
1624,73
1846,84
1708,78
1840,84
1651,78
1594,73
1704,77
1846,83
1704,78
1678,74
1677,77
1844,84
1830,83
1759,79
1867,81
1809,82
1644,75
1754,80
1731,80
1840,84
1840,84
1823,83
1803,82
1640,74
1758,80
1769,80
1647,76
1646,76
1808,83
1763,79
1719,80
1645,72
1669,77
1676,77
1763,80
1643,77
1838,84
1872,84
1815,83
1793,82
1718,80
1848,84
1838,84
1607,73
1682,75
1786,80
1687,77
1656,78
1838,84
1838,84
1770,81
1838,84
1622,73
1784,82
1679,73
1581,74
1806,79
1822,82
1767,80
1694,78
1615,75
1712,78
1787,81
1838,83
1838,84
1838,84
1800,82
1716,79
1830,82
1567,71
1683,75
1838,84
1826,83
1872,84
1704,77
1733,80
1825,81
1838,84
1826,82
1738,80
1832,81
1835,82
1760,76
1823,83
1823,83
1663,78
1733,79
1606,73
1569,72
1838,84
1595,73
1862,83
1592,74
1840,84
1685,78
1819,81
1748,79
1801,81
1758,80
1829,83
1744,80
1844,84
1768,80
1763,82
1630,72
1840,84
1753,80
1780,80
1734,79
1838,84
1769,79
1797,82
1818,83
1731,81
1838,84
1592,74
1838,84
1834,83
1824,80
1598,75
1719,76
1745,81
1874,84
1728,78
1800,80
1779,81
1732,78
1838,84
1676,78
1829,82
1838,84
1792,78
1706,77
1809,83
1828,82
1799,82
1551,71
1800,81
1721,78
1830,81
1719,79
1697,77
1842,84
1767,78
1588,71
1714,77
1838,84
1649,75
1715,76
1616,74
1671,76
1838,84
1834,83
1835,80
1692,77
1838,84
1734,79
1801,82
1773,82
1843,84
1636,73
1681,78
1794,82
1824,83
1754,80
1499,72
1838,84
1826,83
1838,84
1576,74
1813,82
1811,82
1838,84
1734,79
1700,76
1746,79
1622,74
1866,83
1743,80
1815,83
1619,73
1838,84
1751,79
1799,82
1654,77
1695,78
1838,84
1795,80
1630,73
1720,75
1668,75
1714,80
1791,82
1838,83
1737,78
1571,73
1843,82
1846,83
1738,80
1848,78
1838,84
1610,72
1838,84
1700,76
1817,83
1827,83
1661,76
1838,84
1753,78
1822,79
1665,73
1854,83
1838,84
1814,81
1838,84
1771,81
1827,83
1768,80
1834,83
1732,79
1838,84
1846,80
1826,81
1838,82
1767,80
1704,78
1711,77
1725,78
1597,71
1752,77
1814,81
1815,83
1634,77
1884,83
1838,84
1707,76
1747,80
1824,83
1842,82
1750,76
1496,70
1670,78
1721,77
1838,84
1639,74
1751,80
1838,84
1569,71
1670,78
1737,79
1507,70
1802,82
1745,80
1761,80
1771,81
1838,84
1811,82
1672,74
1741,76
1720,78
1683,76
1725,78
1632,76
1725,78
1782,81
1739,76
1838,84
1838,84
1686,78
1838,84
1797,80
1838,84
1765,80
1856,83
1748,79
1579,71
1838,84
1787,82
1676,77
1726,79
1838,84
1747,78
1824,83
1840,84
1805,82
1805,83
1711,75
1856,83
1742,77
1838,84
1874,84
1831,82
1656,74
1603,76
1821,81
1838,84
1583,72
1793,82
1752,77
1884,82
1858,81
1840,84
1823,83
1596,72
1533,71
1838,84
1569,69
1805,82
1639,76
1838,84
1543,72
1782,80
1733,80
1797,81
1838,84
1669,78
1806,81
1545,74
1741,80
1780,81
1618,72
1838,84
1419,66
1832,83
1724,79
1796,80
1676,75
1804,82
1723,79
1866,82
1793,78
1705,78
1805,82
1873,80
1838,82
1838,84
1805,83
1600,72
1688,77
1826,83
1838,84
1830,83
1838,84
1789,82
1838,84
1526,69
1688,78
1838,83
1824,83
1712,76
1677,76
1851,83
1689,77
1732,78
1735,75
1838,84
1745,79
1606,75
1603,74
1708,76
1795,81
1712,80
1723,78
1678,78
1711,80
1690,73
1654,75
1838,84
1840,84
1806,81
1746,80
1794,82
1766,79
1689,78
1793,80
1647,74
1724,79
1810,81
1731,79
1656,77
1838,84
1838,84
1634,77
1546,74
1838,84
1755,80
1632,75
1846,84
1859,80
1725,76
1844,84
1671,76
1692,77
1762,81
1599,74
1743,78
1828,83
1815,83
1767,81
1753,80
1623,74
1800,82
1799,81
1844,81
1879,82
1658,72
1838,84
1830,82
1777,82
1836,83
1784,79
1876,83
1780,81
1662,77
1812,82
1745,78
1688,72
1785,81
1800,81
1815,83
1736,79
1778,79
1641,74
1838,84
1631,74
1534,72
1692,75
1580,75
1792,80
1668,74
1578,73
1726,79
1676,77
1852,84
1752,80
1877,84
1809,81
1780,81
1838,84
1838,84
1673,75
1667,71
1744,79
1828,83
1559,73
1810,80
1838,84
1596,72
1712,76
1838,84
1842,83
1769,79
1838,84
1652,74
1830,83
1838,84
1739,79
1805,82
1838,84
1617,74
1757,80
1805,82
1838,84
1824,83
1760,78
1762,81
1762,80
1827,82
1838,83
1838,84
1838,84
1774,82
1796,81
1559,73
1838,84
1603,75
1838,84
1830,83
1870,83
1734,78
1864,84
1708,77
1754,78
1844,84
1838,84
1838,84
1838,84
1697,79
1824,83
1837,81
1730,79
1714,78
1669,77
1775,81
1610,72
1611,75
1838,84
1745,80
1557,68
1712,78
1673,77
1753,77
1814,80
1788,80
1801,82
1667,77
1772,81
1774,80
1707,79
1842,84
1848,82
1838,84
1838,84
1840,84
1641,71
1770,81
1801,81
1838,84
1805,83
1733,79
1616,73
1814,82
1757,80
1756,80
1840,84
1750,80
1699,75
1576,74
1848,84
1675,77
1723,77
1797,82
1760,80
1772,80
1622,75
1781,80
1619,75
1653,78
1838,84
1773,79
1834,82
1815,83
1870,83
1706,78
1784,80
1800,83
1621,75
1787,81
1670,75
1451,71
1755,79
1631,75
1836,83
1824,81
1840,84
1838,84
1838,84
1743,81
1743,79
1838,84
1704,78
1838,84
1809,82
1723,79
1674,72
1861,84
1545,73
1606,71
1691,74
1784,82
1691,77
1798,83
1573,75
1727,81
1808,82
1838,84
1838,84
1796,79
1781,81
1799,79
1782,81
1712,81
1838,84
1678,76
1838,84
1838,84
1815,82
1838,84
1732,75
1717,78
1838,84
1715,80
1726,79
1805,83
1805,82
1758,80
1773,81
1741,79
1680,79
1842,84
1842,84
1731,78
1729,80
1848,84
1838,84
1561,70
1592,74
1764,78
1710,78
1838,84
1561,73
1838,84
1752,81
1838,84
1620,75
1608,73
1750,77
1774,82
1712,81
1650,74
1626,73
1838,84
1681,76
1792,81
1759,81
1774,81
1549,74
1423,69
1818,82
1794,81
1856,83
1605,72
1836,84
1714,80
1783,81
1752,79
1667,79
1621,77
1744,80
1808,82
1759,80
1762,82
1704,79
1838,84
1711,77
1735,79
1784,82
1851,84
1740,79
1729,80
1722,79
1703,74
1792,82
1836,84
1768,82
1836,84
1768,80
1780,81
1838,84
1629,77
1840,84
1713,79
1615,76
1812,82
1672,78
1737,79
1831,82
1836,84
1733,80
1710,80
1458,69
1836,84
1811,83
1836,84
1849,83
1774,78
1836,84
1733,81
1539,68
1865,84
1861,84
1718,78
1836,84
1854,84
1790,81
1844,84
1836,84
1741,79
1836,84
1793,78
1760,80
1836,84
1836,84
1683,79
1820,83
1855,84
1610,76
1644,76
1836,84
1655,75
1773,82
1833,82
1774,81
1848,84
1813,83
1851,84
1739,78
1813,82
1806,83
1649,77
1614,73
1580,75
1836,84
1729,80
1764,81
1807,83
1836,84
1748,81
1762,80
1813,83
1838,84
1755,81
1683,75
1781,80
1577,75
1572,71
1829,83
1836,84
1838,84
1866,84
1583,73
1614,76
1836,84
1649,76
1655,75
1655,77
1794,83
1847,84
1708,78
1658,76
1766,81
1782,81
1727,80
1600,77
1566,73
1817,83
1738,81
1420,69
1854,84
1679,76
1836,84
1526,72
1829,83
1648,76
1836,84
1637,75
1776,82
1836,84
1836,84
1833,81
1842,83
1598,74
1643,75
1559,71
1748,81
1710,79
1860,84
1710,79
1653,77
1826,83
1827,83
1840,84
1682,79
1618,76
1723,77
1749,81
1840,84
1605,76
1663,78
1593,70
1836,84
1709,79
1685,79
1810,83
1683,79
1760,80
1578,73
1776,80
1825,83
1816,82
1585,73
1679,78
1714,79
1785,82
1836,84
1848,84
1719,77
1816,82
1717,77
1782,82
1847,84
1836,84
1836,84
1696,79
1839,83
1836,84
1728,78
1825,83
1864,84
1879,84
1726,79
1763,81
1744,80
1606,74
1838,84
1836,84
1838,84
1776,81
1735,80
1823,83
1819,83
1800,82
1836,84
1715,79
1768,82
1836,84
1836,84
1712,79
1588,75
1836,84
1735,79
1700,79
1669,77
1768,81
1802,82
1684,76
1836,84
1844,84
1836,84
1693,78
1836,84
1799,82
1836,84
1755,81
1780,82
1734,80
1600,74
1820,83
1810,81
1445,68
1699,78
1836,84
1740,80
1836,84
1733,79
1642,76
1734,79
1744,78
1785,82
1530,73
1746,80
1730,80
1765,82
1565,72
1786,82
1826,83
1783,81
1816,82
1836,84
1544,73
1768,81
1836,84
1683,77
1816,82
1842,84
1723,80
1836,84
1832,83
1607,76
1817,83
1619,76
1803,82
1759,78
1792,82
1844,84
1670,78
1797,82
1662,76
1737,79
1806,83
1725,79
1706,79
1840,84
1581,75
1588,75
1670,76
1844,84
1712,80
1728,78
1751,78
1851,82
1822,83
1832,83
1824,83
1662,77
1733,78
1836,84
1844,84
1817,83
1840,84
1826,83
1852,84
1729,81
1807,81
1766,81
1815,83
1804,82
1772,82
1732,81
1836,84
1846,83
1730,80
1793,81
1794,81
1642,78
1814,82
1836,84
1856,82
1836,84
1838,84
1513,72
1836,84
1540,72
1815,83
1782,81
1763,81
1805,82
1832,83
1842,82
1470,71
1590,73
1798,83
1791,82
1657,76
1792,82
1792,82
1563,73
1772,80
1731,80
1827,81
1779,82
1838,84
1823,83
1710,79
1725,77
1844,84
1578,75
1826,82
1523,72
1850,80
1550,74
1831,83
1864,84
1839,82
1836,84
1814,81
1836,84
1826,82
1850,84
1836,84
1765,78
1836,84
1836,84
1855,84
1824,82
1640,74
1586,74
1631,74
1836,84
1614,72
1632,75
1836,84
1836,84
1768,80
1664,78
1610,76
1846,83
1826,83
1679,80
1842,84
1761,81
1710,78
1736,81
1494,72
1690,79
1842,84
1685,76
1585,73
1810,81
1606,75
1648,77
1796,83
1826,83
1838,84
1814,82
1714,78
1800,81
1840,84
1781,81
1836,84
1623,76
1774,82
1846,84
1855,84
1623,75
1836,84
1836,84
1833,83
1808,81
1836,84
1790,80
1571,72
1867,84
1719,76
1688,74
1836,84
1804,82
1813,83
1807,83
1772,81
1845,83
1781,81
1895,85
1816,82
1683,77
1783,81
1897,85
1818,82
1849,83
1895,85
1895,85
1869,84
1834,83
1895,85
1847,84
1913,85
1758,80
1696,78
1657,78
1849,82
1847,84
1860,83
1680,75
1826,82
1692,78
1845,83
1745,76
1532,69
1895,85
1914,83
1842,83
1749,80
1856,84
1816,82
1895,85
1845,83
1793,79
1773,81
1860,84
1556,73
1821,82
1763,79
1715,78
1897,85
1869,84
1763,79
1603,74
1653,74
1838,82
1895,85
1803,81
1617,74
1895,85
1648,76
1827,82
1858,84
1670,78
1895,85
1767,80
1593,72
1580,71
1895,85
1854,84
1895,85
1800,82
1903,85
1594,75
1911,85
1667,78
1702,79
1725,77
1765,81
1895,85
1783,81
1895,85
1654,76
1861,83
1866,81
1598,76
1559,72
1595,72
1895,85
1863,83
1866,84
1764,78
1647,76
1687,75
1795,81
1693,76
1601,75
1830,82
1895,85
1897,85
1767,79
1897,85
1802,79
1618,76
1895,85
1662,77
1829,82
1902,84
1784,82
1919,85
1784,81
1751,80
1748,80
1893,85
1748,80
1893,85
1893,85
1844,83
1840,81
1596,76
1878,84
1868,84
1572,75
1769,79
1620,71
1740,80
1815,82
1570,72
1959,85
1767,80
1678,78
1893,85
1846,83
1818,83
1893,85
1634,75
1854,83
1801,81
1787,81
1899,85
1886,84
1688,78
1847,82
1910,84
1519,72
1662,77
1840,83
1636,77
1893,85
1662,78
1825,82
1715,78
1850,83
1893,85
1661,77
1834,82
1846,83
1739,77
1784,81
1640,74
1907,85
1828,83
1787,81
1893,85
1671,76
1893,85
1893,85
1782,82
1735,80
1735,79
1772,81
1829,80
1857,83
1861,84
1816,82
1895,85
1895,85
1664,74
1664,77
1893,85
1832,83
1841,83
1893,85
1783,82
1893,85
1744,78
1915,85
1781,82
1840,83
1782,81
1590,71
1811,82
1668,78
1517,70
1895,85
1660,77
1696,78
1845,80
1915,84
1895,85
1925,85
1895,85
1855,84
1601,76
1707,78
1611,76
1879,83
1587,74
1859,84
1885,84
1570,74
1826,82
1859,84
1906,83
1638,76
1897,85
1895,85
1784,80
1668,78
1895,84
1841,83
1902,84
1893,85
1655,76
1893,85
1671,74
1769,81
1783,82
1824,82
1852,84
1893,85
1637,77
1715,75
1503,72
1893,85
1722,80
1712,79
1816,80
1773,82
1736,79
1756,80
1732,76
1501,72
1741,78
1910,85
1775,80
1893,85
1849,82
1893,85
1893,85
1851,83
1485,70
1541,72
1903,85
1688,79
1559,73
1893,85
1843,82
1691,79
1844,83
1773,82
1893,85
1556,73
1882,83
1850,82
1883,84
1851,83
1908,85
1816,80
1608,77
1725,76
1859,84
1689,78
1792,80
1768,80
1819,81
1893,85
1669,74
1809,82
1698,78
1766,81
1787,82
1588,74
1461,66
1921,84
1831,81
1784,82
1698,78
1680,74
1607,74
1488,71
1894,84
1751,80
1670,78
1677,78
1893,85
1893,85
1800,82
1740,80
1840,80
1854,84
1816,79
1643,76
1845,83
1839,83
1609,70
1774,82
1704,76
1714,77
1834,83
1826,83
1847,83
1772,82
1530,71
1766,81
1510,70
1747,81
1937,85
1880,84
1809,81
1667,76
1623,74
1796,80
1895,85
1670,76
1893,85
1823,82
1782,81
1784,82
1907,84
1671,77
1591,74
1867,84
1818,81
1842,82
1893,85
1736,79
1598,74
1654,76
1937,85
1812,81
1913,85
1716,78
1845,83
1645,77
1893,85
1893,85
1891,85
1772,79
1630,76
1891,85
1891,85
1781,81
1903,85
1869,83
1903,85
1796,82
1623,73
1820,81
1833,83
1676,76
1897,85
1743,75
1852,84
1793,82
1656,75
1648,76
1538,66
1904,83
1611,76
1776,80
1874,84
1608,76
1891,85
1891,85
1707,76
1814,82
1787,80
1788,81
1533,72
1936,84
1812,83
1648,73
1805,80
1765,80
1563,73
1542,72
1563,74
1876,84
1655,76
1776,79
1907,85
1674,76
1771,80
1646,77
1598,72
1652,78
1822,83
1714,80
1724,76
1832,83
1776,79
1953,85
1891,85
1924,84
1485,68
1893,85
1656,76
1581,72
1915,81
1849,84
1812,83
1763,81
1713,78
1845,83
1818,80
1891,85
1891,85
1689,79
1881,84
1901,85
1776,81
1745,80
1590,73
1858,83
1530,70
1695,78
1765,80
1887,84
1839,82
1880,84
1692,77
1714,75
1785,80
1811,82
1773,82
1891,85
1675,77
1852,83
1891,85
1688,77
1643,74
1891,85
1891,85
1826,83
1713,76
1838,82
1891,85
1524,72
1893,85
1736,80
1823,82
1869,84
1891,85
1836,83
1661,75
1868,84
1876,84
1668,77
1877,84
1659,76
1897,85
1713,76
1891,85
1808,81
1891,85
1891,85
1460,72
1580,72
1697,75
1611,70
1897,85
1891,85
1841,83
1731,77
1776,79
1753,79
1891,85
1635,73
1533,71
1552,73
1891,85
1898,83
1698,76
1849,81
1891,85
1830,83
1648,73
1595,75
1831,83
1901,85
1634,74
1866,83
1841,81
1830,82
1844,82
1917,84
1719,80
1815,82
1837,83
1891,85
1720,77
1877,81
1835,83
1903,85
1844,82
1891,85
1730,78
1891,85
1652,75
1836,83
1776,79
1891,85
1844,82
1953,85
1822,82
1861,84
1927,85
1695,79
1618,74
1543,72
1756,80
1585,72
1757,80
1766,82
1761,79
1891,85
1756,76
1869,84
1578,74
1664,74
1653,75
1889,84
1891,85
1884,84
1530,73
1847,84
1891,85
1777,80
1891,85
1801,79
1821,82
1953,85
1891,85
1743,81
1709,76
1755,77
1852,84
1755,80
1623,73
1842,84
1673,78
1673,77
1669,72
1782,82
1824,83
1824,83
1866,84
1601,74
1822,81
1746,79
1842,83
1788,82
1807,79
1891,85
1959,85
1895,85
1891,85
1810,82
1837,82
1796,81
1870,84
1717,80
1707,76
1848,83
1763,81
1613,72
1804,81
1897,85
1889,84
1682,76
1704,77
1891,85
1831,82
1891,85
1839,81
1766,80
1767,81
1705,77
1700,77
1891,85
1798,81
1688,77
1879,83
1789,81
1477,70
1909,85
1800,82
1891,85
1624,74
1573,71
1896,84
1607,72
1700,76
1761,82
1889,84
1781,80
1887,84
1553,71
1733,79
1653,78
1891,83
1893,85
1758,81
1891,85
1743,78
1893,85
1853,83
1909,85
1824,83
1740,79
1893,84
1709,80
1733,80
1831,83
1888,83
1665,75
1683,75
1913,85
1893,85
1839,83
1903,85
1697,79
1844,83
1891,85
1887,82
1651,75
1690,75
1851,83
1652,75
1895,85
1846,83
1589,72
1695,77
1891,85
1859,84
1891,85
1821,82
1925,83
1697,79
1638,74
1777,80
1880,84
1850,84
1893,85
1784,82
1837,80
1613,71
1824,83
1887,84
1813,82
1703,79
1514,72
1758,79
1552,71
1854,83
1776,81
1817,83
1861,84
1891,85
1883,82
1758,80
1684,76
1893,85
1891,85
1414,69
1680,77
1602,75
1710,78
1656,75
1939,85
1706,79
1591,74
1653,74
1803,81
1645,74
1611,75
1891,85
1737,77
1891,85
1853,84
1782,82
1582,73
1613,76
1761,77
1684,77
1535,71
1726,80
1578,74
1891,85
1637,77
1550,73
1642,75
1606,76
1580,72
1844,83
1703,77
1866,84
1891,85
1839,83
1937,84
1844,83
1883,84
1716,79
1616,73
1801,82
1754,78
1822,83
1891,85
1705,77
1874,84
1895,85
1820,83
1859,83
1638,73
1951,85
1877,83
1691,75
1793,80
1895,85
1627,73
1636,73
1789,81
1702,79
1909,85
1797,82
1529,73
1649,74
1682,77
1792,79
1804,81
1868,84
1718,78
1893,85
1897,84
1707,79
1909,85
1653,74
1674,77
1643,75
1775,82
1881,84
1891,85
1891,85
1876,83
1704,79
1613,76
1789,82
1891,85
1825,83
1842,82
1782,81
1849,82
1821,82
1735,79
1891,85
1854,84
1616,76
1606,68
1767,80
1891,85
1719,79
1713,77
1891,85
1683,77
1842,82
1881,84
1891,85
1591,74
1891,85
1779,78
1817,83
1872,81
1671,77
1824,82
1558,74
1844,81
1691,77
1853,83
1891,85
1843,83
1566,73
1767,82
1792,79
1699,77
1893,85
1891,85
1893,85
1897,84
1639,75
1897,85
1872,84
1714,79
1833,83
1825,83
1672,76
1853,84
1877,84
1682,76
1680,79
1768,81
1576,75
1848,83
1731,80
1769,81
1518,71
1891,85
1876,84
1895,85